user_id,n_fake_urls,n_fact_urls,n_total_urls
3423950230,17622,0,17622
138092553,16135,2,16137
73572581,12751,0,12751
1080714680,11432,0,11432
289762786,10217,5,10222
3217529705,9878,5,9883
37091078,9391,0,9391
199216714,9023,15,9038
3181140627,7538,5,7543
3374126201,7388,19,7407
1057893264,7301,0,7301
97492736,6372,9,6381
56569304,5020,1,5021
389486216,4993,4,4997
21032566,4827,1,4828
2789120208,4810,1,4811
892501837,4743,1,4744
4839403219,4697,3,4700
2841714842,4601,26,4627
3266978148,4504,6,4510
1141327123,4428,1,4429
4496549793,4329,2,4331
501541494,4303,0,4303
292586544,4301,0,4301
1539085914,4097,3,4100
3121242095,4013,0,4013
199768203,3973,25,3998
501567221,3942,1,3943
109065990,3667,0,3667
706665518044999681,3610,10,3620
583122991,3560,26,3586
635004482,3527,2,3529
20715638,3503,4,3507
14505245,3453,0,3453
993451813,3416,0,3416
303909647,3408,0,3408
598319603,3389,5,3394
14962957,3235,9,3244
756839678020497409,3093,12,3105
2270554398,3073,3,3076
121333842,3049,15,3064
3400009402,3034,0,3034
105604742,2995,9,3004
991599836,2985,4,2989
115392787,2981,0,2981
1077757998,2976,2,2978
260830319,2965,0,2965
3131253213,2871,6,2877
1646044446,2836,5,2841
482077328,2755,1,2756
350437162,2741,1,2742
534117566,2740,8,2748
321760879,2697,0,2697
97989357,2683,23,2706
1732405544,2579,1,2580
2398300866,2563,4,2567
76937426,2550,5,2555
24086385,2534,1,2535
2842889879,2531,1,2532
2927103282,2521,0,2521
1664059166,2511,2,2513
3106534151,2504,8,2512
4855587569,2502,8,2510
3171549289,2478,0,2478
279118291,2460,73,2533
21216192,2421,17,2438
180986738,2415,5,2420
614524574,2383,0,2383
49449357,2328,14,2342
2377815434,2308,0,2308
29668080,2297,2,2299
45154341,2283,8,2291
2178922148,2229,0,2229
2738798022,2215,0,2215
326497387,2211,0,2211
338844588,2211,0,2211
2711204024,2209,6,2215
76227785,2198,1,2199
356324005,2174,12,2186
30117361,2151,2,2153
777777378,2147,0,2147
709505904,2130,2,2132
506399081,2127,3,2130
2794422915,2120,0,2120
2735511486,2115,13,2128
518453811,2102,0,2102
511860198,2101,0,2101
511935521,2101,0,2101
12912542,2090,15,2105
740871504334721024,2088,3,2091
902013278,2066,0,2066
301374864,1968,0,1968
1251812930,1954,2,1956
327936669,1952,0,1952
518347621,1934,2,1936
2267702196,1915,2,1917
95918629,1861,0,1861
2807635800,1854,1,1855
1953192330,1847,1,1848
723896723794440193,1837,1,1838
15147510,1818,2,1820
4649106135,1817,4,1821
743125492224626689,1811,1,1812
1332367184,1805,8,1813
4676548814,1798,5,1803
313758408,1781,0,1781
175907485,1771,0,1771
2312494016,1766,0,1766
750412489116884993,1751,0,1751
1531185990,1749,13,1762
3400722723,1743,5,1748
328731996,1727,4,1731
735933453070258176,1720,0,1720
776448817751359488,1702,0,1702
338567078,1699,33,1732
278570134,1693,0,1693
2382679416,1674,1,1675
3130927019,1670,24,1694
185579226,1654,12,1666
3167493495,1639,3,1642
158950134,1636,16,1652
3266700752,1621,0,1621
1666194115,1614,1,1615
74756207,1610,2,1612
363761111,1606,10,1616
32300193,1605,0,1605
45208226,1597,0,1597
1534334539,1597,2,1599
102304238,1591,1,1592
15063486,1586,12,1598
365168112,1578,1,1579
715434592925270017,1566,0,1566
488382884,1539,3,1542
776055774,1537,3,1540
320252434,1535,1,1536
1951788738,1532,8,1540
732239270769885184,1516,1,1517
4906718786,1499,12,1511
3848466194,1498,1,1499
79505913,1469,0,1469
1008951163,1450,28,1478
3051400362,1427,0,1427
3328134453,1394,5,1399
73858715,1390,4,1394
750905187783544832,1379,34,1413
15717071,1378,20,1398
961172101,1373,0,1373
4428509920,1370,1,1371
720008230412410885,1364,3,1367
219248541,1353,3,1356
956571343,1340,5,1345
531649280,1335,1,1336
16276552,1306,1,1307
754884880996020225,1301,33,1334
29547555,1293,9,1302
21531121,1285,15,1300
259260816,1275,3,1278
3178690927,1261,8,1269
772108095514406912,1258,2,1260
368544047,1250,10,1260
402061844,1248,9,1257
260920761,1247,5,1252
1210332085,1236,2,1238
4046491581,1235,3,1238
4826912636,1234,32,1266
1694109350,1233,1,1234
1849839132,1232,21,1253
458709872,1226,0,1226
55260264,1223,1,1224
3342834724,1218,0,1218
1945668452,1208,2,1210
445015186,1187,0,1187
24806398,1184,0,1184
55100779,1183,10,1193
3290217551,1178,3,1181
384005220,1167,25,1192
86942689,1165,0,1165
3317657956,1164,8,1172
3480694935,1164,15,1179
86441511,1159,7,1166
2521147680,1154,5,1159
725448266867970049,1153,6,1159
33170847,1150,0,1150
2252163905,1148,0,1148
1865621094,1146,20,1166
408590976,1143,1,1144
780829149950726144,1143,5,1148
58869220,1141,33,1174
58899730,1141,0,1141
80626778,1132,2,1134
265187672,1131,1,1132
3886197252,1123,0,1123
721737068322271232,1123,18,1141
3131388107,1116,0,1116
3236130899,1111,2,1113
4739845481,1109,23,1132
229896432,1102,0,1102
4808066595,1099,3,1102
86832042,1095,0,1095
60893069,1094,4,1098
730248972128817152,1093,8,1101
754538146726109184,1087,1,1088
2387053584,1085,3,1088
4786763677,1085,25,1110
769264223306121217,1083,0,1083
734892227411873792,1081,5,1086
603217994,1076,9,1085
4431568114,1075,31,1106
69483012,1074,8,1082
4834923616,1063,0,1063
3376927462,1061,74,1135
2268208070,1060,1,1061
19757184,1058,2,1060
782186200849231872,1058,0,1058
4521330855,1054,41,1095
134240162,1052,8,1060
753910825396469760,1052,2,1054
2359692109,1051,6,1057
769810679016464384,1042,5,1047
1072323325,1039,4,1043
16385026,1031,12,1043
2192695398,1030,0,1030
2361859956,1024,3,1027
4883801255,1020,17,1037
131964966,1012,0,1012
177425469,1012,0,1012
876941538,1008,4,1012
44592655,999,0,999
9235622,991,1,992
572265354,990,1,991
788571666,990,4,994
1911098132,990,0,990
317223956,989,28,1017
221475570,986,15,1001
37986522,985,6,991
3308781515,983,6,989
3371637920,983,2,985
83023044,975,10,985
316161690,973,23,996
726440510332784640,971,2,973
3330125487,968,7,975
1977365496,967,3,970
805675543,965,0,965
116705429,964,7,971
3070209746,961,2,963
891685188,958,1,959
1125953346,957,1,958
1334075256,957,2,959
36511832,953,3,956
350296113,951,13,964
23228167,943,1,944
15712057,941,8,949
2711498446,941,0,941
394379881,936,7,943
42769580,929,2,931
2687874710,929,0,929
1391563946,926,4,930
3111721,925,5,930
317652514,925,3,928
1264566066,917,1,918
3621958574,917,3,920
884311340,913,18,931
156807569,912,12,924
3274720530,911,17,928
767211983183544320,909,2,911
217575068,907,11,918
4922661084,900,0,900
558738770,898,3,901
519157129,896,14,910
184897616,891,9,900
226110292,891,0,891
57388012,890,2,892
3410475429,890,6,896
905898240,888,35,923
71862569,884,9,893
61921063,883,2,885
3431524759,883,0,883
3472785196,883,0,883
701539075208011776,879,1,880
1373192226,877,0,877
860691823,875,7,882
2985934030,873,0,873
141938077,872,5,877
3214717179,871,2,873
70804774,870,3,873
496300822,870,2,872
337856162,868,4,872
356360314,866,10,876
2786494571,863,3,866
812079846,860,24,884
1408487016,849,4,853
799257679915008003,845,1,846
22179370,844,0,844
552619880,842,1,843
751963872899305472,841,1,842
3268828026,839,1,840
3055008884,838,0,838
73533261,837,1,838
49884490,836,8,844
1566855548,834,1,835
2571409351,834,3,837
544589549,833,26,859
111642101,832,3,835
81188804,830,0,830
3039024478,830,2,832
4851493023,827,7,834
2417844248,821,3,824
767723635045863426,821,2,823
2595978877,819,4,823
2853443310,819,38,857
15640075,814,5,819
20517889,814,8,822
560796972,813,6,819
3430537311,811,12,823
754567562504142848,810,0,810
758690039308091393,810,0,810
271602903,808,11,819
3824077212,807,13,820
154036527,805,2,807
263787445,803,1,804
4687754948,802,3,805
4787266529,799,4,803
2279807934,796,0,796
2957418269,796,2,798
2326604153,795,4,799
824328062,792,12,804
781707318295748608,792,1,793
223184512,791,4,795
950804761,791,5,796
2473143948,791,18,809
24226326,789,20,809
2700167659,788,5,793
2159250657,787,5,792
2705400409,787,5,792
2949051936,787,20,807
190939080,783,0,783
1699487874,783,19,802
2462473820,783,0,783
126646669,777,3,780
3522283105,776,0,776
228055022,771,1,772
3664925599,771,20,791
72546927,770,7,777
600415314,770,2,772
193525826,766,0,766
853766604,764,8,772
952296307,764,21,785
733467830478245890,763,10,773
1414122888,762,1,763
1423825207,761,0,761
154889886,760,10,770
550487203,760,23,783
2199893304,756,0,756
403211452,755,4,759
316821017,754,2,756
383583763,752,0,752
2906473932,752,70,822
2278197342,751,9,760
104452282,750,2,752
2920257085,749,2,751
461409282,747,4,751
771476711837831168,747,2,749
4498776677,746,4,750
74161921,745,1,746
3321952723,745,21,766
291121786,741,1,742
708458185494040576,740,14,754
123673697,739,1,740
599445694,739,56,795
3221921520,739,0,739
382209139,737,9,746
2414855658,737,0,737
2753220014,735,6,741
3991199422,734,0,734
2980186012,733,33,766
1337808126,731,0,731
28352024,729,1,730
1488495162,728,3,731
4064331736,727,19,746
4837004436,727,7,734
916084236,725,20,745
964546038,721,1,722
2327500422,718,14,732
2371830000,718,1,719
2836839353,718,6,724
4922868578,717,9,726
3293644245,716,0,716
552335271,715,25,740
1400943320,715,32,747
96440540,712,1,713
345343418,712,8,720
757282541745213440,711,0,711
20909037,707,8,715
51210644,707,3,710
62493973,707,63,770
742822332427735041,707,4,711
3153844428,706,33,739
465158270,705,14,719
68446756,704,0,704
3020455940,704,23,727
20332797,703,1,704
42996191,700,3,703
48866739,700,34,734
176909116,696,2,698
913517954,696,5,701
4055906223,694,16,710
703335845269368833,694,6,700
4517951,690,13,703
2302191793,690,7,697
3884926699,689,13,702
4655360417,689,0,689
18740607,688,4,692
739469799462449152,686,12,698
2303716045,685,16,701
728782203706953735,685,7,692
90408018,683,0,683
1287092424,683,0,683
15273001,681,9,690
97793731,681,20,701
30703815,680,6,686
741010128904847365,680,0,680
220824049,678,0,678
3914047581,676,15,691
4201300533,676,2,678
632378545,675,1,676
713690590102335488,675,11,686
838399572,674,4,678
43257447,673,2,675
557468072,673,17,690
3318612142,673,5,678
157132349,670,1,671
710088641243123712,670,15,685
1300838640,668,3,671
760004348135018496,668,5,673
183657109,665,0,665
134978456,662,6,668
23479954,661,7,668
287505023,661,11,672
715351137050710016,661,1,662
15995652,659,17,676
1418775942,659,11,670
2514475647,657,9,666
114342695,656,1,657
4856364013,656,6,662
144367359,655,0,655
456775778,655,16,671
739470325,655,1,656
2387884148,655,0,655
2723265539,655,5,660
2784956779,655,0,655
227962095,651,2,653
3345957741,651,6,657
2997416048,650,0,650
18903953,648,4,652
553991829,648,0,648
1424605753,648,23,671
2440059511,648,0,648
263504882,647,30,677
4858879587,645,5,650
3499636752,644,35,679
18557659,643,7,650
2341977604,640,48,688
3608463552,640,33,673
1451597376,639,0,639
3593568440,636,0,636
1229074621,635,0,635
3021539556,634,2,636
4230384973,634,26,660
712866409903177728,633,3,636
709532601032286209,631,21,652
3707516413,630,1,631
285328319,629,7,636
715206419163709440,629,0,629
17468666,628,24,652
125744394,628,12,640
885445418,628,3,631
3104545022,627,1,628
750776657523408896,627,40,667
755363854192816128,627,0,627
145856687,626,17,643
3030545658,625,19,644
3586180212,625,0,625
3750897171,624,16,640
900355423,623,25,648
519728191,622,39,661
19921268,620,20,640
735317961452494848,619,0,619
4910378597,617,26,643
785514484534214656,616,2,618
310643025,613,3,616
1895204172,613,7,620
705549682177658880,613,17,630
20344733,610,5,615
1447605738,610,13,623
4879012271,610,11,621
701099574883057664,609,5,614
705070447893876737,606,5,611
420502656,605,6,611
705426933123649536,605,6,611
52520387,603,2,605
564648532,603,5,608
720720437852803072,603,0,603
2893898514,602,0,602
256184059,598,16,614
2750309806,598,25,623
3350716047,598,0,598
4870642869,595,1,596
3923762177,594,22,616
754974223907430402,594,9,603
29463046,591,8,599
27757215,590,0,590
594937448,590,13,603
605963171,590,18,608
3269495126,590,15,605
2877712525,589,26,615
757274031519363072,589,12,601
34665792,587,6,593
1164139794,587,1,588
4260720134,587,5,592
750868791752593408,586,9,595
52141764,585,12,597
3598959794,585,6,591
2954137227,583,4,587
3384385671,583,20,603
14791358,582,14,596
33410754,581,24,605
827797573,581,19,600
930575720,581,18,599
735148471376830464,581,11,592
66033904,580,13,593
180542862,580,34,614
606663661,579,13,592
2196378314,579,1,580
469086244,577,11,588
1246856551,577,0,577
4895096885,577,5,582
772891119424331776,576,9,585
733838438,575,0,575
512592336,574,4,578
865242169,574,4,578
112620298,573,3,576
2209322498,573,3,576
782419913306673153,573,0,573
784631291677437956,573,0,573
19220785,571,0,571
15496973,569,11,580
16411598,567,0,567
800745527402893313,567,2,569
29967056,566,18,584
31479090,566,8,574
2447038212,565,6,571
721950741947023360,565,14,579
238015192,564,4,568
447085006,564,4,568
44554315,563,1,564
3309967506,563,3,566
4895640252,563,9,572
772896788768559104,563,8,571
772899092842307584,561,8,569
1378567909,559,2,561
4098592756,558,9,567
717296570211962881,558,2,560
487769182,557,19,576
714947334,557,18,575
774171195050557440,557,2,559
542962969,556,2,558
4718357002,556,7,563
1924904623,554,29,583
4180352153,554,31,585
98769374,550,9,559
4700534838,550,1,551
932952324,549,1,550
1469577427,549,0,549
249458442,548,0,548
726893349488087040,548,9,557
747144457741606912,548,9,557
570816898,547,33,580
849941184,547,0,547
706244489464123392,547,4,551
211990186,546,14,560
214998879,546,0,546
264376821,546,4,550
600074019,546,0,546
4475341812,546,0,546
65854394,545,3,548
1222028304,545,19,564
2737985484,545,0,545
3402737002,545,1,546
217137252,544,14,558
467221718,542,0,542
742904223830933504,542,0,542
538481859,541,19,560
798530833,541,27,568
3161717974,541,2,543
712440047807520769,541,14,555
109945090,540,25,565
211533486,540,10,550
931010875,538,2,540
2683032895,538,13,551
785791604120358912,538,0,538
273764520,536,5,541
363266582,536,4,540
615675507,536,1,537
259495952,535,3,538
382852377,534,5,539
789738380,533,18,551
4030957213,532,2,534
4821423943,532,12,544
16410897,531,31,562
37470180,531,31,562
736079508399214593,531,0,531
1599562578,530,19,549
725469308558663680,530,27,557
1034339780,529,0,529
2538624796,529,0,529
18224811,528,12,540
3162003637,528,0,528
82616432,527,9,536
707742697,527,3,530
3001321559,527,11,538
18643437,526,3,529
1287022826,526,9,535
1433237178,526,0,526
1597555874,526,1,527
14596185,525,7,532
18553881,525,15,540
14930609,524,2,526
711305198421946368,524,15,539
18393418,523,27,550
2196646711,523,2,525
4041511396,523,14,537
353996180,522,10,532
2176799708,522,1,523
2545326607,522,18,540
3340774754,521,1,522
16936686,520,0,520
2450202811,520,15,535
2535507276,520,5,525
2848442307,520,1,521
4516076294,520,15,535
746124845105090561,520,5,525
769941491657547776,520,0,520
48100522,518,19,537
2589443876,518,0,518
738856920937861120,518,14,532
788125487562305536,518,6,524
2350543976,517,0,517
1495747434,516,28,544
2200490815,515,4,519
730448238998786048,515,18,533
23433605,514,12,526
2358183505,514,1,515
1341686353,513,7,520
119534385,510,11,521
3647423237,510,25,535
700476702040788993,510,4,514
71807953,509,56,565
2903166449,509,11,520
14320620,508,2,510
20323333,508,0,508
83079654,508,3,511
1308509430,508,9,517
2983991113,508,15,523
1216957579,507,16,523
2381241810,507,16,523
164342281,506,7,513
2529693623,506,3,509
2723902734,506,6,512
4855687055,506,6,512
436360631,504,31,535
718319754,504,17,521
3249437280,504,1,505
576291977,503,0,503
1184596015,503,0,503
2511805574,502,0,502
3143511569,502,2,504
4182688875,502,16,518
742716154364497920,502,34,536
1240232587,501,11,512
69707519,500,4,504
310537663,500,0,500
2496377724,500,31,531
1901735065,499,17,516
3092840974,499,3,502
4738204860,499,0,499
371072641,498,20,518
322879013,497,33,530
706148599604731905,497,25,522
1428815594,496,3,499
2788746794,496,0,496
1566816938,495,23,518
39755667,494,13,507
223896073,494,22,516
518948532,494,5,499
1959223292,494,1,495
539721796,493,5,498
1287225810,493,10,503
707253890299744256,493,10,503
740579098783850496,493,24,517
31419814,492,5,497
146485565,492,2,494
1700558094,492,3,495
1942152170,492,1,493
714949505720823808,492,20,512
23114490,491,23,514
120818659,490,18,508
51691170,489,3,492
28768235,488,0,488
2692843108,487,1,488
2935416411,487,1,488
52279814,486,11,497
115543224,486,30,516
115753716,486,4,490
4531637172,486,0,486
751385595168059392,485,1,486
263325209,484,17,501
1150914516,484,28,512
405504484,483,6,489
613048145,483,1,484
3497865853,483,17,500
41419693,482,3,485
375669510,482,19,501
1672386103,482,6,488
3246128525,482,0,482
1695217200,481,15,496
1549066418,479,14,493
4085135908,479,13,492
257097577,478,17,495
724706594,478,3,481
26439527,477,8,485
34325540,477,2,479
709973837,477,21,498
3473311992,477,4,481
746827131859181568,477,1,478
57749952,476,0,476
582562920,476,3,479
2983302897,476,2,478
404463989,475,22,497
2972072795,475,0,475
698562318351863809,475,17,492
3063990535,474,62,536
4635245670,474,0,474
704297752088326144,474,0,474
71344581,473,9,482
2163306930,473,0,473
3028228054,473,9,482
3089040558,473,20,493
723684376236584960,472,1,473
763152681107980288,472,1,473
27752166,471,3,474
231282120,471,3,474
498065893,471,13,484
30317907,470,1,471
250365695,470,11,481
1678939038,470,0,470
234466998,468,13,481
411626852,468,8,476
3228616728,468,2,470
4851681461,468,15,483
710547816180027396,468,2,470
199056422,467,10,477
2178325525,467,9,476
3290881694,467,21,488
751422806454394880,467,6,473
2523556454,466,29,495
4309950203,465,1,466
4857096960,465,9,474
700747161290452992,465,4,469
369856877,464,14,478
4886213447,464,20,484
250131859,463,0,463
763534904,463,9,472
2430626287,463,8,471
2775723830,463,5,468
3628257623,463,6,469
3680356815,463,0,463
4304419334,463,11,474
173161703,462,0,462
364930955,462,3,465
448510528,462,28,490
4919080518,462,2,464
701581697679110145,462,7,469
900187770,461,16,477
236268614,460,3,463
719548547624861696,460,0,460
604115899,459,16,475
18067164,458,16,474
186506052,457,29,486
192036002,457,16,473
2823620637,457,19,476
3192848121,457,22,479
713789700994179073,457,2,459
198363756,456,0,456
1099655371,456,3,459
2939622389,456,1,457
865060466,455,10,465
3424489361,455,15,470
3884374874,455,2,457
303450744,454,12,466
4885744525,454,16,470
32225866,453,1,454
48141381,453,10,463
2479977919,453,17,470
2800466323,453,14,467
4879264024,453,3,456
49475614,451,3,454
860660888,451,11,462
4722474567,451,1,452
109014242,450,3,453
3021564158,450,1,451
785985854611214337,450,4,454
303350661,449,0,449
1023659581,449,4,453
762456727186841600,449,17,466
1594928270,448,0,448
4821375853,448,22,470
714887575081607168,448,22,470
746149720758845442,448,2,450
24790428,447,6,453
764307049844998144,447,4,451
54153498,445,15,460
2240033851,445,13,458
3225518754,445,2,447
127693283,444,2,446
1004702144,444,1,445
2178663834,444,21,465
3766254975,444,4,448
1400514948,443,59,502
2801925217,443,2,445
33611715,442,5,447
60985267,442,5,447
3927572774,442,21,463
720735339074215936,442,11,453
3254524106,441,1,442
2734291692,440,5,445
54065567,439,17,456
57415933,439,0,439
180111748,439,7,446
1542767918,439,2,441
2746979823,439,16,455
188425645,438,6,444
3161107329,438,22,460
395476407,437,25,462
3739067240,437,13,450
259017826,436,3,439
2884079135,436,11,447
86796377,435,4,439
211345057,435,13,448
314722934,435,3,438
2926464862,435,14,449
3035205392,435,0,435
3271790814,435,2,437
1372786812,434,12,446
2868389650,434,16,450
2892983181,434,22,456
3241032604,434,4,438
3841109476,434,1,435
733638588714352640,434,3,437
750808149997805568,434,8,442
1389588518,433,0,433
3386408847,432,0,432
735233974486831106,432,0,432
14338727,431,6,437
763130254231756802,431,8,439
745514486631542785,430,11,441
56520458,429,4,433
570115053,429,20,449
2424571394,429,2,431
4353480989,429,11,440
704094904595705857,429,6,435
367273527,428,7,435
864139111,428,12,440
975217231,427,15,442
2525645395,427,15,442
733866462796877824,427,16,443
782172326,426,4,430
3435940588,426,26,452
725770009553719300,426,11,437
732012116,425,13,438
2245707546,425,3,428
2553543997,425,0,425
2856154741,425,14,439
4623007456,425,17,442
9349562,424,1,425
14243666,424,4,428
120146232,423,70,493
319746353,423,0,423
1141027980,423,22,445
1350989725,423,18,441
2896439073,423,18,441
3235627787,423,2,425
705814755869470720,423,20,443
763162689086427136,422,7,429
929963226,421,19,440
3337744786,421,4,425
4428596416,421,0,421
493458854,420,1,421
3886099279,420,20,440
18412711,419,11,430
173119648,419,8,427
462370197,419,0,419
992310697,419,2,421
736906356871991296,419,2,421
36021489,418,1,419
227467628,418,0,418
295966275,418,15,433
441376916,417,3,420
525750162,417,3,420
4744232172,417,8,425
1556075358,416,1,417
3166178833,416,9,425
4017521301,416,7,423
40361182,415,0,415
149583391,415,0,415
999453985,415,4,419
1945076263,415,5,420
2305880564,415,5,420
711576455306743808,415,20,435
3647712853,414,15,429
733424386020020224,414,0,414
15100622,413,2,415
306327191,413,3,416
518375650,413,0,413
1187596585,413,0,413
1240499028,413,10,423
3413212065,413,18,431
17674805,412,0,412
1213293126,412,19,431
2393708024,412,2,414
4851730959,412,37,449
274621914,411,12,423
2458476536,411,7,418
559645321,410,12,422
68435756,409,8,417
2898756616,409,23,432
25135739,408,0,408
156636361,408,1,409
489759395,408,0,408
2315583427,408,6,414
3104864263,408,0,408
3828830052,408,0,408
4476428301,408,15,423
727249811846500353,408,3,411
1904823103,407,14,421
3317319301,407,34,441
4728131307,407,4,411
704034081898668032,407,4,411
16468481,406,3,409
49424542,406,0,406
531678337,406,1,407
1242171468,406,3,409
2660410752,406,0,406
75903151,405,0,405
147248694,405,11,416
1447529352,405,24,429
19218108,404,7,411
51967388,404,15,419
219701626,404,0,404
1420739510,404,13,417
1498573814,404,13,417
759763645534314496,404,16,420
186278633,403,10,413
483686823,403,7,410
717080381153894400,403,15,418
341027410,402,21,423
628638850,402,24,426
2269557301,402,3,405
2321272902,402,11,413
4002449655,402,12,414
4267156996,402,8,410
4827286170,402,13,415
4872247102,402,8,410
715717693714763777,402,0,402
409430647,401,2,403
3151006266,401,1,402
22109363,400,3,403
34754579,400,1,401
108796383,400,1,401
4776757226,400,10,410
703755811399585793,400,11,411
720378783996358656,400,7,407
36048950,398,20,418
51609807,398,14,412
2371015914,398,1,399
3301022112,398,2,400
3885993200,398,8,406
57039652,397,20,417
406784853,397,2,399
2284614762,397,15,412
2927276992,397,5,402
3290051783,397,1,398
26193351,396,5,401
534154454,396,0,396
415725818,395,10,405
431917957,395,35,430
801168552,395,18,413
711971920934277122,395,3,398
760929229642997760,395,3,398
33786401,394,2,396
62147616,394,11,405
435521563,394,7,401
466910067,394,11,405
4168866500,394,0,394
703971353351696384,394,7,401
738509183952113664,394,17,411
748098526878404609,394,0,394
514639148,392,9,401
2179916998,392,11,403
3224693642,392,6,398
735254665097564161,392,0,392
1724568876,391,3,394
4687587470,391,10,401
1301244769,390,52,442
2573512140,390,2,392
34701889,389,24,413
44148003,388,17,405
84523588,388,98,486
110071965,388,8,396
125630525,388,0,388
348058185,388,2,390
3234781559,388,22,410
15427912,387,9,396
55151457,387,4,391
765962124837486592,387,2,389
329954688,386,1,387
730273710310096896,386,28,414
21587082,385,14,399
1023091806,385,2,387
2303776496,385,5,390
2502606786,385,2,387
2996768938,385,1,386
18206185,384,11,395
31579226,384,15,399
26874788,383,3,386
54773913,383,14,397
152102546,383,5,388
513873998,383,29,412
4889784711,383,7,390
753104971269300224,382,0,382
172414436,381,0,381
275608065,381,1,382
322282548,381,8,389
2330112218,381,3,384
16077744,379,6,385
591879987,379,1,380
2654356639,379,7,386
3308822353,379,15,394
563997163,378,27,405
2158000429,378,1,379
4098447160,378,13,391
367905405,377,14,391
2648620973,377,0,377
3310629306,377,2,379
33435667,376,0,376
758470735811665920,376,5,381
27686745,375,13,388
63826026,375,2,377
137552604,375,7,382
471324897,375,2,377
1370661776,375,0,375
2205198069,375,17,392
3126563358,375,19,394
3248410062,375,18,393
4171684919,375,20,395
22550338,374,0,374
441063307,374,20,394
1551604218,374,18,392
1852381699,374,1,375
3313075368,374,4,378
726940680187183106,374,29,403
69190453,373,8,381
2346152484,373,23,396
202367059,372,24,396
2314489021,372,7,379
703453580846469122,372,0,372
718004031327698944,372,11,383
774189454571503616,372,5,377
21740591,371,1,372
1006704806,371,2,373
1925007925,371,0,371
2912957057,371,5,376
796090831060934657,371,5,376
34744730,370,7,377
119529968,370,1,371
573649780,370,16,386
1426710036,370,14,384
2330881664,370,8,378
2807220972,370,1,371
3909312929,370,2,372
4183466843,370,3,373
42565769,369,4,373
119195187,369,4,373
2307253314,369,13,382
2749225968,369,10,379
3308193378,369,17,386
3946780887,369,10,379
142150016,368,1,369
489022138,368,21,389
849862741,368,14,382
3031280176,368,7,375
3167639097,368,11,379
84548925,367,6,373
4596637336,367,5,372
30812245,366,7,373
475274420,366,15,381
870721279,366,4,370
2305853304,366,8,374
12980002,365,22,387
202561864,365,0,365
869176992,365,13,378
742119836575223808,365,3,368
25907240,364,14,378
260870662,364,0,364
4182066809,364,3,367
706250312810684418,364,22,386
716767065890103296,364,12,376
747107404714807300,364,18,382
21091983,363,13,376
67350721,363,6,369
201781540,363,3,366
281519746,363,2,365
417451460,363,1,364
994386145,363,4,367
2295343929,363,13,376
2351922506,363,0,363
704506110665990144,363,13,376
758032406234345473,363,1,364
437985541,362,3,365
737294036,362,13,375
309321148,361,2,363
533670216,361,7,368
1287018594,361,15,376
2305879171,361,44,405
2893480965,361,0,361
3280271678,361,0,361
63547314,360,8,368
341862419,360,5,365
4886380750,360,18,378
714633790749077505,360,12,372
14359655,359,4,363
159110985,359,14,373
709426128,359,9,368
851059680,359,12,371
2582427774,359,8,367
3481965513,359,13,372
4822039626,359,6,365
712634960281223168,359,8,367
335353868,358,13,371
567504692,358,5,363
2460478249,358,0,358
719283382710984704,358,7,365
18929394,357,11,368
320307136,357,16,373
323085742,357,6,363
871599601,357,1,358
3055319153,357,2,359
3281833134,357,1,358
4857949199,357,4,361
710903460934254592,357,21,378
17719672,356,19,375
833376858,356,0,356
2719172970,356,0,356
4833337067,356,7,363
16190478,355,14,369
23317891,355,6,361
32991125,355,0,355
190878483,355,30,385
250302521,355,0,355
297043846,355,2,357
2256871969,355,11,366
2323079305,355,60,415
2962190770,355,0,355
3908344585,355,2,357
4890383820,355,12,367
190044015,354,8,362
565112744,354,9,363
590651831,354,1,355
1905590958,354,13,367
2882972224,354,11,365
321632766,353,5,358
2507476278,353,7,360
3581125695,353,1,354
750371862220115969,353,22,375
757752143289786369,353,2,355
52448419,352,2,354
123220619,352,3,355
898923308,352,3,355
1283670948,352,1,353
2551821246,352,0,352
3170692550,352,14,366
4729637907,352,13,365
18789378,351,9,360
36313598,351,12,363
2941629111,351,26,377
4717892303,351,0,351
708726272680046592,351,2,353
750466208009445376,351,1,352
930808560,350,7,357
3435638633,350,12,362
3271255423,349,16,365
4251850093,349,9,358
24157436,348,4,352
85096288,348,23,371
333761856,348,0,348
447163884,348,17,365
1411272246,348,16,364
2539848682,348,17,365
4163792778,348,16,364
701253999228354560,348,12,360
33733664,347,6,353
364996231,347,1,348
1461278486,347,15,362
2952557518,347,3,350
28064611,346,12,358
1360345298,346,0,346
1733257164,346,4,350
705441738391838720,346,11,357
16335102,345,25,370
2719026047,345,0,345
28021375,344,0,344
28269648,344,2,346
83652058,344,12,356
339820844,344,2,346
4827809970,344,17,361
4896201527,344,10,354
708395608923623424,344,1,345
759555970158698496,344,0,344
784613346398113793,344,6,350
80793585,343,1,344
245514023,343,6,349
1412064840,343,0,343
3365988797,343,8,351
741393440856903681,343,19,362
67514697,342,16,358
396622827,342,0,342
501052337,342,22,364
2571168301,342,9,351
2906351399,342,7,349
3677594795,342,7,349
4620063202,342,2,344
25685342,341,11,352
26900055,341,10,351
27839828,341,6,347
2256532423,341,0,341
2650426551,341,5,346
703042911101968385,341,9,350
703701473855721472,341,8,349
726236936038440960,341,10,351
752841114336493568,341,10,351
535554692,340,15,355
1567242546,340,0,340
1700681670,340,0,340
4268991619,340,6,346
704353869795606528,340,33,373
727701926544969728,340,6,346
21802725,339,15,354
126327405,339,3,342
891661093,339,0,339
2599136157,339,9,348
2898190371,339,0,339
3449902456,339,4,343
3983144637,339,5,344
709154206674866178,339,2,341
718274256036106240,339,2,341
36400108,338,6,344
60353989,338,2,340
23841163,337,7,344
306251996,337,3,340
326215403,337,4,341
537602851,337,6,343
940503344,337,1,338
4884913213,337,11,348
705674442412793856,337,11,348
721118837349957632,337,11,348
736745064697888769,337,12,349
49190063,336,10,346
265530743,336,0,336
965259182,336,3,339
2167674121,336,20,356
4145603123,336,9,345
4169185155,336,0,336
4219197432,336,23,359
4871126956,336,11,347
756310591422201856,336,9,345
769473349957226496,336,3,339
29929522,335,3,338
63843485,335,14,349
1393297200,335,6,341
4819234823,335,4,339
14230733,334,14,348
23979289,334,1,335
169123446,334,3,337
527276621,334,7,341
550684641,334,5,339
740637475,334,12,346
1852852502,334,10,344
732142037063991296,334,1,335
750850517992148992,334,0,334
60668989,333,3,336
349784771,333,5,338
469848800,333,7,340
3006600919,333,10,343
4855439824,333,14,347
705460734927491073,333,0,333
778404744494780416,333,0,333
345484611,332,1,333
779093905,332,24,356
2725704808,332,13,345
34172404,331,4,335
936894499,331,0,331
1462664791,331,5,336
2951659258,331,2,333
3193836186,331,11,342
734206860648185856,331,4,335
740358125392408576,331,18,349
17056659,330,20,350
251428031,330,19,349
384094961,330,16,346
4578923921,330,5,335
758627757039509504,330,0,330
760098153307701250,330,22,352
17712142,329,10,339
33050532,329,6,335
78831504,329,4,333
86989456,329,16,345
305877707,329,13,342
3622223535,329,12,341
746840006531092481,329,32,361
95097330,328,11,339
162301746,328,15,343
573053124,328,4,332
2902986795,328,5,333
3301842835,328,1,329
3902565862,328,7,335
4279395148,328,28,356
4843914659,328,1,329
755602366062133248,328,8,336
16857872,327,16,343
17524689,327,6,333
68207839,327,3,330
448817704,327,0,327
3409174167,327,0,327
756923919496540160,327,2,329
20435808,326,17,343
260369607,326,8,334
360967238,326,8,334
1441655905,326,1,327
3260503620,326,11,337
702895208497856512,326,14,340
706186365919080448,326,5,331
711768753344675841,326,14,340
19832102,325,14,339
42531027,325,10,335
75405585,325,5,330
421403288,325,1,326
525847693,325,5,330
2379430261,325,4,329
2490929974,325,3,328
2844479116,325,0,325
705118576710172673,325,11,336
216446007,324,3,327
498007394,324,6,330
613975936,324,2,326
900908972,324,11,335
930556002,324,5,329
53999921,323,0,323
112186577,323,2,325
262682563,323,0,323
2329260715,323,19,342
728616248439939072,323,15,338
18673125,322,16,338
38863786,322,5,327
72132436,322,17,339
331467423,322,3,325
930988064,322,2,324
3420540252,322,9,331
709907306255810560,322,9,331
763925259116355584,322,3,325
35216399,321,6,327
479104121,321,11,332
1339944438,321,9,330
3394601549,321,14,335
3941880252,321,2,323
738594621010251782,321,1,322
745350051908706304,321,6,327
86378821,320,25,345
152780763,320,15,335
3233930719,320,6,326
58052610,319,9,328
182606087,319,16,335
2372034590,319,2,321
4872606291,319,8,327
764322548754550784,319,12,331
19380916,318,27,345
34715248,318,7,325
88071033,318,5,323
146310758,318,0,318
805081368,318,4,322
1538575146,318,4,322
1839504895,318,17,335
4693602139,318,19,337
4830482521,318,3,321
702313144346017792,318,9,327
746907692283858944,318,0,318
767852081050824704,318,2,320
120651708,317,1,318
301416337,317,6,323
3320941218,317,4,321
468934741,316,1,317
542918338,316,8,324
1155575904,316,1,317
1905025994,316,0,316
2436487272,316,4,320
4583867542,316,6,322
728635523816775680,316,25,341
52655516,315,0,315
123592839,315,2,317
129949447,315,32,347
740928906,315,6,321
873172632,315,10,325
2225747204,315,4,319
2481854702,315,8,323
2798317598,315,10,325
3704001257,315,1,316
3854848703,315,2,317
3883040234,315,0,315
4568989032,315,0,315
752554272433188864,315,10,325
777909664188997638,315,5,320
25989394,314,8,322
26652733,314,5,319
27435320,314,7,321
64008841,314,14,328
345858289,314,6,320
386702427,314,1,315
427190975,314,7,321
569745251,314,2,316
2281337989,314,1,315
2992624003,314,7,321
86794987,313,7,320
301212396,313,8,321
1623519344,313,0,313
2262620679,313,10,323
3355655206,313,3,316
3409715445,313,65,378
746853969943724032,313,2,315
762008344987041792,313,8,321
23841202,312,0,312
53958222,312,9,321
74073542,312,2,314
472653951,312,5,317
1713036884,312,15,327
2519063076,312,6,318
2572645350,312,5,317
750417311744421888,312,12,324
23257405,311,0,311
27095023,311,2,313
265710819,311,12,323
569612713,311,8,319
2618573184,311,6,317
701212394794696704,311,1,312
702511602952708098,311,5,316
736293570110496768,311,2,313
107012365,310,21,331
109623426,310,22,332
202951147,310,0,310
401657173,310,17,327
526555848,310,8,318
792173743,310,2,312
1686552499,310,0,310
2269297818,310,0,310
2908002695,310,6,316
4911105927,310,4,314
703318052927094784,310,7,317
89869801,309,13,322
615360297,309,7,316
738955727339986944,309,1,310
760128353286316034,309,10,319
374226275,308,6,314
563197367,308,3,311
567626521,308,13,321
936148682,308,11,319
2848049341,308,7,315
3296734251,308,14,322
756959694716039168,308,0,308
393190233,307,8,315
2149769052,307,0,307
3112345673,307,8,315
4371235214,307,0,307
4736727918,307,4,311
17687565,306,4,310
19742226,306,5,311
21056656,306,0,306
30644500,306,11,317
182453941,306,0,306
262529998,306,1,307
3772895061,306,2,308
711379646319861760,306,22,328
721002648288292864,306,5,311
317240857,305,2,307
373331421,305,10,315
1064203465,305,16,321
2622794806,305,1,306
3997870336,305,6,311
760597737494683652,305,3,308
29901477,304,1,305
40189359,304,20,324
613796565,304,20,324
1623977834,304,1,305
3189683242,304,0,304
4228642894,304,0,304
468783338,303,0,303
549600981,303,12,315
2167585616,303,10,313
3322754713,303,0,303
3394898979,303,26,329
4197645318,303,6,309
4529429414,303,11,314
713127503351713793,303,8,311
750377949065535488,303,7,310
33436115,302,3,305
38939605,302,2,304
260337572,302,6,308
1049053260,302,0,302
1700204558,302,5,307
2273797556,302,14,316
741423378905632768,302,0,302
21150859,301,0,301
216498790,301,22,323
245885182,301,10,311
571592528,301,2,303
807472957,301,19,320
822533414,301,13,314
2307296066,301,39,340
2424564421,301,15,316
2491813500,301,4,305
3061797379,301,21,322
3995662453,301,14,315
4918685888,301,1,302
751482605334241280,301,26,327
15197900,300,14,314
90502102,300,1,301
133005157,300,10,310
550312259,300,8,308
1318788516,300,1,301
4860394491,300,7,307
68284249,299,6,305
299599079,299,0,299
474054440,299,3,302
861589381,299,9,308
1631841212,299,11,310
3550037417,299,2,301
725426968888397824,299,9,308
744185866097025024,299,3,302
26947929,298,21,319
166216613,298,0,298
295195137,298,4,302
2369654078,298,8,306
2716100047,298,13,311
2911804329,298,7,305
710272012766281728,298,11,309
733663385443782656,298,4,302
789556300938117120,298,0,298
199097020,297,4,301
4270517292,297,18,315
4422984375,297,14,311
4807953266,297,0,297
730865469062680577,297,6,303
747808244475830273,297,2,299
3358431453,296,3,299
3433617016,296,18,314
212543625,295,3,298
466028132,295,9,304
959349781,295,8,303
3003883030,295,0,295
707640775643930624,295,7,302
90182089,294,5,299
298837102,294,1,295
2329373178,294,14,308
768969589380288512,294,1,295
785645577346256896,294,10,304
205472863,293,3,296
509384598,293,8,301
762993488287764481,293,1,294
779004736997470209,293,1,294
784447353273012224,293,0,293
45252500,292,8,300
61756904,292,0,292
197838315,292,9,301
253637278,292,19,311
419961805,292,6,298
438051476,292,8,300
4445498741,292,21,313
740379906974978049,292,5,297
785318767278653440,292,3,295
16512565,291,5,296
17491671,291,4,295
49596186,291,4,295
246380932,291,10,301
415175014,291,10,301
1132366646,291,0,291
758024708667289601,291,2,293
14999840,290,2,292
167716675,290,0,290
244041701,290,4,294
422838569,290,5,295
843820334,290,3,293
874132542,290,0,290
983070032,290,8,298
3246358172,290,21,311
4244457140,290,17,307
5950272,289,11,300
16062087,289,8,297
28534205,289,7,296
291709775,289,5,294
490975378,289,4,293
733513268,289,12,301
790830852,289,8,297
2248442846,289,3,292
2868385787,289,1,290
3904637064,289,0,289
4874129992,289,9,298
294596045,288,0,288
331349665,288,9,297
2310760531,288,3,291
3327424237,288,21,309
4677632868,288,1,289
21965432,287,27,314
29993565,287,10,297
91237627,287,15,302
172255937,287,8,295
2887593005,287,15,302
707380887978164224,287,0,287
30852083,286,0,286
522498774,286,0,286
591887278,286,0,286
2687434471,286,1,287
747887591547101184,286,6,292
16252985,285,7,292
79468315,285,14,299
85629721,285,0,285
187716379,285,4,289
321982863,285,4,289
480706635,285,0,285
1259393028,285,13,298
1561539391,285,9,294
2440620382,285,17,302
2771575558,285,7,292
2796349244,285,5,290
721757120849453057,285,26,311
749097009835978754,285,12,297
757798189512531970,285,11,296
784820204563996672,285,4,289
146408874,284,16,300
277120807,284,1,285
360805303,284,5,289
490179072,284,19,303
765213068,284,2,286
860311272,284,38,322
879038035,284,2,286
1942866666,284,3,287
2818143486,284,1,285
713035300600066049,284,7,291
734192410264096768,284,19,303
14565490,283,4,287
71278773,283,1,284
211068552,283,11,294
1169382680,283,15,298
2539442637,283,9,292
713478051720343552,283,11,294
17818842,282,3,285
19109771,282,2,284
28975965,282,0,282
317284206,282,19,301
353931229,282,15,297
1869484002,282,2,284
3390098350,282,10,292
4596028158,282,2,284
787650258218123268,282,1,283
16532422,281,2,283
88098920,281,2,283
223016302,281,4,285
382914766,281,3,284
384599314,281,2,283
3360131914,281,3,284
77397374,280,0,280
102803388,280,3,283
123521611,280,0,280
567841401,280,9,289
630577781,280,0,280
850048008,280,3,283
1723376107,280,31,311
3093907031,280,6,286
3410689588,280,15,295
3951516256,280,1,281
708011805663170560,280,0,280
26853182,279,0,279
28009151,279,1,280
237140311,279,8,287
347376606,279,0,279
1930148504,279,0,279
2159779477,279,6,285
3658348636,279,3,282
702964093456666625,279,9,288
743225881364209665,279,11,290
780949417469865984,279,0,279
46596461,278,2,280
198554300,278,0,278
274891222,278,16,294
745136880841220096,278,3,281
28399177,277,0,277
154532994,277,2,279
159009432,277,15,292
228226852,277,2,279
776998171,277,15,292
1325337348,277,10,287
2920659436,277,8,285
18548665,276,0,276
63243592,276,3,279
114141144,276,1,277
719391704,276,8,284
1413808069,276,8,284
1575689569,276,2,278
4910270788,276,6,282
747022245399265280,276,1,277
37627693,275,4,279
113423378,275,10,285
270134005,275,4,279
275701123,275,27,302
314870063,275,0,275
784865526,275,8,283
874628059,275,6,281
4430503527,275,36,311
4805891677,275,17,292
4870766213,275,0,275
705761014147493889,275,2,277
712486863261536256,275,0,275
745681473416605696,275,11,286
257933772,274,14,288
304820025,274,10,284
374284455,274,11,285
402233237,274,3,277
867467498,274,13,287
2297125818,274,11,285
4282865114,274,17,291
718834655441657858,274,3,277
758993789604073473,274,6,280
766259231431548928,274,13,287
781947890289827840,274,5,279
21159425,273,0,273
24716438,273,0,273
25056367,273,4,277
154228382,273,11,284
227438020,273,7,280
2737239349,273,14,287
4571904743,273,0,273
701069957107322881,273,15,288
710932536420077568,273,3,276
753993480125358080,273,35,308
16989970,272,15,287
45493958,272,2,274
897724556,272,4,276
1375226216,272,10,282
2268344145,272,10,282
3308703357,272,14,286
3314677222,272,12,284
3948911182,272,12,284
4291655293,272,6,278
4875977234,272,6,278
705196121363243008,272,0,272
734477158639230977,272,1,273
736072798481711108,272,0,272
24569396,271,1,272
169943413,271,0,271
816641287,271,6,277
4292539453,271,6,277
4865974714,271,6,277
759234375015956480,271,2,273
768478842633785345,271,10,281
181309184,270,6,276
387265077,270,4,274
466109180,270,1,271
1091853968,270,2,272
3843640245,270,7,277
705047741911736320,270,17,287
727328316345208833,270,4,274
734087285210120192,270,20,290
19432346,269,22,291
22297730,269,10,279
57234339,269,0,269
130020846,269,10,279
890674015,269,6,275
1648943900,269,2,271
2899568855,269,5,274
3269565836,269,6,275
3752361681,269,10,279
4324657154,269,14,283
4856996010,269,15,284
4897039492,269,14,283
786683653292191744,269,3,272
135008854,268,8,276
152208943,268,3,271
284690239,268,0,268
362813558,268,4,272
634686904,268,4,272
2278246392,268,1,269
2336005398,268,1,269
2458410882,268,17,285
3155025981,268,8,276
4728810611,268,2,270
726483436597338114,268,0,268
737672808059285504,268,5,273
785907061800349696,268,8,276
215701843,267,5,272
267965934,267,0,267
1528072561,267,21,288
2703114008,267,13,280
2825036970,267,2,269
3312540300,267,8,275
713953191742816261,267,8,275
21363569,266,3,269
228134082,266,8,274
788462102,266,4,270
2211027127,266,11,277
4234882707,266,12,278
702960609990545408,266,16,282
703264025010954240,266,6,272
97710257,265,8,273
172947296,265,9,274
329681844,265,9,274
2829196009,265,18,283
3385044495,265,2,267
4852473305,265,10,275
715259009561808896,265,41,306
735526264879124481,265,0,265
791344199538847745,265,4,269
48204443,264,0,264
342942805,264,16,280
355151947,264,29,293
802659122,264,7,271
822225433,264,13,277
874505142,264,2,266
874859443,264,2,266
1905253668,264,0,264
2339422032,264,5,269
2707571696,264,10,274
2775514122,264,26,290
2878480733,264,0,264
3750347244,264,14,278
4731588974,264,1,265
720612792210825216,264,4,268
52931083,263,10,273
176830279,263,13,276
484477723,263,30,293
489259203,263,2,265
893063894,263,0,263
2480765648,263,1,264
2507917171,263,71,334
2731134614,263,33,296
3225157877,263,8,271
3243616719,263,2,265
3356662759,263,13,276
3468586467,263,14,277
4266858777,263,3,266
17099193,262,18,280
54684146,262,0,262
64511694,262,6,268
469381281,262,1,263
620640900,262,103,365
2272778479,262,1,263
3375321073,262,6,268
703700133742034946,262,10,272
709383313983725568,262,7,269
771853675496996864,262,4,266
785925671776231424,262,1,263
39017735,261,5,266
49790780,261,2,263
2570950710,261,5,266
2747914606,261,2,263
754841199186354176,261,1,262
20675932,260,1,261
344322726,260,3,263
368720279,260,3,263
391259816,260,0,260
2183212596,260,1,261
3347181269,260,5,265
4490345654,260,1,261
712790533660352512,260,12,272
753274485017640960,260,1,261
761056167564980226,260,12,272
792358540832829441,260,0,260
13965492,259,3,262
24677438,259,4,263
289599235,259,3,262
1947900744,259,14,273
2261000927,259,13,272
2765857389,259,18,277
3741610341,259,2,261
703288106401705984,259,18,277
757390775176921088,259,0,259
54551143,258,0,258
145942291,258,0,258
466120645,258,3,261
880048238,258,10,268
2987516222,258,4,262
3018828006,258,41,299
3038933527,258,6,264
3098500169,258,6,264
3289045495,258,6,264
4885982967,258,5,263
706156588407529473,258,10,268
709235498376683520,258,1,259
55976150,257,0,257
245750555,257,11,268
275697166,257,5,262
589511830,257,15,272
1053562008,257,0,257
1681152000,257,6,263
3883907000,257,16,273
4399710327,257,0,257
756270243257823233,257,0,257
786901787596980224,257,1,258
796941448558051328,257,0,257
22420450,256,6,262
215293961,256,0,256
235798860,256,0,256
387813577,256,4,260
623313100,256,8,264
700286457,256,12,268
1109949931,256,6,262
3330485469,256,1,257
3352240999,256,6,262
3871576040,256,7,263
34991028,255,2,257
45049547,255,0,255
158838519,255,27,282
389297134,255,3,258
634595966,255,10,265
1524787770,255,1,256
2518021065,255,10,265
2562454358,255,1,256
2619163263,255,7,262
3318421381,255,5,260
703372083007463424,255,7,262
707662175926509568,255,1,256
788919646154088448,255,3,258
34755858,254,12,266
153283018,254,6,260
383906888,254,2,256
458411712,254,3,257
919914043,254,13,267
1410746617,254,4,258
1520617003,254,4,258
2334273306,254,0,254
2855136498,254,5,259
3309295093,254,10,264
3586652594,254,19,273
4418474957,254,0,254
723758122729250817,254,1,255
60198816,253,10,263
149286219,253,3,256
225937279,253,3,256
234365083,253,0,253
477864155,253,2,255
923885029,253,2,255
2543427014,253,4,257
2899880188,253,6,259
4435179915,253,6,259
24544802,252,5,257
60216046,252,0,252
75671794,252,3,255
196324855,252,6,258
537772034,252,6,258
808014258,252,14,266
1859409636,252,13,265
2582880294,252,4,256
2771860414,252,11,263
756902627510657024,252,3,255
228736760,251,10,261
330589117,251,6,257
828120944,251,4,255
942773174,251,11,262
1548975014,251,11,262
3265487640,251,2,253
703317145200025600,251,7,258
729866734815993856,251,26,277
41972448,250,0,250
48736766,250,2,252
275817058,250,1,251
325132826,250,0,250
374760130,250,8,258
389131962,250,9,259
1447261014,250,2,252
2218437631,250,13,263
2321302628,250,19,269
2500792297,250,13,263
2777807738,250,49,299
2922120687,250,13,263
2922556139,250,3,253
3548005397,250,11,261
18627161,249,2,251
55310647,249,4,253
59593456,249,1,250
72089435,249,0,249
1535596561,249,5,254
2428002088,249,0,249
2459340000,249,60,309
2779517050,249,9,258
4870772656,249,4,253
124314060,248,0,248
174142676,248,2,250
230254484,248,2,250
315994858,248,11,259
347462747,248,6,254
1854655627,248,8,256
2341214017,248,5,253
3258681192,248,0,248
3291764995,248,2,250
3408791968,248,11,259
3522274402,248,4,252
4237563432,248,11,259
4516746447,248,7,255
704303044662439936,248,8,256
706105772048908288,248,9,257
740272397371068417,248,7,255
789876171030732800,248,6,254
50484213,247,16,263
50948136,247,11,258
1231055906,247,5,252
1691006022,247,11,258
2172753872,247,11,258
2247644238,247,8,255
2550575082,247,13,260
3097122456,247,10,257
4280403258,247,5,252
4608658335,247,7,254
4725227294,247,5,252
734517100530765824,247,5,252
66132112,246,1,247
303896480,246,3,249
330487457,246,2,248
501459864,246,3,249
1570779979,246,1,247
2259041257,246,2,248
3066863551,246,8,254
3367909137,246,2,248
3623139434,246,1,247
4605113535,246,9,255
757997840874385408,246,16,262
783561210419642368,246,9,255
121227877,245,4,249
175902324,245,1,246
216587627,245,8,253
400294294,245,7,252
1499792275,245,1,246
2412231368,245,5,250
2561555594,245,10,255
3180679291,245,6,251
4397021841,245,2,247
22778877,244,1,245
23219627,244,6,250
28625375,244,10,254
33529092,244,10,254
1289813305,244,7,251
711696710255271936,244,0,244
719575907166470148,244,5,249
761425819721871361,244,7,251
42656372,243,3,246
74484610,243,7,250
333823882,243,10,253
351081575,243,2,245
898445311,243,25,268
1169679674,243,0,243
2244042689,243,8,251
2828213584,243,0,243
3216036994,243,1,244
4433972369,243,3,246
21294893,242,1,243
115257448,242,7,249
162204416,242,6,248
311241090,242,12,254
381848553,242,0,242
491575884,242,7,249
718107822,242,1,243
860394410,242,4,246
1250323009,242,5,247
1969399538,242,8,250
2374469136,242,8,250
2521068963,242,0,242
2683134085,242,4,246
2734496022,242,14,256
2931586062,242,22,264
4659513317,242,19,261
4822094443,242,6,248
704353017106206721,242,4,246
18739458,241,4,245
25162948,241,2,243
50691835,241,12,253
68300343,241,9,250
101253010,241,2,243
125128428,241,4,245
242618658,241,15,256
319972036,241,8,249
1291571430,241,3,244
1356092868,241,6,247
2174509045,241,10,251
2915195838,241,0,241
3422158725,241,5,246
4898400250,241,22,263
764601704226574336,241,7,248
18658176,240,13,253
425125521,240,17,257
1453418317,240,13,253
2329435819,240,12,252
2395174262,240,1,241
2894256669,240,3,243
3020425427,240,4,244
3105280056,240,5,245
3194954122,240,0,240
4735176079,240,19,259
749125675668348929,240,9,249
750724690918846464,240,2,242
787444451228606464,240,1,241
20826129,239,7,246
69608224,239,3,242
115496935,239,9,248
138214798,239,8,247
147384908,239,0,239
159095242,239,21,260
344811563,239,6,245
365627246,239,3,242
457997085,239,3,242
599773365,239,1,240
793880558,239,13,252
925801148,239,2,241
1266239359,239,0,239
1493559847,239,0,239
1736108306,239,4,243
2333061871,239,0,239
3276212370,239,2,241
3329715436,239,6,245
705552616315494400,239,16,255
708531566230654978,239,5,244
729381683724701697,239,3,242
742597581017128964,239,0,239
745462603812462592,239,17,256
787343111336910848,239,3,242
17205630,238,0,238
36046325,238,16,254
166001916,238,43,281
198054116,238,19,257
396198196,238,10,248
500109617,238,9,247
828862867,238,6,244
860110616,238,2,240
1917575185,238,8,246
3012503543,238,2,240
3770851995,238,9,247
4352293774,238,3,241
4763838026,238,1,239
713583198026997760,238,7,245
727288195939889152,238,12,250
747716678432198657,238,7,245
16655702,237,3,240
289836894,237,12,249
315950800,237,8,245
500444558,237,8,245
518194812,237,4,241
559656338,237,9,246
611047103,237,4,241
1375084074,237,3,240
1578095880,237,3,240
2332573171,237,13,250
3319254798,237,16,253
4070999663,237,9,246
4853922562,237,5,242
703030870358233089,237,3,240
763437939825053696,237,1,238
765616871567568896,237,3,240
17907878,236,14,250
26102775,236,8,244
29154878,236,0,236
485960927,236,13,249
513855461,236,1,237
749748420,236,0,236
2596671277,236,23,259
3303825881,236,12,248
757042613241286656,236,8,244
787253164743528448,236,0,236
17561562,235,12,247
18568363,235,17,252
31344647,235,2,237
40988391,235,4,239
74141911,235,0,235
96133244,235,13,248
104552862,235,0,235
151466633,235,2,237
187059363,235,19,254
308693285,235,1,236
348323009,235,7,242
389281501,235,2,237
790578828,235,9,244
956171191,235,0,235
1160775618,235,8,243
2530520976,235,3,238
2971785375,235,10,245
704687072561504256,235,12,247
710550537444265985,235,12,247
764572902125608960,235,6,241
770905444797804544,235,11,246
27534951,234,10,244
41368430,234,9,243
61350866,234,6,240
148004218,234,4,238
178301444,234,10,244
527516258,234,2,236
1146809210,234,5,239
2525949569,234,0,234
3367318187,234,5,239
735290253150298112,234,7,241
555301756,233,1,234
1051763821,233,1,234
1625690348,233,2,235
2488963134,233,0,233
2814199948,233,0,233
3009577536,233,4,237
43496095,232,7,239
49393232,232,17,249
49599024,232,0,232
57479109,232,6,238
74231060,232,4,236
347025569,232,0,232
2553547278,232,8,240
2994965243,232,3,235
3951026057,232,9,241
710212680078983168,232,15,247
741747997286014978,232,6,238
22597474,231,5,236
27443191,231,3,234
42227444,231,22,253
45951402,231,21,252
380156346,231,13,244
783210577,231,5,236
1183408735,231,0,231
1308707533,231,0,231
1902400610,231,4,235
2312902755,231,7,238
2357647951,231,1,232
2567523902,231,5,236
708701811209740288,231,6,237
711394650490314752,231,0,231
738105524118552576,231,15,246
756124598408577024,231,14,245
23685037,230,2,232
26388848,230,8,238
34150442,230,2,232
43132328,230,0,230
82770282,230,3,233
133385433,230,11,241
274207288,230,12,242
306924364,230,12,242
308463919,230,5,235
501859254,230,0,230
787887222,230,9,239
2216736289,230,3,233
2555864189,230,3,233
2721360997,230,0,230
3145384526,230,0,230
3702234197,230,9,239
705178588723683328,230,7,237
758337585223569408,230,10,240
792412379720155137,230,0,230
43679281,229,14,243
152087549,229,9,238
231854780,229,5,234
264934281,229,4,233
1893836046,229,7,236
1899031500,229,23,252
2493287096,229,2,231
2728672957,229,0,229
2988487643,229,7,236
22268639,228,2,230
36399571,228,8,236
43508994,228,9,237
227307359,228,10,238
337490991,228,5,233
610530921,228,9,237
968138851,228,2,230
1262872968,228,4,232
1655766132,228,5,233
2448553039,228,5,233
2927024509,228,5,233
4086424329,228,18,246
732315955477544960,228,5,233
742085410646548481,228,16,244
758789247306313729,228,12,240
791109574266789888,228,0,228
30492475,227,11,238
228582708,227,4,231
242880993,227,0,227
244605913,227,5,232
304061756,227,15,242
329143901,227,0,227
373011154,227,18,245
737450550,227,3,230
967151161,227,0,227
2313139874,227,10,237
2888140440,227,14,241
3651026791,227,6,233
4261421361,227,5,232
714908382725996546,227,10,237
715538615376412672,227,6,233
719271649388797952,227,1,228
2063181,226,7,233
27344142,226,10,236
34955929,226,8,234
39666268,226,5,231
47849447,226,0,226
92546328,226,0,226
110767355,226,5,231
209274991,226,2,228
221121595,226,7,233
226944217,226,8,234
441378703,226,3,229
586075965,226,0,226
838904148,226,3,229
1339060338,226,6,232
1357216692,226,5,231
1555236642,226,7,233
2533267779,226,5,231
714985182315450368,226,27,253
718655199406080000,226,32,258
736831979459649536,226,1,227
783460769530720256,226,3,229
29110336,225,7,232
59141515,225,13,238
111056827,225,7,232
244360818,225,0,225
574915137,225,13,238
784769190,225,3,228
1063671618,225,6,231
1618325365,225,1,226
2352095256,225,17,242
3072832073,225,10,235
3396282117,225,2,227
3721957513,225,5,230
4051260612,225,2,227
4164428236,225,3,228
4449043152,225,8,233
4480906040,225,4,229
4660013206,225,9,234
730400574953267201,225,10,235
753009468397514756,225,7,232
779079582683201536,225,0,225
50010587,224,6,230
60836889,224,0,224
255240421,224,13,237
510609255,224,7,231
770296796,224,0,224
966358014,224,9,233
1405264368,224,2,226
1483785276,224,1,225
1634019780,224,1,225
2443243128,224,2,226
3439536453,224,11,235
4606670113,224,0,224
712808479753265152,224,6,230
727568122069147648,224,0,224
791657621451378688,224,0,224
23691853,223,5,228
25191678,223,15,238
27285591,223,3,226
69519762,223,20,243
284580438,223,2,225
311022831,223,1,224
510245805,223,4,227
851591491,223,2,225
1074575960,223,2,225
1849938847,223,11,234
2685261120,223,4,227
3322642872,223,7,230
3594949872,223,15,238
704828264821321728,223,9,232
762488659966775298,223,8,231
767037196691918848,223,6,229
37630113,222,13,235
110769384,222,5,227
122111073,222,11,233
197562234,222,5,227
217158737,222,4,226
490551773,222,1,223
751362697,222,15,237
1683322309,222,6,228
2197388417,222,9,231
2576921622,222,7,229
2789826107,222,9,231
2803537275,222,3,225
2849150104,222,4,226
3053928455,222,2,224
3300300374,222,0,222
4720653977,222,1,223
706253966187712512,222,7,229
743215814799724544,222,1,223
23721998,221,9,230
248781239,221,8,229
440287004,221,1,222
876553406,221,14,235
2169288409,221,5,226
2741655314,221,16,237
706189400829513728,221,14,235
706189937528303616,221,3,224
709462701693493248,221,3,224
725009280324218880,221,3,224
29785176,220,14,234
125707688,220,16,236
193067453,220,6,226
213451424,220,9,229
584016500,220,2,222
863807796,220,0,220
989834077,220,10,230
2893138953,220,3,223
3711377115,220,7,227
4445570548,220,16,236
4716379866,220,1,221
4885703096,220,12,232
745103416444198912,220,8,228
23498412,219,0,219
73654065,219,5,224
91493488,219,8,227
124075592,219,2,221
407955785,219,1,220
408621173,219,0,219
478157435,219,10,229
614003644,219,6,225
1177563320,219,2,221
2302327181,219,7,226
3107597132,219,1,220
3192540098,219,15,234
3308254063,219,8,227
3766084042,219,12,231
4700477725,219,27,246
716657488326688768,219,4,223
717755642144886784,219,6,225
781932710453313537,219,1,220
24825097,218,1,219
66034438,218,11,229
347627434,218,25,243
351263372,218,1,219
415114452,218,10,228
631437340,218,9,227
792620006,218,49,267
1853272405,218,1,219
1860953034,218,11,229
2347719997,218,73,291
2956468233,218,1,219
3711628096,218,18,236
4188273845,218,1,219
725064846056640512,218,11,229
765382188787437568,218,7,225
27001391,217,18,235
59039140,217,11,228
63542566,217,0,217
90286816,217,5,222
142610821,217,1,218
206063108,217,11,228
261749735,217,17,234
399745111,217,21,238
530903891,217,11,228
1123044792,217,2,219
2166712563,217,7,224
2282687281,217,8,225
2329145040,217,1,218
2372598522,217,0,217
4418684392,217,5,222
4510755552,217,0,217
710829156624420864,217,10,227
730249781860147200,217,2,219
754894004328787968,217,3,220
762708618063904768,217,13,230
131048945,216,0,216
196699217,216,7,223
325280206,216,4,220
466098316,216,4,220
852160537,216,3,219
872786449,216,8,224
1403726954,216,3,219
1524857611,216,11,227
1666567008,216,9,225
1925001980,216,8,224
1952636125,216,8,224
2185554632,216,9,225
2252475822,216,20,236
3400847261,216,12,228
3795292154,216,18,234
4865796322,216,4,220
708514688531886080,216,1,217
748964694388453377,216,4,220
760261767322710016,216,4,220
763068697099534336,216,1,217
770325547494707200,216,6,222
15973602,215,4,219
18380551,215,0,215
20543606,215,6,221
38022781,215,6,221
43768213,215,5,220
73025974,215,4,219
125406318,215,4,219
228791219,215,6,221
391082534,215,5,220
712976695,215,25,240
747883651,215,5,220
1409535590,215,2,217
2315931776,215,0,215
2319887304,215,4,219
3308149542,215,2,217
3876509782,215,3,218
4236584177,215,9,224
4856026475,215,8,223
704853530981462016,215,9,224
727624715519578112,215,6,221
784008026864783360,215,3,218
15707800,214,0,214
29370878,214,9,223
137745632,214,1,215
538636034,214,1,215
585135901,214,2,216
726439806,214,0,214
1714859113,214,1,215
2415685429,214,6,220
2504981221,214,7,221
3025266342,214,1,215
4696541605,214,8,222
4835421670,214,14,228
708789388969259008,214,4,218
751875246102196224,214,4,218
751989848966172672,214,10,224
758010931452350465,214,2,216
785257087987093504,214,3,217
15293839,213,5,218
21647998,213,8,221
55115853,213,0,213
59273831,213,0,213
114494345,213,5,218
619056084,213,2,215
2899898647,213,4,217
3214753385,213,2,215
3311587398,213,6,219
4029747432,213,16,229
4735577052,213,5,218
705083633812566016,213,20,233
711343405444550656,213,2,215
720071966724661248,213,20,233
735192777575813120,213,0,213
14066928,212,6,218
59048893,212,0,212
111412750,212,16,228
778663872,212,2,214
1031086644,212,14,226
2546186313,212,20,232
2874567659,212,3,215
3376569867,212,7,219
3384716398,212,9,221
4043098095,212,8,220
4237277387,212,9,221
4691189473,212,4,216
4795196058,212,5,217
4851826737,212,5,217
785474108356173824,212,6,218
786507714264440833,212,7,219
13960902,211,5,216
409212580,211,7,218
564681098,211,3,214
831178813,211,10,221
847647296,211,3,214
935266471,211,7,218
1150080397,211,1,212
1180508838,211,6,217
1477636376,211,27,238
2489839538,211,0,211
2645456312,211,6,217
3397463120,211,3,214
4118367382,211,4,215
4820893647,211,2,213
739601740488544256,211,8,219
759745884934381568,211,2,213
35376068,210,3,213
95199214,210,7,217
162165751,210,1,211
308102518,210,28,238
420266672,210,6,216
486882714,210,8,218
493185954,210,28,238
576801455,210,17,227
772665366,210,0,210
1522753381,210,5,215
1911043860,210,9,219
2322782078,210,9,219
2405138402,210,5,215
2471421697,210,20,230
3273222469,210,20,230
3421316315,210,6,216
3699913349,210,9,219
3951163695,210,7,217
724363477452656640,210,0,210
747332537966436352,210,0,210
758095758503645185,210,2,212
785661807243452416,210,5,215
789655192358625280,210,0,210
16067067,209,15,224
41385012,209,6,215
108593067,209,19,228
198824594,209,7,216
223719518,209,12,221
259975018,209,30,239
339150717,209,3,212
864927037,209,5,214
921463050,209,6,215
1978165356,209,3,212
2203012326,209,0,209
2416974884,209,4,213
2615179467,209,7,216
2818791815,209,4,213
2877138098,209,2,211
3091954441,209,7,216
3317055925,209,7,216
3878109028,209,5,214
4818110147,209,12,221
4864785838,209,1,210
701531343721799680,209,8,217
716286508542652416,209,6,215
732308371618025474,209,2,211
747420327660101633,209,0,209
41912351,208,1,209
318694851,208,5,213
522585544,208,9,217
634475330,208,1,209
801050580,208,1,209
1924014294,208,0,208
3099252940,208,5,213
3309927150,208,4,212
3391185461,208,11,219
702396709297635329,208,7,215
709196385594126336,208,4,212
743186109258141696,208,9,217
15416823,207,4,211
36041523,207,9,216
36064015,207,5,212
117304641,207,2,209
166855904,207,7,214
462520459,207,1,208
3405929189,207,3,210
735890121426272256,207,3,210
754540070342832128,207,1,208
14464961,206,14,220
16004747,206,3,209
64487506,206,13,219
68889823,206,92,298
87516499,206,3,209
105781495,206,11,217
110855805,206,9,215
112287707,206,12,218
125550109,206,17,223
264935205,206,5,211
365729749,206,20,226
594990097,206,12,218
1112890188,206,2,208
1459010948,206,4,210
2323783152,206,3,209
2411403306,206,0,206
2416940856,206,66,272
2767657664,206,7,213
2769513592,206,1,207
2802845137,206,8,214
2986089131,206,0,206
3066573123,206,3,209
3279690919,206,7,213
4888982598,206,5,211
708802504717262849,206,10,216
712463864491872256,206,1,207
721503639261458432,206,4,210
786644922455564288,206,1,207
790735857426784257,206,1,207
44948272,205,2,207
50836292,205,3,208
58900209,205,2,207
160930875,205,3,208
264243333,205,0,205
281685471,205,2,207
339542327,205,0,205
482748760,205,2,207
586724399,205,3,208
716800970,205,3,208
1060149252,205,4,209
1513826882,205,4,209
2398263498,205,14,219
2693612778,205,12,217
2954831674,205,7,212
4196528835,205,9,214
4839750759,205,8,213
4875427757,205,8,213
711294198977318913,205,1,206
712690051201695744,205,10,215
713154978811142145,205,4,209
713469726488465410,205,32,237
758274218337378304,205,3,208
72882689,204,4,208
85381916,204,2,206
133325325,204,3,207
213072536,204,7,211
594237214,204,1,205
1712386268,204,1,205
2452074301,204,2,206
2477503142,204,4,208
2897913085,204,5,209
3190958888,204,2,206
3408840784,204,5,209
711767742156771328,204,2,206
741609209389809664,204,6,210
748918727526133760,204,6,210
784105356448325632,204,1,205
14781809,203,1,204
18810387,203,10,213
66302096,203,2,205
157054921,203,15,218
242962998,203,2,205
413541046,203,11,214
586165566,203,10,213
636503667,203,10,213
745210315,203,6,209
2256982358,203,7,210
2598298903,203,1,204
2668286088,203,9,212
2993975016,203,3,206
3040072657,203,6,209
3138769552,203,9,212
3749624055,203,11,214
3799846158,203,5,208
705490933245149186,203,3,206
735900557114773504,203,24,227
756705271465009152,203,0,203
757296205713973248,203,0,203
768530664828338176,203,6,209
28732136,202,3,205
61804416,202,1,203
61885589,202,10,212
221963057,202,9,211
263086819,202,2,204
414563038,202,4,206
1097934500,202,12,214
1122141583,202,0,202
1265426034,202,6,208
1323769675,202,1,203
1506556567,202,8,210
2188767095,202,0,202
2195634502,202,10,212
2324588594,202,0,202
2646048644,202,1,203
2783367703,202,1,203
703247602381418496,202,3,205
734966543717519360,202,5,207
744232736089575424,202,6,208
759101276462387200,202,5,207
762284686349574144,202,0,202
783040740515512324,202,0,202
15080354,201,1,202
16963034,201,5,206
28999528,201,10,211
48552092,201,1,202
75521916,201,4,205
80471551,201,2,203
179250417,201,4,205
202750031,201,1,202
218272201,201,8,209
389587061,201,0,201
448323541,201,9,210
891114542,201,11,212
1404014400,201,1,202
1601751318,201,6,207
3305598608,201,2,203
3798312976,201,2,203
3992370797,201,6,207
4239434446,201,12,213
706909500188565504,201,2,203
707355643959586816,201,33,234
750100337374158848,201,12,213
786872411111231488,201,4,205
23605079,200,0,200
840845328,200,0,200
874759992,200,5,205
908064396,200,26,226
1161161875,200,6,206
1342089816,200,18,218
2799949059,200,0,200
2937854619,200,24,224
2981075888,200,7,207
3075515652,200,2,202
3403554208,200,8,208
3408199931,200,5,205
3709329729,200,3,203
4065570080,200,13,213
4515157993,200,16,216
714572211298897921,200,16,216
738159472632176641,200,0,200
741649428361170944,200,1,201
797890416175480833,200,1,201
14609143,199,1,200
16488766,199,0,199
24552598,199,40,239
88087810,199,22,221
164387354,199,7,206
167903718,199,0,199
299945488,199,8,207
330056685,199,4,203
429978726,199,4,203
546856214,199,2,201
576280217,199,1,200
1184641903,199,0,199
1948657260,199,1,200
3023510068,199,0,199
3034626213,199,41,240
4821920832,199,7,206
719686463529611264,199,4,203
749455671918297088,199,15,214
761345151533015040,199,0,199
11442262,198,1,199
33981571,198,7,205
48414468,198,7,205
237985124,198,6,204
256780164,198,14,212
260886596,198,1,199
329772412,198,13,211
339001318,198,4,202
353607215,198,9,207
377058218,198,6,204
416729595,198,16,214
602397399,198,5,203
635195109,198,16,214
1005126732,198,2,200
2181188602,198,37,235
2238596749,198,5,203
2502895600,198,2,200
2718344363,198,13,211
2876378805,198,45,243
2889990600,198,2,200
4011800885,198,8,206
4809716843,198,5,203
4875896757,198,13,211
720471341233790976,198,7,205
14101483,197,51,248
15995432,197,22,219
28673900,197,11,208
67514751,197,11,208
75392146,197,10,207
77499983,197,5,202
227830960,197,5,202
279294502,197,7,204
353463744,197,5,202
415228744,197,5,202
492495319,197,2,199
582140844,197,7,204
865321086,197,3,200
1398126522,197,9,206
1412222533,197,2,199
1639427624,197,4,201
2579524789,197,2,199
2730588752,197,3,200
3185264267,197,6,203
3885271872,197,2,199
705450758490218496,197,7,204
725108395783688192,197,1,198
42195691,196,0,196
53818115,196,7,203
61008645,196,16,212
85523646,196,5,201
125418227,196,0,196
174025101,196,10,206
220584725,196,8,204
235709466,196,4,200
290757465,196,2,198
856490520,196,4,200
865399938,196,1,197
893576652,196,7,203
1370971824,196,9,205
1959047250,196,2,198
2940732466,196,7,203
3019266134,196,0,196
3387188439,196,43,239
3845461457,196,6,202
4195481594,196,6,202
4427224377,196,6,202
4882353865,196,14,210
714524166553268225,196,18,214
742181053599645696,196,8,204
746758787436994560,196,11,207
759688639605530626,196,2,198
765740494525702144,196,3,199
20706852,195,2,197
39055432,195,13,208
120025039,195,8,203
226841655,195,4,199
249442064,195,9,204
326320315,195,5,200
503585510,195,3,198
630717039,195,9,204
1608500784,195,0,195
2603969504,195,0,195
2941051091,195,6,201
3038705131,195,5,200
3074789990,195,4,199
3233111033,195,3,198
3240523526,195,10,205
3257260730,195,1,196
3584299873,195,1,196
4291712000,195,2,197
4736199914,195,7,202
4847877405,195,5,200
706766107810664448,195,7,202
708695927398277120,195,0,195
709381597405913089,195,10,205
749468931270778880,195,5,200
752712668193124352,195,0,195
766596068112990208,195,1,196
788566185151299585,195,0,195
18393661,194,7,201
22292787,194,8,202
32495439,194,16,210
145797004,194,2,196
145832580,194,15,209
159318034,194,0,194
202417547,194,7,201
293631912,194,0,194
301665092,194,2,196
324290289,194,8,202
370263336,194,0,194
370324628,194,4,198
415231233,194,0,194
419228673,194,9,203
443304640,194,3,197
906595219,194,16,210
931979174,194,11,205
2569680516,194,2,196
2751254297,194,7,201
2825224526,194,3,197
2850722943,194,4,198
3947091915,194,20,214
718501532203905026,194,4,198
737004307044786176,194,0,194
60616666,193,3,196
718957124,193,11,204
1130244464,193,10,203
1506905197,193,3,196
2155538965,193,1,194
2373340329,193,4,197
2582304649,193,2,195
2882509938,193,5,198
3184558807,193,26,219
3264908461,193,8,201
3633732852,193,0,193
3825590651,193,12,205
4868067065,193,1,194
703405470195658753,193,12,205
708577305765945344,193,9,202
745761436299890688,193,11,204
791676332434423809,193,0,193
24369345,192,7,199
25550683,192,1,193
77688823,192,4,196
89437464,192,1,193
304832872,192,0,192
395700090,192,4,196
531476360,192,0,192
583005149,192,20,212
586133059,192,2,194
751281974,192,8,200
2869562673,192,9,201
2886500230,192,8,200
2966188357,192,9,201
3536120422,192,4,196
714857534255931392,192,0,192
740369320388108288,192,0,192
5914172,191,1,192
17109615,191,20,211
26605398,191,0,191
28569011,191,3,194
33249466,191,1,192
101489570,191,8,199
212049876,191,5,196
256171404,191,1,192
563840329,191,7,198
611515325,191,5,196
1000181929,191,3,194
1001929386,191,1,192
1861885849,191,7,198
2241717492,191,16,207
2937355540,191,1,192
2971940812,191,9,200
3197757102,191,23,214
3872826447,191,3,194
4239270258,191,2,193
710979399684898816,191,5,196
714824825148207105,191,8,199
744170860689375232,191,1,192
758434688922972160,191,9,200
768801853433786368,191,3,194
18844955,190,11,201
34996703,190,8,198
67903191,190,8,198
127349780,190,1,191
216195586,190,5,195
333606884,190,4,194
365444293,190,0,190
718908444,190,8,198
752895662,190,5,195
769971685,190,4,194
1022149782,190,1,191
1508484296,190,11,201
1531911318,190,7,197
1571457361,190,9,199
2241400218,190,6,196
2669181342,190,4,194
2774939766,190,0,190
2916303139,190,1,191
3098330383,190,0,190
3263253388,190,30,220
3415287255,190,11,201
4114148242,190,10,200
4198082894,190,1,191
4235632753,190,3,193
4417130582,190,24,214
4707640082,190,9,199
708794464635101184,190,1,191
712732447599947778,190,1,191
713172021438337025,190,6,196
714115470731784192,190,15,205
728438127119851522,190,8,198
743869197273292800,190,3,193
9376622,189,5,194
20942763,189,11,200
28248148,189,11,200
45641358,189,11,200
53736521,189,42,231
172431472,189,2,191
176115868,189,0,189
257234986,189,12,201
274684085,189,14,203
308212534,189,0,189
316401797,189,22,211
345019341,189,12,201
444269803,189,6,195
468798917,189,2,191
569152397,189,4,193
885721369,189,6,195
926359914,189,0,189
1349357568,189,10,199
1921211689,189,6,195
2273534167,189,0,189
2365728494,189,6,195
2864105789,189,2,191
2896994522,189,6,195
3312743661,189,1,190
3318042248,189,5,194
3344781497,189,9,198
4800862086,189,16,205
700693962798067712,189,41,230
760323803960356864,189,1,190
25539759,188,1,189
29759829,188,7,195
44041065,188,11,199
71275340,188,9,197
168729846,188,13,201
237984820,188,1,189
341127224,188,3,191
455017947,188,1,189
514687390,188,2,190
521966673,188,12,200
979568372,188,7,195
1057809356,188,2,190
1389123690,188,1,189
1674315427,188,7,195
1747038559,188,6,194
1936345304,188,6,194
2284326519,188,4,192
2562585720,188,12,200
2732884978,188,1,189
2935510987,188,0,188
2937810548,188,4,192
2969356258,188,0,188
3010312991,188,17,205
3192899577,188,10,198
3232186924,188,6,194
3317452003,188,3,191
3396688756,188,7,195
3400588109,188,5,193
3410054538,188,7,195
4193942273,188,9,197
704032426788425728,188,0,188
760589124172591104,188,3,191
24716002,187,9,196
26218305,187,9,196
88781418,187,6,193
308405974,187,8,195
317975293,187,3,190
318711287,187,3,190
328388476,187,7,194
340512594,187,1,188
546530578,187,0,187
1147446589,187,0,187
1892931216,187,4,191
1909451209,187,3,190
2400511674,187,5,192
2675581850,187,4,191
3034992840,187,7,194
4204765978,187,6,193
4388881763,187,9,196
4659874881,187,10,197
702864948691607552,187,7,194
705989655091544065,187,11,198
706389399785705474,187,9,196
714503451338792960,187,10,197
718157189253234689,187,6,193
719198026909290496,187,8,195
735491983704088577,187,0,187
756326999556259844,187,11,198
17494767,186,9,195
32452446,186,11,197
258386116,186,14,200
272118514,186,0,186
281551999,186,4,190
327029038,186,3,189
576310098,186,0,186
594891759,186,0,186
934907804,186,1,187
994082870,186,2,188
1515431827,186,0,186
1538099738,186,2,188
1714215379,186,5,191
2197834202,186,0,186
2771555113,186,8,194
3027140962,186,0,186
3283723057,186,11,197
3394241285,186,3,189
3525770662,186,5,191
4470999208,186,0,186
708344070263812096,186,5,191
714617115471425536,186,6,192
16898084,185,10,195
21993294,185,4,189
45659156,185,3,188
61076635,185,2,187
79673273,185,1,186
99046424,185,0,185
207850301,185,0,185
267021306,185,18,203
312149882,185,10,195
334325587,185,0,185
400602429,185,1,186
491748291,185,4,189
1459916354,185,4,189
1573585807,185,6,191
2461645529,185,0,185
2834620568,185,3,188
2864812909,185,8,193
4501459398,185,7,192
4764967337,185,14,199
703055202123821057,185,7,192
707230781618393088,185,3,188
715273665823293442,185,0,185
723539075697926144,185,8,193
735677570876866560,185,6,191
744210322639192067,185,5,190
774680399767228417,185,1,186
21904231,184,1,185
24511258,184,1,185
47806130,184,8,192
47851885,184,2,186
98101047,184,9,193
117106702,184,3,187
175243720,184,4,188
197697414,184,3,187
231184538,184,2,186
261049928,184,0,184
286217515,184,3,187
328853461,184,16,200
331825712,184,4,188
367439014,184,5,189
515664415,184,4,188
820206469,184,0,184
950830002,184,2,186
1225818590,184,7,191
1581128899,184,1,185
1642303326,184,0,184
1658055696,184,8,192
1957876418,184,4,188
2198812885,184,15,199
2432616523,184,1,185
2607703608,184,1,185
2814756798,184,0,184
3407135421,184,5,189
15467680,183,4,187
23009574,183,0,183
26718451,183,0,183
33811812,183,4,187
58808978,183,11,194
64615109,183,2,185
65133165,183,6,189
158830865,183,5,188
295558154,183,6,189
303145762,183,2,185
415305621,183,1,184
444994317,183,5,188
461614733,183,0,183
1027404487,183,2,185
1455286956,183,16,199
1661263351,183,2,185
2148203163,183,4,187
2302407630,183,6,189
2717938615,183,5,188
2785682992,183,10,193
2845464628,183,3,186
705499966433787904,183,8,191
748628973089746944,183,7,190
770621913848688641,183,0,183
779563097237303296,183,5,188
787017904608817152,183,3,186
21733067,182,11,193
26447410,182,1,183
104990272,182,1,183
143334837,182,0,182
438990599,182,4,186
531526536,182,0,182
783252408,182,4,186
874857829,182,15,197
1434771787,182,17,199
2337160702,182,2,184
2733091027,182,1,183
3006597155,182,15,197
3196751539,182,8,190
4009886297,182,2,184
4498577661,182,6,188
4505795352,182,7,189
4720357461,182,3,185
699842109390458880,182,9,191
703644811023118337,182,0,182
715240353452924928,182,1,183
737100147818008576,182,3,185
739287692425330688,182,3,185
760314218931294208,182,4,186
769379882728091648,182,7,189
769542302570311681,182,4,186
789642299378655233,182,0,182
22442522,181,2,183
24702075,181,4,185
28389205,181,1,182
30215625,181,2,183
177584156,181,17,198
189642644,181,3,184
475699422,181,0,181
552384316,181,2,183
793867561,181,4,185
1263170532,181,0,181
1647839894,181,7,188
2476863896,181,8,189
2597697199,181,1,182
2767680652,181,15,196
2883976453,181,2,183
2943204281,181,6,187
695726939622019072,181,2,183
739853022109503488,181,3,184
748561786023051264,181,11,192
23037924,180,6,186
36192325,180,9,189
218479755,180,2,182
254145194,180,9,189
277125802,180,0,180
318182225,180,10,190
446272084,180,12,192
473037809,180,2,182
490975532,180,2,182
531506617,180,2,182
573277220,180,17,197
1337701074,180,2,182
1564676498,180,2,182
1719331698,180,6,186
2167212409,180,5,185
2239548626,180,10,190
2571164752,180,9,189
2795311177,180,3,183
3018884124,180,14,194
3179662599,180,0,180
3420899033,180,3,183
3997346243,180,11,191
4765317775,180,0,180
702555024144990208,180,0,180
705902091793883136,180,4,184
713067891042615296,180,8,188
716435263573073920,180,7,187
724399983655587840,180,8,188
787589187247697920,180,7,187
25344612,179,6,185
40144113,179,9,188
50135146,179,7,186
109352520,179,1,180
159463958,179,0,179
283677281,179,8,187
307354410,179,26,205
871356878,179,2,181
879154249,179,4,183
2727178788,179,1,180
2934033061,179,10,189
2984517453,179,9,188
3807368123,179,4,183
722970901516427264,179,15,194
749025764327067648,179,2,181
780891864002072576,179,1,180
23840242,178,1,179
25773332,178,1,179
53678140,178,2,180
70484323,178,0,178
193414964,178,10,188
248990776,178,1,179
262171016,178,7,185
315938105,178,5,183
347510048,178,0,178
547265835,178,0,178
1370806812,178,4,182
2522680579,178,0,178
2800275421,178,6,184
3026610844,178,17,195
3416505311,178,6,184
4086580156,178,14,192
4533292933,178,9,187
4703006612,178,2,180
764919978369908736,178,3,181
15240212,177,3,180
16564066,177,5,182
22564891,177,9,186
30362607,177,7,184
39941005,177,2,179
48526013,177,2,179
50927030,177,5,182
52209156,177,6,183
71625602,177,2,179
157784374,177,3,180
188175619,177,4,181
287647587,177,16,193
376287708,177,8,185
380128157,177,3,180
402744581,177,7,184
452828779,177,3,180
502335393,177,2,179
1244693671,177,11,188
1343252648,177,0,177
2276359885,177,1,178
2525807155,177,0,177
2744900304,177,5,182
2813255756,177,4,181
2913678013,177,4,181
2937150214,177,3,180
3011023671,177,4,181
3351687010,177,159,336
3419294291,177,0,177
4166714621,177,4,181
4487940026,177,8,185
702274294244442112,177,0,177
707697033746862083,177,9,186
739937259131174912,177,6,183
786964672662700032,177,4,181
24358319,176,20,196
28473012,176,14,190
55381358,176,12,188
82098199,176,1,177
91619155,176,2,178
94113701,176,2,178
235698522,176,9,185
379508299,176,1,177
433792330,176,7,183
594233612,176,10,186
604717835,176,10,186
717243036,176,6,182
1093687140,176,0,176
1221486553,176,18,194
1528216639,176,1,177
2189444204,176,8,184
2334312147,176,6,182
2718236783,176,5,181
2845681325,176,3,179
3166141537,176,2,178
3256876080,176,0,176
3305171239,176,3,179
3551147605,176,11,187
3950016887,176,4,180
3957201857,176,0,176
4393803438,176,7,183
4700376662,176,5,181
4740090074,176,10,186
4799346261,176,1,177
4833630597,176,4,180
4875129611,176,3,179
709492573421764608,176,1,177
751242679950970880,176,0,176
757468143132475392,176,11,187
759776503458508801,176,1,177
776901496772460545,176,19,195
27396272,175,0,175
48409823,175,13,188
56926936,175,1,176
229278838,175,28,203
369029151,175,8,183
456419620,175,2,177
833144022,175,2,177
1415918947,175,7,182
1583684022,175,12,187
2416726445,175,3,178
2812483680,175,6,181
2823913560,175,2,177
3184471478,175,6,181
4265996255,175,6,181
722006503914356736,175,4,179
736664723505086464,175,10,185
759091893938499585,175,2,177
19572007,174,43,217
29048085,174,9,183
41883924,174,1,175
50347977,174,1,175
158182978,174,0,174
186137548,174,12,186
224099937,174,7,181
268788672,174,0,174
303600544,174,3,177
344211331,174,0,174
524943970,174,2,176
550987205,174,16,190
785490674,174,13,187
792660210,174,20,194
811407888,174,5,179
904780472,174,11,185
1106503729,174,10,184
1123712497,174,4,178
1239688873,174,1,175
1381489394,174,1,175
2256518001,174,7,181
2347313202,174,3,177
2417385907,174,2,176
2935585568,174,9,183
3025963163,174,20,194
3274850304,174,0,174
3281458244,174,8,182
3300013934,174,7,181
3699620841,174,6,180
706571272319344643,174,1,175
716312003283787776,174,3,177
731177262641385472,174,10,184
733318453520666624,174,9,183
738394794951467008,174,3,177
741784392377470976,174,69,243
742893228060479488,174,1,175
767127023663747072,174,1,175
771651304393322496,174,3,177
23906619,173,0,173
25062440,173,5,178
31288110,173,16,189
47354540,173,4,177
69642048,173,0,173
107663008,173,19,192
116095836,173,0,173
136760305,173,1,174
201694533,173,12,185
246650647,173,1,174
319800208,173,1,174
352532987,173,10,183
371781500,173,2,175
385537554,173,3,176
512327871,173,4,177
618172850,173,12,185
879731714,173,0,173
1265204137,173,5,178
1416972583,173,3,176
1675606220,173,12,185
2294969654,173,9,182
2497286180,173,5,178
2891994706,173,3,176
2951889245,173,4,177
2971469030,173,6,179
2992643773,173,5,178
3016242005,173,1,174
3377728804,173,4,177
3949725369,173,11,184
4498771938,173,9,182
4851007693,173,2,175
735602207228186624,173,11,184
743671134458019840,173,7,180
776150576765759489,173,3,176
9953462,172,14,186
15598131,172,9,181
16792067,172,3,175
18927670,172,2,174
32628119,172,4,176
70125620,172,18,190
200464823,172,0,172
390263070,172,0,172
475690797,172,7,179
476167729,172,0,172
732980827,172,18,190
790501219,172,6,178
993896732,172,14,186
1850293754,172,4,176
1907943324,172,6,178
2180547666,172,8,180
2294473533,172,0,172
2584988735,172,8,180
3012932259,172,2,174
3282761569,172,7,179
3440693962,172,6,178
4253867173,172,4,176
4558045518,172,1,173
4778460802,172,4,176
4870992551,172,17,189
703832021957619712,172,7,179
726139165956427776,172,7,179
748662822490431488,172,1,173
784606740507725826,172,3,175
19951176,171,0,171
26888151,171,5,176
29593475,171,8,179
49072873,171,9,180
51284932,171,0,171
135151712,171,6,177
223610043,171,6,177
226595490,171,1,172
292174359,171,1,172
333550143,171,0,171
414073191,171,2,173
429544530,171,8,179
576870018,171,6,177
961957580,171,4,175
2256975621,171,0,171
2651725326,171,2,173
2685199019,171,5,176
3162594446,171,5,176
3306485451,171,0,171
3349071273,171,15,186
3828144358,171,0,171
3906603977,171,3,174
3982451952,171,16,187
4862157717,171,2,173
4866494759,171,12,183
709030441941114884,171,12,183
709366453531774976,171,1,172
716500433145966592,171,11,182
733776663708901376,171,80,251
733795265413545986,171,3,174
774699551764525056,171,4,175
775420500034158592,171,1,172
16985620,170,0,170
18478514,170,13,183
21861371,170,11,181
70024758,170,0,170
120234291,170,1,171
136764118,170,8,178
191679830,170,3,173
204043844,170,2,172
222005971,170,2,172
336744713,170,13,183
469799575,170,14,184
503518455,170,0,170
809977070,170,5,175
895625785,170,7,177
961371518,170,4,174
1085411936,170,11,181
2492425374,170,6,176
2729747485,170,0,170
2956657746,170,11,181
3017703114,170,6,176
3129053406,170,8,178
3677681712,170,4,174
4858947569,170,3,173
707775218643652612,170,10,180
714639465692663809,170,3,173
718353883991515136,170,0,170
745300690524790785,170,13,183
751535263269216256,170,8,178
752587041645277184,170,7,177
756136485015945216,170,2,172
788989639654797312,170,2,172
15502432,169,7,176
20567058,169,6,175
32785482,169,8,177
37294221,169,1,170
63331688,169,1,170
88112161,169,0,169
127082289,169,2,171
180984922,169,5,174
299081304,169,12,181
309119396,169,3,172
340567206,169,10,179
513734380,169,5,174
515782631,169,4,173
559720879,169,11,180
732388003,169,3,172
853832456,169,0,169
884304968,169,8,177
918147986,169,1,170
934785902,169,26,195
946524889,169,0,169
1225792795,169,1,170
1596223609,169,6,175
1616425044,169,7,176
2307464682,169,14,183
2506971546,169,2,171
2593825243,169,8,177
3074687216,169,8,177
4182380774,169,14,183
4726269672,169,6,175
4881996747,169,0,169
4925297555,169,1,170
701994968668311552,169,0,169
705446574328057856,169,12,181
713768020284301312,169,8,177
730932363341897728,169,8,177
731273489169174528,169,4,173
783121528913268736,169,2,171
18182794,168,9,177
18466324,168,4,172
27671624,168,6,174
28412446,168,8,176
37593470,168,0,168
68166416,168,11,179
267310147,168,3,171
350650434,168,9,177
479862285,168,12,180
506864860,168,2,170
596447623,168,6,174
774317324,168,3,171
791840868,168,1,169
796523629,168,4,172
1304220170,168,2,170
1317575695,168,0,168
1337390052,168,0,168
1464945781,168,2,170
1972076252,168,9,177
2317369195,168,5,173
2337236772,168,5,173
2429552491,168,0,168
2941802980,168,10,178
3110265579,168,5,173
3219740900,168,1,169
3248002086,168,2,170
3266123059,168,1,169
3424653881,168,16,184
3440646155,168,6,174
3683971032,168,7,175
3886705519,168,6,174
4831284916,168,9,177
707903614849830912,168,16,184
713445748239675392,168,10,178
718245694168047617,168,4,172
733860272260055040,168,1,169
749440768796864514,168,1,169
786870388139491328,168,6,174
795956709407752192,168,0,168
16611239,167,2,169
42284908,167,11,178
49452556,167,7,174
109960811,167,5,172
202729390,167,1,168
213512324,167,21,188
213739179,167,1,168
303892169,167,5,172
365606579,167,3,170
431243129,167,4,171
843278084,167,0,167
859219800,167,0,167
865636782,167,6,173
1035115242,167,3,170
1355247529,167,3,170
1382696899,167,12,179
1566572072,167,3,170
1727038705,167,3,170
2263590002,167,2,169
2544460829,167,0,167
2592632611,167,5,172
2800409779,167,3,170
3298446763,167,5,172
3309045966,167,20,187
3313748484,167,8,175
3724908496,167,6,173
735633664696946689,167,4,171
739816769884291073,167,14,181
10323562,166,24,190
16417747,166,8,174
17068970,166,18,184
17727106,166,0,166
33818859,166,10,176
54503902,166,6,172
64914038,166,6,172
261300530,166,0,166
307179438,166,4,170
308464109,166,6,172
537230085,166,24,190
884604300,166,5,171
1157415012,166,0,166
1209317053,166,12,178
1340802312,166,6,172
2149679342,166,4,170
2534334049,166,1,167
2811995783,166,13,179
3485382014,166,36,202
3592178123,166,1,167
4385782960,166,10,176
715178668595683328,166,1,167
784497832740921344,166,2,168
786021727268589568,166,6,172
786636396224131072,166,0,166
28346523,165,10,175
32867953,165,1,166
38012558,165,31,196
53669907,165,6,171
74247792,165,8,173
155815646,165,1,166
168667405,165,8,173
222644440,165,0,165
295646776,165,1,166
303579558,165,1,166
361580613,165,0,165
452098509,165,0,165
462730280,165,0,165
477018429,165,4,169
537370534,165,3,168
902826799,165,2,167
2457189756,165,4,169
3060448016,165,4,169
3192506298,165,8,173
3207240287,165,5,170
3385997379,165,3,168
3490579037,165,2,167
4709165706,165,10,175
4824422625,165,1,166
4911266195,165,3,168
705829302399475712,165,2,167
722481281653673984,165,8,173
731869622434029568,165,3,168
743086073602007040,165,4,169
785934726116900865,165,5,170
8797722,164,3,167
14913547,164,2,166
35862756,164,0,164
49061763,164,1,165
50523105,164,2,166
52989817,164,1,165
82391199,164,4,168
97669212,164,5,169
231156134,164,9,173
258240944,164,4,168
385194334,164,4,168
437109208,164,3,167
532608579,164,7,171
628979942,164,4,168
719108466,164,0,164
874606098,164,1,165
1135189476,164,2,166
1350664958,164,3,167
1403085170,164,8,172
1638814033,164,2,166
1674870386,164,0,164
1720816128,164,1,165
2659475605,164,6,170
3266856037,164,6,170
3609635354,164,3,167
701911021250854912,164,7,171
707310778055929856,164,2,166
721096193003163649,164,0,164
727717202615521284,164,2,166
746855430824071169,164,0,164
748859969777332225,164,6,170
756896345940697088,164,9,173
757790724712636416,164,15,179
776952165575299072,164,15,179
44635670,163,2,165
87640290,163,0,163
210931719,163,1,164
376794851,163,0,163
384858477,163,0,163
385123768,163,2,165
421153342,163,10,173
498316263,163,6,169
529573545,163,0,163
558294779,163,7,170
587783109,163,11,174
591951432,163,3,166
887957676,163,1,164
1016296854,163,6,169
1581948024,163,15,178
2162312005,163,5,168
2280491986,163,9,172
2732987812,163,4,167
2821199591,163,0,163
2892068073,163,0,163
2944280244,163,9,172
3062293209,163,0,163
3201981793,163,1,164
4769316554,163,3,166
708469711411908608,163,10,173
742096633463115776,163,0,163
742466988094562306,163,3,166
757268546682494976,163,1,164
760593687940169729,163,7,170
785707539342254080,163,3,166
16557667,162,3,165
34718212,162,8,170
44036930,162,1,163
49549961,162,1,163
50913224,162,3,165
73048382,162,13,175
74169289,162,10,172
83841942,162,3,165
88550047,162,21,183
102268811,162,10,172
252755479,162,0,162
272114651,162,17,179
307238648,162,4,166
525732418,162,1,163
534634021,162,1,163
714479834,162,8,170
750496254,162,0,162
799653806,162,1,163
996172243,162,18,180
1283090984,162,8,170
2305367580,162,6,168
2445226055,162,0,162
2611087060,162,2,164
2686109520,162,3,165
2880076241,162,2,164
2938592060,162,3,165
3043237556,162,0,162
4637042115,162,0,162
4856855175,162,0,162
4901489212,162,4,166
713554669549654016,162,1,163
714460837625237505,162,4,166
718431963053498368,162,4,166
724458833586708480,162,14,176
728699618339520512,162,2,164
732261848024809473,162,10,172
768309974493691904,162,1,163
776062549691215873,162,5,167
789969613559853058,162,3,165
792100041733308416,162,0,162
17723632,161,5,166
38751027,161,0,161
117133175,161,0,161
234789656,161,0,161
263818897,161,2,163
276840802,161,0,161
409697836,161,6,167
493926139,161,10,171
704088125,161,6,167
1722306236,161,16,177
2209298587,161,23,184
2858679020,161,7,168
3058539006,161,8,169
3146738294,161,2,163
3253946096,161,8,169
4703317886,161,3,164
4756733365,161,3,164
4910733693,161,6,167
702998554596544513,161,7,168
715256982941380608,161,7,168
739028965369774084,161,15,176
753269552775958528,161,4,165
757281780407738368,161,4,165
760852282808283137,161,2,163
779004692990951424,161,1,162
14744202,160,6,166
17443185,160,7,167
29350302,160,8,168
38126579,160,4,164
97240066,160,0,160
126431981,160,4,164
326288537,160,5,165
341215203,160,2,162
400244959,160,5,165
526601851,160,4,164
531478369,160,1,161
617889150,160,2,162
867347492,160,2,162
898564909,160,7,167
1449444157,160,0,160
1464201780,160,1,161
1949347722,160,10,170
2172872273,160,37,197
2202371624,160,4,164
2595851454,160,9,169
2685377924,160,0,160
2875866962,160,4,164
2907551575,160,4,164
2940884871,160,3,163
3219303120,160,4,164
3234089496,160,3,163
3288362353,160,15,175
711366038005231616,160,0,160
725809806095859714,160,11,171
735579023946944512,160,0,160
739980947722928130,160,6,166
746345581120004096,160,7,167
769486093469282304,160,0,160
776996815468171265,160,1,161
16606038,159,13,172
18011418,159,21,180
29315398,159,14,173
31495921,159,4,163
42224694,159,4,163
57260848,159,0,159
148221399,159,10,169
263178482,159,0,159
296367001,159,1,160
439470064,159,0,159
459685872,159,10,169
965435300,159,0,159
1139455316,159,3,162
2253330740,159,5,164
2272092822,159,4,163
2377439536,159,3,162
2447099202,159,1,160
2806458203,159,1,160
2837244053,159,1,160
2919208912,159,1,160
2945460816,159,5,164
3291556676,159,17,176
3297499638,159,4,163
4280482340,159,5,164
4452612260,159,2,161
4708379511,159,11,170
4861446281,159,5,164
702628810483765249,159,2,161
703681242429046784,159,7,166
708784431331471360,159,2,161
715298845614276608,159,3,162
763789658325213184,159,0,159
772935268273827840,159,1,160
786327185766449153,159,6,165
16146535,158,235,393
72577362,158,5,163
223063193,158,2,160
295886838,158,1,159
298731715,158,21,179
310580814,158,3,161
373938490,158,11,169
425181608,158,2,160
428979873,158,23,181
496318759,158,0,158
552939237,158,0,158
753205987,158,11,169
796100784,158,2,160
874763028,158,16,174
928506404,158,11,169
928875248,158,27,185
1066204172,158,9,167
1419471440,158,3,161
2434391871,158,6,164
3129582658,158,6,164
3235643742,158,1,159
3883733953,158,20,178
4214136858,158,8,166
4806311422,158,7,165
4827813047,158,0,158
702530571734351872,158,6,164
708472320155914240,158,20,178
741141699561435136,158,3,161
756359618075435008,158,0,158
765237587145547776,158,1,159
800767439361323008,158,0,158
17744351,157,2,159
42119579,157,0,157
42632611,157,2,159
61236989,157,2,159
87403565,157,1,158
199518365,157,0,157
223796714,157,1,158
241173956,157,2,159
243363123,157,3,160
406313212,157,2,159
500240347,157,21,178
520479710,157,6,163
554201184,157,17,174
564927741,157,1,158
805602769,157,0,157
1065869268,157,2,159
1265910703,157,0,157
1483101144,157,6,163
1921504747,157,3,160
2377705375,157,6,163
2604374739,157,0,157
2712144110,157,2,159
2981781891,157,11,168
3010341234,157,10,167
3225507810,157,0,157
4435806134,157,2,159
4614299435,157,6,163
4857682107,157,8,165
4899185746,157,3,160
700745756332974080,157,1,158
701192223283503104,157,7,164
711678474147078144,157,4,161
735524232948486145,157,17,174
749953408883367937,157,2,159
753770713039900672,157,2,159
760255112317116416,157,6,163
774641282899582976,157,3,160
784419747270004737,157,4,161
786751402437509120,157,2,159
55547235,156,3,159
96868223,156,14,170
134229245,156,9,165
146566275,156,3,159
152847258,156,4,160
194779710,156,2,158
246151786,156,6,162
300885139,156,0,156
320530176,156,9,165
361520308,156,2,158
502832540,156,2,158
608647639,156,9,165
946382978,156,3,159
964675442,156,3,159
1053526220,156,1,157
1169506842,156,1,157
1936536769,156,3,159
2406037386,156,4,160
3105200083,156,0,156
3390061349,156,7,163
3686178436,156,7,163
4601447955,156,2,158
4764728532,156,0,156
703563362966368256,156,1,157
744856700969193472,156,1,157
746541199457017857,156,2,158
752749072914591744,156,0,156
761711689742094336,156,4,160
776418872438251520,156,3,159
788107924035997696,156,0,156
788873583779086337,156,0,156
17148456,155,7,162
33206689,155,4,159
48952344,155,10,165
110611375,155,9,164
142715397,155,13,168
148628139,155,4,159
216806835,155,0,155
233042708,155,4,159
243015104,155,2,157
356330288,155,3,158
478383774,155,4,159
494169005,155,5,160
543685732,155,5,160
637096765,155,10,165
741680976,155,10,165
772349239,155,0,155
829735580,155,3,158
833446135,155,10,165
862262467,155,5,160
1256753802,155,10,165
1460707248,155,1,156
1464560094,155,4,159
1589090810,155,3,158
2348868170,155,2,157
2477247030,155,0,155
2596413645,155,7,162
2614181437,155,0,155
3008907027,155,4,159
3025408450,155,5,160
3341066865,155,0,155
3406085129,155,12,167
3408036279,155,19,174
3838285397,155,1,156
3911057572,155,4,159
4262146367,155,6,161
4879865781,155,1,156
716077381622960128,155,7,162
728598902845394944,155,0,155
759149641543716864,155,7,162
771751110180732928,155,0,155
22217443,154,15,169
33198887,154,4,158
51519531,154,3,157
159447476,154,3,157
241430222,154,6,160
377692248,154,3,157
469355387,154,3,157
507468566,154,11,165
578963077,154,10,164
729605804,154,5,159
745109156,154,8,162
832861190,154,1,155
860808168,154,3,157
1225729946,154,1,155
1336708158,154,2,156
1417034353,154,2,156
2171200586,154,7,161
2429653077,154,1,155
2444646074,154,5,159
2449860300,154,5,159
2528287351,154,0,154
2536847361,154,5,159
2660095619,154,1,155
2691576288,154,10,164
2720137013,154,1,155
2749640440,154,5,159
2793009004,154,5,159
2824018164,154,6,160
2904670939,154,0,154
3619956077,154,1,155
3692323273,154,0,154
4017674240,154,1,155
4203733813,154,2,156
711754742829944834,154,6,160
728629238161547264,154,12,166
741798120640512000,154,2,156
753577777257820160,154,12,166
761439389364826112,154,8,162
762341258689966080,154,3,157
767862999516413953,154,4,158
16592046,153,10,163
20094273,153,2,155
41093722,153,1,154
43948670,153,10,163
58371104,153,5,158
72445782,153,4,157
88765862,153,12,165
88991844,153,0,153
115858838,153,2,155
117055717,153,0,153
179180471,153,4,157
373033271,153,4,157
388329857,153,0,153
474242346,153,2,155
498007429,153,0,153
585264569,153,7,160
617692639,153,23,176
769025252,153,9,162
871881092,153,1,154
1023649345,153,8,161
2296856839,153,15,168
2447290136,153,2,155
2724738831,153,13,166
2916273982,153,5,158
3183185582,153,3,156
3258945304,153,3,156
3270559782,153,64,217
3723496512,153,9,162
3988959628,153,1,154
4624834954,153,11,164
709059463987073025,153,3,156
730538384280576000,153,0,153
753673619708882944,153,9,162
757989565600858112,153,2,155
769049801107341312,153,4,157
796756299023323136,153,0,153
15700545,152,2,154
21537009,152,0,152
27741730,152,0,152
32892321,152,0,152
36884250,152,6,158
53823932,152,3,155
85114590,152,0,152
136166272,152,6,158
140638175,152,13,165
154550390,152,9,161
293252372,152,0,152
294512589,152,1,153
302519785,152,1,153
315477574,152,3,155
423560041,152,13,165
511210135,152,5,157
884981305,152,1,153
1082171360,152,6,158
1277481013,152,14,166
1345827078,152,4,156
2200851425,152,2,154
2510389099,152,8,160
2719032460,152,3,155
2781021258,152,7,159
2878282025,152,6,158
2973540154,152,0,152
3051394269,152,6,158
3313501976,152,5,157
3325022811,152,13,165
3379450024,152,3,155
3432432491,152,1,153
3649036098,152,2,154
4653073094,152,11,163
4774054333,152,8,160
4861558613,152,9,161
706714132762918912,152,8,160
714804963495444480,152,0,152
743600698416332800,152,63,215
757564780404015104,152,3,155
759790795339685888,152,8,160
764651578779250688,152,1,153
786271733741330432,152,2,154
14766953,151,3,154
19863261,151,4,155
19937107,151,4,155
25208451,151,2,153
47498097,151,0,151
64290676,151,11,162
77854590,151,0,151
222547785,151,8,159
224480387,151,1,152
226070187,151,16,167
407821877,151,9,160
450171502,151,7,158
497323558,151,1,152
576827889,151,4,155
827902934,151,12,163
854823122,151,4,155
927073537,151,7,158
998490372,151,7,158
1396939398,151,3,154
1496571493,151,4,155
1496608986,151,2,153
1498274048,151,0,151
1976963472,151,2,153
2614240147,151,7,158
3037061998,151,2,153
3581716035,151,10,161
4105815614,151,5,156
4294596374,151,5,156
4845996794,151,14,165
715681775717060608,151,5,156
725182719760572421,151,4,155
739944055241617408,151,7,158
767752122276335617,151,5,156
786725933411545097,151,0,151
19250737,150,15,165
21424216,150,8,158
25725812,150,51,201
26453716,150,7,157
28031362,150,19,169
30696928,150,0,150
39673794,150,1,151
74841347,150,11,161
97517291,150,2,152
146770810,150,0,150
158575399,150,1,151
166668718,150,0,150
174046229,150,5,155
205371115,150,11,161
251668274,150,2,152
259838064,150,2,152
320933771,150,4,154
403688775,150,1,151
479068816,150,2,152
491798554,150,2,152
560721586,150,18,168
603758566,150,2,152
750430579,150,8,158
1330133695,150,0,150
1515892296,150,3,153
2203607144,150,1,151
2544931616,150,5,155
2732784567,150,11,161
3067668504,150,4,154
3127506759,150,3,153
3132138280,150,4,154
3344562192,150,6,156
3703552944,150,3,153
3734120892,150,11,161
3837262032,150,6,156
4074814018,150,10,160
4769688253,150,4,154
706883464524668929,150,1,151
710147548841771008,150,1,151
713510233700704256,150,1,151
714966416152256513,150,5,155
718172579584876544,150,3,153
749703015355953152,150,8,158
761413374416683008,150,2,152
763394245008982016,150,5,155
794664614676013056,150,0,150
14564565,149,3,152
14604938,149,2,151
14984662,149,7,156
15334475,149,6,155
17772187,149,2,151
27522315,149,2,151
31393320,149,12,161
40334543,149,3,152
72394136,149,14,163
98416337,149,3,152
194370433,149,0,149
214469029,149,0,149
216044706,149,2,151
285335618,149,0,149
322243662,149,8,157
335431998,149,8,157
352900778,149,13,162
417497777,149,7,156
425826223,149,12,161
430701258,149,0,149
467767056,149,2,151
483588899,149,0,149
831651150,149,9,158
891059384,149,0,149
955841496,149,5,154
1368441913,149,5,154
2164770253,149,5,154
2243716134,149,0,149
2398051825,149,8,157
2472844700,149,3,152
2659249123,149,0,149
2686010270,149,4,153
2686106365,149,6,155
2709795373,149,0,149
2750551661,149,0,149
3116949109,149,4,153
3145379514,149,6,155
3220318152,149,0,149
3286922574,149,10,159
4238209872,149,9,158
4778735542,149,0,149
4784596178,149,4,153
4875418094,149,2,151
725076888561979393,149,13,162
760613481313890305,149,0,149
766484136244744192,149,0,149
21608662,148,8,156
23393316,148,1,149
23799146,148,29,177
26999489,148,0,148
38779635,148,1,149
53917479,148,6,154
136766122,148,1,149
141076201,148,0,148
142558412,148,0,148
147202461,148,5,153
170572411,148,1,149
230739131,148,7,155
233835830,148,11,159
242527201,148,2,150
261204789,148,0,148
341678317,148,41,189
350335797,148,4,152
490834665,148,5,153
845430516,148,4,152
2352293592,148,1,149
2381284064,148,2,150
2390134159,148,2,150
2428658977,148,2,150
2476178880,148,21,169
3205709075,148,3,151
3270341821,148,3,151
3272248910,148,4,152
3358911393,148,8,156
3887281154,148,16,164
3900280775,148,6,154
3939674009,148,1,149
4907385920,148,5,153
703237820190580736,148,6,154
707363503494012928,148,1,149
717960194651594753,148,0,148
741201901501489152,148,0,148
757396587668799492,148,2,150
789097133148282880,148,3,151
11662942,147,1,148
17968063,147,1,148
20722218,147,1,148
35525976,147,6,153
41584867,147,4,151
49151228,147,20,167
66775406,147,5,152
68888750,147,7,154
78070539,147,7,154
98275031,147,12,159
107759123,147,4,151
127182036,147,13,160
135247359,147,8,155
193357080,147,11,158
250162737,147,2,149
296551518,147,3,150
314016613,147,10,157
317377922,147,0,147
357701936,147,8,155
380648673,147,1,148
435127092,147,0,147
489423943,147,3,150
809213634,147,8,155
921904849,147,8,155
1642945278,147,5,152
1904877506,147,0,147
1951019052,147,2,149
2414521020,147,0,147
2457154818,147,6,153
2727663388,147,0,147
2912697515,147,4,151
3281318431,147,7,154
3296380884,147,0,147
3312644679,147,3,150
3640734136,147,26,173
3664569856,147,13,160
4237958309,147,1,148
704865315335892992,147,8,155
705188226827333632,147,5,152
713522523489570817,147,10,157
750371568895885312,147,2,149
751249410412126208,147,2,149
789926864492060676,147,3,150
18512153,146,16,162
18725571,146,5,151
26883100,146,17,163
115681686,146,2,148
252738982,146,2,148
291874773,146,8,154
367750490,146,38,184
408882844,146,1,147
438050333,146,4,150
470261943,146,0,146
600581533,146,18,164
897841765,146,4,150
950472888,146,4,150
1097105120,146,5,151
1331887915,146,2,148
1453142670,146,1,147
1493843796,146,1,147
1558957891,146,0,146
2429705118,146,0,146
2987881349,146,7,153
3000261851,146,1,147
4113505215,146,0,146
4267265183,146,2,148
4448444059,146,4,150
4718047119,146,7,153
4874688476,146,3,149
4888222560,146,3,149
705097012736200704,146,7,153
707004274560135168,146,12,158
710946054540304385,146,1,147
716888328008835072,146,0,146
730763692007002112,146,5,151
758336981181038592,146,0,146
759791099455995904,146,5,151
15250162,145,0,145
15793787,145,5,150
18230524,145,3,148
18727347,145,3,148
20208761,145,0,145
30524827,145,4,149
64413002,145,3,148
97197130,145,6,151
298629655,145,1,146
481304417,145,7,152
565188105,145,1,146
583687484,145,1,146
1471615951,145,8,153
1865176224,145,4,149
2206694669,145,3,148
2759833038,145,1,146
3120820724,145,11,156
3177941678,145,58,203
3334087930,145,7,152
3637329082,145,7,152
3950708835,145,10,155
4093421129,145,4,149
4315617796,145,4,149
701635010432999426,145,2,147
711355959608614912,145,4,149
713461348034813956,145,2,147
716367269153079298,145,11,156
730490705882288128,145,8,153
756972232690110464,145,13,158
758063751572492289,145,1,146
758120937195606016,145,0,145
759975876058546176,145,12,157
761710198918557696,145,4,149
772955472655638528,145,1,146
775724896462659584,145,3,148
789274761616584704,145,0,145
790053017773076480,145,1,146
16585101,144,5,149
30244836,144,8,152
40943744,144,8,152
55190386,144,6,150
65075709,144,6,150
125975139,144,6,150
246873936,144,0,144
390861996,144,8,152
446299683,144,7,151
761535680,144,0,144
896400632,144,5,149
1276515211,144,0,144
1375629385,144,4,148
1389464876,144,4,148
2441137555,144,2,146
2448762846,144,4,148
2681121779,144,6,150
2764242773,144,5,149
3596687292,144,11,155
3646723880,144,5,149
3695021186,144,0,144
4003089613,144,5,149
4204682079,144,3,147
4337205316,144,0,144
4836402993,144,5,149
724726581982322692,144,9,153
730415229717381120,144,44,188
748168857831956481,144,3,147
759204061858172928,144,1,145
761325518692179969,144,8,152
766770164645769216,144,0,144
15542724,143,3,146
32928468,143,0,143
40325091,143,0,143
49430334,143,7,150
49431169,143,6,149
60429771,143,9,152
73648561,143,5,148
85904700,143,15,158
265245636,143,5,148
297395814,143,0,143
321958772,143,2,145
364272215,143,4,147
581499659,143,3,146
747969990,143,9,152
929057557,143,4,147
1037247092,143,1,144
1413793885,143,9,152
1548183698,143,1,144
1850265967,143,5,148
2284353949,143,0,143
2949311052,143,7,150
3308167423,143,1,144
3436330180,143,3,146
3618868453,143,5,148
4882757247,143,17,160
743130161575538688,143,9,152
752832585869332480,143,2,145
758100779769040896,143,13,156
786614133672202240,143,4,147
15215142,142,4,146
33381229,142,7,149
35860455,142,29,171
75094316,142,5,147
94377064,142,3,145
100845380,142,22,164
122445605,142,67,209
132722100,142,0,142
134956422,142,114,256
261259388,142,10,152
290842086,142,4,146
299085247,142,2,144
303429035,142,2,144
309132445,142,20,162
329167984,142,4,146
344626195,142,0,142
359089492,142,9,151
373593476,142,2,144
518248535,142,8,150
1061204708,142,3,145
1131943926,142,4,146
1426967479,142,10,152
1943133326,142,0,142
1970347927,142,9,151
2355091601,142,1,143
2573939444,142,6,148
2752588498,142,1,143
2844598786,142,6,148
3111009699,142,3,145
3328231984,142,11,153
3353307131,142,4,146
3395811605,142,3,145
3458917277,142,5,147
3473259256,142,1,143
3717452056,142,6,148
3876731894,142,9,151
4340986099,142,8,150
4626000526,142,2,144
705165476305833984,142,2,144
707364394041212928,142,4,146
766638984088936449,142,0,142
780893711999709184,142,0,142
15933649,141,3,144
17965226,141,7,148
18336239,141,5,146
20189222,141,0,141
20474403,141,0,141
23237954,141,15,156
33270656,141,12,153
41165751,141,10,151
73928056,141,9,150
84960857,141,5,146
107209093,141,3,144
125674137,141,0,141
136791254,141,2,143
182878105,141,1,142
227543172,141,9,150
323348405,141,1,142
335710506,141,6,147
337866358,141,1,142
519679670,141,0,141
821842872,141,73,214
1101083736,141,9,150
1102507878,141,16,157
2515726273,141,0,141
2595865716,141,0,141
2663516173,141,8,149
2812610363,141,1,142
2957509390,141,3,144
3054471976,141,4,145
3161768583,141,0,141
3590955252,141,1,142
4257110325,141,4,145
4259148751,141,6,147
4568128942,141,8,149
4835879128,141,0,141
4872183652,141,3,144
4917121001,141,3,144
705552649765175297,141,9,150
710889231573504000,141,1,142
715426952622919680,141,0,141
722150503371710465,141,0,141
738286265125068800,141,4,145
758533677668143105,141,11,152
775162113291538432,141,2,143
8524102,140,6,146
16118799,140,32,172
18248053,140,6,146
20544048,140,2,142
21563987,140,2,142
26270980,140,1,141
27490812,140,4,144
48223373,140,8,148
48518810,140,5,145
55829777,140,11,151
79223068,140,2,142
128952780,140,4,144
187782838,140,8,148
192959969,140,10,150
246082925,140,40,180
267267854,140,6,146
469677813,140,9,149
533014463,140,2,142
560676006,140,4,144
904789082,140,10,150
1220386050,140,4,144
1493419507,140,2,142
1889934800,140,2,142
2281953847,140,4,144
2288462990,140,24,164
2357377808,140,13,153
2648807550,140,1,141
2893927876,140,23,163
2941118928,140,2,142
2973152076,140,1,141
3193571952,140,0,140
3406537767,140,2,142
3410396065,140,3,143
3951726322,140,5,145
4448753063,140,6,146
4494484093,140,10,150
4697250193,140,2,142
4869210287,140,0,140
4893882332,140,4,144
705332158752276480,140,1,141
713357922139418624,140,3,143
727288086967656448,140,23,163
732029704652259328,140,9,149
745973480303144960,140,7,147
760815292310130688,140,11,151
784611264391774208,140,0,140
15315465,139,6,145
16155881,139,11,150
21504834,139,1,140
30415129,139,1,140
36549798,139,0,139
70320954,139,5,144
93280831,139,1,140
118056668,139,0,139
122196219,139,4,143
153537164,139,7,146
285902442,139,12,151
305547528,139,5,144
345461364,139,3,142
364032315,139,8,147
382463247,139,1,140
493224156,139,3,142
517692792,139,7,146
707242468,139,3,142
773547991,139,1,140
814922180,139,3,142
870816404,139,0,139
1107837085,139,2,141
1433739860,139,8,147
1643167080,139,4,143
1687130624,139,1,140
2194758303,139,5,144
2217007286,139,2,141
2316065196,139,6,145
2375964679,139,0,139
2612752226,139,0,139
2815268300,139,1,140
2950103945,139,12,151
3306796634,139,11,150
3404728337,139,1,140
3694626316,139,4,143
3959778976,139,3,142
4172714567,139,2,141
4223772134,139,5,144
740015526609588225,139,2,141
741851969598394368,139,1,140
743557517553242113,139,6,145
744882973263048705,139,2,141
753364955370442753,139,11,150
762409577681784832,139,5,144
770264973490675712,139,6,145
773028633141063680,139,0,139
775298638348115968,139,0,139
782734099245129729,139,6,145
790073111811072000,139,2,141
21426342,138,7,145
25103894,138,1,139
29108589,138,13,151
38910239,138,1,139
48467882,138,1,139
74968997,138,4,142
105959286,138,2,140
142010045,138,6,144
169947789,138,6,144
194619305,138,3,141
240658286,138,3,141
269488377,138,4,142
437627309,138,8,146
770745098,138,7,145
860882442,138,0,138
963230432,138,0,138
977362292,138,1,139
1081566852,138,3,141
1131620340,138,0,138
1951965764,138,4,142
2611066880,138,15,153
3145706092,138,11,149
3176775109,138,11,149
3283629240,138,4,142
3291910059,138,4,142
3397954991,138,2,140
3528734117,138,4,142
3621438492,138,8,146
3673471363,138,8,146
4454359240,138,6,144
4562633179,138,2,140
4847781730,138,8,146
710907035441881088,138,6,144
715518415939747841,138,13,151
727921540122161152,138,7,145
734128268744392704,138,12,150
742401891837968384,138,2,140
750226469251485696,138,4,142
770623778162368513,138,0,138
780918931494174720,138,3,141
785176859105296384,138,5,143
788696245036548097,138,5,143
18771382,137,0,137
21423579,137,11,148
30266529,137,3,140
32802488,137,2,139
42784382,137,0,137
48961660,137,8,145
252629056,137,1,138
271851676,137,5,142
331728214,137,3,140
391497091,137,6,143
475697665,137,2,139
482224922,137,3,140
488993332,137,0,137
514718176,137,7,144
726756098,137,2,139
1031960270,137,6,143
1185013680,137,0,137
1296875341,137,5,142
1398262321,137,9,146
1595803782,137,2,139
1932665167,137,1,138
1954759951,137,8,145
1957619118,137,1,138
2190330965,137,2,139
2823147779,137,3,140
3038290785,137,8,145
3320545346,137,14,151
3403326509,137,0,137
3403970817,137,5,142
3418210767,137,0,137
3689270355,137,7,144
3865675754,137,6,143
3951063106,137,3,140
4391005874,137,3,140
4556881220,137,8,145
4826817374,137,12,149
705595132666466304,137,3,140
707033823876354048,137,6,143
708792951187632128,137,5,142
713462091135459333,137,49,186
715914672285716480,137,6,143
719252405007687680,137,6,143
735880227486715904,137,11,148
737298327335751680,137,3,140
759050999847714816,137,9,146
781838159134896128,137,2,139
788900018883141633,137,0,137
14526784,136,4,140
19354935,136,6,142
44868806,136,2,138
57410167,136,21,157
62070111,136,11,147
98534609,136,19,155
116876382,136,18,154
125813890,136,2,138
148253367,136,2,138
163626482,136,9,145
196411725,136,3,139
215154964,136,6,142
233345828,136,11,147
291286514,136,1,137
306030860,136,5,141
311535208,136,3,139
427028916,136,4,140
429703285,136,10,146
464989725,136,0,136
512559415,136,3,139
527949804,136,0,136
546080350,136,0,136
613576506,136,6,142
634127491,136,2,138
708054361,136,0,136
855772064,136,11,147
856933050,136,2,138
912760646,136,6,142
940330454,136,2,138
1107331129,136,6,142
1144118802,136,10,146
2444272184,136,0,136
2470063062,136,2,138
2557331785,136,7,143
2701497017,136,0,136
2870008455,136,0,136
2904618659,136,1,137
2927548871,136,4,140
3108967589,136,7,143
3183748675,136,0,136
3251226162,136,1,137
4158949822,136,2,138
4200839013,136,9,145
4214758101,136,6,142
4368495913,136,4,140
4759303114,136,14,150
4840244240,136,8,144
4886730322,136,2,138
4918885219,136,6,142
703330948100788224,136,7,143
712736810661765120,136,1,137
722275037055729665,136,8,144
733750052183642112,136,2,138
734168909553766405,136,4,140
738949715224563713,136,0,136
744090713554460672,136,6,142
760259933451399169,136,7,143
761075928319406080,136,5,141
764859083107160064,136,0,136
13178042,135,2,137
14320187,135,8,143
18284893,135,10,145
18809276,135,2,137
27359464,135,5,140
48887254,135,6,141
77618639,135,3,138
87788325,135,4,139
109037040,135,0,135
209111938,135,0,135
219983463,135,2,137
236905553,135,8,143
242499111,135,3,138
331216423,135,2,137
359770097,135,6,141
377474863,135,1,136
380227478,135,3,138
393048573,135,4,139
451491354,135,1,136
463858467,135,16,151
482788403,135,6,141
525965449,135,1,136
608305135,135,1,136
930881228,135,11,146
1117210608,135,2,137
1191624822,135,1,136
1551435109,135,10,145
2179492525,135,0,135
2325703076,135,1,136
2369216078,135,10,145
2572033740,135,11,146
2609806866,135,2,137
2832236690,135,4,139
2924925248,135,4,139
3068847794,135,6,141
3421352872,135,2,137
4068198615,135,3,138
4827369582,135,0,135
4906918580,135,1,136
713134184102014976,135,2,137
716643597827883013,135,9,144
728296633411108865,135,14,149
728665240187981825,135,2,137
737049621411692545,135,13,148
738314762686201856,135,3,138
757948287953448960,135,3,138
758009417111576577,135,5,140
758874860453974017,135,0,135
763155212596973568,135,4,139
765707237239119872,135,8,143
784912148891856898,135,8,143
39182645,134,4,138
61842118,134,6,140
71545482,134,11,145
149636671,134,8,142
159097782,134,2,136
160194130,134,1,135
168524035,134,21,155
219831968,134,3,137
261502286,134,0,134
261736294,134,12,146
272114850,134,4,138
338819390,134,5,139
413430640,134,5,139
480506272,134,2,136
531792834,134,2,136
722127506,134,1,135
947658558,134,9,143
1305192181,134,2,136
1363449445,134,3,137
1902827713,134,8,142
2254109526,134,2,136
2294472116,134,2,136
2382696936,134,12,146
2437399645,134,0,134
2760050529,134,9,143
2794812876,134,8,142
3060388144,134,5,139
3167923560,134,3,137
3185230166,134,15,149
3276956724,134,4,138
3431102181,134,1,135
3945784187,134,8,142
4447613913,134,11,145
4737842607,134,5,139
4807196297,134,11,145
4829147098,134,11,145
4845420380,134,78,212
4862370040,134,5,139
705510421265043456,134,7,141
706583253205909504,134,5,139
707262499066785793,134,7,141
723191297301860352,134,2,136
730446841008001024,134,68,202
746116280856514560,134,2,136
757334805834981376,134,6,140
797603957476589568,134,0,134
798943309225988096,134,1,135
16274668,133,7,140
17013467,133,4,137
22237401,133,3,136
22984882,133,6,139
23029464,133,11,144
26499202,133,0,133
43232530,133,5,138
59726061,133,0,133
70477603,133,9,142
98764683,133,4,137
122819549,133,3,136
135990201,133,1,134
145383915,133,2,135
146510317,133,1,134
170597868,133,2,135
179864153,133,5,138
216172986,133,7,140
223989188,133,17,150
228118184,133,5,138
419256844,133,11,144
557840546,133,4,137
572847319,133,1,134
706265673,133,11,144
1085762119,133,1,134
1408166352,133,0,133
1526553212,133,3,136
1607390360,133,9,142
1935424308,133,5,138
2149356768,133,0,133
2181767526,133,1,134
2315896393,133,1,134
2763007723,133,2,135
2799966304,133,0,133
2861342065,133,5,138
2883695266,133,4,137
2950496525,133,17,150
3013830860,133,1,134
3229528586,133,0,133
3298684151,133,7,140
3313514424,133,5,138
3434990301,133,2,135
3676047863,133,4,137
4267175567,133,6,139
4443696733,133,3,136
4856642956,133,11,144
711338845099282432,133,0,133
711368248848211968,133,8,141
720920519269179392,133,0,133
733733770680016901,133,8,141
759463089448230914,133,5,138
769051888486604800,133,4,137
784829417168207873,133,5,138
13525402,132,1,133
16364699,132,9,141
23956022,132,4,136
27951857,132,2,134
28161086,132,5,137
32466500,132,2,134
33317438,132,11,143
37361963,132,3,135
47687096,132,1,133
50679073,132,5,137
72529640,132,0,132
293558725,132,8,140
526632149,132,7,139
542997188,132,7,139
568771863,132,1,133
715044396,132,16,148
718981142,132,10,142
1141336530,132,2,134
1252826672,132,9,141
1941614930,132,4,136
2288898117,132,2,134
2525675331,132,3,135
2721267708,132,0,132
2733386649,132,2,134
2784100399,132,8,140
2845849081,132,1,133
2903064759,132,0,132
2972993838,132,4,136
3129047341,132,3,135
3169649371,132,3,135
3304796160,132,3,135
3399869637,132,11,143
4122056133,132,6,138
4736799939,132,3,135
4813881008,132,5,137
4888526439,132,5,137
4924217224,132,10,142
702990664829681665,132,2,134
705425662304247808,132,11,143
713843863778172928,132,3,135
725776399139770368,132,11,143
741420007876395008,132,5,137
745451996983885825,132,4,136
781803414606884864,132,4,136
790295182662995968,132,2,134
53874609,131,3,134
88861017,131,4,135
93067638,131,4,135
138713188,131,3,134
173249499,131,3,134
227474177,131,14,145
235672285,131,7,138
238962950,131,1,132
249328041,131,1,132
286210015,131,2,133
345016326,131,6,137
403695489,131,6,137
403709229,131,6,137
473279639,131,5,136
510120656,131,12,143
721421795,131,6,137
955062331,131,0,131
1258161890,131,1,132
2407411801,131,8,139
2567327096,131,2,133
2804480622,131,1,132
3044596275,131,4,135
3077426913,131,2,133
3252457706,131,5,136
3609952274,131,10,141
3621289632,131,2,133
3624648676,131,3,134
4100525847,131,0,131
4258194688,131,11,142
4614305539,131,1,132
4759057768,131,113,244
4903050937,131,2,133
4910496196,131,7,138
700760229051379713,131,3,134
704470380690456579,131,9,140
706955785280983040,131,5,136
716352577256837120,131,7,138
718808839236116480,131,2,133
726791925487915008,131,2,133
732298151382663170,131,0,131
734556260796932097,131,2,133
739939225852747777,131,2,133
742089536939929600,131,6,137
748336266106671104,131,18,149
752311572622606336,131,2,133
753632625072431104,131,0,131
755547494369660928,131,1,132
759149064470474754,131,7,138
786259108936552448,131,1,132
799095285721010176,131,0,131
14346664,130,4,134
16226605,130,7,137
18832833,130,4,134
27746796,130,3,133
30938516,130,4,134
47573602,130,5,135
60771299,130,0,130
124896632,130,27,157
125042858,130,1,131
144265513,130,2,132
172344918,130,0,130
174963040,130,1,131
179598231,130,0,130
200988802,130,3,133
262522708,130,4,134
372559286,130,5,135
384538391,130,5,135
483133119,130,0,130
517501612,130,23,153
525652918,130,4,134
525678506,130,0,130
531806071,130,3,133
537021282,130,0,130
807990584,130,2,132
851674140,130,5,135
861868506,130,8,138
891832680,130,3,133
929430463,130,1,131
1539095702,130,1,131
1700309780,130,0,130
2315414166,130,4,134
2650075664,130,4,134
2843980425,130,2,132
3050068869,130,8,138
3315630181,130,7,137
4405711588,130,3,133
4472374217,130,0,130
4503128412,130,7,137
4818060021,130,3,133
710280307195387906,130,6,136
724742529267064833,130,4,134
733438971859107840,130,4,134
738908828129984512,130,1,131
753450025515036672,130,2,132
757291789556461569,130,6,136
769557895872589825,130,1,131
772142974255833088,130,25,155
772856434362953728,130,1,131
16482165,129,5,134
21282485,129,6,135
46931193,129,0,129
71626954,129,10,139
81438841,129,9,138
91736511,129,1,130
200327576,129,2,131
260573709,129,5,134
311663803,129,27,156
325880081,129,10,139
359524918,129,4,133
813930560,129,0,129
1016153754,129,9,138
1470713024,129,7,136
1932657667,129,0,129
2365305244,129,7,136
2916269776,129,6,135
3680833583,129,10,139
3761843294,129,4,133
3921906322,129,3,132
4824106473,129,1,130
4871364018,129,0,129
712396720148099072,129,5,134
720116425852108800,129,1,130
725057007967936514,129,9,138
733141836743630849,129,3,132
754506286826389504,129,9,138
756988954755395584,129,3,132
758720861167812608,129,2,131
785254322669924353,129,2,131
786329417261780992,129,1,130
13026532,128,0,128
15258794,128,3,131
19374918,128,6,134
21400889,128,12,140
24456834,128,0,128
25782041,128,8,136
26243227,128,1,129
38811048,128,14,142
45574526,128,4,132
49099638,128,2,130
59241915,128,31,159
141016227,128,16,144
208275450,128,1,129
233612550,128,0,128
262148185,128,5,133
299893741,128,11,139
305305516,128,5,133
353009825,128,5,133
381308128,128,3,131
408304057,128,2,130
562372370,128,0,128
628789551,128,6,134
793744861,128,6,134
796191410,128,5,133
1008492163,128,4,132
1144593456,128,1,129
1314250814,128,0,128
1461779965,128,1,129
1692555433,128,2,130
2260694347,128,2,130
2330101823,128,8,136
2568977460,128,0,128
2715307940,128,3,131
2859702526,128,19,147
2916058482,128,0,128
2936477807,128,4,132
3314267340,128,0,128
3368013315,128,3,131
3449527579,128,17,145
3898667473,128,2,130
4665140534,128,5,133
4830435670,128,1,129
4926495803,128,9,137
709778631543787520,128,9,137
736421819062714368,128,1,129
745319037677211652,128,9,137
746367431388585984,128,11,139
750438537833619457,128,7,135
758788609415655424,128,8,136
760210231859130369,128,4,132
768600209056145409,128,2,130
769240951604772864,128,4,132
780739270663294976,128,4,132
791149260054138880,128,2,130
18587394,127,5,132
23332368,127,6,133
24787367,127,10,137
29519474,127,1,128
32639160,127,2,129
35500378,127,1,128
53119816,127,2,129
55935057,127,3,130
74236071,127,7,134
116473390,127,11,138
144575406,127,1,128
150091920,127,33,160
160237390,127,2,129
166362103,127,6,133
182366037,127,0,127
261042326,127,1,128
275690545,127,1,128
369312255,127,7,134
502116444,127,3,130
525857535,127,1,128
601930683,127,8,135
708309848,127,83,210
720045069,127,8,135
731700746,127,12,139
757616784,127,4,131
1258767608,127,1,128
1531974344,127,3,130
1653887586,127,6,133
1668265830,127,3,130
2242866050,127,8,135
2457553466,127,0,127
2727716160,127,0,127
2734747239,127,5,132
2896297893,127,3,130
2952719616,127,4,131
3234363207,127,0,127
3247965726,127,14,141
3314529347,127,18,145
3319032103,127,5,132
3409704381,127,0,127
3448960215,127,5,132
4028788342,127,1,128
4329921207,127,2,129
4762924158,127,5,132
700386430510497792,127,5,132
707640739677732864,127,6,133
709560846163296257,127,0,127
725324464410513414,127,7,134
730591930044710913,127,0,127
734851163166801920,127,1,128
757098405109780484,127,7,134
785668743191945216,127,2,129
786704913447395328,127,4,131
789945249728716800,127,0,127
791151679785828352,127,0,127
14613185,126,3,129
17112868,126,0,126
22719839,126,8,134
39188067,126,5,131
41830267,126,3,129
58280294,126,1,127
93514317,126,2,128
134126795,126,1,127
171570249,126,0,126
175828319,126,1,127
272499767,126,5,131
280027618,126,0,126
297709580,126,0,126
382295125,126,9,135
458542982,126,6,132
503603307,126,12,138
574822364,126,9,135
584350121,126,1,127
625122575,126,0,126
824754061,126,1,127
921994520,126,12,138
1361076439,126,10,136
1543640652,126,0,126
1706302074,126,3,129
2197106143,126,238,364
2444802146,126,1,127
2444984626,126,7,133
2450197100,126,0,126
2584212787,126,7,133
2612313356,126,0,126
2659968157,126,3,129
2803637097,126,1,127
2859137916,126,1,127
3031773999,126,1,127
3201789399,126,6,132
3313865923,126,2,128
4223251997,126,4,130
4459753935,126,16,142
4716237802,126,0,126
708098284473204736,126,32,158
708496183187013632,126,3,129
709280891420278785,126,6,132
722310280068276225,126,1,127
725901134385172481,126,5,131
736750781093707776,126,6,132
737902528264863744,126,0,126
743216873924235264,126,5,131
744889901267755008,126,15,141
754540404708696064,126,5,131
760180496995266560,126,2,128
762821534662664192,126,4,130
765286320151359495,126,0,126
792785656825073665,126,0,126
17545469,125,22,147
27903560,125,6,131
46260456,125,5,130
54935632,125,11,136
56838981,125,3,128
57603422,125,9,134
66833170,125,13,138
69032114,125,11,136
77866644,125,0,125
146107827,125,1,126
199493444,125,9,134
276356796,125,5,130
305120082,125,2,127
348667672,125,5,130
425171276,125,3,128
488060497,125,2,127
497031544,125,1,126
526463447,125,6,131
532779124,125,3,128
630618358,125,0,125
635862661,125,7,132
763653342,125,0,125
808152564,125,0,125
899016632,125,3,128
930245052,125,8,133
1164705565,125,15,140
1499413717,125,9,134
1668588985,125,3,128
1918114236,125,0,125
2291620530,125,7,132
2314379118,125,0,125
2494833214,125,0,125
2531015528,125,2,127
2555668158,125,5,130
2671630338,125,1,126
3026830124,125,0,125
3115507285,125,2,127
3135324675,125,3,128
3157366293,125,0,125
3407994333,125,3,128
4180433547,125,2,127
4184864894,125,1,126
4503215594,125,10,135
4586494518,125,5,130
4857314939,125,7,132
4858916014,125,4,129
702649250027536385,125,6,131
707595152307703808,125,1,126
708633916526170113,125,7,132
710971439185170432,125,4,129
712121038859935745,125,2,127
715384988246675456,125,6,131
733828747690811392,125,30,155
758897050058534912,125,2,127
782594501239971841,125,3,128
783021231683477504,125,5,130
795915985106649088,125,1,126
796575993418973184,125,0,125
2182041,124,3,127
17225430,124,14,138
17756112,124,1,125
27767395,124,4,128
58903312,124,0,124
60744705,124,12,136
66598468,124,0,124
84940229,124,5,129
108475786,124,8,132
110978799,124,4,128
133277230,124,4,128
154108144,124,12,136
207271383,124,4,128
261721090,124,1,125
296867794,124,7,131
309686668,124,0,124
310255632,124,3,127
316991323,124,0,124
334923393,124,10,134
416585874,124,4,128
533074865,124,8,132
606507498,124,1,125
637220816,124,2,126
770874362,124,3,127
909448512,124,9,133
1116671676,124,0,124
1250419446,124,9,133
1855170788,124,0,124
1857282618,124,0,124
2193305060,124,1,125
2351934614,124,1,125
2366303900,124,10,134
2450740651,124,6,130
2571872893,124,9,133
2824812649,124,1,125
2853516157,124,1,125
2890165361,124,5,129
2913088509,124,2,126
2958201126,124,6,130
2958832497,124,4,128
2997507926,124,3,127
3540252020,124,4,128
3884205253,124,3,127
4228937179,124,0,124
4342659921,124,1,125
4686555463,124,6,130
4925767476,124,26,150
733082917115568128,124,0,124
736064322242154496,124,3,127
736291160688201728,124,6,130
757842087542829057,124,1,125
759120478413942788,124,4,128
763963678274138112,124,6,130
780085194317557760,124,0,124
783509913246904321,124,8,132
791506470550564864,124,1,125
14055791,123,2,125
14218572,123,4,127
19317371,123,6,129
20010422,123,3,126
26357999,123,0,123
39878846,123,0,123
45920157,123,3,126
47046643,123,0,123
73099200,123,1,124
75080436,123,0,123
78364244,123,1,124
114558569,123,0,123
141933129,123,4,127
155651563,123,8,131
161937367,123,1,124
221663722,123,0,123
249504637,123,5,128
251010753,123,4,127
293745809,123,5,128
373510298,123,1,124
423820604,123,10,133
538182130,123,5,128
606504150,123,11,134
918295123,123,1,124
929882659,123,8,131
1409552341,123,0,123
1518558894,123,0,123
2147629573,123,4,127
2319339266,123,5,128
2597205728,123,1,124
2869618861,123,4,127
2973318457,123,4,127
3005444436,123,0,123
3106208237,123,1,124
3244665439,123,0,123
3366943366,123,0,123
3433590633,123,2,125
3663025166,123,36,159
4529656273,123,7,130
4827698474,123,2,125
4828339398,123,5,128
4904455246,123,0,123
700772748705079296,123,2,125
702229568812412929,123,4,127
704411060485406721,123,3,126
738203112255586308,123,2,125
744533399323447296,123,2,125
755127495775625216,123,2,125
758830577663418372,123,1,124
767512991617130500,123,8,131
770681636874772480,123,0,123
780882356315971584,123,4,127
25083002,122,0,122
29118781,122,1,123
36775124,122,0,122
44522992,122,0,122
45450902,122,11,133
61305465,122,7,129
79523499,122,7,129
86940495,122,0,122
145285683,122,7,129
203560167,122,0,122
214305431,122,2,124
223932036,122,5,127
279167748,122,6,128
286349282,122,12,134
333315861,122,3,125
357232722,122,193,315
366374544,122,23,145
392848910,122,0,122
413765264,122,6,128
480500298,122,3,125
593845824,122,3,125
612214031,122,7,129
777220417,122,2,124
1188145430,122,7,129
1434060954,122,4,126
1471218535,122,5,127
1514534004,122,6,128
1595125903,122,4,126
1654258802,122,9,131
2157061574,122,66,188
2250489164,122,0,122
2330468346,122,1,123
2581320411,122,12,134
2763414210,122,3,125
2783538092,122,0,122
2914375985,122,0,122
2915698086,122,6,128
3034782866,122,7,129
3151620258,122,3,125
3214757596,122,1,123
3291902538,122,8,130
3409782221,122,10,132
3507169515,122,14,136
4085974457,122,2,124
4443429972,122,3,125
4851343726,122,3,125
4896177359,122,0,122
702937453934583808,122,0,122
730594503816417281,122,2,124
746024155695452160,122,7,129
755893080373366784,122,4,126
779123918648901632,122,2,124
806288502476382208,122,4,126
14535521,121,2,123
16074465,121,2,123
16154692,121,1,122
19533349,121,1,122
21111097,121,0,121
23659863,121,0,121
29136429,121,11,132
41883456,121,6,127
44417425,121,3,124
67426597,121,1,122
118854577,121,6,127
129940576,121,5,126
215112498,121,4,125
286025358,121,0,121
319276183,121,8,129
372572992,121,0,121
374826129,121,14,135
396231754,121,6,127
526427083,121,0,121
598549298,121,6,127
704306828,121,3,124
755266896,121,1,122
919582351,121,0,121
994902187,121,6,127
1013796373,121,3,124
1029432889,121,0,121
1056388153,121,3,124
1093277930,121,6,127
1119695227,121,2,123
1921932272,121,18,139
1950315650,121,24,145
2189164824,121,1,122
2341462998,121,21,142
2389413932,121,0,121
2854969384,121,1,122
2894919166,121,0,121
3163653229,121,2,123
3302153561,121,11,132
3315464599,121,2,123
3735801916,121,3,124
3947638457,121,5,126
4183085298,121,8,129
4228788018,121,8,129
4840654073,121,6,127
4879397523,121,5,126
703028439465365504,121,15,136
707025944389681152,121,4,125
719594033752993792,121,1,122
721992744210550784,121,8,129
732223000880123904,121,0,121
736412037111156738,121,2,123
758506186673094656,121,4,125
760581860015673344,121,5,126
773970968075235328,121,4,125
779329104906629120,121,5,126
785896490497613825,121,3,124
792479813319598080,121,0,121
793506245743349762,121,0,121
14189931,120,11,131
16043205,120,11,131
22040193,120,4,124
23047147,120,4,124
23444554,120,4,124
27179975,120,2,122
38272228,120,3,123
42135344,120,0,120
44377087,120,8,128
82620556,120,0,120
113721074,120,5,125
121962354,120,7,127
146344101,120,2,122
154154649,120,0,120
179871513,120,0,120
266262341,120,1,121
308130306,120,3,123
348094373,120,3,123
349445673,120,2,122
350261087,120,7,127
526610167,120,10,130
573692319,120,3,123
827214126,120,11,131
858993643,120,12,132
930346952,120,11,131
1119299306,120,9,129
1140425539,120,0,120
1206161593,120,4,124
2149437525,120,0,120
2350676532,120,1,121
2352127176,120,7,127
3001649164,120,2,122
3028974489,120,0,120
3177200475,120,11,131
3232977036,120,8,128
3294627524,120,0,120
3309884754,120,14,134
3413144536,120,2,122
3648811994,120,4,124
3905905514,120,21,141
4098378197,120,2,122
4240514358,120,1,121
4499507385,120,0,120
4600705881,120,12,132
4611417263,120,2,122
4711842672,120,0,120
4776253104,120,7,127
4876515362,120,2,122
705467048306933760,120,2,122
709451112739262465,120,5,125
711031138173587456,120,12,132
715286343023267841,120,5,125
720543755594432512,120,0,120
722789468831395840,120,4,124
738093895309893632,120,0,120
743181738801762308,120,6,126
749781667485655041,120,0,120
15736890,119,2,121
16974310,119,7,126
29534413,119,3,122
30067563,119,3,122
34089686,119,2,121
43033837,119,3,122
45377352,119,10,129
47173527,119,7,126
48160300,119,2,121
51096249,119,3,122
56512634,119,1,120
87510427,119,4,123
92752327,119,4,123
96883376,119,1,120
102816266,119,5,124
121171999,119,5,124
125304610,119,10,129
160707380,119,2,121
165710347,119,2,121
258102381,119,4,123
291405304,119,3,122
311140916,119,4,123
311925651,119,4,123
326003769,119,3,122
329939178,119,4,123
331175010,119,0,119
342289303,119,14,133
358425249,119,0,119
371422784,119,6,125
426999530,119,12,131
429429068,119,7,126
452258843,119,0,119
607039851,119,7,126
609546191,119,4,123
724833043,119,3,122
733920601,119,1,120
973615898,119,2,121
1500492770,119,1,120
1679672113,119,6,125
1863145748,119,1,120
1928409378,119,2,121
2273723534,119,2,121
2541253285,119,7,126
2567146231,119,7,126
2828210702,119,7,126
2986104832,119,7,126
2997593358,119,7,126
3010465214,119,4,123
3018140491,119,4,123
3149734677,119,0,119
3228455198,119,6,125
3292911462,119,6,125
3639087436,119,2,121
3643236509,119,2,121
4185143260,119,3,122
4758446941,119,6,125
4837973643,119,3,122
699774854111821824,119,4,123
700516640752971776,119,0,119
705607680145149952,119,3,122
709428021200084992,119,11,130
717761952311717889,119,6,125
747480363371499520,119,11,130
748548238563639296,119,3,122
785187503544295424,119,7,126
14132525,118,0,118
15735034,118,3,121
24782816,118,9,127
28037002,118,2,120
32497478,118,8,126
32550356,118,6,124
33585235,118,0,118
34530133,118,4,122
38174481,118,0,118
43493363,118,7,125
49346997,118,1,119
59380474,118,3,121
69163320,118,2,120
69585681,118,8,126
110496780,118,2,120
130977700,118,6,124
152710885,118,0,118
160000354,118,0,118
180810321,118,2,120
189486699,118,4,122
229732637,118,8,126
244900398,118,28,146
245605402,118,0,118
299097281,118,5,123
361989594,118,3,121
381555566,118,6,124
400142857,118,3,121
426290352,118,8,126
454570392,118,4,122
466183294,118,6,124
467231947,118,5,123
471062544,118,10,128
525726943,118,7,125
532457531,118,1,119
548684837,118,5,123
635938883,118,2,120
846009488,118,1,119
915137490,118,6,124
1401452395,118,0,118
1679279490,118,9,127
2161787000,118,3,121
2293109486,118,8,126
2374048657,118,10,128
2492333083,118,2,120
2585808948,118,1,119
3098348408,118,1,119
3189317230,118,7,125
3286910690,118,4,122
3301991237,118,1,119
3307512417,118,9,127
3438546789,118,7,125
4046848545,118,2,120
4411076609,118,4,122
4568880935,118,1,119
4707710115,118,3,121
4871418692,118,8,126
705187111981465600,118,11,129
732803095911104514,118,8,126
735339050278760450,118,0,118
738873561666879489,118,2,120
742396324969127936,118,2,120
743166519157227520,118,4,122
744856868888141824,118,1,119
773728070897467396,118,7,125
777622223863418880,118,6,124
783408079836700672,118,10,128
17741986,117,2,119
25922632,117,1,118
32389958,117,8,125
32877018,117,3,120
36138008,117,6,123
46009249,117,2,119
47876739,117,7,124
49785617,117,6,123
51795266,117,0,117
60089996,117,3,120
65120853,117,16,133
69391389,117,3,120
108463543,117,11,128
113423108,117,4,121
180965632,117,18,135
203593704,117,1,118
274667122,117,0,117
299046498,117,4,121
313246522,117,0,117
315461934,117,3,120
320267399,117,0,117
353426909,117,1,118
358892210,117,5,122
378889645,117,0,117
416981394,117,1,118
530935695,117,6,123
549600704,117,11,128
578509298,117,1,118
750090764,117,2,119
860854063,117,0,117
993249000,117,7,124
1034971032,117,1,118
1379501748,117,5,122
1554095036,117,0,117
1960909944,117,6,123
2153342610,117,7,124
2162983369,117,28,145
2211112023,117,5,122
2270414820,117,9,126
2329701019,117,4,121
2367370628,117,5,122
2419491810,117,0,117
2494237140,117,8,125
2598109296,117,4,121
2600578123,117,0,117
2658891288,117,8,125
2712326760,117,4,121
2712763860,117,2,119
2732152523,117,1,118
3087340352,117,3,120
3103508387,117,2,119
3110905846,117,1,118
3243328102,117,1,118
3269250990,117,7,124
3433271854,117,2,119
3446784017,117,7,124
3506866154,117,0,117
3642461540,117,0,117
3961106899,117,0,117
4043345250,117,1,118
4077660797,117,7,124
4100919203,117,0,117
4894936756,117,5,122
702492434857590784,117,5,122
705433853289082880,117,5,122
711369647598141440,117,2,119
715198069575327744,117,4,121
729022640313106432,117,2,119
731608385645318144,117,2,119
738452826494533632,117,2,119
742122569755693056,117,5,122
747663887969955840,117,3,120
783696351645151232,117,2,119
789470414972092416,117,3,120
14800131,116,7,123
20209042,116,2,118
22261699,116,2,118
22626807,116,0,116
25455235,116,7,123
27463702,116,10,126
32151367,116,0,116
33059689,116,3,119
35606154,116,65,181
46430292,116,1,117
59344493,116,5,121
60420690,116,12,128
67198790,116,0,116
71007826,116,3,119
120544074,116,12,128
121240525,116,11,127
138320520,116,1,117
139768199,116,8,124
152007388,116,3,119
176657599,116,5,121
192308563,116,6,122
239432753,116,2,118
244826844,116,7,123
342955623,116,0,116
433417278,116,7,123
530984698,116,1,117
531668387,116,4,120
575648685,116,2,118
735101078,116,1,117
750239178,116,11,127
852011923,116,2,118
863569338,116,2,118
1383470294,116,4,120
1423540242,116,0,116
1665551456,116,2,118
2338823611,116,3,119
2340899358,116,2,118
2757042696,116,0,116
2789007712,116,5,121
2812638431,116,7,123
2975093116,116,5,121
3022045469,116,5,121
3106279168,116,2,118
3111670868,116,4,120
3174127245,116,5,121
3231834818,116,3,119
3390214067,116,3,119
3519657916,116,6,122
3528516439,116,0,116
3695704812,116,3,119
4659376637,116,5,121
4839972555,116,0,116
709165943297937409,116,7,123
714502162852741121,116,5,121
721888030932336640,116,3,119
734531488214089728,116,0,116
742137549263536128,116,0,116
749069182826754048,116,3,119
751242415911075840,116,1,117
756195379549446144,116,0,116
19615940,115,5,120
27725668,115,4,119
34822048,115,9,124
36494299,115,2,117
36792190,115,8,123
40691581,115,4,119
40711067,115,11,126
44085758,115,0,115
57058641,115,8,123
69921766,115,3,118
123476324,115,1,116
129314386,115,6,121
146659588,115,1,116
154236193,115,20,135
181574946,115,3,118
184722910,115,2,117
224732878,115,5,120
234497162,115,0,115
241803028,115,6,121
248760067,115,2,117
320999960,115,9,124
345112635,115,1,116
349027514,115,13,128
384434800,115,1,116
386331159,115,20,135
531581044,115,0,115
560408595,115,3,118
563056473,115,7,122
602426326,115,0,115
719691159,115,5,120
744920442,115,8,123
795870090,115,6,121
947994470,115,0,115
1177491776,115,2,117
1191313830,115,9,124
1355433163,115,0,115
1451654041,115,1,116
1529340344,115,3,118
1659405564,115,5,120
1701698635,115,1,116
1719525565,115,1,116
2349012840,115,4,119
2931232017,115,1,116
3436173213,115,6,121
3646190173,115,8,123
3743853674,115,1,116
3835451007,115,0,115
3961381816,115,0,115
4242824480,115,6,121
4411875801,115,2,117
4426650435,115,2,117
4538011588,115,6,121
716054156767678464,115,1,116
724723834994208768,115,6,121
729950129923489792,115,8,123
742419834986725376,115,1,116
761207175922520064,115,3,118
766205722937921536,115,6,121
796310647185297408,115,0,115
16673688,114,2,116
19658674,114,1,115
21508174,114,1,115
37020028,114,16,130
47440762,114,2,116
64114176,114,5,119
67326212,114,9,123
72777391,114,3,117
87835772,114,8,122
104240343,114,15,129
118708596,114,1,115
237893634,114,0,114
243777506,114,1,115
262800088,114,6,120
264333941,114,9,123
283455112,114,10,124
293795974,114,14,128
306724690,114,0,114
330643630,114,3,117
330799343,114,4,118
343656851,114,2,116
386746916,114,3,117
389597423,114,7,121
394272436,114,6,120
457566485,114,4,118
474066334,114,1,115
484801775,114,1,115
551305411,114,3,117
574305212,114,0,114
887569722,114,7,121
1089851852,114,3,117
1884893365,114,0,114
1890976934,114,18,132
2255983068,114,8,122
2468062698,114,0,114
2695613960,114,1,115
2766239923,114,1,115
3048787503,114,5,119
3091637038,114,10,124
3092878870,114,3,117
3156705035,114,14,128
3237146698,114,4,118
3306718654,114,0,114
3311748530,114,6,120
3379172271,114,1,115
3503962453,114,6,120
3517723337,114,9,123
3899269515,114,7,121
3906820392,114,3,117
3951302129,114,4,118
3952418663,114,4,118
4030552332,114,1,115
4855679640,114,6,120
4895085192,114,1,115
705188763060846593,114,4,118
712639018534461440,114,1,115
723316579740573696,114,2,116
742914907541274624,114,2,116
747838822373695488,114,2,116
747944972175958016,114,7,121
755924220668882947,114,2,116
756567239302799360,114,3,117
758398111588823040,114,5,119
759396501168599044,114,5,119
765306808978202626,114,4,118
766279737387978752,114,3,117
770841665321840641,114,1,115
777335313467256832,114,2,116
791280646735794176,114,1,115
17578324,113,2,115
21047811,113,7,120
23477550,113,1,114
25924647,113,25,138
26812010,113,0,113
27551703,113,0,113
30523058,113,36,149
31614106,113,4,117
33396486,113,3,116
36293275,113,11,124
36985886,113,1,114
38258259,113,0,113
41559967,113,2,115
41949140,113,12,125
45284956,113,9,122
56123341,113,4,117
57655062,113,15,128
60628530,113,4,117
85717595,113,10,123
99137237,113,0,113
106527267,113,7,120
118284117,113,0,113
232656968,113,2,115
315207449,113,0,113
405134164,113,3,116
421256862,113,1,114
472589320,113,9,122
489855788,113,1,114
517912413,113,6,119
546488925,113,8,121
580975146,113,2,115
723306858,113,1,114
812215344,113,3,116
846744007,113,1,114
866554580,113,1,114
878615532,113,0,113
1004554363,113,0,113
1011299226,113,1,114
1041079664,113,5,118
1103922284,113,1,114
1281623378,113,6,119
1410705194,113,0,113
1546678166,113,7,120
1573693302,113,3,116
1594642194,113,10,123
1914072698,113,1,114
2376565033,113,2,115
2535958714,113,1,114
2783958585,113,0,113
2873806249,113,11,124
2890287140,113,7,120
3006690178,113,3,116
3010591014,113,0,113
3147813413,113,0,113
3316042693,113,6,119
3949756833,113,8,121
4116576980,113,5,118
4388598255,113,8,121
4499485696,113,6,119
4547821336,113,4,117
4798877776,113,1,114
701419368043962368,113,7,120
706585866714517505,113,5,118
709047454436564992,113,2,115
710641842241589248,113,3,116
739064956453150721,113,9,122
745852214493777920,113,6,119
746097533194141696,113,1,114
751393480115625984,113,5,118
757709658555490305,113,3,116
777343127598366720,113,12,125
26121933,112,12,124
26425877,112,2,114
42729835,112,8,120
49907425,112,3,115
52096510,112,3,115
55252238,112,2,114
68741593,112,2,114
70749151,112,1,113
96655856,112,8,120
116231444,112,6,118
125640659,112,10,122
129039575,112,3,115
212360464,112,4,116
221011668,112,4,116
261317758,112,0,112
316635261,112,1,113
336594986,112,1,113
473109100,112,7,119
532774287,112,3,115
568828814,112,3,115
609621477,112,0,112
833650770,112,5,117
845600018,112,5,117
1080576949,112,9,121
1144155792,112,6,118
1177632823,112,11,123
1205138478,112,3,115
1247805630,112,4,116
1543924651,112,10,122
1545926258,112,4,116
1895672233,112,1,113
2155220057,112,6,118
2265885618,112,0,112
2481896449,112,0,112
2736962849,112,1,113
2826313845,112,0,112
2971753953,112,8,120
2972624471,112,2,114
2991153401,112,12,124
2999700747,112,5,117
3053041947,112,5,117
3236538069,112,4,116
3245248531,112,1,113
3260134182,112,6,118
3353724259,112,1,113
3609833652,112,4,116
3720197295,112,5,117
4223111532,112,2,114
4255857011,112,0,112
4363642168,112,16,128
4688280565,112,2,114
4692195031,112,8,120
4774933922,112,6,118
4851562701,112,1,113
4855352961,112,4,116
4909948916,112,12,124
702917088671866881,112,1,113
708362799907512321,112,0,112
712762661776322561,112,8,120
715977011408330753,112,4,116
719581669607378944,112,14,126
721104775689863168,112,13,125
722326109715623937,112,4,116
729111436136468481,112,0,112
733082357041922048,112,4,116
734424985058451456,112,3,115
741881743477604352,112,2,114
742880371688099840,112,5,117
760010546426937344,112,4,116
760947198179762176,112,0,112
768098547770068992,112,3,115
783126770925047808,112,1,113
795413774811312128,112,0,112
15040988,111,2,113
16450389,111,3,114
25033441,111,2,113
25722965,111,3,114
29352697,111,0,111
30208983,111,7,118
37447675,111,3,114
53847150,111,5,116
90759119,111,0,111
104979795,111,10,121
114872258,111,3,114
212376833,111,0,111
213071545,111,5,116
264219232,111,4,115
277200454,111,3,114
361444464,111,6,117
376748053,111,1,112
384291112,111,5,116
394404097,111,0,111
420498973,111,2,113
514873213,111,7,118
551637176,111,3,114
601353443,111,3,114
628157168,111,4,115
867442170,111,3,114
908532632,111,1,112
940825748,111,0,111
1481460001,111,1,112
1579287858,111,1,112
1874038260,111,3,114
2196212185,111,1,112
2399048166,111,13,124
2511162391,111,6,117
2796119365,111,1,112
2884603973,111,1,112
2923233890,111,5,116
2949339839,111,4,115
3111831389,111,1,112
3160219068,111,6,117
3266230939,111,6,117
3302766727,111,1,112
3320162235,111,3,114
3762035549,111,1,112
3824278154,111,1,112
3951211755,111,4,115
3985438453,111,4,115
4249418631,111,3,114
4804117034,111,10,121
4841872634,111,4,115
707021369377030145,111,15,126
707548289168744449,111,2,113
708485128800997376,111,24,135
708703657840287744,111,5,116
711240496379727874,111,0,111
712257987520372736,111,8,119
714943919717396480,111,12,123
720324648777478144,111,0,111
720684341647577088,111,10,121
723577767820967937,111,2,113
738862334383423488,111,13,124
765749691547914241,111,3,114
767777919578017793,111,1,112
777239255500197888,111,2,113
787732601255579648,111,3,114
19195048,110,4,114
24093660,110,1,111
31303107,110,1,111
71089130,110,0,110
72962763,110,1,111
73155705,110,12,122
73390283,110,0,110
80137363,110,6,116
94627583,110,4,114
95344313,110,2,112
127175879,110,0,110
223744995,110,5,115
239252503,110,0,110
247011084,110,0,110
250684495,110,2,112
254225845,110,1,111
264463470,110,7,117
274896986,110,2,112
296365729,110,0,110
306187852,110,3,113
332171835,110,0,110
363955840,110,7,117
381311273,110,4,114
443924415,110,7,117
447685188,110,1,111
524901955,110,23,133
615692074,110,5,115
625706391,110,4,114
722207654,110,17,127
849098418,110,6,116
854982762,110,1,111
861537582,110,5,115
862831734,110,6,116
863693749,110,12,122
865352042,110,6,116
905530344,110,14,124
934612987,110,12,122
1106507400,110,11,121
1301159580,110,8,118
1323712302,110,5,115
1338047336,110,6,116
1382074880,110,0,110
2178310401,110,9,119
2179012138,110,3,113
2203455899,110,3,113
2279689231,110,7,117
2369640619,110,6,116
2417813899,110,3,113
2592010609,110,3,113
2751089602,110,2,112
2769315279,110,3,113
2798798158,110,2,112
2814308774,110,0,110
2892639557,110,3,113
2984695729,110,0,110
2991866248,110,0,110
3071465511,110,6,116
3354784032,110,2,112
3417755386,110,10,120
3423329290,110,2,112
3462708383,110,2,112
3546630376,110,6,116
3612731472,110,5,115
3740303121,110,64,174
3988986443,110,6,116
4107027087,110,5,115
4340464215,110,3,113
4534513338,110,9,119
4686776250,110,2,112
4852228768,110,4,114
4865218797,110,2,112
702228334655074304,110,12,122
703339516493492229,110,11,121
704461995643375617,110,8,118
705403933280305153,110,6,116
709116264019402752,110,2,112
735235693614505985,110,4,114
754752608938622976,110,0,110
759067145007398912,110,40,150
767553236878266369,110,3,113
786645817905991680,110,7,117
794545707181101056,110,1,111
17123611,109,4,113
20889358,109,6,115
21947781,109,5,114
27308120,109,3,112
38226099,109,3,112
39043770,109,1,110
45192612,109,8,117
74311481,109,16,125
89949423,109,2,111
90620291,109,1,110
127083451,109,8,117
187419840,109,8,117
189730834,109,2,111
206962580,109,2,111
232218349,109,3,112
334582819,109,7,116
341073304,109,3,112
466152563,109,0,109
478640581,109,2,111
526639885,109,2,111
557960079,109,1,110
576765914,109,1,110
586921591,109,2,111
731710176,109,7,116
862030153,109,5,114
868805886,109,10,119
932445374,109,0,109
998412954,109,0,109
1005442969,109,3,112
1077541242,109,3,112
1129528310,109,2,111
1238277762,109,2,111
1280947238,109,9,118
1357640443,109,1,110
1558202438,109,1,110
1563581490,109,1,110
2305994220,109,4,113
2655358698,109,4,113
2834302360,109,5,114
2908293891,109,1,110
2941351219,109,21,130
2966503372,109,0,109
3013299916,109,4,113
3197462131,109,1,110
3681966139,109,3,112
3796864698,109,6,115
4307533814,109,2,111
4584443975,109,4,113
4883847269,109,40,149
703826648987086848,109,7,116
718818344309231616,109,3,112
723641630931058688,109,4,113
741315273278398464,109,5,114
755901421044703232,109,1,110
767100119049236480,109,3,112
769153639260758016,109,8,117
776228194571649025,109,4,113
785252087923748864,109,3,112
786214597124501505,109,2,111
787660822302498816,109,4,113
788384602960297984,109,6,115
788569059386351620,109,1,110
16290495,108,10,118
22316015,108,0,108
24009233,108,0,108
30511255,108,7,115
30996996,108,7,115
33658276,108,5,113
46772163,108,2,110
47138714,108,1,109
53739953,108,7,115
83171810,108,0,108
94892409,108,0,108
105917253,108,6,114
112183891,108,8,116
118002194,108,0,108
159282342,108,0,108
176292487,108,1,109
182984805,108,4,112
187351126,108,5,113
198656998,108,0,108
225887435,108,0,108
227469180,108,2,110
234126951,108,2,110
294613911,108,0,108
318594095,108,6,114
332317424,108,5,113
333040588,108,3,111
335499722,108,0,108
354248645,108,14,122
372240477,108,4,112
382299304,108,6,114
389919115,108,1,109
413120558,108,11,119
505062730,108,1,109
554802503,108,5,113
556969755,108,1,109
578525346,108,9,117
597056859,108,0,108
614500070,108,2,110
744105860,108,3,111
863320435,108,6,114
885733974,108,3,111
898503012,108,10,118
966312390,108,2,110
969375810,108,10,118
1018781305,108,0,108
1281940632,108,3,111
1356123823,108,6,114
1452574056,108,14,122
1477806830,108,8,116
1669294206,108,0,108
1710236952,108,0,108
2318110123,108,4,112
2566114600,108,4,112
2635376577,108,1,109
2725246382,108,3,111
2840452198,108,6,114
2947772771,108,0,108
2980215107,108,1,109
3031605000,108,2,110
3031667154,108,3,111
3041648696,108,8,116
3218997211,108,13,121
3221765581,108,1,109
3243833459,108,8,116
3325079173,108,3,111
4225209080,108,4,112
4247198123,108,0,108
4247419580,108,5,113
4700267755,108,11,119
4844622794,108,2,110
4854449571,108,4,112
4905152464,108,0,108
702231016023265280,108,22,130
703104758765084674,108,2,110
703284285592064000,108,0,108
706915991851171840,108,0,108
707124686769917952,108,0,108
710103426865225728,108,7,115
711590141584936960,108,10,118
713173219801501702,108,2,110
713698829535674370,108,9,117
726063894310051841,108,3,111
726904144133394433,108,3,111
729795199497461760,108,0,108
732840019551981568,108,5,113
741620531422584832,108,3,111
747557639207301120,108,4,112
755149056880570368,108,2,110
758497895733661698,108,1,109
765207622169616384,108,1,109
765719354570702848,108,8,116
767429872344002560,108,0,108
768661230596689921,108,8,116
773144623812186112,108,1,109
783207625324318720,108,3,111
784936126578556928,108,0,108
788336417806159873,108,2,110
6733412,107,1,108
15693450,107,4,111
31070593,107,4,111
40220359,107,0,107
53266194,107,11,118
54665647,107,1,108
56713264,107,4,111
57049338,107,10,117
64431010,107,2,109
109141162,107,0,107
110505562,107,1,108
124486265,107,10,117
161644944,107,2,109
177182882,107,5,112
192012830,107,4,111
235058907,107,3,110
240367875,107,0,107
251791929,107,0,107
272559329,107,9,116
278809527,107,8,115
280705761,107,0,107
295671873,107,6,113
311212745,107,4,111
356402377,107,1,108
356837905,107,10,117
489377342,107,1,108
502743360,107,10,117
528646417,107,8,115
707946482,107,3,110
712409156,107,4,111
861963872,107,5,112
909115597,107,5,112
1046019332,107,4,111
1076570982,107,3,110
1246714321,107,0,107
1251598134,107,3,110
1408769192,107,2,109
1412431100,107,3,110
1938005023,107,1,108
1969583143,107,0,107
2175926977,107,13,120
2204606340,107,2,109
2206795918,107,4,111
2275927727,107,14,121
2325067037,107,9,116
2340774583,107,0,107
2827346120,107,2,109
2902247287,107,0,107
3006418240,107,2,109
3083086600,107,1,108
3114654839,107,1,108
3198944890,107,0,107
3311711174,107,5,112
3320379743,107,2,109
3762301453,107,0,107
3860848522,107,1,108
4190307435,107,7,114
4764007220,107,19,126
4796678896,107,23,130
701713885599023104,107,3,110
715907016934486016,107,4,111
730770144394280962,107,0,107
738877887869255680,107,4,111
749692650165571587,107,11,118
756684636982349824,107,3,110
757029854525157376,107,3,110
757731953281904640,107,3,110
793224540834762752,107,2,109
18743710,106,2,108
20002807,106,6,112
21071385,106,4,110
24688850,106,0,106
24841259,106,4,110
28864862,106,1,107
29008860,106,5,111
29531485,106,1,107
31435069,106,8,114
96832024,106,4,110
157034798,106,1,107
191156581,106,7,113
266079348,106,8,114
300773836,106,0,106
301857046,106,4,110
313671566,106,5,111
318562573,106,8,114
376531194,106,3,109
443838701,106,3,109
478032703,106,0,106
728588534,106,1,107
734021574,106,2,108
812542670,106,4,110
905374200,106,10,116
927549306,106,2,108
995845117,106,2,108
1058275502,106,2,108
1167559862,106,2,108
1172831154,106,2,108
1195458966,106,2,108
1276320870,106,1,107
1650177931,106,7,113
1899092012,106,0,106
2152799365,106,4,110
2213157290,106,3,109
2294452695,106,1,107
2307395533,106,3,109
2330994686,106,5,111
2360257718,106,5,111
2440527318,106,1,107
2478940417,106,6,112
2567835569,106,1,107
2610573108,106,15,121
2734574376,106,6,112
2740594072,106,1,107
2853841385,106,2,108
2855571953,106,0,106
2924527836,106,0,106
2975187827,106,2,108
2983205608,106,5,111
3159147915,106,1,107
3330557069,106,15,121
3400552306,106,4,110
3441982393,106,2,108
3709194735,106,0,106
3958215027,106,7,113
4428141376,106,0,106
4562138564,106,2,108
4675472413,106,0,106
4731347430,106,4,110
4871955465,106,5,111
4874672487,106,5,111
703736130399813632,106,0,106
715957945712816129,106,1,107
722087539788554240,106,2,108
740630733681659904,106,2,108
750949331889430528,106,5,111
751997503663464450,106,8,114
755475906823618560,106,0,106
756725977863036928,106,0,106
759722267408338946,106,3,109
760593627403857920,106,3,109
767529692744159233,106,7,113
788823877841367041,106,0,106
16210388,105,2,107
16258138,105,0,105
19845077,105,0,105
24763312,105,4,109
26473089,105,1,106
26686224,105,6,111
46202228,105,2,107
50425887,105,2,107
54460294,105,1,106
55823024,105,0,105
59614978,105,6,111
67485325,105,3,108
94177313,105,7,112
98558067,105,4,109
176678019,105,3,108
213118052,105,145,250
213761225,105,7,112
252935567,105,41,146
272103568,105,3,108
274025057,105,0,105
302797688,105,1,106
330017179,105,1,106
378394143,105,0,105
388077359,105,4,109
403899803,105,3,108
470401954,105,3,108
499218109,105,6,111
503324991,105,8,113
579661604,105,5,110
855644246,105,0,105
1075681177,105,2,107
1164199105,105,2,107
1225907048,105,5,110
1226167963,105,4,109
1528799186,105,7,112
1629828379,105,0,105
2163750563,105,2,107
2272203114,105,7,112
2342258809,105,0,105
2776884871,105,6,111
2975510359,105,2,107
2997560407,105,3,108
3051087726,105,3,108
3051725225,105,0,105
3102245372,105,4,109
3192040780,105,2,107
3244445219,105,0,105
3299958235,105,5,110
3317439242,105,1,106
3408529580,105,13,118
3663579675,105,12,117
3817328187,105,1,106
4438791436,105,2,107
4446067695,105,4,109
4489874659,105,0,105
4748579370,105,0,105
4836929488,105,3,108
710967378763354112,105,15,120
713032252251308033,105,8,113
719307983856001029,105,0,105
725754324597522432,105,0,105
735856962299002880,105,3,108
738803960811655168,105,5,110
755435026678972416,105,0,105
759354603750191104,105,6,111
760226993145253888,105,0,105
767086725768310784,105,2,107
769183564105707520,105,4,109
770303925794643968,105,6,111
773740179265818624,105,1,106
785906855121817600,105,0,105
15946464,104,8,112
16074593,104,4,108
19048952,104,3,107
23816574,104,5,109
23994631,104,0,104
28401740,104,0,104
30402086,104,2,106
41677388,104,0,104
46955683,104,3,107
65371363,104,2,106
69987913,104,2,106
70026505,104,9,113
77703940,104,11,115
96435825,104,0,104
102466306,104,9,113
116144352,104,0,104
118953812,104,5,109
124789225,104,2,106
176123550,104,2,106
281321889,104,2,106
304517257,104,5,109
305963266,104,3,107
316810001,104,1,105
343460836,104,3,107
413312369,104,6,110
498911171,104,4,108
527660457,104,5,109
561310591,104,3,107
823449859,104,1,105
945202513,104,0,104
1345070202,104,13,117
1966597219,104,4,108
2151441167,104,1,105
2262574488,104,3,107
2289920960,104,0,104
2361304821,104,5,109
2387426773,104,8,112
2429289774,104,1,105
2464773584,104,1,105
2538087896,104,0,104
2553941234,104,10,114
2579934596,104,3,107
2750161886,104,0,104
2820491088,104,6,110
2862514628,104,1,105
2992180099,104,0,104
3066795690,104,1,105
3086540090,104,0,104
3086902329,104,5,109
3105723744,104,5,109
3302893621,104,4,108
3411191147,104,2,106
3420732972,104,9,113
3529564162,104,6,110
3666862457,104,1,105
3685247237,104,8,112
3775451659,104,0,104
3910256217,104,0,104
4152084855,104,3,107
4364376673,104,3,107
4464465437,104,12,116
4720378829,104,1,105
4883584173,104,1,105
703427540061257728,104,5,109
706442661972934656,104,4,108
709137759991152640,104,1,105
713057500459716608,104,1,105
722413282066214912,104,5,109
729453039103279108,104,5,109
734062356339302400,104,91,195
735850337505009664,104,6,110
744950188557615104,104,12,116
746907589967896577,104,4,108
753354933479567361,104,3,107
760864021574672384,104,10,114
767465035815723008,104,4,108
781555354207416321,104,4,108
782444912448933888,104,0,104
783696119117279232,104,2,106
783992865257099264,104,1,105
785124326588555266,104,1,105
785526025455300608,104,1,105
787155383231971328,104,9,113
16503982,103,4,107
23287792,103,3,106
26792503,103,6,109
28053705,103,0,103
31386551,103,4,107
41680263,103,1,104
44002861,103,4,107
44697368,103,0,103
47162570,103,2,105
54951528,103,6,109
60116205,103,2,105
60800364,103,3,106
62915298,103,7,110
64357440,103,5,108
72086688,103,3,106
85078503,103,3,106
108450607,103,6,109
109693423,103,0,103
132211150,103,0,103
181787944,103,1,104
237689989,103,0,103
261716009,103,0,103
265982345,103,3,106
334389274,103,3,106
384586467,103,9,112
488180972,103,4,107
517967040,103,4,107
532547274,103,3,106
596615669,103,7,110
598390719,103,6,109
608705985,103,8,111
627542462,103,0,103
713361782,103,0,103
861131778,103,3,106
1227326366,103,2,105
1291100928,103,1,104
1375717166,103,40,143
1421960875,103,2,105
1460288238,103,5,108
1660285950,103,8,111
1871356207,103,1,104
2314562983,103,1,104
2386773551,103,3,106
2444902938,103,3,106
2445586759,103,1,104
2604272648,103,16,119
2713427480,103,2,105
2715070556,103,0,103
2729894420,103,4,107
2749368641,103,4,107
2752192451,103,3,106
2782910563,103,5,108
3029027123,103,1,104
3113652247,103,3,106
3145398759,103,6,109
3256253982,103,0,103
3288237638,103,2,105
3426598513,103,4,107
3757015887,103,15,118
4271306840,103,5,108
4279512256,103,31,134
4918463580,103,4,107
730056968237371398,103,1,104
753391718863470592,103,0,103
760927577573777408,103,0,103
765566069264310272,103,56,159
772669129165856768,103,0,103
784012530733740032,103,1,104
794603925810905089,103,0,103
23765391,102,7,109
33409429,102,4,106
35784576,102,12,114
36316589,102,0,102
36840352,102,0,102
80392182,102,6,108
92991685,102,1,103
98595881,102,1,103
117459934,102,1,103
131633337,102,8,110
191662607,102,3,105
191706532,102,3,105
232314623,102,2,104
287434334,102,3,105
291482799,102,3,105
321910185,102,1,103
325246257,102,10,112
331153137,102,0,102
361975359,102,2,104
362857078,102,2,104
413491182,102,4,106
425580734,102,23,125
560768567,102,6,108
579383960,102,4,106
603610204,102,1,103
619520469,102,4,106
896601648,102,6,108
1139957616,102,0,102
1255621518,102,2,104
1348445442,102,7,109
1356010044,102,1,103
1381035156,102,2,104
1436768347,102,3,105
2154028783,102,5,107
2194548046,102,0,102
2293139616,102,1,103
2386894920,102,3,105
2394313432,102,2,104
2741546409,102,4,106
2762251732,102,7,109
2876290544,102,2,104
3097410927,102,3,105
3103723512,102,6,108
3147932060,102,6,108
3179169763,102,9,111
3245724865,102,7,109
3385408715,102,1,103
3405607821,102,5,107
3589527318,102,33,135
3678420496,102,15,117
4064495171,102,1,103
4836715811,102,3,105
4886317907,102,5,107
703051515095678978,102,6,108
704009067245645826,102,0,102
720097627916869632,102,1,103
723561295706873856,102,4,106
731264289579798528,102,22,124
735462639996899328,102,2,104
736769348275208192,102,2,104
739260580448505856,102,8,110
740390230516240385,102,39,141
747582567910539264,102,3,105
754485975896592384,102,1,103
758124832001097728,102,0,102
758353855520256000,102,5,107
765254816469618689,102,0,102
785214199110639616,102,0,102
785942977138917376,102,2,104
17532775,101,0,101
17838484,101,5,106
20084570,101,6,107
20218885,101,4,105
20926282,101,8,109
22222353,101,9,110
22270993,101,3,104
26122639,101,3,104
28461146,101,8,109
34758299,101,1,102
40968275,101,4,105
46252606,101,0,101
64433966,101,3,104
67899097,101,112,213
89814085,101,0,101
105226269,101,0,101
183403491,101,11,112
188887072,101,6,107
228073841,101,1,102
230435960,101,5,106
237103462,101,39,140
252708695,101,3,104
308338453,101,8,109
334288260,101,8,109
365021102,101,3,104
410399203,101,3,104
430257546,101,11,112
435396679,101,6,107
470524840,101,2,103
522482557,101,2,103
525643462,101,1,102
540194877,101,2,103
553643100,101,0,101
570127050,101,5,106
598581143,101,5,106
906855901,101,3,104
912583795,101,20,121
930871482,101,9,110
1097225142,101,2,103
1406560290,101,1,102
1449729692,101,2,103
1459282344,101,5,106
1499268588,101,9,110
1555331312,101,4,105
1639741434,101,9,110
2246898978,101,2,103
2302175430,101,5,106
2335832364,101,1,102
2382829512,101,2,103
2426437332,101,0,101
2502463908,101,5,106
2565791769,101,3,104
2598353443,101,4,105
2724302178,101,2,103
2751618611,101,1,102
2840188581,101,3,104
2889554566,101,11,112
2942062409,101,3,104
2977381687,101,4,105
3372178235,101,2,103
3412642223,101,3,104
3424978835,101,1,102
3945533968,101,5,106
4104906808,101,0,101
4259334800,101,4,105
4488301706,101,1,102
4510289232,101,4,105
4624528576,101,4,105
4821932109,101,5,106
4836143874,101,5,106
700818246610477056,101,3,104
704672129686638592,101,5,106
710591386647539713,101,4,105
729345073473835009,101,4,105
732873175768305665,101,7,108
740496881541906432,101,3,104
757534599018717184,101,0,101
770394595247198208,101,10,111
773690171405561856,101,0,101
785474567338921984,101,0,101
797523047930544128,101,0,101
18102428,100,4,104
18757886,100,1,101
21545041,100,6,106
23552403,100,0,100
27471854,100,5,105
53710141,100,1,101
73012505,100,6,106
75877232,100,13,113
76064527,100,5,105
90665116,100,6,106
102469079,100,2,102
127013088,100,1,101
189806241,100,38,138
208505016,100,4,104
212131564,100,1,101
215175308,100,0,100
231641765,100,5,105
237471615,100,0,100
237750885,100,2,102
241972988,100,0,100
305714265,100,1,101
345613749,100,5,105
352665664,100,4,104
366676572,100,3,103
441158172,100,7,107
451272899,100,2,102
482481059,100,0,100
493390391,100,5,105
561614650,100,5,105
616546922,100,1,101
711815714,100,2,102
753297932,100,1,101
761380526,100,8,108
798034514,100,0,100
801657973,100,10,110
935212483,100,3,103
1145739655,100,0,100
1268570407,100,6,106
1360202497,100,5,105
1466009443,100,55,155
1476144667,100,6,106
1597288196,100,1,101
1599700260,100,6,106
1734157562,100,0,100
2312152717,100,5,105
2331065239,100,3,103
2440585071,100,7,107
2472087571,100,1,101
2537219875,100,0,100
2545283606,100,3,103
2678517787,100,3,103
2918607348,100,3,103
2935135128,100,1,101
2944969822,100,2,102
2961574276,100,41,141
3026265112,100,0,100
3239000834,100,7,107
3389134989,100,18,118
3427078965,100,13,113
3433097962,100,0,100
3675016697,100,2,102
3698526497,100,4,104
3746883494,100,2,102
3954667873,100,3,103
4820457010,100,0,100
4835026644,100,0,100
4852047507,100,7,107
4885097979,100,12,112
4925539041,100,0,100
710140390029041664,100,3,103
712441389649256448,100,1,101
713348948040265728,100,0,100
713547114240950273,100,14,114
720322175182315520,100,5,105
729471959793160192,100,0,100
741267332316553216,100,3,103
744710017450835972,100,5,105
752722556789067776,100,5,105
757998745724162048,100,3,103
758076211171987457,100,6,106
759045882981388290,100,6,106
771941533054541824,100,0,100
782584702414839809,100,2,102
783501276495523840,100,1,101
785270768456216576,100,3,103
787769704786132993,100,0,100
789109372299448320,100,8,108
21565264,99,8,107
22857566,99,0,99
24377216,99,5,104
24657763,99,2,101
25268310,99,7,106
30887280,99,1,100
31285772,99,0,99
48372776,99,0,99
65921447,99,6,105
71985039,99,0,99
79291680,99,0,99
86726621,99,5,104
88799435,99,2,101
90657526,99,2,101
114770420,99,5,104
187746158,99,9,108
192692803,99,3,102
194285805,99,7,106
217765262,99,9,108
247432690,99,0,99
319776853,99,7,106
332859680,99,7,106
333631672,99,3,102
355869749,99,12,111
415974150,99,7,106
423168448,99,5,104
433703539,99,3,102
448590097,99,0,99
618351675,99,3,102
864632048,99,1,100
876642224,99,9,108
930566035,99,4,103
1084734852,99,1,100
1169438480,99,3,102
1409453064,99,4,103
1446308850,99,2,101
1486042717,99,2,101
1608213596,99,2,101
2201587776,99,8,107
2300046314,99,0,99
2312352920,99,1,100
2352300690,99,0,99
2405084872,99,5,104
2683471818,99,4,103
2827240709,99,10,109
2868136206,99,2,101
2869644949,99,5,104
2994714359,99,3,102
3170577155,99,6,105
3249321125,99,4,103
3307410326,99,1,100
3352899432,99,7,106
3400737969,99,3,102
3536963279,99,13,112
3830298194,99,3,102
3909746429,99,1,100
4079572813,99,2,101
699118980515016704,99,3,102
700503713547313153,99,1,100
702544945903611904,99,4,103
703389199139938304,99,8,107
704003885850095616,99,7,106
716688712579489792,99,6,105
737767088467660801,99,0,99
748584308424601600,99,1,100
752861108369711104,99,0,99
754695799607595009,99,7,106
775481235518918656,99,1,100
779337133744009216,99,4,103
781916611926192128,99,2,101
782598329242791936,99,3,102
783050646866038784,99,2,101
9334552,98,2,100
17495913,98,128,226
21736198,98,15,113
32475937,98,3,101
33272578,98,2,100
48047188,98,7,105
53725816,98,0,98
54884378,98,1,99
65106504,98,4,102
68803674,98,5,103
82530769,98,0,98
94877431,98,3,101
103082080,98,7,105
104966264,98,2,100
172831033,98,10,108
189592755,98,2,100
211950197,98,3,101
261255813,98,2,100
277347677,98,0,98
300254302,98,8,106
314602586,98,1,99
340500300,98,3,101
384293053,98,4,102
435525229,98,7,105
438023498,98,1,99
438827648,98,0,98
452843098,98,3,101
471539132,98,0,98
478106866,98,6,104
522757263,98,3,101
525654398,98,4,102
567911598,98,5,103
573111311,98,3,101
700644821,98,0,98
764413158,98,4,102
836346872,98,7,105
1074165290,98,2,100
1121475834,98,1,99
1131852632,98,2,100
1255748754,98,3,101
1263002017,98,2,100
1325848574,98,2,100
1339871419,98,1,99
1405373035,98,0,98
1658446512,98,2,100
1849848000,98,8,106
1924038283,98,5,103
2209081703,98,0,98
2223569262,98,2,100
2273636460,98,2,100
2323002990,98,5,103
2407277082,98,2,100
2492305665,98,0,98
2494567016,98,6,104
2559479456,98,3,101
2747597048,98,3,101
3021101578,98,6,104
3112240127,98,10,108
3190229619,98,0,98
3226104787,98,0,98
3310027153,98,2,100
3395130700,98,10,108
3401065107,98,0,98
3458314408,98,10,108
3464860760,98,4,102
3617733732,98,5,103
3677453176,98,2,100
3851995223,98,2,100
4161284600,98,2,100
4260120443,98,1,99
4339881197,98,2,100
4632597974,98,5,103
4674890414,98,0,98
4851646786,98,7,105
4853583291,98,9,107
4893530422,98,3,101
4911361640,98,7,105
705396930285740033,98,0,98
706290087122771968,98,12,110
707780828940673024,98,1,99
714878737381101568,98,5,103
714925269627305985,98,13,111
723591780927721472,98,5,103
728301896125927424,98,16,114
734788241300193280,98,2,100
735166924686909440,98,1,99
735870222658244608,98,2,100
737407678499172352,98,3,101
753447939033423873,98,4,102
754123244509298688,98,5,103
754593649376186368,98,2,100
759436688301056000,98,0,98
772066716109139968,98,5,103
778952146117165056,98,10,108
793337247730954240,98,2,100
15161367,97,11,108
19508842,97,23,120
20367466,97,13,110
24516301,97,9,106
25338407,97,8,105
30974710,97,3,100
33191848,97,7,104
40290487,97,3,100
41193355,97,1,98
43139696,97,0,97
67935352,97,3,100
72951832,97,1,98
74610516,97,3,100
75592503,97,5,102
81179015,97,3,100
98156850,97,9,106
115604209,97,3,100
123171022,97,17,114
155394343,97,4,101
182929115,97,0,97
206957682,97,6,103
213520561,97,2,99
232341555,97,0,97
328572979,97,4,101
373730900,97,6,103
384330450,97,1,98
388902255,97,0,97
406686940,97,10,107
412864943,97,5,102
435958880,97,4,101
439437130,97,0,97
445714821,97,3,100
579254908,97,5,102
586688737,97,1,98
596844874,97,1,98
617437197,97,2,99
632982714,97,3,100
745425522,97,5,102
823149192,97,2,99
826163564,97,2,99
851232686,97,3,100
882947018,97,20,117
1031346560,97,1,98
1166754726,97,2,99
1225778983,97,6,103
1401130178,97,1,98
1936659020,97,1,98
1942353900,97,5,102
2182657752,97,3,100
2214847005,97,2,99
2233874224,97,4,101
2305556966,97,4,101
2351094276,97,2,99
2457099590,97,0,97
2459121330,97,8,105
2603493397,97,0,97
2652435918,97,0,97
2660101566,97,0,97
2798351581,97,2,99
3127709774,97,3,100
3248164884,97,21,118
3260529926,97,5,102
3403937658,97,4,101
3549920533,97,1,98
3762850221,97,5,102
3776062282,97,6,103
3885976940,97,8,105
4504249515,97,1,98
4636720889,97,1,98
4661436918,97,8,105
4770359295,97,0,97
4796151861,97,4,101
704508062292377600,97,7,104
705424886718558208,97,2,99
705557649950056449,97,15,112
708448943412109312,97,3,100
709606293623844864,97,4,101
723852612257361921,97,10,107
727994011194109952,97,9,106
729329119742283776,97,9,106
739222299379961856,97,1,98
739930320913506305,97,4,101
742095079008047105,97,1,98
756257489520173056,97,4,101
774113705667629056,97,0,97
785650297515290625,97,1,98
794892349138608128,97,2,99
799340040526696448,97,1,98
17999649,96,0,96
18035760,96,3,99
18538801,96,2,98
19849347,96,4,100
20430247,96,7,103
41014243,96,0,96
42330661,96,3,99
50122805,96,0,96
55263400,96,3,99
58466926,96,4,100
60933564,96,3,99
74590093,96,1,97
97558908,96,2,98
101386226,96,0,96
135766567,96,1,97
139438330,96,5,101
146792585,96,6,102
149707496,96,3,99
237387800,96,1,97
238873872,96,14,110
258173948,96,0,96
269903211,96,1,97
285502242,96,12,108
308327933,96,4,100
310265421,96,1,97
327236131,96,1,97
355267604,96,0,96
358440442,96,6,102
376514554,96,3,99
385674425,96,4,100
427070539,96,0,96
436928552,96,2,98
466968137,96,7,103
479205276,96,4,100
522778079,96,0,96
533402213,96,8,104
537829851,96,0,96
630144453,96,0,96
700599415,96,3,99
757663074,96,5,101
874694190,96,5,101
908546028,96,5,101
961196275,96,0,96
1067560092,96,5,101
1138178221,96,7,103
1289548934,96,0,96
1378048946,96,4,100
1478539999,96,0,96
1550823476,96,3,99
1570695726,96,0,96
1608716442,96,30,126
1710869538,96,2,98
1889049655,96,6,102
1935871722,96,2,98
2316061982,96,0,96
2345690571,96,2,98
2368624716,96,1,97
2379003705,96,1,97
2387612179,96,4,100
2445287439,96,4,100
2523381109,96,6,102
2531172553,96,5,101
2745564101,96,4,100
2826216461,96,2,98
2925571294,96,5,101
2941652236,96,3,99
2966176133,96,1,97
3003935714,96,4,100
3025921727,96,8,104
3061928269,96,26,122
3067320818,96,5,101
3184890253,96,10,106
3368911870,96,2,98
3387878543,96,7,103
3672940045,96,19,115
4519932856,96,3,99
4553524817,96,0,96
4762909946,96,1,97
4775810719,96,1,97
4788670529,96,56,152
705787760221642752,96,0,96
705965094933557248,96,1,97
713061530892427265,96,8,104
713832622808412160,96,11,107
715657454042816512,96,0,96
728659422247981056,96,0,96
730141045191741440,96,3,99
735106615104393221,96,72,168
751220615378501632,96,3,99
753751576632627200,96,6,102
756588205974036480,96,4,100
796026107598278656,96,0,96
45272842,95,5,100
46139600,95,5,100
49606484,95,3,98
51640040,95,12,107
78431908,95,11,106
95186905,95,2,97
114572222,95,2,97
133371829,95,2,97
214144805,95,0,95
270630789,95,6,101
303933058,95,7,102
304972793,95,1,96
315124926,95,2,97
341568813,95,5,100
349832208,95,1,96
350602939,95,0,95
421312609,95,1,96
467810972,95,10,105
505505379,95,13,108
526967433,95,3,98
587782307,95,2,97
613081818,95,1,96
620698212,95,3,98
727285854,95,2,97
732746185,95,2,97
740874799,95,4,99
806010806,95,9,104
836628960,95,3,98
841058988,95,2,97
882784867,95,3,98
942826278,95,3,98
971674884,95,2,97
971692506,95,1,96
987234162,95,5,100
1094197688,95,5,100
1115574980,95,2,97
1167939949,95,6,101
1235661325,95,1,96
1278960872,95,2,97
1311102144,95,4,99
1478462857,95,10,105
1499087472,95,2,97
1539718424,95,2,97
1584301560,95,2,97
1729065984,95,3,98
2253860190,95,4,99
2293418102,95,2,97
2319321097,95,7,102
2364112074,95,3,98
2516924637,95,0,95
2573562002,95,3,98
2935113300,95,4,99
2966724502,95,6,101
3059253901,95,2,97
3154200820,95,1,96
3257276071,95,1,96
3353553238,95,0,95
3376781080,95,1,96
3769910301,95,3,98
3935792619,95,0,95
3951125145,95,33,128
4049625075,95,1,96
4158758146,95,3,98
4270998079,95,1,96
4567748772,95,0,95
4831391957,95,4,99
709194717670608896,95,3,98
711019979504807936,95,7,102
711604246404317184,95,3,98
714957218320293888,95,5,100
719719996453163008,95,2,97
728673391738159104,95,2,97
744896693162770433,95,1,96
747215519573491713,95,5,100
760667704411975680,95,3,98
771556994016694272,95,3,98
788756843615039488,95,8,103
15333317,94,5,99
16007872,94,2,96
16572515,94,3,97
17909913,94,2,96
18358474,94,0,94
19021489,94,0,94
21175362,94,1,95
22343933,94,0,94
23110031,94,5,99
27665506,94,5,99
31257946,94,2,96
37238438,94,2,96
40109601,94,2,96
48105920,94,4,98
65484730,94,34,128
65538292,94,0,94
69013390,94,2,96
89559652,94,16,110
111735130,94,1,95
123640968,94,2,96
151633598,94,3,97
219997270,94,0,94
239760871,94,3,97
247000146,94,0,94
252884246,94,2,96
260916963,94,4,98
264732561,94,4,98
276190334,94,1,95
278902654,94,0,94
282355995,94,10,104
301007596,94,1,95
314243234,94,18,112
325244346,94,4,98
329463466,94,8,102
340875095,94,4,98
351149827,94,11,105
369602944,94,5,99
371184537,94,1,95
409995856,94,0,94
413208398,94,8,102
421344061,94,1,95
453653679,94,9,103
489349656,94,2,96
501183240,94,3,97
525979046,94,0,94
541086423,94,5,99
543914044,94,5,99
564146741,94,0,94
734016631,94,0,94
749828096,94,4,98
801603578,94,10,104
811543975,94,0,94
851540730,94,6,100
902596597,94,12,106
963213667,94,2,96
968976661,94,2,96
996286567,94,7,101
1071555114,94,5,99
1338279498,94,1,95
1372016096,94,2,96
1486104457,94,2,96
1528212727,94,9,103
1931086572,94,14,108
2153753316,94,6,100
2204161495,94,5,99
2213930756,94,5,99
2282930023,94,0,94
2289955818,94,7,101
2493320082,94,0,94
2538160118,94,0,94
2743795300,94,1,95
2760314563,94,1,95
2763687557,94,3,97
2869581248,94,2,96
2893688811,94,0,94
2906238876,94,6,100
3073394951,94,0,94
3188155716,94,0,94
3281771058,94,1,95
3722160913,94,8,102
4340433312,94,5,99
4658578094,94,2,96
4771593853,94,21,115
4892318567,94,3,97
4914539795,94,1,95
701853874685132800,94,6,100
702566251122421760,94,0,94
703332764733538304,94,2,96
705444664506257409,94,75,169
706884805439332353,94,4,98
710572282738044928,94,3,97
713562122915946496,94,10,104
715529301295108096,94,7,101
719604604204400644,94,1,95
720800661500203009,94,1,95
723915836755304448,94,2,96
741841606521847808,94,6,100
742767685767946240,94,3,97
743473831856181248,94,0,94
749682113599987713,94,8,102
756532502336987136,94,1,95
759140886638792704,94,2,96
759463520090021888,94,0,94
760527694861742080,94,8,102
760901703612764160,94,7,101
764950529776705536,94,2,96
765337693408468992,94,1,95
784620075596779520,94,1,95
784761251150692357,94,5,99
788934526005149696,94,2,96
14444944,93,1,94
16058324,93,5,98
17830132,93,9,102
18415205,93,2,95
24006136,93,3,96
27800134,93,0,93
28156710,93,8,101
28273116,93,11,104
34603594,93,0,93
40465350,93,0,93
66188709,93,6,99
66204495,93,3,96
66931709,93,4,97
68658717,93,2,95
74468291,93,0,93
112614146,93,8,101
134250956,93,5,98
162617060,93,2,95
167072281,93,2,95
220240498,93,0,93
308222785,93,22,115
324233411,93,3,96
339194362,93,3,96
340934794,93,1,94
387151655,93,8,101
391342377,93,1,94
392340964,93,2,95
395073368,93,5,98
410076442,93,10,103
485265056,93,3,96
525884669,93,5,98
762318823,93,1,94
768042374,93,3,96
809840586,93,0,93
867239624,93,1,94
894415938,93,1,94
942226236,93,4,97
960623388,93,1,94
1018957536,93,3,96
1231152901,93,0,93
1382669300,93,1,94
1493375472,93,1,94
1612001484,93,1,94
1735142954,93,3,96
1911713234,93,0,93
2378961661,93,1,94
2388688117,93,1,94
2494369663,93,1,94
2753835684,93,1,94
2762288549,93,13,106
2790274672,93,7,100
2796707943,93,0,93
2802955694,93,5,98
2830642691,93,3,96
2884655300,93,0,93
2906263767,93,5,98
2913990099,93,0,93
2982584417,93,3,96
3063710378,93,3,96
3065328061,93,5,98
3112166921,93,3,96
3237290462,93,3,96
3258342944,93,0,93
3288348368,93,0,93
3296322847,93,0,93
3369915309,93,2,95
3371210360,93,4,97
3522115816,93,2,95
3838998731,93,1,94
3839070432,93,4,97
3962548574,93,5,98
4032512903,93,2,95
4686112616,93,4,97
4770718583,93,3,96
4831733671,93,3,96
703774605044011008,93,2,95
704183237015375872,93,1,94
704491303132798976,93,2,95
705550362900430849,93,8,101
705952419117551616,93,4,97
708474903649918976,93,5,98
709046708571738112,93,2,95
712457190896902144,93,3,96
713042264252092417,93,5,98
713885792431509504,93,9,102
718056742962073601,93,10,103
722522551331774464,93,1,94
725055922813460480,93,3,96
751076987524026368,93,1,94
771795931637379072,93,2,95
772516060843151362,93,2,95
775432673439338497,93,10,103
780990436580155393,93,4,97
784263578970836993,93,3,96
786433572777304064,93,1,94
14667128,92,1,93
19799373,92,3,95
27656375,92,4,96
32058824,92,12,104
33053749,92,6,98
35491164,92,8,100
41838636,92,2,94
42930536,92,4,96
49709066,92,7,99
50880679,92,1,93
60730035,92,2,94
71031988,92,1,93
77187046,92,2,94
93512107,92,0,92
108385758,92,6,98
110601992,92,2,94
125304429,92,11,103
142088047,92,4,96
171145213,92,1,93
180915528,92,2,94
260634454,92,7,99
315948500,92,2,94
320488456,92,7,99
348661583,92,6,98
358929266,92,2,94
366959409,92,4,96
372529167,92,1,93
373254153,92,12,104
415552102,92,7,99
502304239,92,4,96
529555835,92,1,93
540106220,92,3,95
582697898,92,0,92
590211920,92,0,92
617550045,92,0,92
637368172,92,5,97
715268232,92,4,96
805241216,92,10,102
849342841,92,24,116
857349624,92,4,96
922121521,92,1,93
1167510572,92,0,92
1275768242,92,0,92
1281620701,92,6,98
1290336289,92,1,93
1359561847,92,0,92
1397846538,92,3,95
1411325341,92,7,99
1486649556,92,4,96
1592453774,92,7,99
2223064093,92,4,96
2261723742,92,2,94
2265133784,92,5,97
2374747068,92,0,92
2477618912,92,5,97
2540556841,92,1,93
2715365275,92,3,95
2767516817,92,5,97
2876016699,92,6,98
2897977700,92,6,98
3167437949,92,11,103
3237617343,92,3,95
3280945376,92,3,95
3321777673,92,3,95
3354292601,92,2,94
3364450600,92,5,97
3379125117,92,3,95
3707671576,92,10,102
3937790773,92,5,97
4048025355,92,0,92
4064555969,92,1,93
4219318899,92,2,94
4284214392,92,2,94
4320996201,92,17,109
4423888229,92,0,92
4498781714,92,6,98
4624550052,92,4,96
4644729202,92,0,92
4809047802,92,2,94
4871096265,92,1,93
702185395404955649,92,3,95
702918648927641600,92,3,95
703365581748183040,92,13,105
703747970756427780,92,4,96
705080019492601857,92,4,96
705088588166393856,92,6,98
705773574817079297,92,6,98
705908642483077120,92,2,94
712310602585280512,92,2,94
712822458949087232,92,0,92
716817133494280192,92,4,96
722523127306174466,92,1,93
723497246470205440,92,2,94
727398206804484096,92,1,93
728605346810433537,92,2,94
736014848635633664,92,3,95
740348347396042753,92,3,95
744942186978910208,92,5,97
750831076830883840,92,0,92
757220239453061120,92,1,93
765620072077414400,92,3,95
772434123289825281,92,2,94
777138125743108097,92,6,98
777491168640790529,92,2,94
783463065777909761,92,1,93
801462941203697664,92,2,94
24368748,91,4,95
28606630,91,3,94
38950663,91,8,99
49152138,91,6,97
55072011,91,3,94
61877849,91,2,93
62014141,91,2,93
72042051,91,0,91
72169850,91,4,95
90286882,91,0,91
108532283,91,8,99
124290595,91,5,96
134706342,91,0,91
143992230,91,7,98
181984719,91,0,91
213187842,91,1,92
240595042,91,1,92
260126662,91,10,101
286922738,91,3,94
301672091,91,5,96
302346471,91,0,91
329189433,91,4,95
332364015,91,2,93
372924469,91,9,100
382219862,91,7,98
498482410,91,0,91
503308612,91,11,102
504720798,91,1,92
524863586,91,1,92
530825491,91,4,95
563118208,91,3,94
630422888,91,2,93
753880945,91,1,92
782752682,91,9,100
889024146,91,7,98
933603288,91,1,92
1105381255,91,0,91
1406751253,91,0,91
1464666841,91,0,91
1475687646,91,8,99
1558529222,91,4,95
1962873763,91,3,94
2148257646,91,2,93
2205067058,91,8,99
2249458766,91,7,98
2266690897,91,0,91
2284380554,91,1,92
2368999058,91,14,105
2370125906,91,0,91
2416870339,91,7,98
2462339132,91,2,93
2494734018,91,3,94
2585573688,91,6,97
2639967816,91,2,93
2655351453,91,6,97
2656250317,91,1,92
2664963486,91,8,99
2691309440,91,6,97
2741389912,91,7,98
2780520277,91,5,96
2829694630,91,2,93
2905527472,91,9,100
2945720283,91,1,92
2969074864,91,3,94
2995400509,91,1,92
2996343295,91,9,100
2997027117,91,5,96
3002000970,91,1,92
3140848178,91,12,103
3167885128,91,1,92
3277884470,91,6,97
3311629271,91,0,91
3313779296,91,7,98
3381642802,91,4,95
3604141517,91,7,98
3654911176,91,1,92
3766345229,91,0,91
3845857817,91,4,95
3869638693,91,5,96
3892584794,91,1,92
3934213452,91,5,96
3951094214,91,2,93
4320809783,91,3,94
4633579642,91,1,92
4646744832,91,8,99
4707261194,91,4,95
4713781547,91,3,94
4821118661,91,4,95
4821457353,91,14,105
4848049753,91,0,91
699348340484386816,91,2,93
701119349986193408,91,0,91
705426859195047936,91,5,96
705860846921056258,91,0,91
707334661316345860,91,9,100
710224592950833153,91,6,97
712088477815447553,91,3,94
720559822857486336,91,4,95
722037938561904641,91,2,93
723203388444401664,91,0,91
749627140887371776,91,2,93
759443240219049984,91,2,93
761396280543350784,91,5,96
765936388797820928,91,1,92
778704756428595200,91,5,96
785124994120617984,91,4,95
763224,90,2,92
7831282,90,0,90
16997504,90,5,95
17163752,90,5,95
18098616,90,4,94
19264136,90,6,96
20455872,90,12,102
21327035,90,8,98
25473099,90,2,92
30957908,90,1,91
43485094,90,7,97
48797682,90,0,90
73163090,90,9,99
75199068,90,3,93
95670177,90,5,95
99750748,90,1,91
107766082,90,0,90
113182685,90,0,90
159637267,90,3,93
185425059,90,11,101
189531473,90,0,90
208352822,90,6,96
211474689,90,0,90
247558666,90,22,112
263215798,90,6,96
293010495,90,4,94
296475465,90,1,91
297719462,90,0,90
305202800,90,1,91
309205240,90,4,94
317590343,90,0,90
345644480,90,9,99
348730590,90,0,90
356360343,90,3,93
365574202,90,0,90
423010133,90,3,93
454515349,90,8,98
524772306,90,0,90
532603860,90,0,90
538145356,90,6,96
586316187,90,0,90
590173575,90,3,93
614410031,90,0,90
708479918,90,2,92
745332559,90,40,130
794762479,90,0,90
807646010,90,3,93
832886564,90,7,97
885069144,90,2,92
895784959,90,1,91
906998150,90,1,91
935145523,90,1,91
1220002566,90,0,90
1541490145,90,1,91
1640975034,90,3,93
1858303333,90,1,91
2225515496,90,1,91
2349224041,90,1,91
2364714027,90,0,90
2381524519,90,2,92
2391736411,90,8,98
2417860333,90,0,90
2457085861,90,4,94
2828483761,90,4,94
2881583811,90,1,91
2924547282,90,2,92
2958943328,90,10,100
2972991719,90,2,92
2978514083,90,3,93
3069614616,90,13,103
3095458611,90,3,93
3121151275,90,10,100
3172937751,90,10,100
3229661237,90,4,94
3242269435,90,0,90
3244962238,90,4,94
3316081506,90,5,95
3401976105,90,1,91
3413240373,90,2,92
3422870493,90,4,94
3575972834,90,10,100
3591954738,90,1,91
3948424413,90,4,94
4063697833,90,10,100
4105765714,90,11,101
4470633014,90,36,126
701270772304769024,90,10,100
702951403514236929,90,2,92
703069843906400256,90,7,97
703140816827523074,90,0,90
704812869393768450,90,5,95
705192824375869440,90,8,98
711687321008136192,90,1,91
727940163209302019,90,0,90
728733298373988352,90,5,95
733042809192603649,90,2,92
742592611614134272,90,0,90
755103289528557568,90,7,97
755508643462782976,90,3,93
759741490113355777,90,7,97
760658746305548288,90,0,90
763830071727493120,90,8,98
768450644978069504,90,0,90
777995265269653504,90,2,92
788839062564016128,90,2,92
788916621981036544,90,4,94
13817822,89,12,101
16386126,89,2,91
16722647,89,3,92
17677016,89,1,90
24309304,89,11,100
26278305,89,1,90
29237747,89,0,89
34630786,89,1,90
41964104,89,1,90
42630130,89,4,93
43610622,89,3,92
47792401,89,4,93
48799761,89,3,92
49393865,89,4,93
50548118,89,8,97
54303239,89,0,89
54381400,89,1,90
88051747,89,0,89
96073708,89,12,101
100366853,89,3,92
106250866,89,0,89
143288338,89,14,103
159230211,89,12,101
226520934,89,4,93
247456877,89,1,90
249725869,89,0,89
252428768,89,1,90
346947239,89,3,92
372740946,89,3,92
377083503,89,10,99
396046166,89,2,91
439608838,89,112,201
549848213,89,4,93
605561513,89,0,89
617704944,89,3,92
624850881,89,12,101
631224927,89,3,92
745417586,89,2,91
751214924,89,3,92
797116675,89,1,90
800582840,89,10,99
844038266,89,0,89
1038132061,89,0,89
1120579568,89,0,89
1222594118,89,2,91
1255849243,89,2,91
1273081254,89,2,91
1345401492,89,7,96
1351385318,89,4,93
1390705843,89,2,91
1589277116,89,7,96
1650511974,89,5,94
1654412989,89,2,91
1656966026,89,5,94
1659983832,89,0,89
1719384486,89,4,93
1727028631,89,0,89
1735167780,89,2,91
2203413370,89,0,89
2282563584,89,1,90
2303877416,89,0,89
2375792442,89,0,89
2389580844,89,1,90
2437501976,89,1,90
2513780629,89,0,89
2633567539,89,6,95
2738491026,89,9,98
2849529551,89,3,92
2879850911,89,1,90
2912118236,89,2,91
2917461077,89,0,89
3008740306,89,0,89
3044391574,89,2,91
3045306721,89,2,91
3221270464,89,7,96
3282973915,89,15,104
3294322245,89,1,90
3514479436,89,0,89
3562290140,89,17,106
3663180085,89,0,89
3740513716,89,2,91
3883205654,89,2,91
3951148839,89,2,91
4029836772,89,1,90
4085042654,89,8,97
4194259092,89,6,95
4335525913,89,8,97
4850713339,89,5,94
703252241050968064,89,4,93
703642055579344897,89,3,92
707744593719074817,89,6,95
709083399462330368,89,2,91
713462145376133120,89,4,93
719722758737960960,89,0,89
730745675038621696,89,3,92
731274479003959296,89,5,94
731686742080802816,89,2,91
732244744185634817,89,2,91
742424902456594432,89,2,91
755954300107366401,89,4,93
757274353889341440,89,6,95
758286427297906689,89,3,92
759063038683148288,89,9,98
759451831529373697,89,4,93
759927300465065984,89,0,89
762693355285286912,89,7,96
769302909511163904,89,10,99
784588568551419904,89,3,92
795645228539674624,89,1,90
13516822,88,0,88
14529420,88,3,91
19378287,88,1,89
20831584,88,6,94
21471958,88,5,93
21958144,88,1,89
24388970,88,4,92
24626122,88,8,96
24898961,88,7,95
38902695,88,2,90
52190807,88,6,94
52624631,88,8,96
62687507,88,0,88
64595461,88,13,101
67345281,88,1,89
71686583,88,2,90
75376052,88,2,90
93510282,88,4,92
104865001,88,125,213
110035909,88,2,90
115128109,88,2,90
122409033,88,4,92
127050602,88,8,96
138544431,88,0,88
175144654,88,4,92
211634104,88,3,91
266489668,88,0,88
288438582,88,4,92
296627383,88,5,93
299875937,88,8,96
301992377,88,1,89
331001568,88,0,88
333060072,88,1,89
364254317,88,2,90
383863452,88,8,96
389188265,88,4,92
395491775,88,24,112
413894910,88,4,92
418867782,88,9,97
468956703,88,4,92
520192904,88,0,88
521754789,88,5,93
523848271,88,7,95
525821964,88,4,92
529591144,88,1,89
558603360,88,0,88
585186034,88,1,89
627592987,88,2,90
631690133,88,2,90
845948940,88,7,95
859899805,88,0,88
862477274,88,4,92
872210570,88,2,90
906628928,88,6,94
952119847,88,0,88
993934674,88,3,91
1308675822,88,5,93
1384804622,88,0,88
1393625407,88,4,92
1596234775,88,0,88
1630361768,88,1,89
1679636449,88,6,94
2187356456,88,2,90
2302413002,88,1,89
2402871253,88,27,115
2414168274,88,0,88
2462611680,88,3,91
2480827290,88,1,89
2532531919,88,1,89
2550649962,88,7,95
2649139831,88,3,91
2808624986,88,4,92
2882445910,88,1,89
2903985766,88,3,91
2926563262,88,3,91
2931202575,88,2,90
3029098103,88,1,89
3071995464,88,1,89
3106992594,88,0,88
3252404167,88,5,93
3360388514,88,4,92
3407847574,88,8,96
3452098753,88,7,95
3884130733,88,1,89
3951370763,88,7,95
3951725801,88,4,92
4001837776,88,4,92
4412137636,88,12,100
4649484752,88,12,100
4759069880,88,3,91
4766245542,88,6,94
4903822932,88,7,95
4905243038,88,4,92
701511379052843008,88,3,91
703584859269296130,88,9,97
704847650663723008,88,1,89
706186209949712384,88,4,92
709424262604570624,88,3,91
710897266907750400,88,7,95
711185225187917824,88,0,88
726137975264825345,88,3,91
727283223408029697,88,0,88
738736280624844800,88,2,90
754123512390955008,88,5,93
756830758132649984,88,1,89
757479552738332672,88,3,91
759806849797554176,88,1,89
759886365311905793,88,1,89
773685820926652416,88,2,90
787366288029016064,88,11,99
15333188,87,4,91
15692642,87,7,94
15936981,87,1,88
21862142,87,1,88
23074025,87,5,92
23186908,87,12,99
25895250,87,0,87
26210888,87,6,93
26639309,87,2,89
37334399,87,3,90
41825643,87,6,93
54271220,87,5,92
60348415,87,0,87
68192805,87,2,89
68319975,87,10,97
73525922,87,1,88
92601375,87,5,92
127444457,87,1,88
129235890,87,4,91
183049175,87,3,90
198773585,87,10,97
199659804,87,2,89
221890258,87,4,91
277733163,87,4,91
286479483,87,11,98
292263105,87,15,102
313582838,87,0,87
328659153,87,3,90
341615511,87,3,90
374490485,87,4,91
388105873,87,5,92
497732221,87,2,89
515600734,87,1,88
531209621,87,4,91
533444481,87,9,96
570222385,87,4,91
584913961,87,8,95
599675249,87,1,88
716277183,87,1,88
876506509,87,5,92
892285796,87,8,95
911133390,87,6,93
950976000,87,44,131
1126189962,87,4,91
1358290958,87,12,99
1559025151,87,4,91
1569282708,87,8,95
1726098164,87,2,89
2175192882,87,8,95
2176547557,87,0,87
2220100134,87,0,87
2252682360,87,1,88
2317212486,87,2,89
2432567097,87,0,87
2488999291,87,6,93
2510362008,87,5,92
2567899189,87,0,87
2615799900,87,0,87
2619593276,87,3,90
2777995764,87,1,88
2784637576,87,0,87
2849260845,87,1,88
2926466197,87,0,87
3056169579,87,5,92
3224997436,87,5,92
3233901170,87,0,87
3243656034,87,2,89
3421327821,87,5,92
3430288594,87,13,100
3494440892,87,3,90
3514793478,87,5,92
3545938995,87,6,93
4063178898,87,5,92
4105901787,87,0,87
4197484935,87,1,88
4224003393,87,10,97
4294538172,87,2,89
4408612355,87,9,96
4542164494,87,1,88
4641362844,87,3,90
4754073205,87,4,91
4769536303,87,4,91
4831797602,87,0,87
4852013265,87,4,91
4922500107,87,2,89
702661184474886144,87,11,98
710247867600887808,87,14,101
712345632753762305,87,8,95
712380750377590784,87,0,87
712425547977125888,87,3,90
713781393684369408,87,0,87
719243757124608000,87,1,88
731611059774070784,87,16,103
748253412064636928,87,5,92
756865850804674560,87,8,95
770249753409916928,87,2,89
775037853931896832,87,2,89
775374224034783232,87,4,91
786224810271600640,87,2,89
787340885419757568,87,4,91
787470026412400641,87,0,87
796778201943048192,87,2,89
19574947,86,3,89
20256635,86,2,88
21599354,86,1,87
21666240,86,3,89
21979017,86,5,91
24230906,86,0,86
36892347,86,6,92
38748065,86,6,92
42892912,86,0,86
44290258,86,9,95
48967891,86,53,139
53557635,86,11,97
54103733,86,0,86
60164572,86,6,92
69436228,86,6,92
101805057,86,4,90
146644080,86,89,175
168242807,86,1,87
198776337,86,1,87
206335804,86,2,88
232695989,86,1,87
236370429,86,4,90
246138563,86,0,86
278682305,86,3,89
280252157,86,3,89
293267862,86,5,91
310548781,86,1,87
318061556,86,4,90
328939917,86,5,91
491990457,86,1,87
515818683,86,4,90
523782755,86,3,89
556208923,86,1,87
562180371,86,4,90
605851056,86,3,89
606555644,86,2,88
721241231,86,9,95
881181396,86,1,87
896667511,86,2,88
898524019,86,3,89
932637253,86,5,91
946600968,86,4,90
971721630,86,2,88
1034417863,86,1,87
1146579649,86,1,87
1272709926,86,3,89
1282220160,86,7,93
1311194118,86,1,87
1327886762,86,1,87
1343300730,86,4,90
1355929668,86,4,90
1380483060,86,3,89
1596757705,86,2,88
1613964126,86,3,89
1909314529,86,1,87
2184428881,86,8,94
2204552464,86,6,92
2486160086,86,9,95
2582736318,86,13,99
2583355837,86,4,90
2590343798,86,6,92
2593693367,86,1,87
2626453511,86,0,86
2720895981,86,0,86
2777370115,86,2,88
2852879686,86,1,87
2857164241,86,2,88
2877335481,86,3,89
2987740753,86,5,91
3015642023,86,1,87
3032765653,86,2,88
3090278669,86,2,88
3134818324,86,7,93
3195351175,86,6,92
3227904778,86,2,88
3244432807,86,1,87
3270287954,86,0,86
3315383190,86,1,87
3407790472,86,3,89
3519318315,86,0,86
4165642155,86,2,88
4216956370,86,7,93
4267568067,86,1,87
4351416912,86,8,94
4428464052,86,0,86
4644269833,86,2,88
4703256050,86,1,87
4710256600,86,2,88
4865017525,86,2,88
4908724512,86,69,155
701846710381891584,86,1,87
704026660367147009,86,6,92
705040756965294080,86,1,87
711218804815110144,86,10,96
713789589261930496,86,4,90
716745243719131137,86,2,88
719523626886774785,86,0,86
739099664553791488,86,0,86
749656780494475264,86,5,91
757385454949851136,86,1,87
758497054419259393,86,0,86
758648276610449414,86,8,94
759043134751813632,86,7,93
760128364950724608,86,0,86
760182695552950276,86,2,88
760646317102145536,86,0,86
762333984416206848,86,0,86
762730789956161536,86,5,91
768393635360563200,86,6,92
770785742834589696,86,5,91
775155856677765121,86,1,87
790903173150023680,86,2,88
16829397,85,62,147
16982413,85,5,90
20850076,85,2,87
28239343,85,6,91
31045732,85,3,88
32495636,85,7,92
34993057,85,3,88
38435019,85,4,89
46798619,85,2,87
48530795,85,2,87
50479452,85,1,86
54538437,85,2,87
61313593,85,1,86
64418768,85,1,86
107742714,85,8,93
111054675,85,7,92
135169517,85,2,87
177703395,85,2,87
188681444,85,3,88
212369811,85,1,86
260979286,85,4,89
326152772,85,3,88
340528245,85,5,90
350215876,85,1,86
373212479,85,0,85
376504227,85,3,88
427697302,85,0,85
454513795,85,10,95
486205523,85,8,93
496929918,85,9,94
545510456,85,3,88
559628052,85,3,88
593892397,85,2,87
598779452,85,3,88
612129565,85,13,98
753466388,85,5,90
805905864,85,7,92
851974080,85,5,90
869027407,85,3,88
880954753,85,18,103
940534752,85,29,114
1003088839,85,6,91
1036526562,85,1,86
1276542402,85,3,88
1291664504,85,2,87
1292006972,85,3,88
1351283654,85,2,87
1857607026,85,4,89
1917803892,85,6,91
1925034110,85,2,87
2227048267,85,0,85
2271813558,85,3,88
2377739384,85,0,85
2465418073,85,1,86
2644889794,85,1,86
2674630925,85,3,88
2727258573,85,1,86
2781010250,85,0,85
2855475161,85,0,85
2893307777,85,0,85
2893768217,85,3,88
2975970748,85,3,88
2996632113,85,0,85
3178383200,85,0,85
3192640237,85,0,85
3290719405,85,7,92
3290729322,85,4,89
3331772585,85,0,85
3361092591,85,0,85
3389073989,85,9,94
3418506028,85,2,87
3420842591,85,1,86
3432880557,85,6,91
3433022621,85,5,90
3886653026,85,7,92
3940815679,85,1,86
3956041642,85,1,86
4075120754,85,4,89
4240994892,85,1,86
4283417893,85,5,90
4371599354,85,1,86
4460771554,85,2,87
4724109715,85,2,87
703182743564189697,85,1,86
703274801138302976,85,6,91
703320943469445120,85,4,89
704028193766772736,85,2,87
704113504739930112,85,1,86
704992515582267392,85,1,86
706675973735862272,85,5,90
706887538263203840,85,0,85
710510054051545089,85,3,88
711338816582324224,85,2,87
713408458473639936,85,7,92
714966912237756416,85,3,88
722481256512901120,85,1,86
727473307281321989,85,0,85
730163626326298624,85,1,86
733144739034210304,85,11,96
740663242683523073,85,12,97
741996562969165824,85,3,88
742789443803877376,85,1,86
752242502069948416,85,4,89
752868826757423105,85,8,93
754101310153117696,85,4,89
754720098393272320,85,9,94
754773365571801090,85,2,87
760853723052642304,85,13,98
770907634832596992,85,5,90
786381272352382981,85,1,86
792512504991625217,85,1,86
12728742,84,0,84
14654652,84,0,84
16000837,84,2,86
16459239,84,0,84
17546242,84,15,99
18385910,84,11,95
21351342,84,6,90
22669086,84,4,88
25446957,84,2,86
28817025,84,1,85
32964917,84,1,85
37128382,84,3,87
39674993,84,6,90
48310513,84,2,86
59298851,84,1,85
63179613,84,2,86
66190201,84,0,84
67595149,84,7,91
70306629,84,3,87
70528636,84,0,84
73678167,84,2,86
79207258,84,6,90
96807699,84,23,107
114971136,84,5,89
123365617,84,6,90
124455128,84,0,84
137697907,84,2,86
158453150,84,1,85
164310086,84,0,84
173831487,84,1,85
192477899,84,0,84
219736461,84,1,85
258329760,84,2,86
261477831,84,3,87
271793430,84,3,87
310569635,84,8,92
312477483,84,3,87
326441040,84,5,89
339574363,84,0,84
342481882,84,0,84
369267183,84,2,86
395462175,84,4,88
457820209,84,3,87
466521178,84,8,92
467691650,84,7,91
476190715,84,2,86
529628253,84,1,85
534922330,84,2,86
572851790,84,2,86
600865128,84,7,91
777015972,84,3,87
844320090,84,0,84
893728862,84,2,86
1048722518,84,6,90
1078645262,84,3,87
1190619092,84,2,86
1283398712,84,1,85
1285069740,84,7,91
1429546334,84,10,94
1722199244,84,4,88
2165642942,84,4,88
2192010002,84,3,87
2295168505,84,0,84
2300551194,84,1,85
2335458098,84,4,88
2357772179,84,4,88
2385887136,84,1,85
2399405311,84,8,92
2426038254,84,3,87
2477028826,84,3,87
2488516586,84,7,91
2519345506,84,2,86
2534165653,84,1,85
2557035000,84,51,135
2730372033,84,3,87
2748031264,84,1,85
2787893192,84,0,84
2822558919,84,5,89
2841662404,84,7,91
2853748789,84,4,88
2921914308,84,5,89
2942565101,84,0,84
3017783978,84,0,84
3073073633,84,0,84
3078928994,84,2,86
3173651177,84,2,86
3251143177,84,0,84
3282722508,84,1,85
3316868654,84,5,89
3429103498,84,1,85
3431958999,84,8,92
3456003073,84,3,87
3561529155,84,4,88
3652909394,84,2,86
4040671152,84,0,84
4206884849,84,2,86
4321180709,84,0,84
4465911554,84,3,87
4496497823,84,7,91
4559558295,84,3,87
4627221853,84,1,85
4826677880,84,84,168
4836199246,84,5,89
4902369955,84,8,92
705142654716149760,84,5,89
707097541968588800,84,6,90
717627639159128064,84,1,85
721944295943639040,84,0,84
722050493443371008,84,5,89
722119464263680000,84,7,91
731195365408407552,84,30,114
734899644241608704,84,0,84
738460257249202178,84,6,90
741190491195248642,84,2,86
746561425653506049,84,9,93
748309553142456320,84,2,86
748607012188078081,84,4,88
749355276638228485,84,1,85
775575339259027456,84,3,87
776985371938652160,84,2,86
780609796596649984,84,1,85
785879161109786624,84,0,84
788031656275824641,84,2,86
794312891184939008,84,0,84
798009680043851777,84,2,86
12996812,83,5,88
18039599,83,6,89
19796574,83,3,86
19929319,83,1,84
20925446,83,6,89
22822556,83,44,127
23942930,83,3,86
30877995,83,0,83
38016930,83,4,87
49136127,83,0,83
50745484,83,2,85
55418201,83,1,84
59282416,83,1,84
64592409,83,0,83
117598897,83,2,85
118853650,83,2,85
136266766,83,4,87
165684245,83,5,88
175850071,83,1,84
176853382,83,2,85
187995023,83,4,87
204713195,83,43,126
234824731,83,2,85
237442866,83,0,83
245076551,83,0,83
246155011,83,0,83
248349283,83,2,85
252239596,83,2,85
253092158,83,7,90
256394243,83,1,84
276077716,83,0,83
280073590,83,1,84
313530478,83,12,95
378680491,83,0,83
386368292,83,5,88
430118889,83,5,88
437895198,83,1,84
477165356,83,5,88
503486713,83,7,90
505118761,83,6,89
524609349,83,4,87
527823754,83,5,88
531586866,83,1,84
540405511,83,4,87
589375768,83,8,91
621419621,83,47,130
633441834,83,11,94
735547214,83,0,83
874740812,83,4,87
885733891,83,1,84
954780644,83,1,84
1069185114,83,8,91
1345631064,83,2,85
1441113806,83,1,84
1470507266,83,1,84
1509803635,83,4,87
1512598062,83,0,83
1567913060,83,2,85
1602242072,83,5,88
1644555289,83,2,85
1653709356,83,1,84
1861357040,83,2,85
2161484816,83,6,89
2170465848,83,0,83
2186599788,83,1,84
2243530995,83,3,86
2250704618,83,2,85
2293810932,83,13,96
2372095194,83,6,89
2389326866,83,6,89
2562869406,83,0,83
2673478141,83,0,83
2718184811,83,29,112
2742139077,83,3,86
2782566225,83,1,84
2923910956,83,4,87
3122506345,83,3,86
3142081493,83,4,87
3161660191,83,11,94
3185626787,83,15,98
3273399217,83,3,86
3380533895,83,2,85
3885469758,83,5,88
3892526116,83,2,85
4019044937,83,4,87
4236726047,83,1,84
4444524389,83,0,83
4569118009,83,6,89
4615489102,83,0,83
4810747934,83,2,85
4828288743,83,0,83
4832370263,83,2,85
4874929885,83,11,94
4899519554,83,3,86
701928621854760961,83,1,84
702934116220559360,83,4,87
703286544854097921,83,4,87
703722166819405824,83,0,83
709479371380097024,83,3,86
711667371782459392,83,8,91
713089770600079360,83,2,85
714123468833480707,83,2,85
715246897389174784,83,0,83
715474256889384960,83,5,88
726533301796765696,83,2,85
729195775943565313,83,2,85
756303686175891456,83,3,86
758471919842635776,83,1,84
760931331127779328,83,1,84
762514444966506498,83,1,84
764983961374162946,83,2,85
774757798026485760,83,1,84
781138432747798528,83,0,83
782439353645576192,83,5,88
787679971280117760,83,3,86
793984839196221440,83,1,84
796834612416811009,83,2,85
14549541,82,2,84
17923971,82,2,84
17941940,82,3,85
20068159,82,3,85
20538442,82,10,92
23657401,82,0,82
23678096,82,6,88
25924436,82,2,84
26903885,82,8,90
30856797,82,1,83
37267814,82,4,86
38351186,82,4,86
42910675,82,7,89
45914269,82,0,82
47841147,82,6,88
54771958,82,0,82
58846111,82,2,84
63872521,82,0,82
77238350,82,0,82
102566224,82,0,82
107306194,82,0,82
117148452,82,2,84
127768904,82,0,82
158064102,82,4,86
171919007,82,38,120
206900656,82,3,85
217415964,82,2,84
248467487,82,0,82
263379775,82,6,88
271315071,82,1,83
273542042,82,7,89
345451967,82,7,89
408949404,82,1,83
421772747,82,2,84
427817181,82,1,83
456221429,82,7,89
462391467,82,4,86
533381999,82,0,82
542157378,82,1,83
552019190,82,3,85
563301375,82,9,91
574374558,82,5,87
578679328,82,0,82
609189950,82,4,86
712936263,82,0,82
719188219,82,4,86
778885008,82,1,83
839200800,82,4,86
845690522,82,12,94
887998063,82,3,85
902890508,82,6,88
908876389,82,1,83
919289756,82,2,84
922390538,82,6,88
999746018,82,0,82
1096465837,82,4,86
1140676718,82,0,82
1216957902,82,7,89
1223685223,82,5,87
1365107749,82,5,87
1478981750,82,0,82
1509748945,82,1,83
1515314017,82,0,82
1638742382,82,9,91
1675606380,82,1,83
1697365488,82,0,82
1712243070,82,1,83
1850508044,82,9,91
2228859032,82,2,84
2271753126,82,1,83
2281093466,82,2,84
2317689248,82,0,82
2361604001,82,7,89
2366419128,82,5,87
2386053847,82,2,84
2401319821,82,2,84
2496361238,82,6,88
2545826231,82,9,91
2587294457,82,0,82
2656461090,82,0,82
2761947805,82,0,82
2769922481,82,3,85
2771588954,82,9,91
2803623931,82,4,86
2859241221,82,7,89
2878411998,82,2,84
2919190364,82,2,84
2987929881,82,2,84
3020675709,82,2,84
3038687906,82,0,82
3043931737,82,4,86
3218954806,82,2,84
3225075195,82,1,83
3237940072,82,2,84
3303763184,82,0,82
3324428400,82,3,85
3368077079,82,2,84
3413870405,82,17,99
3425292893,82,1,83
3775134742,82,12,94
4088305392,82,0,82
4103273359,82,0,82
4139076737,82,3,85
4151364672,82,0,82
4213819287,82,11,93
4222775595,82,3,85
4269989536,82,9,91
4705591369,82,3,85
4853799239,82,5,87
706115712675348480,82,1,83
706541040556220416,82,2,84
709739041395085313,82,0,82
717862238565101568,82,3,85
728391450098999300,82,8,90
729442479611781120,82,4,86
731565109420625920,82,1,83
736939703140634625,82,4,86
740769666277183488,82,5,87
740991899591450624,82,5,87
749345710517071872,82,5,87
753707771267342337,82,0,82
761302640068325376,82,6,88
784804622821130240,82,0,82
785485473703526401,82,2,84
785531751368105984,82,3,85
786319145000402944,82,0,82
2953201,81,3,84
14495675,81,1,82
16632562,81,4,85
24817294,81,3,84
25779224,81,1,82
29893075,81,8,89
30984837,81,0,81
36071847,81,1,82
36952586,81,1,82
36959190,81,2,83
45935663,81,1,82
67295944,81,1,82
74644440,81,44,125
87032917,81,3,84
89300184,81,2,83
104595364,81,6,87
104872121,81,6,87
127941629,81,0,81
185977718,81,2,83
188215961,81,3,84
211369803,81,2,83
224226061,81,0,81
278163796,81,1,82
297483708,81,1,82
300524931,81,1,82
307314831,81,1,82
339831428,81,8,89
381872904,81,6,87
410468961,81,0,81
458697809,81,2,83
488543818,81,6,87
531346772,81,9,90
542961492,81,8,89
762534037,81,4,85
818358278,81,4,85
871747932,81,1,82
889982376,81,0,81
937639507,81,4,85
976664240,81,2,83
1028986664,81,3,84
1031642472,81,0,81
1090909014,81,0,81
1199122891,81,3,84
1232348810,81,10,91
1335947582,81,5,86
1382864352,81,4,85
1450257787,81,16,97
1469419212,81,3,84
1692466376,81,6,87
1855792645,81,0,81
1883797237,81,0,81
1932937592,81,31,112
1947872114,81,0,81
2213641194,81,1,82
2277613550,81,3,84
2280896059,81,3,84
2316626342,81,0,81
2329148937,81,5,86
2535287900,81,4,85
2676550971,81,2,83
2713636094,81,6,87
2725335391,81,1,82
2769701894,81,10,91
2806253876,81,3,84
2846587578,81,4,85
2866075717,81,4,85
2967971350,81,0,81
3160139748,81,2,83
3231170470,81,1,82
3245507829,81,2,83
3247780708,81,3,84
3273479480,81,1,82
3308398352,81,4,85
3309130765,81,4,85
3502283836,81,1,82
3694455437,81,0,81
4056983819,81,5,86
4082884154,81,5,86
4113886933,81,3,84
4176001696,81,1,82
4264195704,81,15,96
4286980636,81,0,81
4294742414,81,2,83
4459914972,81,2,83
4521230002,81,8,89
4544037017,81,1,82
4547869279,81,5,86
4766281718,81,9,90
4868300675,81,3,84
4888338626,81,8,89
700943694619234304,81,1,82
704394092592037889,81,3,84
706089998676721668,81,2,83
706956008921407488,81,1,82
712905185778135042,81,0,81
713136017092423680,81,2,83
713316839045074944,81,0,81
715276501650776064,81,8,89
718933058200674304,81,0,81
719276718771412992,81,1,82
721339836406317058,81,19,100
737577403799601153,81,1,82
742057349217681409,81,4,85
743647778207784961,81,5,86
745569479346757632,81,1,82
747285264846905344,81,7,88
749093840846401537,81,0,81
751272937613766657,81,0,81
755707584896720897,81,0,81
755792328762257409,81,8,89
767896496612134912,81,2,83
775114926536790016,81,0,81
778381941666000897,81,0,81
784936985685209088,81,8,89
785241712952119296,81,2,83
786859643842666496,81,1,82
788232467358507008,81,2,83
18365494,80,1,81
19793392,80,2,82
20200651,80,6,86
21006516,80,6,86
27901877,80,5,85
28505662,80,0,80
30532868,80,3,83
35261177,80,3,83
35447112,80,0,80
37787301,80,3,83
38066483,80,0,80
48354257,80,12,92
49255420,80,4,84
56249795,80,0,80
63300614,80,3,83
63972356,80,4,84
73018281,80,3,83
110421556,80,7,87
116723522,80,3,83
124147970,80,2,82
131129676,80,3,83
138294860,80,4,84
146456142,80,7,87
148291255,80,9,89
177487728,80,4,84
199374188,80,1,81
210275927,80,7,87
211757224,80,0,80
213092432,80,8,88
250531880,80,2,82
298034527,80,11,91
320046256,80,0,80
327462143,80,3,83
349145960,80,0,80
370922010,80,0,80
372018326,80,1,81
378255485,80,1,81
384289847,80,4,84
405962141,80,4,84
420678292,80,6,86
464682020,80,0,80
495602226,80,162,242
496256847,80,1,81
532438266,80,1,81
545474475,80,126,206
732139172,80,1,81
758297804,80,2,82
785524554,80,7,87
862537256,80,0,80
957591234,80,2,82
990260346,80,6,86
1059040274,80,4,84
1218866012,80,2,82
1415550662,80,2,82
1558861508,80,2,82
1631580986,80,2,82
2368731773,80,4,84
2416254386,80,5,85
2460269506,80,5,85
2541410725,80,1,81
2674565779,80,0,80
2786285535,80,1,81
2848666053,80,3,83
2866195917,80,2,82
2916108169,80,5,85
2929278969,80,2,82
3021494324,80,0,80
3025829997,80,3,83
3074371177,80,5,85
3153694671,80,4,84
3177606807,80,0,80
3244234613,80,0,80
3288114332,80,5,85
3321838098,80,1,81
3344738026,80,2,82
3373632069,80,0,80
3385781962,80,10,90
3488135300,80,1,81
3763644089,80,8,88
3950598676,80,2,82
3950625196,80,4,84
4012653147,80,3,83
4252685236,80,2,82
4457241553,80,0,80
4495515442,80,5,85
4819660233,80,2,82
4851800139,80,3,83
708661995441152000,80,0,80
710553234654367744,80,14,94
714235834463981568,80,4,84
714538042229305344,80,33,113
715028636018024449,80,14,94
715582132819664896,80,2,82
735147297856757765,80,3,83
735542911132110849,80,4,84
735621525936562176,80,5,85
738920480812371969,80,0,80
738972833204822016,80,3,83
745968445716635649,80,0,80
752201533068943361,80,0,80
753718839519617024,80,0,80
758492577482043392,80,0,80
764726619877548032,80,7,87
775018367010746368,80,1,81
780174211830587393,80,5,85
780569798463791105,80,6,86
784813082371588096,80,4,84
7712832,79,1,80
18635250,79,5,84
19747572,79,1,80
23326606,79,2,81
28852919,79,1,80
32687089,79,7,86
32730324,79,3,82
36139682,79,2,81
36730531,79,5,84
38415042,79,0,79
41300398,79,7,86
49470271,79,7,86
49645946,79,0,79
50141923,79,0,79
57785129,79,1,80
74783171,79,0,79
76708540,79,4,83
96444573,79,3,82
126440204,79,10,89
143115107,79,64,143
147247726,79,2,81
177723828,79,5,84
185506586,79,5,84
196607761,79,4,83
220796564,79,0,79
272483790,79,1,80
286374555,79,2,81
304425139,79,0,79
316102811,79,11,90
320629837,79,3,82
371251860,79,0,79
371700961,79,2,81
400741515,79,0,79
408474577,79,1,80
426200440,79,1,80
513316414,79,4,83
527076279,79,1,80
539684179,79,7,86
581807809,79,0,79
599406008,79,6,85
635275400,79,3,82
720730377,79,0,79
803401159,79,2,81
821683694,79,1,80
862440084,79,2,81
864819445,79,1,80
1016863820,79,0,79
1077761520,79,4,83
1112144912,79,5,84
1113171272,79,0,79
1208632380,79,2,81
1288958298,79,3,82
1317782702,79,8,87
1455214891,79,1,80
1557605966,79,6,85
1598812760,79,68,147
1655334710,79,1,80
1865674987,79,7,86
2169012727,79,2,81
2169629337,79,5,84
2281297118,79,3,82
2416480604,79,0,79
2459871223,79,3,82
2493487567,79,2,81
2567913765,79,7,86
2589358177,79,0,79
2686651847,79,9,88
2837876374,79,5,84
2903918642,79,2,81
2920055126,79,20,99
2967626975,79,3,82
2991501380,79,2,81
3071765029,79,2,81
3110461544,79,64,143
3118537148,79,1,80
3179860843,79,0,79
3231865460,79,2,81
3240776916,79,7,86
3266427631,79,8,87
3275238667,79,0,79
3295512715,79,5,84
3612901152,79,3,82
3782421975,79,7,86
4143395536,79,2,81
4786132700,79,6,85
4858727007,79,2,81
4884052625,79,6,85
701950741100027904,79,8,87
711193702019047424,79,1,80
712323988815536128,79,0,79
714251785183977472,79,9,88
725755206978383873,79,2,81
734207554167922688,79,40,119
741357583408238592,79,1,80
751186616736186368,79,0,79
753255861439520768,79,0,79
753740319292809217,79,7,86
754443182683910144,79,2,81
755382158764769281,79,1,80
756419374089515008,79,1,80
759190258726662145,79,11,90
766004646494277632,79,5,84
780096605252751360,79,1,80
788831920452882432,79,1,80
791630627229560832,79,2,81
798216212618551296,79,0,79
17354200,78,1,79
18479878,78,6,84
25006277,78,0,78
25986794,78,14,92
26487878,78,7,85
29230247,78,0,78
33930479,78,4,82
36831201,78,5,83
45057534,78,1,79
46002346,78,4,82
53698155,78,2,80
55845533,78,6,84
57154074,78,3,81
57551446,78,0,78
60331413,78,3,81
63430346,78,2,80
76514412,78,2,80
78968880,78,7,85
80289302,78,2,80
82541664,78,0,78
91489292,78,11,89
101823726,78,5,83
108751302,78,12,90
116370038,78,3,81
127114548,78,2,80
136063974,78,1,79
159866162,78,0,78
167603204,78,5,83
176238611,78,1,79
183396842,78,7,85
184059746,78,1,79
184460759,78,2,80
213288963,78,3,81
231883124,78,1,79
260426187,78,3,81
294335977,78,2,80
297706661,78,0,78
304206656,78,0,78
315222095,78,0,78
338522469,78,1,79
354631659,78,4,82
372573513,78,12,90
395887291,78,3,81
403246362,78,0,78
411754148,78,26,104
426369194,78,14,92
448401842,78,0,78
543483455,78,2,80
545377339,78,3,81
582439372,78,7,85
620311526,78,4,82
766273862,78,3,81
787644325,78,0,78
807995983,78,0,78
916968602,78,1,79
927071516,78,9,87
1184296500,78,22,100
1226385872,78,0,78
1251672655,78,8,86
1436790152,78,1,79
1475534856,78,6,84
1909890530,78,7,85
1910116862,78,2,80
2150975378,78,1,79
2157054487,78,7,85
2185553479,78,2,80
2282350454,78,14,92
2282665776,78,0,78
2288707378,78,5,83
2384369214,78,3,81
2471917405,78,2,80
2573941194,78,4,82
2575751606,78,0,78
2590884252,78,5,83
2639302925,78,5,83
2689096890,78,1,79
2713104409,78,1,79
2790529607,78,0,78
2892439622,78,4,82
2963406177,78,1,79
3015178005,78,2,80
3053728471,78,2,80
3112061737,78,2,80
3219615138,78,3,81
3252868549,78,4,82
3281910150,78,3,81
3315205819,78,4,82
4010756772,78,4,82
4061705121,78,1,79
4102497614,78,1,79
4181636232,78,9,87
4329338188,78,9,87
4761324133,78,2,80
4813107140,78,3,81
4852434473,78,9,87
4891291658,78,0,78
4921629861,78,5,83
701934511500689409,78,1,79
702874160528121856,78,13,91
703738807758282753,78,0,78
707348777129082882,78,2,80
708697173689413632,78,8,86
709509298653626368,78,12,90
709821204132143104,78,2,80
713375481374965760,78,4,82
717293167708545024,78,5,83
718238996573372416,78,1,79
738371277484740608,78,11,89
741024606186704896,78,6,84
741082703030714371,78,2,80
747884643081400324,78,0,78
751050199871676416,78,2,80
755936030142849024,78,1,79
759106585947963392,78,2,80
759821043909353472,78,0,78
763056377187237888,78,0,78
768253801018961920,78,1,79
770590351484604417,78,2,80
780820296794112000,78,0,78
785473931000053760,78,2,80
787289434261626882,78,1,79
790990019208945665,78,1,79
797579313541324800,78,0,78
15701061,77,2,79
18004170,77,5,82
18204604,77,9,86
18929234,77,2,79
19418408,77,15,92
21495530,77,130,207
26019382,77,4,81
27945987,77,1,78
29409786,77,8,85
29897850,77,26,103
30795495,77,1,78
30992168,77,0,77
31025367,77,4,81
31718463,77,27,104
33543873,77,1,78
37247707,77,0,77
40103823,77,0,77
43157410,77,2,79
45683197,77,0,77
49179096,77,10,87
52558848,77,4,81
61390117,77,2,79
61866666,77,3,80
66911145,77,2,79
69685617,77,1,78
70245700,77,12,89
78094182,77,8,85
92771077,77,7,84
109958364,77,1,78
118798545,77,2,79
143483210,77,2,79
162554426,77,2,79
170471798,77,4,81
180141039,77,5,82
191195321,77,2,79
199883469,77,9,86
200163987,77,5,82
235185955,77,0,77
238726677,77,2,79
248817158,77,35,112
261226885,77,1,78
264289747,77,1,78
297352182,77,0,77
331667528,77,8,85
361692505,77,3,80
366134197,77,1,78
373150494,77,8,85
374835128,77,4,81
403715681,77,1,78
411079287,77,4,81
438036794,77,1,78
453507246,77,2,79
489555721,77,2,79
562063761,77,3,80
604827192,77,0,77
632448453,77,3,80
636488101,77,0,77
701094366,77,4,81
706067882,77,2,79
748477502,77,8,85
771989142,77,1,78
774577836,77,0,77
782393876,77,9,86
847910245,77,1,78
851072629,77,2,79
860735617,77,2,79
864147860,77,7,84
901903482,77,3,80
960565147,77,6,83
971641597,77,4,81
1118183168,77,4,81
1184632957,77,2,79
1255836218,77,2,79
1275629976,77,2,79
1330791132,77,2,79
1378275530,77,0,77
1428794820,77,6,83
1486347446,77,3,80
1519530739,77,2,79
1564272986,77,3,80
1600881572,77,1,78
1852558106,77,4,81
1973301416,77,7,84
2216240963,77,0,77
2275445179,77,3,80
2290924114,77,1,78
2323179422,77,2,79
2381651778,77,3,80
2558019780,77,2,79
2604653497,77,2,79
2748582465,77,5,82
2749420137,77,2,79
2795205690,77,2,79
2798085656,77,9,86
2812189554,77,0,77
2863774500,77,3,80
2976865088,77,0,77
2979735249,77,3,80
3020891608,77,6,83
3031259110,77,8,85
3123952587,77,2,79
3190646796,77,0,77
3195712757,77,1,78
3294397968,77,3,80
3314041765,77,1,78
3351788417,77,10,87
3409679008,77,1,78
3438614458,77,7,84
3808653920,77,3,80
3819351567,77,7,84
3865080203,77,0,77
3893126178,77,3,80
4268052921,77,7,84
4496408061,77,0,77
4530555202,77,3,80
4651829368,77,1,78
4725400273,77,3,80
4824678747,77,2,79
4838753877,77,3,80
4840412901,77,3,80
4857734718,77,8,85
4861841438,77,2,79
700096122262425600,77,3,80
704048063061606401,77,2,79
710286335853137920,77,0,77
710906066599415808,77,1,78
715595731562672129,77,2,79
715968040425250816,77,0,77
719273408438083586,77,2,79
724237308250185728,77,7,84
725126867301326848,77,1,78
727935429949820929,77,3,80
741260901806903296,77,0,77
747957353107042305,77,4,81
748202450729975809,77,1,78
751204406197153792,77,9,86
751482508798103553,77,5,82
751960157236523009,77,2,79
754760616351567872,77,2,79
758429841972686848,77,1,78
758777767596920832,77,2,79
760770167982948352,77,0,77
761165416479744000,77,4,81
773881713843904512,77,2,79
775147720055017473,77,0,77
781664961751769089,77,1,78
793707496724627456,77,0,77
796040559928320000,77,0,77
7910732,76,9,85
15560202,76,1,77
18116676,76,4,80
20916358,76,2,78
21040762,76,3,79
22911429,76,2,78
24981766,76,0,76
25427532,76,2,78
25876092,76,2,78
27114485,76,3,79
28262571,76,1,77
33455700,76,0,76
38300539,76,8,84
41430555,76,2,78
42525672,76,4,80
42927115,76,0,76
47643487,76,2,78
53664305,76,4,80
69152326,76,1,77
74082296,76,4,80
74309360,76,2,78
90466734,76,0,76
103091394,76,0,76
125359235,76,4,80
143088640,76,5,81
143959357,76,0,76
154350597,76,3,79
220554452,76,2,78
224684843,76,3,79
229491643,76,3,79
231636856,76,4,80
234049568,76,0,76
241776425,76,23,99
265082142,76,117,193
278255758,76,2,78
318721919,76,4,80
386874585,76,4,80
391609413,76,5,81
411380833,76,1,77
425937551,76,3,79
431781032,76,3,79
478846629,76,0,76
509723132,76,0,76
525750541,76,6,82
565516255,76,7,83
600152901,76,0,76
624319087,76,5,81
627053327,76,9,85
721092824,76,1,77
728799704,76,12,88
745591364,76,1,77
785564280,76,5,81
808105915,76,4,80
816756721,76,3,79
830674884,76,0,76
835666784,76,2,78
846664664,76,6,82
880386674,76,12,88
885737311,76,5,81
945283189,76,0,76
1106307541,76,2,78
1167448458,76,1,77
1187675324,76,3,79
1219144500,76,9,85
1280643612,76,1,77
1383107726,76,3,79
1552389500,76,5,81
1572329072,76,1,77
1587237776,76,3,79
1591785884,76,2,78
1655291706,76,2,78
1689921702,76,0,76
1849064881,76,5,81
1898016314,76,1,77
1913711058,76,2,78
1918875846,76,0,76
1955657004,76,6,82
2191643175,76,0,76
2196976356,76,1,77
2207787422,76,2,78
2242421732,76,2,78
2347630178,76,4,80
2370998150,76,0,76
2411488136,76,3,79
2491782498,76,0,76
2495504202,76,2,78
2510480564,76,3,79
2515830905,76,1,77
2547022171,76,0,76
2561992290,76,0,76
2685050778,76,1,77
2826490595,76,0,76
2840062227,76,0,76
2915879950,76,2,78
3007401576,76,43,119
3015370299,76,11,87
3168211556,76,0,76
3194487422,76,5,81
3220067984,76,1,77
3293209278,76,2,78
3310100744,76,1,77
3323864375,76,2,78
3340871699,76,3,79
3385804869,76,0,76
3411140663,76,1,77
3437817059,76,0,76
3676940660,76,8,84
3837907454,76,2,78
3990718648,76,1,77
4129067774,76,0,76
4460500221,76,2,78
4755963749,76,1,77
4795838413,76,7,83
4847583671,76,5,81
4868170265,76,2,78
4886708955,76,4,80
4893792232,76,1,77
4913322853,76,8,84
704001287356968961,76,1,77
704032336086568960,76,7,83
705885870092455936,76,5,81
706201099968061440,76,7,83
709104113217212416,76,1,77
709405470511869952,76,2,78
710795420331544576,76,2,78
713103325244227585,76,4,80
713224463869829120,76,1,77
714573819906760705,76,0,76
720971401964822529,76,2,78
737429665585856512,76,7,83
741073833982066688,76,2,78
745541136094093312,76,7,83
759412990915379200,76,3,79
760101677378568193,76,2,78
763432739303415813,76,2,78
780625531515437056,76,1,77
784531500926722052,76,1,77
790707147436920832,76,4,80
794707137129840640,76,0,76
16090807,75,5,80
16135462,75,3,78
18489937,75,2,77
20782953,75,4,79
21368516,75,6,81
21421178,75,7,82
22936237,75,12,87
28943567,75,0,75
33918433,75,2,77
35569205,75,5,80
38173391,75,1,76
39107307,75,8,83
40908168,75,5,80
42751681,75,4,79
46675144,75,9,84
47019515,75,0,75
47539247,75,1,76
48554454,75,3,78
50174923,75,0,75
50260259,75,5,80
51228028,75,3,78
54226583,75,1,76
55910287,75,2,77
57197277,75,1,76
68543202,75,1,76
75146395,75,0,75
85134720,75,5,80
85905940,75,7,82
87961743,75,1,76
91555542,75,1,76
104402641,75,2,77
107794703,75,0,75
112873910,75,1,76
150422835,75,1,76
150879772,75,0,75
175174041,75,1,76
198276191,75,2,77
199585426,75,3,78
200301533,75,5,80
201721986,75,10,85
205087718,75,0,75
208022075,75,0,75
221034430,75,2,77
223782598,75,7,82
224760049,75,2,77
229944601,75,1,76
244740698,75,7,82
260941448,75,0,75
268963141,75,0,75
282220986,75,8,83
303850691,75,0,75
309804899,75,2,77
315469915,75,11,86
325091255,75,0,75
332396536,75,0,75
336988074,75,0,75
356379026,75,2,77
374789783,75,10,85
377580778,75,1,76
392757743,75,4,79
423168084,75,4,79
455827744,75,13,88
459786151,75,1,76
471333218,75,2,77
539313405,75,2,77
553190985,75,5,80
601189357,75,2,77
605027484,75,5,80
630199904,75,4,79
713697990,75,1,76
767820973,75,0,75
769707494,75,1,76
898219136,75,2,77
930449774,75,4,79
952886232,75,7,82
979495020,75,6,81
1226550030,75,2,77
1235373914,75,1,76
1339124106,75,0,75
1425742548,75,2,77
1482563324,75,0,75
1483091274,75,0,75
1484196626,75,2,77
1493326255,75,0,75
1496506104,75,0,75
1548506839,75,4,79
1568912370,75,1,76
1708881122,75,2,77
1874099515,75,0,75
2164876369,75,12,87
2190365004,75,4,79
2515246064,75,0,75
2530793158,75,1,76
2793193186,75,0,75
2925992923,75,4,79
2940254315,75,5,80
3062299954,75,0,75
3070489297,75,3,78
3077842258,75,0,75
3081768334,75,3,78
3135209733,75,10,85
3158979158,75,7,82
3163152794,75,6,81
3249111559,75,2,77
3253571759,75,1,76
3272284375,75,10,85
3307092292,75,4,79
3309880826,75,4,79
3347737518,75,2,77
3419210573,75,2,77
3534121456,75,2,77
3570697343,75,6,81
3907367965,75,0,75
4076935702,75,4,79
4179814341,75,7,82
4191924684,75,0,75
4645536691,75,4,79
4649674165,75,0,75
4744550834,75,2,77
4745717725,75,1,76
4778739981,75,10,85
4900112050,75,1,76
4905645177,75,5,80
702322102859386880,75,4,79
704060092065423361,75,224,299
705506254500790278,75,1,76
714927256473350144,75,4,79
716336900332658689,75,1,76
731234772354236417,75,4,79
737141091783282692,75,2,77
742514198748483589,75,4,79
742826933075877889,75,4,79
748319190763855872,75,3,78
751404119651475456,75,18,93
757288600639774720,75,0,75
759435633244897280,75,3,78
760090602981629952,75,6,81
760859230819774465,75,0,75
761796509411053568,75,1,76
764517032557735936,75,1,76
773353278092484612,75,0,75
775322714185674757,75,13,88
777020965754515456,75,3,78
777304263940714496,75,0,75
785611822304866304,75,1,76
793229942301593600,75,1,76
17101183,74,5,79
19552528,74,8,82
19668928,74,0,74
21603233,74,7,81
24580009,74,1,75
26801386,74,2,76
27368525,74,9,83
29980783,74,2,76
30041119,74,0,74
35643145,74,4,78
38971292,74,4,78
42070490,74,1,75
43834885,74,7,81
43917621,74,1,75
46748165,74,0,74
50495265,74,4,78
52915990,74,2,76
67293615,74,31,105
72717549,74,6,80
81046321,74,1,75
84011041,74,0,74
86854235,74,0,74
109991420,74,0,74
111165159,74,0,74
111671624,74,10,84
126009130,74,5,79
146449043,74,39,113
167260181,74,1,75
173596456,74,3,77
184246714,74,2,76
198305999,74,2,76
215308070,74,0,74
230051759,74,0,74
232914091,74,5,79
247130062,74,0,74
247403299,74,3,77
253848000,74,2,76
275450877,74,8,82
282677694,74,6,80
322682659,74,10,84
358956687,74,1,75
365485609,74,0,74
367632903,74,0,74
373708975,74,0,74
399145347,74,1,75
408226159,74,0,74
421460415,74,0,74
422868987,74,0,74
424321046,74,2,76
430292287,74,1,75
456334233,74,36,110
466114522,74,5,79
519611939,74,1,75
531620458,74,9,83
536797297,74,5,79
542476553,74,0,74
545640062,74,1,75
885384266,74,3,77
906452742,74,3,77
939190178,74,9,83
941136523,74,0,74
963298842,74,0,74
988896103,74,2,76
1032432954,74,2,76
1072786698,74,0,74
1212020275,74,13,87
1264866582,74,17,91
1289704663,74,7,81
1314055652,74,4,78
1415153274,74,3,77
1440616824,74,3,77
1497291451,74,0,74
1598973398,74,2,76
1618641848,74,3,77
1642945718,74,4,78
1887375954,74,67,141
1887480182,74,9,83
2179196810,74,3,77
2193523407,74,3,77
2254554986,74,0,74
2335728060,74,1,75
2352402309,74,0,74
2455824056,74,5,79
2472980210,74,3,77
2559155400,74,8,82
2566245582,74,1,75
2585988889,74,0,74
2736720038,74,4,78
2736920960,74,0,74
2767378727,74,2,76
2782928724,74,4,78
2786996610,74,7,81
2800705332,74,2,76
2812314881,74,10,84
2858138061,74,3,77
2934686231,74,1,75
3051952241,74,5,79
3103915408,74,5,79
3108141873,74,4,78
3171590455,74,2,76
3295058120,74,0,74
3309509312,74,3,77
3329180049,74,0,74
3391634293,74,0,74
3430768786,74,1,75
3519034157,74,2,76
3552134474,74,2,76
3641968099,74,2,76
3886999640,74,1,75
3932948237,74,1,75
4465637474,74,7,81
4475730201,74,0,74
4667051401,74,6,80
4698487423,74,6,80
4760886682,74,2,76
4787332682,74,9,83
4808436291,74,1,75
4835694429,74,8,82
702038489253158912,74,6,80
705583838328541184,74,3,77
706280029987049473,74,0,74
706368771594649604,74,2,76
707031481064038400,74,2,76
707243451541225472,74,0,74
717724339567611904,74,3,77
717911401499471873,74,3,77
733877763220770816,74,4,78
738732807594348544,74,11,85
741977462028926976,74,11,85
743251927970910208,74,2,76
746235225169006592,74,10,84
749054038851805184,74,6,80
751573433876611072,74,3,77
752275609804562432,74,2,76
758694916268564481,74,2,76
761320600967254016,74,5,79
762618894200803332,74,1,75
766453507868258304,74,1,75
778643483103944705,74,2,76
781224578890604544,74,8,82
783879003861946369,74,0,74
786628460374556672,74,2,76
7809282,73,4,77
15722902,73,3,76
16827655,73,2,75
17205449,73,0,73
18774342,73,8,81
23899355,73,2,75
25456537,73,3,76
25718382,73,1,74
26921763,73,0,73
30044524,73,5,78
31946780,73,4,77
32496207,73,0,73
39040394,73,6,79
51334407,73,0,73
67328417,73,3,76
83610671,73,3,76
90888044,73,7,80
93677186,73,9,82
100270267,73,4,77
108335935,73,2,75
119902357,73,6,79
125665040,73,2,75
139172366,73,2,75
159122016,73,5,78
167426041,73,3,76
178888741,73,0,73
206897400,73,1,74
209103227,73,5,78
231843348,73,5,78
259654395,73,6,79
271871753,73,5,78
287259683,73,15,88
304093602,73,1,74
310083612,73,5,78
326165355,73,3,76
326830914,73,2,75
341707005,73,0,73
360321873,73,1,74
393687467,73,0,73
402985469,73,3,76
425170236,73,2,75
435260935,73,2,75
464235324,73,6,79
490002677,73,1,74
495088339,73,9,82
524628170,73,4,77
530829835,73,3,76
544550563,73,0,73
546194861,73,2,75
591041659,73,1,74
591459578,73,7,80
592024023,73,3,76
724971283,73,1,74
799153915,73,0,73
859893019,73,1,74
864516210,73,1,74
876040219,73,3,76
882993138,73,0,73
892162063,73,1,74
898635746,73,3,76
932795072,73,0,73
973190720,73,0,73
1211999354,73,1,74
1318704906,73,5,78
1474796768,73,0,73
1695069192,73,0,73
1865237108,73,2,75
1928226751,73,4,77
2214318990,73,1,74
2495796175,73,0,73
2680245631,73,0,73
2776376446,73,6,79
2781277987,73,2,75
2790757953,73,0,73
2866584083,73,1,74
2892916607,73,0,73
2920140973,73,2,75
2928790449,73,0,73
2945820771,73,3,76
2988115822,73,0,73
3054358184,73,3,76
3172925338,73,0,73
3192771663,73,4,77
3192795723,73,33,106
3221038951,73,1,74
3231034184,73,5,78
3282515257,73,6,79
3303974312,73,1,74
3313631802,73,2,75
3323943190,73,3,76
3325070438,73,1,74
3345779998,73,2,75
3438900346,73,1,74
3487078280,73,1,74
3581847436,73,3,76
3700623209,73,2,75
3739727597,73,0,73
3903251179,73,5,78
3903277581,73,1,74
3915941300,73,3,76
4051965973,73,0,73
4181320168,73,1,74
4228386516,73,3,76
4253199675,73,0,73
4359513076,73,3,76
4425025693,73,0,73
4501690272,73,3,76
4506956740,73,3,76
4744826952,73,7,80
4827690788,73,0,73
701259623894921217,73,4,77
706962880030232576,73,2,75
707528961169997824,73,5,78
709270528339501057,73,7,80
712668749778661376,73,2,75
713111873785303040,73,2,75
713386746856255488,73,0,73
714614269032198144,73,1,74
716796206823780353,73,4,77
717013114299015168,73,2,75
717719872428515328,73,0,73
719669024678805504,73,2,75
720361332436930560,73,0,73
722508677488324608,73,3,76
724906124860899330,73,1,74
727983860542144512,73,4,77
728744425648689152,73,2,75
740868761436094464,73,3,76
745813593321418752,73,6,79
749350854583549952,73,0,73
751930155841445888,73,2,75
752157722464878593,73,0,73
753373913510318080,73,1,74
761400129614151682,73,1,74
763044974745182208,73,1,74
763127590932602880,73,2,75
766852606442504192,73,1,74
770473020347604992,73,0,73
771068153459859456,73,0,73
789746722624802816,73,8,81
793064950247854080,73,3,76
10207502,72,14,86
16116764,72,0,72
17107740,72,40,112
17609723,72,5,77
18949073,72,2,74
19195442,72,5,77
19471203,72,4,76
19587302,72,0,72
25360591,72,2,74
25832979,72,3,75
27695678,72,5,77
27906010,72,2,74
30319316,72,26,98
30938730,72,0,72
32357087,72,1,73
34358816,72,3,75
35330270,72,0,72
35497610,72,1,73
37095007,72,4,76
40788228,72,61,133
43730555,72,2,74
49273832,72,2,74
60863039,72,0,72
66037316,72,17,89
67297220,72,1,73
79083934,72,7,79
113243806,72,265,337
117510407,72,8,80
120877403,72,128,200
123755687,72,3,75
124849825,72,7,79
126599757,72,1,73
187215601,72,1,73
196871565,72,9,81
212023751,72,3,75
220391543,72,1,73
249832494,72,1,73
274341323,72,0,72
303623301,72,1,73
304259639,72,4,76
321448767,72,1,73
336246602,72,4,76
339738108,72,6,78
344882852,72,0,72
352431616,72,0,72
358189965,72,0,72
364723008,72,1,73
459612537,72,11,83
492602213,72,1,73
496091526,72,1,73
537391295,72,10,82
544724393,72,5,77
582414063,72,2,74
592877327,72,0,72
602403044,72,1,73
722521964,72,5,77
743923398,72,1,73
771820890,72,2,74
772500008,72,5,77
791841379,72,6,78
834699973,72,3,75
841253952,72,0,72
879077473,72,2,74
924224208,72,12,84
948614892,72,3,75
1024300562,72,2,74
1089869552,72,0,72
1106581368,72,0,72
1145497862,72,3,75
1211368500,72,1,73
1216651544,72,9,81
1247776566,72,3,75
1363394484,72,0,72
1423821710,72,2,74
1596074678,72,9,81
1691095927,72,6,78
1885024224,72,2,74
1975510315,72,0,72
2190132720,72,1,73
2236389363,72,4,76
2276677269,72,1,73
2300776969,72,2,74
2328226596,72,1,73
2566343044,72,0,72
2589021392,72,2,74
2635046423,72,4,76
2790768176,72,2,74
2869860183,72,4,76
2888565960,72,1,73
2973842578,72,209,281
3018746955,72,2,74
3034874616,72,4,76
3083809798,72,1,73
3103509258,72,3,75
3130698886,72,0,72
3201944938,72,3,75
3243767079,72,2,74
3301818217,72,0,72
3335392588,72,2,74
3365144177,72,3,75
3413187563,72,5,77
3572711957,72,1,73
4093971808,72,2,74
4492313418,72,1,73
4508534893,72,4,76
4550502502,72,4,76
4703557268,72,9,81
4855891091,72,6,78
703317142696030208,72,0,72
703789363763793920,72,9,81
704080138791731201,72,3,75
706154504941600768,72,0,72
708697738418987008,72,6,78
709464364776968192,72,2,74
711145044154122240,72,2,74
713492848335839232,72,2,74
725138141041057792,72,1,73
731181280319115264,72,4,76
731945353143029760,72,4,76
734168839735349248,72,1,73
735321998793048064,72,3,75
749429571813044224,72,0,72
749958546004054017,72,4,76
751121366112411649,72,2,74
757976461408075776,72,2,74
758313715695427585,72,5,77
762317017131126784,72,5,77
765746439733514240,72,0,72
773657374146039808,72,0,72
785558681521758208,72,3,75
787025549394718720,72,0,72
791000199350984704,72,0,72
792538719169355776,72,0,72
14586497,71,5,76
15573925,71,0,71
15701001,71,4,75
17004786,71,2,73
18450348,71,4,75
19323241,71,2,73
20198802,71,11,82
22560682,71,3,74
25892622,71,4,75
25898042,71,0,71
26785949,71,71,142
27600105,71,6,77
28097147,71,1,72
28453911,71,2,73
31074395,71,1,72
33068037,71,7,78
34096346,71,4,75
37001551,71,5,76
39182415,71,0,71
41300192,71,0,71
49922681,71,9,80
50151086,71,19,90
51864676,71,4,75
51898230,71,2,73
54072491,71,2,73
59338587,71,8,79
59378275,71,1,72
64231636,71,8,79
65533589,71,0,71
67096294,71,2,73
67815972,71,2,73
73081987,71,8,79
76848978,71,35,106
84937213,71,0,71
91655528,71,1,72
93003933,71,4,75
102083912,71,2,73
102774350,71,1,72
104374924,71,2,73
129262829,71,4,75
141914172,71,0,71
150340773,71,0,71
153776534,71,0,71
170292793,71,2,73
185629011,71,3,74
206816444,71,2,73
222083660,71,4,75
263691341,71,0,71
273809820,71,0,71
277485152,71,1,72
284653473,71,7,78
338120667,71,0,71
345551240,71,2,73
432580296,71,1,72
462419435,71,2,73
467658723,71,1,72
467792402,71,2,73
470298741,71,2,73
482694137,71,5,76
487038869,71,2,73
502166388,71,0,71
570567264,71,6,77
584292429,71,2,73
593381402,71,3,74
629474074,71,2,73
633948144,71,4,75
709294088,71,2,73
730443494,71,1,72
748652202,71,0,71
787656782,71,4,75
796600105,71,3,74
801698222,71,9,80
838760262,71,4,75
889801698,71,1,72
898827404,71,6,77
1015788055,71,9,80
1105190389,71,3,74
1146349951,71,0,71
1245065683,71,3,74
1276368361,71,4,75
1302040782,71,3,74
1332568579,71,2,73
1369986619,71,4,75
1378636512,71,0,71
1411633885,71,4,75
1415594922,71,9,80
1460673890,71,3,74
1528650636,71,1,72
1531238594,71,3,74
1928043908,71,8,79
1948811262,71,2,73
2185445828,71,4,75
2212677454,71,6,77
2217993199,71,3,74
2224592382,71,0,71
2263130047,71,2,73
2288643823,71,2,73
2346093998,71,0,71
2348158603,71,0,71
2374775708,71,1,72
2446079094,71,1,72
2473048608,71,0,71
2550993804,71,6,77
2555646577,71,5,76
2605445976,71,4,75
2747676402,71,3,74
2770753891,71,0,71
2827295889,71,3,74
2842388038,71,9,80
2890959404,71,2,73
2908236484,71,0,71
2912875425,71,0,71
2942636775,71,3,74
2982520833,71,8,79
3042356250,71,2,73
3065986461,71,6,77
3068102708,71,0,71
3124986791,71,4,75
3149912727,71,7,78
3289438049,71,5,76
3309810318,71,0,71
3353061012,71,1,72
3377551879,71,7,78
3379498318,71,2,73
3428071973,71,2,73
3620498773,71,4,75
3689630715,71,0,71
3723723982,71,9,80
3731653519,71,3,74
3863806703,71,0,71
3940711107,71,0,71
3968943563,71,4,75
4237561584,71,3,74
4735643772,71,0,71
4804814714,71,1,72
4827368318,71,3,74
4844167179,71,12,83
4872131123,71,17,88
703310547329159168,71,0,71
705229345745276928,71,1,72
705443404684136450,71,4,75
706357192220405760,71,1,72
710350479163691008,71,11,82
711216755977408512,71,2,73
712346877962772481,71,3,74
712658525504147456,71,1,72
715199308149178368,71,3,74
718521822480875520,71,7,78
723625449419472896,71,0,71
733212700659093504,71,1,72
734956413143769088,71,2,73
737348402367844353,71,3,74
738153522277945344,71,2,73
742020677507665920,71,2,73
745729425703067649,71,3,74
751814461690900480,71,2,73
754501099533377536,71,2,73
757664380695646208,71,0,71
760542327630725120,71,0,71
765366985651843072,71,1,72
776012532767137792,71,0,71
776612367966756864,71,3,74
777983613602304001,71,0,71
784849517246046208,71,1,72
786352859063259136,71,0,71
792492171182039040,71,5,76
777510,70,2,72
16156293,70,0,70
16476132,70,2,72
17166994,70,0,70
18813616,70,1,71
20921478,70,4,74
22413812,70,1,71
23387931,70,2,72
25044258,70,1,71
37398878,70,7,77
37786117,70,3,73
41762831,70,2,72
53902535,70,3,73
65679618,70,10,80
71387443,70,0,70
81192266,70,7,77
88458875,70,0,70
89476066,70,51,121
93749485,70,1,71
98016897,70,4,74
114711796,70,1,71
114727423,70,0,70
125038870,70,5,75
147756074,70,12,82
221642866,70,1,71
230288360,70,0,70
246179810,70,12,82
252852141,70,13,83
257409731,70,4,74
260936816,70,6,76
261109532,70,1,71
267445578,70,1,71
268354070,70,1,71
299878544,70,0,70
312373010,70,2,72
313038011,70,1,71
327126454,70,2,72
345587269,70,0,70
345752316,70,1,71
346761373,70,0,70
360959712,70,2,72
404495037,70,4,74
405066164,70,1,71
442895257,70,0,70
471482049,70,2,72
482471798,70,7,77
494623893,70,2,72
521458643,70,1,71
529662586,70,2,72
531854855,70,3,73
557789129,70,2,72
581379553,70,6,76
589334365,70,1,71
625490793,70,0,70
757345172,70,6,76
792995616,70,0,70
814429434,70,9,79
829867123,70,1,71
875942989,70,2,72
920000198,70,2,72
991330362,70,2,72
1032891972,70,0,70
1134733550,70,2,72
1170134670,70,0,70
1179862328,70,5,75
1202949210,70,69,139
1206885618,70,7,77
1250379720,70,0,70
1403325440,70,3,73
1510787130,70,20,90
1851322364,70,1,71
1909809091,70,5,75
1939609488,70,0,70
2181074665,70,15,85
2245400663,70,1,71
2255799025,70,2,72
2264826464,70,2,72
2265392563,70,1,71
2285091171,70,1,71
2340988752,70,2,72
2375154235,70,1,71
2427831581,70,0,70
2451379435,70,8,78
2471135371,70,3,73
2569143588,70,6,76
2571791431,70,1,71
2677167336,70,3,73
2748012813,70,0,70
2918014430,70,3,73
2947709045,70,2,72
2967468312,70,0,70
2973336557,70,1,71
3003765995,70,8,78
3039863378,70,1,71
3113016928,70,5,75
3142954274,70,4,74
3239739028,70,6,76
3301205746,70,2,72
3306629815,70,9,79
3317287716,70,2,72
3343462814,70,1,71
3383695107,70,3,73
3587291240,70,1,71
3712824021,70,4,74
3745023675,70,4,74
3908662753,70,2,72
3989262431,70,7,77
4010268274,70,6,76
4049743339,70,7,77
4091069661,70,0,70
4108548203,70,7,77
4402594994,70,1,71
4476857892,70,4,74
4537651278,70,10,80
4656088998,70,1,71
4692484278,70,2,72
4790580498,70,3,73
4810512147,70,3,73
4817119207,70,4,74
4843096484,70,0,70
4852482556,70,8,78
701611563178811392,70,1,71
703268281038168064,70,13,83
705058166518771712,70,0,70
712987134584569856,70,2,72
713097254224150528,70,3,73
714785010440515584,70,6,76
716743071883341824,70,1,71
722181571780952064,70,1,71
729745131918626817,70,5,75
731877450343456768,70,1,71
740913875453906944,70,0,70
741811154062737409,70,7,77
746773989792559104,70,3,73
747084291910287360,70,0,70
756903958610907136,70,1,71
757254383079923714,70,4,74
761021177368186881,70,0,70
768189118014644224,70,1,71
772459109681471488,70,1,71
778370456046833664,70,3,73
787423878498885632,70,0,70
792244894433677312,70,0,70
794670658751864833,70,1,71
16054584,69,4,73
16492765,69,7,76
17970907,69,2,71
18919170,69,1,70
18924384,69,0,69
20910380,69,1,70
22789952,69,0,69
22932667,69,2,71
24518857,69,1,70
25262314,69,2,71
25300825,69,3,72
25842388,69,3,72
26483032,69,6,75
29449202,69,2,71
29851314,69,2,71
34430800,69,6,75
36927988,69,130,199
39364787,69,0,69
39789671,69,1,70
45637919,69,24,93
49144779,69,0,69
49712948,69,2,71
50884311,69,6,75
55275843,69,5,74
69773015,69,3,72
70731502,69,1,70
72426152,69,3,72
90280824,69,55,124
95502178,69,1,70
105915471,69,0,69
127662446,69,1,70
131886539,69,6,75
132890694,69,0,69
164269050,69,2,71
166261211,69,1,70
172889149,69,1,70
177092966,69,3,72
195214392,69,1,70
205644304,69,1,70
225898045,69,3,72
226228068,69,0,69
231206271,69,1,70
233853114,69,4,73
245792683,69,0,69
253198857,69,4,73
257674038,69,32,101
289345749,69,1,70
298380993,69,1,70
312354655,69,1,70
315418953,69,1,70
371286889,69,4,73
374547405,69,11,80
378857336,69,0,69
382255869,69,0,69
382370203,69,220,289
388330222,69,1,70
394489174,69,1,70
402894432,69,2,71
410404148,69,3,72
420477633,69,0,69
423530697,69,1,70
429801709,69,3,72
438013425,69,6,75
441940470,69,13,82
452995365,69,3,72
462334014,69,5,74
463371329,69,0,69
496646106,69,1,70
521142615,69,3,72
521298763,69,3,72
525954207,69,6,75
537904539,69,5,74
561458693,69,3,72
587028953,69,1,70
602274330,69,13,82
625799019,69,2,71
635553275,69,0,69
713914472,69,4,73
751996334,69,7,76
755864660,69,4,73
808582266,69,1,70
885463688,69,8,77
886886838,69,10,79
982932044,69,0,69
1062600966,69,1,70
1195143002,69,10,79
1206477884,69,5,74
1241723072,69,1,70
1275535940,69,1,70
1411787329,69,7,76
1536716030,69,0,69
1544329148,69,4,73
1552125739,69,14,83
1553444053,69,5,74
1595645839,69,3,72
1663792387,69,1,70
1676414203,69,1,70
1851673267,69,4,73
1894404925,69,1,70
1925924688,69,3,72
1945334636,69,4,73
2177959693,69,1,70
2186834279,69,0,69
2220579615,69,1,70
2239063122,69,1,70
2262100542,69,2,71
2266888952,69,1,70
2270718426,69,0,69
2391162413,69,1,70
2405316296,69,4,73
2462295589,69,1,70
2522430293,69,1,70
2546998402,69,0,69
2556410661,69,0,69
2572097736,69,1,70
2572890921,69,14,83
2652471428,69,0,69
2677967694,69,0,69
2728197467,69,0,69
2739781664,69,2,71
2750858575,69,0,69
2802018084,69,4,73
2803337256,69,1,70
2809680389,69,1,70
2813738574,69,1,70
2818371775,69,1,70
2822918582,69,0,69
2851686730,69,0,69
2871364136,69,2,71
2881169894,69,2,71
2894763174,69,1,70
2956748154,69,6,75
2965246645,69,0,69
2966967788,69,3,72
2967091725,69,0,69
3009871927,69,2,71
3075298197,69,0,69
3127778953,69,0,69
3222839432,69,5,74
3226946687,69,47,116
3233838837,69,1,70
3233872641,69,2,71
3279690787,69,5,74
3394368621,69,8,77
3492861317,69,5,74
3686695933,69,1,70
3750989257,69,2,71
3751906517,69,5,74
4149990147,69,0,69
4189355476,69,0,69
4333257033,69,0,69
4417983448,69,3,72
4437482068,69,0,69
4514050757,69,0,69
4719193355,69,3,72
4835226799,69,2,71
4835777242,69,2,71
4848473285,69,4,73
4888978529,69,1,70
703022164652511232,69,13,82
705388292003463168,69,1,70
705466391827128321,69,8,77
706577077898756096,69,1,70
716156428289847296,69,3,72
728567170804895744,69,0,69
731095327491559424,69,0,69
733074254866976769,69,3,72
742828749448564736,69,2,71
743094363354468352,69,4,73
749606105244807169,69,2,71
755046612100087808,69,3,72
757999026436440064,69,2,71
759580347873067008,69,0,69
760098516999999488,69,0,69
760948799812603904,69,0,69
763179346714427393,69,2,71
766859945580990465,69,1,70
769362415964131328,69,0,69
770247822310420481,69,0,69
774718101623627776,69,8,77
778744041580093440,69,1,70
780515566259802113,69,1,70
780574247357812737,69,3,72
784410571638657024,69,0,69
787836847162531842,69,2,71
792073876641570817,69,35,104
794750862279069696,69,2,71
796899745889402880,69,1,70
797237589669511168,69,0,69
1366631,68,1,69
5820162,68,3,71
14606290,68,10,78
16162836,68,0,68
23345913,68,7,75
25186938,68,0,68
26111686,68,0,68
27587056,68,2,70
28094219,68,3,71
28098271,68,1,69
31694460,68,2,70
35346943,68,185,253
35901497,68,1,69
35941798,68,0,68
36673331,68,0,68
40991755,68,3,71
48552613,68,3,71
49431141,68,5,73
49561002,68,1,69
49651439,68,3,71
55066811,68,6,74
67322084,68,2,70
71030547,68,2,70
91472402,68,1,69
109192303,68,3,71
111124426,68,0,68
111933715,68,1,69
119980244,68,15,83
134338304,68,1,69
136078032,68,2,70
149036089,68,2,70
156745414,68,2,70
159334308,68,5,73
188505608,68,1,69
203344437,68,9,77
219494355,68,0,68
247947829,68,1,69
260229730,68,22,90
266505722,68,0,68
278279975,68,1,69
292023930,68,22,90
335469402,68,11,79
336145241,68,1,69
337505616,68,2,70
354440308,68,2,70
370922828,68,1,69
380058452,68,0,68
389648599,68,7,75
415936400,68,3,71
426957556,68,3,71
430084739,68,1,69
435542488,68,3,71
438018341,68,4,72
460118656,68,9,77
462335108,68,1,69
494111781,68,1,69
569457680,68,0,68
569589460,68,6,74
570524532,68,4,72
570581424,68,2,70
580997146,68,4,72
581650176,68,4,72
710562530,68,11,79
731040085,68,0,68
767522616,68,0,68
771791833,68,3,71
799174322,68,2,70
816064519,68,0,68
855619616,68,0,68
861445200,68,0,68
869154817,68,5,73
885446995,68,11,79
885794358,68,0,68
890236020,68,5,73
897789679,68,0,68
907380948,68,1,69
1133241936,68,14,82
1186808365,68,1,69
1226500387,68,2,70
1226512668,68,3,71
1357036244,68,3,71
1363431912,68,1,69
1431910202,68,6,74
1475788920,68,5,73
1583413380,68,4,72
1786566690,68,0,68
2147799759,68,5,73
2172236684,68,1,69
2180806190,68,2,70
2203735166,68,0,68
2214443737,68,5,73
2236833270,68,0,68
2657176416,68,4,72
2715748228,68,5,73
2746715058,68,5,73
2757669919,68,6,74
2773494490,68,6,74
2809289206,68,0,68
2871953978,68,5,73
2890103754,68,6,74
2920472945,68,2,70
2975936339,68,1,69
2982913541,68,0,68
2997973844,68,6,74
3083325002,68,3,71
3178016298,68,4,72
3238996822,68,0,68
3257484073,68,3,71
3301847203,68,2,70
3308267474,68,2,70
3433573822,68,9,77
3444360494,68,2,70
3523359616,68,1,69
3709150043,68,3,71
3740360061,68,0,68
3852497896,68,1,69
4039682603,68,0,68
4261370535,68,6,74
4303603094,68,2,70
4503606973,68,7,75
4625932753,68,5,73
4628161879,68,3,71
4678382550,68,0,68
4745253913,68,3,71
4748634793,68,0,68
4753013373,68,1,69
4774978308,68,1,69
4821980768,68,3,71
4823125006,68,2,70
4875515259,68,1,69
4886114122,68,3,71
702341203078070272,68,4,72
705189196680568834,68,1,69
706848612727328768,68,5,73
706891465302151168,68,3,71
711291909415817216,68,0,68
714114690989694976,68,4,72
725152240160350211,68,2,70
730063905997869057,68,2,70
731873491755126785,68,0,68
732681446444433408,68,86,154
736423416954130433,68,3,71
755056856129822724,68,3,71
757700591237734400,68,0,68
761360743103094784,68,2,70
761601305110417408,68,2,70
767346205311524864,68,1,69
780807602489794560,68,4,72
784904516428763136,68,0,68
786857757911678976,68,0,68
789649216469479424,68,1,69
797250295122235393,68,7,75
5745392,67,0,67
14322840,67,0,67
14778126,67,4,71
16470909,67,2,69
16478456,67,5,72
16495811,67,10,77
17801749,67,5,72
19366171,67,38,105
26241138,67,2,69
27456082,67,4,71
29866931,67,2,69
30441143,67,4,71
33317759,67,0,67
40641094,67,1,68
47096359,67,80,147
66275900,67,4,71
67946448,67,9,76
72011558,67,4,71
75718330,67,1,68
75736238,67,3,70
80056079,67,2,69
84611374,67,13,80
86129686,67,1,68
91549690,67,0,67
99095270,67,3,70
100797624,67,3,70
113137765,67,1,68
126967553,67,4,71
166990045,67,2,69
187411778,67,3,70
203958453,67,2,69
236676449,67,2,69
262773625,67,0,67
273970953,67,10,77
282224034,67,0,67
319731481,67,3,70
324133072,67,3,70
324489515,67,112,179
330491855,67,6,73
337965688,67,0,67
339218732,67,4,71
351117961,67,1,68
377763356,67,0,67
389597124,67,2,69
390146596,67,9,76
390499415,67,3,70
407490941,67,2,69
408543148,67,4,71
430883587,67,2,69
443292333,67,4,71
453221269,67,6,73
455264990,67,3,70
457875899,67,4,71
463464452,67,7,74
475056290,67,12,79
492389369,67,6,73
514507936,67,2,69
517717921,67,2,69
522570126,67,3,70
525952776,67,4,71
526637732,67,1,68
531270061,67,1,68
539530283,67,1,68
557315773,67,6,73
600386228,67,1,68
631781675,67,5,72
718831710,67,2,69
728602290,67,2,69
743405262,67,4,71
756547218,67,0,67
782691404,67,9,76
821904398,67,9,76
832945998,67,4,71
874696423,67,1,68
959827207,67,2,69
1004859236,67,4,71
1016479896,67,3,70
1061345084,67,2,69
1149552324,67,2,69
1252484401,67,1,68
1252955449,67,3,70
1451721842,67,1,68
1482206677,67,1,68
1526592390,67,0,67
1726697918,67,1,68
1921517018,67,4,71
2257182427,67,1,68
2399910186,67,6,73
2409228848,67,4,71
2412564816,67,6,73
2494013124,67,10,77
2505217028,67,2,69
2597498706,67,7,74
2604170598,67,1,68
2743792235,67,7,74
2822451711,67,0,67
2867727247,67,1,68
2887220254,67,6,73
2923076286,67,0,67
2949272362,67,0,67
2950610231,67,1,68
2990582574,67,3,70
2992357336,67,6,73
3014795441,67,14,81
3027380734,67,3,70
3065685213,67,2,69
3097559537,67,0,67
3122210124,67,2,69
3256131630,67,2,69
3291164095,67,4,71
3291617988,67,2,69
3303408419,67,0,67
3308305813,67,8,75
3324411872,67,0,67
3383049855,67,3,70
3426670696,67,1,68
3439455559,67,2,69
3442299555,67,1,68
3475563322,67,3,70
3527856132,67,0,67
3538733835,67,3,70
3590589875,67,1,68
3923969715,67,3,70
3927040813,67,2,69
4054001539,67,2,69
4229255592,67,5,72
4255740974,67,47,114
4306263074,67,5,72
4699293522,67,1,68
4745268758,67,0,67
4749272904,67,8,75
4753746219,67,0,67
4795542327,67,0,67
4799854814,67,2,69
4852246347,67,1,68
4855158280,67,0,67
703313838586761216,67,1,68
713136731738996737,67,0,67
713482278849146880,67,3,70
714578682413654016,67,2,69
714903361242460160,67,3,70
715135935156002816,67,0,67
715510452491534336,67,1,68
720544734666702848,67,4,71
721785130679996416,67,4,71
725000654893273088,67,0,67
726273166058774528,67,1,68
728765830226415617,67,3,70
729438842512650240,67,0,67
734682019431645185,67,2,69
736124406553010176,67,4,71
736967432913321984,67,0,67
737211748558589952,67,0,67
751242491387531264,67,0,67
752707408774828032,67,1,68
755057200901398528,67,83,150
757965470460882945,67,1,68
759204125229912064,67,18,85
760598789002584066,67,2,69
762321511000707072,67,3,70
769981852211879938,67,3,70
771049316278501378,67,1,68
782416801464479744,67,0,67
784821159795621888,67,0,67
786257795540590592,67,3,70
790609284702826496,67,1,68
793218545920466944,67,0,67
796417792924913664,67,0,67
7016932,66,6,72
15972765,66,1,67
18315727,66,0,66
21331501,66,8,74
23723528,66,9,75
25723570,66,3,69
26022470,66,0,66
26563525,66,4,70
27061351,66,12,78
27342058,66,8,74
28704721,66,1,67
28730336,66,2,68
31415312,66,1,67
32940444,66,0,66
33320422,66,1,67
33659553,66,0,66
36156490,66,1,67
36501344,66,3,69
36564260,66,0,66
36839283,66,3,69
38539956,66,2,68
40753111,66,1,67
42327529,66,22,88
42961642,66,5,71
49122922,66,5,71
63383902,66,2,68
64276623,66,5,71
66704315,66,6,72
67494190,66,13,79
68870186,66,1,67
69641315,66,3,69
88467528,66,2,68
90982177,66,0,66
91917842,66,1,67
94260950,66,1,67
94701678,66,0,66
108985609,66,0,66
122236527,66,2,68
136013852,66,0,66
155054251,66,0,66
159135077,66,0,66
172147267,66,0,66
175604092,66,21,87
186947679,66,0,66
188807646,66,7,73
197859554,66,5,71
199311617,66,0,66
214766007,66,0,66
238304539,66,2,68
263358545,66,1,67
270446236,66,0,66
273518381,66,1,67
282239628,66,2,68
287660375,66,0,66
322934616,66,1,67
327819706,66,0,66
331890004,66,4,70
338560059,66,4,70
348339045,66,0,66
369249116,66,1,67
389612610,66,4,70
397001858,66,1,67
397628258,66,0,66
430089879,66,3,69
430344855,66,2,68
453638875,66,5,71
463228155,66,0,66
482933199,66,3,69
492371423,66,2,68
524627779,66,2,68
565723429,66,0,66
575961549,66,1,67
582350328,66,2,68
585270808,66,2,68
615217292,66,4,70
630673071,66,6,72
636112202,66,4,70
722908975,66,6,72
731562488,66,1,67
748588237,66,4,70
785246887,66,5,71
787908966,66,1,67
789390830,66,2,68
827479862,66,3,69
866261396,66,6,72
889453944,66,7,73
898992114,66,3,69
915477338,66,2,68
940600946,66,7,73
1209181404,66,0,66
1425000152,66,1,67
1585021255,66,6,72
1694505757,66,0,66
1855360910,66,9,75
2151472958,66,3,69
2159596618,66,6,72
2223453550,66,3,69
2244468372,66,2,68
2264668826,66,1,67
2276438838,66,2,68
2315451122,66,0,66
2317954243,66,4,70
2343519932,66,0,66
2344426058,66,2,68
2384394751,66,0,66
2401037196,66,4,70
2423880470,66,1,67
2436723198,66,2,68
2438685120,66,4,70
2453875235,66,3,69
2660080975,66,9,75
2691301089,66,0,66
2704873664,66,1,67
2719515935,66,0,66
2744839145,66,4,70
2882989888,66,0,66
2895094386,66,4,70
2902624960,66,0,66
2948635943,66,3,69
3105248383,66,0,66
3125585843,66,0,66
3226122031,66,6,72
3241823772,66,0,66
3245699586,66,1,67
3266134604,66,1,67
3294568358,66,1,67
3305977777,66,0,66
3325083552,66,0,66
3344290455,66,7,73
3389161150,66,1,67
3397280403,66,1,67
3481696100,66,0,66
3887067679,66,1,67
3948995117,66,0,66
3950712737,66,2,68
4041260884,66,0,66
4130348859,66,0,66
4130968888,66,8,74
4241601672,66,4,70
4334135654,66,2,68
4646073148,66,2,68
4720640532,66,7,73
4801111393,66,1,67
4807541657,66,2,68
4848582303,66,4,70
4853820677,66,2,68
4900421086,66,4,70
703074596598120449,66,3,69
703568996851777536,66,2,68
707680772266659845,66,0,66
708780133843243008,66,0,66
709521435614576640,66,1,67
713441891543547906,66,2,68
714182071548256259,66,1,67
714589061650980868,66,3,69
716079263988977666,66,0,66
717363629847396352,66,3,69
719913518842126336,66,6,72
724306762203979776,66,0,66
725025813695991808,66,3,69
726907276334882817,66,0,66
731750697302032385,66,2,68
733421930712162306,66,1,67
733897926259314688,66,6,72
742691663693381632,66,11,77
742719184912678912,66,1,67
743417091592622081,66,0,66
745770816449609729,66,1,67
755972471476461568,66,3,69
763900745754214400,66,2,68
774258795283447808,66,6,72
776236356674564096,66,0,66
782051425735933952,66,4,70
784609596426035200,66,2,68
786701257754939392,66,0,66
787684256499769344,66,2,68
795687910104268800,66,0,66
2234711,65,2,67
16106016,65,4,69
16213558,65,4,69
19150025,65,0,65
19237079,65,2,67
20732140,65,0,65
20841921,65,5,70
21750855,65,0,65
22014084,65,1,66
22189044,65,1,66
22555241,65,4,69
24190388,65,61,126
25741722,65,3,68
26117448,65,0,65
27066549,65,2,67
29770676,65,1,66
31288340,65,2,67
33320546,65,2,67
37326736,65,1,66
40278588,65,2,67
46097846,65,7,72
48862388,65,2,67
53265271,65,16,81
56165695,65,1,66
57529994,65,1,66
59913807,65,0,65
66170511,65,21,86
83312898,65,2,67
93935172,65,4,69
94352593,65,3,68
105523171,65,1,66
105825659,65,1,66
106702194,65,2,67
115722328,65,2,67
118145645,65,4,69
123736818,65,0,65
152687079,65,0,65
190112127,65,0,65
202206601,65,1,66
208150892,65,1,66
211013755,65,2,67
219513729,65,1,66
230836264,65,1,66
259514625,65,1,66
261969771,65,2,67
264264848,65,0,65
264266211,65,0,65
264719240,65,6,71
269542314,65,2,67
286618879,65,28,93
294204427,65,0,65
324201150,65,0,65
328440716,65,3,68
394451363,65,0,65
453568867,65,3,68
457448375,65,4,69
482219605,65,4,69
500364973,65,2,67
558182738,65,0,65
565520413,65,0,65
591461664,65,0,65
603192171,65,0,65
610323305,65,1,66
622297531,65,1,66
624419139,65,1,66
704999960,65,0,65
709869721,65,2,67
711176937,65,1,66
716599854,65,6,71
749355769,65,1,66
762432878,65,0,65
806712595,65,0,65
818411882,65,5,70
891633410,65,0,65
894327488,65,3,68
909560372,65,6,71
971694829,65,0,65
985507718,65,2,67
992218267,65,0,65
1029007134,65,1,66
1068985046,65,4,69
1187136625,65,0,65
1340408646,65,3,68
1352428339,65,2,67
1491573812,65,2,67
1529169775,65,0,65
1578240678,65,12,77
1606194716,65,12,77
1638585314,65,1,66
1686109400,65,5,70
1902806772,65,3,68
1928400132,65,2,67
1944440994,65,2,67
2178882809,65,0,65
2292315883,65,4,69
2438858671,65,2,67
2474458130,65,0,65
2504923600,65,1,66
2541890320,65,0,65
2561899011,65,2,67
2651777845,65,64,129
2690717251,65,4,69
2724659540,65,0,65
2763491716,65,9,74
2816884906,65,0,65
2840350877,65,0,65
2846080545,65,3,68
2862575417,65,4,69
2914076951,65,0,65
2931608331,65,8,73
2948232567,65,2,67
2954126483,65,3,68
3000673803,65,8,73
3033947099,65,1,66
3087492885,65,3,68
3118904204,65,11,76
3219017217,65,3,68
3239288246,65,0,65
3310803258,65,16,81
3346973751,65,2,67
3388611785,65,2,67
3417991931,65,0,65
3452957836,65,2,67
3635275043,65,8,73
3930534682,65,2,67
3965296277,65,6,71
4040155154,65,6,71
4129908561,65,5,70
4266211361,65,2,67
4335205588,65,3,68
4426275675,65,0,65
4464795880,65,7,72
4837902058,65,0,65
4851587909,65,4,69
701044608713695233,65,3,68
703154936083656704,65,4,69
703374445403045888,65,10,75
703822718253158402,65,0,65
705450685353996288,65,0,65
705577366253236224,65,7,72
706176697440276480,65,1,66
710978453525413889,65,0,65
717867272992206848,65,1,66
718256790325043200,65,0,65
722861525124259840,65,0,65
727076624638812160,65,0,65
732729243851853824,65,1,66
734147556180164608,65,0,65
734978646465646592,65,3,68
737734028464291840,65,4,69
738746968885895168,65,5,70
739060610852343808,65,6,71
741013518997159937,65,10,75
741093634586595329,65,3,68
743860319357833216,65,1,66
746167144497422336,65,1,66
753308488172969985,65,1,66
756861740059533312,65,3,68
757182284726435840,65,0,65
763847331909283840,65,6,71
763961842787950592,65,14,79
768254947167047680,65,0,65
768477723090038784,65,1,66
770127773927079936,65,4,69
771926219923288064,65,2,67
772973650320367617,65,2,67
776173435231678464,65,0,65
778041224469049344,65,1,66
781220896987951105,65,0,65
783480810699526144,65,0,65
785491546900684800,65,0,65
786799008379392000,65,4,69
788222487318310912,65,6,71
12475032,64,0,64
14747118,64,3,67
14837898,64,0,64
17097090,64,5,69
18911142,64,5,69
19519016,64,2,66
20335940,64,2,66
20390823,64,2,66
20482530,64,4,68
22046875,64,140,204
22241525,64,0,64
23989856,64,3,67
29066807,64,4,68
32951070,64,6,70
33708185,64,1,65
35051304,64,2,66
36106531,64,3,67
44135635,64,1,65
44214535,64,0,64
45092362,64,9,73
47974810,64,0,64
65529255,64,0,64
72832357,64,1,65
75329060,64,0,64
79574142,64,2,66
97503243,64,0,64
107502320,64,8,72
132027703,64,1,65
138085968,64,0,64
141793665,64,6,70
151119311,64,8,72
152054762,64,2,66
163505280,64,11,75
164707460,64,1,65
211039859,64,1,65
214337395,64,15,79
214803493,64,1,65
238666005,64,7,71
245051131,64,9,73
266389997,64,0,64
301457487,64,0,64
311797486,64,0,64
314548237,64,3,67
314827641,64,9,73
328094399,64,0,64
364380468,64,3,67
366853135,64,4,68
366962199,64,1,65
367413141,64,0,64
372447514,64,0,64
383585095,64,2,66
385827528,64,1,65
390202608,64,2,66
403806271,64,2,66
416323866,64,1,65
417387705,64,0,64
424495382,64,5,69
430297317,64,4,68
457356318,64,0,64
468147851,64,1,65
472557970,64,0,64
476296425,64,2,66
526380726,64,2,66
528056415,64,2,66
529641301,64,1,65
532529170,64,3,67
532977876,64,3,67
533370220,64,3,67
541255832,64,0,64
543540672,64,1,65
552295750,64,4,68
577768293,64,3,67
584236481,64,12,76
592871551,64,2,66
700178942,64,7,71
740769140,64,2,66
742588405,64,1,65
797568114,64,0,64
831209202,64,5,69
846152197,64,0,64
856946910,64,2,66
889761942,64,3,67
900967963,64,1,65
926472168,64,4,68
928517034,64,4,68
963262460,64,4,68
1032880944,64,3,67
1155635047,64,19,83
1161817849,64,0,64
1299482131,64,1,65
1306141254,64,0,64
1393642958,64,3,67
1415740147,64,4,68
1517261017,64,5,69
1537543237,64,0,64
1563979477,64,0,64
1653313561,64,1,65
1711473260,64,3,67
2263489609,64,1,65
2299826742,64,15,79
2340935540,64,1,65
2340995828,64,0,64
2379491365,64,8,72
2381221861,64,1,65
2400581312,64,2,66
2469807936,64,12,76
2532571362,64,5,69
2680137674,64,6,70
2686561322,64,2,66
2691820789,64,7,71
2748317276,64,4,68
2771838432,64,1,65
2777785823,64,0,64
2838052977,64,2,66
2847664299,64,13,77
2881545139,64,0,64
2906449706,64,1,65
2951149882,64,5,69
2966527673,64,3,67
2968146973,64,1,65
2999088321,64,6,70
3018230541,64,3,67
3039596777,64,1,65
3143925520,64,1,65
3243924564,64,6,70
3308877832,64,3,67
3319389643,64,2,66
3327389953,64,1,65
3331858317,64,1,65
3368649063,64,4,68
3406418453,64,1,65
3411514941,64,2,66
3430693192,64,0,64
3454904177,64,0,64
3544667242,64,3,67
3819657628,64,0,64
3863083092,64,4,68
3897626072,64,4,68
4077382761,64,0,64
4263383185,64,3,67
4344359782,64,16,80
4416305117,64,2,66
4705791202,64,2,66
4724492928,64,6,70
4770832692,64,0,64
4833795550,64,2,66
4839433331,64,3,67
4855244883,64,0,64
4855698568,64,1,65
4887306471,64,6,70
4896383055,64,7,71
700382615455404032,64,0,64
705138728440893444,64,1,65
705146548397568000,64,6,70
706738042564911104,64,0,64
713392710346866688,64,1,65
713747732809302016,64,4,68
717609056039514112,64,0,64
721430054518067200,64,0,64
723130073952325632,64,1,65
724268011125805058,64,2,66
728653876489035776,64,4,68
730071313080066052,64,5,69
739947371958808577,64,1,65
740614958619058176,64,1,65
742732003921911808,64,0,64
745751445547454464,64,2,66
745758374613098496,64,0,64
755048061190057984,64,4,68
756809387759534080,64,0,64
757827869200429056,64,0,64
758151209870057476,64,0,64
758853538067787776,64,2,66
770902008735735808,64,1,65
780744931040112640,64,2,66
782051434091143172,64,1,65
782454365860859904,64,0,64
784888891396526080,64,0,64
785491305254129664,64,0,64
785856656529686528,64,66,130
786354551271981056,64,3,67
787438313854476288,64,3,67
788184689576071169,64,0,64
791796448958541824,64,0,64
792270532565671936,64,0,64
14753886,63,6,69
16634544,63,11,74
17346374,63,3,66
17694306,63,27,90
18197274,63,2,65
20871807,63,4,67
21348742,63,10,73
24214213,63,1,64
24935003,63,5,68
26021608,63,7,70
27663121,63,2,65
29614853,63,6,69
30132130,63,1,64
33904581,63,4,67
35878835,63,3,66
37612270,63,0,63
39155108,63,6,69
40173650,63,9,72
42625165,63,1,64
45855767,63,0,63
48104204,63,0,63
60403583,63,9,72
61817138,63,1,64
64164961,63,0,63
73778412,63,0,63
86054485,63,2,65
107161788,63,11,74
120100776,63,1,64
124381850,63,2,65
129500505,63,1,64
133294380,63,0,63
140087723,63,1,64
156081202,63,2,65
159930435,63,0,63
169907554,63,1,64
178655399,63,4,67
186587664,63,3,66
203156745,63,0,63
205325316,63,0,63
214829926,63,6,69
222419968,63,1,64
229520418,63,0,63
232120463,63,4,67
236976784,63,0,63
247133829,63,1,64
264765282,63,3,66
265501199,63,6,69
275197935,63,3,66
299637641,63,1,64
326221932,63,7,70
351208583,63,0,63
360138337,63,0,63
372889684,63,5,68
377423799,63,0,63
386005390,63,1,64
387779506,63,0,63
428949742,63,0,63
433206993,63,1,64
434073916,63,2,65
478598095,63,2,65
485260360,63,5,68
493524550,63,3,66
493843593,63,2,65
536672243,63,0,63
562261824,63,1,64
574176573,63,2,65
578739969,63,1,64
583252309,63,10,73
584546251,63,0,63
588750553,63,1,64
621620724,63,6,69
750611659,63,1,64
753458198,63,0,63
764080735,63,0,63
784694388,63,5,68
799930255,63,3,66
818364786,63,3,66
835791074,63,4,67
842378744,63,0,63
844824048,63,7,70
846937712,63,2,65
853246909,63,4,67
873847147,63,3,66
874809164,63,3,66
990792691,63,3,66
1222880455,63,1,64
1242365209,63,0,63
1272256760,63,3,66
1424470393,63,3,66
1444916071,63,2,65
1446532243,63,5,68
1463184972,63,1,64
1537798038,63,3,66
1548576871,63,1,64
1599739404,63,4,67
1627287726,63,2,65
1629101197,63,2,65
1723303602,63,4,67
1904555168,63,7,70
2217314669,63,9,72
2218836026,63,86,149
2250689443,63,4,67
2259116640,63,2,65
2332264339,63,2,65
2336881867,63,2,65
2372760702,63,0,63
2398181116,63,3,66
2437586492,63,1,64
2459553395,63,5,68
2521350702,63,7,70
2546569084,63,3,66
2577671514,63,0,63
2626153989,63,0,63
2686632686,63,44,107
2721179058,63,0,63
2764631099,63,1,64
2822230418,63,1,64
2853388217,63,2,65
2855536108,63,1,64
2867854738,63,8,71
2911833425,63,5,68
2920963512,63,1,64
2961295431,63,2,65
2996196346,63,4,67
3008918613,63,6,69
3073570794,63,3,66
3081658941,63,1,64
3142744146,63,0,63
3170463236,63,0,63
3185253527,63,0,63
3186668834,63,0,63
3225642185,63,7,70
3228692530,63,2,65
3244498678,63,0,63
3247084884,63,1,64
3293418220,63,0,63
3306237726,63,2,65
3308239298,63,3,66
3310158301,63,1,64
3347969549,63,1,64
3355860853,63,8,71
3378342455,63,6,69
3493863496,63,1,64
3579423438,63,4,67
3643333394,63,2,65
3685465332,63,0,63
3718007774,63,5,68
3864138205,63,0,63
3881197097,63,1,64
3884047638,63,1,64
3887918000,63,2,65
3929558843,63,0,63
3995952972,63,2,65
4057142415,63,5,68
4185870568,63,2,65
4262087414,63,4,67
4295283672,63,3,66
4431353427,63,1,64
4448640493,63,2,65
4469240713,63,2,65
4513278821,63,4,67
4553803392,63,4,67
4703787614,63,0,63
4722082106,63,2,65
4774949599,63,0,63
4779809419,63,2,65
4826927664,63,5,68
4846862689,63,1,64
4854302756,63,2,65
4867270990,63,0,63
4872157347,63,5,68
4874334687,63,1,64
698984390064533504,63,5,68
702705751664549890,63,2,65
702789133635289092,63,5,68
704051509063974913,63,0,63
705379438129778689,63,3,66
706900251957788672,63,2,65
707039375054340096,63,2,65
708357515432452096,63,0,63
709783121168740352,63,2,65
711556496807501825,63,1,64
712552463174393856,63,96,159
713922384244244480,63,3,66
715726104477233154,63,2,65
717067248284729344,63,5,68
718441456336269312,63,3,66
718723200071282688,63,1,64
722831158329917441,63,2,65
725668283190534144,63,112,175
726545181173010432,63,4,67
726818740164132865,63,1,64
727088998573813761,63,2,65
733475853045272576,63,6,69
733673281002311682,63,2,65
736676509742571520,63,65,128
737008704281841664,63,0,63
745043754608959488,63,0,63
746520835502989312,63,1,64
753583380441231360,63,0,63
753753493622628352,63,3,66
757106664344477696,63,5,68
761716273327726592,63,2,65
763932866040385536,63,0,63
766719223745896448,63,4,67
772779209357942784,63,1,64
773848985777954816,63,2,65
774643510997770240,63,1,64
779740514849390592,63,0,63
781008165169143808,63,0,63
781264002504650752,63,25,88
787288979775164416,63,2,65
797282175355850752,63,0,63
14658301,62,2,64
16002738,62,1,63
17074315,62,0,62
17087547,62,7,69
17136025,62,1,63
18117404,62,0,62
18680093,62,0,62
20632425,62,0,62
20689780,62,8,70
21267509,62,0,62
22510976,62,4,66
22719661,62,1,63
23280370,62,3,65
26254723,62,2,64
26538104,62,1,63
36655222,62,6,68
37579226,62,1,63
40840621,62,1,63
41004170,62,1,63
41109410,62,4,66
42400767,62,0,62
44299861,62,17,79
47691463,62,4,66
49638895,62,3,65
56914724,62,4,66
60061504,62,1,63
63277398,62,3,65
88166688,62,3,65
95802678,62,0,62
96040734,62,3,65
96070428,62,14,76
96336762,62,0,62
102267124,62,2,64
109188899,62,4,66
110165014,62,0,62
110863694,62,1,63
111405640,62,8,70
122225052,62,1,63
126800237,62,3,65
127894623,62,7,69
133677123,62,3,65
139201459,62,5,67
146060152,62,16,78
161685142,62,1,63
213083367,62,19,81
229280062,62,6,68
230267094,62,0,62
235712074,62,2,64
256251541,62,1,63
256615738,62,1,63
260234982,62,1,63
260980202,62,0,62
277277972,62,3,65
288992418,62,3,65
312457155,62,6,68
313055068,62,1,63
325893346,62,1,63
340786611,62,5,67
347557029,62,1,63
351841723,62,1,63
358080767,62,6,68
360667233,62,3,65
369292654,62,3,65
374102346,62,0,62
379524881,62,0,62
382728933,62,5,67
399710994,62,2,64
403232136,62,5,67
418410620,62,5,67
437995846,62,8,70
438931768,62,0,62
459982145,62,8,70
462832238,62,6,68
470681955,62,20,82
474401963,62,2,64
485999830,62,0,62
491648522,62,0,62
496363968,62,1,63
506854509,62,3,65
525954482,62,11,73
533360947,62,1,63
565082326,62,1,63
570121611,62,76,138
595668259,62,2,64
617761919,62,3,65
705697628,62,0,62
707242161,62,3,65
759435104,62,1,63
770521927,62,6,68
773464651,62,2,64
799331006,62,3,65
805224049,62,8,70
818610271,62,6,68
865598594,62,2,64
926458082,62,4,66
948363535,62,3,65
961706424,62,2,64
971702731,62,1,63
987413828,62,3,65
1090259760,62,4,66
1173140551,62,0,62
1319667026,62,4,66
1412661750,62,3,65
1431540186,62,9,71
1507953240,62,3,65
1606441885,62,0,62
1658157224,62,4,66
1729092451,62,5,67
1853261750,62,0,62
1885772240,62,1,63
1918340676,62,1,63
1972822500,62,0,62
2157625687,62,0,62
2158994620,62,3,65
2174327760,62,74,136
2176950588,62,1,63
2179360057,62,4,66
2249714648,62,1,63
2285836957,62,1,63
2306667108,62,5,67
2316091777,62,5,67
2358802567,62,0,62
2374710294,62,0,62
2381707450,62,3,65
2464887805,62,5,67
2591103217,62,0,62
2604198258,62,0,62
2604440040,62,3,65
2648904529,62,7,69
2669709960,62,3,65
2669849522,62,13,75
2671641500,62,28,90
2694154514,62,0,62
2743339279,62,5,67
2821894685,62,0,62
2855890513,62,1,63
2885492864,62,2,64
2886363701,62,3,65
2904621197,62,8,70
2926286928,62,0,62
2953865988,62,4,66
2959236207,62,0,62
3026900717,62,0,62
3121370115,62,1,63
3196826180,62,7,69
3243450108,62,0,62
3261123452,62,1,63
3302313572,62,2,64
3307354975,62,1,63
3309757218,62,0,62
3344571868,62,0,62
3394005099,62,2,64
3601445532,62,5,67
3653453173,62,0,62
3729058935,62,4,66
3829340014,62,0,62
4013745015,62,5,67
4141742472,62,0,62
4154071939,62,0,62
4645910967,62,1,63
4699065871,62,0,62
4706912477,62,11,73
4729585394,62,3,65
4775556688,62,4,66
4788370779,62,9,71
4821724513,62,0,62
4852136817,62,7,69
4852229441,62,6,68
4895353953,62,2,64
4913076044,62,2,64
4927743725,62,0,62
702216354015875072,62,7,69
705461742801973248,62,1,63
709515405338001408,62,3,65
710602440949628929,62,0,62
711392915247923201,62,7,69
715209504493842433,62,3,65
716394891560009728,62,1,63
716771509445009412,62,3,65
717776826966351872,62,0,62
730154935090851844,62,2,64
732930045111500800,62,3,65
739830543609536513,62,4,66
742438315861770240,62,1,63
743890271516033024,62,1,63
744292629467238401,62,7,69
745115840547164160,62,2,64
746837040583540737,62,3,65
752195202064977920,62,0,62
753693608092561409,62,2,64
757626563248652288,62,4,66
762882227067756544,62,0,62
765219467915919360,62,1,63
767123817122500608,62,2,64
767849934347526144,62,0,62
774784071289466880,62,5,67
780602745753509888,62,1,63
785851714960236545,62,4,66
787473361056239616,62,3,65
787736881056260096,62,1,63
789314429796179968,62,5,67
792903698611441665,62,1,63
15602334,61,3,64
20337978,61,0,61
20681749,61,5,66
21028397,61,4,65
21588073,61,8,69
23197499,61,0,61
23960048,61,0,61
24523863,61,0,61
25065023,61,2,63
26762838,61,1,62
27303036,61,0,61
28662619,61,3,64
36514310,61,4,65
36932536,61,3,64
37094526,61,2,63
40940931,61,3,64
42532768,61,2,63
43759110,61,2,63
47390480,61,2,63
47490548,61,0,61
54713672,61,2,63
58331049,61,4,65
63131815,61,17,78
66054233,61,1,62
66649220,61,0,61
67765647,61,5,66
79878336,61,1,62
80908138,61,3,64
81532553,61,3,64
86333078,61,2,63
93552356,61,6,67
93877721,61,0,61
93992192,61,1,62
94522087,61,1,62
104850722,61,15,76
109094639,61,1,62
112341715,61,3,64
117767052,61,2,63
125573102,61,4,65
128620038,61,8,69
138388479,61,1,62
154741549,61,0,61
157437355,61,0,61
159285637,61,1,62
179256861,61,2,63
182347444,61,5,66
193384926,61,0,61
219540733,61,0,61
226404815,61,1,62
258081766,61,4,65
273592641,61,6,67
284727715,61,3,64
294794004,61,0,61
319212868,61,0,61
341688336,61,1,62
342706292,61,3,64
352432945,61,1,62
362482415,61,0,61
374141509,61,1,62
391164907,61,0,61
407145530,61,2,63
407423538,61,0,61
416467884,61,0,61
417447785,61,5,66
422033415,61,10,71
428619678,61,0,61
434387413,61,1,62
476505170,61,1,62
479601642,61,21,82
493257266,61,2,63
506686840,61,0,61
506872561,61,1,62
526500664,61,1,62
591524929,61,3,64
634358087,61,0,61
635047898,61,4,65
722656615,61,1,62
790344848,61,5,66
815576228,61,3,64
816058736,61,6,67
819388633,61,0,61
857121152,61,3,64
885727267,61,2,63
911788459,61,0,61
1001065706,61,0,61
1155980622,61,7,68
1237825812,61,4,65
1288986829,61,4,65
1297207694,61,4,65
1436131861,61,1,62
1510890792,61,0,61
1567006406,61,1,62
1570180292,61,2,63
1609527824,61,0,61
1850263747,61,3,64
1902537799,61,5,66
1910472295,61,3,64
1918160378,61,5,66
2204144640,61,0,61
2206788811,61,1,62
2233811049,61,3,64
2245569490,61,2,63
2259012509,61,0,61
2336909199,61,5,66
2385431253,61,1,62
2387008664,61,1,62
2721851817,61,1,62
2769644645,61,0,61
2786209473,61,7,68
2796651320,61,1,62
2842747879,61,0,61
2849651386,61,0,61
2887440653,61,6,67
2933454641,61,0,61
2976578589,61,1,62
3015080584,61,2,63
3038666520,61,1,62
3078719486,61,10,71
3239029664,61,4,65
3252669380,61,13,74
3258050460,61,2,63
3279901310,61,7,68
3280073143,61,0,61
3294347183,61,1,62
3320254862,61,3,64
3353235433,61,3,64
3422520022,61,15,76
3681039497,61,2,63
3782022977,61,1,62
3960331295,61,1,62
4006064986,61,61,122
4068318254,61,2,63
4217721912,61,1,62
4391525236,61,0,61
4417558281,61,1,62
4498499074,61,2,63
4758163046,61,1,62
4797764475,61,8,69
4809749315,61,4,65
4810053920,61,0,61
4818208875,61,2,63
4869831232,61,0,61
702552998392627200,61,3,64
703218797528809472,61,2,63
705148679682985985,61,1,62
705425281004277761,61,5,66
706768767850655744,61,3,64
709069031173525504,61,4,65
711362547262361604,61,0,61
715277868469719040,61,4,65
719588543744647168,61,6,67
723297968565030913,61,0,61
723608486593073155,61,43,104
734790230843269120,61,62,123
744118276788097024,61,2,63
752080713097281536,61,1,62
752559377354108929,61,0,61
752667268320866304,61,1,62
754773482060283906,61,0,61
756128387937120257,61,10,71
756304717320376320,61,8,69
764211629156290560,61,1,62
765200871965728768,61,1,62
765897068439306240,61,1,62
766701225291251712,61,3,64
767489782213701634,61,0,61
770411157890949121,61,0,61
773217032871354368,61,1,62
779391954249449472,61,2,63
783471676654747648,61,1,62
783476796993867776,61,1,62
783483894641418240,61,0,61
784694624275271680,61,1,62
785962741919944704,61,1,62
788136984120287233,61,0,61
806947201775583232,61,1,62
14119438,60,1,61
15293096,60,1,61
15620414,60,2,62
16054602,60,6,66
16132734,60,1,61
17961649,60,2,62
18095703,60,0,60
18205761,60,5,65
18344006,60,5,65
19989052,60,0,60
21562642,60,3,63
21674914,60,2,62
21930343,60,0,60
22186690,60,0,60
22707143,60,0,60
23145423,60,3,63
23360808,60,9,69
24040708,60,2,62
24823987,60,4,64
29895278,60,0,60
31223236,60,56,116
31353188,60,1,61
35724883,60,1,61
44205360,60,4,64
44595784,60,1,61
50846751,60,5,65
51570539,60,5,65
56214993,60,6,66
57366901,60,0,60
58346674,60,0,60
61011257,60,0,60
68031935,60,0,60
68972878,60,2,62
73381015,60,0,60
73436908,60,2,62
75844645,60,1,61
81377971,60,0,60
84676491,60,0,60
102551904,60,0,60
115400791,60,4,64
131436146,60,0,60
133545603,60,7,67
136284056,60,2,62
141642957,60,8,68
162121876,60,0,60
184628546,60,5,65
190589983,60,2,62
194968246,60,0,60
224646875,60,7,67
229536388,60,7,67
231907795,60,0,60
235817656,60,7,67
239199338,60,4,64
250755481,60,2,62
258626999,60,3,63
261183203,60,1,61
280740389,60,4,64
282245556,60,2,62
304745998,60,1,61
307436940,60,2,62
318094231,60,1,61
321467768,60,1,61
328162865,60,2,62
331507521,60,0,60
336372061,60,3,63
337778531,60,2,62
343039942,60,0,60
358385326,60,1,61
360451532,60,1,61
390372254,60,1,61
392783363,60,6,66
395530298,60,1,61
402119037,60,1,61
409384934,60,10,70
439441557,60,0,60
445990056,60,2,62
467101832,60,2,62
482326602,60,0,60
493400060,60,9,69
500154514,60,52,112
525636026,60,17,77
532757292,60,1,61
563311298,60,0,60
587778997,60,0,60
592730371,60,4,64
601238848,60,5,65
604076513,60,3,63
618221913,60,1,61
706036914,60,4,64
743407993,60,3,63
780073794,60,1,61
787990730,60,0,60
789793705,60,1,61
792818366,60,6,66
792876230,60,0,60
800747286,60,0,60
803399418,60,4,64
805036688,60,0,60
812315036,60,2,62
812352685,60,4,64
815420258,60,1,61
821403404,60,10,70
823569486,60,1,61
854072342,60,4,64
868832077,60,0,60
908951886,60,2,62
913212678,60,0,60
968992866,60,1,61
975537048,60,1,61
980184488,60,1,61
1006580762,60,2,62
1014861722,60,0,60
1025573144,60,0,60
1071183150,60,2,62
1083749497,60,0,60
1148372244,60,6,66
1151902261,60,1,61
1289848416,60,43,103
1357135723,60,6,66
1414334592,60,0,60
1463292906,60,2,62
1483655071,60,3,63
1564158097,60,4,64
1659267216,60,7,67
1690150520,60,0,60
1713020670,60,0,60
1864123376,60,4,64
2148084866,60,2,62
2171342526,60,6,66
2198997024,60,1,61
2208095516,60,15,75
2210025992,60,0,60
2286014678,60,1,61
2306910271,60,2,62
2345710640,60,0,60
2356944679,60,5,65
2368987620,60,0,60
2573993621,60,4,64
2583066531,60,1,61
2588329937,60,0,60
2590629196,60,12,72
2599066807,60,6,66
2632757957,60,0,60
2653364649,60,0,60
2731961995,60,2,62
2737532609,60,1,61
2774594252,60,2,62
2777449438,60,0,60
2805702040,60,3,63
2935444782,60,1,61
2960350575,60,0,60
3042723086,60,3,63
3072203914,60,1,61
3225072239,60,0,60
3234457353,60,0,60
3239107897,60,2,62
3245493186,60,1,61
3266469216,60,4,64
3280179187,60,2,62
3284259378,60,0,60
3289304232,60,0,60
3302878321,60,3,63
3344644287,60,0,60
3364489709,60,15,75
3368523178,60,4,64
3382135659,60,24,84
3382396089,60,4,64
3417589455,60,1,61
3462405673,60,11,71
3711366682,60,4,64
3716932994,60,17,77
3871146981,60,1,61
3887865972,60,1,61
3947593224,60,0,60
3948234192,60,2,62
4068254879,60,1,61
4199160874,60,2,62
4430663661,60,0,60
4547938993,60,0,60
4576489637,60,0,60
4707332942,60,0,60
4730217577,60,4,64
4801919690,60,0,60
4805180533,60,0,60
4825388662,60,0,60
4843619266,60,22,82
4879397079,60,1,61
4922951833,60,8,68
704178744164888578,60,0,60
705619233351184384,60,6,66
711382079423041537,60,3,63
711598819104964608,60,0,60
712361915691958272,60,4,64
712778286544326656,60,4,64
714509692496523264,60,4,64
714866777155571713,60,1,61
715412452540870657,60,4,64
719220548966875137,60,2,62
719276945804959753,60,1,61
719674474472210432,60,3,63
724372112471937025,60,1,61
725787181084594177,60,13,73
739682772726468609,60,2,62
740366871803920384,60,1,61
749940685948739585,60,4,64
750676098002874368,60,0,60
750829544702181376,60,1,61
751472723847548928,60,2,62
753342416053239808,60,0,60
757446816870830080,60,1,61
757560756825128961,60,0,60
759163746564669440,60,5,65
760510378602172416,60,2,62
763376117428301824,60,29,89
771038580349165568,60,1,61
771071651966390272,60,2,62
776187677183909888,60,2,62
778000278037540864,60,0,60
781186931849854976,60,1,61
783159937912287232,60,2,62
783404381337157632,60,0,60
784525531278639105,60,0,60
785595843801849856,60,1,61
786629745647710208,60,0,60
794548575673978880,60,1,61
797573247441272833,60,0,60
14620090,59,0,59
15711730,59,0,59
17372783,59,142,201
20592886,59,4,63
20806274,59,4,63
21874225,59,8,67
23315532,59,3,62
23684807,59,5,64
24516586,59,19,78
24902962,59,7,66
26310407,59,0,59
29738565,59,0,59
30953058,59,2,61
31125980,59,6,65
33084318,59,2,61
39303400,59,0,59
41231330,59,3,62
41366292,59,3,62
41393941,59,2,61
46465179,59,3,62
48428789,59,0,59
49935575,59,0,59
52471840,59,1,60
53614673,59,0,59
54251487,59,3,62
55883571,59,0,59
70124355,59,0,59
70143997,59,9,68
74735496,59,3,62
82935987,59,13,72
85940335,59,0,59
91455048,59,2,61
95009868,59,2,61
103628763,59,2,61
108688171,59,19,78
109446452,59,3,62
111381659,59,13,72
125700611,59,1,60
153918745,59,0,59
165145111,59,2,61
165862718,59,1,60
180039330,59,8,67
189728052,59,1,60
189940236,59,3,62
205701512,59,4,63
205922294,59,2,61
208382303,59,0,59
215808662,59,3,62
218988628,59,0,59
230436962,59,5,64
232995454,59,2,61
233025830,59,0,59
247903672,59,12,71
252141392,59,4,63
277817081,59,4,63
280012815,59,1,60
287645194,59,3,62
292122096,59,4,63
302726162,59,7,66
305248807,59,1,60
305904374,59,6,65
309176121,59,4,63
314876177,59,7,66
330619530,59,14,73
335576999,59,70,129
341674560,59,3,62
354593834,59,1,60
377641305,59,2,61
397748897,59,3,62
399065347,59,1,60
399628166,59,0,59
413634192,59,2,61
415895542,59,6,65
430925630,59,3,62
432725203,59,3,62
447623761,59,4,63
451763907,59,1,60
464876375,59,0,59
485310129,59,1,60
533755758,59,11,70
544891111,59,1,60
573239329,59,5,64
577319613,59,0,59
701276282,59,4,63
702346243,59,3,62
747579529,59,3,62
753792516,59,8,67
810145062,59,74,133
847633508,59,2,61
867861240,59,3,62
928827271,59,3,62
929721871,59,0,59
932863866,59,2,61
1013006934,59,5,64
1014248527,59,1,60
1017189240,59,2,61
1033657903,59,1,60
1077950875,59,2,61
1129767884,59,0,59
1145724890,59,3,62
1191654624,59,0,59
1238981322,59,3,62
1253289434,59,5,64
1263289160,59,3,62
1337367966,59,0,59
1359328298,59,3,62
1405281342,59,16,75
1431036109,59,1,60
1493602183,59,0,59
1534515841,59,1,60
1564358826,59,1,60
1679970553,59,23,82
1720660537,59,0,59
1734277734,59,6,65
1977024967,59,6,65
2342153815,59,3,62
2390110236,59,7,66
2414059945,59,13,72
2434476516,59,2,61
2439086884,59,0,59
2492877258,59,7,66
2563237269,59,0,59
2584896210,59,1,60
2695107679,59,0,59
2700057748,59,8,67
2784120457,59,1,60
2793367408,59,2,61
2793800587,59,5,64
2817679755,59,2,61
2820595908,59,3,62
2878502178,59,0,59
2959012101,59,1,60
2964369323,59,1,60
2996669676,59,0,59
3018053592,59,3,62
3032364329,59,3,62
3068933499,59,11,70
3115898899,59,7,66
3120301769,59,2,61
3146196809,59,1,60
3183310627,59,3,62
3250840256,59,3,62
3319650211,59,3,62
3321633224,59,3,62
3346608405,59,1,60
3370874357,59,0,59
3380419365,59,1,60
3397821632,59,2,61
3404250059,59,3,62
3407749222,59,5,64
3433419609,59,4,63
3492855441,59,13,72
3604566509,59,3,62
3855807508,59,4,63
3885855373,59,2,61
4083244521,59,4,63
4171966611,59,0,59
4258893975,59,2,61
4302244343,59,2,61
4310800955,59,0,59
4343200905,59,2,61
4424776881,59,1,60
4483489648,59,0,59
4617134895,59,2,61
4704680246,59,2,61
4760869454,59,0,59
4818605530,59,6,65
4854183347,59,0,59
4856187214,59,0,59
4877444500,59,0,59
4895751885,59,0,59
4918703726,59,0,59
700518750567604224,59,0,59
700982675088101376,59,8,67
701262164326092800,59,3,62
702532431383908352,59,1,60
703075064514682880,59,1,60
703293228594802689,59,0,59
704873649162067968,59,6,65
705406717308174336,59,1,60
705641215224451072,59,6,65
706172170301407233,59,6,65
707357095801298944,59,0,59
710134431047098368,59,4,63
713349508134936576,59,3,62
714955981969498112,59,3,62
714989079021006848,59,6,65
719258590469431296,59,4,63
722614536168202240,59,0,59
730199401444970496,59,0,59
730433203207548932,59,0,59
734282583832305664,59,4,63
741333295443632129,59,2,61
746383620575637504,59,4,63
751552860303683584,59,7,66
753779827942035457,59,2,61
754056448422846465,59,6,65
754822052457041920,59,4,63
757284447918194688,59,1,60
757611862473277440,59,0,59
758005542501556224,59,8,67
758663649414160384,59,2,61
758696095471972352,59,4,63
759557216345088001,59,0,59
759889234295525376,59,5,64
763718045227507712,59,5,64
766088331067269120,59,2,61
771365661364936704,59,6,65
772507708788531201,59,3,62
779045542894637056,59,1,60
782377330241003520,59,1,60
783476377223827456,59,2,61
784738349567401984,59,4,63
784907880394743808,59,2,61
785323004796424195,59,2,61
786034668004966400,59,0,59
790232921470820352,59,1,60
790328713179197441,59,2,61
791705701894590464,59,17,76
14844959,58,2,60
16478130,58,1,59
16567834,58,17,75
18533363,58,2,60
18558809,58,5,63
18691636,58,2,60
18748066,58,1,59
18813840,58,4,62
19323212,58,3,61
20454503,58,4,62
21039525,58,0,58
21363770,58,0,58
23272075,58,0,58
25888359,58,2,60
26257638,58,6,64
26733047,58,2,60
30204858,58,5,63
30575575,58,6,64
36761914,58,4,62
39505730,58,4,62
47093419,58,10,68
49435857,58,50,108
56297181,58,7,65
60448759,58,4,62
61834754,58,1,59
73513449,58,30,88
77063463,58,1,59
96540459,58,3,61
97337036,58,0,58
121656624,58,5,63
129636453,58,3,61
133260261,58,2,60
148842579,58,0,58
152824041,58,0,58
156763697,58,0,58
178314194,58,5,63
201919188,58,0,58
234243219,58,2,60
240974612,58,1,59
258930150,58,0,58
262990460,58,3,61
264392853,58,4,62
284383568,58,26,84
296584207,58,36,94
296648994,58,1,59
314157950,58,0,58
337062648,58,3,61
340367718,58,0,58
344587123,58,1,59
344789714,58,2,60
365714435,58,1,59
380704594,58,3,61
391598894,58,2,60
417385710,58,0,58
453352019,58,0,58
457188546,58,6,64
460637119,58,1,59
509281536,58,1,59
513366371,58,2,60
514974163,58,237,295
532889895,58,3,61
533776864,58,1,59
548828636,58,2,60
562207562,58,2,60
789025662,58,3,61
884202938,58,1,59
902759282,58,3,61
913707211,58,0,58
915314664,58,1,59
941943944,58,2,60
946881306,58,2,60
948787765,58,0,58
971683675,58,2,60
971757337,58,5,63
1011644822,58,0,58
1156371384,58,0,58
1244150881,58,1,59
1317347384,58,7,65
1321334844,58,2,60
1328461706,58,3,61
1337323836,58,1,59
1362062648,58,0,58
1403108310,58,4,62
1556853488,58,2,60
1653658039,58,1,59
1682179470,58,6,64
1716744762,58,3,61
1727335976,58,0,58
1928290020,58,190,248
1940729918,58,0,58
1976799128,58,5,63
2182299060,58,5,63
2236655070,58,4,62
2316133112,58,2,60
2415726213,58,2,60
2453605819,58,2,60
2469848542,58,0,58
2491243444,58,2,60
2513527235,58,0,58
2560148358,58,196,254
2608476186,58,4,62
2646244184,58,0,58
2658482761,58,2,60
2727450961,58,1,59
2755751021,58,1,59
2780003122,58,1,59
2835300126,58,0,58
2878397393,58,4,62
2889010472,58,7,65
2901984022,58,2,60
2934138882,58,3,61
2947291886,58,2,60
2961677465,58,0,58
3006728331,58,3,61
3061963254,58,0,58
3067105819,58,0,58
3081524321,58,0,58
3089423406,58,3,61
3113809773,58,0,58
3197594125,58,3,61
3275183166,58,2,60
3285819409,58,0,58
3300931691,58,137,195
3301125138,58,2,60
3303092855,58,2,60
3310222566,58,1,59
3317841510,58,0,58
3323248951,58,3,61
3324586557,58,0,58
3329632990,58,1,59
3383036895,58,2,60
3387654850,58,2,60
3531841882,58,1,59
3536077337,58,1,59
3743411477,58,2,60
3879759869,58,3,61
3886015993,58,2,60
4077347483,58,5,63
4263840375,58,1,59
4443655752,58,1,59
4558558034,58,0,58
4685286434,58,3,61
4739018516,58,5,63
4780779442,58,0,58
4799007915,58,4,62
4918260362,58,9,67
701823812304826368,58,2,60
703390111002562560,58,2,60
705163411085271042,58,1,59
707282012608925696,58,8,66
710553012046077952,58,0,58
711029260174041088,58,0,58
711693653954015232,58,2,60
711954995478794240,58,3,61
712260481650724865,58,0,58
713392368607567873,58,4,62
713399931227123712,58,1,59
718091657594421248,58,5,63
723224345347166210,58,2,60
728255524303740928,58,4,62
728330271645442049,58,15,73
732168627366068224,58,0,58
734103644744749056,58,0,58
737333088590663681,58,6,64
738916673311281152,58,0,58
739184414341640192,58,2,60
742505882404020224,58,6,64
744109050607042560,58,1,59
748237381317308416,58,4,62
748888960789782528,58,0,58
756701030080012289,58,2,60
764643388385693696,58,1,59
767237265605193728,58,0,58
769633840356728832,58,2,60
784990648478740481,58,1,59
793625783910543362,58,0,58
793907097180184576,58,0,58
794538094875774976,58,0,58
798264883062206469,58,5,63
11616202,57,5,62
14542355,57,4,61
16199232,57,1,58
16320885,57,17,74
16490090,57,11,68
16821773,57,0,57
18025821,57,2,59
18083068,57,1,58
18114982,57,96,153
19206856,57,2,59
20730783,57,2,59
21588235,57,10,67
23039757,57,2,59
24097063,57,1,58
24427864,57,1,58
24981350,57,2,59
25361741,57,1,58
26301250,57,1,58
27293033,57,11,68
30351711,57,0,57
30886757,57,6,63
32623611,57,5,62
37127042,57,7,64
40658214,57,2,59
41651551,57,2,59
42764755,57,0,57
43337864,57,1,58
50354237,57,4,61
52902271,57,10,67
61723100,57,0,57
70885172,57,0,57
72454254,57,43,100
76719557,57,1,58
77055313,57,1,58
88237533,57,13,70
89070452,57,3,60
90394532,57,4,61
96063461,57,9,66
100600292,57,6,63
115720535,57,1,58
122307745,57,2,59
128742050,57,1,58
131519765,57,10,67
131746121,57,2,59
134241474,57,1,58
139659661,57,0,57
141521806,57,3,60
148360487,57,2,59
148886933,57,0,57
152508248,57,2,59
154938143,57,6,63
166217654,57,1,58
166432024,57,6,63
167305932,57,1,58
170310148,57,2,59
170575426,57,1,58
186893167,57,5,62
193158134,57,4,61
194581517,57,5,62
200555243,57,0,57
217841136,57,7,64
235745323,57,5,62
236182540,57,7,64
244808991,57,4,61
259121785,57,29,86
260265372,57,0,57
260515479,57,2,59
261048107,57,1,58
264166713,57,1,58
267029300,57,3,60
273595343,57,0,57
282112486,57,0,57
302718876,57,0,57
308534014,57,3,60
325743258,57,0,57
329688737,57,32,89
341476052,57,0,57
342789175,57,0,57
365109321,57,6,63
373403084,57,3,60
391755404,57,1,58
399037297,57,1,58
436594025,57,0,57
437237690,57,1,58
438525406,57,2,59
448280203,57,0,57
453570518,57,0,57
455297313,57,1,58
456179788,57,2,59
456536128,57,0,57
475099294,57,1,58
518398023,57,0,57
531565758,57,29,86
535879177,57,1,58
541131956,57,6,63
548419154,57,0,57
549528704,57,2,59
576478396,57,5,62
596980554,57,3,60
625640550,57,4,61
729718663,57,6,63
731175925,57,1,58
792036516,57,2,59
827067685,57,3,60
846419166,57,0,57
946261009,57,1,58
963036704,57,2,59
971737663,57,2,59
1071556464,57,5,62
1089785942,57,6,63
1155585403,57,1,58
1177361515,57,1,58
1198539396,57,13,70
1220483023,57,2,59
1251475249,57,0,57
1260094304,57,0,57
1380346794,57,1,58
1442055979,57,3,60
1446411870,57,9,66
1483135992,57,0,57
1514305603,57,1,58
1540407535,57,0,57
1676980292,57,5,62
1708038163,57,0,57
1933090626,57,8,65
1965159966,57,0,57
2178494170,57,1,58
2326487635,57,5,62
2330437794,57,2,59
2339305186,57,5,62
2369300364,57,17,74
2413717728,57,1,58
2460016874,57,0,57
2490389310,57,2,59
2502079698,57,1,58
2525601571,57,1,58
2634269874,57,2,59
2718677432,57,0,57
2744936164,57,2,59
2773918108,57,2,59
2880210175,57,0,57
2882821205,57,2,59
2896063907,57,7,64
2917490567,57,17,74
3018268195,57,0,57
3039914459,57,2,59
3065791383,57,6,63
3076875110,57,2,59
3093970392,57,2,59
3149282307,57,3,60
3149709179,57,2,59
3161271378,57,3,60
3179615423,57,4,61
3193615422,57,2,59
3234067815,57,6,63
3245526060,57,13,70
3281671453,57,0,57
3301877699,57,0,57
3309270416,57,3,60
3310740463,57,2,59
3323235405,57,20,77
3377478999,57,5,62
3386636409,57,1,58
3562560623,57,5,62
3750265342,57,1,58
3820392735,57,3,60
3882227718,57,2,59
3895952067,57,1,58
3937397053,57,3,60
3994862453,57,6,63
4063985534,57,3,60
4114836339,57,7,64
4138699727,57,0,57
4219142068,57,1,58
4341946875,57,2,59
4430136754,57,0,57
4468874174,57,5,62
4491996682,57,8,65
4492393098,57,0,57
4569352401,57,1,58
4576799353,57,0,57
4765155084,57,29,86
4790071401,57,5,62
4799082093,57,2,59
4822905011,57,3,60
4825434851,57,5,62
4827757845,57,3,60
701498147084828673,57,6,63
703341006419177472,57,3,60
705921327752806401,57,2,59
706179921090125826,57,2,59
707407405739474948,57,4,61
707581707042443264,57,2,59
707771806480924672,57,2,59
708605944683487233,57,4,61
710497909221920768,57,3,60
710935152445227009,57,1,58
711146010521767937,57,1,58
711275335686483968,57,0,57
711673498817728512,57,3,60
715434754909163520,57,2,59
716450496513310722,57,6,63
717933273217826816,57,4,61
725487252164382720,57,0,57
726343509687545856,57,0,57
731515001685577728,57,0,57
734566742052200449,57,1,58
739983542986235904,57,5,62
743814140557402112,57,1,58
746379059727204357,57,4,61
753688272929456128,57,5,62
753966845171040258,57,2,59
756493221014937600,57,0,57
757605981308260352,57,1,58
758874586976882694,57,5,62
760776911698079744,57,2,59
761996158868791296,57,5,62
763145866534227968,57,1,58
767870812502183937,57,1,58
774370022340820992,57,4,61
774747231882731520,57,2,59
777952653527617536,57,7,64
779879770330849280,57,2,59
783483166078083072,57,0,57
786213115788656641,57,2,59
788532739288866820,57,0,57
797333920383725568,57,0,57
799111072959631360,57,0,57
800380580042944512,57,15,72
14065810,56,1,57
16672909,56,3,59
18780750,56,0,56
18925730,56,0,56
19144112,56,1,57
20134451,56,1,57
21800713,56,2,58
22053863,56,0,56
22408314,56,31,87
23300573,56,3,59
24692175,56,15,71
24822721,56,2,58
24824899,56,0,56
27716208,56,5,61
32230036,56,1,57
36814557,56,1,57
40708919,56,3,59
41427918,56,1,57
42332843,56,0,56
42462524,56,2,58
43828591,56,2,58
45489122,56,1,57
47166195,56,1,57
48965027,56,0,56
51621287,56,2,58
53249230,56,1,57
54368243,56,2,58
57900261,56,1,57
58459311,56,1,57
60984641,56,1,57
61008839,56,4,60
78513180,56,2,58
83332882,56,0,56
90522101,56,27,83
95448500,56,3,59
97742728,56,4,60
110512221,56,0,56
114885715,56,0,56
116504222,56,140,196
117836999,56,2,58
119199702,56,0,56
126974076,56,0,56
142764761,56,2,58
156845062,56,2,58
157198701,56,5,61
163447189,56,0,56
175859679,56,1,57
183520216,56,0,56
187618058,56,1,57
193223965,56,0,56
204389438,56,1,57
206302924,56,1,57
219365189,56,1,57
222184684,56,2,58
224907219,56,2,58
245817678,56,2,58
257643702,56,2,58
259271655,56,2,58
260337897,56,0,56
264271174,56,0,56
291683439,56,1,57
307877719,56,2,58
308153568,56,0,56
324691892,56,0,56
336207707,56,3,59
345134864,56,1,57
349114009,56,4,60
374549560,56,4,60
375222367,56,18,74
378054350,56,9,65
379968726,56,0,56
387067647,56,2,58
404795493,56,2,58
405798082,56,7,63
411073348,56,3,59
423330837,56,0,56
464317204,56,3,59
499230066,56,1,57
525641377,56,2,58
541566394,56,0,56
543775569,56,0,56
552821881,56,0,56
553880367,56,2,58
554532173,56,1,57
583456963,56,2,58
591451860,56,1,57
613025554,56,3,59
631511940,56,1,57
709560893,56,4,60
713375980,56,1,57
790188763,56,4,60
798250897,56,0,56
860584166,56,8,64
881276407,56,1,57
889890265,56,0,56
892122942,56,3,59
898926944,56,6,62
930925849,56,0,56
963966338,56,2,58
971176056,56,4,60
971712865,56,1,57
981763526,56,0,56
1018389702,56,3,59
1033862022,56,3,59
1063844286,56,0,56
1074607166,56,3,59
1128454070,56,1,57
1151095778,56,0,56
1183782504,56,4,60
1288691947,56,2,58
1311174307,56,0,56
1335245749,56,3,59
1374510187,56,3,59
1375150830,56,0,56
1407000362,56,0,56
1547422484,56,0,56
1670200158,56,0,56
1672422194,56,0,56
1864361654,56,0,56
2191108976,56,3,59
2230256263,56,3,59
2263640496,56,3,59
2331137958,56,1,57
2369354528,56,1,57
2391009804,56,0,56
2397154233,56,1,57
2492150280,56,1,57
2521820804,56,5,61
2549528592,56,0,56
2568113084,56,0,56
2568407995,56,3,59
2584693238,56,2,58
2654144510,56,3,59
2684865902,56,5,61
2691710858,56,2,58
2695258633,56,5,61
2763656223,56,1,57
2764999026,56,2,58
2788278833,56,1,57
2803319220,56,0,56
2804138785,56,4,60
2835607708,56,3,59
2849060385,56,3,59
2863062871,56,0,56
2865992597,56,70,126
2875780737,56,2,58
2884739378,56,6,62
2889057444,56,1,57
2891003632,56,13,69
2936329068,56,5,61
2948053822,56,1,57
2974870767,56,2,58
2994149670,56,0,56
3002253653,56,9,65
3015957931,56,1,57
3032997074,56,1,57
3034111655,56,3,59
3064002562,56,1,57
3080946542,56,1,57
3115862648,56,5,61
3129976557,56,1,57
3141045887,56,0,56
3182371068,56,1,57
3193702243,56,3,59
3244789970,56,0,56
3276799220,56,8,64
3292725757,56,2,58
3296156791,56,3,59
3299603393,56,0,56
3309069325,56,1,57
3312516276,56,2,58
3316135159,56,1,57
3323515904,56,7,63
3401218229,56,0,56
3530279000,56,0,56
3542510533,56,5,61
3824719760,56,0,56
3858601455,56,1,57
3950174721,56,2,58
4054168392,56,5,61
4097455153,56,0,56
4193225013,56,5,61
4213464046,56,0,56
4213780307,56,5,61
4260246673,56,2,58
4324197732,56,2,58
4362459267,56,4,60
4372832836,56,1,57
4445191097,56,1,57
4498498715,56,1,57
4508157853,56,7,63
4531984273,56,3,59
4572003196,56,3,59
4638830956,56,0,56
4787393962,56,0,56
4820224145,56,1,57
4865661046,56,3,59
4884155667,56,3,59
702274705449992192,56,0,56
702385007940247552,56,4,60
702963029521076224,56,70,126
705067780270395392,56,2,58
705433636137357312,56,2,58
705435690021027841,56,6,62
708828232049684480,56,0,56
709533009364410369,56,2,58
709588340840865793,56,3,59
710227233785389056,56,4,60
712063080881111041,56,7,63
713570786112569344,56,1,57
713861631122481152,56,3,59
714556689576509441,56,0,56
715135364600606720,56,2,58
717138741962223618,56,0,56
718290200951197697,56,0,56
719524120128548864,56,1,57
725695735644196864,56,2,58
726243724724850688,56,2,58
735824093019246592,56,5,61
739313592546263040,56,0,56
741372932455342080,56,2,58
744554292573405185,56,0,56
745786947998748672,56,0,56
749831417186713600,56,1,57
751286534385524736,56,0,56
760526770684751872,56,0,56
764565157301202944,56,3,59
767015974595923968,56,3,59
770087627550756869,56,0,56
770334180832055296,56,0,56
770380218230013957,56,0,56
775772942546403328,56,0,56
782743168135540736,56,6,62
785645899263250433,56,3,59
785897261725122560,56,1,57
787012568342679552,56,4,60
788222338072313856,56,0,56
5880102,55,3,58
14372784,55,6,61
14784955,55,1,56
17648540,55,2,57
17949313,55,0,55
18900675,55,2,57
19291540,55,1,56
19524953,55,2,57
19922942,55,0,55
20275809,55,0,55
21051380,55,136,191
21542704,55,2,57
26572089,55,3,58
26732837,55,1,56
27835263,55,2,57
29305770,55,0,55
32556021,55,0,55
35216825,55,9,64
36311036,55,8,63
37252440,55,3,58
39950910,55,3,58
42191129,55,0,55
42741327,55,1,56
43662736,55,5,60
45278448,55,0,55
45594773,55,25,80
49021031,55,68,123
49099228,55,1,56
49168231,55,2,57
49415744,55,1,56
50851420,55,10,65
62959723,55,2,57
71097713,55,2,57
76030793,55,0,55
79769567,55,1,56
80647615,55,1,56
85159106,55,3,58
99823780,55,0,55
108112668,55,4,59
112921460,55,2,57
116949923,55,6,61
125801959,55,2,57
128664953,55,0,55
132378981,55,7,62
174618314,55,1,56
179816913,55,0,55
181798901,55,0,55
182505017,55,2,57
187513512,55,1,56
189852253,55,0,55
193984161,55,1,56
199051201,55,20,75
214572427,55,2,57
241263190,55,1,56
250325221,55,2,57
254476520,55,0,55
254918117,55,0,55
262695528,55,2,57
263020925,55,1,56
269494264,55,4,59
274556937,55,5,60
276749860,55,0,55
277738367,55,1,56
278385017,55,3,58
290483042,55,2,57
298600255,55,1,56
302970029,55,0,55
311367013,55,2,57
319732660,55,7,62
329231537,55,1,56
335543747,55,0,55
350576287,55,2,57
362915516,55,1,56
375182319,55,5,60
385348343,55,6,61
386017332,55,5,60
395961182,55,3,58
414430624,55,1,56
414766936,55,1,56
418145364,55,0,55
426107519,55,0,55
453205202,55,1,56
466097665,55,1,56
466228100,55,2,57
471192095,55,3,58
484762486,55,1,56
508092522,55,0,55
511293519,55,4,59
518954237,55,7,62
519919428,55,0,55
525631358,55,4,59
530813732,55,2,57
537070244,55,0,55
542149545,55,2,57
554366157,55,2,57
557335202,55,3,58
579174366,55,0,55
587854598,55,2,57
591023295,55,5,60
591092889,55,0,55
595799102,55,0,55
608471241,55,3,58
613654095,55,1,56
624030989,55,0,55
731035650,55,0,55
740464286,55,2,57
754370958,55,1,56
765953364,55,0,55
770613038,55,8,63
785204612,55,1,56
811842228,55,1,56
815871284,55,150,205
858654914,55,0,55
872104920,55,1,56
892403515,55,3,58
915331472,55,1,56
917723953,55,1,56
928618363,55,4,59
1061265762,55,0,55
1096185936,55,3,58
1096566492,55,25,80
1267248576,55,0,55
1296842454,55,0,55
1351621278,55,1,56
1355211138,55,0,55
1387726382,55,4,59
1428230688,55,0,55
1499573666,55,0,55
1512234564,55,2,57
1528208486,55,20,75
1554450631,55,0,55
1575454723,55,0,55
1593967615,55,1,56
1610788956,55,2,57
1644805254,55,9,64
1649137394,55,5,60
1655660156,55,4,59
1887844819,55,21,76
2169327943,55,0,55
2174781979,55,2,57
2190527462,55,3,58
2198817853,55,1,56
2204132642,55,0,55
2244677388,55,3,58
2376596682,55,1,56
2461538374,55,3,58
2464867113,55,0,55
2480274133,55,1,56
2484346413,55,4,59
2490933968,55,5,60
2516247246,55,7,62
2561092394,55,18,73
2562268036,55,1,56
2700975028,55,1,56
2707274106,55,3,58
2730784538,55,1,56
2755429755,55,0,55
2760977918,55,0,55
2773820450,55,1,56
2788249219,55,0,55
2815321587,55,0,55
2869527457,55,1,56
2872795917,55,3,58
2910273277,55,0,55
2911782351,55,5,60
2913057122,55,0,55
2931808006,55,3,58
2954999301,55,4,59
2970596709,55,0,55
2976920404,55,0,55
3003559775,55,4,59
3011274792,55,0,55
3063800430,55,1,56
3110138020,55,1,56
3222921301,55,0,55
3292297695,55,0,55
3349309758,55,0,55
3369055103,55,0,55
3369938530,55,3,58
3406808015,55,0,55
3408232162,55,1,56
3425371798,55,1,56
3464939954,55,2,57
3585393859,55,0,55
3707246052,55,2,57
3739209309,55,11,66
3749872277,55,5,60
3886472352,55,5,60
3915446003,55,0,55
3947805317,55,2,57
3982692592,55,11,66
4104575289,55,5,60
4144059087,55,2,57
4214490557,55,3,58
4227822587,55,2,57
4282439188,55,1,56
4306318573,55,3,58
4341085517,55,1,56
4352211996,55,1,56
4493790927,55,0,55
4577843001,55,0,55
4635596660,55,0,55
4644413847,55,0,55
4798077396,55,5,60
4831048235,55,6,61
4856145406,55,3,58
4889132753,55,0,55
701596791444267008,55,1,56
704462516164890625,55,2,57
705115035593379840,55,9,64
705119357827874816,55,3,58
705125671635394560,55,8,63
705467179215384577,55,0,55
705896728373886982,55,0,55
708992582588735488,55,5,60
712295492093419521,55,2,57
712449623181234176,55,1,56
713401762678501376,55,4,59
713971816679604224,55,1,56
714199284627873792,55,5,60
718858331457097728,55,1,56
719174272866869248,55,1,56
720721931423649792,55,3,58
720744027901927424,55,8,63
727944198792470528,55,4,59
728091668524621824,55,2,57
728580773868081152,55,2,57
733993958167175168,55,1,56
739544256944037888,55,7,62
742848771059515392,55,1,56
751931600829571072,55,2,57
753691318140809216,55,0,55
754110888446087168,55,2,57
759178228279803904,55,2,57
760236653252259840,55,9,64
763477398876815361,55,3,58
764104806466260993,55,5,60
764785538981330944,55,1,56
766443367236526080,55,6,61
768548781021356032,55,1,56
769533635976310785,55,8,63
771487051673837568,55,3,58
780595413921386496,55,15,70
782722070413213697,55,2,57
789223389739089921,55,3,58
789659263748694016,55,2,57
15201203,54,3,57
15619384,54,0,54
16371169,54,3,57
16394241,54,0,54
16561729,54,76,130
16623514,54,0,54
17380467,54,4,58
20420531,54,1,55
20428579,54,9,63
21816289,54,3,57
22320016,54,0,54
23380149,54,50,104
25164815,54,6,60
28167485,54,0,54
31773688,54,0,54
31879662,54,2,56
32676870,54,5,59
32707036,54,0,54
33186312,54,2,56
34001553,54,4,58
34255591,54,14,68
34320486,54,0,54
35512608,54,2,56
35525602,54,3,57
37019769,54,15,69
39765961,54,0,54
39822703,54,1,55
40950257,54,2,56
45123137,54,0,54
47025341,54,4,58
48528011,54,4,58
50043356,54,4,58
60351264,54,0,54
60694055,54,3,57
68390853,54,3,57
69983753,54,2,56
70499942,54,0,54
71926170,54,4,58
79884891,54,0,54
85589618,54,1,55
85869667,54,2,56
86201399,54,0,54
86317143,54,7,61
104924567,54,4,58
119608188,54,11,65
124137039,54,1,55
124567136,54,0,54
129032376,54,13,67
129997734,54,3,57
131971803,54,8,62
168882615,54,1,55
187257145,54,2,56
190251322,54,0,54
192798405,54,4,58
193100541,54,5,59
195355640,54,0,54
212273141,54,0,54
214046074,54,3,57
224183827,54,0,54
224424992,54,0,54
226772224,54,1,55
234615767,54,0,54
249895896,54,1,55
264238890,54,8,62
271056619,54,0,54
271129162,54,0,54
285176380,54,4,58
328484372,54,0,54
338773372,54,2,56
343018585,54,0,54
367932654,54,2,56
369868151,54,0,54
381560011,54,1,55
383641543,54,2,56
390669478,54,6,60
390796493,54,2,56
398689228,54,3,57
405178737,54,3,57
414723612,54,0,54
436303189,54,0,54
437970548,54,1,55
455537031,54,2,56
463187558,54,1,55
477913730,54,5,59
500334396,54,1,55
514404215,54,1,55
518359041,54,3,57
528746268,54,2,56
529604764,54,1,55
532209187,54,2,56
557046649,54,0,54
574621059,54,0,54
591351748,54,5,59
596329092,54,0,54
704469028,54,0,54
720547646,54,4,58
784943635,54,0,54
784992690,54,2,56
824394991,54,6,60
858979844,54,0,54
869025762,54,2,56
887431598,54,8,62
898635734,54,3,57
900431706,54,6,60
956022049,54,0,54
956500429,54,2,56
986624299,54,6,60
1004387720,54,1,55
1032818844,54,2,56
1051557925,54,1,55
1132485474,54,0,54
1282456897,54,0,54
1347259627,54,6,60
1542217970,54,2,56
1549759548,54,2,56
1588962332,54,6,60
1602698894,54,5,59
1625955996,54,3,57
1648039956,54,0,54
1692021860,54,1,55
1692698684,54,6,60
1854515935,54,1,55
1865930089,54,18,72
1963285476,54,3,57
1965372564,54,0,54
2159381180,54,0,54
2167236591,54,1,55
2177658393,54,2,56
2205261256,54,2,56
2247787315,54,2,56
2263754155,54,5,59
2289040528,54,4,58
2301820159,54,1,55
2309814634,54,2,56
2331039880,54,1,55
2331265305,54,0,54
2475685172,54,0,54
2522155353,54,1,55
2590302661,54,0,54
2746764054,54,0,54
2761898817,54,4,58
2773928897,54,2,56
2787853129,54,1,55
2798661936,54,0,54
2833381608,54,2,56
2911587582,54,3,57
2913103378,54,5,59
2914574735,54,3,57
2955055584,54,3,57
2985172897,54,7,61
2989845827,54,0,54
2993237220,54,5,59
2993513967,54,0,54
3000391547,54,5,59
3003999514,54,4,58
3012369735,54,1,55
3028388339,54,8,62
3082702335,54,4,58
3177726760,54,0,54
3224378552,54,0,54
3232008447,54,0,54
3236447924,54,2,56
3349130025,54,66,120
3352366589,54,0,54
3380119547,54,0,54
3407966973,54,1,55
3413472017,54,1,55
3720358152,54,2,56
3723165802,54,2,56
3906745699,54,4,58
3951304403,54,2,56
3961244363,54,2,56
3964410253,54,1,55
4075000398,54,2,56
4182928649,54,3,57
4216922654,54,2,56
4334047641,54,1,55
4346882714,54,1,55
4439154435,54,1,55
4453680687,54,3,57
4497573080,54,4,58
4501795638,54,3,57
4533072494,54,4,58
4692578012,54,3,57
4705335097,54,6,60
4726362649,54,0,54
4761064634,54,6,60
4803630864,54,6,60
4827632170,54,0,54
4906749684,54,5,59
4925082960,54,0,54
703196744255938560,54,2,56
705073654305071105,54,0,54
705568732148531200,54,5,59
707352000686661632,54,0,54
708492305880190976,54,1,55
710109110658854912,54,9,63
710636057130209281,54,24,78
711014758535790593,54,0,54
712288570254434304,54,2,56
713063391900729344,54,2,56
713762574156718080,54,2,56
715930119626301440,54,4,58
716883791650770944,54,2,56
720969330066894848,54,0,54
721755121038860288,54,1,55
724258035107917825,54,1,55
727005371647168513,54,0,54
727614203448549377,54,0,54
729727420635435008,54,2,56
732194080499859456,54,0,54
739573117870309376,54,0,54
743853396520738816,54,4,58
750337030488489984,54,0,54
751467350805909504,54,4,58
754101056724930560,54,0,54
756913511591251969,54,8,62
758839025645989889,54,7,61
759391480939249664,54,0,54
761548191959441408,54,1,55
766080297209303040,54,2,56
775763324185174016,54,2,56
776147891807064064,54,1,55
776183786463789056,54,2,56
778720068154699778,54,3,57
781818779860729857,54,0,54
783029464267620353,54,2,56
785612526541168640,54,0,54
787798834608865284,54,4,58
787944328970788866,54,2,56
14825402,53,5,58
15223638,53,2,55
15283300,53,1,54
17154836,53,0,53
17203795,53,42,95
17499684,53,1,54
17652313,53,0,53
17719592,53,36,89
17770260,53,10,63
18175578,53,4,57
19290986,53,2,55
19519035,53,2,55
20148675,53,15,68
20263645,53,1,54
21877213,53,1,54
22489119,53,0,53
22700291,53,590,643
23615872,53,2,55
28034749,53,1,54
29380505,53,3,56
29609843,53,2,55
29747650,53,2,55
30240890,53,9,62
32478466,53,2,55
34874146,53,1,54
36302159,53,8,61
42151849,53,0,53
43642109,53,1,54
47494634,53,6,59
48986203,53,2,55
50029551,53,2,55
54769979,53,4,57
55043066,53,1,54
56899709,53,1,54
69109806,53,0,53
69784557,53,0,53
73128845,53,7,60
73842387,53,1,54
75081190,53,3,56
75453517,53,0,53
97268787,53,3,56
97983023,53,0,53
102804535,53,2,55
103534985,53,0,53
112582208,53,0,53
114235082,53,0,53
117546934,53,10,63
119170036,53,2,55
130825293,53,2,55
140641561,53,86,139
149491758,53,1,54
154122043,53,1,54
159478788,53,2,55
159642036,53,1,54
161340681,53,0,53
172811469,53,0,53
174069619,53,25,78
189496721,53,171,224
193261562,53,5,58
195610523,53,20,73
198626806,53,3,56
199082624,53,18,71
204132287,53,3,56
208105850,53,3,56
212301598,53,3,56
218965318,53,0,53
221612917,53,0,53
233578496,53,5,58
253074764,53,0,53
264422645,53,2,55
274136152,53,0,53
275771168,53,0,53
286895425,53,2,55
294739464,53,0,53
298069311,53,0,53
310788256,53,2,55
331983140,53,4,57
343963304,53,31,84
353454766,53,0,53
383523420,53,0,53
386023342,53,0,53
388150165,53,51,104
392739061,53,6,59
396636288,53,0,53
402676038,53,83,136
416434503,53,3,56
422176238,53,0,53
432130766,53,3,56
475447456,53,0,53
494057971,53,0,53
494459606,53,1,54
502225187,53,4,57
514662893,53,1,54
520016930,53,0,53
524758567,53,4,57
531893966,53,1,54
542090289,53,6,59
547069280,53,2,55
549350692,53,1,54
559009166,53,3,56
560446117,53,0,53
594050440,53,2,55
612681531,53,0,53
624795117,53,1,54
628038157,53,11,64
715503390,53,0,53
720362750,53,3,56
751116997,53,3,56
874369189,53,2,55
910647342,53,2,55
920179184,53,3,56
939616705,53,0,53
963940980,53,0,53
1014682560,53,1,54
1099681615,53,0,53
1147437914,53,2,55
1337268200,53,0,53
1356992605,53,0,53
1365739861,53,3,56
1369778664,53,2,55
1385771785,53,1,54
1477840074,53,1,54
1537881145,53,3,56
1581947954,53,6,59
1687108951,53,3,56
1837417136,53,0,53
1870222346,53,0,53
1942253473,53,4,57
2162694053,53,4,57
2169470797,53,3,56
2200235154,53,3,56
2228896081,53,0,53
2301990517,53,1,54
2310892912,53,3,56
2324475554,53,1,54
2327883170,53,5,58
2337490808,53,2,55
2340079906,53,0,53
2344030372,53,2,55
2380832109,53,1,54
2411586222,53,4,57
2419457298,53,1,54
2518956876,53,1,54
2532648118,53,13,66
2592998383,53,1,54
2593009446,53,2,55
2599740468,53,30,83
2645943703,53,0,53
2712481699,53,1,54
2745410698,53,1,54
2840588775,53,5,58
2848993612,53,3,56
2858886167,53,1,54
2892578177,53,0,53
2935219918,53,1,54
2945002246,53,6,59
2960028841,53,1,54
3022862503,53,0,53
3033735315,53,2,55
3060330596,53,3,56
3075446010,53,2,55
3075885118,53,0,53
3098445577,53,6,59
3103575260,53,0,53
3133649726,53,2,55
3167697797,53,0,53
3191591624,53,1,54
3226766840,53,2,55
3238460171,53,1,54
3269474665,53,8,61
3291998731,53,1,54
3309022502,53,2,55
3378077458,53,1,54
3383116294,53,194,247
3400894919,53,0,53
3401227875,53,0,53
3413773991,53,2,55
3425335935,53,0,53
3588894372,53,4,57
3628302853,53,1,54
3675584414,53,3,56
3702702203,53,2,55
3803863217,53,0,53
3813059794,53,0,53
3817413628,53,1,54
3848820318,53,82,135
3948061168,53,2,55
3956055689,53,7,60
3996557178,53,1,54
4052337438,53,1,54
4061546782,53,3,56
4135399161,53,0,53
4172969354,53,1,54
4405523956,53,8,61
4433813297,53,3,56
4499005219,53,3,56
4507121909,53,1,54
4581136053,53,6,59
4618950578,53,1,54
4618971817,53,1,54
4670991676,53,2,55
4707467188,53,2,55
4708414214,53,2,55
4766538738,53,0,53
4853913459,53,2,55
4854250851,53,2,55
4855044657,53,13,66
4864056067,53,2,55
4871961853,53,4,57
4886682706,53,67,120
4903277523,53,1,54
701202878162198528,53,3,56
701784908692332545,53,4,57
703264587018342400,53,4,57
704033691056660480,53,4,57
704150436983545856,53,3,56
704501039605616640,53,2,55
708039673684295680,53,5,58
708102003013132288,53,8,61
708469304702996481,53,5,58
708636491929546754,53,6,59
711267212389191682,53,4,57
712334982178430976,53,1,54
712693887991566338,53,3,56
713160442995060736,53,1,54
714575249128423424,53,16,69
719965357755138048,53,4,57
721484105850822656,53,3,56
729980718798000129,53,2,55
730952276668383233,53,0,53
731157103973441537,53,15,68
741042177128599553,53,1,54
741066651857092608,53,0,53
749043841697710080,53,1,54
750100340595449856,53,57,110
751590723775004672,53,1,54
755171082097786880,53,1,54
755763627160985601,53,1,54
757899111936978944,53,1,54
758877206089076746,53,6,59
758879952729018368,53,5,58
759495799407456256,53,3,56
759848661597589505,53,2,55
761195170725453828,53,1,54
762389795037294592,53,0,53
768439928522813441,53,0,53
769101291947712512,53,3,56
771844539925434368,53,6,59
778980976596619264,53,0,53
781700168764760064,53,3,56
781813365945556992,53,6,59
782748679094558721,53,4,57
785482805727813632,53,6,59
787679304796733442,53,0,53
11447982,52,0,52
14239714,52,0,52
14894463,52,2,54
15563349,52,28,80
16455175,52,2,54
16650352,52,0,52
18256467,52,0,52
18324068,52,1,53
18611073,52,2,54
19038210,52,86,138
19331152,52,1,53
20197657,52,0,52
21703120,52,1,53
23107505,52,0,52
23373502,52,1,53
24739879,52,0,52
26566064,52,2,54
27068408,52,0,52
28573074,52,9,61
28693889,52,1,53
31916862,52,3,55
32343438,52,4,56
32443377,52,3,55
32877719,52,4,56
33877540,52,1,53
34238686,52,1,53
37590318,52,2,54
38450727,52,4,56
38704097,52,36,88
42955392,52,1,53
45608857,52,6,58
47346306,52,0,52
48570311,52,0,52
50902189,52,0,52
53931403,52,2,54
56363520,52,0,52
57814841,52,3,55
58191549,52,2,54
60896114,52,19,71
61415761,52,35,87
61875599,52,5,57
62907620,52,3,55
67142652,52,3,55
68355862,52,0,52
69625887,52,1,53
71885806,52,2,54
72994171,52,6,58
82546385,52,0,52
84376820,52,1,53
85742138,52,2,54
86726775,52,0,52
89208915,52,31,83
89841391,52,0,52
94384054,52,2,54
100049068,52,2,54
105726415,52,3,55
106344119,52,0,52
108400841,52,2,54
116235612,52,19,71
118834118,52,3,55
122462526,52,8,60
130345533,52,8,60
137051694,52,2,54
139096605,52,0,52
142565305,52,2,54
167924087,52,2,54
171203334,52,0,52
179556712,52,0,52
180982381,52,7,59
189990034,52,2,54
192517432,52,1,53
198393228,52,0,52
201295178,52,4,56
218348332,52,5,57
223585757,52,10,62
228004532,52,1,53
236514807,52,1,53
239510568,52,88,140
242187443,52,5,57
250952665,52,1,53
266490707,52,0,52
269981782,52,6,58
276451473,52,3,55
278076580,52,2,54
278880061,52,0,52
283327937,52,7,59
296446628,52,1,53
300069227,52,0,52
310953974,52,2,54
330027143,52,0,52
344166684,52,4,56
355265834,52,4,56
363778131,52,2,54
371475866,52,0,52
378812637,52,0,52
389648927,52,1,53
396095407,52,0,52
398073907,52,1,53
399772095,52,2,54
403683707,52,6,58
404970636,52,0,52
425061632,52,9,61
427839732,52,3,55
435176139,52,0,52
468215851,52,1,53
482481041,52,0,52
490587881,52,2,54
492651615,52,2,54
524159710,52,0,52
528995221,52,2,54
529589786,52,2,54
532457186,52,0,52
532608870,52,2,54
550609555,52,2,54
574183384,52,2,54
586083217,52,2,54
615176008,52,1,53
757521332,52,1,53
785597240,52,0,52
809505366,52,4,56
834283494,52,1,53
846330048,52,38,90
872975420,52,1,53
874696526,52,2,54
876757566,52,0,52
885662756,52,8,60
891309109,52,1,53
902292420,52,1,53
908992992,52,1,53
914780798,52,2,54
974728872,52,0,52
997197577,52,1,53
1093674732,52,0,52
1235200052,52,4,56
1311234006,52,22,74
1347360060,52,5,57
1365133898,52,4,56
1417459735,52,0,52
1462741146,52,6,58
1470409188,52,1,53
1536979502,52,0,52
1541965728,52,13,65
1544158464,52,0,52
1609253576,52,7,59
1627496430,52,1,53
1671136236,52,0,52
1671234620,52,3,55
1691499066,52,8,60
1877544272,52,1,53
1904913144,52,0,52
1908512005,52,3,55
1921894028,52,2,54
1935690853,52,2,54
2160560816,52,19,71
2210248683,52,1,53
2215680066,52,3,55
2252260969,52,2,54
2256965582,52,1,53
2292492709,52,1,53
2312293591,52,0,52
2315807137,52,0,52
2369242651,52,0,52
2369506560,52,9,61
2385703302,52,1,53
2397132581,52,0,52
2409042469,52,1,53
2438996330,52,2,54
2465450391,52,0,52
2509417839,52,2,54
2511520796,52,1,53
2542697438,52,1,53
2559756184,52,6,58
2590239104,52,0,52
2603407614,52,1,53
2704214133,52,4,56
2767166387,52,5,57
2775504008,52,1,53
2776902234,52,0,52
2778816007,52,4,56
2787601384,52,0,52
2821125651,52,0,52
2822619188,52,1,53
2830284620,52,5,57
2884415948,52,1,53
2920651226,52,5,57
2932271274,52,1,53
2956968260,52,3,55
2980539141,52,2,54
2994094598,52,0,52
2994948340,52,0,52
2998466930,52,1,53
3030666096,52,5,57
3035315280,52,4,56
3062601999,52,0,52
3106708449,52,0,52
3112819119,52,2,54
3126780107,52,0,52
3131523154,52,1,53
3139458601,52,2,54
3149758719,52,2,54
3174590074,52,5,57
3179207340,52,170,222
3228332542,52,1,53
3231411456,52,4,56
3274774916,52,2,54
3310750476,52,2,54
3314562109,52,4,56
3316417512,52,22,74
3316957735,52,1,53
3381540185,52,0,52
3383161810,52,3,55
3406264282,52,3,55
3421386939,52,3,55
3426415037,52,0,52
3537693677,52,3,55
3576049577,52,4,56
3626710458,52,21,73
3807282738,52,2,54
3867426015,52,6,58
3874620613,52,0,52
3894224714,52,2,54
3896306594,52,0,52
4048442295,52,6,58
4051494614,52,2,54
4053477192,52,3,55
4129147770,52,2,54
4136439261,52,0,52
4150177692,52,6,58
4175155288,52,59,111
4183143615,52,0,52
4206673199,52,2,54
4493789176,52,1,53
4679108839,52,2,54
4750409127,52,2,54
4843899317,52,5,57
4853987369,52,3,55
4869158308,52,1,53
700684355492904960,52,0,52
701915942436077568,52,4,56
704165704149303296,52,0,52
704418090814058496,52,0,52
705033380837126144,52,0,52
708236539353030656,52,29,81
708755724743122945,52,4,56
708796372296851457,52,1,53
711627609344516096,52,1,53
713011746135531524,52,5,57
713582080291172352,52,27,79
716532841136283650,52,2,54
717132040395554817,52,0,52
718879123993534465,52,2,54
726446916876292097,52,0,52
730200158676389889,52,1,53
734732084779057152,52,3,55
737235263622021120,52,0,52
737693116753453056,52,0,52
739994610798202881,52,2,54
740684938744303616,52,1,53
741813115197657089,52,0,52
741820574448521218,52,3,55
742129940263370753,52,82,134
749682943002484736,52,0,52
750857122968109056,52,4,56
753472878360813568,52,6,58
754774634407407617,52,1,53
755188797420167168,52,1,53
755481855718150144,52,1,53
757890402200457216,52,1,53
759148974137901056,52,0,52
759208342212448256,52,0,52
761667353230782464,52,0,52
762801097018781696,52,4,56
763263315678154752,52,5,57
764196532287578113,52,1,53
764827032979140608,52,1,53
768163767376936960,52,1,53
769617662582333440,52,3,55
770721672617918464,52,0,52
772906825058492417,52,0,52
772913099879829505,52,4,56
774723436002283520,52,1,53
775164334641065985,52,3,55
776470695995854849,52,1,53
776606687918555137,52,1,53
778558082301526016,52,1,53
782654367014854656,52,7,59
783447229080010753,52,1,53
783462236744327169,52,0,52
784813979432476672,52,5,57
785857431272353802,52,0,52
787314735083429889,52,2,54
788587909360316418,52,1,53
789563993119715328,52,1,53
798392083551842304,52,0,52
8863322,51,1,52
14684198,51,0,51
16058649,51,4,55
16206579,51,1,52
17904171,51,2,53
19025138,51,5,56
20319147,51,5,56
20724439,51,1,52
20844257,51,4,55
21000275,51,4,55
21272095,51,5,56
21651982,51,1,52
22089153,51,1,52
22329855,51,4,55
23202327,51,7,58
23329244,51,6,57
26419242,51,1,52
26528766,51,19,70
27285857,51,5,56
27457608,51,10,61
29548812,51,2,53
29654096,51,2,53
29792476,51,3,54
30221032,51,10,61
39312095,51,1,52
46640356,51,2,53
47195230,51,4,55
50120571,51,8,59
53280918,51,11,62
53338750,51,1,52
56312505,51,5,56
67891277,51,1,52
68486911,51,15,66
68807455,51,4,55
75112589,51,1,52
86307400,51,1,52
91632753,51,0,51
91670958,51,37,88
92811795,51,0,51
98722292,51,1,52
100369974,51,0,51
105392971,51,4,55
124444346,51,0,51
129574817,51,2,53
130727278,51,0,51
131952828,51,0,51
133971844,51,5,56
134971995,51,290,341
135910855,51,6,57
136960509,51,3,54
149307364,51,2,53
149318455,51,3,54
163269552,51,3,54
189225689,51,1,52
196621716,51,4,55
204997855,51,2,53
215062076,51,5,56
235337115,51,2,53
236973242,51,1,52
237122922,51,0,51
247036262,51,7,58
256183929,51,2,53
259945285,51,2,53
260042196,51,1,52
260383000,51,1,52
260383081,51,1,52
269003820,51,1,52
295309894,51,0,51
307084615,51,0,51
321775337,51,0,51
326448522,51,5,56
333710553,51,1,52
345993851,51,0,51
349049168,51,0,51
350317017,51,5,56
353730821,51,0,51
357528866,51,5,56
376872093,51,0,51
382463251,51,0,51
394105182,51,2,53
403647191,51,2,53
405941674,51,1,52
421991445,51,1,52
452381206,51,6,57
455571514,51,1,52
476995113,51,1,52
479959373,51,5,56
491046083,51,5,56
513353300,51,1,52
531659443,51,8,59
533666781,51,2,53
539319170,51,2,53
540323881,51,1,52
542400979,51,34,85
550666618,51,1,52
582352257,51,1,52
588192356,51,0,51
608703299,51,2,53
609374869,51,1,52
611024226,51,0,51
612057704,51,295,346
627586031,51,1,52
633316772,51,5,56
711267839,51,0,51
725009083,51,3,54
733249254,51,3,54
733538970,51,1,52
754193946,51,4,55
781640155,51,4,55
800445865,51,2,53
805092764,51,4,55
816672978,51,0,51
831864182,51,6,57
845913200,51,3,54
863844014,51,1,52
867253105,51,0,51
874747686,51,1,52
876647100,51,4,55
898904244,51,5,56
906803460,51,1,52
916888770,51,1,52
961359030,51,1,52
964690014,51,3,54
981235849,51,7,58
987590311,51,4,55
1071448806,51,2,53
1071986694,51,2,53
1123684867,51,0,51
1192597950,51,3,54
1205010060,51,0,51
1258109052,51,1,52
1281657223,51,3,54
1301311892,51,6,57
1397421727,51,29,80
1497052566,51,0,51
1549873879,51,1,52
1646839651,51,2,53
1719419203,51,1,52
1894836588,51,0,51
2179158133,51,0,51
2189192926,51,0,51
2189492365,51,3,54
2263215584,51,0,51
2312614170,51,1,52
2322274290,51,5,56
2326394664,51,2,53
2329525919,51,0,51
2341458348,51,25,76
2342356352,51,2,53
2395817496,51,1,52
2409702013,51,6,57
2467652244,51,0,51
2472987812,51,5,56
2479950588,51,2,53
2492306720,51,11,62
2497451660,51,2,53
2583388820,51,2,53
2638096810,51,1,52
2674005546,51,1,52
2765129810,51,0,51
2806394569,51,3,54
2807499635,51,1,52
2863719031,51,0,51
2871588796,51,3,54
2874373584,51,3,54
2883653546,51,1,52
2885081908,51,0,51
2910763666,51,0,51
2975906151,51,0,51
2999169044,51,5,56
3001595159,51,0,51
3061240205,51,0,51
3124412854,51,2,53
3153713868,51,1,52
3190936736,51,11,62
3225611708,51,1,52
3229908828,51,1,52
3305231980,51,6,57
3306337579,51,0,51
3366405443,51,0,51
3373355601,51,1,52
3407362587,51,1,52
3408074705,51,3,54
3447154283,51,9,60
3494008336,51,6,57
3611318788,51,6,57
3722111236,51,5,56
3729349215,51,0,51
3775944373,51,1,52
3872635293,51,2,53
3951303628,51,0,51
3983315893,51,0,51
4041137254,51,0,51
4227599543,51,0,51
4454921664,51,41,92
4457479999,51,0,51
4479094273,51,1,52
4551477141,51,1,52
4582019741,51,0,51
4629672376,51,0,51
4639100177,51,4,55
4690759914,51,2,53
4842309661,51,0,51
4852249359,51,1,52
4860570419,51,3,54
4876462094,51,2,53
4899354976,51,3,54
699276523354857472,51,0,51
705815844639510528,51,1,52
705936590204510208,51,3,54
709690251422404608,51,2,53
710581544864231424,51,0,51
713317918344224768,51,0,51
717245755862491137,51,7,58
721780311202390017,51,4,55
723231998534422532,51,0,51
723665567912202241,51,2,53
728427437336367104,51,3,54
730702539243413504,51,0,51
733093128081661954,51,4,55
736707178535358466,51,10,61
737506416710160384,51,2,53
737852458865659904,51,2,53
739960384573046784,51,1,52
744692008468480001,51,1,52
745086276844527617,51,2,53
746051954875502592,51,0,51
746473869293330432,51,7,58
754017231974068225,51,1,52
754691589583335425,51,0,51
755044092904476672,51,2,53
755428505639383040,51,8,59
755779843434745858,51,8,59
756873856099323905,51,6,57
756897157807038464,51,3,54
758089361829273601,51,0,51
758480522263793664,51,5,56
761145735798722560,51,1,52
763691654050185216,51,0,51
768999492964102144,51,0,51
772849841261150208,51,2,53
773663429307564032,51,1,52
774016030859468800,51,0,51
774685073631219712,51,8,59
779974886085136384,51,0,51
782602320769011713,51,4,55
782631842310520832,51,5,56
783258449945780224,51,3,54
784041086033489920,51,0,51
786198604792946688,51,1,52
787094440129073152,51,1,52
788413577237495808,51,1,52
795738730493460480,51,1,52
12818342,50,2,52
16892534,50,148,198
17547456,50,3,53
18813074,50,5,55
19637012,50,3,53
20878297,50,1,51
22367546,50,0,50
22375287,50,3,53
22789029,50,0,50
22819438,50,0,50
26459660,50,6,56
28796543,50,3,53
30509664,50,12,62
31603691,50,2,52
32240593,50,2,52
32557077,50,1,51
33383074,50,2,52
33786168,50,3,53
33915872,50,1,51
35298962,50,7,57
35899140,50,1,51
36703948,50,1,51
38489121,50,7,57
38756029,50,3,53
38908846,50,0,50
40548350,50,0,50
41747308,50,0,50
42283761,50,0,50
42560167,50,0,50
46441019,50,2,52
48438556,50,88,138
49394235,50,2,52
49465966,50,0,50
56447274,50,0,50
57256424,50,2,52
64676384,50,0,50
66240525,50,3,53
71613350,50,0,50
74529892,50,5,55
76938950,50,14,64
77135297,50,4,54
77142080,50,17,67
84135023,50,7,57
85107516,50,4,54
107033885,50,8,58
111853432,50,1,51
123735338,50,4,54
127364292,50,1,51
135258477,50,0,50
138107759,50,3,53
150653567,50,4,54
157551593,50,0,50
161485260,50,10,60
176564327,50,1,51
185540455,50,5,55
197499997,50,0,50
201185778,50,2,52
204099617,50,2,52
215176618,50,1,51
218351169,50,1,51
219815857,50,7,57
219878231,50,1,51
225356039,50,1,51
233385720,50,0,50
241592876,50,2,52
246351909,50,1,51
248379643,50,2,52
255224112,50,0,50
255359266,50,8,58
255665581,50,105,155
259262340,50,1,51
259489745,50,2,52
265011368,50,2,52
265413645,50,6,56
269902419,50,2,52
271269713,50,2,52
276389757,50,3,53
288333829,50,0,50
314737410,50,0,50
344349680,50,1,51
370392790,50,2,52
378175619,50,4,54
394231278,50,1,51
408131186,50,1,51
411194431,50,1,51
411821389,50,1,51
425369804,50,2,52
445895973,50,1,51
446984396,50,0,50
496139135,50,1,51
500162899,50,0,50
531598877,50,12,62
538588302,50,1,51
538725244,50,4,54
540903074,50,3,53
542047708,50,3,53
550532755,50,2,52
564710013,50,0,50
603074585,50,0,50
636745764,50,2,52
703994049,50,3,53
788289768,50,5,55
789599245,50,2,52
805559731,50,1,51
807446946,50,1,51
808005985,50,0,50
835577814,50,0,50
845158560,50,0,50
860729216,50,1,51
860807707,50,49,99
880198566,50,2,52
883607587,50,2,52
885433602,50,1,51
885687068,50,5,55
885701209,50,4,54
913483350,50,0,50
920219473,50,3,53
921573337,50,2,52
935649138,50,3,53
963965377,50,1,51
985914938,50,1,51
1048774327,50,5,55
1053690662,50,46,96
1076547972,50,3,53
1094450082,50,0,50
1100096204,50,2,52
1113812390,50,0,50
1142469860,50,0,50
1164224114,50,40,90
1263033402,50,7,57
1288273394,50,5,55
1457746567,50,2,52
1514355565,50,1,51
1539063318,50,6,56
1552235011,50,0,50
1563786553,50,0,50
1564167697,50,8,58
1733420300,50,0,50
1884527750,50,1,51
1886667756,50,7,57
1902213510,50,1,51
1951406928,50,8,58
1959687049,50,1,51
2164634731,50,0,50
2193522804,50,1,51
2208817489,50,0,50
2218006742,50,1,51
2249754560,50,0,50
2275392128,50,1,51
2284514707,50,69,119
2288500874,50,0,50
2334290731,50,1,51
2402465994,50,1,51
2420888429,50,3,53
2471529011,50,0,50
2497564429,50,1,51
2516811990,50,2,52
2547715294,50,2,52
2565303782,50,6,56
2574001358,50,4,54
2586109003,50,0,50
2592410190,50,23,73
2739946522,50,2,52
2772932936,50,0,50
2778186092,50,1,51
2784713974,50,2,52
2804447746,50,0,50
2855861355,50,1,51
2871435374,50,2,52
2897136909,50,65,115
2910369714,50,13,63
3018712512,50,1,51
3025766500,50,4,54
3027590737,50,2,52
3047524458,50,1,51
3050356892,50,1,51
3085537886,50,2,52
3100198479,50,1,51
3100878287,50,0,50
3170548810,50,2,52
3195389591,50,1,51
3207820942,50,1,51
3226368062,50,12,62
3279548570,50,1,51
3284862317,50,1,51
3293118434,50,6,56
3299906202,50,3,53
3310799010,50,0,50
3400679703,50,2,52
3405669239,50,6,56
3421615450,50,0,50
3424241752,50,0,50
3433744403,50,4,54
3441165682,50,2,52
3477161654,50,0,50
3615838583,50,0,50
3785543056,50,1,51
3844149733,50,0,50
3880803920,50,0,50
3906984673,50,1,51
3961519173,50,6,56
3996960501,50,0,50
4031486674,50,1,51
4242995295,50,2,52
4247959813,50,3,53
4313704880,50,2,52
4485831863,50,2,52
4501660992,50,1,51
4551433697,50,3,53
4659654224,50,3,53
4702628401,50,0,50
4736046826,50,0,50
4761415980,50,2,52
4798482944,50,4,54
4808501420,50,2,52
4817802313,50,0,50
4835275677,50,0,50
4852880947,50,0,50
4861243801,50,1,51
4875923319,50,2,52
701466020704288773,50,2,52
705173135998459904,50,1,51
708024933264318464,50,3,53
708468714488860672,50,4,54
709086771548704769,50,3,53
709493100356329472,50,5,55
710296989313994752,50,0,50
710544079931572224,50,0,50
710616972178759680,50,53,103
714154785595854848,50,1,51
718028555234492418,50,0,50
718030016043466753,50,0,50
718823260725645314,50,2,52
721729851120431110,50,0,50
722791121085005825,50,4,54
724386879924277249,50,2,52
726066162228830212,50,0,50
728710508019253248,50,3,53
729120041795395584,50,3,53
729822791747444737,50,2,52
729858247297900544,50,8,58
729969215864627200,50,0,50
731238209397497856,50,3,53
731853484308475904,50,1,51
732736514006753280,50,3,53
737871390045548544,50,1,51
738902155675869184,50,1,51
739217267104309248,50,1,51
740147001699012608,50,9,59
743204508994412544,50,0,50
745045128713224192,50,1,51
751155918163828741,50,0,50
753596533417926656,50,0,50
754007695129251841,50,0,50
755267759982784512,50,4,54
756544143690563585,50,0,50
756546724215283713,50,1,51
756926979300028416,50,4,54
758276525649195008,50,1,51
758473906369900544,50,3,53
758658550939942913,50,2,52
758771805116964869,50,2,52
759139144949833728,50,0,50
759224582003888128,50,7,57
760003312653512704,50,2,52
760263090503950336,50,3,53
760332710393020416,50,4,54
761252506836013056,50,0,50
761571301341339648,50,2,52
764121267104583680,50,2,52
766653003940163584,50,0,50
766735508865032192,50,0,50
776607439307157504,50,2,52
778318997511077888,50,0,50
780635769513717760,50,0,50
780840467277549568,50,4,54
784984271102418946,50,2,52
788218286559199232,50,4,54
788320016890523648,50,0,50
789299173782806528,50,0,50
792382844731437056,50,0,50
7445952,49,0,49
15385236,49,0,49
15487981,49,0,49
15852085,49,6,55
16081601,49,3,52
16857735,49,3,52
17859082,49,3,52
17901142,49,0,49
17955431,49,1,50
18102864,49,5,54
18220885,49,12,61
18536009,49,1,50
18786099,49,7,56
19264063,49,5,54
19423796,49,1,50
21690687,49,50,99
22439159,49,10,59
22455409,49,0,49
23039009,49,0,49
23730301,49,2,51
23795703,49,1,50
26558549,49,0,49
27268424,49,7,56
27600955,49,5,54
28614127,49,1,50
28639060,49,0,49
29522778,49,2,51
29558389,49,2,51
29611404,49,0,49
29689510,49,0,49
30989204,49,0,49
32824532,49,2,51
36640129,49,2,51
36644183,49,4,53
38093586,49,2,51
38297733,49,0,49
41468232,49,4,53
51630042,49,1,50
53745076,49,3,52
54258469,49,2,51
55676803,49,3,52
55962332,49,3,52
56929691,49,1,50
59319365,49,3,52
61374952,49,2,51
61577412,49,0,49
62006607,49,5,54
63212108,49,2,51
66739501,49,0,49
67052442,49,6,55
70751132,49,4,53
110476398,49,0,49
115195884,49,2,51
124297037,49,0,49
131551379,49,1,50
133259087,49,5,54
133487623,49,1,50
139755815,49,1,50
150063841,49,1,50
156637745,49,0,49
162555684,49,3,52
168385910,49,1,50
191536966,49,0,49
195939956,49,7,56
201270123,49,1,50
215179218,49,1,50
215666915,49,0,49
226723035,49,1,50
233735418,49,0,49
249925176,49,0,49
250443584,49,0,49
252729058,49,2,51
255287771,49,1,50
256481089,49,4,53
259552138,49,4,53
259932636,49,2,51
259953451,49,0,49
261207256,49,5,54
268148729,49,0,49
269954817,49,0,49
305821954,49,1,50
308750887,49,75,124
314676814,49,5,54
339821379,49,0,49
344362966,49,1,50
348518906,49,1,50
364582849,49,0,49
366819502,49,2,51
385118433,49,0,49
394817605,49,0,49
425496140,49,0,49
446755818,49,1,50
456330615,49,5,54
466157580,49,3,52
467723007,49,2,51
467755427,49,3,52
473523572,49,1,50
499800496,49,11,60
531497189,49,5,54
533712421,49,4,53
544886223,49,1,50
552362937,49,5,54
587456579,49,3,52
594870096,49,4,53
603327736,49,4,53
604614336,49,1,50
614498529,49,0,49
631398702,49,1,50
709040768,49,1,50
710174464,49,7,56
755547306,49,5,54
756260832,49,13,62
794368208,49,5,54
800478360,49,0,49
823164444,49,0,49
867336522,49,3,52
936712939,49,2,51
936935353,49,6,55
966347094,49,0,49
980692004,49,4,53
1018422037,49,7,56
1026539424,49,0,49
1035376896,49,0,49
1037823200,49,6,55
1057645927,49,5,54
1147276890,49,3,52
1161604928,49,1,50
1197450984,49,1,50
1241482806,49,0,49
1247454686,49,3,52
1257841076,49,0,49
1284984632,49,6,55
1316308776,49,0,49
1322744570,49,1,50
1345577744,49,10,59
1355273383,49,0,49
1496968250,49,0,49
1601058601,49,1,50
1618559449,49,0,49
1621208437,49,0,49
1642971589,49,1,50
1655493013,49,3,52
1668756914,49,3,52
1844541786,49,2,51
1904362783,49,6,55
1961363053,49,0,49
1978934762,49,4,53
2171626666,49,1,50
2193065825,49,1,50
2229626686,49,2,51
2234925522,49,0,49
2255091123,49,0,49
2260671804,49,0,49
2272154708,49,0,49
2308719945,49,4,53
2315937240,49,4,53
2351423275,49,1,50
2364498854,49,1,50
2377159574,49,0,49
2384630372,49,0,49
2402021480,49,1,50
2404897406,49,4,53
2415253009,49,0,49
2431062566,49,2,51
2437505664,49,2,51
2442980549,49,1,50
2475818118,49,2,51
2516648145,49,1,50
2614244476,49,1,50
2632792360,49,0,49
2654754882,49,0,49
2679788407,49,11,60
2750405587,49,4,53
2758364275,49,0,49
2816364947,49,21,70
2833233158,49,0,49
2837304870,49,0,49
2901033340,49,2,51
2903168068,49,0,49
2905249815,49,1,50
2914539832,49,0,49
2931498373,49,0,49
2972417742,49,0,49
3039975060,49,8,57
3080842813,49,2,51
3082159592,49,1,50
3087493799,49,3,52
3105393939,49,3,52
3191493157,49,4,53
3197854454,49,0,49
3226951291,49,12,61
3266123786,49,4,53
3280229443,49,10,59
3306514502,49,4,53
3310078298,49,2,51
3311054952,49,3,52
3367831959,49,4,53
3375202551,49,4,53
3420965393,49,5,54
3431974692,49,10,59
3487606421,49,0,49
3642738076,49,1,50
3701456237,49,1,50
3711852739,49,16,65
3730737375,49,1,50
3826785916,49,3,52
3842388994,49,1,50
3899901209,49,0,49
3951040096,49,1,50
3951682217,49,5,54
3992759129,49,0,49
4317051556,49,6,55
4328529973,49,2,51
4330061833,49,2,51
4479963690,49,1,50
4499266994,49,1,50
4681341252,49,2,51
4808474910,49,3,52
4916082367,49,0,49
4917059115,49,4,53
703655442681999361,49,2,51
704061400960933889,49,0,49
705060931487686656,49,6,55
705281954170556417,49,3,52
705548001255800833,49,0,49
707383117510672384,49,0,49
707771294024994818,49,2,51
709722550058795009,49,2,51
711023912365068288,49,8,57
711232777774112768,49,0,49
712666058335715329,49,1,50
714643054993350656,49,0,49
716004945628151809,49,18,67
719904229343817728,49,4,53
719939067136385024,49,0,49
722252957564084224,49,2,51
723177563099533312,49,3,52
725121719539736578,49,2,51
726089858607894529,49,48,97
732586320724250624,49,0,49
732702202372841472,49,2,51
742072664957669379,49,2,51
745789778885550080,49,0,49
747407830836088832,49,4,53
752052047948746752,49,0,49
756255958481903618,49,2,51
756339959141900288,49,3,52
757482753247973376,49,5,54
757993419792875520,49,3,52
758116173154230272,49,3,52
758804186150477825,49,0,49
759051618625032193,49,1,50
762341141769433088,49,0,49
767171236598206464,49,3,52
771447660062445568,49,0,49
772072088697991168,49,0,49
775558437220474881,49,1,50
777231806814838784,49,0,49
778299238979473408,49,4,53
782012440191959040,49,0,49
782606707113373697,49,0,49
782818901755174912,49,3,52
784607319208460288,49,3,52
784817181477470208,49,12,61
786364356296527872,49,2,51
786814848269164544,49,2,51
787636486971817986,49,3,52
788170801270755329,49,0,49
789576425745453056,49,2,51
790738424806244352,49,0,49
792803253406822400,49,0,49
793965968653324288,49,2,51
797608852665446400,49,1,50
3385951,48,3,51
7080552,48,18,66
12365662,48,0,48
14136963,48,1,49
15081557,48,0,48
16458168,48,3,51
16495008,48,5,53
16696943,48,1,49
17164665,48,10,58
17896573,48,14,62
18261890,48,6,54
18498934,48,0,48
18843752,48,45,93
19040876,48,12,60
19470319,48,0,48
19716616,48,2,50
19790638,48,1,49
19873638,48,0,48
20998770,48,6,54
21089652,48,3,51
21604812,48,6,54
22407212,48,1,49
23329582,48,2,50
23701438,48,1,49
23808467,48,2,50
25464516,48,3,51
25689113,48,5,53
32785658,48,1,49
32812229,48,0,48
36459231,48,10,58
39206452,48,2,50
39733598,48,1,49
41421828,48,3,51
43702019,48,7,55
45265619,48,3,51
45439376,48,1,49
45838753,48,2,50
51623734,48,0,48
51768925,48,0,48
54756393,48,0,48
67813165,48,7,55
68254271,48,3,51
69256645,48,2,50
83701522,48,1,49
83944053,48,0,48
87375704,48,8,56
102824312,48,10,58
114133182,48,4,52
114475732,48,0,48
117190373,48,0,48
118080620,48,0,48
126977940,48,1,49
127296243,48,0,48
127499705,48,14,62
135932635,48,2,50
138536728,48,2,50
148830421,48,7,55
160348847,48,28,76
160633170,48,0,48
167621823,48,2,50
172157075,48,0,48
182109473,48,0,48
188035916,48,1,49
188743698,48,0,48
189142311,48,0,48
202324598,48,1,49
203457520,48,1,49
205825760,48,1,49
216918505,48,1,49
220556120,48,5,53
225547122,48,0,48
228525788,48,0,48
234920973,48,2,50
238103184,48,0,48
238790896,48,3,51
240413628,48,5,53
241266878,48,15,63
241583424,48,3,51
253397577,48,0,48
253736558,48,0,48
256585910,48,0,48
266193138,48,4,52
267538236,48,12,60
268430514,48,2,50
271172870,48,7,55
276585326,48,3,51
278601154,48,0,48
281667926,48,4,52
290136204,48,1,49
301232050,48,0,48
301656286,48,6,54
303791619,48,0,48
311642750,48,7,55
322876261,48,105,153
324793493,48,6,54
326461699,48,5,53
332101950,48,1,49
339211496,48,3,51
340551401,48,1,49
341152802,48,2,50
343663197,48,3,51
344069721,48,0,48
344437638,48,4,52
347434721,48,3,51
360433657,48,0,48
369318439,48,8,56
372547727,48,7,55
373041469,48,3,51
375088757,48,4,52
388493964,48,1,49
403992815,48,4,52
405573630,48,0,48
408084708,48,1,49
411346195,48,3,51
426647320,48,1,49
456137896,48,1,49
464281451,48,2,50
465968476,48,0,48
469124398,48,1,49
485000277,48,2,50
485317023,48,5,53
488803791,48,3,51
498251000,48,0,48
503494582,48,2,50
520602508,48,12,60
525641764,48,2,50
528887033,48,2,50
531487443,48,1,49
533298876,48,0,48
538370777,48,10,58
542181157,48,8,56
563738669,48,3,51
581419617,48,0,48
594186569,48,1,49
597449483,48,0,48
629811812,48,0,48
714508458,48,3,51
741779779,48,0,48
741835819,48,1,49
743901649,48,2,50
786099570,48,1,49
801548203,48,0,48
841519644,48,4,52
870650388,48,1,49
873780536,48,18,66
885871045,48,3,51
904498346,48,0,48
907376150,48,95,143
937475790,48,0,48
968160950,48,3,51
976840800,48,1,49
1005944970,48,2,50
1054698314,48,1,49
1062399590,48,1,49
1113219986,48,0,48
1181554514,48,0,48
1193780617,48,0,48
1264718888,48,1,49
1267948406,48,3,51
1283444665,48,1,49
1283962532,48,3,51
1318501536,48,2,50
1345035674,48,5,53
1345758930,48,1,49
1370920754,48,1,49
1384985540,48,1,49
1491562196,48,4,52
1499988313,48,0,48
1533617113,48,0,48
1689920359,48,1,49
1725530989,48,2,50
1859188802,48,1,49
1896329528,48,2,50
1902990565,48,2,50
1917430519,48,0,48
1928171965,48,3,51
1961684689,48,8,56
2188675351,48,0,48
2218418312,48,6,54
2278340414,48,3,51
2279480828,48,0,48
2316186648,48,1,49
2391939410,48,19,67
2396566723,48,2,50
2438854128,48,0,48
2488997646,48,2,50
2530338060,48,0,48
2541458987,48,0,48
2605979677,48,3,51
2608484690,48,2,50
2723392119,48,6,54
2729691812,48,3,51
2740963884,48,0,48
2756122461,48,0,48
2762329544,48,1,49
2774344453,48,10,58
2806659268,48,1,49
2809562311,48,2,50
2847499691,48,1,49
2903789200,48,1,49
2947289345,48,0,48
2953990040,48,1,49
2969016113,48,1,49
2993941393,48,0,48
3018352461,48,0,48
3066923126,48,0,48
3069031028,48,0,48
3086944401,48,2,50
3098579870,48,4,52
3150800516,48,3,51
3201406413,48,1,49
3238287192,48,3,51
3239410373,48,0,48
3245064082,48,0,48
3259181138,48,7,55
3271939207,48,5,53
3277495507,48,2,50
3288416890,48,3,51
3297008537,48,3,51
3309140282,48,2,50
3311241707,48,2,50
3342957033,48,0,48
3352999153,48,3,51
3353868645,48,3,51
3406532356,48,6,54
3428604087,48,3,51
3538586536,48,5,53
3578308875,48,0,48
3766303583,48,1,49
3777551895,48,0,48
3853490176,48,14,62
3884988372,48,3,51
3947278757,48,2,50
3957056895,48,0,48
3979350321,48,2,50
3987670581,48,3,51
4072455314,48,4,52
4190648303,48,5,53
4420881087,48,1,49
4429461077,48,1,49
4436237532,48,3,51
4499094387,48,5,53
4505583393,48,1,49
4603626500,48,1,49
4645471333,48,1,49
4684584608,48,0,48
4704062288,48,0,48
4744226312,48,1,49
4857510065,48,0,48
4860406902,48,2,50
4884088424,48,7,55
4916609161,48,1,49
4919996619,48,2,50
701661430978891776,48,3,51
701904890809810944,48,8,56
704448035300859904,48,2,50
705362883945697280,48,1,49
705447324831453186,48,4,52
705710387581181952,48,1,49
705770005636321280,48,1,49
707627657182244864,48,1,49
707649421341827073,48,1,49
708230888744570882,48,2,50
710879893584654336,48,4,52
711474191808106496,48,1,49
711895741757845504,48,1,49
713426483566522370,48,39,87
713458899790204928,48,0,48
715349560491520000,48,7,55
715976478643458048,48,3,51
721721504254279681,48,0,48
723987935947792384,48,2,50
726020282536853504,48,12,60
727562579824902144,48,5,53
728354872454582272,48,1,49
736413606930059264,48,3,51
739620116967477248,48,2,50
739892025718247424,48,0,48
741075726154235904,48,1,49
742425115124629504,48,1,49
742688584805810176,48,0,48
744512044725116928,48,2,50
745596884203495424,48,1,49
747050570838642688,48,0,48
750042359442780161,48,5,53
750561204905672704,48,1,49
754111587003228160,48,0,48
754115413034737664,48,2,50
754684431340822529,48,2,50
756586905802776576,48,0,48
758468774769164288,48,4,52
759110604456095746,48,4,52
760619229003612160,48,0,48
761457242965053440,48,0,48
761991004786483200,48,1,49
766467086172512256,48,2,50
767113287225999360,48,16,64
771127026711457792,48,1,49
776894363217649664,48,2,50
777293077077594112,48,0,48
780646301310398464,48,0,48
783106049394020352,48,4,52
784560732834828288,48,1,49
785685594131210240,48,1,49
787461589779812352,48,1,49
792849663552581633,48,1,49
794265973935243265,48,0,48
3555091,47,4,51
6124022,47,1,48
15251062,47,0,47
15501473,47,2,49
17953041,47,2,49
19288813,47,3,50
20073498,47,0,47
20668255,47,4,51
23247155,47,0,47
23299665,47,2,49
23855955,47,4,51
26107813,47,0,47
26331079,47,0,47
27426002,47,2,49
27933342,47,0,47
28252034,47,2,49
28279013,47,1,48
28565796,47,3,50
28586814,47,2,49
29888553,47,2,49
32604463,47,0,47
32921811,47,0,47
33219626,47,3,50
36538396,47,37,84
37038925,47,0,47
37911318,47,3,50
38412432,47,10,57
38493206,47,90,137
38976390,47,6,53
39327538,47,3,50
39606118,47,92,139
44277024,47,6,53
46315077,47,4,51
46746326,47,4,51
48227953,47,0,47
50258410,47,1,48
51473527,47,5,52
54052856,47,0,47
59875712,47,0,47
60618660,47,3,50
63357527,47,7,54
64219311,47,4,51
64580621,47,2,49
66736020,47,3,50
70405961,47,0,47
75104538,47,4,51
79175176,47,0,47
80313338,47,0,47
85386747,47,0,47
87562484,47,4,51
89746479,47,0,47
91476949,47,0,47
111466072,47,12,59
119788492,47,4,51
123804092,47,1,48
124557619,47,8,55
151622477,47,8,55
163995099,47,3,50
201879622,47,0,47
214924517,47,0,47
217285732,47,2,49
223322764,47,0,47
243464401,47,3,50
246464087,47,3,50
248390271,47,2,49
253997764,47,4,51
264478251,47,1,48
272383381,47,0,47
293321174,47,3,50
299220494,47,96,143
302705113,47,0,47
304432374,47,1,48
305312541,47,0,47
315817464,47,0,47
319989267,47,7,54
322266894,47,1,48
337976546,47,0,47
344530080,47,1,48
346238506,47,1,48
353617415,47,3,50
364271170,47,0,47
366717113,47,7,54
369721618,47,1,48
374712154,47,0,47
392479429,47,0,47
406439640,47,1,48
416690465,47,0,47
430952981,47,3,50
431102563,47,1,48
431198790,47,1,48
448160125,47,0,47
460235751,47,4,51
471456089,47,0,47
474178244,47,6,53
495288236,47,11,58
504914912,47,9,56
505612937,47,0,47
511525987,47,1,48
516881774,47,5,52
520024817,47,0,47
522586459,47,1,48
525590041,47,3,50
531875458,47,4,51
577553459,47,3,50
588475097,47,1,48
588676346,47,1,48
594030059,47,5,52
616871283,47,8,55
630128485,47,2,49
727132566,47,7,54
774638658,47,2,49
785849148,47,5,52
800830567,47,3,50
830296058,47,0,47
874612346,47,2,49
898154778,47,2,49
949049732,47,1,48
957646411,47,0,47
965122116,47,5,52
985456944,47,0,47
987680096,47,1,48
1019050309,47,1,48
1036513381,47,0,47
1069289803,47,3,50
1174762118,47,5,52
1190898636,47,1,48
1247491603,47,6,53
1367363419,47,1,48
1442284158,47,1,48
1531025130,47,6,53
1613510059,47,5,52
1667871283,47,9,56
1685704016,47,2,49
1688723334,47,0,47
1689677240,47,6,53
1917852378,47,3,50
1933427017,47,1,48
1938242809,47,0,47
1942092877,47,0,47
2156546366,47,1,48
2172274432,47,13,60
2193668930,47,1,48
2241671448,47,2,49
2243563716,47,2,49
2261926237,47,0,47
2268321580,47,1,48
2294996064,47,0,47
2304030557,47,0,47
2306455197,47,0,47
2315679386,47,2,49
2401226713,47,2,49
2413643408,47,9,56
2466946866,47,1,48
2471573202,47,1,48
2571006433,47,2,49
2585231318,47,1,48
2588059406,47,0,47
2632281735,47,0,47
2753190737,47,0,47
2758568315,47,3,50
2792749508,47,8,55
2840811923,47,3,50
2853379369,47,1,48
2867910136,47,0,47
2880211960,47,3,50
2882182229,47,1,48
2883458831,47,0,47
2889350176,47,6,53
2890424216,47,3,50
2891525041,47,1,48
2893781806,47,1,48
2916833592,47,2,49
2974905669,47,0,47
2980643273,47,0,47
2981105207,47,1,48
2996456926,47,1,48
3023037872,47,3,50
3023370077,47,1,48
3046840980,47,12,59
3064008829,47,2,49
3073486407,47,5,52
3124317363,47,0,47
3141841122,47,1,48
3151825386,47,1,48
3183970359,47,0,47
3241392321,47,0,47
3293378033,47,4,51
3300592908,47,0,47
3305807583,47,0,47
3308560736,47,4,51
3308943338,47,0,47
3311859836,47,1,48
3333300262,47,4,51
3352666880,47,1,48
3400214957,47,2,49
3428565077,47,0,47
3514746562,47,1,48
3589745233,47,8,55
3686322733,47,4,51
3797194522,47,4,51
4001155055,47,1,48
4065467391,47,5,52
4104163753,47,2,49
4183454412,47,5,52
4220703903,47,0,47
4356572423,47,2,49
4505848156,47,0,47
4518641069,47,2,49
4561771266,47,1,48
4605549200,47,1,48
4613327727,47,0,47
4628073860,47,2,49
4634229331,47,2,49
4644743654,47,0,47
4769880336,47,3,50
4809282252,47,3,50
4828389530,47,0,47
4828548009,47,0,47
4839872717,47,1,48
4854732196,47,13,60
4855691473,47,0,47
4874584312,47,3,50
4886053419,47,6,53
701191479654481923,47,0,47
701613078878806016,47,0,47
703803520869269504,47,2,49
704045759235289088,47,0,47
705051811376406528,47,5,52
705053571855880193,47,0,47
705443933199814656,47,3,50
705517289320423426,47,6,53
706805494908743680,47,1,48
708276033389268993,47,1,48
711720038193999872,47,1,48
711902195914899456,47,1,48
713432968224763904,47,6,53
713895213337559041,47,2,49
716485050145964033,47,3,50
716606543563726848,47,0,47
717468384015859712,47,50,97
718114773297049600,47,0,47
724312332080271361,47,1,48
725052846400520193,47,2,49
728650543510519808,47,1,48
731394599952908288,47,1,48
733505984782467073,47,5,52
733635404826435585,47,4,51
734334239185965057,47,1,48
739852455739957253,47,3,50
739934222836768768,47,7,54
740927718653583361,47,3,50
741052907718610944,47,2,49
745328366245449728,47,15,62
747278641730625536,47,4,51
753594430330900481,47,5,52
753603887307759616,47,0,47
753933982077710336,47,4,51
756062753207398400,47,0,47
758353695331356672,47,2,49
759304595805839360,47,1,48
760010266251780096,47,1,48
760086515057688580,47,2,49
760229667353788416,47,22,69
760558374870220800,47,1,48
764915105742151680,47,2,49
765184420961722368,47,0,47
766133289975414784,47,3,50
768275668937412608,47,1,48
768945650461310976,47,1,48
770710228996423680,47,5,52
773030309377953792,47,2,49
776241198642171905,47,5,52
776591471768133632,47,0,47
780513055646056448,47,0,47
784399151891095552,47,1,48
786314876176261121,47,1,48
788089617702608896,47,1,48
806836993246302208,47,0,47
15430971,46,1,47
15997821,46,1,47
16321455,46,0,46
16476840,46,5,51
16488155,46,0,46
17196238,46,1,47
17591448,46,7,53
17686264,46,2,48
17738807,46,0,46
18175352,46,0,46
18296251,46,5,51
18426969,46,2,48
19448716,46,0,46
19788053,46,3,49
20534114,46,2,48
22846618,46,66,112
23476830,46,1,47
23485848,46,1,47
26446148,46,2,48
27389866,46,0,46
29493358,46,5,51
31667040,46,0,46
32921077,46,161,207
34637312,46,2,48
35655149,46,1,47
36345774,46,6,52
37263055,46,0,46
38277184,46,0,46
38896608,46,7,53
40227122,46,6,52
42433492,46,5,51
44213548,46,2,48
46705928,46,3,49
48922832,46,1,47
49667824,46,0,46
53290939,46,2,48
55227849,46,0,46
57054950,46,0,46
60306758,46,1,47
61015562,46,4,50
62074831,46,2,48
62891290,46,1,47
63003206,46,4,50
63860918,46,8,54
66686131,46,57,103
67883291,46,6,52
77327887,46,0,46
77888292,46,6,52
79590214,46,1,47
83711992,46,3,49
88802656,46,1,47
91002295,46,1,47
94172234,46,5,51
104576154,46,7,53
125793686,46,2,48
139631790,46,1,47
142015635,46,6,52
154969490,46,1,47
155599665,46,2,48
163563071,46,1,47
169208324,46,2,48
172437103,46,2,48
179786005,46,0,46
181196634,46,0,46
185136724,46,1,47
188855808,46,1,47
189244866,46,5,51
191005840,46,0,46
195435902,46,2,48
198320543,46,0,46
203104573,46,1,47
210766152,46,8,54
212414025,46,1,47
216194646,46,13,59
218318227,46,4,50
224334872,46,3,49
227515490,46,0,46
251869750,46,7,53
252212790,46,2,48
255645890,46,3,49
274218971,46,1,47
279872903,46,1,47
283218964,46,6,52
283666442,46,0,46
291513648,46,0,46
291836843,46,0,46
297369350,46,2,48
300313868,46,1,47
315073177,46,3,49
317497526,46,0,46
320436793,46,3,49
323331530,46,9,55
330671747,46,2,48
334555988,46,5,51
348182875,46,1,47
368522972,46,2,48
368546958,46,1,47
378656067,46,1,47
390504218,46,0,46
391110906,46,1,47
395032876,46,14,60
402851081,46,1,47
414826904,46,1,47
427781006,46,0,46
430749539,46,4,50
433587038,46,5,51
454426781,46,7,53
455005452,46,2,48
459352886,46,0,46
466015719,46,0,46
466135293,46,2,48
466155095,46,1,47
467055846,46,1,47
471860043,46,1,47
472384524,46,2,48
473545254,46,0,46
476071173,46,2,48
476811284,46,41,87
489917221,46,0,46
500805074,46,4,50
505073189,46,5,51
517022181,46,1,47
524349790,46,9,55
526298403,46,4,50
534606191,46,5,51
580332073,46,1,47
589761428,46,3,49
592482577,46,3,49
615931330,46,1,47
718139901,46,10,56
729264391,46,0,46
730216224,46,3,49
751630650,46,1,47
830010780,46,2,48
836653135,46,3,49
858116047,46,4,50
862427270,46,0,46
884657328,46,1,47
910728050,46,3,49
930445050,46,1,47
932642034,46,0,46
950785243,46,0,46
971718576,46,1,47
1040035627,46,0,46
1102400054,46,7,53
1126515734,46,0,46
1183754426,46,6,52
1265597228,46,0,46
1265831268,46,0,46
1278440773,46,0,46
1280895307,46,0,46
1289581219,46,2,48
1340590758,46,2,48
1347984576,46,5,51
1390517288,46,0,46
1398100382,46,24,70
1418994619,46,1,47
1480709586,46,2,48
1546813656,46,1,47
1580758652,46,0,46
1589387894,46,2,48
1602790766,46,2,48
1618273526,46,4,50
1633845685,46,1,47
1689713910,46,2,48
1710652508,46,0,46
1732121486,46,17,63
1833262453,46,1,47
1869855643,46,0,46
1885099627,46,5,51
1909804782,46,1,47
1928561437,46,6,52
2161304592,46,5,51
2163043872,46,2,48
2174951994,46,1,47
2191667112,46,1,47
2211846925,46,0,46
2253809280,46,1,47
2307195656,46,5,51
2315117503,46,3,49
2321127874,46,1,47
2326445461,46,1,47
2366436001,46,2,48
2393225036,46,1,47
2414192196,46,3,49
2440491916,46,0,46
2473688136,46,0,46
2486240888,46,0,46
2496137333,46,2,48
2528938028,46,2,48
2563572732,46,3,49
2578228160,46,1,47
2696359013,46,3,49
2712877389,46,2,48
2769723541,46,0,46
2780767405,46,3,49
2796694542,46,0,46
2881554124,46,11,57
2940073999,46,3,49
2942539763,46,1,47
2955091368,46,1,47
2960728245,46,2,48
2988574833,46,2,48
3006898359,46,0,46
3013278890,46,2,48
3071790234,46,2,48
3115929100,46,5,51
3135644715,46,0,46
3166231758,46,0,46
3188652354,46,2,48
3217074844,46,2,48
3249267995,46,3,49
3294419901,46,0,46
3296515157,46,6,52
3297022953,46,4,50
3344355014,46,4,50
3352346254,46,14,60
3368510943,46,0,46
3374376179,46,2,48
3408800658,46,1,47
3415590485,46,6,52
3439065657,46,0,46
3441318737,46,1,47
3619924812,46,0,46
3643472174,46,1,47
3644789603,46,2,48
3741686833,46,2,48
3884049719,46,1,47
3885497892,46,3,49
3939870857,46,1,47
4140818604,46,1,47
4145327770,46,3,49
4179304881,46,0,46
4270034653,46,24,70
4319043259,46,0,46
4363198276,46,0,46
4378260195,46,0,46
4493811689,46,1,47
4531144214,46,2,48
4634898340,46,0,46
4644515728,46,2,48
4781182130,46,1,47
4810135299,46,4,50
4822750516,46,6,52
4827828404,46,1,47
4839127924,46,2,48
4840914130,46,1,47
4864544880,46,0,46
4895457413,46,0,46
4902931114,46,1,47
4921955894,46,13,59
702685793777680384,46,2,48
705447435229908993,46,2,48
705541526755999744,46,3,49
708861516485758979,46,1,47
709206392406605824,46,5,51
710804522856108032,46,0,46
711215011046105088,46,1,47
711298631765086208,46,3,49
713609371725537281,46,5,51
715043644332511232,46,5,51
721446222549147648,46,13,59
722091171653271552,46,0,46
724256633317109760,46,3,49
726404417881276416,46,0,46
727118720431214592,46,3,49
728350943381704707,46,5,51
732261441802240000,46,0,46
738580093866385408,46,0,46
740751762592833536,46,5,51
742649089171591168,46,1,47
745330351162138624,46,0,46
746221924141793282,46,1,47
748350314894417920,46,1,47
750347587622883328,46,1,47
751841669327097856,46,3,49
754726089906327552,46,5,51
755866213411094532,46,1,47
756531416720998400,46,1,47
757059641218138112,46,1,47
757735890278055936,46,4,50
759201627354128384,46,3,49
760262868751228928,46,1,47
764145946791809025,46,0,46
764656460055793665,46,1,47
766713830462205954,46,3,49
768848067097354240,46,0,46
770057078190768128,46,0,46
774845372371902466,46,2,48
778801597425983488,46,2,48
780627110406742016,46,1,47
781287378770075650,46,5,51
781872208884801536,46,0,46
781933094345539584,46,3,49
782610512936771585,46,3,49
785471573109059588,46,1,47
786977767304925186,46,1,47
791144305251540992,46,0,46
791924806534836224,46,0,46
796938566001688576,46,0,46
804886459480162304,46,2,48
14567400,45,3,48
14974705,45,0,45
15111291,45,1,46
15706904,45,1,46
15896379,45,4,49
16263066,45,0,45
16664309,45,40,85
17352859,45,0,45
17528683,45,13,58
17728675,45,2,47
17915515,45,7,52
17980523,45,1,46
19479214,45,0,45
19583690,45,0,45
21308831,45,1,46
21789896,45,1,46
21972530,45,1,46
24889796,45,0,45
24923433,45,7,52
25100452,45,1,46
25960025,45,1,46
27185109,45,0,45
28352458,45,0,45
28739528,45,2,47
30254642,45,6,51
33551814,45,1,46
34999849,45,3,48
36540441,45,1,46
37093688,45,1,46
38578484,45,4,49
38637761,45,7,52
39010961,45,0,45
44084579,45,0,45
49102516,45,2,47
49181951,45,3,48
49818137,45,0,45
49915511,45,10,55
51073819,45,4,49
51082437,45,0,45
53421449,45,2,47
53724802,45,0,45
54040258,45,2,47
55009905,45,5,50
57200416,45,2,47
57522782,45,1,46
60684098,45,103,148
61329674,45,3,48
61337641,45,7,52
64924719,45,1,46
76803949,45,0,45
81536673,45,1,46
88063821,45,3,48
88296327,45,12,57
93871532,45,2,47
94108148,45,1,46
94132483,45,10,55
118739362,45,3,48
122112256,45,0,45
125300190,45,1,46
130694028,45,2,47
132994627,45,1,46
136119798,45,3,48
138719684,45,0,45
144327967,45,1,46
151120685,45,3,48
159499110,45,0,45
161011007,45,14,59
165934859,45,6,51
168178331,45,0,45
178406304,45,1,46
187832891,45,0,45
202609554,45,5,50
204937893,45,0,45
219913524,45,1,46
226565178,45,1,46
230862357,45,0,45
239517776,45,2,47
241140071,45,0,45
248093449,45,2,47
250196494,45,0,45
250994300,45,1,46
251312302,45,0,45
251754138,45,1,46
253110295,45,1,46
253837061,45,1,46
255756500,45,0,45
255827278,45,158,203
262935830,45,3,48
264037935,45,2,47
267705113,45,0,45
270357687,45,0,45
274110620,45,3,48
274316654,45,0,45
277517310,45,2,47
278886027,45,6,51
285502685,45,0,45
288983232,45,13,58
291423655,45,5,50
292137928,45,0,45
298721341,45,3,48
299500993,45,1,46
303214636,45,0,45
305202222,45,0,45
310304438,45,0,45
319432175,45,4,49
329393228,45,4,49
338527731,45,4,49
339438465,45,1,46
341020028,45,10,55
343334093,45,0,45
349851620,45,0,45
355227643,45,1,46
358545917,45,8,53
370827550,45,2,47
373624354,45,0,45
374227012,45,2,47
377815859,45,1,46
381858912,45,2,47
393619151,45,10,55
415173156,45,0,45
424682418,45,4,49
433707567,45,0,45
443806263,45,3,48
447554226,45,1,46
464384723,45,4,49
468002667,45,1,46
468505984,45,0,45
489950748,45,3,48
495670777,45,6,51
498716177,45,6,51
499225004,45,0,45
506320602,45,4,49
518173036,45,0,45
520063574,45,2,47
528868170,45,0,45
531501670,45,3,48
538695567,45,0,45
541472368,45,3,48
541902518,45,46,91
546938667,45,2,47
548103696,45,6,51
563395284,45,0,45
563882991,45,0,45
570224711,45,1,46
573069476,45,2,47
575548421,45,0,45
579342153,45,0,45
602239077,45,5,50
606706320,45,0,45
607269372,45,3,48
611481343,45,3,48
613567155,45,3,48
622632384,45,3,48
628540456,45,1,46
700680157,45,2,47
708087467,45,6,51
710207894,45,0,45
713552918,45,3,48
747566978,45,3,48
782303490,45,0,45
793044632,45,3,48
794778854,45,1,46
796742695,45,6,51
814121478,45,1,46
853181179,45,2,47
860200224,45,1,46
885731743,45,3,48
906473184,45,1,46
935243696,45,0,45
1002252854,45,1,46
1002755539,45,0,45
1004127458,45,4,49
1011453344,45,1,46
1033563788,45,0,45
1037916060,45,4,49
1044333870,45,0,45
1048567297,45,3,48
1068299220,45,1,46
1087371266,45,0,45
1135993442,45,3,48
1195535130,45,1,46
1214417917,45,22,67
1251973729,45,1,46
1295403289,45,1,46
1307480432,45,1,46
1325570360,45,1,46
1336027442,45,1,46
1350140299,45,4,49
1371572360,45,3,48
1392951560,45,1,46
1442644592,45,5,50
1542280320,45,1,46
1543061419,45,1,46
1554230515,45,1,46
1577789274,45,7,52
1594433984,45,5,50
1694885834,45,2,47
1854774709,45,3,48
2161195857,45,1,46
2178579863,45,1,46
2198012756,45,12,57
2252077580,45,1,46
2252899982,45,1,46
2276689928,45,3,48
2303590597,45,2,47
2370408858,45,2,47
2394221167,45,1,46
2422725272,45,2,47
2430421322,45,1,46
2495373469,45,1,46
2563774736,45,0,45
2575669503,45,1,46
2589138230,45,1,46
2598174548,45,4,49
2728534228,45,3,48
2734350850,45,1,46
2745025351,45,0,45
2763922588,45,5,50
2810218451,45,0,45
2816234438,45,33,78
2829134533,45,0,45
2852652593,45,0,45
2853543524,45,1,46
2882142219,45,1,46
2974103716,45,1,46
2996391235,45,33,78
2997024476,45,0,45
2998441830,45,3,48
2999847544,45,0,45
3044723537,45,1,46
3051577197,45,1,46
3092702114,45,0,45
3124805247,45,1,46
3245557531,45,3,48
3253027628,45,1,46
3270484302,45,6,51
3286661712,45,0,45
3288887892,45,3,48
3290310954,45,7,52
3293536514,45,0,45
3299686409,45,5,50
3308367739,45,0,45
3313497140,45,1,46
3359569401,45,6,51
3392820749,45,2,47
3408607037,45,2,47
3457705635,45,1,46
3579203061,45,0,45
3621904955,45,3,48
3763923435,45,0,45
3885241752,45,1,46
3907420344,45,4,49
4020301643,45,3,48
4062613580,45,0,45
4070021129,45,3,48
4186868062,45,2,47
4226227102,45,1,46
4386596537,45,0,45
4493557462,45,21,66
4601612841,45,0,45
4679018610,45,2,47
4696877743,45,0,45
4725891338,45,1,46
4760941626,45,5,50
4772357959,45,0,45
4774817840,45,4,49
4801269416,45,1,46
4837575037,45,10,55
4855731869,45,2,47
4856166765,45,9,54
4870820331,45,1,46
4893166665,45,2,47
4909774782,45,0,45
700702984880177153,45,3,48
702174406739685377,45,4,49
703772709499641856,45,1,46
704750600114667522,45,1,46
705387040561610753,45,2,47
705523093759008770,45,0,45
706371655342399489,45,0,45
708125409334812673,45,0,45
724736735364542464,45,1,46
725682717048725508,45,1,46
725683704337719296,45,0,45
726048279998291971,45,0,45
727542153094647808,45,5,50
732612795078844416,45,0,45
733080144110342144,45,0,45
734168588001673216,45,0,45
735498014161313792,45,2,47
735603498558054400,45,19,64
737862347616858114,45,1,46
738459347815137280,45,9,54
739829818745868289,45,1,46
747807029637619712,45,2,47
752226479853928448,45,0,45
756641885079371776,45,2,47
756921598721060864,45,6,51
758729592672653312,45,23,68
758774390356078592,45,1,46
759187077695172608,45,2,47
759884080640958464,45,0,45
762744759710388224,45,1,46
763157274529497088,45,1,46
765909678257737728,45,0,45
768204297351884800,45,2,47
769696193643286528,45,0,45
774633717016977408,45,3,48
777600985329987584,45,2,47
778299703033233410,45,1,46
779833229427679232,45,0,45
783472689793101824,45,0,45
786947480688746496,45,0,45
788482305543184384,45,0,45
381683,44,11,55
1652311,44,0,44
6660832,44,5,49
12609722,44,1,45
15268664,44,2,46
15546191,44,7,51
15723459,44,9,53
15974761,44,2,46
16150088,44,4,48
16233069,44,0,44
16585364,44,1,45
17221762,44,3,47
17250739,44,2,46
17939675,44,3,47
18154797,44,5,49
19829425,44,1,45
20778273,44,4,48
21669254,44,0,44
22114816,44,4,48
23254225,44,5,49
23343968,44,12,56
23712980,44,3,47
24197612,44,6,50
24415592,44,2,46
24517068,44,1,45
25887469,44,1,45
26119706,44,1,45
26324044,44,3,47
28455414,44,3,47
28948013,44,1,45
29550280,44,2,46
31228313,44,1,45
36071842,44,2,46
38060861,44,1,45
38671143,44,10,54
41018809,44,0,44
41964312,44,0,44
43094696,44,2,46
43149311,44,1,45
43445273,44,1,45
44540754,44,4,48
47522283,44,3,47
48790588,44,3,47
50142062,44,1,45
55346544,44,4,48
55702797,44,4,48
57545507,44,0,44
61245025,44,2,46
64445968,44,7,51
66533526,44,3,47
68032331,44,0,44
70419078,44,4,48
70907532,44,1,45
73833366,44,0,44
74030198,44,4,48
77672278,44,3,47
81637419,44,0,44
95809760,44,0,44
101485226,44,0,44
103855686,44,2,46
108199025,44,1,45
108719754,44,2,46
110011661,44,3,47
110550362,44,1,45
119550386,44,3,47
121841971,44,6,50
122737652,44,1,45
143032193,44,2,46
148891227,44,0,44
167381320,44,0,44
169194976,44,1,45
172900594,44,0,44
180693935,44,0,44
182515934,44,0,44
183993932,44,2,46
188133381,44,14,58
188328580,44,37,81
190297564,44,5,49
195738913,44,8,52
200169577,44,0,44
203741053,44,1,45
208083510,44,3,47
220830116,44,2,46
223906023,44,0,44
236469595,44,2,46
239098890,44,6,50
239359472,44,2,46
241665167,44,6,50
245176643,44,1,45
245207295,44,11,55
265041082,44,0,44
273063705,44,3,47
278409971,44,4,48
281290352,44,1,45
285310648,44,0,44
292453746,44,3,47
316633314,44,2,46
317329114,44,4,48
325808019,44,0,44
327486719,44,0,44
332177911,44,3,47
350045415,44,0,44
352704896,44,1,45
353459688,44,1,45
353784941,44,0,44
354242112,44,0,44
356887474,44,4,48
357029197,44,9,53
378148970,44,0,44
383295283,44,0,44
383451190,44,2,46
390216261,44,0,44
391306275,44,4,48
398912980,44,5,49
405044444,44,10,54
431217249,44,0,44
435704007,44,15,59
437294311,44,1,45
442996741,44,1,45
451055997,44,3,47
476488934,44,7,51
481688811,44,1,45
484285034,44,1,45
485561695,44,5,49
504952285,44,0,44
511418873,44,2,46
518329202,44,1,45
520469407,44,1,45
526660425,44,2,46
526823315,44,1,45
541865911,44,1,45
552093372,44,2,46
562739106,44,1,45
567444662,44,0,44
581159462,44,1,45
600564384,44,3,47
604850428,44,0,44
610943786,44,2,46
618738927,44,16,60
712838645,44,0,44
752214001,44,2,46
764350034,44,0,44
787697712,44,0,44
793484450,44,4,48
826147004,44,3,47
837269790,44,0,44
850043929,44,0,44
851132778,44,0,44
874449763,44,0,44
898513765,44,1,45
906620078,44,0,44
930801715,44,5,49
1019553703,44,3,47
1190126720,44,2,46
1210098278,44,40,84
1341994849,44,0,44
1381816832,44,2,46
1391197644,44,1,45
1431351878,44,6,50
1458557011,44,2,46
1495909730,44,7,51
1553281753,44,4,48
1556631295,44,4,48
1604396971,44,0,44
1712769853,44,2,46
1723768340,44,1,45
1886792648,44,0,44
1927194554,44,1,45
1939110636,44,1,45
1949582760,44,4,48
2150883966,44,1,45
2161916196,44,0,44
2168836950,44,2,46
2185040400,44,0,44
2220816894,44,2,46
2229483438,44,23,67
2231898250,44,3,47
2288286954,44,0,44
2290267526,44,0,44
2305604299,44,1,45
2316180260,44,19,63
2390798966,44,1,45
2393602768,44,2,46
2398047932,44,0,44
2404148318,44,8,52
2410389179,44,1,45
2413466165,44,0,44
2418774365,44,5,49
2424016218,44,0,44
2434263253,44,3,47
2440315070,44,1,45
2449002349,44,2,46
2449517581,44,1,45
2464756524,44,0,44
2465052920,44,14,58
2471698340,44,0,44
2553493034,44,0,44
2567368587,44,1,45
2571662929,44,0,44
2597438132,44,17,61
2614171604,44,0,44
2645588238,44,0,44
2660686388,44,1,45
2673939073,44,1,45
2689237130,44,0,44
2690379065,44,2,46
2720901920,44,3,47
2737950909,44,0,44
2764770081,44,3,47
2787440325,44,0,44
2808315595,44,0,44
2817108419,44,17,61
2849278880,44,8,52
2884168344,44,5,49
2931241601,44,0,44
2985926225,44,0,44
3010561082,44,3,47
3016594538,44,0,44
3020725115,44,1,45
3022262711,44,0,44
3024126927,44,2,46
3029083276,44,2,46
3081651703,44,0,44
3183365155,44,2,46
3197533890,44,3,47
3198403974,44,0,44
3248832505,44,4,48
3260284128,44,4,48
3296504462,44,5,49
3304021160,44,1,45
3310073894,44,2,46
3310678645,44,31,75
3327788605,44,2,46
3334645247,44,3,47
3347119809,44,0,44
3365929053,44,15,59
3381043833,44,6,50
3385362887,44,0,44
3396826060,44,2,46
3397576972,44,1,45
3407317754,44,2,46
3426800667,44,0,44
3508811473,44,1,45
3508875013,44,1,45
3535919123,44,2,46
3546270030,44,1,45
3641924772,44,2,46
3677742792,44,4,48
3731565562,44,0,44
3782610866,44,0,44
3822031216,44,1,45
3867248416,44,2,46
3874676487,44,0,44
3947635155,44,1,45
3960051754,44,3,47
4006650737,44,1,45
4121675907,44,2,46
4188266200,44,2,46
4218861628,44,0,44
4261326773,44,1,45
4305818178,44,1,45
4469978536,44,1,45
4622876853,44,1,45
4704024206,44,16,60
4781576424,44,2,46
4802984436,44,0,44
4811340372,44,3,47
4826326078,44,3,47
4830272717,44,0,44
4832039992,44,0,44
4833162304,44,2,46
4849891627,44,1,45
4852151439,44,5,49
4858778547,44,2,46
4871007471,44,2,46
4896873268,44,1,45
4909226006,44,0,44
4916793849,44,2,46
4921245314,44,2,46
701769551705313280,44,2,46
702712957315067904,44,0,44
703995932048756736,44,0,44
704936995806683137,44,11,55
705057751538536448,44,6,50
708073528680124416,44,2,46
709151676503035908,44,4,48
709445066209808384,44,0,44
709797643569000449,44,3,47
709853706590810112,44,3,47
711234856328437760,44,3,47
712298250678611968,44,6,50
713031225141669889,44,8,52
713129219497279488,44,11,55
713411686548553728,44,0,44
716607221186961409,44,1,45
717070029334798336,44,19,63
719026073527169024,44,29,73
719538702020644864,44,1,45
720441593652600832,44,0,44
720809762112335873,44,0,44
721792285571203072,44,0,44
721820289147928578,44,2,46
723339615009034243,44,3,47
728303310848036864,44,0,44
735251379657150464,44,6,50
740762147437826048,44,3,47
742064950345138176,44,3,47
742212279920250881,44,0,44
742840482640732160,44,3,47
742911761917956096,44,0,44
750362261387153408,44,4,48
752993338752577536,44,3,47
754790951093141504,44,1,45
755481804652490752,44,8,52
756664311620243456,44,8,52
756820331331919872,44,4,48
757697650095382528,44,1,45
757702747852378112,44,2,46
758071194213941248,44,2,46
758139361070227456,44,3,47
758644827386851328,44,2,46
758972178641526785,44,0,44
760332035433066527,44,0,44
761949956525752320,44,0,44
763208946249113600,44,1,45
764601975505911808,44,2,46
769607999304400896,44,3,47
771104412324560896,44,0,44
775482538672418816,44,8,52
777002282865070080,44,1,45
780099768970252288,44,0,44
780511822159884288,44,0,44
782653360847491072,44,0,44
785541000613724160,44,1,45
786030861724422144,44,2,46
787497351300550656,44,2,46
790648531824541696,44,0,44
795062177715650560,44,1,45
801244238709223424,44,0,44
15507394,43,0,43
15916814,43,2,45
17804200,43,0,43
18061290,43,0,43
18491047,43,1,44
19043568,43,1,44
19085578,43,16,59
19304431,43,2,45
19729977,43,1,44
19899344,43,5,48
21081237,43,0,43
21582436,43,0,43
21622300,43,0,43
21951518,43,2,45
22019443,43,1,44
22853555,43,0,43
23320177,43,2,45
23582253,43,1,44
24082870,43,0,43
24840051,43,2,45
27553223,43,3,46
28720668,43,2,45
29530235,43,0,43
29997030,43,3,46
37144490,43,1,44
41806188,43,8,51
41984259,43,1,44
44035242,43,0,43
45989925,43,1,44
48163110,43,8,51
49067869,43,1,44
51752582,43,3,46
54204222,43,3,46
54717966,43,2,45
55330244,43,2,45
55784767,43,3,46
56037463,43,0,43
56174050,43,0,43
56703219,43,2,45
59204121,43,2,45
59502546,43,0,43
59690496,43,1,44
59868822,43,0,43
61246660,43,1,44
65208984,43,1,44
66112783,43,3,46
66120866,43,3,46
69391030,43,0,43
73418626,43,1,44
80397412,43,0,43
88042869,43,2,45
88393337,43,2,45
89349643,43,0,43
90545216,43,5,48
91399352,43,1,44
117956244,43,0,43
121320968,43,0,43
124371986,43,1,44
131632068,43,0,43
137468455,43,1,44
140444623,43,0,43
162244544,43,0,43
164694542,43,1,44
186867756,43,0,43
199147021,43,2,45
229781294,43,4,47
230862501,43,2,45
236489432,43,0,43
236937971,43,1,44
239160808,43,3,46
240400042,43,0,43
253821190,43,0,43
255850782,43,1,44
263841129,43,0,43
264117963,43,3,46
265047559,43,0,43
268163719,43,1,44
274679926,43,1,44
292604873,43,3,46
293491180,43,0,43
295824553,43,14,57
304547737,43,1,44
313427517,43,1,44
322891515,43,3,46
329243385,43,3,46
332544323,43,0,43
340241228,43,0,43
346396839,43,0,43
347696176,43,1,44
351381169,43,0,43
356179182,43,1,44
361619297,43,0,43
362650462,43,2,45
379314159,43,3,46
384700571,43,0,43
393162108,43,0,43
409454354,43,1,44
414831408,43,2,45
428224490,43,2,45
431312488,43,2,45
433327429,43,0,43
433851538,43,1,44
436142163,43,0,43
449728001,43,2,45
460444796,43,1,44
463332152,43,5,48
464215072,43,4,47
469479670,43,1,44
471602432,43,5,48
510513542,43,3,46
517876210,43,5,48
518338216,43,1,44
543891695,43,11,54
551501971,43,3,46
552809279,43,1,44
553115760,43,2,45
553642348,43,2,45
575415438,43,4,47
578995848,43,1,44
585680866,43,1,44
591234235,43,5,48
635853773,43,4,47
752493806,43,2,45
770879618,43,2,45
810394104,43,0,43
811790936,43,1,44
825351942,43,8,51
863681048,43,1,44
913225194,43,1,44
931103167,43,0,43
961507586,43,3,46
968152074,43,3,46
971650873,43,0,43
985580779,43,6,49
1129053980,43,0,43
1140206870,43,4,47
1163688457,43,2,45
1164802782,43,5,48
1247530993,43,0,43
1253568632,43,0,43
1294711250,43,3,46
1348029342,43,3,46
1357940293,43,1,44
1378413031,43,2,45
1452705462,43,21,64
1536416384,43,0,43
1552074031,43,0,43
1576552782,43,2,45
1613581280,43,1,44
1651836092,43,2,45
1663190052,43,0,43
1675665944,43,0,43
1703950411,43,6,49
1872273902,43,0,43
1904874517,43,2,45
1905556350,43,1,44
1919066210,43,10,53
1940260496,43,1,44
1949150929,43,2,45
2151312392,43,2,45
2167351699,43,3,46
2175228423,43,0,43
2181907192,43,1,44
2213023254,43,0,43
2252413165,43,0,43
2255656483,43,3,46
2315874241,43,13,56
2354247799,43,2,45
2357131886,43,1,44
2370913862,43,3,46
2376574058,43,2,45
2396615286,43,44,87
2423084821,43,0,43
2430963199,43,5,48
2434638414,43,1,44
2469188485,43,0,43
2494211736,43,2,45
2508867608,43,4,47
2510342521,43,0,43
2572023445,43,0,43
2600494596,43,0,43
2672693279,43,1,44
2730345168,43,109,152
2734062937,43,0,43
2745608658,43,1,44
2781222461,43,5,48
2790188549,43,3,46
2825233042,43,3,46
2872089275,43,0,43
2877066660,43,0,43
2889274562,43,1,44
2896350377,43,106,149
2898721132,43,1,44
2912429401,43,7,50
2934095944,43,1,44
2946516430,43,1,44
3039387387,43,0,43
3068913639,43,2,45
3111742566,43,0,43
3117586530,43,1,44
3167765216,43,3,46
3172925846,43,1,44
3220525124,43,2,45
3271614739,43,2,45
3299793614,43,1,44
3301954655,43,1,44
3304180552,43,3,46
3339557473,43,4,47
3339750639,43,1,44
3361137749,43,0,43
3373398734,43,0,43
3394126212,43,7,50
3451152737,43,3,46
3474079573,43,0,43
3742228335,43,0,43
3754538597,43,0,43
3756494357,43,57,100
3885281773,43,0,43
3886006265,43,6,49
4012078510,43,19,62
4070135893,43,1,44
4197113232,43,1,44
4197546072,43,3,46
4230121426,43,0,43
4265514193,43,2,45
4269384553,43,1,44
4350900315,43,3,46
4449657053,43,4,47
4499231112,43,0,43
4540597289,43,3,46
4541141723,43,5,48
4614180852,43,3,46
4625980813,43,4,47
4629127277,43,0,43
4665011307,43,0,43
4696669572,43,1,44
4709924396,43,2,45
4714536563,43,1,44
4735945653,43,5,48
4765070485,43,7,50
4825511490,43,1,44
4847157879,43,56,99
4871147014,43,2,45
4888530105,43,4,47
4924257923,43,4,47
700012302502924288,43,8,51
703472256425586689,43,1,44
704050141955825664,43,1,44
704056669651664896,43,0,43
705453273034178562,43,4,47
705455253186023424,43,3,46
706338925980184577,43,1,44
706520222572744704,43,3,46
706548508791181312,43,0,43
707095049943785472,43,1,44
711049864260542464,43,0,43
712101965870854144,43,1,44
712170099717885952,43,9,52
712521180389965824,43,3,46
713729940907298818,43,0,43
716012352563449857,43,66,109
717250526912634880,43,6,49
717471446595796993,43,1,44
720118842387734530,43,2,45
720727929798270976,43,1,44
721472876545753089,43,6,49
722063693459140608,43,2,45
723877207328829440,43,7,50
725491027595956225,43,2,45
726130407821840385,43,0,43
726518562173624320,43,2,45
727497112896851968,43,5,48
727877524634636288,43,0,43
731568881131790336,43,3,46
738804119029350401,43,5,48
741364964653432832,43,1,44
742019915331207168,43,0,43
742885492971032576,43,2,45
747446319707467776,43,3,46
748627094607921152,43,0,43
749961919566606336,43,0,43
753151147272179712,43,0,43
753728205387862019,43,1,44
754743870462783488,43,3,46
755046423750701056,43,0,43
755077018392272896,43,0,43
757044869076574208,43,1,44
757907298299867136,43,0,43
758506047845732352,43,0,43
758964734091628544,43,2,45
759461353790795776,43,2,45
759930043208503296,43,0,43
760109551127363585,43,2,45
761513608006234112,43,5,48
761835928017068032,43,0,43
768784582359384064,43,3,46
772853064969621504,43,0,43
777005325702443008,43,37,80
777213856141733888,43,1,44
778265291457527808,43,5,48
781603145269075969,43,2,45
781631990630014977,43,0,43
782330633301483520,43,2,45
782798424466984960,43,3,46
783374323792830469,43,0,43
786206540487286784,43,0,43
789821479676502016,43,1,44
792615986532712448,43,0,43
797129793443627008,43,0,43
10113082,42,1,43
14286436,42,0,42
15238719,42,1,43
16411611,42,6,48
16974170,42,0,42
16974191,42,0,42
17778921,42,0,42
18026638,42,14,56
19173608,42,2,44
21371939,42,55,97
21784741,42,2,44
21833728,42,47,89
23140272,42,3,45
23197119,42,1,43
26340571,42,2,44
26968053,42,22,64
27520546,42,0,42
30116368,42,3,45
31057963,42,2,44
32144891,42,8,50
32903442,42,0,42
35241709,42,5,47
36632898,42,1,43
39584513,42,3,45
40532427,42,4,46
48153233,42,0,42
52576622,42,3,45
52915212,42,2,44
53671842,42,0,42
53906268,42,0,42
57068859,42,2,44
64126031,42,0,42
67083017,42,3,45
70508257,42,4,46
72166789,42,3,45
73208930,42,4,46
80414884,42,2,44
82238235,42,2,44
86980340,42,2,44
87852077,42,1,43
94620467,42,2,44
99345632,42,0,42
105112655,42,4,46
107288394,42,2,44
107773310,42,0,42
107905668,42,2,44
109935441,42,6,48
115125517,42,4,46
116064137,42,0,42
124462493,42,1,43
134314521,42,0,42
146174639,42,1,43
150627581,42,7,49
157568244,42,4,46
158076899,42,2,44
159558751,42,2,44
161392521,42,41,83
167396597,42,4,46
168167828,42,0,42
169270982,42,15,57
171816060,42,2,44
183875464,42,2,44
186559921,42,6,48
189434508,42,2,44
189742005,42,0,42
193271701,42,0,42
199859048,42,1,43
213169863,42,0,42
220543970,42,6,48
234431553,42,1,43
238997174,42,0,42
247124972,42,2,44
248839551,42,3,45
250699864,42,1,43
253743317,42,1,43
254782844,42,2,44
257399079,42,2,44
259119456,42,3,45
263954983,42,4,46
274254006,42,3,45
275068772,42,1,43
277769074,42,1,43
279134171,42,6,48
286897024,42,37,79
289024427,42,0,42
291762449,42,6,48
292597626,42,0,42
293328771,42,3,45
300444499,42,0,42
302637919,42,0,42
305382465,42,0,42
310160851,42,1,43
330990433,42,0,42
343341061,42,0,42
352169101,42,0,42
352345266,42,4,46
370057201,42,0,42
371590610,42,1,43
380664031,42,171,213
381789114,42,0,42
395435114,42,5,47
403538003,42,0,42
407821546,42,0,42
414003816,42,26,68
431792477,42,1,43
454271978,42,4,46
457694206,42,3,45
461520458,42,3,45
471140093,42,1,43
485186489,42,3,45
502522308,42,0,42
512118934,42,37,79
520847919,42,0,42
525695875,42,0,42
526634900,42,0,42
534573303,42,0,42
547269263,42,3,45
554835606,42,8,50
556665762,42,3,45
577799707,42,0,42
581155449,42,1,43
583935564,42,0,42
589135400,42,0,42
589743866,42,0,42
590135826,42,1,43
593684027,42,1,43
605615206,42,0,42
629884158,42,2,44
632509336,42,1,43
715012953,42,0,42
753971905,42,6,48
771954126,42,1,43
791987130,42,0,42
817290612,42,2,44
819776665,42,3,45
870606980,42,0,42
946137247,42,1,43
965799433,42,2,44
971702970,42,1,43
976484947,42,1,43
985668980,42,0,42
996376165,42,1,43
1037571367,42,2,44
1123796598,42,0,42
1129661486,42,4,46
1138580173,42,3,45
1138934300,42,1,43
1151933252,42,19,61
1152874315,42,2,44
1169054324,42,0,42
1255463628,42,4,46
1258072117,42,3,45
1272041820,42,2,44
1326133188,42,1,43
1331648558,42,0,42
1380473012,42,1,43
1413137276,42,3,45
1426551440,42,0,42
1432029667,42,2,44
1446627703,42,2,44
1467772789,42,0,42
1513566746,42,0,42
1556786912,42,4,46
1604196067,42,0,42
1613460655,42,1,43
1648923450,42,0,42
1917632858,42,9,51
1924704842,42,4,46
1944110094,42,0,42
1967730090,42,26,68
2181807818,42,1,43
2191707162,42,0,42
2193751920,42,0,42
2197082592,42,0,42
2198391794,42,0,42
2223716640,42,3,45
2247799814,42,360,402
2248264080,42,5,47
2263235750,42,1,43
2290385455,42,0,42
2299203717,42,1,43
2338854559,42,5,47
2351763901,42,13,55
2358121866,42,0,42
2359770622,42,0,42
2402434039,42,9,51
2403832916,42,1,43
2422582753,42,1,43
2427001231,42,0,42
2431107457,42,60,102
2449650492,42,2,44
2485285513,42,1,43
2488263439,42,2,44
2492759569,42,2,44
2497653734,42,1,43
2608392828,42,6,48
2609488185,42,1,43
2651972052,42,0,42
2656384385,42,4,46
2693070990,42,0,42
2704037341,42,0,42
2712346884,42,0,42
2718102598,42,0,42
2758670870,42,0,42
2766496962,42,4,46
2783573437,42,0,42
2809903862,42,0,42
2827005524,42,1,43
2840725832,42,0,42
2849543985,42,1,43
2923076966,42,1,43
2926179374,42,0,42
2939172598,42,2,44
2939237375,42,3,45
2975208676,42,3,45
3022158560,42,3,45
3025426229,42,2,44
3064034982,42,2,44
3081921375,42,0,42
3097951626,42,3,45
3122344651,42,0,42
3158642347,42,1,43
3188680431,42,1,43
3220667984,42,1,43
3224850985,42,1,43
3229897105,42,0,42
3240296479,42,0,42
3265506044,42,3,45
3282704666,42,4,46
3307081590,42,1,43
3313742461,42,2,44
3323489113,42,1,43
3337332138,42,5,47
3357427702,42,51,93
3395959787,42,0,42
3407652327,42,0,42
3415444161,42,0,42
3425788059,42,3,45
3433089843,42,0,42
3433805284,42,0,42
3585170600,42,1,43
3651908234,42,8,50
3688938677,42,5,47
3688954348,42,1,43
3794595441,42,1,43
3829384702,42,2,44
3944400912,42,0,42
3950803107,42,4,46
4049463448,42,3,45
4056688163,42,1,43
4101682175,42,8,50
4185258202,42,0,42
4220326775,42,18,60
4229931792,42,1,43
4251107240,42,24,66
4265685075,42,8,50
4308876136,42,3,45
4338733993,42,8,50
4360278497,42,0,42
4445830512,42,1,43
4510942877,42,1,43
4569256400,42,2,44
4580018975,42,0,42
4651265777,42,0,42
4729969669,42,0,42
4743545684,42,3,45
4819836965,42,0,42
4845415637,42,10,52
4855625836,42,0,42
4860451825,42,0,42
4864761905,42,0,42
4874385729,42,1,43
4877263391,42,1,43
4894976452,42,0,42
4911342745,42,1,43
701408955986223104,42,3,45
703681847130066944,42,0,42
704413867917447168,42,0,42
704883235428417536,42,1,43
705229526293311488,42,1,43
705440823488483328,42,1,43
705870770308644864,42,8,50
705902960967094272,42,0,42
707702775606583298,42,4,46
708085361239457792,42,1,43
708838526121484288,42,4,46
709085805613072384,42,9,51
709136798946107393,42,3,45
709150271050530817,42,7,49
709190330382360576,42,0,42
711601349461282817,42,0,42
711660574644563969,42,3,45
711728047137935365,42,7,49
713123197265264640,42,0,42
713459371292884992,42,1,43
714557332550606848,42,3,45
714672556029132800,42,4,46
716044779046445056,42,0,42
718748352997777408,42,2,44
719244918397472770,42,0,42
719303466259189760,42,0,42
720065344216436736,42,1,43
722804596180066304,42,1,43
722942823847170048,42,2,44
723703628775735296,42,3,45
729758095744770048,42,0,42
729788871525928960,42,4,46
730796773023715330,42,3,45
736166259436314624,42,0,42
738837671477280768,42,1,43
739901124367556608,42,0,42
741007338526543872,42,0,42
741057727338848256,42,13,55
741069503715500032,42,0,42
742246352164245504,42,3,45
742530593808748544,42,7,49
745031274641887232,42,0,42
745310686608228352,42,0,42
747060381856694272,42,1,43
747602443836395520,42,12,54
750679220737626112,42,2,44
752527630134571008,42,0,42
752543790481629184,42,3,45
754469174227775488,42,1,43
756180804749844481,42,0,42
756292709426475008,42,11,53
757979386582675456,42,4,46
759849094135238658,42,3,45
759920940083912704,42,0,42
760015724341366784,42,1,43
762023868869509121,42,3,45
763187370149634048,42,2,44
765395035537838082,42,5,47
765734247961210880,42,1,43
766599149747855360,42,0,42
767102180985827328,42,1,43
767747343131172864,42,2,44
769270897622523904,42,3,45
772428676688248832,42,3,45
772473286236209153,42,0,42
777531256267378688,42,0,42
778825140863807488,42,3,45
781158305712500737,42,2,44
781190984419926016,42,3,45
782943056731439104,42,0,42
785960947831537664,42,0,42
786016396555784193,42,1,43
790542535609360384,42,0,42
791760653652406272,42,1,43
793431539535187968,42,0,42
793887941709991936,42,0,42
794779909482758144,42,1,43
798964534027419648,42,1,43
801874250621558784,42,0,42
3176101,41,0,41
14241002,41,7,48
14542994,41,1,42
14972032,41,0,41
15503566,41,3,44
15808337,41,0,41
16059147,41,4,45
16381920,41,6,47
16944247,41,0,41
18020819,41,1,42
18150569,41,2,43
18167420,41,0,41
18583216,41,0,41
19147357,41,2,43
19195060,41,1,42
19811684,41,1,42
20281069,41,0,41
20686808,41,7,48
21899643,41,4,45
21906070,41,36,77
22214019,41,2,43
24618161,41,2,43
26379654,41,0,41
28135590,41,8,49
28611453,41,0,41
28618917,41,3,44
30847216,41,1,42
31361333,41,2,43
33595560,41,0,41
35336511,41,32,73
36030707,41,0,41
36423281,41,33,74
36692010,41,3,44
40225145,41,1,42
40712226,41,2,43
42410634,41,2,43
44667379,41,6,47
45671909,41,3,44
50596568,41,0,41
53400224,41,0,41
54068475,41,8,49
56722736,41,44,85
57140744,41,1,42
59664088,41,0,41
59926008,41,7,48
66367082,41,5,46
68672927,41,166,207
69786575,41,0,41
69800408,41,4,45
72676365,41,3,44
73302068,41,1,42
75098654,41,3,44
75556439,41,0,41
76852415,41,2,43
78135318,41,65,106
80068767,41,2,43
81654528,41,1,42
88481501,41,0,41
88616527,41,1,42
88689345,41,0,41
91363073,41,3,44
91589529,41,1,42
92267344,41,1,42
97981165,41,1,42
100388750,41,1,42
100604794,41,5,46
103289864,41,2,43
104556243,41,2,43
107980048,41,0,41
110427690,41,2,43
113488773,41,2,43
116332666,41,4,45
121941520,41,2,43
122397629,41,6,47
134552828,41,2,43
144871453,41,0,41
151503345,41,1,42
160142930,41,9,50
164159637,41,1,42
173545946,41,2,43
173582183,41,2,43
182362853,41,3,44
184027478,41,1,42
196142199,41,0,41
197111814,41,2,43
206086913,41,8,49
214462611,41,0,41
220176878,41,0,41
223930293,41,3,44
232972471,41,5,46
234637874,41,5,46
236089410,41,0,41
246193294,41,7,48
246842298,41,0,41
248446275,41,0,41
250937927,41,4,45
252439316,41,1,42
254708177,41,3,44
275219058,41,0,41
277501298,41,0,41
282126132,41,2,43
285434613,41,14,55
302004290,41,3,44
306859494,41,4,45
309418741,41,2,43
317425134,41,0,41
319154113,41,0,41
333980549,41,0,41
350334606,41,1,42
362507159,41,2,43
368129933,41,3,44
380507460,41,0,41
388053635,41,2,43
393811802,41,3,44
402316003,41,0,41
403808202,41,3,44
415646327,41,4,45
426427104,41,0,41
429454010,41,0,41
449340199,41,0,41
467526081,41,0,41
471181953,41,4,45
473136093,41,3,44
476252416,41,2,43
479810905,41,0,41
494128669,41,5,46
494344928,41,9,50
498796011,41,0,41
500442132,41,1,42
503207023,41,3,44
505283706,41,2,43
517295547,41,15,56
523085134,41,0,41
528054929,41,1,42
532363503,41,0,41
533819133,41,2,43
535114284,41,3,44
536503190,41,3,44
541198983,41,7,48
550394711,41,1,42
556118417,41,4,45
557848699,41,2,43
562498029,41,36,77
562518749,41,3,44
570276406,41,0,41
591505507,41,12,53
598769926,41,1,42
604545802,41,1,42
616139632,41,0,41
711507721,41,2,43
738213997,41,0,41
844679060,41,1,42
846278138,41,0,41
860755346,41,1,42
860982284,41,0,41
863770784,41,0,41
874724448,41,3,44
898014660,41,1,42
899793746,41,0,41
934846849,41,0,41
945107768,41,0,41
961365841,41,0,41
963506827,41,5,46
971699006,41,1,42
1012329853,41,89,130
1018194906,41,3,44
1041634262,41,2,43
1049560369,41,34,75
1061426095,41,1,42
1086590593,41,1,42
1087226053,41,2,43
1130413016,41,2,43
1135102880,41,1,42
1146683604,41,11,52
1150441159,41,0,41
1176395430,41,7,48
1213592012,41,3,44
1220041100,41,5,46
1232727414,41,3,44
1235018342,41,0,41
1238328264,41,3,44
1248792727,41,0,41
1262706668,41,1,42
1340614891,41,2,43
1399760516,41,4,45
1445433468,41,2,43
1477779715,41,10,51
1488864481,41,0,41
1491803100,41,0,41
1492097414,41,1,42
1551743478,41,1,42
1556770668,41,1,42
1572171775,41,1,42
1600886802,41,0,41
1621650469,41,0,41
1642402514,41,2,43
1681212607,41,1,42
1902074076,41,0,41
1932204139,41,1,42
1938025374,41,45,86
1942242588,41,0,41
1945832287,41,0,41
2160177936,41,0,41
2183125940,41,82,123
2228761844,41,3,44
2253514663,41,1,42
2284999053,41,3,44
2297042556,41,3,44
2302317949,41,2,43
2307678744,41,0,41
2373209178,41,3,44
2380892796,41,0,41
2410082140,41,1,42
2411379535,41,0,41
2415316554,41,2,43
2430341433,41,72,113
2506093844,41,2,43
2507679270,41,1,42
2530795260,41,1,42
2530913162,41,5,46
2559861152,41,0,41
2566263529,41,0,41
2614154826,41,2,43
2678893892,41,0,41
2721974507,41,5,46
2738650720,41,0,41
2763918127,41,3,44
2784716033,41,21,62
2806133447,41,3,44
2822081884,41,2,43
2848120880,41,1,42
2889372518,41,1,42
2893721968,41,1,42
2906724325,41,0,41
2907388143,41,4,45
2947985193,41,0,41
2975434728,41,4,45
2998676088,41,3,44
3002739417,41,3,44
3026155783,41,3,44
3035236380,41,4,45
3070465286,41,5,46
3074050795,41,10,51
3086189976,41,3,44
3092625141,41,34,75
3111993791,41,9,50
3119387615,41,0,41
3122998279,41,1,42
3125467751,41,3,44
3127051172,41,5,46
3128315470,41,0,41
3138206694,41,0,41
3140800256,41,1,42
3140892751,41,5,46
3152222052,41,5,46
3196630410,41,1,42
3254834376,41,0,41
3258756065,41,13,54
3264454478,41,2,43
3283426488,41,25,66
3286691174,41,3,44
3298532682,41,2,43
3307958689,41,8,49
3309060326,41,1,42
3318236150,41,1,42
3330331589,41,4,45
3374464498,41,1,42
3410397921,41,8,49
3429073925,41,17,58
3432028156,41,1,42
3507746300,41,5,46
3510138854,41,0,41
3517913240,41,3,44
3701029827,41,0,41
3713350762,41,1,42
3718489576,41,0,41
3740933056,41,5,46
3742043794,41,3,44
3752188217,41,0,41
3821516071,41,1,42
3887329758,41,0,41
3905363417,41,2,43
3914229792,41,5,46
3952002555,41,2,43
3969260535,41,0,41
3980772021,41,3,44
4050412827,41,0,41
4064337137,41,1,42
4090670667,41,0,41
4149878065,41,63,104
4182817251,41,2,43
4200373047,41,2,43
4235585306,41,4,45
4288313601,41,0,41
4298028747,41,0,41
4301518955,41,0,41
4417103368,41,2,43
4437595465,41,2,43
4456348512,41,6,47
4776840380,41,0,41
4796109501,41,0,41
4808970863,41,3,44
4826329370,41,2,43
4828461104,41,4,45
4833947182,41,2,43
4850792501,41,0,41
4858453113,41,2,43
4861429539,41,9,50
4862031445,41,1,42
4872095711,41,4,45
4877803011,41,1,42
4898611444,41,1,42
4903418961,41,6,47
4908634933,41,1,42
4909688801,41,1,42
4909691868,41,1,42
698552537155248129,41,0,41
698992648275804160,41,1,42
702524531412488193,41,0,41
702745887282311168,41,2,43
703047530297188352,41,2,43
703976689068544001,41,1,42
705001163301715968,41,3,44
705624677650030592,41,1,42
706227461130833921,41,5,46
708045756930859012,41,1,42
714513504842203137,41,1,42
714681863487545346,41,1,42
714895954185469954,41,4,45
715911790799032320,41,2,43
715956584023719937,41,11,52
717044114903072768,41,2,43
725348771245228032,41,3,44
727144124340531200,41,0,41
727528521980121088,41,0,41
727919321016504322,41,1,42
729317800825622529,41,0,41
734882328086876160,41,26,67
741459435311104001,41,2,43
742109971152674816,41,5,46
743767679253778432,41,0,41
747831888769736705,41,0,41
750137597125533696,41,0,41
750463436547559426,41,1,42
751812818341507072,41,0,41
751820025074450432,41,0,41
752065734956707840,41,3,44
755589877165621248,41,0,41
756875338920013824,41,1,42
758088028309127173,41,1,42
758116873343033344,41,1,42
758709471069831168,41,59,100
758762349180452864,41,0,41
760543880647315456,41,2,43
761230250227433472,41,2,43
761912109068353536,41,2,43
763028459606212608,41,3,44
764956573009534978,41,3,44
765677909629669376,41,0,41
767100463871176704,41,2,43
769616735112531969,41,2,43
773318638321430528,41,0,41
780584212680220674,41,0,41
783456597326508032,41,2,43
789265440086241280,41,0,41
791241662127181824,41,2,43
796033080893050882,41,4,45
7179562,40,0,40
12136922,40,2,42
15874552,40,1,41
15944272,40,1,41
16038334,40,2,42
16305494,40,82,122
16636188,40,2,42
17055997,40,3,43
18382395,40,1,41
22531807,40,7,47
22823425,40,2,42
23186695,40,1,41
23282823,40,128,168
23353927,40,0,40
23920295,40,1,41
24122601,40,0,40
25073952,40,0,40
27127777,40,3,43
28048959,40,1,41
29854321,40,10,50
31999788,40,72,112
32419544,40,2,42
33516738,40,1,41
34857549,40,2,42
34985828,40,0,40
35086246,40,2,42
36863988,40,2,42
37008541,40,0,40
37107711,40,0,40
37644319,40,60,100
38766918,40,2,42
40874240,40,89,129
42463851,40,0,40
43358898,40,7,47
44083132,40,0,40
46275679,40,2,42
46808996,40,3,43
47253057,40,0,40
48796550,40,1,41
49519644,40,1,41
51315192,40,5,45
51398426,40,3,43
51670985,40,2,42
52210927,40,2,42
52835271,40,3,43
56486919,40,4,44
56601816,40,4,44
60667165,40,9,49
65020791,40,0,40
65411746,40,2,42
65892745,40,1,41
66331676,40,2,42
67789604,40,1,41
71749168,40,0,40
76081768,40,0,40
79219229,40,1,41
81660893,40,0,40
87603897,40,3,43
95936044,40,2,42
107603126,40,1,41
108709348,40,4,44
111596475,40,0,40
114939532,40,0,40
115473990,40,0,40
115696599,40,3,43
115748677,40,0,40
118351622,40,0,40
121217779,40,2,42
122241218,40,1,41
128414115,40,61,101
133452057,40,0,40
139572108,40,0,40
143367468,40,0,40
147413467,40,0,40
156863135,40,0,40
170899638,40,4,44
174859814,40,26,66
185848527,40,0,40
188490490,40,0,40
203561332,40,1,41
203963862,40,3,43
205313916,40,3,43
219346345,40,1,41
220170317,40,1,41
235326480,40,3,43
244468236,40,2,42
245623456,40,1,41
248145799,40,1,41
251052944,40,5,45
253441096,40,1,41
255561451,40,0,40
256903879,40,0,40
261098344,40,1,41
262684253,40,19,59
264861120,40,108,148
269472958,40,0,40
270679712,40,8,48
285018358,40,0,40
295211634,40,0,40
296622166,40,5,45
297670560,40,0,40
299441066,40,7,47
302095194,40,4,44
303306701,40,0,40
307195603,40,0,40
312428361,40,3,43
313246509,40,1,41
318044919,40,3,43
327378368,40,3,43
328788232,40,0,40
336820875,40,3,43
337215994,40,0,40
341730948,40,0,40
348213054,40,4,44
350336467,40,0,40
355568701,40,2,42
361993677,40,1,41
369819300,40,0,40
386751965,40,0,40
392234755,40,0,40
392736272,40,0,40
394274636,40,1,41
395079223,40,0,40
395621401,40,0,40
403032481,40,1,41
403916159,40,0,40
404394147,40,0,40
421081811,40,0,40
445861289,40,1,41
462147169,40,1,41
462476602,40,1,41
481185350,40,1,41
498065924,40,0,40
505322398,40,5,45
507597672,40,0,40
510346708,40,0,40
513166561,40,1,41
517084598,40,6,46
519322190,40,1,41
521578179,40,0,40
527633784,40,0,40
544570972,40,0,40
546886420,40,9,49
550149812,40,2,42
558102316,40,0,40
564213018,40,5,45
566951220,40,4,44
567774090,40,4,44
574948562,40,1,41
575752272,40,0,40
589945852,40,0,40
596037557,40,0,40
599630385,40,1,41
604914237,40,0,40
611695803,40,0,40
613132047,40,4,44
621162806,40,0,40
624167897,40,1,41
626461599,40,0,40
636577503,40,2,42
704240354,40,1,41
716403872,40,2,42
728542435,40,0,40
744266600,40,0,40
752016452,40,5,45
752519988,40,0,40
791893795,40,24,64
806254171,40,4,44
840127854,40,4,44
841021819,40,1,41
853681404,40,3,43
861777374,40,3,43
865490748,40,0,40
874710998,40,0,40
889947217,40,0,40
890678706,40,1,41
896838770,40,4,44
898924958,40,0,40
904821493,40,0,40
926991108,40,0,40
955786028,40,2,42
971661344,40,0,40
971690120,40,1,41
973285034,40,7,47
974644963,40,3,43
1003475954,40,0,40
1009228740,40,4,44
1014322812,40,2,42
1030976863,40,0,40
1032888870,40,1,41
1089536220,40,9,49
1096586868,40,1,41
1126785380,40,5,45
1152602977,40,5,45
1159024446,40,1,41
1179735018,40,1,41
1181842302,40,7,47
1190888904,40,0,40
1211552317,40,0,40
1247871055,40,0,40
1249841863,40,2,42
1353255667,40,1,41
1385710256,40,3,43
1458612992,40,0,40
1512098724,40,15,55
1515436488,40,2,42
1532661720,40,0,40
1539267602,40,1,41
1547074368,40,0,40
1549532077,40,11,51
1575877765,40,4,44
1592603066,40,0,40
1596494082,40,2,42
1646120928,40,0,40
1666562821,40,1,41
1700050153,40,3,43
1730401736,40,0,40
1854392378,40,0,40
1898457872,40,6,46
1901818802,40,1,41
1922049619,40,2,42
1976035584,40,1,41
2163093254,40,1,41
2175238395,40,0,40
2194376383,40,0,40
2197108820,40,3,43
2204149843,40,7,47
2268255932,40,1,41
2271057959,40,4,44
2275549626,40,0,40
2292743989,40,4,44
2317877251,40,0,40
2331412429,40,0,40
2350665602,40,1,41
2355449911,40,3,43
2375634619,40,1,41
2408083531,40,1,41
2450466770,40,0,40
2462505022,40,0,40
2466940272,40,0,40
2473250695,40,2,42
2481490956,40,0,40
2523016759,40,7,47
2531251164,40,0,40
2577523154,40,1,41
2582749406,40,0,40
2601852176,40,3,43
2602664509,40,0,40
2610325766,40,0,40
2654505852,40,1,41
2663115926,40,6,46
2721886694,40,2,42
2801177472,40,2,42
2819576381,40,0,40
2826768270,40,3,43
2828383725,40,0,40
2830421171,40,3,43
2863649873,40,1,41
2892785463,40,5,45
2903638510,40,0,40
2919907586,40,3,43
2923078709,40,1,41
2933006569,40,1,41
2951365431,40,0,40
2980625739,40,74,114
3000586269,40,13,53
3007259166,40,2,42
3010442038,40,0,40
3012562356,40,5,45
3027046846,40,0,40
3063884472,40,0,40
3069707196,40,1,41
3071051950,40,0,40
3072155190,40,0,40
3082678956,40,0,40
3115999308,40,1,41
3130273178,40,0,40
3138432499,40,1,41
3147178391,40,20,60
3151927958,40,3,43
3159457957,40,6,46
3180945745,40,3,43
3182139098,40,6,46
3219008311,40,1,41
3240827762,40,0,40
3266606743,40,2,42
3289864057,40,1,41
3290357255,40,0,40
3310933380,40,1,41
3335841262,40,1,41
3385951406,40,56,96
3404927277,40,2,42
3409039601,40,0,40
3439377245,40,0,40
3476754372,40,3,43
3547021343,40,1,41
3552847212,40,1,41
3567976575,40,0,40
3672630558,40,1,41
3688570336,40,1,41
3748722495,40,2,42
3753843013,40,1,41
3862578854,40,1,41
3885698292,40,0,40
3953871255,40,0,40
3961543272,40,1,41
3961773437,40,1,41
3965614753,40,0,40
4041329212,40,0,40
4099846101,40,3,43
4100661015,40,3,43
4167427523,40,1,41
4381832833,40,1,41
4426447393,40,7,47
4559321559,40,0,40
4588225574,40,0,40
4657978753,40,0,40
4715340387,40,0,40
4720843217,40,0,40
4760851634,40,0,40
4770637006,40,0,40
4843615563,40,0,40
4844017714,40,4,44
4850956993,40,0,40
4852120812,40,3,43
4855401508,40,1,41
4855973961,40,0,40
4865357793,40,0,40
4885770726,40,1,41
4926296153,40,4,44
694737927436259328,40,2,42
702765464619978752,40,3,43
702982928809250818,40,3,43
703001594007130112,40,11,51
703048228531523584,40,1,41
703307131718598656,40,3,43
704045497787351041,40,0,40
705223262209310724,40,1,41
705403283612016640,40,0,40
705852089746862080,40,4,44
705895022445649920,40,2,42
705932948743331840,40,0,40
708693714768498688,40,3,43
708989437074612224,40,1,41
709519114562240512,40,0,40
713167359016460289,40,2,42
714445385809399809,40,3,43
714647220268744704,40,26,66
716466583812440065,40,4,44
718923808338411520,40,0,40
719192489110863873,40,5,45
724766868448358400,40,1,41
725215565476847616,40,0,40
729414721095393280,40,1,41
729669192908214273,40,0,40
730036785624055808,40,3,43
733663714042351616,40,7,47
734572269251526658,40,2,42
739079370518728704,40,0,40
739161514599284736,40,2,42
739362376919584769,40,0,40
741047463608360960,40,2,42
741359729297874944,40,1,41
742803279277527040,40,3,43
743465689176911872,40,2,42
745209567450013696,40,0,40
745610036135796736,40,6,46
746925237271298048,40,1,41
750052672128950272,40,0,40
756335027538038784,40,5,45
759041764225200128,40,0,40
759199671730536453,40,1,41
759624423066316800,40,6,46
760312668750217216,40,0,40
762525732073504768,40,1,41
764208847506378754,40,3,43
764412749485080576,40,0,40
767422731423997953,40,1,41
768390753718599680,40,1,41
776956299879780352,40,3,43
781058453435449344,40,0,40
782306035587551232,40,0,40
784609875447975937,40,1,41
787825747586973696,40,0,40
787966461847363584,40,0,40
788270114843963392,40,3,43
789877763641446401,40,0,40
790224701666762752,40,0,40
790366867508465664,40,2,42
795437483106435073,40,0,40
795740403660099584,40,1,41
15613677,39,6,45
15654342,39,2,41
16053877,39,2,41
16163050,39,0,39
16444544,39,142,181
16668042,39,106,145
16833387,39,0,39
16890140,39,0,39
17223539,39,1,40
17770592,39,2,41
18224278,39,7,46
20032655,39,1,40
20439040,39,0,39
20992939,39,1,40
21283587,39,3,42
23112668,39,6,45
23148563,39,3,42
23490211,39,16,55
23775006,39,7,46
24495084,39,5,44
25340368,39,0,39
25608404,39,5,44
25722977,39,0,39
26214781,39,2,41
26477912,39,3,42
27768893,39,5,44
27943433,39,1,40
28491204,39,0,39
29073978,39,12,51
29303633,39,1,40
31403243,39,1,40
33949279,39,0,39
34771848,39,31,70
35863860,39,5,44
36349655,39,4,43
37600949,39,2,41
39753444,39,0,39
40397696,39,5,44
40898836,39,2,41
42486601,39,1,40
46204483,39,0,39
47396702,39,9,48
47657632,39,2,41
48260520,39,1,40
48981836,39,1,40
49311062,39,1,40
50608221,39,3,42
52758609,39,1,40
52832649,39,5,44
57256117,39,0,39
57868165,39,7,46
59158737,39,0,39
59167512,39,0,39
59320978,39,9,48
64071544,39,4,43
68137018,39,0,39
68726696,39,1,40
69239961,39,0,39
72406138,39,9,48
73010587,39,0,39
74214410,39,6,45
75204166,39,0,39
79360614,39,0,39
83444500,39,2,41
90966455,39,1,40
94489102,39,3,42
94818581,39,0,39
102568724,39,0,39
107039908,39,2,41
116545753,39,6,45
119115911,39,0,39
121243616,39,7,46
122984574,39,2,41
123308985,39,1,40
130191851,39,2,41
132569061,39,1,40
143260376,39,3,42
152275110,39,2,41
158715457,39,0,39
166019278,39,4,43
167645831,39,1,40
169215309,39,2,41
170050937,39,0,39
172444420,39,10,49
178005137,39,0,39
178077004,39,0,39
179280878,39,0,39
206342228,39,4,43
206414832,39,1,40
212233838,39,3,42
214049826,39,0,39
214252230,39,0,39
215364805,39,0,39
217419469,39,1,40
217585327,39,1,40
218807808,39,0,39
224700804,39,4,43
226360469,39,9,48
227495975,39,3,42
230063310,39,0,39
246508670,39,1,40
250368274,39,0,39
251713964,39,3,42
262926031,39,0,39
273387066,39,5,44
281273320,39,5,44
291397518,39,1,40
292018509,39,1,40
299874769,39,5,44
305107809,39,2,41
310884882,39,2,41
314858337,39,1,40
320190988,39,0,39
323997815,39,7,46
326825780,39,2,41
327049481,39,1,40
330809456,39,3,42
343690300,39,2,41
345327921,39,1,40
346008191,39,2,41
351311908,39,4,43
355958960,39,17,56
362832455,39,2,41
370448731,39,1,40
378817053,39,0,39
378844779,39,2,41
381806169,39,3,42
392425423,39,97,136
395615772,39,2,41
403714562,39,2,41
409755697,39,0,39
413513361,39,3,42
441724006,39,3,42
447578641,39,4,43
449274200,39,1,40
452906786,39,2,41
459912248,39,3,42
471641303,39,1,40
474438465,39,0,39
475851491,39,0,39
476155020,39,0,39
477002167,39,4,43
479198786,39,4,43
488774213,39,0,39
497399405,39,3,42
497882349,39,0,39
498549950,39,0,39
517946537,39,125,164
524662686,39,1,40
530923847,39,1,40
531846662,39,0,39
536567784,39,5,44
547946524,39,0,39
568521829,39,7,46
583372173,39,0,39
589606816,39,77,116
594197204,39,4,43
600640132,39,4,43
614801913,39,0,39
618459683,39,1,40
632024017,39,0,39
634133167,39,0,39
703431236,39,0,39
709828169,39,84,123
727843496,39,7,46
729122378,39,0,39
763861297,39,0,39
778058112,39,3,42
784586876,39,0,39
809904438,39,4,43
815915684,39,0,39
840862346,39,3,42
846975906,39,0,39
854069137,39,1,40
861193644,39,0,39
865559503,39,2,41
887408437,39,2,41
887823206,39,0,39
888366840,39,3,42
897953586,39,5,44
902229428,39,0,39
922902360,39,7,46
985474284,39,22,61
993395660,39,1,40
1001964392,39,2,41
1013330785,39,1,40
1033175820,39,0,39
1062080533,39,0,39
1107232490,39,38,77
1113040141,39,1,40
1191779618,39,3,42
1199009539,39,2,41
1267362949,39,5,44
1274036917,39,0,39
1310072310,39,0,39
1373340229,39,0,39
1433208163,39,0,39
1455775747,39,1,40
1487174827,39,0,39
1514955175,39,1,40
1537114890,39,1,40
1575420398,39,1,40
1602488677,39,1,40
1606267572,39,1,40
1649168856,39,2,41
1650974696,39,0,39
1694814012,39,2,41
1861420770,39,2,41
1896176113,39,0,39
1905026599,39,2,41
1911832471,39,1,40
1924767546,39,0,39
1926784362,39,0,39
2151831962,39,0,39
2167340796,39,28,67
2168939118,39,2,41
2178404130,39,3,42
2198399148,39,3,42
2200017093,39,1,40
2201016251,39,1,40
2221466498,39,0,39
2263491734,39,0,39
2270572174,39,2,41
2305559156,39,2,41
2308522168,39,0,39
2313758816,39,7,46
2345671772,39,1,40
2366203478,39,1,40
2369254212,39,0,39
2377608169,39,6,45
2377977842,39,2,41
2379034351,39,1,40
2379073304,39,2,41
2396784606,39,0,39
2429968151,39,1,40
2444383308,39,1,40
2494336640,39,1,40
2559988867,39,2,41
2568045356,39,0,39
2597371074,39,2,41
2614102603,39,1,40
2642927008,39,1,40
2651368746,39,5,44
2686507783,39,0,39
2701640767,39,3,42
2726311681,39,4,43
2746041570,39,0,39
2758422311,39,5,44
2802168925,39,0,39
2802577265,39,0,39
2804044016,39,1,40
2847324303,39,0,39
2859269159,39,0,39
2902125272,39,0,39
2914529775,39,6,45
2923396405,39,2,41
2941215106,39,4,43
2948377131,39,1,40
2956302163,39,0,39
2965802529,39,1,40
2971038920,39,3,42
3003809282,39,1,40
3011372552,39,3,42
3105345650,39,0,39
3134411065,39,3,42
3138282135,39,0,39
3144975525,39,3,42
3145424584,39,5,44
3178180567,39,2,41
3248753868,39,19,58
3251856613,39,0,39
3258077976,39,3,42
3268499018,39,2,41
3277908812,39,1,40
3280551852,39,4,43
3287861576,39,0,39
3311821730,39,1,40
3343738493,39,9,48
3349598134,39,4,43
3355762883,39,0,39
3382116075,39,1,40
3400926868,39,1,40
3404713047,39,0,39
3406358915,39,1,40
3410039561,39,0,39
3413765235,39,6,45
3499821328,39,3,42
3516831555,39,0,39
3542894832,39,2,41
3555533775,39,2,41
3586982112,39,1,40
3685459885,39,2,41
3778468094,39,4,43
3827026513,39,2,41
3866503797,39,0,39
3886284912,39,1,40
3928500439,39,18,57
3937414520,39,0,39
3951629363,39,5,44
3968544013,39,0,39
4051105637,39,2,41
4193691373,39,3,42
4196754560,39,3,42
4327911434,39,6,45
4409820215,39,1,40
4421492243,39,5,44
4438143382,39,1,40
4439316435,39,0,39
4478395109,39,8,47
4493227335,39,0,39
4626522202,39,1,40
4628483539,39,6,45
4764867800,39,3,42
4765867515,39,0,39
4795549490,39,2,41
4837032275,39,3,42
4880025725,39,0,39
4901383443,39,0,39
4913370821,39,0,39
4927660282,39,2,41
694731966017437696,39,0,39
699352097641381888,39,0,39
701572991159762944,39,1,40
701948083467255808,39,3,42
705187763482726401,39,13,52
705188885064617986,39,3,42
705547111698280449,39,1,40
705640302443278336,39,0,39
707548815394545665,39,1,40
707822771313758208,39,0,39
708160999400951814,39,0,39
708507201057390592,39,0,39
708668343075672064,39,1,40
710123736175783938,39,4,43
710570503484866561,39,1,40
710938082304864256,39,4,43
711265942668333056,39,2,41
711650270342565888,39,0,39
711703346592288769,39,1,40
712014736938946560,39,3,42
712219677716553728,39,1,40
712433595042803712,39,0,39
713091070666493953,39,2,41
714128911823724545,39,0,39
714976443294433280,39,0,39
715312709450002432,39,6,45
715538507767422976,39,3,42
717712255618531328,39,2,41
718496703842807809,39,0,39
719346381362634752,39,0,39
723627018953187328,39,0,39
724471652638138368,39,3,42
725331518340620288,39,2,41
727256361877262336,39,46,85
727672002106916865,39,1,40
728171360153821184,39,3,42
732369010109505536,39,1,40
733346502987423745,39,1,40
737103592981725185,39,0,39
737838317631311872,39,21,60
739397111012331520,39,0,39
739578420393185280,39,3,42
743217472241799168,39,0,39
744230196492926978,39,2,41
745439009770344448,39,4,43
746936927287291904,39,3,42
750476336007880704,39,0,39
750749058210365440,39,0,39
753965841729945600,39,0,39
754119485410406400,39,2,41
754315067550605312,39,0,39
754492034510102528,39,0,39
754557635043602432,39,2,41
754798546361126912,39,1,40
755399855418159104,39,1,40
756667245036568576,39,1,40
757268667138727936,39,2,41
761888456716976128,39,5,44
764212502108352512,39,1,40
764695504684920832,39,2,41
766060892433838081,39,1,40
769235174840209408,39,0,39
774010076768169984,39,2,41
776138240118128640,39,1,40
776903299630968832,39,3,42
776920811848470528,39,0,39
777936101860253696,39,1,40
780569827689627648,39,0,39
780592147183472640,39,1,40
783492623528972288,39,0,39
788815923784232961,39,0,39
788870935214493700,39,1,40
798465888836063232,39,1,40
5920142,38,2,40
10329862,38,0,38
10704782,38,2,40
14145006,38,1,39
14347972,38,16,54
14453481,38,16,54
16145231,38,39,77
17347183,38,3,41
18128814,38,4,42
19212015,38,130,168
19880131,38,4,42
19920823,38,0,38
21898998,38,3,41
22099720,38,9,47
22117805,38,2,40
22158652,38,1,39
22273976,38,0,38
22460413,38,3,41
23966019,38,1,39
25349353,38,0,38
25395434,38,5,43
25749677,38,1,39
25890053,38,0,38
26241252,38,4,42
27061458,38,2,40
28740137,38,3,41
34842246,38,4,42
35592547,38,3,41
38661821,38,1,39
44856596,38,0,38
44879731,38,17,55
46168593,38,0,38
46860972,38,3,41
47261104,38,32,70
48081096,38,0,38
50177875,38,2,40
52247328,38,10,48
53977215,38,0,38
58208753,38,2,40
60030161,38,5,43
61396565,38,1,39
62418222,38,9,47
66576089,38,0,38
67194809,38,1,39
84896183,38,2,40
89475542,38,0,38
92190429,38,3,41
100029213,38,1,39
104890099,38,8,46
107721194,38,0,38
116354877,38,0,38
119773352,38,1,39
124832157,38,3,41
128108354,38,5,43
129559686,38,4,42
136811343,38,5,43
163118377,38,0,38
177458793,38,0,38
184467438,38,0,38
192539687,38,2,40
200697773,38,57,95
211681647,38,0,38
211697280,38,0,38
217634501,38,6,44
219425653,38,0,38
233154866,38,2,40
238708638,38,2,40
243447830,38,1,39
243799119,38,4,42
246483147,38,0,38
248365518,38,2,40
249840560,38,0,38
250484469,38,5,43
256471924,38,1,39
260887591,38,1,39
261662054,38,0,38
273190130,38,0,38
276547070,38,0,38
279767235,38,0,38
289066063,38,2,40
289256811,38,2,40
289486347,38,0,38
295350253,38,1,39
296616859,38,3,41
297795505,38,11,49
304143520,38,0,38
308486447,38,2,40
309843986,38,3,41
323531113,38,3,41
328274164,38,2,40
329202149,38,1,39
334358670,38,1,39
334784172,38,0,38
346015198,38,12,50
361626502,38,3,41
365187844,38,0,38
379555472,38,1,39
383353522,38,0,38
389604704,38,4,42
404341852,38,0,38
405909513,38,0,38
411902451,38,1,39
423745681,38,1,39
425324192,38,0,38
436015732,38,1,39
438224887,38,3,41
455996058,38,0,38
468825226,38,1,39
475912792,38,0,38
479824168,38,0,38
482654644,38,2,40
487805364,38,2,40
515779438,38,3,41
521996289,38,18,56
525828807,38,3,41
534329922,38,0,38
537858279,38,0,38
543787955,38,0,38
565078449,38,2,40
580183473,38,0,38
583271416,38,12,50
587788594,38,3,41
591082773,38,4,42
598925796,38,4,42
608642919,38,3,41
611453229,38,0,38
726677305,38,0,38
774389106,38,7,45
787718738,38,0,38
788226090,38,2,40
801962070,38,0,38
835852447,38,1,39
838993651,38,3,41
842298572,38,0,38
857001662,38,0,38
889979617,38,2,40
898953248,38,1,39
903936306,38,1,39
916321278,38,3,41
934824404,38,18,56
952437877,38,0,38
956476459,38,0,38
1051928820,38,2,40
1081492134,38,0,38
1100253632,38,10,48
1244769805,38,0,38
1244812615,38,5,43
1244814114,38,2,40
1327545288,38,8,46
1370051250,38,2,40
1428404786,38,4,42
1544134861,38,1,39
1549084826,38,2,40
1554397106,38,1,39
1616815981,38,0,38
1665662592,38,0,38
1672726728,38,2,40
1711020378,38,0,38
1724090454,38,1,39
1725045786,38,3,41
1726065793,38,1,39
1734086719,38,4,42
1869694814,38,4,42
1927262184,38,0,38
1928465972,38,2,40
1947303967,38,8,46
1960890499,38,16,54
1964909868,38,1,39
2150706998,38,1,39
2170958000,38,0,38
2186623778,38,0,38
2230583870,38,0,38
2245441478,38,2,40
2253118696,38,2,40
2265995712,38,4,42
2270517973,38,2,40
2331151852,38,3,41
2347115762,38,3,41
2402328198,38,2,40
2425776899,38,4,42
2449913803,38,3,41
2481146024,38,9,47
2512639418,38,1,39
2522828272,38,0,38
2565885570,38,2,40
2571166136,38,2,40
2647929202,38,0,38
2652869926,38,0,38
2666471250,38,1,39
2691652430,38,6,44
2691699349,38,1,39
2710247557,38,0,38
2712626912,38,0,38
2716890256,38,0,38
2729597328,38,3,41
2734422033,38,0,38
2735601086,38,1,39
2742895799,38,1,39
2758919382,38,2,40
2762498891,38,0,38
2788825460,38,1,39
2795593730,38,1,39
2803927925,38,4,42
2806550071,38,3,41
2812263523,38,5,43
2823388010,38,20,58
2851097662,38,2,40
2869639730,38,0,38
2871962572,38,3,41
2905732231,38,0,38
2942674881,38,1,39
2961260697,38,0,38
2993764250,38,2,40
3005393969,38,2,40
3013467001,38,1,39
3022569391,38,3,41
3031492372,38,2,40
3044869781,38,0,38
3083893884,38,1,39
3100204337,38,1,39
3132214797,38,0,38
3140361675,38,0,38
3142736154,38,0,38
3165440711,38,6,44
3171993852,38,75,113
3180104533,38,2,40
3182914285,38,3,41
3185061097,38,1,39
3195852355,38,2,40
3196498726,38,1,39
3219094901,38,2,40
3232154714,38,0,38
3237253542,38,1,39
3274872775,38,2,40
3276860738,38,0,38
3283696554,38,1,39
3295853040,38,4,42
3301068508,38,0,38
3302109098,38,0,38
3311852304,38,6,44
3318210126,38,4,42
3321104317,38,3,41
3327462432,38,2,40
3330521339,38,2,40
3388624480,38,2,40
3390424043,38,8,46
3395386792,38,0,38
3462792734,38,2,40
3507630725,38,3,41
3530476579,38,4,42
3621278472,38,1,39
3669084197,38,0,38
3691747216,38,2,40
3700121652,38,2,40
3752201597,38,0,38
3886002978,38,2,40
3959725703,38,13,51
3964348939,38,3,41
3983390404,38,0,38
4048852873,38,2,40
4070031695,38,0,38
4114739418,38,6,44
4221355919,38,0,38
4289916037,38,0,38
4396164623,38,0,38
4464165737,38,3,41
4475324234,38,1,39
4478215214,38,0,38
4488611353,38,1,39
4635474421,38,4,42
4729571957,38,1,39
4771372706,38,0,38
4821941002,38,5,43
4827439747,38,0,38
4852244465,38,5,43
4855444971,38,1,39
4856285775,38,13,51
4869625953,38,0,38
4896469439,38,1,39
698574139498622977,38,0,38
700492921053663232,38,2,40
701197806707601408,38,25,63
702729262927912960,38,4,42
704734969617211393,38,0,38
704748594134441985,38,2,40
705263442307854336,38,5,43
706058284952850434,38,1,39
706919457139105792,38,12,50
708351751791972352,38,0,38
709038017822871552,38,0,38
711767316200087552,38,0,38
723260693936361472,38,1,39
723800680733921280,38,16,54
726218666304540672,38,3,41
727602643221155840,38,3,41
728249688651091968,38,0,38
728256344109649920,38,0,38
729633894572691458,38,3,41
731191558175744000,38,2,40
731501349590851585,38,3,41
732063205565042688,38,1,39
733465589423857664,38,1,39
734508499476975620,38,0,38
734844795177275394,38,0,38
734906484807639044,38,1,39
736293436245053440,38,1,39
737356489829023744,38,1,39
739907278153781248,38,0,38
742130114738192384,38,1,39
743834123987468289,38,2,40
745737590171590656,38,2,40
747248029279780864,38,1,39
747817839612964864,38,71,109
751235370990260224,38,1,39
752554775212732416,38,0,38
754046636108546048,38,0,38
754710770563190786,38,0,38
755208206687866880,38,1,39
757083003428282369,38,6,44
757499077781098496,38,4,42
757712849405775872,38,1,39
758011007000203264,38,3,41
758833798553280512,38,0,38
761967205349285889,38,3,41
762049638849445888,38,1,39
764894089284165632,38,0,38
767500274151731200,38,10,48
775712920571408384,38,1,39
779526027957731328,38,3,41
780136355854561280,38,0,38
783507240783192064,38,0,38
785101109371113473,38,0,38
785504771092295685,38,1,39
785516253356044289,38,0,38
785938462222483456,38,1,39
786189934868701184,38,2,40
786932247697952769,38,3,41
787014198756831236,38,0,38
788956855733252096,38,2,40
792767410130460672,38,1,39
794699195634642944,38,0,38
1965481,37,1,38
7279532,37,0,37
15142117,37,0,37
15235231,37,23,60
15619273,37,3,40
15899328,37,3,40
15916896,37,3,40
15957148,37,0,37
16064507,37,3,40
16499746,37,5,42
17549260,37,3,40
18121293,37,2,39
19017604,37,3,40
19726614,37,2,39
19805098,37,10,47
20932641,37,0,37
21027717,37,0,37
21043723,37,92,129
21680436,37,4,41
21788148,37,2,39
21901064,37,2,39
22209659,37,8,45
22342138,37,0,37
22342196,37,4,41
22801995,37,2,39
23239866,37,1,38
24017836,37,1,38
24756264,37,0,37
24891727,37,4,41
26237787,37,17,54
27897429,37,3,40
27943435,37,0,37
29001051,37,1,38
29113206,37,1,38
29835084,37,4,41
30672522,37,2,39
31267020,37,0,37
31602162,37,0,37
31841023,37,1,38
32603508,37,3,40
32861300,37,0,37
32936695,37,3,40
33569976,37,3,40
35760927,37,3,40
35927967,37,3,40
36541952,37,13,50
41458112,37,4,41
42357317,37,1,38
43234626,37,1,38
44540580,37,0,37
47534393,37,4,41
49900513,37,0,37
49908261,37,3,40
52206656,37,1,38
52624182,37,1,38
55388433,37,3,40
55953050,37,3,40
58081563,37,5,42
58938170,37,1,38
61776145,37,1,38
68741628,37,5,42
73142016,37,1,38
74672763,37,0,37
79236840,37,6,43
79579759,37,5,42
82541470,37,0,37
87551569,37,0,37
88184615,37,2,39
92108204,37,0,37
103169292,37,1,38
103999662,37,1,38
110653294,37,0,37
127034085,37,2,39
128802901,37,2,39
139136299,37,1,38
144495813,37,2,39
144742947,37,2,39
148489517,37,1,38
150526306,37,1,38
151104800,37,0,37
151354625,37,1,38
153035550,37,0,37
153206692,37,0,37
153456944,37,1,38
156770444,37,0,37
160970211,37,0,37
166408582,37,0,37
172394944,37,4,41
175228827,37,1,38
181768648,37,0,37
182083010,37,2,39
210818055,37,41,78
216848117,37,1,38
220798237,37,12,49
223851518,37,0,37
225060163,37,3,40
226325141,37,4,41
246391473,37,1,38
246883126,37,2,39
247454439,37,0,37
255734349,37,5,42
273018807,37,0,37
273721360,37,0,37
281709557,37,1,38
281867669,37,0,37
282481585,37,2,39
284231137,37,0,37
293202687,37,0,37
304547610,37,2,39
308174015,37,2,39
308793927,37,0,37
322014610,37,2,39
326070425,37,0,37
328325681,37,0,37
331244791,37,0,37
335545660,37,1,38
338707907,37,0,37
343042963,37,0,37
351087735,37,1,38
355269993,37,2,39
360679048,37,0,37
368879658,37,6,43
384053876,37,0,37
386057207,37,1,38
390208861,37,0,37
391069836,37,2,39
397770228,37,2,39
398712660,37,0,37
403212778,37,1,38
415304375,37,7,44
418320988,37,0,37
430280342,37,3,40
445748075,37,1,38
454784580,37,1,38
459198906,37,0,37
467348164,37,1,38
469495539,37,2,39
476140498,37,4,41
485179361,37,1,38
485380959,37,3,40
492378961,37,2,39
494850455,37,2,39
499375218,37,0,37
516610672,37,0,37
518924553,37,2,39
533358812,37,2,39
541775217,37,0,37
551303014,37,0,37
562349265,37,1,38
562577357,37,4,41
565705598,37,0,37
568016521,37,3,40
576943917,37,13,50
586302978,37,0,37
605727932,37,7,44
619338295,37,0,37
706729200,37,6,43
714513542,37,3,40
715847058,37,0,37
716036897,37,0,37
745854734,37,4,41
747664766,37,0,37
800922559,37,5,42
802994066,37,4,41
803173140,37,1,38
814480088,37,1,38
820981124,37,2,39
832250910,37,2,39
837196154,37,6,43
844387908,37,1,38
847366633,37,0,37
855185545,37,1,38
858919249,37,0,37
862329896,37,2,39
872720660,37,2,39
881263908,37,8,45
883221594,37,0,37
890012570,37,1,38
890419434,37,0,37
900941707,37,0,37
901116877,37,0,37
904863313,37,1,38
916028340,37,0,37
923536003,37,26,63
971110213,37,0,37
971314140,37,2,39
974702786,37,0,37
981648751,37,1,38
989075172,37,1,38
1003525832,37,0,37
1012186134,37,0,37
1033381926,37,0,37
1077444631,37,0,37
1146470090,37,36,73
1183139779,37,0,37
1195739216,37,0,37
1228544646,37,0,37
1268703074,37,9,46
1268941237,37,8,45
1279467138,37,2,39
1288931610,37,2,39
1301029633,37,1,38
1327153980,37,13,50
1332282085,37,5,42
1346009221,37,0,37
1350877831,37,2,39
1353319578,37,3,40
1367960106,37,0,37
1370664036,37,1,38
1400503214,37,2,39
1414004473,37,1,38
1486664918,37,0,37
1488430634,37,1,38
1511217822,37,0,37
1512898946,37,0,37
1515254905,37,2,39
1516541190,37,6,43
1533459110,37,1,38
1550096929,37,1,38
1569117439,37,3,40
1597871198,37,0,37
1613072618,37,2,39
1626628812,37,0,37
1630817652,37,2,39
1648133851,37,18,55
1687446302,37,0,37
1694549647,37,2,39
1907138881,37,0,37
1909350781,37,2,39
1911047845,37,1,38
1969699820,37,167,204
1975071793,37,8,45
2159101465,37,0,37
2159359333,37,1,38
2178421679,37,0,37
2273940452,37,0,37
2274236514,37,0,37
2292880440,37,1,38
2316129218,37,0,37
2322083631,37,0,37
2325832484,37,1,38
2327061237,37,12,49
2342229080,37,0,37
2345066354,37,2,39
2347181874,37,0,37
2363153406,37,4,41
2410109210,37,2,39
2413184599,37,1,38
2428234741,37,5,42
2431040719,37,0,37
2432276299,37,0,37
2433752617,37,3,40
2435376143,37,1,38
2449120862,37,1,38
2466886974,37,0,37
2492436446,37,1,38
2531197737,37,0,37
2552813402,37,4,41
2554481982,37,6,43
2564242730,37,0,37
2570394455,37,3,40
2581403106,37,2,39
2588321996,37,4,41
2591181487,37,5,42
2601713766,37,0,37
2602331814,37,2,39
2614573805,37,0,37
2630860357,37,0,37
2715665504,37,1,38
2725396660,37,2,39
2730969312,37,12,49
2797087746,37,0,37
2808451328,37,0,37
2814219296,37,1,38
2822712590,37,6,43
2844821364,37,1,38
2853383033,37,2,39
2861750577,37,32,69
2916260301,37,0,37
2918864866,37,0,37
2966696277,37,0,37
2969469335,37,1,38
2980275479,37,2,39
2985226185,37,5,42
2996676051,37,2,39
3008786138,37,0,37
3012706790,37,1,38
3016958270,37,2,39
3018045140,37,1,38
3102380327,37,0,37
3107013420,37,0,37
3116027374,37,3,40
3117201194,37,1,38
3123582751,37,0,37
3127156630,37,0,37
3171942875,37,0,37
3172586621,37,0,37
3183628416,37,2,39
3185391227,37,0,37
3187227260,37,0,37
3191888037,37,24,61
3210955977,37,0,37
3248216430,37,9,46
3268992600,37,1,38
3291927706,37,10,47
3300573645,37,1,38
3302017177,37,4,41
3318206586,37,0,37
3322416832,37,2,39
3335118161,37,0,37
3348399252,37,0,37
3362315553,37,2,39
3424622265,37,1,38
3543212476,37,7,44
3578738958,37,2,39
3673042064,37,1,38
3788048898,37,0,37
3896298147,37,15,52
3905984894,37,0,37
3920702536,37,1,38
3937940121,37,1,38
3948881354,37,0,37
3951200003,37,0,37
3951548597,37,8,45
3979459223,37,1,38
4048893132,37,0,37
4052958852,37,6,43
4077359361,37,1,38
4205765434,37,0,37
4227291359,37,2,39
4247374520,37,16,53
4510618880,37,2,39
4620581234,37,4,41
4692175110,37,0,37
4716475529,37,1,38
4766014272,37,1,38
4827451242,37,1,38
4828189779,37,0,37
4847689937,37,4,41
4850163500,37,5,42
4880140966,37,0,37
4884501977,37,0,37
4908057860,37,2,39
4914966441,37,1,38
697702556840042496,37,2,39
701164616093712387,37,2,39
702374492622946304,37,2,39
703731973001494528,37,1,38
703990775223169025,37,4,41
704844310462631936,37,0,37
704999887432187905,37,1,38
705663278790217728,37,4,41
705753116575207427,37,2,39
706171873084710912,37,0,37
706636772034228224,37,5,42
707965319202136064,37,2,39
707980992569413633,37,11,48
709951650438504449,37,1,38
710822071006199811,37,4,41
713521542215249920,37,2,39
713708851283894273,37,0,37
713817057062682625,37,0,37
714098600356216835,37,0,37
714105137053048832,37,5,42
714448256441393152,37,0,37
716007822379630592,37,3,40
717896347861565440,37,2,39
718433446440398848,37,1,38
720280075866779648,37,1,38
721095824285896705,37,0,37
722573792590094336,37,47,84
726284909191389185,37,0,37
726996253897162756,37,3,40
728221452927827969,37,3,40
728295232136187904,37,1,38
728506974153904128,37,0,37
728531080819687424,37,1,38
729856292832030720,37,0,37
731592373038370817,37,2,39
732686986671071232,37,2,39
734490401768394755,37,2,39
735620738707824640,37,1,38
736357094614401025,37,0,37
736847435314528256,37,1,38
740401579556212736,37,3,40
741085101816205312,37,1,38
741876442988838912,37,1,38
745413665877155840,37,35,72
745582173055500288,37,0,37
750495337417060352,37,9,46
750602968282460160,37,0,37
756595268770992129,37,1,38
756951966526255104,37,2,39
757269937996099584,37,6,43
758745929797074946,37,1,38
758999979172036610,37,2,39
759104387755147264,37,2,39
762460523069706241,37,0,37
763789779775344640,37,1,38
764289800127979520,37,2,39
766750546426531840,37,1,38
767752095424323584,37,1,38
772127780221902852,37,0,37
777679891059716096,37,2,39
780398943452618752,37,0,37
781894244915154944,37,1,38
784954339987103744,37,0,37
785183708072542208,37,5,42
787269401875779584,37,1,38
787444033064951808,37,1,38
788377541384007680,37,0,37
789106227892609024,37,0,37
790324600601141249,37,3,40
795469042710679552,37,0,37
802700606385352704,37,0,37
849591,36,11,47
14972897,36,1,37
15453642,36,1,37
15571020,36,3,39
17829602,36,0,36
18170412,36,1,37
19348078,36,0,36
19611642,36,4,40
21099490,36,1,37
22297480,36,8,44
22453967,36,0,36
22871846,36,0,36
24470087,36,94,130
25990183,36,4,40
26961730,36,0,36
27688800,36,2,38
29910265,36,0,36
30471246,36,2,38
31270875,36,1,37
32420474,36,6,42
33384077,36,2,38
33513113,36,6,42
34040742,36,4,40
35339431,36,1,37
35593859,36,0,36
36343389,36,0,36
36682899,36,1,37
37837989,36,2,38
40066886,36,3,39
40342875,36,0,36
42914466,36,2,38
43059212,36,2,38
43598363,36,1,37
45123759,36,0,36
45342065,36,3,39
46331824,36,6,42
48326758,36,3,39
51850716,36,12,48
52000700,36,0,36
52777209,36,1,37
53051706,36,1,37
53477624,36,2,38
53646445,36,4,40
54343319,36,3,39
55113653,36,2,38
55819647,36,2,38
59043234,36,4,40
59718022,36,1,37
59838665,36,3,39
63659200,36,1,37
64796855,36,4,40
65795287,36,0,36
68441794,36,0,36
69983247,36,1,37
70183588,36,2,38
73020093,36,0,36
73034638,36,0,36
75411585,36,1,37
80698046,36,1,37
87791314,36,1,37
89490661,36,9,45
90915144,36,0,36
95054448,36,1,37
102012760,36,7,43
102494487,36,4,40
109226944,36,0,36
115142697,36,2,38
129386944,36,1,37
136154921,36,2,38
136676834,36,3,39
145732922,36,0,36
153266090,36,1,37
159254509,36,0,36
160405041,36,1,37
172062059,36,15,51
173946236,36,0,36
175570287,36,1,37
179712835,36,2,38
188744528,36,1,37
190648628,36,3,39
199462863,36,3,39
210978450,36,4,40
217197823,36,1,37
225733872,36,2,38
225944590,36,0,36
228173701,36,1,37
228426881,36,4,40
229936591,36,1,37
234388164,36,0,36
236699369,36,0,36
240392735,36,0,36
242598609,36,4,40
244101227,36,0,36
247860908,36,5,41
252596668,36,2,38
256747148,36,7,43
262789592,36,8,44
263466197,36,0,36
282292279,36,1,37
282545133,36,0,36
282694449,36,7,43
283302980,36,3,39
285036622,36,0,36
289044386,36,11,47
298424508,36,2,38
299934350,36,1,37
302301151,36,2,38
307871413,36,1,37
312705978,36,6,42
325702746,36,1,37
327004121,36,9,45
328062541,36,0,36
334840399,36,3,39
336346706,36,23,59
343796539,36,0,36
362816527,36,1,37
364956613,36,2,38
370394868,36,2,38
379552999,36,2,38
382997671,36,40,76
385204223,36,2,38
394796986,36,3,39
400475649,36,3,39
401476997,36,4,40
401788949,36,2,38
402421303,36,10,46
413467117,36,4,40
414820581,36,3,39
416540142,36,5,41
416545083,36,1,37
448515675,36,3,39
450038170,36,0,36
452047490,36,4,40
453210266,36,3,39
454535085,36,1,37
462906157,36,132,168
463430212,36,3,39
468967571,36,3,39
470744587,36,5,41
474216194,36,0,36
485856231,36,2,38
489917005,36,3,39
490686776,36,0,36
492823036,36,6,42
506679272,36,0,36
522721869,36,1,37
531477359,36,0,36
531478621,36,0,36
532198406,36,1,37
541279160,36,2,38
546366633,36,7,43
549849310,36,4,40
550952740,36,3,39
552421902,36,5,41
555901228,36,0,36
557342650,36,2,38
577010235,36,19,55
585793071,36,2,38
594069871,36,9,45
601890937,36,39,75
604192753,36,3,39
605757334,36,44,80
703379082,36,0,36
705289537,36,15,51
708199243,36,0,36
717092428,36,0,36
740483180,36,5,41
748122746,36,5,41
790947306,36,2,38
805615368,36,2,38
809668830,36,0,36
821768503,36,0,36
822087764,36,3,39
846953653,36,5,41
860856512,36,1,37
874650284,36,1,37
874743145,36,0,36
874764805,36,4,40
876922530,36,2,38
885794670,36,3,39
891495506,36,1,37
898819579,36,1,37
920120467,36,2,38
922400370,36,1,37
923354220,36,1,37
931250203,36,2,38
950498635,36,14,50
966589987,36,0,36
969961921,36,0,36
970875331,36,0,36
989356418,36,1,37
998397548,36,4,40
1004700588,36,1,37
1009250894,36,0,36
1015498958,36,13,49
1038035846,36,0,36
1093982809,36,0,36
1107289063,36,1,37
1123623794,36,0,36
1152739855,36,1,37
1176941214,36,0,36
1181145474,36,0,36
1186457310,36,32,68
1197603300,36,0,36
1225439204,36,3,39
1241009113,36,0,36
1270683908,36,0,36
1272578366,36,1,37
1278184561,36,1,37
1280460602,36,1,37
1338172567,36,1,37
1345908156,36,0,36
1359937304,36,0,36
1371239952,36,1,37
1391749608,36,0,36
1394982732,36,0,36
1439905116,36,1,37
1486668450,36,0,36
1619271554,36,0,36
1643303508,36,1,37
1645747034,36,0,36
1652975815,36,0,36
1671674240,36,3,39
1863840511,36,1,37
1876106299,36,3,39
1929906547,36,0,36
1932731941,36,1,37
1944751946,36,0,36
2152065493,36,4,40
2174626496,36,4,40
2177884896,36,2,38
2198337368,36,5,41
2203366063,36,2,38
2209475688,36,1,37
2241051079,36,0,36
2258357868,36,62,98
2258837632,36,0,36
2306224973,36,3,39
2314712185,36,3,39
2316170618,36,1,37
2316421645,36,3,39
2320136372,36,0,36
2345400449,36,4,40
2358670026,36,1,37
2375710609,36,0,36
2377227270,36,3,39
2386122563,36,0,36
2400802064,36,1,37
2418424520,36,0,36
2426314290,36,0,36
2433739250,36,0,36
2485482500,36,2,38
2523550801,36,2,38
2541152706,36,4,40
2557808328,36,1,37
2575616970,36,3,39
2580813590,36,1,37
2590455874,36,0,36
2591708060,36,2,38
2600701256,36,0,36
2607548723,36,10,46
2610047376,36,1,37
2656878260,36,1,37
2678662218,36,3,39
2712636045,36,0,36
2737439639,36,1,37
2743016176,36,0,36
2756749971,36,0,36
2760179705,36,0,36
2796409918,36,0,36
2829857279,36,2,38
2837232529,36,3,39
2846634309,36,1,37
2848815176,36,0,36
2886950441,36,2,38
2916106687,36,1,37
2952918416,36,1,37
3028702631,36,1,37
3033004077,36,0,36
3059785752,36,1,37
3066709410,36,0,36
3097543386,36,1,37
3105906045,36,0,36
3112453126,36,1,37
3130204726,36,2,38
3234026785,36,3,39
3243442856,36,0,36
3248207436,36,0,36
3270951991,36,6,42
3300034136,36,3,39
3310109503,36,3,39
3312840571,36,20,56
3322599720,36,2,38
3345860475,36,2,38
3375847114,36,3,39
3378536763,36,0,36
3385894453,36,0,36
3393638278,36,0,36
3395283258,36,0,36
3402477771,36,4,40
3406262997,36,1,37
3419869632,36,2,38
3440895073,36,7,43
3580870876,36,1,37
3592477283,36,61,97
3600498984,36,0,36
3733874901,36,1,37
3748851388,36,10,46
3776151672,36,2,38
3852632832,36,0,36
3899611695,36,2,38
3955451301,36,7,43
3995606259,36,1,37
3997371015,36,0,36
4004747884,36,0,36
4175281287,36,17,53
4185780682,36,3,39
4209505221,36,5,41
4251339195,36,1,37
4252710329,36,1,37
4261744219,36,3,39
4296903437,36,1,37
4438176707,36,2,38
4480660572,36,2,38
4493744734,36,1,37
4494198912,36,7,43
4497682306,36,1,37
4559611528,36,0,36
4635506516,36,3,39
4739619246,36,2,38
4740016162,36,0,36
4754483534,36,0,36
4808784389,36,3,39
4828084955,36,3,39
4840456839,36,4,40
4847434255,36,0,36
4851185832,36,1,37
4854207081,36,1,37
4883851405,36,0,36
4908074112,36,1,37
701539315424370689,36,1,37
701576022429315073,36,0,36
703015984563490816,36,1,37
704684786397421568,36,9,45
704733783602438145,36,0,36
704745691327823872,36,2,38
705226656181424129,36,4,40
705440564628561921,36,1,37
706143846627876864,36,0,36
708060230404280320,36,2,38
710169596351741952,36,0,36
711175460030382080,36,0,36
711361626339840004,36,36,72
713116055774691328,36,1,37
714523717997629441,36,0,36
714610499581677568,36,9,45
715508894882250753,36,3,39
715807531063488513,36,3,39
717248692789579776,36,0,36
718129515067625472,36,1,37
718983299608129537,36,7,43
720214479271829508,36,8,44
720627618672848896,36,40,76
721660608735801344,36,1,37
724407830502080514,36,1,37
725649006903304192,36,0,36
728299868964392960,36,2,38
733832235829202946,36,0,36
734544412227817473,36,3,39
740392415731683328,36,0,36
740894695115661312,36,2,38
741505922250506240,36,1,37
741620123253903360,36,0,36
742749379623165955,36,3,39
743411745570553856,36,4,40
745199798421168128,36,0,36
746008255567015936,36,6,42
746757128937963520,36,1,37
747445513738326017,36,0,36
749272993415598081,36,1,37
749404886153003013,36,2,38
749972627096207360,36,1,37
750032386818052096,36,2,38
751095331408973824,36,1,37
751978185009487872,36,3,39
753734120807825408,36,4,40
754021502375395328,36,3,39
754086125917106176,36,5,41
754456672454713345,36,1,37
754740260366606337,36,2,38
755731653910200320,36,0,36
755756656684732417,36,0,36
756221612471517184,36,0,36
756274853871845376,36,2,38
756505449063645184,36,0,36
756518261492101120,36,1,37
756695748029231106,36,0,36
756883948165300224,36,2,38
757203949074153472,36,2,38
757518814770827265,36,0,36
757775301220765697,36,3,39
758476776972521472,36,0,36
758846415535611904,36,6,42
759501875976679424,36,2,38
759826240408723456,36,9,45
760868744734216193,36,0,36
764462985960050688,36,3,39
765924428739907584,36,1,37
770664676493369344,36,1,37
771547760852029440,36,0,36
773932994319056898,36,5,41
774104327984001024,36,2,38
774485690050543616,36,0,36
774939332541022208,36,3,39
777264808827682816,36,3,39
777840825732632576,36,3,39
781328550448271360,36,2,38
782415530800001024,36,1,37
783243780292050945,36,3,39
784635915989815296,36,2,38
787415804740382720,36,3,39
788654438453948416,36,0,36
788758047086772224,36,2,38
789172980676857856,36,1,37
789712828642971648,36,0,36
795001167298330626,36,0,36
804469868388978688,36,1,37
5644772,35,4,39
11203972,35,21,56
15255099,35,0,35
15593938,35,1,36
15999489,35,4,39
16354904,35,0,35
16494852,35,0,35
16585472,35,2,37
17192613,35,2,37
17503749,35,6,41
17756037,35,124,159
18091453,35,0,35
18792744,35,10,45
18856444,35,7,42
19315409,35,1,36
19428305,35,16,51
20994010,35,0,35
21190891,35,6,41
22283739,35,0,35
22641513,35,0,35
23023076,35,0,35
23057591,35,2,37
23341160,35,10,45
23698372,35,1,36
23921732,35,4,39
24639297,35,20,55
24875893,35,1,36
26543865,35,0,35
26583983,35,0,35
27077530,35,2,37
27302870,35,1,36
29188590,35,0,35
30849514,35,2,37
31654519,35,4,39
34041397,35,3,38
34747138,35,1,36
34852731,35,27,62
35456542,35,0,35
35678795,35,2,37
35751240,35,0,35
36473243,35,7,42
37457035,35,1,36
38284349,35,0,35
39843438,35,7,42
41543840,35,0,35
43237308,35,4,39
43571221,35,0,35
43611246,35,0,35
43959446,35,0,35
47925018,35,1,36
48232999,35,6,41
48440800,35,1,36
49088725,35,1,36
49115079,35,3,38
50479074,35,2,37
50606840,35,2,37
52434833,35,0,35
54238037,35,1,36
57366775,35,0,35
57922077,35,6,41
58422100,35,1,36
65388145,35,2,37
67812258,35,6,41
68036081,35,0,35
68958874,35,1,36
74152318,35,1,36
75364356,35,1,36
76855943,35,3,38
77277289,35,1,36
81206841,35,2,37
87996263,35,3,38
88074260,35,0,35
90748312,35,5,40
91952810,35,0,35
92592711,35,1,36
106798740,35,7,42
111489288,35,3,38
118539868,35,5,40
118552712,35,9,44
122825865,35,67,102
123374666,35,1,36
131056491,35,72,107
133546344,35,31,66
135541389,35,71,106
135623999,35,1,36
137054636,35,0,35
140313757,35,0,35
144421851,35,0,35
147742327,35,2,37
149343976,35,0,35
149518328,35,3,38
149851544,35,0,35
155082887,35,2,37
156316105,35,3,38
157851432,35,2,37
162061216,35,1,36
167034819,35,26,61
168939739,35,0,35
171572246,35,0,35
172852209,35,1,36
178595022,35,48,83
181678158,35,0,35
183749594,35,1,36
185030814,35,0,35
186427366,35,0,35
194671030,35,0,35
209492244,35,3,38
215048241,35,1,36
215853553,35,3,38
216427165,35,2,37
220776068,35,0,35
226650520,35,0,35
227828685,35,1,36
228989699,35,1,36
234578556,35,2,37
236130472,35,1,36
244200696,35,43,78
244491521,35,19,54
246676814,35,0,35
257019790,35,43,78
263301914,35,0,35
266326338,35,89,124
278543761,35,1,36
278598136,35,0,35
280082481,35,30,65
282835484,35,1,36
283806058,35,14,49
284829131,35,0,35
291469949,35,0,35
292098147,35,2,37
292904253,35,0,35
293158668,35,0,35
299205846,35,0,35
301425474,35,24,59
307574569,35,2,37
318405671,35,0,35
321566499,35,2,37
323552584,35,3,38
332603508,35,2,37
335868637,35,4,39
338341096,35,3,38
339930373,35,1,36
343496793,35,0,35
350149869,35,2,37
362126121,35,3,38
363345099,35,1,36
371393999,35,4,39
373438956,35,0,35
374050196,35,2,37
374075080,35,0,35
377768898,35,0,35
378589636,35,1,36
379589540,35,0,35
381883950,35,4,39
382309890,35,3,38
383313838,35,1,36
388432699,35,15,50
391329975,35,1,36
393375338,35,0,35
396917296,35,2,37
400231424,35,1,36
417501491,35,0,35
421610271,35,5,40
425242890,35,0,35
427530846,35,1,36
429656041,35,25,60
434002596,35,0,35
438040010,35,5,40
438482224,35,1,36
442483276,35,1,36
454508318,35,5,40
470919829,35,1,36
474524867,35,5,40
480631707,35,1,36
483463529,35,0,35
489596897,35,107,142
522810877,35,4,39
525815214,35,0,35
531819301,35,2,37
532036852,35,1,36
532285060,35,2,37
543849900,35,1,36
552617586,35,0,35
583162248,35,0,35
589164489,35,1,36
599278288,35,0,35
612039441,35,1,36
621200087,35,1,36
621670573,35,5,40
718425343,35,1,36
718489813,35,1,36
735054343,35,2,37
767851026,35,4,39
785870101,35,3,38
794594016,35,2,37
802803109,35,0,35
809791356,35,0,35
823809320,35,1,36
838147382,35,1,36
838731198,35,5,40
838776517,35,0,35
840360877,35,0,35
859269433,35,0,35
860679312,35,0,35
862412810,35,2,37
874727256,35,0,35
874730298,35,5,40
876171846,35,0,35
884845076,35,3,38
886089686,35,1,36
898914379,35,1,36
905028212,35,2,37
914172234,35,3,38
921437132,35,2,37
948248791,35,1,36
956674950,35,0,35
962149968,35,0,35
973690849,35,0,35
989828034,35,0,35
1041049706,35,1,36
1102665366,35,2,37
1107466603,35,3,38
1138153808,35,3,38
1143033450,35,1,36
1165903134,35,0,35
1176615978,35,17,52
1190787578,35,3,38
1205012060,35,7,42
1259574180,35,5,40
1265092100,35,0,35
1273608968,35,0,35
1275823254,35,2,37
1295939190,35,0,35
1306073227,35,0,35
1330419680,35,0,35
1355812272,35,2,37
1361701068,35,1,36
1385192168,35,3,38
1402064899,35,0,35
1411778334,35,0,35
1430934241,35,1,36
1431738110,35,31,66
1475854296,35,0,35
1480827560,35,1,36
1500110215,35,4,39
1508408258,35,1,36
1525642765,35,5,40
1557623508,35,0,35
1561071572,35,4,39
1566844140,35,2,37
1572891265,35,1,36
1573314817,35,1,36
1580368334,35,1,36
1589158382,35,1,36
1601806597,35,4,39
1611012930,35,0,35
1665499566,35,3,38
1674207854,35,0,35
1703385944,35,2,37
1713876973,35,1,36
1732554619,35,1,36
1902108692,35,0,35
1904454054,35,1,36
1942570267,35,1,36
1945700048,35,1,36
1957549567,35,1,36
1965473114,35,0,35
2170250454,35,3,38
2171462377,35,0,35
2197915761,35,4,39
2200521729,35,3,38
2211523339,35,3,38
2215048717,35,2,37
2225714888,35,3,38
2226814305,35,8,43
2288822688,35,0,35
2325020102,35,0,35
2353593612,35,4,39
2355250290,35,12,47
2367689654,35,0,35
2378856948,35,5,40
2384307876,35,1,36
2397911038,35,3,38
2398138445,35,1,36
2429191928,35,0,35
2479805844,35,0,35
2495686176,35,0,35
2495795860,35,3,38
2551251168,35,2,37
2556018119,35,1,36
2564490607,35,3,38
2565881196,35,3,38
2606479753,35,0,35
2608820132,35,3,38
2612389550,35,2,37
2670349022,35,3,38
2734172982,35,1,36
2734702156,35,0,35
2758466932,35,0,35
2784112758,35,0,35
2849737078,35,0,35
2851584669,35,0,35
2883496247,35,1,36
2909445756,35,3,38
2914094224,35,1,36
2927296336,35,1,36
2931638989,35,0,35
2937521891,35,0,35
2982647266,35,1,36
2989806605,35,6,41
3008375875,35,1,36
3100909277,35,10,45
3135007412,35,2,37
3148877797,35,1,36
3180263192,35,0,35
3183379785,35,0,35
3219494347,35,0,35
3232678552,35,25,60
3236114473,35,2,37
3277884570,35,0,35
3281104514,35,0,35
3289698763,35,3,38
3298979539,35,1,36
3314448032,35,3,38
3315983471,35,0,35
3321622632,35,1,36
3325294146,35,4,39
3351115882,35,18,53
3353270825,35,0,35
3366981532,35,0,35
3373146857,35,1,36
3398926684,35,0,35
3405071801,35,3,38
3408977751,35,0,35
3433043523,35,0,35
3434826046,35,0,35
3436127559,35,0,35
3654152234,35,1,36
3676611552,35,1,36
3756121400,35,0,35
3811615161,35,3,38
3857029036,35,1,36
3870717493,35,1,36
3905580854,35,0,35
4023264794,35,5,40
4152372557,35,3,38
4202914407,35,0,35
4214489914,35,2,37
4248448093,35,1,36
4286365994,35,2,37
4381232594,35,0,35
4420887556,35,2,37
4559222536,35,0,35
4617078921,35,1,36
4700004686,35,0,35
4706038334,35,1,36
4761058401,35,1,36
4809786318,35,2,37
4842336327,35,6,41
4852104802,35,2,37
4907448865,35,0,35
700436266001629184,35,5,40
701188479305166848,35,1,36
702661458329411584,35,50,85
702855327184773120,35,1,36
703991966581837826,35,2,37
705077483587149825,35,0,35
705424631843459072,35,11,46
705462856523735040,35,0,35
706986801945255936,35,1,36
709137537336356864,35,1,36
709388303603245056,35,2,37
709781726076215297,35,1,36
710502954973982720,35,26,61
710516179354259456,35,3,38
710757561604186112,35,0,35
711249489881927680,35,0,35
711977155542921216,35,0,35
712195032091140096,35,1,36
712365402257539072,35,1,36
712387674204545024,35,1,36
712438702690013184,35,2,37
712746935430594561,35,0,35
713545766472536064,35,3,38
714921389204115456,35,2,37
715651113941397504,35,3,38
716408971175694336,35,5,40
717851956648259584,35,1,36
718303168875139072,35,1,36
719366482904293376,35,1,36
723203744079437824,35,0,35
725197907981262848,35,3,38
725638153134968832,35,5,40
727944955839287296,35,1,36
728780021007933440,35,0,35
728960435370741760,35,5,40
729808344005873664,35,4,39
730534685688795137,35,0,35
731967056258588672,35,1,36
733602109044613120,35,0,35
734465997512560640,35,0,35
734837094359519232,35,1,36
736606212645523456,35,1,36
737338752910036992,35,0,35
740737373496049664,35,0,35
741304899967717376,35,2,37
743958589660925952,35,2,37
745677553684348928,35,0,35
746185901806616576,35,0,35
747572247196401664,35,1,36
747598831219523585,35,1,36
748631877154545665,35,0,35
751409391530758144,35,1,36
751846050906845185,35,57,92
752551654218760192,35,0,35
752570644265447425,35,4,39
753727262634246145,35,3,38
754020308328128513,35,0,35
754425653018198016,35,0,35
754789756798545920,35,1,36
755887026034003969,35,0,35
755929956647968768,35,4,39
756147789180968960,35,8,43
756727823537172480,35,2,37
756977954903719936,35,1,36
757239530336444416,35,0,35
758835425939030020,35,2,37
759545392232931328,35,0,35
759589911833874432,35,0,35
760277554339119104,35,1,36
760326265177972736,35,1,36
760455234963533825,35,0,35
761987126682529792,35,0,35
763120931455860737,35,1,36
763184369729171456,35,0,35
763229068418510849,35,3,38
764824774061109248,35,2,37
772893590515310592,35,1,36
773703671397904386,35,0,35
773721827726229505,35,2,37
776112384310071296,35,2,37
778956463763025922,35,1,36
780587184608776192,35,3,38
781604538079911936,35,2,37
782153015478345728,35,2,37
784901294926532608,35,1,36
785571197945720832,35,1,36
787278819954724864,35,2,37
787812116220801024,35,3,38
788787888653729793,35,8,43
789300582435565570,35,0,35
789840134871089152,35,3,38
796502298071597057,35,5,40
797390192764022785,35,26,61
11259812,34,10,44
15291089,34,0,34
15632764,34,0,34
16054307,34,4,38
16077604,34,1,35
16485255,34,1,35
16497486,34,0,34
16966147,34,2,36
17424987,34,3,37
17758555,34,2,36
18093218,34,6,40
20026287,34,0,34
20606171,34,3,37
21541478,34,2,36
23268382,34,2,36
23700885,34,3,37
23901220,34,5,39
24270183,34,1,35
25314325,34,4,38
25690056,34,0,34
25975551,34,3,37
26623652,34,1,35
27867336,34,2,36
29676310,34,3,37
31066731,34,0,34
32946026,34,3,37
34740950,34,0,34
36789992,34,1,35
39395970,34,0,34
41142788,34,1,35
42220805,34,0,34
42624414,34,2,36
43012783,34,1,35
43234399,34,1,35
44673422,34,2,36
45253608,34,1,35
47178280,34,0,34
48249973,34,1,35
49075903,34,20,54
51491905,34,1,35
56243065,34,1,35
59132205,34,1,35
60149899,34,0,34
61170779,34,4,38
61565052,34,81,115
62517611,34,0,34
63384915,34,2,36
65455370,34,2,36
66695025,34,0,34
69087505,34,0,34
69560992,34,4,38
70998668,34,1,35
71251611,34,2,36
71813531,34,4,38
73260226,34,0,34
76945464,34,0,34
79161924,34,1,35
85193060,34,0,34
85935915,34,1,35
87084547,34,2,36
88887465,34,0,34
92098143,34,0,34
93661140,34,9,43
100253123,34,0,34
106275281,34,0,34
123589286,34,4,38
129623588,34,4,38
133996388,34,2,36
136331968,34,3,37
138630138,34,0,34
145225231,34,1,35
147372685,34,2,36
152460864,34,0,34
153836337,34,4,38
159180954,34,5,39
164308569,34,1,35
165077508,34,0,34
167709191,34,0,34
168547637,34,2,36
169662689,34,0,34
185098894,34,2,36
186282830,34,1,35
202380388,34,5,39
211782456,34,0,34
216595995,34,5,39
232962457,34,60,94
241142139,34,0,34
241244965,34,2,36
243050493,34,3,37
244693950,34,59,93
249863162,34,0,34
250432648,34,0,34
251497683,34,2,36
252172352,34,0,34
257295694,34,1,35
258170404,34,0,34
262497363,34,2,36
268477981,34,3,37
276986600,34,11,45
278706086,34,3,37
279540229,34,0,34
282261125,34,5,39
285445441,34,2,36
295039143,34,3,37
298005622,34,0,34
299190586,34,2,36
309522479,34,0,34
319449022,34,1,35
325852273,34,3,37
326558601,34,3,37
331632622,34,1,35
339760532,34,3,37
343713693,34,1,35
344373492,34,6,40
348988815,34,0,34
357279184,34,0,34
362503598,34,0,34
371397959,34,1,35
374300387,34,4,38
376454567,34,1,35
389987139,34,1,35
394997731,34,6,40
397467224,34,0,34
397873205,34,1,35
410135192,34,90,124
415260322,34,3,37
430874049,34,0,34
454243257,34,1,35
459292972,34,1,35
465170464,34,1,35
465229292,34,0,34
474202929,34,0,34
483834356,34,0,34
485139684,34,0,34
487110460,34,0,34
490742110,34,3,37
493139231,34,7,41
495156559,34,0,34
497305362,34,0,34
498877915,34,0,34
517917379,34,0,34
519908310,34,2,36
521208966,34,0,34
523404926,34,2,36
526346146,34,12,46
528064878,34,4,38
528823333,34,0,34
531282820,34,0,34
540224975,34,1,35
545556451,34,6,40
548462015,34,0,34
554720674,34,0,34
573827350,34,2,36
574166517,34,55,89
578116322,34,0,34
580497629,34,3,37
591981595,34,6,40
593726287,34,1,35
595659014,34,3,37
617374428,34,1,35
623683951,34,2,36
633067163,34,0,34
634177160,34,0,34
634887926,34,0,34
637238340,34,1,35
713898991,34,1,35
715610399,34,0,34
751630776,34,2,36
766877288,34,0,34
821485038,34,1,35
838114771,34,1,35
846342331,34,1,35
846408660,34,3,37
856923007,34,0,34
857524502,34,0,34
860743292,34,2,36
860754242,34,2,36
861712795,34,1,35
864654433,34,2,36
888018469,34,1,35
902996089,34,2,36
920171611,34,0,34
920219388,34,0,34
924880790,34,2,36
930702685,34,14,48
931124869,34,0,34
937104326,34,3,37
959221897,34,0,34
971676432,34,0,34
984163496,34,4,38
1004875412,34,0,34
1016236338,34,2,36
1069749984,34,2,36
1079090887,34,0,34
1113279439,34,4,38
1123927430,34,1,35
1141341337,34,0,34
1160657016,34,0,34
1174810652,34,1,35
1215452526,34,3,37
1242844508,34,4,38
1276628905,34,0,34
1296273774,34,5,39
1301130374,34,4,38
1309442372,34,9,43
1374607968,34,3,37
1402518188,34,0,34
1458502212,34,2,36
1458765055,34,0,34
1462741056,34,1,35
1477007400,34,2,36
1512422664,34,2,36
1526661217,34,4,38
1528566337,34,1,35
1577923980,34,31,65
1583223793,34,0,34
1583303323,34,1,35
1614139699,34,2,36
1629379027,34,1,35
1636608985,34,3,37
1640935394,34,0,34
1691191314,34,5,39
1708943438,34,4,38
1724076054,34,42,76
1837344762,34,3,37
1850028188,34,2,36
1854443772,34,0,34
1856905159,34,2,36
1898744154,34,1,35
1908966157,34,0,34
1947701389,34,0,34
1975681640,34,0,34
2157144406,34,1,35
2167127884,34,0,34
2200371072,34,1,35
2217012464,34,4,38
2220926125,34,2,36
2253480787,34,0,34
2264940392,34,0,34
2295011677,34,3,37
2304347564,34,5,39
2310773554,34,1,35
2318053692,34,0,34
2344154581,34,2,36
2352419610,34,1,35
2407317296,34,2,36
2417900712,34,0,34
2424990789,34,2,36
2452084164,34,1,35
2456117977,34,2,36
2462409840,34,1,35
2479235838,34,0,34
2506235881,34,2,36
2525288249,34,1,35
2534195028,34,6,40
2559647343,34,0,34
2572297835,34,2,36
2628343968,34,1,35
2671606470,34,0,34
2671624065,34,2,36
2725366949,34,2,36
2760003200,34,1,35
2760044804,34,1,35
2778801901,34,7,41
2787078412,34,1,35
2800299198,34,0,34
2804776891,34,0,34
2819481453,34,2,36
2829929063,34,0,34
2839133459,34,0,34
2863342030,34,0,34
2865775333,34,1,35
2876805107,34,0,34
2881845034,34,0,34
2882969383,34,5,39
2888790906,34,0,34
2889400799,34,2,36
2890828923,34,18,52
2908476190,34,0,34
2910989007,34,1,35
2916987844,34,2,36
2919402261,34,0,34
2920023271,34,2,36
2921084698,34,3,37
2933746246,34,1,35
2942485773,34,2,36
2955831936,34,0,34
2957796468,34,2,36
2970841557,34,0,34
2974042497,34,2,36
2979820947,34,4,38
2984902622,34,0,34
3001664273,34,1,35
3009671076,34,1,35
3023012504,34,3,37
3036337623,34,7,41
3047673636,34,4,38
3064349069,34,0,34
3096707241,34,6,40
3115189952,34,4,38
3122401793,34,0,34
3130936492,34,14,48
3194881206,34,1,35
3195722274,34,0,34
3222584008,34,2,36
3259944788,34,3,37
3267790106,34,0,34
3283610875,34,0,34
3288439464,34,2,36
3289828542,34,1,35
3291426967,34,0,34
3302168249,34,5,39
3302427155,34,0,34
3302447514,34,3,37
3306240758,34,2,36
3311840432,34,5,39
3320095912,34,3,37
3325053703,34,1,35
3328423162,34,1,35
3360895901,34,0,34
3376083604,34,1,35
3381889324,34,2,36
3399692344,34,3,37
3403262584,34,1,35
3406355121,34,4,38
3415403236,34,1,35
3416492837,34,0,34
3422292133,34,16,50
3424315647,34,1,35
3450433461,34,2,36
3505036469,34,1,35
3537940462,34,1,35
3656734762,34,0,34
3684969616,34,0,34
3886768280,34,1,35
3899337568,34,2,36
3948028767,34,0,34
3975306379,34,1,35
4062325094,34,0,34
4097531721,34,1,35
4312282894,34,6,40
4322390847,34,2,36
4448216892,34,1,35
4514994134,34,3,37
4548789923,34,1,35
4558104928,34,0,34
4559654121,34,0,34
4579566674,34,0,34
4625146454,34,7,41
4647698781,34,5,39
4663463858,34,0,34
4691290693,34,2,36
4714745576,34,2,36
4756403252,34,0,34
4771171702,34,3,37
4803435259,34,30,64
4813381526,34,0,34
4832681197,34,1,35
4847649851,34,5,39
4849687732,34,0,34
4853969889,34,1,35
4856467638,34,18,52
4857371924,34,1,35
4872840237,34,2,36
4878624004,34,1,35
4890261560,34,1,35
4902646414,34,0,34
4910549686,34,1,35
696160650108645376,34,6,40
698281146749091844,34,4,38
700470686444224513,34,109,143
701191393906130944,34,7,41
701921614464737280,34,0,34
702278767901806592,34,6,40
702327830818988032,34,2,36
703815891285360640,34,1,35
704006510523904000,34,2,36
704257562452086784,34,10,44
705177418382716928,34,0,34
705415096978178048,34,4,38
705440359627694081,34,1,35
705462668073762817,34,6,40
705765061923639297,34,0,34
706170263617085445,34,0,34
706334295560843264,34,0,34
706601723067015171,34,2,36
707434425169141761,34,2,36
710569468234211328,34,2,36
711653083529551873,34,3,37
711976037446520833,34,1,35
713083570525487104,34,1,35
713340918443585540,34,11,45
716346117496168452,34,0,34
717121839537852417,34,10,44
718283360540442624,34,83,117
718816526279712768,34,3,37
721084599602966530,34,3,37
721185346797572096,34,2,36
721245691964567552,34,4,38
721424391217635329,34,7,41
722795407068114947,34,4,38
722843940194373634,34,1,35
725007874544422912,34,7,41
727743683085373440,34,0,34
728296044065226752,34,1,35
730124074127609856,34,0,34
734352218099310593,34,0,34
736322868351377408,34,1,35
737319512593158144,34,1,35
737880623092797440,34,4,38
741014101808283649,34,1,35
742290486455504897,34,2,36
743230765392027648,34,1,35
743890811377487873,34,5,39
743967261904379904,34,0,34
744367703511572480,34,12,46
744981881754554369,34,0,34
746474237674684416,34,0,34
746939863547641857,34,40,74
747034257453780992,34,2,36
747842096397164544,34,1,35
748295191585394688,34,7,41
749590114754392064,34,0,34
750820129701785600,34,1,35
751466597420822528,34,9,43
753102160938885120,34,3,37
754286796201086976,34,5,39
755521483045076992,34,10,44
756563692897046528,34,1,35
756634797791858688,34,0,34
756905088724107264,34,2,36
757689964482142208,34,0,34
757870525137817600,34,2,36
758079923651092480,34,0,34
758549398590676992,34,0,34
763827086826110976,34,5,39
765744717288079360,34,1,35
766318102577577985,34,33,67
767585192945016832,34,1,35
768267059495071744,34,0,34
768791161830043648,34,0,34
770124445373591554,34,1,35
770386784962224128,34,0,34
774092138136997889,34,4,38
775128501343006721,34,1,35
776157160527032320,34,4,38
777913524269953024,34,1,35
779784828199854080,34,1,35
784770399162642432,34,0,34
785114914927022080,34,2,36
785229334478979073,34,5,39
785287232341086305,34,4,38
785330939547320321,34,0,34
785888408547708928,34,2,36
785928945413656576,34,1,35
786711289427034113,34,4,38
788961442410139648,34,1,35
789512359693938688,34,0,34
790266936042979328,34,1,35
790631890961047552,34,0,34
971661,33,13,46
3704721,33,2,35
14155179,33,1,34
14566202,33,1,34
15593503,33,1,34
16009327,33,1,34
16375082,33,0,33
16439941,33,2,35
16973693,33,0,33
17069766,33,1,34
17131970,33,6,39
17586038,33,1,34
17919534,33,0,33
18007357,33,0,33
18142127,33,0,33
19212059,33,0,33
19798988,33,1,34
20255569,33,0,33
21041737,33,43,76
21112972,33,1,34
22026906,33,8,41
22208701,33,0,33
22564991,33,2,35
22693900,33,0,33
22844639,33,71,104
22856092,33,4,37
23006862,33,0,33
23260238,33,4,37
23617145,33,8,41
23974759,33,6,39
24128118,33,1,34
24434613,33,1,34
24500438,33,0,33
25655525,33,318,351
25859153,33,1,34
26175308,33,2,35
26603208,33,35,68
29826440,33,2,35
29900310,33,11,44
30335514,33,1,34
32765764,33,6,39
33408119,33,0,33
33973135,33,0,33
35880671,33,2,35
36370935,33,4,37
38627176,33,1,34
40126220,33,1,34
40331907,33,3,36
41009501,33,2,35
41598175,33,2,35
41638738,33,0,33
43391167,33,3,36
44519396,33,2,35
44789289,33,1,34
48630780,33,1,34
49616509,33,17,50
50230100,33,3,36
51243805,33,2,35
52475068,33,0,33
52874873,33,1,34
53056220,33,0,33
55066569,33,0,33
55460035,33,0,33
56076684,33,0,33
56513077,33,0,33
60428049,33,3,36
66171661,33,0,33
66870413,33,0,33
69739698,33,2,35
71631772,33,1,34
74179515,33,4,37
75308194,33,0,33
76921999,33,1,34
77074671,33,0,33
78194344,33,1,34
80088421,33,1,34
81281442,33,11,44
83663354,33,29,62
84111298,33,2,35
86963075,33,8,41
91136700,33,2,35
108448775,33,3,36
109883502,33,3,36
111129351,33,0,33
116034628,33,0,33
118613799,33,0,33
119504200,33,1,34
125991454,33,5,38
126742743,33,0,33
129318404,33,0,33
131229768,33,10,43
133024127,33,3,36
135500979,33,1,34
135860379,33,3,36
136779698,33,1,34
138733375,33,2,35
140364806,33,0,33
154532809,33,0,33
166733807,33,1,34
168280744,33,8,41
178063571,33,157,190
182639708,33,8,41
186562905,33,0,33
197807729,33,1,34
206244842,33,1,34
207075855,33,0,33
208218338,33,1,34
208406496,33,4,37
211281752,33,1,34
215446790,33,2,35
220754622,33,0,33
225980234,33,3,36
226668481,33,0,33
236537234,33,2,35
237904069,33,24,57
239120471,33,6,39
239317927,33,1,34
247078573,33,6,39
247991761,33,3,36
249690709,33,1,34
250044986,33,0,33
255519585,33,5,38
256307364,33,0,33
259717275,33,0,33
261751772,33,1,34
263189865,33,1,34
264933553,33,0,33
265406319,33,0,33
269908647,33,3,36
271111636,33,1,34
274338901,33,1,34
278048411,33,0,33
282311572,33,82,115
282837401,33,2,35
286385325,33,3,36
286611915,33,0,33
291510808,33,2,35
292732274,33,1,34
292987643,33,1,34
294965479,33,2,35
298856575,33,2,35
303341647,33,4,37
312401904,33,0,33
328878936,33,5,38
330476024,33,3,36
330636420,33,5,38
332897589,33,1,34
333502347,33,10,43
334147917,33,0,33
334189096,33,1,34
334672145,33,4,37
334677420,33,0,33
336185185,33,0,33
338609055,33,0,33
344892125,33,0,33
351065345,33,0,33
357920064,33,4,37
363124757,33,2,35
366345469,33,3,36
370531404,33,1,34
406517011,33,19,52
406749494,33,3,36
418183971,33,0,33
421214258,33,2,35
429518052,33,2,35
438734886,33,0,33
442477682,33,5,38
461407034,33,0,33
461803818,33,2,35
462360228,33,5,38
463732269,33,6,39
466910974,33,0,33
467502833,33,1,34
472616280,33,4,37
473470944,33,1,34
474984124,33,2,35
475450029,33,0,33
480468112,33,5,38
484966779,33,3,36
486772028,33,3,36
496034026,33,0,33
525599719,33,1,34
526636421,33,2,35
528893228,33,8,41
533588637,33,1,34
542986589,33,1,34
543137089,33,2,35
553188772,33,2,35
560473499,33,0,33
565392187,33,1,34
567607876,33,0,33
572254714,33,2,35
574906304,33,0,33
577460870,33,2,35
597723223,33,4,37
600676843,33,0,33
607651527,33,0,33
608637244,33,4,37
611231642,33,1,34
622969430,33,0,33
624190591,33,2,35
626503046,33,3,36
633299317,33,2,35
635204452,33,0,33
707509885,33,1,34
733358491,33,1,34
763932978,33,0,33
773798108,33,0,33
774920402,33,0,33
777088074,33,3,36
784572878,33,2,35
786202915,33,0,33
796527092,33,3,36
803856074,33,0,33
833504414,33,0,33
835882182,33,0,33
838834219,33,0,33
863112138,33,4,37
874668458,33,1,34
880043546,33,0,33
880915572,33,3,36
896663095,33,13,46
898793922,33,0,33
923966221,33,2,35
928609825,33,0,33
950901037,33,2,35
953127818,33,1,34
974208194,33,0,33
974941968,33,1,34
977147916,33,1,34
995021599,33,1,34
1008670964,33,0,33
1027202444,33,3,36
1072779949,33,2,35
1077390931,33,4,37
1078094414,33,8,41
1125919046,33,0,33
1146451310,33,2,35
1165934089,33,11,44
1177749511,33,5,38
1212980208,33,0,33
1293232651,33,2,35
1302051864,33,1,34
1317306907,33,0,33
1335691658,33,2,35
1363429202,33,3,36
1369895352,33,1,34
1373825996,33,1,34
1429320763,33,8,41
1431515167,33,0,33
1439420180,33,0,33
1466848657,33,2,35
1473117674,33,0,33
1558285112,33,0,33
1564394012,33,0,33
1567096106,33,0,33
1584532416,33,2,35
1585942327,33,0,33
1620807828,33,0,33
1621868402,33,2,35
1642055916,33,1,34
1655764603,33,0,33
1659221779,33,9,42
1671666800,33,8,41
1948206732,33,1,34
1957816716,33,0,33
1963305084,33,3,36
2147720607,33,4,37
2151584808,33,0,33
2152887491,33,5,38
2182328123,33,0,33
2188580912,33,1,34
2190315380,33,0,33
2260877996,33,5,38
2284527962,33,0,33
2292444842,33,0,33
2305593470,33,3,36
2341830598,33,3,36
2349500015,33,2,35
2363282160,33,1,34
2363741781,33,0,33
2376897325,33,0,33
2386014535,33,1,34
2422857948,33,9,42
2423923734,33,0,33
2461452080,33,3,36
2470726178,33,1,34
2500180849,33,1,34
2502210610,33,0,33
2511118496,33,3,36
2528734262,33,2,35
2552660940,33,0,33
2591748824,33,0,33
2592607476,33,4,37
2601706543,33,1,34
2638470127,33,5,38
2649603068,33,0,33
2651123542,33,2,35
2661682980,33,30,63
2678507624,33,1,34
2714514184,33,1,34
2725265705,33,0,33
2732189535,33,0,33
2753078363,33,2,35
2768705528,33,3,36
2777081299,33,3,36
2802616144,33,9,42
2811559556,33,0,33
2832742492,33,4,37
2850885256,33,1,34
2859193062,33,3,36
2865996064,33,0,33
2872381109,33,1,34
2880122418,33,1,34
2891477268,33,20,53
2900199711,33,1,34
2914194664,33,0,33
2938300815,33,2,35
2940416491,33,0,33
2958647850,33,0,33
2981310283,33,2,35
2981739731,33,2,35
2988263369,33,0,33
2992918764,33,5,38
2992982113,33,6,39
3038448744,33,2,35
3044814820,33,1,34
3049702774,33,0,33
3078888900,33,5,38
3082103783,33,0,33
3087215919,33,1,34
3091032342,33,2,35
3102061236,33,0,33
3147366720,33,1,34
3222603005,33,5,38
3225752815,33,0,33
3230073566,33,3,36
3230944180,33,42,75
3237317506,33,0,33
3252255049,33,1,34
3262189247,33,0,33
3268217642,33,3,36
3272432550,33,3,36
3273444259,33,1,34
3274781244,33,2,35
3276668192,33,0,33
3280024586,33,1,34
3309406657,33,3,36
3317649485,33,673,706
3320668554,33,0,33
3330850514,33,1,34
3332539701,33,0,33
3347633549,33,3,36
3349299893,33,0,33
3389743767,33,0,33
3426815657,33,0,33
3427421892,33,3,36
3430727757,33,2,35
3436973898,33,1,34
3532067113,33,3,36
3535592477,33,2,35
3567518362,33,5,38
3575378472,33,0,33
3656965641,33,0,33
3704509697,33,1,34
3709571592,33,1,34
3752375848,33,0,33
3821227853,33,59,92
3837034932,33,1,34
3849470423,33,0,33
3856166652,33,2,35
3877226181,33,0,33
3886882694,33,0,33
3950505686,33,0,33
4049454617,33,2,35
4068850692,33,2,35
4110734913,33,1,34
4160659823,33,0,33
4186843694,33,30,63
4188839159,33,0,33
4219716856,33,0,33
4294163174,33,1,34
4440477501,33,4,37
4491301093,33,1,34
4500067813,33,3,36
4508317473,33,1,34
4519046181,33,3,36
4539392354,33,0,33
4583509888,33,1,34
4647391693,33,3,36
4663571046,33,0,33
4705719842,33,0,33
4723652773,33,0,33
4728945939,33,5,38
4785474946,33,5,38
4822683460,33,25,58
4828981858,33,1,34
4845279488,33,3,36
4855431552,33,0,33
4861014138,33,0,33
4868153237,33,8,41
4894714154,33,0,33
4924013120,33,1,34
4924799507,33,1,34
701322706495602688,33,0,33
704456321345703937,33,0,33
705408746705559552,33,1,34
706562556371058690,33,1,34
706792464506458112,33,0,33
707268711674150912,33,1,34
708473261097689088,33,4,37
708475007572115456,33,1,34
709066110537043968,33,0,33
710800779750277120,33,1,34
711563738617262080,33,2,35
712046046147436544,33,1,34
715331991244242944,33,1,34
717795762734649344,33,2,35
718794534579257344,33,0,33
720830388994576384,33,4,37
721788256711409664,33,0,33
722561814106648577,33,6,39
722915786969329665,33,0,33
723262061950590976,33,0,33
723740118687731713,33,0,33
726604728117956609,33,2,35
728641950811852800,33,0,33
731549970990518273,33,7,40
733278643007459328,33,31,64
733310629575053313,33,4,37
733321207441989632,33,0,33
733647579070730240,33,1,34
736753920916082688,33,6,39
738031868923150336,33,4,37
742785974527201280,33,3,36
744291583625859072,33,0,33
746142066539925504,33,0,33
746772082155995136,33,1,34
749572677707390976,33,12,45
750472856107180033,33,1,34
751458536631132161,33,0,33
752240832279896064,33,2,35
755134211493953536,33,0,33
757117204198490112,33,78,111
757372694400729088,33,1,34
757772480186638341,33,0,33
758658213785001984,33,1,34
758699773339824128,33,4,37
759044070874415104,33,5,38
759155531332390912,33,19,52
760061445354745856,33,0,33
762759912048906240,33,1,34
763916861411102720,33,2,35
764104351606382593,33,1,34
767604438718644224,33,5,38
773245942833225729,33,1,34
775668002674974720,33,2,35
780151685159223297,33,0,33
780943391102267396,33,4,37
781955843705143296,33,0,33
782432863224561665,33,0,33
785492907423916032,33,5,38
785844037894963200,33,2,35
787052947062611968,33,0,33
787083805798572032,33,2,35
789920978486829056,33,0,33
793116215896117248,33,1,34
795045825219072000,33,1,34
806527312862842884,33,0,33
1064591,32,1,33
5385802,32,12,44
8470932,32,4,36
14454814,32,6,38
14503017,32,1,33
14787799,32,3,35
14833495,32,0,32
14934249,32,1,33
15545122,32,19,51
15831043,32,0,32
16313037,32,1,33
16471667,32,0,32
17686959,32,88,120
18363806,32,0,32
19561541,32,0,32
20268039,32,9,41
20312809,32,2,34
20617541,32,0,32
20702013,32,37,69
21295919,32,3,35
21930092,32,0,32
22141405,32,3,35
22146095,32,0,32
22415679,32,2,34
22548342,32,8,40
23445502,32,0,32
23522649,32,1,33
24503209,32,2,34
25097371,32,36,68
25639323,32,0,32
25776681,32,2,34
25967788,32,0,32
28844869,32,1,33
28910203,32,0,32
29061853,32,2,34
29455283,32,0,32
30359476,32,0,32
30961636,32,1,33
32502282,32,0,32
33424339,32,2,34
33837758,32,2,34
34129680,32,3,35
34822906,32,0,32
34824846,32,11,43
34844572,32,33,65
37272075,32,0,32
37650763,32,1,33
37845006,32,1,33
38751869,32,0,32
38759727,32,2,34
39698272,32,5,37
40921511,32,6,38
41399055,32,3,35
44542844,32,2,34
44983352,32,41,73
46726877,32,6,38
47101524,32,71,103
47808357,32,11,43
47822036,32,0,32
49524978,32,4,36
49931341,32,10,42
49966475,32,5,37
50064327,32,3,35
50836519,32,0,32
51467573,32,3,35
51855187,32,0,32
52399952,32,7,39
54031747,32,2,34
54175963,32,1,33
54386976,32,16,48
55943959,32,5,37
57985206,32,6,38
59693131,32,11,43
64002024,32,1,33
64943336,32,0,32
65803294,32,114,146
65933324,32,0,32
68049571,32,7,39
68503084,32,2,34
70209480,32,8,40
70414498,32,3,35
74170337,32,0,32
78330077,32,3,35
79228319,32,13,45
83696994,32,0,32
85144184,32,0,32
85500878,32,0,32
90716367,32,1,33
92370453,32,0,32
95029703,32,2,34
100834759,32,3,35
103685034,32,0,32
104394500,32,0,32
108374171,32,0,32
118143600,32,2,34
120994148,32,1,33
121689892,32,4,36
123078358,32,0,32
135162497,32,0,32
135577188,32,1,33
135984761,32,0,32
137850413,32,1,33
138264201,32,1,33
142260298,32,0,32
152720466,32,6,38
162078051,32,8,40
165824753,32,0,32
166426753,32,8,40
173835301,32,3,35
180728640,32,0,32
182037443,32,15,47
184780576,32,7,39
193587776,32,1,33
193759500,32,1,33
196300844,32,0,32
198351204,32,1,33
218041902,32,2,34
223996109,32,1,33
224560141,32,0,32
224717981,32,1,33
227821431,32,1,33
227849128,32,3,35
233305430,32,4,36
242184225,32,1,33
243039783,32,1,33
245799603,32,2,34
258599690,32,1,33
258958718,32,2,34
260613788,32,32,64
261331780,32,0,32
263230222,32,0,32
267260555,32,0,32
270519221,32,2,34
277069083,32,0,32
277171795,32,2,34
278737142,32,9,41
297734644,32,6,38
299188947,32,27,59
301579240,32,0,32
302934462,32,0,32
303221379,32,2,34
304108848,32,2,34
314059037,32,1,33
319899633,32,3,35
325875562,32,0,32
328542104,32,1,33
335523025,32,0,32
335645986,32,2,34
335851836,32,1,33
337611162,32,0,32
343699311,32,0,32
349406681,32,0,32
358918792,32,53,85
362678762,32,0,32
370346711,32,0,32
371000239,32,1,33
377540405,32,27,59
377738649,32,11,43
381419034,32,1,33
382108851,32,1,33
383029629,32,0,32
396000863,32,0,32
397388188,32,1,33
403748836,32,2,34
408023195,32,1,33
424769541,32,0,32
430057402,32,94,126
447892829,32,4,36
460420428,32,3,35
469795401,32,1,33
471537637,32,2,34
490670185,32,0,32
496148442,32,4,36
514955038,32,2,34
515728731,32,4,36
516103610,32,2,34
516716585,32,0,32
520044571,32,2,34
529551094,32,0,32
530003517,32,1,33
531787097,32,0,32
531887214,32,0,32
548401368,32,0,32
552382596,32,3,35
556663797,32,2,34
556955675,32,2,34
557965039,32,3,35
558045041,32,1,33
560242800,32,0,32
562357936,32,2,34
563757940,32,3,35
568328339,32,2,34
571621476,32,0,32
579604254,32,1,33
588229029,32,29,61
590232437,32,2,34
608037041,32,0,32
622459795,32,4,36
623805899,32,34,66
627850271,32,2,34
637201512,32,3,35
731361834,32,7,39
782708911,32,1,33
785812196,32,0,32
818232091,32,0,32
823358438,32,2,34
836831760,32,3,35
840260323,32,1,33
845738432,32,0,32
847131722,32,0,32
851737482,32,3,35
856546831,32,2,34
861193664,32,2,34
872688145,32,1,33
881316235,32,0,32
884436247,32,1,33
905019768,32,1,33
908299470,32,2,34
950528365,32,0,32
987276150,32,4,36
1143427123,32,0,32
1152901056,32,2,34
1176537264,32,5,37
1216771548,32,0,32
1226408898,32,0,32
1244813546,32,5,37
1252192320,32,2,34
1317573619,32,2,34
1326561475,32,0,32
1349309172,32,0,32
1364121194,32,2,34
1368917580,32,0,32
1383647425,32,25,57
1439502062,32,3,35
1452414205,32,1,33
1475664978,32,0,32
1496319918,32,45,77
1561841910,32,1,33
1590030210,32,12,44
1601809441,32,1,33
1602062761,32,0,32
1648614846,32,0,32
1652178457,32,2,34
1654328281,32,3,35
1656584834,32,1,33
1689840086,32,3,35
1694147149,32,0,32
1713717439,32,1,33
1876803560,32,1,33
1880694320,32,1,33
1881242641,32,1,33
1892706422,32,1,33
1905590354,32,2,34
1916227254,32,2,34
1923926888,32,2,34
1930957724,32,0,32
1948566475,32,0,32
1957948550,32,174,206
2174196228,32,0,32
2208948786,32,0,32
2211557965,32,0,32
2222074681,32,2,34
2226722576,32,1,33
2235082710,32,0,32
2235375674,32,0,32
2303077585,32,0,32
2315567360,32,25,57
2342479104,32,1,33
2352554992,32,1,33
2354950216,32,7,39
2359840116,32,0,32
2363947608,32,2,34
2372023345,32,1,33
2376931951,32,0,32
2377993263,32,2,34
2380488122,32,0,32
2389509259,32,0,32
2417578280,32,1,33
2419643551,32,0,32
2432406973,32,0,32
2437786279,32,0,32
2451732978,32,0,32
2470064492,32,0,32
2480250607,32,0,32
2505993487,32,0,32
2546446292,32,0,32
2548705994,32,3,35
2561543528,32,1,33
2573809598,32,0,32
2598963590,32,1,33
2601987001,32,4,36
2608956567,32,95,127
2643648334,32,3,35
2683660098,32,0,32
2706645518,32,6,38
2710041828,32,3,35
2720985711,32,0,32
2725063516,32,0,32
2741028829,32,1,33
2753101117,32,0,32
2763882690,32,4,36
2767689713,32,3,35
2774660844,32,12,44
2779880657,32,1,33
2782540259,32,80,112
2783556584,32,1,33
2795274284,32,3,35
2796896663,32,0,32
2806538506,32,2,34
2819948867,32,6,38
2828068783,32,11,43
2854752538,32,4,36
2867786359,32,2,34
2875700829,32,1,33
2881159244,32,3,35
2893615324,32,0,32
2894032402,32,1,33
2897186950,32,1,33
2899667551,32,13,45
2922345639,32,6,38
2939917980,32,1,33
2984315612,32,2,34
2990815466,32,1,33
2991444461,32,0,32
2998921151,32,15,47
3005338850,32,0,32
3009290796,32,0,32
3010279711,32,1,33
3027136328,32,2,34
3051775448,32,4,36
3075611245,32,2,34
3081150402,32,2,34
3108028516,32,6,38
3122063100,32,2,34
3150825104,32,0,32
3179416538,32,2,34
3179913415,32,1,33
3196378109,32,1,33
3219435535,32,0,32
3252427103,32,4,36
3253872859,32,117,149
3286921321,32,1,33
3289517712,32,2,34
3300897852,32,0,32
3308686370,32,6,38
3308780358,32,1,33
3309030811,32,0,32
3309410179,32,1,33
3316379060,32,3,35
3321093093,32,0,32
3322495152,32,0,32
3326803669,32,3,35
3331438299,32,0,32
3351985150,32,1,33
3352811752,32,4,36
3369341459,32,3,35
3371687206,32,6,38
3373263501,32,0,32
3373787331,32,10,42
3374059366,32,1,33
3402935435,32,8,40
3406622921,32,1,33
3419251773,32,2,34
3434305366,32,58,90
3434525997,32,3,35
3481462632,32,2,34
3558723977,32,0,32
3610183155,32,1,33
3639843072,32,3,35
3657635540,32,0,32
3685845554,32,0,32
3690288257,32,9,41
3699372194,32,5,37
3762107189,32,0,32
3887004793,32,2,34
3900933074,32,0,32
3906673351,32,1,33
3934105634,32,6,38
3948409287,32,0,32
4057229428,32,3,35
4065268685,32,1,33
4174835657,32,1,33
4181605174,32,0,32
4197687407,32,6,38
4237222877,32,0,32
4259633173,32,4,36
4362647958,32,6,38
4384459071,32,0,32
4497975453,32,0,32
4537963534,32,0,32
4574801895,32,0,32
4608306202,32,1,33
4628215283,32,0,32
4754265403,32,1,33
4765885723,32,5,37
4841505674,32,4,36
4851732495,32,1,33
4857807669,32,0,32
4860372490,32,0,32
4902276596,32,4,36
4926451633,32,0,32
700916397828780032,32,0,32
701471466492137472,32,0,32
701635568040615936,32,0,32
701791937372823553,32,0,32
702268182334078976,32,0,32
702687397721608193,32,5,37
704767544297545728,32,0,32
705092549971681281,32,9,41
705444833779806208,32,1,33
705589955922276352,32,0,32
705594282418245632,32,15,47
706625433790455808,32,1,33
706877059813871616,32,0,32
706957320165654529,32,2,34
707959452750761985,32,30,62
708472457364172800,32,1,33
709087996851691521,32,0,32
709175213439627264,32,0,32
710457041249247233,32,3,35
711246080097329153,32,3,35
711345995506778112,32,1,33
711863220462624770,32,0,32
713447417287299072,32,0,32
715685027749605378,32,1,33
715988903732359169,32,1,33
716718406515429377,32,0,32
717361483303272448,32,3,35
718400822980276224,32,1,33
719915239513436160,32,0,32
720398081234051072,32,33,65
721764949492690944,32,1,33
724040092671709184,32,1,33
726784186217062400,32,2,34
726960078859976704,32,13,45
727348590507642880,32,1,33
727537643995680768,32,5,37
727800899813449732,32,0,32
728326774027919360,32,0,32
730626865778434048,32,0,32
731277824951128064,32,2,34
733034434031693824,32,0,32
733403248531406849,32,2,34
733432007049482246,32,1,33
733664876149805056,32,0,32
734230549032620032,32,5,37
735893868302995456,32,0,32
736347371005566977,32,1,33
736928475412627457,32,2,34
737327980377219073,32,0,32
738424563634081792,32,5,37
738464598735618048,32,0,32
738470646443741184,32,1,33
738562316443254785,32,1,33
739413453534728192,32,0,32
739473798622248960,32,0,32
740281847033122817,32,0,32
743773512230440960,32,9,41
743774301405347840,32,0,32
744952778930294784,32,1,33
745307089489190912,32,0,32
746168414998138880,32,2,34
746537986871857155,32,2,34
748638568776601604,32,2,34
752227514676809728,32,4,36
753832292519284736,32,1,33
754518774624034816,32,1,33
755223683422162944,32,3,35
755455172093046784,32,47,79
756558822609678336,32,3,35
757780037848272896,32,1,33
758038795639853056,32,1,33
759460422223290368,32,2,34
760302672218099712,32,0,32
761531476928180224,32,0,32
761711481347911681,32,1,33
761954314436894720,32,0,32
763553629533974528,32,2,34
763891017753829376,32,5,37
767097077184749568,32,1,33
767355839535456257,32,0,32
768169446863089668,32,0,32
768929562457759744,32,3,35
769005411605286912,32,2,34
769291590862905344,32,2,34
769716882517598208,32,0,32
769877140846370817,32,0,32
772182020181024768,32,1,33
773342482465755136,32,1,33
777927463385100292,32,1,33
780611680115884032,32,0,32
781964899597492224,32,0,32
782219111606652928,32,1,33
783665694256660480,32,0,32
784174055108677632,32,0,32
784292065924362240,32,1,33
784566226999767040,32,3,35
785085656573751296,32,0,32
785593287927148544,32,0,32
786368857149677568,32,1,33
786596529796739072,32,0,32
789581157079842817,32,1,33
791075490891177986,32,1,33
791957863249829888,32,1,33
792156104365146112,32,7,39
792450401731829760,32,0,32
793966820805918720,32,0,32
800540782893535232,32,7,39
11233922,31,2,33
12691912,31,0,31
14098607,31,32,63
14169184,31,2,33
14303901,31,34,65
15244807,31,5,36
15710392,31,4,35
16016946,31,1,32
16246600,31,0,31
16933756,31,0,31
17238838,31,1,32
17833458,31,0,31
18063275,31,0,31
18539060,31,0,31
19211550,31,4,35
19515182,31,2,33
19899606,31,2,33
20532568,31,1,32
20834145,31,1,32
21231531,31,1,32
21416153,31,6,37
21430553,31,1,32
21754958,31,7,38
22095918,31,2,33
22116240,31,1,32
22272525,31,0,31
23286054,31,0,31
23882137,31,4,35
24535839,31,0,31
25948917,31,3,34
26015031,31,14,45
28051710,31,4,35
28146479,31,1,32
29738107,31,0,31
29888040,31,1,32
30063549,31,1,32
30541239,31,4,35
31295465,31,1,32
31759781,31,2,33
32292455,31,3,34
32956032,31,1,32
33252751,31,1,32
33378508,31,0,31
34225918,31,0,31
34925099,31,0,31
35254201,31,1,32
36616694,31,1,32
37076194,31,1,32
39678501,31,2,33
40675306,31,1,32
40755803,31,0,31
42719424,31,0,31
43052896,31,38,69
43181625,31,7,38
47406802,31,0,31
48448141,31,25,56
49360504,31,3,34
49383967,31,1,32
50116463,31,1,32
51929238,31,0,31
52110681,31,0,31
54669026,31,0,31
54800309,31,1,32
55207986,31,1,32
55817905,31,1,32
56383613,31,0,31
57859575,31,2,33
59171389,31,1,32
61269457,31,0,31
61850552,31,0,31
63379962,31,1,32
63762686,31,1,32
65977908,31,3,34
67834193,31,0,31
71172514,31,0,31
71609345,31,0,31
73438641,31,1,32
74352982,31,0,31
80642818,31,3,34
83696620,31,2,33
84932800,31,6,37
88199127,31,7,38
88459400,31,8,39
92375131,31,0,31
95987075,31,0,31
97638645,31,0,31
98983044,31,0,31
100909514,31,4,35
105345807,31,3,34
109556764,31,18,49
111680876,31,1,32
113453298,31,0,31
115221411,31,0,31
117734032,31,4,35
122645569,31,0,31
126097850,31,3,34
126810099,31,1,32
128057998,31,0,31
128990886,31,30,61
135376922,31,3,34
136114272,31,0,31
137479625,31,4,35
146666161,31,0,31
153493034,31,1,32
155078285,31,20,51
158200959,31,0,31
160725808,31,0,31
162455570,31,0,31
169315871,31,0,31
169479357,31,1,32
173320139,31,0,31
173816046,31,0,31
181771233,31,2,33
185201341,31,7,38
190054680,31,1,32
190445775,31,4,35
193622584,31,8,39
193972607,31,4,35
193986763,31,2,33
195154644,31,1,32
196579078,31,0,31
199320876,31,2,33
202157841,31,1,32
207767402,31,1,32
220175178,31,1,32
226771694,31,0,31
229701797,31,2,33
242954148,31,38,69
246964352,31,0,31
248794070,31,1,32
249130717,31,0,31
251622278,31,2,33
251839291,31,0,31
256690928,31,0,31
259235653,31,0,31
262425295,31,5,36
262800802,31,22,53
264234073,31,1,32
265681909,31,3,34
269199676,31,0,31
270112367,31,1,32
270763468,31,0,31
276526861,31,0,31
305963186,31,0,31
308069641,31,0,31
312248392,31,204,235
313542861,31,0,31
315062034,31,1,32
315269055,31,1,32
317145743,31,0,31
319777109,31,0,31
326957730,31,5,36
327939439,31,34,65
328266970,31,2,33
329144572,31,2,33
330386339,31,1,32
337924783,31,0,31
338577578,31,0,31
339136008,31,0,31
357650733,31,2,33
361557521,31,5,36
364373899,31,0,31
366837962,31,2,33
368120569,31,1,32
370150144,31,1,32
371515056,31,0,31
371573470,31,1,32
373569258,31,1,32
374577469,31,2,33
381276559,31,86,117
390833402,31,4,35
392371418,31,0,31
394374488,31,3,34
394392730,31,9,40
400364870,31,0,31
402503039,31,3,34
407349090,31,1,32
409525621,31,0,31
409735484,31,10,41
411046193,31,3,34
412611552,31,18,49
413964250,31,0,31
414847200,31,1,32
415899014,31,0,31
420285647,31,0,31
423669642,31,0,31
431134324,31,1,32
431819231,31,0,31
432393010,31,5,36
434293941,31,1,32
438136994,31,2,33
444384825,31,0,31
444551766,31,3,34
450732687,31,2,33
457100694,31,1,32
464228783,31,176,207
472578030,31,1,32
475376364,31,1,32
479162158,31,0,31
484315301,31,0,31
503110156,31,1,32
512529083,31,1,32
514919679,31,2,33
517188455,31,4,35
518399661,31,3,34
521167914,31,0,31
525716208,31,4,35
525897438,31,0,31
535977623,31,17,48
539324792,31,0,31
543570964,31,0,31
543825564,31,0,31
553610484,31,0,31
557822951,31,4,35
558176031,31,0,31
558796482,31,2,33
560369534,31,3,34
566273326,31,0,31
574185238,31,0,31
577599672,31,0,31
594793018,31,5,36
607548922,31,1,32
635695613,31,2,33
701836302,31,0,31
702908163,31,5,36
739815102,31,3,34
745460419,31,1,32
759920736,31,0,31
760600202,31,3,34
767403506,31,1,32
774398426,31,1,32
787992990,31,0,31
794407608,31,1,32
822236245,31,0,31
835670628,31,4,35
853711446,31,5,36
867074707,31,0,31
870494790,31,3,34
879375541,31,1,32
889753225,31,2,33
913217281,31,0,31
932662676,31,1,32
937112780,31,0,31
940368062,31,0,31
967377534,31,1,32
970441448,31,1,32
971701411,31,1,32
985209492,31,0,31
991417058,31,1,32
1010242938,31,40,71
1023829232,31,0,31
1027064312,31,4,35
1039992620,31,2,33
1063797871,31,0,31
1069795652,31,1,32
1078616966,31,1,32
1097027300,31,1,32
1205945437,31,2,33
1206613706,31,3,34
1207624764,31,1,32
1213317290,31,6,37
1225139749,31,0,31
1247857681,31,1,32
1253625300,31,2,33
1344444050,31,1,32
1367646829,31,3,34
1372334730,31,0,31
1374064320,31,4,35
1379977964,31,0,31
1389491784,31,1,32
1406015426,31,3,34
1406090676,31,0,31
1414148558,31,0,31
1418897785,31,0,31
1452076885,31,1,32
1460958716,31,7,38
1490530716,31,3,34
1511640528,31,3,34
1546826034,31,0,31
1563908942,31,0,31
1581319537,31,1,32
1601702700,31,0,31
1623513960,31,0,31
1632447824,31,0,31
1635157651,31,1,32
1663972316,31,0,31
1692332671,31,0,31
1713162734,31,1,32
1714715671,31,0,31
1779400009,31,2,33
1850025186,31,1,32
1872328056,31,1,32
1912605966,31,0,31
1924722175,31,0,31
1945471525,31,4,35
1952616246,31,0,31
1955037554,31,2,33
2227000550,31,0,31
2229205690,31,1,32
2231772223,31,8,39
2256488685,31,1,32
2264884166,31,1,32
2265784546,31,0,31
2312970171,31,1,32
2321655144,31,2,33
2324993199,31,5,36
2328854769,31,0,31
2342158009,31,1,32
2354132022,31,2,33
2380753334,31,2,33
2409427819,31,2,33
2414639174,31,8,39
2414809730,31,0,31
2470382715,31,0,31
2482564454,31,1,32
2509208545,31,10,41
2571259391,31,0,31
2572210154,31,2,33
2577234667,31,0,31
2579392453,31,3,34
2591850408,31,0,31
2606631223,31,1,32
2651479032,31,3,34
2663706607,31,1,32
2700350600,31,1,32
2725846373,31,0,31
2728564708,31,4,35
2729892194,31,0,31
2736359780,31,16,47
2751363538,31,0,31
2780349343,31,0,31
2785187253,31,0,31
2834647215,31,4,35
2835302481,31,1,32
2849157505,31,4,35
2851567917,31,1,32
2858265918,31,0,31
2863981279,31,5,36
2870986553,31,0,31
2901997214,31,0,31
2912052396,31,3,34
2924844877,31,1,32
2927486686,31,0,31
2932232055,31,0,31
2950999113,31,6,37
2959996754,31,1,32
2961282598,31,6,37
2963455081,31,0,31
2972603730,31,0,31
2973332381,31,1,32
2981931988,31,0,31
2992220948,31,41,72
2997917589,31,0,31
3002623375,31,0,31
3007502276,31,15,46
3007649562,31,0,31
3013884787,31,1,32
3033694176,31,0,31
3065731996,31,0,31
3086048431,31,0,31
3087829876,31,2,33
3090939294,31,3,34
3150627607,31,1,32
3163091378,31,1,32
3195774341,31,0,31
3272470699,31,1,32
3273686822,31,0,31
3279791720,31,3,34
3284358254,31,3,34
3297018338,31,1,32
3304624766,31,7,38
3307295642,31,39,70
3309076194,31,2,33
3309330103,31,2,33
3315515508,31,1,32
3320711341,31,0,31
3369332271,31,0,31
3370804054,31,2,33
3399851125,31,2,33
3400377634,31,0,31
3400783660,31,0,31
3403358770,31,1,32
3412842071,31,4,35
3430464335,31,22,53
3433542112,31,0,31
3446400141,31,1,32
3447318737,31,0,31
3538886836,31,0,31
3578921292,31,2,33
3718933637,31,8,39
3736102154,31,1,32
3738735440,31,6,37
3754203439,31,2,33
3839311094,31,33,64
3889441812,31,7,38
3923526221,31,3,34
4067308933,31,13,44
4128509135,31,1,32
4136288014,31,3,34
4144822943,31,4,35
4200476578,31,0,31
4200649324,31,0,31
4210963228,31,0,31
4211424263,31,4,35
4247238738,31,2,33
4346983639,31,2,33
4378548322,31,2,33
4404234263,31,0,31
4473046635,31,0,31
4630508963,31,3,34
4645207093,31,1,32
4651662108,31,0,31
4691819016,31,0,31
4710023955,31,1,32
4721261321,31,1,32
4736466269,31,0,31
4746444355,31,4,35
4770819067,31,1,32
4799328876,31,1,32
4824686469,31,0,31
4831262592,31,7,38
4840436542,31,3,34
4859290759,31,0,31
4874948752,31,2,33
4878021700,31,2,33
4915505566,31,1,32
702477697696473088,31,1,32
702991518420885505,31,1,32
703159573411028992,31,6,37
703382437997445120,31,3,34
703387270603091968,31,0,31
703715923371360258,31,2,33
704720247224475649,31,2,33
705464031323168768,31,1,32
705888798333386753,31,0,31
706057240319561728,31,3,34
706242358422024197,31,1,32
706276161148604416,31,1,32
708367303616802816,31,0,31
708492474272985088,31,3,34
708803925504348161,31,0,31
709028843772731394,31,0,31
709600530285211648,31,18,49
710664381697171456,31,22,53
711410423808049152,31,0,31
713143274631000064,31,2,33
713857567898910720,31,1,32
715546508750426112,31,1,32
716002600626298882,31,2,33
717191759147573248,31,2,33
717760565771431936,31,0,31
721122884190674944,31,0,31
721456838286422017,31,11,42
722247664121856001,31,4,35
722635060856406018,31,18,49
724481913658830848,31,2,33
724594033033666561,31,0,31
725709705289555968,31,2,33
728337592173760512,31,2,33
732381681471127554,31,0,31
733705474625822720,31,0,31
733730879898554368,31,2,33
734163328809979904,31,0,31
737157292085284864,31,0,31
738759178139770880,31,313,344
740018228693327873,31,4,35
742434019166420992,31,0,31
744156414126481408,31,4,35
746364687785332736,31,34,65
746611260448452608,31,0,31
746739304035123202,31,1,32
746776023262466048,31,1,32
747942001342091265,31,1,32
748693480570916865,31,1,32
748822976687112192,31,0,31
750356877800767489,31,0,31
750423992087900160,31,0,31
750518836890247168,31,0,31
755152059335401473,31,0,31
756353529770602496,31,2,33
756834039810498560,31,0,31
757768475884609539,31,1,32
757945226581250049,31,1,32
758892492104142848,31,5,36
759818994996043780,31,1,32
759834095262240768,31,1,32
760546878110838784,31,0,31
760930001348722688,31,0,31
761395706443825152,31,2,33
762784033629614080,31,0,31
763567741076959232,31,2,33
766079939921805312,31,0,31
766091761085276160,31,1,32
769359462926692352,31,1,32
770741168300695552,31,1,32
772930000651743232,31,3,34
774027448333852672,31,2,33
775037118074720256,31,2,33
776534347486683136,31,1,32
777239811925086208,31,1,32
777402151731548160,31,0,31
779812450581422080,31,2,33
780147609335762945,31,0,31
780891230146334720,31,1,32
781606219626651648,31,37,68
781916141522395137,31,0,31
782556135354015744,31,4,35
782804193585336320,31,1,32
783781681433944066,31,0,31
784782734476488704,31,0,31
785806035118198784,31,2,33
786024164637433856,31,0,31
786667916284534784,31,0,31
787786631025614848,31,2,33
787941261353164800,31,0,31
790242243110055936,31,4,35
794744669536141312,31,0,31
795103722682642432,31,1,32
798625607949185024,31,0,31
810924463596240896,31,0,31
11650472,30,47,77
13957012,30,4,34
14784838,30,0,30
14962178,30,17,47
15828077,30,0,30
16449355,30,1,31
16596145,30,2,32
16598023,30,1,31
16729563,30,1,31
16823666,30,0,30
17520908,30,7,37
17580892,30,142,172
18604137,30,13,43
18785821,30,0,30
19094006,30,2,32
19269578,30,2,32
19278454,30,0,30
19424979,30,0,30
19920619,30,1,31
20201631,30,0,30
20262122,30,0,30
20644194,30,0,30
20686956,30,3,33
21572910,30,5,35
21604529,30,2,32
22523182,30,1,31
22657288,30,0,30
22674471,30,8,38
22784691,30,1,31
22964781,30,3,33
23154538,30,3,33
23443030,30,6,36
23860507,30,77,107
23998456,30,4,34
24920077,30,13,43
25207598,30,187,217
25864669,30,0,30
26038491,30,4,34
26043187,30,2,32
27487661,30,2,32
28759149,30,1,31
29557078,30,1,31
29689907,30,4,34
30299535,30,0,30
30336420,30,8,38
30700790,30,0,30
31042387,30,0,30
31326703,30,3,33
32620288,30,1,31
32822134,30,10,40
33070154,30,3,33
33977442,30,1,31
33978796,30,0,30
34665063,30,4,34
35132551,30,17,47
36012557,30,3,33
36060489,30,36,66
37033886,30,9,39
37194117,30,1,31
37324914,30,3,33
37387025,30,2,32
40047120,30,0,30
40164923,30,3,33
40290737,30,3,33
40311118,30,5,35
40601473,30,78,108
40896353,30,3,33
42508115,30,0,30
42760278,30,2,32
42912657,30,4,34
44304085,30,0,30
46446876,30,0,30
47673131,30,3,33
49709806,30,0,30
49810250,30,17,47
54214482,30,0,30
54266097,30,3,33
55975531,30,7,37
56079107,30,2,32
58966831,30,14,44
59528873,30,2,32
60291691,30,2,32
64067668,30,2,32
67328619,30,0,30
67386663,30,1,31
70491757,30,0,30
72133241,30,0,30
74245749,30,1,31
81951329,30,2,32
82757763,30,4,34
83082117,30,0,30
85175754,30,4,34
85881268,30,105,135
87124838,30,4,34
87133189,30,10,40
89277004,30,0,30
90841218,30,4,34
91272139,30,2,32
92075232,30,8,38
93710794,30,2,32
101052299,30,0,30
106211842,30,4,34
113367070,30,0,30
114641566,30,1,31
116239679,30,1,31
116242348,30,1,31
119242296,30,1,31
119372154,30,1,31
119374225,30,1,31
121521978,30,1,31
123102547,30,20,50
123104786,30,4,34
130203314,30,0,30
131018989,30,51,81
133344166,30,1,31
141443118,30,17,47
151633342,30,174,204
154022203,30,1,31
154129921,30,2,32
155388582,30,1,31
158397313,30,1,31
158803720,30,2,32
162427235,30,2,32
164517537,30,2,32
167602761,30,0,30
169287189,30,1,31
175694185,30,1,31
178830272,30,3,33
179688121,30,42,72
185608493,30,1,31
186306688,30,2,32
199909211,30,3,33
202289395,30,2,32
204475242,30,36,66
214912969,30,1,31
221334900,30,3,33
232750303,30,4,34
236843654,30,0,30
236994654,30,0,30
237422935,30,0,30
242051914,30,82,112
248495275,30,1,31
248692627,30,2,32
257304118,30,10,40
258537744,30,2,32
261070450,30,0,30
264761699,30,0,30
266971640,30,0,30
273239749,30,0,30
273807743,30,1,31
274347607,30,0,30
281260988,30,0,30
283596167,30,0,30
286646117,30,1,31
286772735,30,0,30
294918280,30,31,61
302493941,30,0,30
304123273,30,1,31
304853118,30,0,30
305330589,30,5,35
306743476,30,16,46
308023682,30,20,50
313999642,30,0,30
316385307,30,3,33
318188424,30,5,35
320264267,30,16,46
322005131,30,4,34
324507238,30,1,31
325268721,30,0,30
325340700,30,101,131
331156135,30,7,37
337913586,30,0,30
338453687,30,1,31
347360273,30,0,30
348714857,30,13,43
352556270,30,0,30
355281733,30,0,30
366362402,30,0,30
370753620,30,1,31
374653073,30,0,30
376226841,30,1,31
377258998,30,7,37
379648875,30,14,44
385621323,30,0,30
389571668,30,5,35
394840322,30,0,30
404553582,30,0,30
409216221,30,0,30
410788286,30,3,33
410972730,30,31,61
419207807,30,0,30
422426986,30,0,30
424962590,30,0,30
428415988,30,2,32
448304460,30,0,30
454669156,30,2,32
463770958,30,1,31
466114458,30,3,33
473495152,30,0,30
476800612,30,6,36
478623642,30,0,30
486251102,30,0,30
487636243,30,0,30
502590965,30,1,31
503246844,30,0,30
510672731,30,0,30
516065423,30,2,32
519939792,30,2,32
526142974,30,1,31
526890302,30,1,31
531486373,30,0,30
531776421,30,2,32
539573373,30,83,113
548154251,30,1,31
549787050,30,4,34
551385464,30,0,30
562206555,30,0,30
566487841,30,1,31
570327991,30,2,32
574844012,30,0,30
578863035,30,1,31
584250571,30,3,33
586447578,30,5,35
604954282,30,1,31
610545368,30,1,31
616280155,30,4,34
618520189,30,1,31
622048252,30,1,31
631685389,30,5,35
710709284,30,0,30
715313755,30,0,30
761900468,30,2,32
787484389,30,1,31
792786013,30,16,46
796881152,30,1,31
800276814,30,0,30
800718805,30,6,36
815587908,30,0,30
817765256,30,11,41
820939880,30,1,31
820946378,30,0,30
827945862,30,0,30
842510270,30,0,30
849997626,30,1,31
852111510,30,0,30
860616002,30,2,32
868705938,30,1,31
874689018,30,1,31
874748636,30,2,32
884805792,30,3,33
896531688,30,3,33
897808416,30,3,33
899200940,30,2,32
904132304,30,1,31
904689290,30,4,34
917035902,30,2,32
923964859,30,18,48
946406934,30,1,31
979740954,30,0,30
1077650310,30,2,32
1078265564,30,2,32
1090381783,30,0,30
1115212123,30,0,30
1138721281,30,0,30
1166023872,30,1,31
1190473434,30,0,30
1200578346,30,0,30
1208275561,30,1,31
1213976437,30,0,30
1215947096,30,0,30
1260624205,30,3,33
1265511644,30,3,33
1275898807,30,0,30
1293971611,30,0,30
1296796748,30,3,33
1319463302,30,4,34
1328235834,30,0,30
1330622328,30,0,30
1331464566,30,0,30
1339041386,30,1,31
1346530920,30,0,30
1356014941,30,2,32
1379717754,30,17,47
1385704519,30,0,30
1411396740,30,1,31
1420998086,30,1,31
1445037980,30,1,31
1479787818,30,1,31
1523800610,30,0,30
1559299861,30,0,30
1571405365,30,133,163
1583065752,30,0,30
1588522664,30,13,43
1606398271,30,8,38
1681577958,30,0,30
1691497362,30,1,31
1715176734,30,2,32
1724144856,30,2,32
1856030857,30,0,30
1866480170,30,0,30
1877589422,30,1,31
1888491548,30,1,31
1888955550,30,3,33
1896543121,30,0,30
1918788540,30,45,75
1959354810,30,0,30
1972052347,30,0,30
1972905378,30,1,31
2152381201,30,0,30
2155044732,30,30,60
2173377687,30,5,35
2188935480,30,0,30
2194470846,30,0,30
2195714795,30,2,32
2236592053,30,3,33
2249735870,30,0,30
2251411867,30,8,38
2259620022,30,3,33
2312876293,30,2,32
2314248248,30,0,30
2315964782,30,0,30
2331226718,30,0,30
2346324656,30,0,30
2350417909,30,0,30
2355244596,30,4,34
2356511864,30,5,35
2359841120,30,1,31
2411049716,30,0,30
2414913756,30,262,292
2433048841,30,2,32
2453683651,30,2,32
2462268236,30,2,32
2465032116,30,1,31
2468949685,30,1,31
2474075239,30,4,34
2476528534,30,0,30
2550868435,30,2,32
2553390169,30,2,32
2596615888,30,2,32
2670435529,30,0,30
2696042526,30,1,31
2699133224,30,1,31
2711791104,30,0,30
2715213326,30,2,32
2719676142,30,2,32
2722197817,30,2,32
2738917506,30,2,32
2746629183,30,1,31
2758350375,30,7,37
2775492818,30,4,34
2782638680,30,5,35
2783495877,30,1,31
2791085711,30,0,30
2792513884,30,2,32
2846769033,30,7,37
2847348915,30,0,30
2849429377,30,1,31
2858147054,30,3,33
2865615140,30,1,31
2865918416,30,5,35
2877572414,30,0,30
2881858611,30,0,30
2886539880,30,2,32
2904798755,30,8,38
2917665944,30,0,30
2918745238,30,0,30
2921901638,30,5,35
2950853907,30,3,33
2954149923,30,0,30
2958653284,30,1,31
2964984533,30,3,33
2983542782,30,2,32
3004718668,30,1,31
3015828635,30,1,31
3047653613,30,10,40
3068929088,30,13,43
3073529252,30,1,31
3096899894,30,3,33
3103325751,30,0,30
3104950051,30,2,32
3125193946,30,0,30
3138165577,30,2,32
3153097690,30,0,30
3164585753,30,0,30
3172255772,30,0,30
3183565787,30,0,30
3187837817,30,0,30
3194610617,30,0,30
3195513629,30,1,31
3199367057,30,2,32
3221793170,30,0,30
3222807427,30,4,34
3249128817,30,0,30
3253802385,30,1,31
3254523441,30,0,30
3265850268,30,2,32
3287679715,30,2,32
3288255523,30,0,30
3293996892,30,0,30
3294706108,30,0,30
3313618153,30,17,47
3316226920,30,3,33
3324980713,30,10,40
3344154155,30,1,31
3397974917,30,2,32
3404096482,30,0,30
3407550015,30,15,45
3417165439,30,2,32
3425902299,30,3,33
3448205183,30,0,30
3462167427,30,1,31
3530928317,30,1,31
3593561720,30,0,30
3597219792,30,7,37
3621478814,30,0,30
3710140574,30,0,30
3872372007,30,2,32
3883130052,30,5,35
3888041654,30,1,31
3892378648,30,3,33
3943312469,30,1,31
3946915763,30,5,35
3960660869,30,1,31
3983193989,30,0,30
4040817507,30,2,32
4289328804,30,0,30
4324276754,30,1,31
4329010814,30,1,31
4332537622,30,1,31
4358890277,30,0,30
4438559657,30,1,31
4541409616,30,0,30
4544335296,30,10,40
4636339047,30,1,31
4673962992,30,0,30
4679565122,30,2,32
4680225427,30,2,32
4699205802,30,0,30
4716827713,30,8,38
4779554234,30,0,30
4804670369,30,0,30
4817792593,30,3,33
4826942304,30,0,30
4827715518,30,0,30
4833915448,30,0,30
4834364387,30,1,31
4836728134,30,1,31
4847382234,30,0,30
4852194585,30,1,31
4864767518,30,0,30
4867480174,30,0,30
4890021436,30,2,32
702334244127842304,30,0,30
703041129441169408,30,2,32
703326863645614080,30,0,30
703386293225582592,30,2,32
703663330796269569,30,1,31
705188810921943041,30,3,33
705532607790870528,30,3,33
708275182381694976,30,11,41
708890781600190464,30,0,30
709512776818008065,30,1,31
709789026123911168,30,4,34
710593632886083584,30,0,30
711686456041836544,30,1,31
712396411896258561,30,4,34
712802455466082304,30,3,33
712945580734021632,30,0,30
713114100310605825,30,5,35
714228500991860736,30,1,31
714793656595714049,30,1,31
715154591847956481,30,1,31
715901802470834177,30,5,35
716243108862828544,30,0,30
716294560482205702,30,2,32
718124510902362112,30,0,30
719299687027580928,30,0,30
720660111161630720,30,10,40
720749485308051456,30,1,31
723473426053255169,30,0,30
725458108483559427,30,58,88
727529229068324864,30,2,32
728634258806460417,30,3,33
729169458120380416,30,3,33
732331271616008192,30,1,31
732944818590994432,30,2,32
733188143424405504,30,0,30
733754578093629440,30,1,31
738251836281344000,30,0,30
739266906637533184,30,2,32
740731151199940608,30,1,31
741056068856348673,30,1,31
741057608887324673,30,8,38
741378420366561280,30,1,31
742057264635334657,30,1,31
742624879166427136,30,0,30
742712986427498496,30,1,31
742780023078309888,30,1,31
744717045162401793,30,4,34
745472494031667200,30,0,30
750734789225832448,30,1,31
750881078693531649,30,35,65
751834799464067072,30,2,32
753544691988238336,30,0,30
753777286600650752,30,0,30
754329137993617408,30,0,30
754770601647243264,30,2,32
754786694340104192,30,2,32
755992103235231744,30,1,31
756869488105127937,30,3,33
757322124637966336,30,2,32
758008733767200768,30,6,36
758787188268019712,30,2,32
758860045203353600,30,2,32
758863826867490816,30,1,31
759622660271710209,30,2,32
760273723115053056,30,1,31
760766585007026176,30,1,31
761903023375417345,30,2,32
762122318298640385,30,2,32
762128576439128064,30,0,30
763148607960784896,30,29,59
763356055963181058,30,11,41
764086009927700480,30,0,30
765447018030346244,30,4,34
766336416334872577,30,0,30
766393799631405056,30,1,31
769192599852765184,30,0,30
769780035431518208,30,0,30
770415572668604416,30,0,30
771610765463654401,30,1,31
773051844989947904,30,2,32
773172956277174273,30,0,30
773876814733246464,30,1,31
775090176762585088,30,6,36
776712643230965760,30,2,32
781335110419357696,30,3,33
781905575281995776,30,0,30
782710809055092737,30,2,32
784436080573423616,30,1,31
784919182315958280,30,0,30
785301408018894848,30,2,32
786392219150262272,30,0,30
786576360781119489,30,0,30
786706368002654208,30,0,30
786864752953790464,30,1,31
787365422668582912,30,2,32
787521385539174400,30,2,32
788547589704601600,30,3,33
789334139224948740,30,0,30
789950608220360704,30,0,30
792192451943534592,30,1,31
797204886018523136,30,0,30
797485736782131204,30,8,38
804105386135552000,30,0,30
6142892,29,0,29
7846072,29,1,30
13133622,29,2,31
15034917,29,7,36
15036587,29,2,31
15593133,29,0,29
15813220,29,0,29
16101275,29,2,31
16117033,29,1,30
16716652,29,6,35
17001745,29,2,31
18267698,29,59,88
18294439,29,2,31
18946095,29,1,30
19112577,29,2,31
19786336,29,2,31
20694023,29,0,29
20734137,29,3,32
20884752,29,2,31
21023963,29,0,29
21590255,29,11,40
22081490,29,2,31
23144570,29,3,32
23155102,29,5,34
23199382,29,3,32
23221789,29,4,33
23459209,29,0,29
23552570,29,1,30
23718007,29,5,34
23897285,29,4,33
23935846,29,55,84
24529056,29,2,31
24581337,29,11,40
24783855,29,1,30
25300494,29,2,31
25614085,29,87,116
25616958,29,0,29
25750526,29,29,58
25886679,29,0,29
26067145,29,11,40
26284625,29,4,33
26410248,29,2,31
26476418,29,4,33
29717101,29,1,30
30584242,29,1,30
31419590,29,0,29
33048690,29,1,30
33579246,29,3,32
34755730,29,3,32
34986245,29,0,29
35512400,29,4,33
36383937,29,1,30
37113904,29,0,29
37219538,29,4,33
37984883,29,0,29
39414818,29,2,31
40679921,29,5,34
41745189,29,74,103
42740158,29,2,31
43981262,29,1,30
44632582,29,2,31
45111677,29,0,29
45279852,29,4,33
45286378,29,11,40
45415734,29,0,29
45892654,29,1,30
47393725,29,2,31
48274829,29,0,29
48531818,29,1,30
49705874,29,1,30
50867670,29,2,31
53979469,29,2,31
54212757,29,0,29
54628695,29,1,30
56240116,29,0,29
58708159,29,3,32
59019150,29,11,40
59819790,29,0,29
61013133,29,3,32
61232244,29,0,29
70449732,29,1,30
70970349,29,0,29
71311025,29,2,31
76808845,29,0,29
78058235,29,0,29
78204783,29,39,68
80310070,29,1,30
81189820,29,2,31
82304910,29,0,29
82345698,29,0,29
82391914,29,0,29
83161315,29,1,30
87504275,29,1,30
93112589,29,3,32
95926972,29,4,33
102554917,29,1,30
102956304,29,0,29
108369640,29,3,32
111041751,29,0,29
117180375,29,2,31
119295989,29,1,30
121733782,29,0,29
122280146,29,0,29
123099087,29,0,29
125232619,29,5,34
129822361,29,0,29
133673844,29,6,35
137821463,29,0,29
142357743,29,3,32
152313793,29,3,32
152396241,29,2,31
156702369,29,1,30
161470091,29,1,30
163249953,29,22,51
168100032,29,0,29
170484423,29,5,34
172202473,29,1,30
178891683,29,2,31
187896600,29,0,29
191229219,29,0,29
199794201,29,2,31
206455766,29,0,29
210643324,29,1,30
225122833,29,1,30
228051072,29,1,30
228580599,29,15,44
230279984,29,16,45
232498181,29,6,35
235982663,29,0,29
236612480,29,1,30
238653938,29,0,29
241603565,29,0,29
242349065,29,1,30
244318780,29,1,30
244710180,29,4,33
246550812,29,0,29
247203598,29,13,42
251386628,29,2,31
253813547,29,4,33
253843457,29,1,30
257599992,29,1,30
259071132,29,2,31
260357180,29,1,30
264948270,29,4,33
265579433,29,0,29
266829947,29,4,33
266951368,29,1,30
276013365,29,3,32
279223008,29,5,34
286449548,29,0,29
299410813,29,1,30
301666178,29,0,29
307869614,29,1,30
315230262,29,0,29
321067957,29,1,30
321787970,29,7,36
322074102,29,5,34
329149337,29,0,29
333265493,29,1,30
340539361,29,1,30
346352141,29,0,29
347234638,29,2,31
355175444,29,0,29
356445267,29,1,30
356640391,29,1,30
356973774,29,8,37
358756624,29,26,55
360076254,29,1,30
364298687,29,2,31
366403007,29,1,30
368335248,29,1,30
371249247,29,6,35
374104340,29,0,29
374647891,29,0,29
375897463,29,2,31
388459260,29,2,31
389853513,29,0,29
395701428,29,3,32
402786385,29,0,29
405915417,29,0,29
409095055,29,3,32
411978591,29,4,33
414857304,29,1,30
419314910,29,2,31
423571900,29,2,31
426978340,29,0,29
427572789,29,7,36
434692359,29,43,72
438004703,29,2,31
438058661,29,1,30
442426470,29,2,31
462407508,29,0,29
463961564,29,6,35
469765052,29,0,29
470037777,29,0,29
472334928,29,1,30
480118170,29,2,31
480602546,29,2,31
482264528,29,2,31
486826149,29,0,29
492067643,29,2,31
496425816,29,3,32
500299655,29,1,30
508912796,29,0,29
516454831,29,0,29
517883337,29,0,29
518032499,29,0,29
524875121,29,2,31
528975480,29,3,32
532545303,29,0,29
545477814,29,6,35
561589946,29,1,30
565780879,29,0,29
566215695,29,0,29
569150450,29,0,29
577419772,29,0,29
582202048,29,1,30
583053128,29,23,52
583479126,29,2,31
586834492,29,0,29
591161523,29,1,30
617539417,29,0,29
618800638,29,0,29
619805447,29,0,29
633940200,29,1,30
710236344,29,0,29
710518998,29,9,38
726459679,29,0,29
727081999,29,1,30
730002108,29,0,29
756418506,29,1,30
786898950,29,2,31
789861342,29,4,33
801739872,29,3,32
802800517,29,1,30
809503508,29,1,30
813442106,29,3,32
829500602,29,2,31
833958488,29,3,32
847891100,29,3,32
858218017,29,37,66
860746436,29,3,32
860804286,29,4,33
865096939,29,0,29
867908994,29,0,29
870832458,29,2,31
874989727,29,0,29
885873505,29,2,31
886169604,29,0,29
889980282,29,6,35
898620702,29,0,29
902026446,29,0,29
911357186,29,34,63
930431917,29,4,33
930817033,29,0,29
940275042,29,1,30
940827752,29,1,30
946723260,29,0,29
952134750,29,1,30
953492220,29,0,29
959405664,29,1,30
960903805,29,1,30
971728669,29,0,29
991819500,29,0,29
1034491885,29,0,29
1035848113,29,0,29
1119922741,29,0,29
1183316539,29,28,57
1226446382,29,1,30
1259777808,29,0,29
1289296345,29,5,34
1290239300,29,0,29
1292002213,29,0,29
1311691297,29,1,30
1381700040,29,2,31
1396364528,29,1,30
1410704167,29,0,29
1416860036,29,3,32
1540130562,29,1,30
1560971378,29,14,43
1578462980,29,1,30
1621772646,29,0,29
1626795866,29,1,30
1626823730,29,1,30
1665971227,29,0,29
1665989184,29,0,29
1681255195,29,0,29
1692065287,29,1,30
1697320214,29,1,30
1731218809,29,0,29
1829729568,29,0,29
1859617915,29,9,38
1898323730,29,2,31
1908173622,29,2,31
1932725256,29,20,49
1959741181,29,1,30
2156889458,29,0,29
2163248447,29,128,157
2170199291,29,0,29
2183184162,29,4,33
2185248516,29,0,29
2186286104,29,3,32
2202063951,29,1,30
2229125732,29,1,30
2250588878,29,2,31
2251214227,29,0,29
2253942480,29,2,31
2265397625,29,0,29
2266237447,29,0,29
2270730038,29,0,29
2288420395,29,1,30
2293741730,29,0,29
2300674015,29,1,30
2303580964,29,0,29
2329127948,29,8,37
2332743042,29,6,35
2347600854,29,1,30
2361150007,29,2,31
2397116178,29,0,29
2409731749,29,0,29
2474468982,29,2,31
2489626609,29,0,29
2491517276,29,2,31
2496955879,29,3,32
2498890181,29,0,29
2499471749,29,2,31
2528186978,29,2,31
2553147588,29,0,29
2560420130,29,1,30
2565744114,29,1,30
2577407858,29,2,31
2585161697,29,3,32
2587831062,29,0,29
2600608982,29,12,41
2612497135,29,0,29
2650655484,29,1,30
2678546629,29,0,29
2686954111,29,0,29
2693483792,29,0,29
2735971002,29,5,34
2751492235,29,0,29
2779491677,29,0,29
2795517045,29,77,106
2812213387,29,0,29
2829709110,29,0,29
2873477152,29,0,29
2883812893,29,3,32
2884845544,29,11,40
2886912795,29,0,29
2910433472,29,1,30
2910601859,29,2,31
2921128481,29,0,29
2921540254,29,1,30
2923435484,29,0,29
2926034424,29,0,29
2933793124,29,142,171
2936489040,29,2,31
2937774497,29,2,31
2941294806,29,2,31
2943551813,29,2,31
2952358669,29,1,30
2961811544,29,0,29
2973116134,29,0,29
2973251831,29,2,31
2975075685,29,1,30
2984727962,29,2,31
2996041481,29,1,30
2997912220,29,1,30
3001089752,29,0,29
3001955970,29,1,30
3003856807,29,4,33
3010348122,29,2,31
3067008811,29,2,31
3068746850,29,8,37
3131097280,29,0,29
3132934262,29,4,33
3136363472,29,0,29
3148918255,29,0,29
3161760900,29,6,35
3163053138,29,1,30
3164552998,29,0,29
3221789425,29,2,31
3223276734,29,0,29
3246330818,29,0,29
3247368589,29,3,32
3250995991,29,15,44
3261776403,29,1,30
3273909626,29,0,29
3278219526,29,1,30
3278935033,29,7,36
3280118120,29,2,31
3282583820,29,0,29
3285759732,29,7,36
3309060937,29,3,32
3309232338,29,0,29
3326929034,29,1,30
3343313111,29,0,29
3360971962,29,0,29
3373447595,29,4,33
3374544441,29,0,29
3385176093,29,1,30
3400340842,29,0,29
3407373749,29,3,32
3407890707,29,1,30
3420915977,29,4,33
3439408259,29,2,31
3509784732,29,0,29
3511146197,29,1,30
3513982827,29,0,29
3515798233,29,0,29
3519570797,29,0,29
3519971534,29,0,29
3535372707,29,0,29
3550775417,29,0,29
3560501177,29,9,38
3562670235,29,1,30
3681315799,29,1,30
3691110204,29,36,65
3711496576,29,20,49
3720378749,29,0,29
3732681194,29,0,29
3733116913,29,0,29
3742451713,29,1,30
3774929113,29,2,31
3855726676,29,4,33
3886355786,29,0,29
3963583343,29,0,29
3976676854,29,1,30
4016226980,29,2,31
4035871276,29,63,92
4046570075,29,0,29
4053792132,29,1,30
4142925801,29,4,33
4190690175,29,1,30
4317202159,29,1,30
4360816521,29,1,30
4395336136,29,0,29
4507257257,29,0,29
4516752821,29,4,33
4548203357,29,3,32
4553731353,29,1,30
4663876474,29,0,29
4698967314,29,6,35
4707183105,29,3,32
4744263869,29,0,29
4760000560,29,6,35
4776334706,29,1,30
4822552521,29,1,30
4830908293,29,1,30
4843389850,29,0,29
4847995936,29,5,34
4850486962,29,0,29
4851259457,29,0,29
4854853970,29,22,51
4867783367,29,3,32
4872514721,29,1,30
4877063547,29,3,32
4888504990,29,1,30
4893041892,29,1,30
4900835503,29,0,29
4902230948,29,9,38
4920514499,29,0,29
701097198814150656,29,1,30
702114817960767488,29,2,31
702168623402455040,29,0,29
702359085501587456,29,4,33
702683501083148288,29,0,29
703694982117527554,29,0,29
704369721236262912,29,13,42
705552682098884609,29,1,30
706022607741542400,29,3,32
706862762979237888,29,2,31
707216946131906560,29,0,29
709623799465938944,29,12,41
710623332157284352,29,1,30
710723351090626560,29,2,31
711002368431656960,29,0,29
711119933992665089,29,3,32
711785942986547201,29,0,29
713026548014694400,29,2,31
713136705943896065,29,2,31
713214806099173376,29,1,30
713261481207287808,29,0,29
713731054906044417,29,56,85
713903848914464768,29,1,30
714289549908832256,29,6,35
714616876131692548,29,0,29
716598967962898432,29,0,29
716824080838762498,29,0,29
716872983080361986,29,1,30
717975540368482304,29,0,29
718127097655533569,29,0,29
720221484665409537,29,1,30
721685068243202048,29,0,29
723193361817948160,29,4,33
724014785516310528,29,6,35
725027888114876416,29,1,30
727292045962936320,29,6,35
728261214132838400,29,0,29
728713560029683712,29,1,30
733120668968058880,29,0,29
733382503856242688,29,0,29
733643652216545281,29,1,30
734141502209789956,29,3,32
734460737846956032,29,1,30
735264957382549504,29,3,32
737207020009476096,29,0,29
740186171582582784,29,4,33
742043212144095232,29,0,29
742200997016047616,29,0,29
743085080621387776,29,4,33
743243705046425600,29,0,29
744659136932085761,29,0,29
745997384472211456,29,3,32
746015426610528256,29,1,30
746616900554231808,29,0,29
747226566330048514,29,0,29
747720941929639936,29,1,30
747853121632641025,29,1,30
748786742388404225,29,1,30
749114034532675584,29,0,29
749700931478958080,29,0,29
749723508477865984,29,1,30
750371547039272960,29,2,31
751306504439992320,29,1,30
751481455105101828,29,3,32
752216933630676992,29,1,30
753398144314904580,29,2,31
754514983099047936,29,0,29
755650304461398016,29,1,30
755837922247454720,29,3,32
756576589178175488,29,0,29
756922395437375489,29,0,29
757190661049348096,29,0,29
757585894316453888,29,0,29
758385891073069056,29,1,30
759105567302389760,29,0,29
759405053253939200,29,5,34
759845601882157056,29,72,101
759876493304483840,29,1,30
760357702245638144,29,4,33
761728617927864320,29,1,30
762685737393393664,29,2,31
763546257100988421,29,0,29
763681087923056640,29,0,29
764267536892461056,29,0,29
764338030731603968,29,0,29
765332195892428800,29,0,29
765727543643168768,29,0,29
766895643218575360,29,0,29
767871736066945024,29,2,31
769622989323112448,29,0,29
771338527753773056,29,0,29
774095843620032517,29,0,29
774407190660591616,29,0,29
775361216294359040,29,1,30
775933684620730368,29,4,33
776843875688194048,29,0,29
776912400805003267,29,0,29
777840443241402372,29,2,31
778602647183958016,29,0,29
779122026824933379,29,1,30
779909694970355713,29,0,29
780498032999723010,29,4,33
781845505785548800,29,2,31
782016866780794880,29,0,29
782989180070539264,29,1,30
783084207635591168,29,2,31
783480283983073280,29,6,35
784883082692222976,29,4,33
785149463413268480,29,2,31
785198451935973376,29,0,29
786236978589163520,29,1,30
788426549863350272,29,3,32
788514631568457728,29,2,31
788572741142126592,29,0,29
788883306926465024,29,1,30
788931198030491650,29,1,30
789623538340601856,29,0,29
791716725347737600,29,0,29
794514838298955776,29,0,29
794603729269956608,29,0,29
794872639391088640,29,1,30
795377906214195205,29,0,29
798579983417389056,29,5,34
6436842,28,0,28
14154658,28,2,30
14354402,28,1,29
15487216,28,0,28
16008055,28,0,28
16623813,28,18,46
17108735,28,0,28
17309168,28,1,29
17595705,28,18,46
17999615,28,0,28
18132806,28,0,28
18195110,28,4,32
18536597,28,0,28
18581346,28,5,33
18707909,28,3,31
18789285,28,1,29
18892635,28,1,29
19087036,28,0,28
20365254,28,0,28
20592715,28,11,39
20734021,28,0,28
20842368,28,1,29
20938220,28,3,31
21497127,28,17,45
23921425,28,3,31
24096196,28,0,28
24465244,28,0,28
24798770,28,0,28
24993882,28,0,28
25243171,28,1,29
25704380,28,0,28
27413161,28,2,30
27502789,28,3,31
28905454,28,6,34
29300132,28,2,30
30170214,28,2,30
31603074,28,16,44
32895694,28,49,77
33017812,28,4,32
33882566,28,0,28
35252397,28,1,29
35715964,28,1,29
36252052,28,2,30
39085028,28,3,31
40804500,28,0,28
40823404,28,1,29
43538243,28,1,29
44126879,28,1,29
46252269,28,0,28
47968287,28,54,82
48608766,28,85,113
49317402,28,0,28
49886799,28,1,29
50020504,28,1,29
50940086,28,3,31
51353013,28,20,48
52389827,28,0,28
53920756,28,0,28
54036451,28,1,29
55638244,28,28,56
56321765,28,4,32
56528998,28,0,28
57196393,28,3,31
57578032,28,1,29
64432312,28,2,30
64511469,28,0,28
64637578,28,0,28
65678753,28,3,31
69060179,28,0,28
69686220,28,0,28
74900991,28,1,29
75346250,28,13,41
75922468,28,2,30
77019125,28,1,29
77233634,28,0,28
78382995,28,0,28
81102122,28,1,29
82722757,28,92,120
85809765,28,2,30
90190851,28,1,29
90715655,28,1,29
91702501,28,3,31
95354681,28,0,28
103162772,28,2,30
103863035,28,2,30
104068896,28,1,29
108100600,28,2,30
108327100,28,1,29
111622904,28,0,28
115572490,28,0,28
115583848,28,0,28
115785635,28,0,28
116344653,28,1,29
117830399,28,1,29
123392734,28,3,31
124275991,28,0,28
139737780,28,1,29
140897785,28,5,33
146378272,28,0,28
151086788,28,1,29
151693972,28,1,29
160260616,28,0,28
164787959,28,2,30
167512844,28,1,29
167633260,28,4,32
169067442,28,1,29
176065392,28,0,28
176308130,28,0,28
177296591,28,24,52
177662834,28,3,31
182265955,28,4,32
186404028,28,1,29
187465681,28,1,29
193589482,28,0,28
198297462,28,1,29
208426234,28,0,28
212569651,28,0,28
216188796,28,2,30
220478007,28,0,28
222959565,28,2,30
226376376,28,0,28
231764211,28,1,29
233996695,28,1,29
235662557,28,0,28
240076272,28,0,28
244185134,28,3,31
248024430,28,10,38
249174256,28,0,28
252667299,28,0,28
257079509,28,1,29
257186780,28,0,28
258193694,28,1,29
259236480,28,1,29
264308201,28,0,28
266067803,28,1,29
270703376,28,0,28
271397843,28,0,28
274270807,28,2,30
276822827,28,0,28
277605714,28,4,32
281537076,28,11,39
282578001,28,2,30
284513272,28,0,28
293613793,28,1,29
297649561,28,0,28
298173729,28,9,37
299947438,28,1,29
301064256,28,2,30
305720645,28,0,28
309912805,28,0,28
310393282,28,4,32
312310942,28,1,29
317942805,28,2,30
338207832,28,1,29
343062801,28,0,28
343657212,28,0,28
348708535,28,2,30
349112124,28,2,30
349123601,28,1,29
350018443,28,1,29
350557906,28,1,29
354662997,28,0,28
354963969,28,0,28
355658756,28,1,29
360166584,28,0,28
360406171,28,2,30
362774363,28,5,33
365796009,28,1,29
373188333,28,0,28
374426962,28,3,31
376510469,28,9,37
380735071,28,0,28
393051126,28,5,33
408949398,28,0,28
410073869,28,3,31
410846961,28,0,28
412900191,28,0,28
415065685,28,1,29
416314524,28,0,28
438925106,28,1,29
443858973,28,4,32
444901886,28,1,29
449088089,28,0,28
453144804,28,14,42
463236395,28,0,28
466135190,28,1,29
468752441,28,1,29
478046581,28,0,28
486969119,28,0,28
489410977,28,2,30
489877664,28,0,28
494758799,28,0,28
497091703,28,0,28
501703032,28,1,29
506958753,28,21,49
513087375,28,1,29
516947063,28,5,33
517509150,28,26,54
524724189,28,2,30
530906381,28,0,28
531244825,28,4,32
533366813,28,3,31
542117414,28,3,31
543173625,28,0,28
544121184,28,0,28
545150728,28,1,29
547983120,28,1,29
556058664,28,0,28
564823429,28,0,28
576215318,28,25,53
580398317,28,1,29
581016346,28,10,38
587321929,28,1,29
596552712,28,1,29
601019861,28,0,28
615823983,28,1,29
626019705,28,1,29
626993302,28,1,29
627778780,28,1,29
636732886,28,7,35
637211551,28,1,29
720201626,28,0,28
757159999,28,1,29
763588974,28,2,30
765103513,28,1,29
788352756,28,3,31
789565747,28,0,28
792376735,28,0,28
800925944,28,2,30
822363751,28,6,34
838254506,28,30,58
855810870,28,0,28
863108198,28,0,28
869975162,28,26,54
874486416,28,0,28
874647294,28,3,31
885562404,28,0,28
886912231,28,1,29
886955454,28,0,28
887734345,28,2,30
893424193,28,0,28
898632456,28,0,28
899552364,28,0,28
905457379,28,7,35
906020701,28,1,29
919225968,28,1,29
925543507,28,1,29
944145019,28,4,32
956336772,28,1,29
968462576,28,44,72
971113837,28,0,28
971673278,28,3,31
979826190,28,1,29
983197898,28,1,29
987663426,28,3,31
1007921610,28,1,29
1011809412,28,3,31
1020987296,28,2,30
1045017146,28,3,31
1124001830,28,1,29
1146358172,28,1,29
1188313718,28,1,29
1194481567,28,2,30
1197201529,28,80,108
1198586353,28,0,28
1216394977,28,1,29
1236621132,28,1,29
1240094562,28,2,30
1252462039,28,1,29
1275386664,28,1,29
1308859460,28,0,28
1363176446,28,1,29
1367955294,28,1,29
1373139446,28,2,30
1373151770,28,0,28
1376628199,28,1,29
1411570177,28,1,29
1426366417,28,4,32
1439822767,28,0,28
1448900724,28,0,28
1475614704,28,0,28
1498054537,28,0,28
1539490387,28,5,33
1554242034,28,0,28
1646350188,28,2,30
1657216530,28,0,28
1676526090,28,1,29
1695275784,28,4,32
1697601812,28,4,32
1703057576,28,0,28
1880936238,28,2,30
1934829006,28,3,31
1955274228,28,2,30
2161362299,28,0,28
2182388115,28,0,28
2184852668,28,0,28
2184951126,28,2,30
2187093872,28,2,30
2229229510,28,0,28
2232453613,28,8,36
2241227238,28,0,28
2256051936,28,0,28
2260916852,28,0,28
2275217533,28,1,29
2282901638,28,2,30
2299291615,28,2,30
2306936250,28,7,35
2319191922,28,0,28
2320715947,28,15,43
2324486774,28,20,48
2327489498,28,0,28
2330478312,28,2,30
2343979981,28,2,30
2351834171,28,0,28
2352747468,28,2,30
2354603203,28,0,28
2366191117,28,0,28
2377725654,28,6,34
2411474370,28,49,77
2421573058,28,0,28
2441254856,28,2,30
2452941261,28,0,28
2473502048,28,5,33
2477973888,28,1,29
2501646657,28,2,30
2505849054,28,4,32
2555015406,28,1,29
2568580494,28,0,28
2611985836,28,0,28
2616022205,28,2,30
2660858287,28,3,31
2668313954,28,0,28
2670891362,28,1,29
2674638409,28,0,28
2718347636,28,5,33
2730415841,28,0,28
2744499831,28,3,31
2745750277,28,2,30
2761689456,28,0,28
2771402348,28,2,30
2793025407,28,1,29
2793210591,28,1,29
2795346754,28,0,28
2809494898,28,0,28
2845682873,28,0,28
2851424382,28,3,31
2867012530,28,4,32
2869678709,28,0,28
2875293499,28,1,29
2876262085,28,1,29
2892478027,28,1,29
2900089822,28,3,31
2905131322,28,1,29
2916042097,28,2,30
2918656216,28,0,28
2921064451,28,1,29
2923345308,28,1,29
2926422877,28,14,42
2953815043,28,1,29
2957319204,28,1,29
2972957083,28,1,29
2973873375,28,0,28
2979063580,28,1,29
2996938075,28,1,29
3012462963,28,86,114
3012905111,28,0,28
3029257097,28,0,28
3031516391,28,41,69
3040944827,28,0,28
3045309160,28,0,28
3061683608,28,0,28
3092210625,28,0,28
3111212589,28,2,30
3124192828,28,0,28
3129950010,28,3,31
3150936162,28,0,28
3154563449,28,0,28
3162938935,28,0,28
3172329278,28,1,29
3178726424,28,1,29
3183397512,28,3,31
3191320373,28,0,28
3192644318,28,3,31
3194913091,28,107,135
3198505583,28,1,29
3218856866,28,1,29
3224778482,28,5,33
3280018782,28,0,28
3281923249,28,1,29
3289402512,28,2,30
3296374777,28,0,28
3297257181,28,1,29
3306653178,28,2,30
3308262654,28,2,30
3308721355,28,0,28
3309846734,28,1,29
3311051301,28,2,30
3338998989,28,1,29
3340669355,28,0,28
3350791899,28,0,28
3360665687,28,0,28
3363431893,28,0,28
3368433035,28,0,28
3369487119,28,0,28
3372690887,28,2,30
3389994447,28,1,29
3411657459,28,1,29
3416205759,28,8,36
3428908882,28,0,28
3437290984,28,7,35
3439151479,28,0,28
3444477798,28,1,29
3561605056,28,0,28
3608616616,28,1,29
3640518799,28,0,28
3678961213,28,0,28
3736424545,28,1,29
3739426048,28,1,29
3763577115,28,0,28
3784682297,28,1,29
3794736614,28,0,28
3797652973,28,0,28
3827212293,28,0,28
3836008983,28,7,35
3947035575,28,1,29
3950481494,28,1,29
4011111203,28,1,29
4040545096,28,0,28
4068291741,28,22,50
4079134623,28,1,29
4101971008,28,0,28
4120788040,28,6,34
4164281008,28,1,29
4189571176,28,0,28
4190671941,28,1,29
4194981732,28,4,32
4253240716,28,2,30
4309360395,28,3,31
4345685308,28,3,31
4347349633,28,3,31
4375193021,28,2,30
4399000953,28,1,29
4400389162,28,0,28
4404122535,28,2,30
4407185385,28,11,39
4411413941,28,0,28
4417764312,28,0,28
4471802893,28,2,30
4509866893,28,1,29
4530247278,28,0,28
4568014212,28,2,30
4580297434,28,0,28
4646430650,28,7,35
4658847687,28,1,29
4693274185,28,2,30
4731209658,28,3,31
4750731803,28,1,29
4757624958,28,1,29
4779099726,28,3,31
4798408953,28,0,28
4827414799,28,0,28
4869863960,28,2,30
4872545033,28,3,31
4904124102,28,2,30
4909663939,28,1,29
702971762192023552,28,1,29
703013994781474816,28,0,28
703362216477655040,28,2,30
703421872881270784,28,0,28
703893401071067136,28,3,31
704523480755249152,28,2,30
704884530734362624,28,4,32
705110007931674625,28,1,29
705590214157271040,28,0,28
706871180821553152,28,0,28
707730595091066881,28,0,28
708560981060784128,28,0,28
709218170473717760,28,0,28
709531491961692160,28,1,29
710338897147006977,28,2,30
710738910725275648,28,2,30
711992101739876352,28,1,29
712504238107176961,28,1,29
713050278086320128,28,0,28
713204456419004416,28,2,30
713274665989353472,28,1,29
713710583703584768,28,0,28
713733295859752960,28,6,34
714202855666794496,28,2,30
714485038591696896,28,9,37
714754793806426112,28,1,29
715354673553805313,28,2,30
715864293917515776,28,1,29
715972567807303680,28,1,29
716371621380890624,28,76,104
717338356590321664,28,2,30
719207572306145280,28,3,31
720219959998201856,28,0,28
720574705976090624,28,2,30
721421306852298752,28,1,29
721511882926895104,28,2,30
722937227454447616,28,0,28
723604409922531328,28,1,29
724480230241361920,28,0,28
725804046490161152,28,1,29
726469349184299008,28,1,29
728575684872900608,28,0,28
728789019614580736,28,2,30
729309883741315074,28,2,30
731090168766205952,28,0,28
732027968206184449,28,1,29
732144057598812160,28,1,29
732357632665604102,28,3,31
732539124087918592,28,2,30
733467898761482242,28,2,30
733733716963545088,28,1,29
736223394153308160,28,1,29
736468620201463808,28,17,45
738073831600885761,28,1,29
741013154608484352,28,7,35
741463059311398912,28,0,28
742759797645291521,28,79,107
742804733761556481,28,0,28
743089596297150466,28,0,28
743848278643576832,28,0,28
748165651345334272,28,7,35
748950183904354306,28,0,28
749360135856746496,28,1,29
752663232087678976,28,5,33
754791686887399424,28,9,37
756005745385168896,28,0,28
757039540078993408,28,0,28
757270718010814465,28,0,28
758404686009409536,28,2,30
758516694180438017,28,6,34
759039053421355008,28,0,28
759389445355220993,28,4,32
760105555658625024,28,2,30
761469154813554692,28,7,35
764200366346997760,28,0,28
764293467283591168,28,1,29
765418607404658688,28,0,28
766268109275660289,28,3,31
766392238989578240,28,2,30
767907628777222144,28,1,29
769524104999399424,28,0,28
770039507307622401,28,0,28
771817051828523008,28,0,28
772204212201590789,28,0,28
772228162122022912,28,0,28
776426293843853312,28,0,28
777420148466589696,28,2,30
777495478678282241,28,2,30
779788261594173440,28,0,28
780461239579336704,28,0,28
780543746911776772,28,0,28
780952145176715264,28,16,44
781324419943829504,28,2,30
781711271326605313,28,5,33
781909708902989829,28,2,30
782047301418250240,28,0,28
785855589146566657,28,2,30
786973721688993794,28,10,38
787343990626496512,28,0,28
789167334413828097,28,0,28
789861908794843137,28,3,31
796384857140051969,28,2,30
796630392858177536,28,1,29
12146652,27,100,127
14156070,27,8,35
14640904,27,3,30
14933230,27,1,28
15350894,27,4,31
15722134,27,0,27
15897499,27,0,27
16073596,27,10,37
16145570,27,5,32
16343453,27,2,29
16529755,27,2,29
16672802,27,0,27
16904352,27,0,27
16980327,27,4,31
17546315,27,0,27
17886038,27,0,27
17911160,27,3,30
19368455,27,28,55
21266998,27,57,84
21447013,27,1,28
21728125,27,1,28
22176444,27,74,101
23200445,27,0,27
23277531,27,5,32
23769113,27,1,28
24184050,27,3,30
24687735,27,21,48
25291915,27,1,28
25460386,27,14,41
25461727,27,1,28
26227614,27,3,30
27894838,27,1,28
28089206,27,3,30
28114405,27,2,29
28538480,27,12,39
30925817,27,2,29
31257236,27,0,27
31326110,27,1,28
31366271,27,0,27
31403779,27,150,177
32861990,27,1,28
33224816,27,0,27
34537611,27,4,31
35150454,27,9,36
36053459,27,8,35
36068913,27,0,27
36206194,27,0,27
36377711,27,3,30
36662949,27,1,28
36700664,27,13,40
37102679,27,2,29
37413356,27,4,31
37781088,27,2,29
38017472,27,7,34
38335908,27,1,28
38918603,27,1,28
39503152,27,0,27
39720993,27,2,29
39790265,27,2,29
41258425,27,0,27
42330331,27,0,27
44034144,27,0,27
44973626,27,1,28
45388420,27,6,33
45685606,27,20,47
45993561,27,1,28
46303458,27,4,31
47560583,27,4,31
48534885,27,3,30
49258789,27,0,27
49335376,27,1,28
49377137,27,1,28
49431990,27,1,28
52050137,27,0,27
52849103,27,3,30
53347857,27,2,29
53531637,27,5,32
54479718,27,3,30
54746171,27,0,27
55084134,27,0,27
55338449,27,2,29
55921325,27,0,27
60074423,27,2,29
62617728,27,2,29
63263764,27,33,60
63398970,27,0,27
64091925,27,0,27
65632975,27,1,28
67786142,27,0,27
69051632,27,1,28
70483645,27,0,27
70991572,27,0,27
72646719,27,4,31
76694973,27,1,28
79308896,27,0,27
80219513,27,0,27
83145937,27,2,29
85023081,27,0,27
90114466,27,1,28
92046806,27,0,27
92378358,27,0,27
96972239,27,2,29
99798986,27,0,27
102979557,27,6,33
105078752,27,1,28
105914164,27,107,134
105915870,27,5,32
118828087,27,4,31
124227622,27,21,48
126214413,27,0,27
126524754,27,2,29
130213653,27,0,27
130955341,27,0,27
135119602,27,0,27
138517877,27,0,27
154031734,27,4,31
155706357,27,0,27
167127478,27,0,27
167985567,27,47,74
170282236,27,2,29
171961219,27,4,31
176406752,27,2,29
177126106,27,2,29
182408576,27,1,28
182978104,27,0,27
183825988,27,1,28
193672826,27,0,27
194097857,27,1,28
197208738,27,1,28
200585819,27,9,36
201204167,27,0,27
205090086,27,0,27
215010668,27,1,28
225452189,27,2,29
244190283,27,1,28
255236525,27,1,28
257102056,27,0,27
261266404,27,3,30
261587783,27,0,27
263850628,27,2,29
264241703,27,0,27
264265349,27,35,62
269542029,27,1,28
271878957,27,2,29
285489489,27,1,28
287377410,27,2,29
288341428,27,0,27
291524500,27,3,30
291526015,27,2,29
292423442,27,0,27
296576610,27,2,29
308524859,27,0,27
308701309,27,1,28
314718559,27,0,27
316792267,27,3,30
317041794,27,1,28
318114180,27,2,29
323573448,27,3,30
323938202,27,24,51
323954760,27,2,29
324615201,27,1,28
326834999,27,1,28
327034642,27,0,27
330554495,27,0,27
332555909,27,4,31
336328667,27,0,27
338793695,27,6,33
344687656,27,58,85
351760702,27,1,28
366929502,27,5,32
369571434,27,2,29
369769679,27,0,27
370249230,27,19,46
370874475,27,0,27
372246345,27,3,30
373954620,27,2,29
374052792,27,0,27
378270693,27,7,34
381234311,27,2,29
390148968,27,1,28
390910877,27,20,47
408261686,27,4,31
416452162,27,0,27
416658756,27,0,27
419217206,27,0,27
425418920,27,1,28
428386574,27,1,28
431591422,27,2,29
456010061,27,0,27
460922503,27,0,27
464881483,27,12,39
466159804,27,0,27
468775243,27,2,29
472192584,27,0,27
478139796,27,0,27
478311835,27,1,28
479561466,27,4,31
481431094,27,1,28
483947271,27,0,27
484229824,27,0,27
488706702,27,22,49
489953934,27,2,29
493233377,27,1,28
504884281,27,1,28
519375166,27,0,27
521956786,27,0,27
527794687,27,2,29
529776638,27,0,27
529780833,27,0,27
531887269,27,5,32
533712415,27,1,28
537249424,27,3,30
539406133,27,0,27
547020406,27,0,27
551133971,27,0,27
565551550,27,2,29
577670568,27,0,27
578255600,27,0,27
584711715,27,0,27
587603306,27,1,28
588479306,27,1,28
588568778,27,0,27
590548511,27,2,29
591036434,27,0,27
595009255,27,3,30
599813808,27,0,27
609742172,27,0,27
618561429,27,1,28
701227334,27,3,30
707718853,27,2,29
713911318,27,1,28
716690881,27,0,27
718628982,27,2,29
720849914,27,1,28
733860786,27,2,29
734953902,27,1,28
741940195,27,1,28
762922969,27,1,28
778249376,27,2,29
786230298,27,3,30
795189212,27,0,27
795680612,27,2,29
799179380,27,0,27
806054906,27,11,38
809264905,27,0,27
814205442,27,0,27
841669206,27,4,31
858826550,27,3,30
860529242,27,0,27
860633640,27,3,30
860703266,27,7,34
870899976,27,12,39
879086671,27,0,27
886193449,27,2,29
894500924,27,0,27
900670338,27,2,29
908242453,27,2,29
911296592,27,1,28
911656490,27,1,28
912720674,27,0,27
915594294,27,0,27
925696418,27,1,28
926709408,27,4,31
938674796,27,1,28
939993330,27,3,30
961708938,27,0,27
980677158,27,2,29
993751938,27,4,31
999505526,27,0,27
1006223461,27,1,28
1026625958,27,1,28
1048676918,27,0,27
1059439951,27,0,27
1075666621,27,3,30
1077894253,27,1,28
1102547078,27,1,28
1152537608,27,1,28
1153638055,27,0,27
1173375464,27,0,27
1173783175,27,0,27
1206461976,27,0,27
1242530948,27,15,42
1252571708,27,4,31
1264730210,27,0,27
1310635141,27,0,27
1322458364,27,1,28
1324903004,27,0,27
1375182300,27,0,27
1378929362,27,0,27
1380642218,27,0,27
1388832054,27,2,29
1425492876,27,1,28
1434197689,27,0,27
1483144573,27,0,27
1511704177,27,2,29
1514067583,27,25,52
1522701391,27,2,29
1581496496,27,2,29
1597398924,27,3,30
1607353381,27,1,28
1618546020,27,2,29
1636504729,27,13,40
1645492662,27,0,27
1662779209,27,1,28
1675245090,27,1,28
1713545467,27,6,33
1846346186,27,0,27
1850238841,27,1,28
1888576038,27,2,29
1920598429,27,46,73
1934235469,27,3,30
1939374470,27,1,28
2167614493,27,1,28
2172271177,27,0,27
2173429307,27,0,27
2188196646,27,93,120
2207745422,27,1,28
2236728919,27,0,27
2257115702,27,0,27
2279146838,27,3,30
2279709169,27,23,50
2279856378,27,2,29
2288010913,27,3,30
2316449503,27,1,28
2323408049,27,0,27
2328752058,27,1,28
2354290194,27,1,28
2361689892,27,1,28
2397417427,27,1,28
2398307725,27,1,28
2409733933,27,0,27
2415763000,27,10,37
2424612050,27,1,28
2453750406,27,7,34
2471124091,27,3,30
2472900414,27,0,27
2480449009,27,0,27
2488283983,27,0,27
2489678468,27,8,35
2515531737,27,1,28
2529006980,27,2,29
2534846484,27,2,29
2535329815,27,0,27
2557001794,27,0,27
2561941926,27,1,28
2579357802,27,30,57
2607290564,27,3,30
2615426114,27,1,28
2647447129,27,1,28
2652836498,27,7,34
2663033660,27,0,27
2671637985,27,0,27
2676250353,27,3,30
2741840265,27,1,28
2757448826,27,0,27
2775294374,27,12,39
2794918633,27,28,55
2815001012,27,2,29
2832448102,27,1,28
2841124905,27,0,27
2841285942,27,1,28
2850251396,27,0,27
2855057905,27,2,29
2870218359,27,1,28
2876187492,27,0,27
2886203944,27,0,27
2889580492,27,3,30
2898273472,27,3,30
2906655619,27,1,28
2906686150,27,1,28
2917819983,27,0,27
2920159280,27,0,27
2922889499,27,0,27
2924171436,27,3,30
2938694991,27,0,27
2941503296,27,7,34
2942723847,27,1,28
2957862936,27,0,27
2962365465,27,1,28
2964300550,27,1,28
2965069174,27,3,30
2965188131,27,0,27
2968336179,27,0,27
2975241365,27,0,27
2992098261,27,0,27
3013115308,27,0,27
3023555720,27,0,27
3074740384,27,4,31
3113037179,27,3,30
3128263743,27,0,27
3129173873,27,0,27
3134933764,27,0,27
3145222706,27,0,27
3152149212,27,1,28
3195562285,27,0,27
3219651913,27,1,28
3221612144,27,0,27
3226142304,27,3,30
3239494151,27,6,33
3240178021,27,0,27
3247172676,27,2,29
3248171159,27,66,93
3261301581,27,2,29
3267571482,27,0,27
3268368296,27,1,28
3271901318,27,3,30
3285311196,27,4,31
3285693535,27,6,33
3295640656,27,3,30
3300707338,27,3,30
3302578926,27,0,27
3302611902,27,7,34
3309169489,27,1,28
3313966759,27,0,27
3315439488,27,0,27
3318186731,27,1,28
3372741552,27,2,29
3374686642,27,0,27
3384583971,27,0,27
3405633784,27,0,27
3410891445,27,2,29
3411313300,27,2,29
3412633515,27,0,27
3418181213,27,15,42
3420848757,27,9,36
3439063247,27,5,32
3482577855,27,1,28
3535660221,27,0,27
3600767297,27,2,29
3640665857,27,0,27
3692432178,27,1,28
3709245494,27,5,32
3717104297,27,0,27
3751733963,27,0,27
3760858937,27,9,36
3814854558,27,1,28
3883382892,27,0,27
3894565992,27,0,27
3962359768,27,1,28
3974665634,27,4,31
3987964414,27,0,27
3997189576,27,1,28
4030559243,27,0,27
4040707780,27,15,42
4120521808,27,0,27
4150911455,27,1,28
4188415121,27,12,39
4201269555,27,1,28
4220356454,27,0,27
4260990112,27,5,32
4312731082,27,1,28
4428208822,27,1,28
4499749708,27,6,33
4520330172,27,3,30
4531063460,27,0,27
4546627221,27,0,27
4568453987,27,0,27
4760985321,27,23,50
4779807799,27,0,27
4800678578,27,6,33
4843267216,27,1,28
4851658781,27,0,27
4851844111,27,2,29
4854560182,27,1,28
4855300067,27,1,28
4858582215,27,1,28
4864844152,27,0,27
4873507006,27,0,27
4882027661,27,2,29
4885459213,27,4,31
4893667468,27,2,29
4900070889,27,6,33
4913986767,27,1,28
4921965911,27,1,28
4924175848,27,4,31
697387702094839808,27,0,27
699750351218593793,27,2,29
701241849248219136,27,31,58
701877047098933248,27,1,28
703309534039830530,27,3,30
704403215127674881,27,2,29
705935908608937984,27,1,28
706629696914595840,27,4,31
707303863443804160,27,0,27
707766407061069824,27,73,100
707982215016091648,27,0,27
708492825302687744,27,3,30
708722250279731205,27,4,31
709845588284743680,27,1,28
711645724350349312,27,0,27
713054566175129604,27,0,27
714105267051364355,27,2,29
714591140851396609,27,33,60
715682402694078464,27,0,27
716297841098928129,27,0,27
716418247579549696,27,9,36
716790287000014848,27,1,28
716835652701007873,27,2,29
717311132021600258,27,2,29
717538175590076416,27,0,27
718214940251840512,27,0,27
719181118461911040,27,0,27
719603009731346432,27,0,27
722586461292220416,27,1,28
724875505057550336,27,17,44
725559512535543808,27,1,28
726834650929348608,27,5,32
726889342380216321,27,0,27
728268268482355200,27,2,29
728737219649802240,27,4,31
730039478740500480,27,0,27
730091317783453696,27,11,38
732736080311635968,27,25,52
732779507506020352,27,0,27
733451904500400128,27,1,28
734242344447410176,27,1,28
736920747403321344,27,0,27
737802320386260992,27,0,27
740532661702234112,27,0,27
742033355202428929,27,0,27
742456129419116544,27,2,29
742468442595463168,27,3,30
742836029665730561,27,0,27
742881584773246976,27,1,28
743771049142198272,27,0,27
745332318265544704,27,2,29
745346531469852673,27,4,31
746199929995988993,27,1,28
747198762041348096,27,0,27
747774644044849152,27,1,28
749301240899653632,27,0,27
749677194813681664,27,3,30
750422736867102720,27,4,31
750548185039441920,27,10,37
751231705919348736,27,0,27
751309993375391744,27,2,29
751604104212934656,27,0,27
753506614359887872,27,1,28
755096900903243776,27,26,53
756647373728866304,27,0,27
756726996575457280,27,28,55
757036573519151105,27,3,30
757255733704548352,27,3,30
757331201841475584,27,1,28
757341795063894016,27,3,30
758205182106894336,27,1,28
758822403380088832,27,2,29
759239515793985538,27,1,28
759432833983246340,27,1,28
760598911228768256,27,3,30
761238040656306177,27,2,29
761379422146531328,27,1,28
763474780045574144,27,1,28
765200722719744000,27,4,31
765406239236902913,27,0,27
766608889466986496,27,0,27
766697167998160897,27,2,29
767779398409936896,27,1,28
768877488113975297,27,0,27
768892724686626816,27,0,27
768899554880032768,27,7,34
771007452548521984,27,1,28
773721072743157764,27,2,29
774483262693527553,27,2,29
774714745064656896,27,0,27
774806549357355008,27,0,27
775524349352693760,27,3,30
777989927397130243,27,3,30
782088338455064576,27,0,27
782921179254419456,27,1,28
783489144999796736,27,0,27
783492978937565184,27,2,29
784909028602150912,27,3,30
785210578239426560,27,6,33
785317138261127170,27,0,27
785317976979361792,27,0,27
785693257707565056,27,0,27
786093031321731072,27,1,28
786680466376097792,27,2,29
786992915331420160,27,2,29
787072423099191297,27,1,28
788174438390837248,27,1,28
788186395596685313,27,0,27
788403857822998528,27,0,27
789102751795912704,27,0,27
789310438450171904,27,0,27
790000439475499009,27,0,27
790302215579639808,27,2,29
791350179844788224,27,0,27
794219334247841792,27,2,29
794952683400491008,27,3,30
796047420165603328,27,1,28
797573968903348224,27,0,27
14162306,26,0,26
15158145,26,0,26
15233150,26,7,33
15589520,26,0,26
16170327,26,0,26
16214639,26,1,27
16886028,26,4,30
17431441,26,28,54
18109764,26,0,26
18183341,26,0,26
18602626,26,0,26
18768055,26,3,29
19088288,26,188,214
19130431,26,0,26
19912400,26,1,27
20075367,26,4,30
20281328,26,2,28
21515927,26,1,27
22230837,26,17,43
22502240,26,3,29
22532718,26,1,27
23080067,26,2,28
23457271,26,1,27
23948939,26,4,30
24001196,26,2,28
25158148,26,0,26
25241577,26,2,28
26329311,26,0,26
27482561,26,5,31
27503295,26,5,31
27948914,26,0,26
29155874,26,2,28
30048912,26,0,26
30508936,26,5,31
31251948,26,25,51
31439632,26,6,32
31771801,26,0,26
31947076,26,4,30
32391632,26,3,29
34384708,26,0,26
35046064,26,3,29
36752462,26,0,26
36912112,26,2,28
36972878,26,7,33
37040349,26,4,30
37119143,26,5,31
37261787,26,1,27
38242184,26,1,27
38288399,26,7,33
38415895,26,5,31
38439017,26,0,26
38520509,26,1,27
38889717,26,0,26
40585077,26,2,28
41531198,26,0,26
41940890,26,2,28
43226515,26,1,27
43265919,26,0,26
44877071,26,0,26
45183629,26,3,29
45687114,26,1,27
47600280,26,2,28
48238003,26,2,28
51059203,26,0,26
52544617,26,1,27
52691060,26,0,26
54306830,26,2,28
54545080,26,1,27
54571567,26,2,28
56321382,26,1,27
57208072,26,1,27
60150436,26,0,26
61052908,26,3,29
62484834,26,1,27
63796576,26,3,29
63981951,26,1,27
66524409,26,0,26
66978366,26,1,27
67513011,26,0,26
69888855,26,0,26
70874746,26,0,26
71026275,26,1,27
73778967,26,1,27
74743478,26,1,27
76357246,26,0,26
76687969,26,6,32
77428290,26,0,26
82126521,26,0,26
82974493,26,0,26
84183328,26,6,32
84784706,26,1,27
85764846,26,0,26
86643035,26,1,27
88950571,26,0,26
91015271,26,0,26
91197186,26,3,29
91997913,26,0,26
92408522,26,1,27
92863531,26,0,26
94314330,26,1,27
95537281,26,0,26
95963751,26,11,37
98257723,26,0,26
104911583,26,1,27
107493239,26,0,26
108617838,26,11,37
110350272,26,0,26
111248362,26,8,34
111680038,26,0,26
112604113,26,2,28
113869410,26,1,27
114345786,26,1,27
114599695,26,0,26
114926605,26,0,26
123426001,26,2,28
125739736,26,1,27
128318585,26,2,28
129739645,26,1,27
133788296,26,0,26
134663382,26,1,27
134691641,26,1,27
145300545,26,0,26
146185934,26,0,26
147522388,26,1,27
155856531,26,2,28
163340416,26,1,27
163934789,26,2,28
166122260,26,2,28
172883388,26,1,27
184463503,26,0,26
191267131,26,2,28
201015826,26,1,27
205776502,26,3,29
207150709,26,0,26
223666042,26,2,28
224220364,26,1,27
231150279,26,2,28
234078455,26,4,30
235614474,26,1,27
236629733,26,10,36
237627069,26,0,26
237773172,26,0,26
237861624,26,0,26
244082347,26,0,26
244768566,26,9,35
247319675,26,4,30
247554673,26,0,26
249526963,26,0,26
252165928,26,26,52
252672508,26,3,29
254503283,26,0,26
257137215,26,3,29
260101360,26,3,29
260405159,26,2,28
260569668,26,0,26
260954365,26,6,32
260958707,26,0,26
264593922,26,2,28
265084821,26,4,30
267880384,26,32,58
273470651,26,1,27
273911853,26,0,26
274584425,26,1,27
276712789,26,3,29
280714445,26,1,27
285048452,26,3,29
292432931,26,3,29
293490008,26,1,27
293607250,26,2,28
295018023,26,6,32
309220398,26,1,27
314861116,26,0,26
322031788,26,3,29
329881704,26,1,27
330650569,26,1,27
333075722,26,0,26
333623100,26,0,26
335348476,26,0,26
341347708,26,4,30
343576924,26,1,27
343779402,26,1,27
348265982,26,2,28
354029529,26,16,42
360386911,26,0,26
362144633,26,0,26
367124252,26,0,26
367860799,26,0,26
372523676,26,1,27
375764669,26,0,26
375795665,26,3,29
376004201,26,2,28
380875509,26,1,27
381083743,26,0,26
382082527,26,1,27
383064409,26,2,28
385102600,26,0,26
386261924,26,1,27
386988527,26,0,26
390995583,26,1,27
398065475,26,1,27
401090263,26,45,71
402261330,26,0,26
403774018,26,1,27
405561109,26,70,96
412492241,26,2,28
413385783,26,1,27
415862154,26,0,26
418106794,26,1,27
420632480,26,0,26
421550872,26,3,29
424047059,26,41,67
424268790,26,1,27
428650847,26,3,29
435357159,26,6,32
436173150,26,1,27
449297593,26,2,28
450909346,26,1,27
452259765,26,1,27
453315760,26,0,26
457754229,26,1,27
467940513,26,0,26
470782696,26,2,28
476551154,26,0,26
477223529,26,1,27
478779243,26,5,31
483330559,26,14,40
485802652,26,1,27
489938054,26,0,26
516058615,26,0,26
517036583,26,51,77
517998358,26,1,27
528056773,26,1,27
529030579,26,0,26
531743814,26,0,26
536065674,26,1,27
549187553,26,0,26
549226241,26,5,31
563839094,26,0,26
582927693,26,6,32
584332361,26,0,26
586674717,26,0,26
595843976,26,1,27
598973191,26,32,58
608328568,26,3,29
627062744,26,1,27
632341418,26,1,27
634653428,26,1,27
707089945,26,1,27
713544404,26,1,27
737503514,26,1,27
741071292,26,0,26
755664769,26,15,41
757914175,26,3,29
760914554,26,0,26
785097534,26,0,26
808000502,26,4,30
809937938,26,31,57
814233661,26,5,31
834368840,26,0,26
842358253,26,0,26
844551222,26,0,26
852023280,26,1,27
856800361,26,1,27
878990466,26,1,27
886003284,26,1,27
889171842,26,0,26
898728732,26,13,39
899059525,26,2,28
904806890,26,3,29
933638226,26,25,51
934644187,26,4,30
935457662,26,1,27
938000136,26,2,28
944302712,26,1,27
948926197,26,1,27
951008132,26,2,28
960407670,26,0,26
979035560,26,0,26
988930274,26,0,26
1006669717,26,5,31
1018852788,26,0,26
1057766052,26,0,26
1058559158,26,4,30
1096643864,26,1,27
1108071056,26,9,35
1109717125,26,0,26
1109948761,26,0,26
1114205983,26,0,26
1125331903,26,1,27
1132574724,26,3,29
1136183546,26,1,27
1141290451,26,2,28
1151358560,26,1,27
1167684505,26,0,26
1171311098,26,3,29
1172807389,26,8,34
1176863142,26,0,26
1180138560,26,0,26
1194489445,26,2,28
1209148250,26,1,27
1248879590,26,0,26
1268438574,26,1,27
1281870092,26,0,26
1300282147,26,1,27
1338071226,26,0,26
1346841865,26,2,28
1355879684,26,1,27
1367996418,26,0,26
1372235592,26,5,31
1373030486,26,4,30
1422241538,26,86,112
1473329342,26,1,27
1525123428,26,0,26
1528941756,26,2,28
1531368576,26,4,30
1549619689,26,1,27
1551661933,26,0,26
1563531085,26,0,26
1566921122,26,19,45
1579079004,26,0,26
1589267491,26,1,27
1591958660,26,4,30
1598061848,26,0,26
1608622200,26,1,27
1611092930,26,1,27
1631012478,26,1,27
1661246144,26,2,28
1661631498,26,1,27
1666276608,26,2,28
1708595209,26,1,27
1717472930,26,0,26
1895019528,26,0,26
1899519440,26,0,26
1914180367,26,0,26
1941901813,26,0,26
1961011867,26,6,32
1963333646,26,4,30
1966947283,26,0,26
2153165539,26,0,26
2157536322,26,3,29
2180684928,26,0,26
2186440241,26,0,26
2190334998,26,63,89
2194393136,26,0,26
2194980390,26,0,26
2203864672,26,0,26
2208155130,26,2,28
2227421756,26,1,27
2259628106,26,2,28
2273987011,26,0,26
2280604004,26,0,26
2280915056,26,2,28
2282764988,26,3,29
2283830406,26,0,26
2292985338,26,2,28
2295387722,26,0,26
2296825206,26,5,31
2313204826,26,0,26
2326097029,26,1,27
2326907673,26,1,27
2329228969,26,2,28
2344344060,26,1,27
2345326239,26,0,26
2352034502,26,0,26
2354351132,26,0,26
2362074535,26,4,30
2373026731,26,3,29
2381090153,26,0,26
2386773386,26,0,26
2387384929,26,1,27
2464142360,26,0,26
2477520062,26,0,26
2483058894,26,1,27
2491541811,26,0,26
2494331432,26,1,27
2495637565,26,50,76
2538960527,26,0,26
2559570124,26,0,26
2561581740,26,0,26
2568214243,26,1,27
2573215164,26,1,27
2646042243,26,0,26
2651159225,26,0,26
2660660057,26,2,28
2685295314,26,0,26
2685305707,26,1,27
2697051646,26,2,28
2718033174,26,0,26
2725984264,26,3,29
2733167334,26,3,29
2742779667,26,36,62
2742875619,26,0,26
2747746256,26,4,30
2757379478,26,4,30
2758909685,26,0,26
2768251144,26,2,28
2802596549,26,1,27
2824338852,26,0,26
2835673912,26,1,27
2881142339,26,2,28
2888159474,26,0,26
2892332825,26,2,28
2896232636,26,2,28
2906025137,26,0,26
2906297560,26,0,26
2906585239,26,0,26
2907677723,26,2,28
2911665405,26,0,26
2915051906,26,0,26
2919642347,26,2,28
2923596620,26,3,29
2934225042,26,0,26
2940707102,26,13,39
2945957444,26,0,26
2946968159,26,0,26
2974047566,26,1,27
2989317506,26,0,26
2994986252,26,2,28
3004708835,26,0,26
3018593496,26,0,26
3018627712,26,4,30
3040629041,26,0,26
3041601060,26,2,28
3050749924,26,1,27
3056895455,26,14,40
3058173341,26,1,27
3063458561,26,0,26
3073538623,26,0,26
3128245387,26,0,26
3152610704,26,1,27
3159852925,26,4,30
3160755637,26,0,26
3167133651,26,0,26
3167787682,26,1,27
3177045557,26,2,28
3194563406,26,0,26
3199694339,26,0,26
3223739808,26,0,26
3231124062,26,0,26
3232787852,26,9,35
3246529033,26,0,26
3247816152,26,3,29
3249532906,26,4,30
3267456386,26,0,26
3271454629,26,1,27
3285503460,26,34,60
3295009275,26,2,28
3301266202,26,1,27
3302760739,26,3,29
3308751358,26,0,26
3309861414,26,1,27
3313959727,26,1,27
3316268159,26,0,26
3321608545,26,1,27
3324887006,26,4,30
3346028595,26,2,28
3355967475,26,1,27
3367479335,26,0,26
3368523225,26,1,27
3370854327,26,1,27
3371934153,26,0,26
3372988474,26,1,27
3375750819,26,0,26
3377077337,26,0,26
3378425511,26,0,26
3381686297,26,16,42
3386242443,26,2,28
3387219983,26,12,38
3400629094,26,1,27
3405485447,26,0,26
3407336476,26,0,26
3410649923,26,2,28
3421549115,26,5,31
3428467521,26,0,26
3438905373,26,1,27
3446851336,26,1,27
3507574155,26,2,28
3584223502,26,1,27
3635023273,26,0,26
3655555695,26,2,28
3685449739,26,6,32
3722926336,26,2,28
3731667975,26,4,30
3749872334,26,3,29
3752307856,26,1,27
3955288893,26,1,27
4019286209,26,0,26
4037606414,26,0,26
4043751910,26,1,27
4052853920,26,2,28
4060827133,26,2,28
4068969256,26,3,29
4085864957,26,3,29
4145868135,26,0,26
4153263555,26,1,27
4184859132,26,1,27
4252846115,26,0,26
4264534757,26,0,26
4313353574,26,0,26
4326490694,26,0,26
4458798496,26,2,28
4479753433,26,3,29
4517420427,26,1,27
4588548075,26,1,27
4602806240,26,3,29
4612282901,26,13,39
4664372353,26,6,32
4669997558,26,0,26
4691014674,26,3,29
4726232661,26,0,26
4784793518,26,4,30
4786972094,26,0,26
4788847399,26,3,29
4796707521,26,1,27
4826510725,26,1,27
4830392379,26,1,27
4841835910,26,0,26
4857142363,26,0,26
4866249237,26,2,28
4869461704,26,0,26
4874464340,26,1,27
4876598333,26,4,30
4890632512,26,1,27
4925848539,26,1,27
701156170174754819,26,0,26
702150083727339520,26,10,36
702293463543341056,26,1,27
702555452899467264,26,0,26
702910650993999873,26,0,26
703095412652011521,26,3,29
703486201605435393,26,3,29
704399652209233920,26,6,32
704817841787183104,26,1,27
705097596759461889,26,7,33
705547270142476289,26,4,30
706319484152369152,26,0,26
706609051652759552,26,1,27
706816179701051392,26,0,26
707036972804517888,26,1,27
708723150679314432,26,0,26
708767770733780994,26,0,26
709858300494528512,26,0,26
710141541440851970,26,1,27
710990834972233728,26,4,30
711680198622621696,26,7,33
712391107439665152,26,0,26
712765848075698177,26,2,28
713039021518118921,26,1,27
713352850458484736,26,0,26
713854330181328896,26,0,26
714475233420382209,26,43,69
715032913365057536,26,0,26
716368005555302400,26,1,27
716734128687878144,26,9,35
717421242186338305,26,3,29
717421495497187330,26,0,26
717876696595177472,26,0,26
720015142570713088,26,0,26
720707740578881536,26,1,27
722208912947085312,26,1,27
726849109840121857,26,0,26
726915888239235072,26,14,40
727705955492888577,26,1,27
727998336029085697,26,0,26
728172121877184512,26,1,27
730540191782457344,26,3,29
730818893481160705,26,2,28
731980507894833156,26,0,26
732344634089725952,26,8,34
732732958998548481,26,2,28
733063923620945920,26,1,27
737756573196529664,26,38,64
737838367845568512,26,1,27
738467272201641985,26,3,29
738828733243658240,26,2,28
738885049743872001,26,2,28
739578759032897536,26,0,26
739844197935644672,26,4,30
740696336572416000,26,0,26
740946214426972160,26,9,35
742374319506984960,26,0,26
742493199202197507,26,2,28
743042947596226560,26,0,26
744119760053506049,26,0,26
746520724253323264,26,0,26
747219565327745024,26,0,26
747945458966790149,26,1,27
749688843297755136,26,0,26
750362236326072320,26,0,26
751842472532250624,26,4,30
753065078509871105,26,4,30
755888717852712960,26,1,27
755906752038703105,26,4,30
756297062728204288,26,4,30
756613576442408961,26,0,26
757000704670175232,26,0,26
757771068107022336,26,1,27
757811997140393984,26,5,31
758076297876602880,26,2,28
758435161008594944,26,2,28
758564817795817472,26,3,29
758618301434105856,26,0,26
758633230648086528,26,1,27
758806545819848705,26,0,26
759042553433903104,26,0,26
760010318860816384,26,0,26
760163220296466432,26,1,27
760574684626690048,26,0,26
761062103880830977,26,0,26
761398488655683585,26,1,27
761408394653753345,26,0,26
762307250794799104,26,0,26
762474432594006016,26,0,26
762713985808424960,26,0,26
762744235774750720,26,1,27
762802687544963072,26,3,29
763925851939348481,26,0,26
764566572866252800,26,33,59
764624876053340160,26,1,27
764867042910416900,26,1,27
765547943915089920,26,0,26
765979700808286208,26,0,26
766381167184609280,26,0,26
766776577942138881,26,0,26
767164027126505472,26,0,26
768331451649495040,26,0,26
770441175903801344,26,2,28
774928290834419712,26,1,27
778229897500225536,26,0,26
778773256241242112,26,0,26
781337906094874624,26,1,27
782395015527927809,26,9,35
783299859956703232,26,1,27
783435923484618753,26,0,26
783460492576600064,26,0,26
784759395091570688,26,0,26
786450409594294273,26,2,28
786929909012627456,26,4,30
788563350959513603,26,0,26
789494653183664128,26,1,27
790649024303009793,26,1,27
790950115968188416,26,0,26
791227726938066944,26,0,26
792208232580128772,26,0,26
792848107012632576,26,1,27
793364808917737472,26,0,26
817652,25,13,38
4389861,25,2,27
9234502,25,38,63
11332012,25,21,46
11691422,25,1,26
14102830,25,0,25
14382003,25,1,26
15088984,25,2,27
15293354,25,4,29
15294551,25,90,115
16164141,25,3,28
16714212,25,0,25
16789028,25,1,26
16802422,25,108,133
17580047,25,1,26
17907090,25,0,25
18012981,25,3,28
18202628,25,1,26
18465866,25,1,26
19236097,25,1,26
19315260,25,3,28
20216281,25,0,25
20535530,25,1,26
21044127,25,3,28
21622781,25,1,26
22090051,25,0,25
22774874,25,1,26
22905734,25,0,25
23359584,25,2,27
23681268,25,5,30
23727080,25,0,25
23866855,25,32,57
24060128,25,1,26
24154387,25,0,25
24804145,25,4,29
25052282,25,0,25
25593846,25,3,28
25632938,25,2,27
26486485,25,0,25
27308283,25,0,25
27565899,25,4,29
27592328,25,22,47
28067087,25,1,26
28540576,25,10,35
28610833,25,16,41
29198219,25,1,26
29242470,25,3,28
29476670,25,0,25
30238286,25,70,95
30518844,25,2,27
31243987,25,1,26
31425593,25,3,28
32820396,25,70,95
32883227,25,0,25
33122257,25,0,25
33155165,25,4,29
33398863,25,2,27
33874101,25,0,25
33922853,25,0,25
35787028,25,2,27
35961279,25,0,25
36079719,25,0,25
36303972,25,32,57
38027424,25,0,25
39118722,25,4,29
39761721,25,0,25
40028472,25,0,25
41570083,25,3,28
41860721,25,4,29
41933342,25,0,25
42625888,25,2,27
43360303,25,0,25
43741078,25,1,26
43846556,25,0,25
43974425,25,1,26
44374397,25,0,25
45088970,25,1,26
45091067,25,1,26
46260635,25,1,26
47169646,25,0,25
48219360,25,44,69
48549791,25,2,27
49224286,25,0,25
51175300,25,1,26
51259550,25,165,190
51510721,25,0,25
52297037,25,0,25
53374468,25,0,25
55979829,25,0,25
56260787,25,0,25
56898928,25,0,25
60075968,25,0,25
60668078,25,1,26
61753466,25,1,26
62010077,25,2,27
62329472,25,1,26
66227698,25,1,26
66540938,25,2,27
66760872,25,0,25
68892218,25,2,27
70558871,25,3,28
71739104,25,9,34
73506545,25,0,25
76383130,25,0,25
76992333,25,1,26
82425179,25,6,31
82681900,25,0,25
83423014,25,7,32
89655673,25,1,26
100400328,25,0,25
106814808,25,36,61
107140298,25,1,26
108789800,25,3,28
111150595,25,1,26
111645399,25,4,29
113478472,25,0,25
116384038,25,2,27
116921689,25,17,42
122861885,25,11,36
124943300,25,0,25
126467626,25,2,27
128433999,25,0,25
129629925,25,1,26
129700516,25,0,25
130098780,25,0,25
134876788,25,3,28
135052785,25,0,25
135293244,25,0,25
136333630,25,0,25
143601325,25,0,25
144365572,25,7,32
147601825,25,2,27
156168388,25,1,26
157924147,25,0,25
158270604,25,0,25
158429392,25,2,27
159604387,25,1,26
161878136,25,0,25
163903231,25,0,25
163912172,25,0,25
170359315,25,6,31
171247320,25,1,26
176841121,25,0,25
180212590,25,0,25
185200940,25,0,25
191307274,25,1,26
192115751,25,1,26
193546326,25,0,25
194663746,25,0,25
195309263,25,1,26
196759287,25,0,25
198516386,25,2,27
199770246,25,0,25
214280711,25,0,25
218005880,25,1,26
218609039,25,6,31
220459947,25,0,25
234528768,25,0,25
242952079,25,0,25
244383132,25,0,25
244783697,25,1,26
260851261,25,0,25
261492615,25,2,27
264582867,25,1,26
266816841,25,6,31
266820951,25,0,25
267529750,25,3,28
268919988,25,2,27
270327100,25,1,26
271173459,25,0,25
272150198,25,3,28
273599427,25,13,38
275253981,25,0,25
276265535,25,0,25
278215497,25,1,26
280609806,25,0,25
283078892,25,1,26
286378589,25,0,25
286774015,25,0,25
290233828,25,0,25
297014456,25,7,32
301482943,25,0,25
302250603,25,1,26
304340078,25,8,33
306362002,25,1,26
307533900,25,0,25
308599771,25,0,25
311565295,25,1,26
316721035,25,0,25
316826448,25,8,33
321451391,25,1,26
321708469,25,2,27
324647339,25,0,25
325172592,25,1,26
328414096,25,0,25
329880387,25,14,39
334517485,25,2,27
335167117,25,0,25
336868319,25,1,26
341008064,25,1,26
342718646,25,1,26
348541378,25,5,30
353872365,25,0,25
360860719,25,0,25
362038774,25,1,26
368007690,25,0,25
370119444,25,0,25
370161936,25,1,26
370182558,25,0,25
377461353,25,0,25
378705132,25,16,41
381825043,25,0,25
383922702,25,0,25
389054761,25,0,25
406483952,25,1,26
409354503,25,1,26
413297266,25,4,29
413347462,25,2,27
417436290,25,0,25
425496582,25,0,25
431266192,25,0,25
431269308,25,3,28
433812769,25,2,27
434370853,25,3,28
437233077,25,7,32
443813947,25,0,25
449279042,25,0,25
449825496,25,1,26
457101340,25,1,26
458936864,25,1,26
469347511,25,2,27
470648192,25,0,25
470982444,25,0,25
472280781,25,1,26
476789609,25,3,28
481673287,25,2,27
485153001,25,1,26
485227016,25,2,27
487863630,25,0,25
492323414,25,2,27
492691818,25,1,26
496241794,25,4,29
499484316,25,0,25
504717565,25,1,26
509246038,25,0,25
512720481,25,1,26
516122420,25,2,27
519431995,25,1,26
521457466,25,3,28
522360500,25,6,31
529548712,25,2,27
529878423,25,1,26
531177374,25,0,25
531861596,25,0,25
532458706,25,1,26
533616394,25,1,26
534756724,25,0,25
538455539,25,0,25
546537304,25,1,26
552425403,25,4,29
556445447,25,0,25
557467330,25,2,27
560439023,25,1,26
564612626,25,42,67
568420247,25,0,25
568632080,25,1,26
571302883,25,0,25
575702452,25,0,25
576722197,25,1,26
580392669,25,0,25
582475384,25,4,29
593513239,25,33,58
596857608,25,0,25
601612456,25,0,25
606374313,25,0,25
606681626,25,8,33
610132216,25,0,25
612400931,25,4,29
612926516,25,3,28
617442211,25,1,26
619712282,25,4,29
622656101,25,2,27
630593966,25,1,26
634709377,25,1,26
635011613,25,23,48
635042082,25,0,25
723484982,25,0,25
731889331,25,1,26
739359528,25,4,29
741559212,25,2,27
749918670,25,3,28
777184849,25,4,29
792119786,25,143,168
807908498,25,4,29
818468149,25,0,25
827891118,25,0,25
828031543,25,1,26
832113828,25,1,26
845719214,25,1,26
846068634,25,0,25
862290390,25,1,26
863140584,25,1,26
879101749,25,0,25
880212104,25,1,26
885698496,25,3,28
906933410,25,0,25
908203088,25,1,26
911631679,25,0,25
932590334,25,0,25
935107915,25,1,26
935962824,25,0,25
936858992,25,5,30
945764516,25,2,27
948862650,25,2,27
954821858,25,2,27
960959850,25,1,26
965041794,25,0,25
976048075,25,0,25
979671722,25,2,27
995603191,25,2,27
1007288292,25,2,27
1013547847,25,4,29
1020954092,25,0,25
1023381835,25,3,28
1024508293,25,3,28
1024851235,25,1,26
1026787952,25,4,29
1072596854,25,3,28
1096384538,25,5,30
1099484792,25,0,25
1112735490,25,0,25
1113478698,25,1,26
1120710696,25,1,26
1147389702,25,0,25
1150947134,25,1,26
1219430186,25,4,29
1235699436,25,0,25
1250525803,25,1,26
1264595431,25,2,27
1270365588,25,3,28
1270821780,25,3,28
1283083940,25,3,28
1289677170,25,1,26
1323832532,25,0,25
1346086549,25,0,25
1391147497,25,1,26
1392298944,25,1,26
1415736788,25,0,25
1441689559,25,1,26
1448332729,25,0,25
1448600947,25,1,26
1457257904,25,0,25
1491702116,25,0,25
1508256306,25,3,28
1529146724,25,1,26
1541165762,25,4,29
1546213250,25,5,30
1552758084,25,3,28
1558894586,25,0,25
1565520805,25,0,25
1577729556,25,1,26
1595843437,25,1,26
1602462715,25,1,26
1633570850,25,0,25
1650207420,25,82,107
1667595798,25,1,26
1685727828,25,2,27
1699588867,25,1,26
1716790891,25,5,30
1737867176,25,0,25
1886091822,25,0,25
1902319381,25,0,25
1908540390,25,2,27
1936046084,25,0,25
1955132936,25,0,25
2159443772,25,1,26
2191516176,25,32,57
2209293534,25,0,25
2223712032,25,1,26
2245893757,25,0,25
2247523105,25,0,25
2283072056,25,0,25
2285705570,25,0,25
2324172788,25,0,25
2334209379,25,2,27
2351061389,25,1,26
2356854715,25,0,25
2361492889,25,30,55
2367863310,25,34,59
2369615720,25,1,26
2370932966,25,0,25
2374985612,25,1,26
2384029214,25,0,25
2384932446,25,12,37
2387062759,25,0,25
2387456798,25,1,26
2393904024,25,0,25
2422404318,25,0,25
2429107224,25,2,27
2449541426,25,1,26
2449807573,25,2,27
2460179640,25,5,30
2491958276,25,1,26
2517934204,25,0,25
2524265943,25,0,25
2530238334,25,1,26
2536413269,25,0,25
2539734440,25,0,25
2541846630,25,1,26
2543101195,25,1,26
2556296572,25,0,25
2561732154,25,0,25
2565756013,25,18,43
2566277820,25,2,27
2603889660,25,1,26
2605567669,25,1,26
2610154286,25,1,26
2628736962,25,1,26
2635938934,25,0,25
2651310065,25,1,26
2664014848,25,2,27
2697104683,25,0,25
2736241034,25,0,25
2776359793,25,0,25
2777663295,25,0,25
2780538444,25,2,27
2781863338,25,28,53
2786208072,25,0,25
2786470997,25,2,27
2793066487,25,4,29
2796958821,25,0,25
2805567608,25,1,26
2805752907,25,0,25
2833820181,25,0,25
2838142815,25,6,31
2845557394,25,3,28
2849120455,25,3,28
2868011398,25,2,27
2878172763,25,0,25
2883728066,25,1,26
2888343627,25,0,25
2892835481,25,3,28
2893105286,25,2,27
2899459274,25,1,26
2900550678,25,0,25
2905644674,25,3,28
2906153937,25,0,25
2909434459,25,4,29
2932407149,25,0,25
2937962502,25,0,25
2952812118,25,1,26
2955544497,25,3,28
2962256404,25,0,25
2970788482,25,1,26
2974050191,25,3,28
2982249556,25,1,26
3001383634,25,3,28
3005175598,25,0,25
3011582208,25,347,372
3012873702,25,1,26
3033091670,25,1,26
3054219378,25,6,31
3063695086,25,0,25
3079573805,25,0,25
3082854989,25,0,25
3096888222,25,1,26
3100289864,25,6,31
3123766732,25,0,25
3127719239,25,2,27
3149805223,25,19,44
3150064879,25,1,26
3155937592,25,0,25
3179532613,25,0,25
3184571905,25,1,26
3186250136,25,0,25
3236515189,25,1,26
3242430558,25,0,25
3252846136,25,0,25
3274540554,25,0,25
3308085366,25,1,26
3310736730,25,4,29
3319032004,25,1,26
3356920227,25,1,26
3360393232,25,3,28
3361775416,25,0,25
3362034705,25,0,25
3379415254,25,7,32
3426852760,25,3,28
3437287514,25,2,27
3496480695,25,2,27
3533102955,25,0,25
3538500985,25,15,40
3589220899,25,26,51
3602054056,25,4,29
3663447194,25,2,27
3668101515,25,1,26
3686488635,25,5,30
3687229034,25,1,26
3692502683,25,0,25
3706930099,25,1,26
3759653953,25,0,25
3777159977,25,0,25
3883769178,25,2,27
3943341312,25,3,28
3980190357,25,0,25
3982104784,25,3,28
4185080121,25,1,26
4188671596,25,0,25
4198222373,25,1,26
4205389155,25,0,25
4221628654,25,1,26
4252034273,25,1,26
4257641237,25,1,26
4265370202,25,0,25
4273596738,25,0,25
4282032138,25,3,28
4314211220,25,2,27
4324005802,25,2,27
4356112575,25,0,25
4362795376,25,2,27
4387371377,25,3,28
4419976126,25,1,26
4449018866,25,1,26
4462113379,25,1,26
4476585079,25,2,27
4477184968,25,5,30
4497873137,25,2,27
4539515362,25,1,26
4540762845,25,6,31
4542694583,25,1,26
4560603439,25,0,25
4562528655,25,0,25
4583755941,25,0,25
4592415394,25,0,25
4600840696,25,1,26
4636639456,25,0,25
4646677163,25,25,50
4657250113,25,0,25
4690701944,25,5,30
4709569894,25,0,25
4718628227,25,0,25
4739157457,25,0,25
4746663639,25,2,27
4786850497,25,1,26
4788434852,25,0,25
4831637882,25,2,27
4847359965,25,2,27
4853435608,25,8,33
4854399704,25,3,28
4855679932,25,1,26
4855981534,25,1,26
4861854657,25,1,26
4872100245,25,0,25
4891138177,25,13,38
4906366823,25,1,26
701944711221813248,25,1,26
702259658199666688,25,0,25
703788786854010880,25,4,29
703828166092017664,25,1,26
704287801311928320,25,15,40
705158346756767748,25,1,26
705496335919677440,25,0,25
705583781269413888,25,0,25
706320238669856769,25,0,25
706320650894495744,25,1,26
706695993182388224,25,2,27
706991954408550400,25,1,26
708720589897383937,25,0,25
709366875923177477,25,1,26
709556297025392640,25,2,27
709846226565406720,25,5,30
710686577702273024,25,12,37
710698883739877379,25,3,28
713190826751475712,25,0,25
713756394722340864,25,1,26
713792594141118464,25,0,25
715691321172692993,25,0,25
715941995806593028,25,0,25
717838876182581248,25,0,25
720412508427714560,25,0,25
724311770655903744,25,0,25
725348521436655616,25,0,25
725824403821449216,25,3,28
727614904811786240,25,0,25
731055520933613568,25,0,25
733514206926897152,25,1,26
735111338754592768,25,2,27
735349460901978112,25,3,28
736253548866863105,25,1,26
736608773154963456,25,0,25
736616731154731009,25,0,25
737768072258412544,25,3,28
738684768246587392,25,5,30
738761064930627584,25,13,38
740188504118972416,25,3,28
740634111619006464,25,3,28
741316259149664256,25,1,26
741715557334949888,25,1,26
742076049618538496,25,1,26
743162463038877696,25,0,25
743468305340563457,25,0,25
744503122865717248,25,3,28
745087194415534080,25,1,26
745104834370506752,25,4,29
746238343818551296,25,4,29
746364681044951040,25,2,27
747861126575067137,25,1,26
749327740306755584,25,1,26
750003771070177282,25,0,25
750160145343193088,25,1,26
750352721211854852,25,0,25
751480450493714432,25,8,33
751596676888997888,25,0,25
752924934200975360,25,0,25
753292912197185536,25,1,26
755825401029472256,25,0,25
756147814594404352,25,0,25
756541125637378049,25,5,30
756971933875499008,25,5,30
757497935038906368,25,9,34
757644159888990208,25,0,25
758349780212867073,25,3,28
758384189687336960,25,1,26
760171712788987904,25,0,25
760969229994749952,25,1,26
764364316002832385,25,0,25
764858163258462208,25,5,30
766558838874963968,25,0,25
766964096126320640,25,72,97
767076006423298048,25,6,31
768115406355636224,25,0,25
768902143822528512,25,0,25
769244237099442176,25,2,27
771666649887801344,25,3,28
772162036386193412,25,1,26
772787634703831042,25,0,25
772882708448018432,25,0,25
773740631101497344,25,2,27
774268257951944704,25,0,25
774971892675510272,25,1,26
775199416470818817,25,1,26
776526303553957888,25,1,26
777876223653453824,25,0,25
778130429253672961,25,4,29
779515151477186560,25,0,25
780794347461586944,25,0,25
781210351559962625,25,1,26
782800010446602240,25,1,26
783043287099793408,25,3,28
784575252370190338,25,0,25
784587132069371904,25,4,29
784896698841694208,25,0,25
785072040101441536,25,0,25
785937578570637312,25,0,25
786226739236200449,25,0,25
787133676580515840,25,7,32
787751973533708288,25,1,26
789398453432430594,25,0,25
789591364476383232,25,0,25
789851520464486400,25,1,26
790299486497234945,25,0,25
790346710765572096,25,1,26
791001485693816832,25,1,26
791319195057135616,25,0,25
791439367994617857,25,0,25
791573885514690560,25,2,27
792138228312571904,25,0,25
795817572960784384,25,0,25
796862654442774528,25,0,25
797699520016564224,25,0,25
4390331,24,36,60
5559672,24,1,25
10796522,24,73,97
14252200,24,0,24
14522779,24,15,39
14617868,24,13,37
15025627,24,2,26
16023914,24,5,29
16055100,24,1,25
16190045,24,80,104
16245688,24,6,30
16274093,24,3,27
16844431,24,2,26
17107705,24,1,25
17129511,24,50,74
17200324,24,0,24
17679507,24,21,45
18217429,24,0,24
18231227,24,4,28
18440701,24,4,28
19124171,24,0,24
19192629,24,1,25
19470460,24,0,24
19485684,24,0,24
19520823,24,1,25
19541129,24,2,26
19742158,24,1,25
19938133,24,1,25
20605155,24,0,24
21080187,24,2,26
21567214,24,4,28
21651653,24,0,24
21656717,24,2,26
21764166,24,8,32
22250215,24,125,149
22376976,24,5,29
22587337,24,2,26
22623064,24,1,25
22707692,24,510,534
22777290,24,0,24
22958891,24,0,24
23634082,24,0,24
24289671,24,1,25
24334111,24,1,25
24443129,24,0,24
24655516,24,47,71
24709604,24,0,24
24806248,24,36,60
25039208,24,1,25
25061464,24,3,27
25121822,24,0,24
25281508,24,141,165
25519387,24,0,24
25862769,24,0,24
26245422,24,0,24
26869660,24,2,26
27303015,24,4,28
27339847,24,3,27
27503607,24,1,25
27711663,24,0,24
27847980,24,1,25
27994089,24,8,32
28052578,24,1,25
28622119,24,7,31
28696411,24,0,24
29509120,24,0,24
29560033,24,0,24
30335609,24,0,24
31351577,24,0,24
32258091,24,5,29
33284185,24,0,24
34428229,24,0,24
36881789,24,2,26
37078624,24,0,24
37438067,24,0,24
37467514,24,0,24
38030814,24,0,24
38078173,24,5,29
38877373,24,15,39
39930604,24,49,73
40616386,24,0,24
40674211,24,0,24
40848321,24,0,24
41919763,24,1,25
42330362,24,3,27
43343466,24,0,24
43590098,24,28,52
44294968,24,1,25
45743810,24,45,69
45751855,24,0,24
47036166,24,3,27
47680487,24,15,39
49011683,24,0,24
49268003,24,0,24
51658756,24,22,46
51911358,24,0,24
52816412,24,1,25
52965562,24,28,52
54081437,24,2,26
54694077,24,3,27
58510019,24,3,27
58630346,24,1,25
60245162,24,2,26
63557746,24,1,25
63598514,24,0,24
65451305,24,1,25
65600958,24,1,25
65784672,24,0,24
66084645,24,0,24
68549259,24,1,25
71346348,24,2,26
72346752,24,3,27
73774391,24,4,28
74643479,24,1,25
75890826,24,5,29
76413574,24,5,29
76700880,24,1,25
77674335,24,3,27
77810156,24,0,24
78548969,24,1,25
79595933,24,1,25
83205874,24,1,25
83694862,24,0,24
84192400,24,1,25
85450895,24,0,24
85729788,24,83,107
87021946,24,2,26
87273143,24,1,25
87472496,24,0,24
88028261,24,1,25
88707220,24,2,26
91712665,24,0,24
92402664,24,2,26
93229339,24,0,24
95740746,24,0,24
95747120,24,6,30
97168944,24,0,24
98794963,24,0,24
100383930,24,8,32
100862693,24,0,24
103316756,24,0,24
104644971,24,2,26
107114546,24,7,31
107209699,24,0,24
108410407,24,13,37
108667631,24,1,25
111495996,24,0,24
118808496,24,3,27
119250657,24,0,24
119559815,24,1,25
120433474,24,0,24
122279472,24,0,24
122873848,24,1,25
124135103,24,0,24
124585743,24,22,46
133836870,24,0,24
136332449,24,1,25
140604619,24,0,24
142169813,24,4,28
144311413,24,0,24
151310648,24,1,25
151670826,24,0,24
151891919,24,2,26
153883005,24,0,24
155075025,24,1,25
156660120,24,6,30
158876370,24,0,24
160091538,24,0,24
165129147,24,0,24
175025658,24,1,25
182757505,24,1,25
184270826,24,0,24
190260040,24,141,165
193998603,24,13,37
194489115,24,3,27
194521859,24,13,37
200188892,24,0,24
202385245,24,4,28
213038249,24,6,30
213173322,24,1,25
213513491,24,0,24
215792580,24,47,71
219889123,24,0,24
220711637,24,1,25
221225600,24,1,25
225282844,24,0,24
227333373,24,14,38
227410667,24,0,24
227505545,24,2,26
236821600,24,0,24
237716736,24,1,25
239219739,24,0,24
240123646,24,0,24
241101807,24,0,24
242268514,24,2,26
243013050,24,0,24
252421931,24,0,24
252804421,24,0,24
253138129,24,0,24
259568690,24,0,24
260434835,24,2,26
261286446,24,1,25
262273722,24,22,46
262775854,24,5,29
264321813,24,0,24
264590248,24,0,24
272133470,24,2,26
274330940,24,0,24
281118242,24,2,26
282601032,24,0,24
285084927,24,1,25
287684453,24,3,27
291474783,24,1,25
296689970,24,104,128
297525809,24,6,30
298097846,24,0,24
301528453,24,2,26
304161911,24,4,28
307624483,24,0,24
308538946,24,2,26
308888287,24,0,24
311599942,24,5,29
315577494,24,3,27
315895544,24,1,25
318669660,24,0,24
319379485,24,7,31
322676446,24,1,25
328576045,24,1,25
334360002,24,2,26
336202987,24,1,25
337473512,24,0,24
339668058,24,0,24
340614610,24,0,24
346104472,24,0,24
349109633,24,0,24
356760927,24,0,24
359380972,24,0,24
360265243,24,1,25
365259831,24,28,52
367230652,24,1,25
368886939,24,0,24
369126477,24,0,24
369233586,24,0,24
372811012,24,2,26
377564416,24,1,25
381731159,24,2,26
383914503,24,0,24
384735991,24,0,24
388027679,24,0,24
391837240,24,0,24
394844566,24,0,24
395713066,24,11,35
397218846,24,0,24
400396591,24,0,24
402415168,24,0,24
403069173,24,3,27
405726861,24,5,29
412597196,24,1,25
413430793,24,2,26
414819212,24,2,26
419010896,24,0,24
420434832,24,0,24
427062600,24,4,28
429994175,24,1,25
430242977,24,1,25
434306906,24,2,26
454427951,24,0,24
468977349,24,0,24
470501931,24,1,25
472004282,24,1,25
472313473,24,3,27
475070894,24,0,24
475171253,24,0,24
478007109,24,2,26
479604138,24,0,24
480425523,24,0,24
482094875,24,0,24
482509752,24,1,25
483487295,24,2,26
484793941,24,1,25
485729203,24,0,24
487738628,24,0,24
502444141,24,2,26
506735232,24,1,25
508390512,24,2,26
515875166,24,3,27
520556809,24,2,26
523509662,24,0,24
524329211,24,0,24
524395290,24,5,29
530840674,24,2,26
542337152,24,1,25
542751106,24,0,24
544417880,24,1,25
552153447,24,0,24
556598797,24,1,25
559484882,24,0,24
560427054,24,1,25
568178203,24,0,24
579136928,24,7,31
588212812,24,0,24
590320358,24,2,26
591137993,24,1,25
592027120,24,6,30
594880665,24,1,25
600563512,24,2,26
600781884,24,4,28
608243816,24,7,31
610986290,24,11,35
624404495,24,1,25
627009465,24,2,26
627498975,24,0,24
629262455,24,3,27
703621922,24,0,24
703977055,24,0,24
728443410,24,1,25
733174519,24,0,24
739750578,24,0,24
752526390,24,2,26
755031012,24,2,26
764499774,24,0,24
792185112,24,1,25
797267688,24,0,24
799531411,24,28,52
807907748,24,0,24
808163215,24,1,25
811821134,24,5,29
816433094,24,0,24
820820455,24,4,28
824450408,24,131,155
834549427,24,0,24
847975615,24,3,27
853604239,24,1,25
855632448,24,0,24
855755587,24,1,25
857364864,24,0,24
860745307,24,10,34
872496962,24,0,24
873962580,24,0,24
876176365,24,0,24
879471643,24,0,24
883520581,24,0,24
885545527,24,0,24
898934738,24,1,25
900692305,24,0,24
901682234,24,0,24
933499596,24,9,33
937219711,24,1,25
945354510,24,0,24
961580058,24,0,24
974387840,24,1,25
974783574,24,0,24
980074483,24,0,24
1000495650,24,0,24
1007673409,24,1,25
1009586215,24,0,24
1027010347,24,1,25
1031656525,24,0,24
1038807607,24,3,27
1056733165,24,1,25
1063020260,24,1,25
1063586514,24,1,25
1105525076,24,2,26
1106993252,24,1,25
1112345178,24,0,24
1129196694,24,0,24
1135766310,24,0,24
1147323110,24,3,27
1178181198,24,0,24
1206707749,24,4,28
1210938492,24,0,24
1224879644,24,0,24
1228600591,24,0,24
1234881763,24,1,25
1276838893,24,3,27
1317689665,24,17,41
1331865774,24,1,25
1345573890,24,3,27
1345913064,24,0,24
1349827549,24,0,24
1361033106,24,0,24
1370179141,24,0,24
1371337734,24,0,24
1387455805,24,0,24
1412594412,24,3,27
1416325297,24,1,25
1431397615,24,0,24
1432738645,24,3,27
1438510748,24,0,24
1439946865,24,2,26
1452178320,24,0,24
1485140750,24,12,36
1506623174,24,0,24
1516311044,24,0,24
1531421635,24,1,25
1534688612,24,1,25
1539949615,24,4,28
1541453958,24,0,24
1553994727,24,2,26
1566374298,24,1,25
1580519107,24,1,25
1605390901,24,6,30
1609045596,24,41,65
1615046382,24,0,24
1621641222,24,0,24
1655254044,24,0,24
1687089073,24,44,68
1705723650,24,0,24
1715873324,24,0,24
1720901078,24,1,25
1798038414,24,0,24
1836596648,24,0,24
1882587048,24,0,24
1884588199,24,6,30
1893911497,24,0,24
1902324499,24,0,24
1928003306,24,64,88
1937948592,24,2,26
1946781036,24,0,24
1954611157,24,1,25
1964701855,24,5,29
2148516548,24,0,24
2149211726,24,0,24
2174030340,24,0,24
2181062480,24,1,25
2194449554,24,2,26
2206912764,24,1,25
2217311312,24,1,25
2225768023,24,0,24
2235997850,24,1,25
2239382563,24,0,24
2247089962,24,0,24
2256955180,24,0,24
2259313549,24,2,26
2286053444,24,21,45
2288290041,24,2,26
2308536067,24,1,25
2317865342,24,5,29
2318146704,24,0,24
2329396765,24,2,26
2336791286,24,0,24
2344143396,24,2,26
2350862439,24,1,25
2351091272,24,8,32
2358657098,24,0,24
2359839329,24,0,24
2365960436,24,6,30
2376137988,24,15,39
2383997634,24,2,26
2391666504,24,1,25
2405619967,24,0,24
2418433230,24,3,27
2424509093,24,1,25
2477578740,24,1,25
2482534224,24,0,24
2489973943,24,0,24
2491677565,24,1,25
2504665885,24,2,26
2506843521,24,4,28
2508865969,24,0,24
2538053700,24,14,38
2543349274,24,0,24
2566129082,24,0,24
2573271828,24,2,26
2584707819,24,0,24
2603546683,24,1,25
2609203934,24,0,24
2614012526,24,0,24
2614590522,24,2,26
2645345017,24,0,24
2648623689,24,0,24
2686761836,24,3,27
2687812910,24,0,24
2696614196,24,6,30
2707013208,24,5,29
2708440904,24,1,25
2716009550,24,0,24
2718290253,24,1,25
2719556213,24,0,24
2729969164,24,0,24
2772269179,24,2,26
2780772424,24,0,24
2787264796,24,0,24
2814058404,24,0,24
2837699769,24,0,24
2838885389,24,14,38
2842490193,24,0,24
2852146912,24,0,24
2853085550,24,0,24
2860925230,24,0,24
2866359840,24,0,24
2872998329,24,0,24
2876409783,24,3,27
2886960807,24,0,24
2893065922,24,1,25
2909547865,24,0,24
2921806562,24,0,24
2922382356,24,1,25
2938370841,24,1,25
2946306947,24,0,24
2952991943,24,0,24
2959126525,24,3,27
2973618197,24,0,24
2974858709,24,1,25
2984973176,24,2,26
2992942526,24,0,24
3006547948,24,0,24
3008212598,24,0,24
3008582531,24,1,25
3014556784,24,3,27
3016663159,24,5,29
3025313319,24,9,33
3028112102,24,1,25
3028626035,24,0,24
3029094087,24,0,24
3039776543,24,1,25
3041814392,24,37,61
3045618437,24,5,29
3064024516,24,2,26
3073394760,24,0,24
3101869670,24,1,25
3103892153,24,1,25
3108389382,24,1,25
3111642198,24,22,46
3111906865,24,28,52
3126748277,24,0,24
3129341603,24,2,26
3129377794,24,0,24
3134472066,24,0,24
3137790714,24,0,24
3147339230,24,20,44
3148615135,24,1,25
3165533265,24,2,26
3177025910,24,10,34
3187797233,24,0,24
3199192864,24,0,24
3222286221,24,35,59
3234094376,24,16,40
3239607127,24,3,27
3268257942,24,0,24
3280168868,24,0,24
3280974990,24,0,24
3288512762,24,2,26
3293451154,24,0,24
3294793927,24,0,24
3305686549,24,2,26
3308015671,24,1,25
3308047830,24,0,24
3313043539,24,2,26
3324009111,24,2,26
3349146432,24,0,24
3354391834,24,9,33
3361152821,24,8,32
3364493488,24,6,30
3374985201,24,0,24
3377698605,24,0,24
3378035614,24,1,25
3386395377,24,0,24
3407012584,24,5,29
3407027063,24,0,24
3407832663,24,0,24
3410970723,24,6,30
3421294156,24,1,25
3421521977,24,1,25
3424052428,24,0,24
3428612625,24,0,24
3432319258,24,0,24
3527373813,24,2,26
3540707537,24,2,26
3569274195,24,1,25
3583743192,24,2,26
3621592873,24,1,25
3623355676,24,0,24
3669275308,24,2,26
3708823576,24,4,28
3737020394,24,0,24
3771567196,24,2,26
3843280635,24,0,24
3843606622,24,5,29
3847365196,24,1,25
3901212561,24,1,25
3951048021,24,0,24
3951481780,24,0,24
3973611433,24,1,25
3974933355,24,1,25
4027220187,24,0,24
4029679066,24,5,29
4123605387,24,43,67
4158522254,24,1,25
4162145293,24,1,25
4237932478,24,3,27
4251207672,24,0,24
4252444512,24,2,26
4276162951,24,2,26
4286853023,24,2,26
4311933197,24,2,26
4333492606,24,3,27
4404484933,24,1,25
4408482973,24,0,24
4418147727,24,1,25
4427266643,24,3,27
4448376513,24,0,24
4463109927,24,0,24
4501010472,24,0,24
4557534912,24,3,27
4558823843,24,0,24
4562265737,24,1,25
4585351826,24,2,26
4624858456,24,0,24
4627890312,24,2,26
4665099555,24,0,24
4719018701,24,2,26
4724227437,24,0,24
4792037787,24,2,26
4794575438,24,3,27
4809762201,24,1,25
4827107987,24,1,25
4827112993,24,3,27
4827815232,24,9,33
4831347854,24,7,31
4842405982,24,3,27
4851732400,24,5,29
4851888083,24,0,24
4862169731,24,2,26
4866822281,24,6,30
4872639933,24,1,25
4884762153,24,6,30
4885310336,24,4,28
4893764356,24,1,25
4914405634,24,0,24
4916429928,24,2,26
700758423722328064,24,0,24
700896273642160128,24,1,25
701817141729824768,24,2,26
702336786505203712,24,0,24
703343582682357760,24,1,25
703738699775877120,24,0,24
704037936912855043,24,32,56
704138585893691397,24,0,24
705419616772820992,24,1,25
705485359883354112,24,0,24
705804187221807104,24,1,25
706407344733818880,24,1,25
706845290016464896,24,0,24
706896860120621057,24,2,26
706933411080830976,24,2,26
707284988069351424,24,0,24
707774958743658496,24,0,24
707994226387058688,24,1,25
708259950921912320,24,0,24
708312636576784385,24,3,27
709177003383980032,24,1,25
709443025311830017,24,2,26
711339386374238208,24,0,24
712282144307974145,24,4,28
713148360459481088,24,0,24
713437214621892608,24,1,25
713472415125344257,24,10,34
713522028813221891,24,2,26
713796149476327428,24,4,28
714112029632630784,24,0,24
714234573345931264,24,0,24
714464009597095937,24,2,26
714935548163526660,24,1,25
715393823728279557,24,1,25
715697237439807488,24,0,24
719291357173575680,24,0,24
719880137752330240,24,3,27
720788088314695680,24,2,26
725487186003501057,24,1,25
726845117928079360,24,0,24
726894220452200448,24,1,25
728760171686584320,24,7,31
728989442552168448,24,0,24
731672055977000960,24,8,32
733483627355328512,24,3,27
735881480006602753,24,3,27
736539369058799616,24,5,29
737500098909769728,24,2,26
738802573843406848,24,5,29
738916801065717762,24,0,24
739163971220078593,24,2,26
740647204784906240,24,1,25
741280542025453568,24,0,24
742859598814666752,24,2,26
744894698934804480,24,0,24
745135695379914753,24,36,60
747981703671615489,24,1,25
748927345650700288,24,1,25
751115625938952192,24,1,25
751445579410972672,24,2,26
751587452092051456,24,0,24
752509588340170752,24,1,25
752882313189613568,24,0,24
753281103608381442,24,1,25
753454613953556484,24,5,29
753668889712570369,24,2,26
754190162821718019,24,1,25
754217648326479872,24,0,24
754354336948334592,24,0,24
754366616855543808,24,5,29
755265125700014080,24,0,24
755647953109393408,24,2,26
755794782211936256,24,1,25
755974477343850496,24,5,29
756140398792192000,24,0,24
756173967241674752,24,1,25
756481999733415937,24,4,28
756629224216231936,24,3,27
756880499881103365,24,9,33
756974026413731840,24,3,27
757289963683667968,24,0,24
758091593127718914,24,0,24
758678857939464192,24,0,24
758904866748051456,24,0,24
760029339211669508,24,0,24
760499502771998720,24,2,26
760874986806534144,24,1,25
761467015362072576,24,0,24
761533655848222720,24,2,26
761642877504151553,24,3,27
761665641019432960,24,0,24
762702297394741248,24,0,24
763591935806148608,24,0,24
765753847428120576,24,1,25
765904290791784448,24,3,27
766154926896668672,24,0,24
768299806888386560,24,1,25
768578913425559552,24,1,25
768662780291317760,24,0,24
771702791668719616,24,1,25
771870367774281728,24,2,26
773274699111497728,24,0,24
774009922908483589,24,2,26
774748909851639808,24,0,24
774835929856999424,24,3,27
776884843514822656,24,1,25
777601766909063168,24,3,27
778221490512814080,24,0,24
778233310849929217,24,2,26
779875481113866240,24,2,26
780598056290885632,24,2,26
781339459912630272,24,0,24
782331847711883264,24,1,25
782711675195625472,24,0,24
783304405189746688,24,0,24
783479704619720705,24,0,24
784525174087544832,24,0,24
784759971074478080,24,0,24
784836293280698368,24,0,24
784872435770241024,24,0,24
785168713582600192,24,1,25
785231424664309760,24,0,24
786171249823129600,24,0,24
786771714290094081,24,1,25
787032341138944000,24,0,24
787354419566444544,24,0,24
787868622647689220,24,2,26
788423419088007168,24,0,24
788719576322306048,24,2,26
789033010637209600,24,0,24
791294413360144386,24,5,29
791406684807827456,24,1,25
792516951155302400,24,0,24
792905323992330240,24,1,25
796774214036549636,24,4,28
796881684234993664,24,0,24
797420693872906240,24,1,25
797445626359414784,24,1,25
5392032,23,1,24
9671192,23,3,26
14188475,23,0,23
14494756,23,1,24
14875642,23,1,24
15146870,23,1,24
15223619,23,5,28
15501181,23,0,23
15931176,23,1,24
15985213,23,0,23
16088623,23,1,24
16118453,23,1,24
16256826,23,68,91
16267083,23,1,24
16393888,23,3,26
16456398,23,74,97
16504112,23,2,25
16558608,23,0,23
16568993,23,1,24
16817222,23,0,23
16854594,23,0,23
17056051,23,2,25
17264634,23,167,190
18025295,23,93,116
18083233,23,0,23
18548111,23,0,23
18647663,23,0,23
18732759,23,1,24
18849368,23,2,25
19432024,23,2,25
19477874,23,2,25
19609647,23,1,24
20221833,23,18,41
20855352,23,0,23
20926514,23,0,23
20929393,23,0,23
21238575,23,130,153
21329404,23,3,26
21583867,23,10,33
22217130,23,0,23
22599386,23,0,23
23082565,23,1,24
23257880,23,0,23
23341211,23,0,23
23534613,23,3,26
24305174,23,1,24
24326939,23,12,35
24377469,23,2,25
24813872,23,9,32
25407310,23,6,29
25991031,23,0,23
26246387,23,0,23
26287303,23,1,24
26402216,23,1,24
26803644,23,4,27
27114006,23,4,27
27767014,23,0,23
28679429,23,0,23
28685589,23,0,23
29251012,23,4,27
29355945,23,0,23
29682488,23,0,23
29724054,23,3,26
30657274,23,1,24
31170963,23,1,24
32658528,23,0,23
32685110,23,0,23
33663178,23,2,25
34073994,23,18,41
34123574,23,6,29
34569770,23,1,24
34642177,23,3,26
35211401,23,0,23
35480674,23,3,26
35837209,23,2,25
36349535,23,4,27
36679987,23,7,30
36751380,23,0,23
36952214,23,0,23
37841963,23,0,23
38706803,23,1,24
39750808,23,92,115
40693519,23,1,24
44139525,23,1,24
45177874,23,3,26
46549652,23,1,24
46986079,23,2,25
47339383,23,2,25
47771481,23,6,29
49213418,23,0,23
49665600,23,4,27
52132735,23,0,23
52737870,23,0,23
52766267,23,42,65
54159671,23,4,27
54429124,23,1,24
55348286,23,1,24
56768796,23,0,23
56958507,23,0,23
57614352,23,0,23
59612125,23,59,82
59908541,23,0,23
60481849,23,3,26
60815392,23,0,23
61528025,23,2,25
61699521,23,1,24
62909709,23,0,23
64856364,23,3,26
64935186,23,2,25
65779852,23,12,35
65820260,23,4,27
69670513,23,1,24
70752796,23,9,32
70903573,23,1,24
73717605,23,7,30
75407958,23,12,35
75437441,23,1,24
76202350,23,13,36
76221976,23,1,24
77749735,23,0,23
77824819,23,0,23
80196616,23,2,25
80904174,23,5,28
84865908,23,1,24
84974211,23,2,25
88951664,23,2,25
90567643,23,0,23
91390903,23,0,23
91657636,23,0,23
92924320,23,3,26
93496023,23,0,23
94721499,23,2,25
95267395,23,0,23
96281487,23,1,24
99015340,23,7,30
103121228,23,3,26
103605264,23,1,24
104657062,23,3,26
104712514,23,7,30
109046315,23,0,23
111448140,23,10,33
113178740,23,2,25
114235871,23,2,25
115121540,23,0,23
115148632,23,7,30
115773444,23,2,25
121829079,23,2,25
126336155,23,0,23
129248147,23,10,33
130274802,23,0,23
130364653,23,1,24
131080812,23,2,25
131157205,23,4,27
132414085,23,0,23
133123890,23,1,24
133354334,23,0,23
134419939,23,1,24
134762700,23,0,23
134910221,23,0,23
136080402,23,1,24
136261853,23,1,24
136881432,23,67,90
137161937,23,1,24
138631890,23,1,24
141529750,23,2,25
143247248,23,0,23
143532744,23,2,25
145635898,23,0,23
147058193,23,1,24
150338030,23,0,23
151534851,23,0,23
152141325,23,0,23
154909077,23,0,23
155766124,23,0,23
156611821,23,6,29
164191595,23,2,25
165158213,23,4,27
165783048,23,0,23
170087628,23,0,23
170739116,23,0,23
171561129,23,1,24
175127426,23,0,23
179987990,23,1,24
193507567,23,5,28
197221861,23,0,23
202187060,23,0,23
203058745,23,10,33
207095438,23,2,25
217196705,23,0,23
218082596,23,0,23
218795383,23,6,29
220181900,23,1,24
221526580,23,1,24
223263548,23,0,23
224429962,23,0,23
236960917,23,0,23
241406440,23,17,40
241734244,23,4,27
242507768,23,90,113
243882040,23,11,34
244528437,23,0,23
246561534,23,0,23
247749454,23,3,26
248988561,23,2,25
250282209,23,4,27
250794655,23,5,28
253396454,23,4,27
255082401,23,0,23
256167506,23,2,25
256449419,23,0,23
259935332,23,0,23
263232325,23,1,24
264807038,23,3,26
266956775,23,0,23
269798459,23,101,124
271074488,23,0,23
271733366,23,1,24
274699038,23,2,25
278585862,23,2,25
280470533,23,1,24
282884150,23,26,49
283301194,23,1,24
290749657,23,2,25
291140584,23,1,24
293275271,23,0,23
293758378,23,1,24
295169719,23,0,23
297515378,23,0,23
298821330,23,1,24
312848382,23,38,61
314655658,23,1,24
316505077,23,0,23
320298982,23,3,26
320927817,23,0,23
323630440,23,1,24
323858082,23,2,25
327199193,23,1,24
329443798,23,1,24
329520809,23,1,24
329906361,23,0,23
331906375,23,0,23
337900109,23,0,23
341601545,23,0,23
343012467,23,0,23
344339901,23,1,24
355471161,23,0,23
357561076,23,1,24
359327898,23,0,23
359432186,23,0,23
359783677,23,6,29
360808281,23,1,24
368141453,23,1,24
369104872,23,2,25
369181340,23,1,24
370851096,23,0,23
371340747,23,0,23
373017530,23,1,24
374735534,23,1,24
374779409,23,0,23
378525804,23,1,24
379717031,23,1,24
379767285,23,3,26
383418826,23,7,30
389255262,23,2,25
389559621,23,1,24
391763203,23,1,24
396831702,23,3,26
400419867,23,3,26
404380685,23,0,23
405202746,23,0,23
405738823,23,1,24
409333307,23,0,23
416772537,23,0,23
420256088,23,5,28
420562668,23,0,23
421560288,23,1,24
421611727,23,1,24
422790982,23,2,25
426257553,23,1,24
428024771,23,3,26
430303626,23,3,26
434140527,23,8,31
435714270,23,8,31
437922131,23,0,23
437985622,23,2,25
449019734,23,0,23
452188848,23,0,23
456933970,23,1,24
457733755,23,24,47
463151276,23,3,26
464133380,23,1,24
468835918,23,0,23
470268558,23,101,124
470519929,23,0,23
476945927,23,0,23
477174486,23,3,26
478148698,23,1,24
479573518,23,1,24
480074801,23,3,26
488246163,23,1,24
489753256,23,0,23
491809971,23,28,51
494283547,23,1,24
495021290,23,2,25
496762984,23,2,25
496796636,23,0,23
497259005,23,3,26
498221887,23,0,23
500956881,23,0,23
505935928,23,1,24
525403335,23,0,23
527037927,23,1,24
527102751,23,0,23
529651185,23,1,24
531487234,23,1,24
532021170,23,2,25
532808829,23,1,24
532844046,23,2,25
536155463,23,0,23
538672823,23,0,23
540674312,23,2,25
548802093,23,2,25
551515241,23,1,24
552924646,23,3,26
557125271,23,0,23
568184650,23,0,23
570737640,23,0,23
574681599,23,1,24
575976006,23,1,24
577931916,23,0,23
582158348,23,2,25
583134891,23,0,23
590156804,23,3,26
591216069,23,0,23
592185078,23,1,24
593809668,23,1,24
601076863,23,3,26
604108965,23,1,24
609566238,23,2,25
609901685,23,3,26
624001614,23,1,24
627083707,23,4,27
631543401,23,11,34
636611445,23,0,23
637262667,23,9,32
705968575,23,3,26
714646234,23,2,25
719670127,23,0,23
722779350,23,1,24
730756428,23,4,27
740388907,23,0,23
751564710,23,0,23
753579799,23,1,24
755897108,23,2,25
772505262,23,0,23
788452310,23,0,23
790325839,23,0,23
792013898,23,0,23
792219673,23,0,23
807604742,23,1,24
811601875,23,1,24
813551298,23,0,23
814503757,23,1,24
816373094,23,3,26
823454042,23,1,24
832486927,23,128,151
844421089,23,0,23
846673729,23,0,23
851561316,23,0,23
851741624,23,1,24
854736331,23,1,24
855532044,23,0,23
858703718,23,2,25
860694828,23,0,23
862353008,23,2,25
863467417,23,5,28
864584708,23,1,24
871373700,23,3,26
873867937,23,0,23
874416372,23,1,24
884724134,23,0,23
885752418,23,1,24
890302164,23,3,26
893856362,23,3,26
894437281,23,24,47
898948664,23,0,23
900282421,23,0,23
907030550,23,0,23
928946293,23,1,24
929047183,23,1,24
932756239,23,8,31
945163508,23,0,23
948739382,23,0,23
960619339,23,0,23
970976972,23,4,27
994459970,23,0,23
1000682874,23,1,24
1013159964,23,1,24
1016248201,23,1,24
1017570618,23,3,26
1018411010,23,0,23
1022671232,23,12,35
1026274753,23,0,23
1047814982,23,1,24
1064213600,23,0,23
1073091163,23,3,26
1074128436,23,7,30
1077941046,23,53,76
1099771423,23,10,33
1135718227,23,2,25
1150937168,23,0,23
1156745101,23,1,24
1161449142,23,1,24
1162112953,23,29,52
1163194243,23,0,23
1208683914,23,0,23
1208851772,23,0,23
1247473934,23,2,25
1247553415,23,0,23
1260890918,23,0,23
1284956808,23,30,53
1297451766,23,1,24
1300471279,23,1,24
1310811456,23,3,26
1324250802,23,0,23
1327854876,23,1,24
1353176904,23,0,23
1357969682,23,0,23
1370305729,23,3,26
1410498362,23,1,24
1445459683,23,19,42
1453575974,23,0,23
1468070952,23,0,23
1471263182,23,2,25
1473389773,23,0,23
1491685098,23,1,24
1493926051,23,0,23
1512642086,23,1,24
1514294240,23,3,26
1518224006,23,1,24
1539564943,23,155,178
1573489183,23,5,28
1592241618,23,0,23
1618489146,23,2,25
1627003320,23,1,24
1630621772,23,0,23
1650913326,23,0,23
1658893915,23,0,23
1671375415,23,1,24
1674283712,23,0,23
1677223735,23,1,24
1682000011,23,0,23
1692359030,23,0,23
1700299290,23,0,23
1703201424,23,4,27
1707121399,23,0,23
1838299639,23,2,25
1854011028,23,0,23
1855757575,23,2,25
1856183472,23,1,24
1857629936,23,1,24
1876680134,23,5,28
1882308859,23,0,23
1899311851,23,4,27
1904550620,23,1,24
1912250641,23,2,25
1918328431,23,1,24
1918583286,23,0,23
1919761124,23,0,23
1923871626,23,0,23
1942650354,23,0,23
1951901286,23,2,25
1973453534,23,0,23
1977386683,23,2,25
2154940484,23,0,23
2159749123,23,5,28
2172483070,23,3,26
2176832773,23,1,24
2191416554,23,15,38
2195138947,23,0,23
2197269483,23,0,23
2198195308,23,0,23
2202409262,23,0,23
2205121861,23,2,25
2209784385,23,1,24
2223798168,23,0,23
2225194662,23,0,23
2229667098,23,6,29
2230388154,23,7,30
2241845783,23,0,23
2259624884,23,7,30
2268216577,23,0,23
2291727162,23,0,23
2308628382,23,0,23
2317666646,23,0,23
2318295893,23,1,24
2322841139,23,4,27
2331126811,23,0,23
2340796446,23,1,24
2348119694,23,1,24
2349023034,23,0,23
2358466422,23,0,23
2358964705,23,0,23
2371990877,23,1,24
2375930988,23,0,23
2391634122,23,1,24
2399994516,23,6,29
2402545362,23,2,25
2407596612,23,2,25
2415129116,23,2,25
2428168765,23,1,24
2430867420,23,0,23
2436005928,23,5,28
2439112543,23,10,33
2463296298,23,0,23
2465121307,23,0,23
2471629956,23,106,129
2495181530,23,0,23
2496761904,23,0,23
2528896927,23,3,26
2535602895,23,11,34
2563835355,23,3,26
2569610618,23,1,24
2573180551,23,0,23
2573197924,23,0,23
2590278009,23,29,52
2607035342,23,0,23
2664656059,23,12,35
2721197463,23,1,24
2723673599,23,0,23
2724108939,23,0,23
2724404119,23,0,23
2724563700,23,2,25
2741861713,23,2,25
2745331075,23,4,27
2772021610,23,4,27
2774254504,23,0,23
2781642025,23,0,23
2786538098,23,10,33
2789153572,23,3,26
2790113463,23,1,24
2797159519,23,1,24
2818659153,23,5,28
2822643869,23,0,23
2824879909,23,1,24
2832339722,23,1,24
2845139661,23,4,27
2852457007,23,2,25
2857356332,23,1,24
2865492398,23,2,25
2880950984,23,2,25
2907412790,23,0,23
2960800713,23,0,23
2962793673,23,0,23
2993757900,23,0,23
2999770351,23,2,25
3003944897,23,2,25
3005920144,23,0,23
3013801747,23,5,28
3015643258,23,0,23
3015933151,23,0,23
3028585335,23,1,24
3040069319,23,0,23
3041272960,23,1,24
3061500557,23,0,23
3063636825,23,0,23
3068012937,23,0,23
3086043541,23,1,24
3086316936,23,19,42
3089155533,23,0,23
3090978444,23,1,24
3092264183,23,1,24
3131146028,23,1,24
3146821087,23,1,24
3155324821,23,0,23
3155429771,23,0,23
3163153987,23,1,24
3184426408,23,1,24
3184671876,23,0,23
3187006614,23,5,28
3189913314,23,5,28
3231110399,23,0,23
3236642367,23,0,23
3237360028,23,1,24
3238891936,23,5,28
3239528339,23,1,24
3240284270,23,1,24
3246616311,23,1,24
3265439376,23,1,24
3294093036,23,0,23
3294140459,23,0,23
3298217143,23,1,24
3302080368,23,0,23
3302937423,23,8,31
3303507079,23,2,25
3304285316,23,2,25
3310710740,23,1,24
3311748353,23,0,23
3321672559,23,1,24
3325526691,23,48,71
3333282196,23,2,25
3361137260,23,2,25
3376823993,23,0,23
3398473491,23,2,25
3406296927,23,2,25
3410342393,23,0,23
3419229712,23,1,24
3419970083,23,0,23
3461039896,23,1,24
3475784183,23,3,26
3476167333,23,0,23
3483407775,23,2,25
3509698695,23,0,23
3540136515,23,1,24
3576975202,23,5,28
3609762852,23,2,25
3661539314,23,1,24
3666280823,23,0,23
3764909057,23,1,24
3799339160,23,1,24
3844486840,23,3,26
3873587412,23,4,27
3883987944,23,0,23
3908636894,23,5,28
3915545652,23,0,23
3931810113,23,1,24
3951949763,23,0,23
4007921186,23,3,26
4053394332,23,0,23
4053486254,23,2,25
4053595324,23,2,25
4060831516,23,18,41
4071754307,23,3,26
4121402866,23,0,23
4180736069,23,32,55
4188430279,23,0,23
4190662395,23,4,27
4200872440,23,2,25
4202559260,23,1,24
4217784198,23,0,23
4236320361,23,0,23
4258239203,23,0,23
4287743662,23,1,24
4311518788,23,0,23
4319136795,23,0,23
4327908132,23,0,23
4334482653,23,0,23
4428047453,23,2,25
4446582923,23,1,24
4459860733,23,0,23
4498653509,23,1,24
4549134672,23,0,23
4554408269,23,0,23
4563551241,23,0,23
4574782876,23,1,24
4577829142,23,0,23
4579106073,23,0,23
4604285055,23,0,23
4614026592,23,2,25
4618682419,23,4,27
4652637732,23,2,25
4653515302,23,3,26
4697858022,23,0,23
4711312194,23,1,24
4805950214,23,0,23
4817499936,23,1,24
4828122127,23,0,23
4828273992,23,1,24
4832280332,23,0,23
4842240494,23,1,24
4842923147,23,4,27
4851457765,23,2,25
4853488571,23,2,25
4853549680,23,0,23
4875264318,23,1,24
4892156662,23,1,24
4903193932,23,0,23
4908634846,23,0,23
4910058137,23,6,29
4925508629,23,3,26
4925625639,23,0,23
4928573711,23,1,24
697096087551791104,23,1,24
697624523915460608,23,14,37
700415062704427012,23,4,27
702854044415610880,23,4,27
702949911684317184,23,0,23
703062904300396545,23,0,23
703332665781575680,23,0,23
705264216211644416,23,2,25
705431188266209280,23,3,26
705551837785677824,23,3,26
705553375144886273,23,2,25
706647360835694592,23,0,23
706945534003548160,23,0,23
707077738620780544,23,6,29
708328635480932353,23,1,24
708556971784474624,23,1,24
708850011140784128,23,2,25
710833727958597632,23,1,24
711649299323465728,23,7,30
712318816940892161,23,0,23
712334829388484608,23,0,23
713010560569356289,23,0,23
713407886374862848,23,0,23
713476277706031105,23,0,23
713535791419559940,23,1,24
714720425801084930,23,77,100
715119725341061120,23,2,25
715172976963022852,23,1,24
715598672168411136,23,0,23
715634444061777921,23,2,25
715868721923944448,23,13,36
716031610571792384,23,0,23
716083716297244672,23,0,23
716296309305528320,23,0,23
717449149810143232,23,2,25
717551184479854592,23,1,24
718218205202923520,23,4,27
718581452837953540,23,0,23
719029680242823169,23,7,30
719751873138466816,23,3,26
721709218567335936,23,1,24
721806701716971520,23,0,23
722699766598090752,23,3,26
722943022128893953,23,0,23
723545296794357761,23,0,23
725064022211448832,23,2,25
727869988229492736,23,5,28
727986762044186624,23,0,23
729684719399395331,23,7,30
731194331189612544,23,1,24
733055332507848704,23,0,23
733825841952493569,23,1,24
734626588202045440,23,2,25
735541707438182400,23,0,23
735961524934746113,23,0,23
736781452528885761,23,2,25
737968267088662528,23,1,24
738875422876827648,23,3,26
739313405719257088,23,3,26
739795354816643072,23,1,24
740300003885735936,23,9,32
740531241309462528,23,0,23
741029391250116610,23,0,23
741320867033010176,23,3,26
741425611135143936,23,5,28
741933318770413568,23,4,27
742369903500361732,23,2,25
742751332935700480,23,1,24
743390215201382400,23,0,23
743416406876684289,23,1,24
744269116673003520,23,0,23
744885223800737794,23,0,23
745054993082945536,23,2,25
746753704578056194,23,2,25
748332221136678913,23,0,23
748884139730927620,23,1,24
749258617505931265,23,0,23
749420867772248065,23,6,29
750404428172103680,23,1,24
750917763569479680,23,1,24
751034069824176128,23,5,28
751132059536687104,23,0,23
751865604416516096,23,2,25
752336219804016640,23,0,23
754844914119311360,23,0,23
755401950548623360,23,0,23
755495536346689536,23,12,35
756816754198794240,23,5,28
756990304889077760,23,0,23
757660463228391424,23,1,24
757766847890546690,23,2,25
757782194341371904,23,0,23
757842931046690816,23,0,23
758440723884695552,23,0,23
758795404934688768,23,1,24
759149978648387584,23,2,25
759182214441512960,23,0,23
759808790829080576,23,3,26
759942949794897921,23,0,23
760075252948934656,23,0,23
761368650741784576,23,1,24
762515679190712320,23,5,28
763167994788847616,23,1,24
763558949576581120,23,2,25
764648651159470080,23,3,26
765323726699106305,23,2,25
765707926610796544,23,0,23
765984515407970305,23,0,23
766003898935115776,23,3,26
767987258150518784,23,10,33
768450191405912064,23,2,25
769662374508920832,23,1,24
771192570386886656,23,1,24
773125693102256128,23,0,23
773169389902270469,23,12,35
774506772325335040,23,0,23
774686030406365184,23,0,23
775023111213244418,23,2,25
776696966784790528,23,0,23
776858806361788416,23,2,25
778060006625345537,23,0,23
779111726390185984,23,1,24
780178176806760448,23,1,24
782627278312177664,23,0,23
782819653362016257,23,0,23
783089876690411524,23,1,24
783504755846967296,23,0,23
784110317412446211,23,0,23
784815159537573888,23,0,23
785195595858259968,23,1,24
785557425369722880,23,0,23
785897717885046784,23,0,23
785984877661294592,23,0,23
785987898994597888,23,0,23
786284375499378690,23,2,25
786625037151277056,23,1,24
786981416269549570,23,0,23
787509697129484290,23,0,23
787782266902618113,23,0,23
788423061909286913,23,0,23
788445930169044993,23,1,24
789020309684748288,23,0,23
790618224882626560,23,0,23
791264221824704512,23,0,23
792943414702645249,23,0,23
793964893800112128,23,1,24
794666269513498624,23,0,23
795295603550928896,23,2,25
796774726014238720,23,2,25
796846794785386496,23,0,23
797364803631284224,23,0,23
799057148844064768,23,0,23
799472368263557120,23,0,23
7591572,22,37,59
11073512,22,0,22
12474152,22,1,23
12996592,22,1,23
14800149,22,0,22
14902429,22,3,25
15147009,22,1,23
15700813,22,2,24
15945496,22,1,23
15946404,22,6,28
15975961,22,4,26
16208846,22,24,46
16848470,22,0,22
17031077,22,0,22
17233536,22,2,24
17268641,22,0,22
17753712,22,2,24
17996546,22,6,28
18111483,22,0,22
18198499,22,1,23
18288270,22,1,23
18734692,22,0,22
18957055,22,0,22
19003611,22,0,22
19101786,22,2,24
19873653,22,4,26
19993019,22,0,22
20138128,22,2,24
20598873,22,2,24
21095543,22,2,24
22287842,22,0,22
22513566,22,1,23
22516523,22,57,79
22536520,22,5,27
22568294,22,1,23
23053953,22,5,27
23131938,22,4,26
23169161,22,2,24
23722910,22,1,23
24133107,22,1,23
26643566,22,1,23
28246898,22,0,22
28583641,22,59,81
28681873,22,1,23
29400182,22,19,41
29534201,22,2,24
29726028,22,2,24
30206446,22,0,22
30268894,22,0,22
30534072,22,0,22
31295722,22,0,22
32483486,22,11,33
33220629,22,2,24
34120418,22,7,29
34610263,22,3,25
35251215,22,9,31
36039018,22,2,24
36321982,22,2,24
36344945,22,1,23
37129155,22,2,24
37335260,22,1,23
38422859,22,1,23
38919023,22,1,23
39396021,22,0,22
41232967,22,0,22
41365429,22,0,22
41911104,22,6,28
41911895,22,3,25
42488500,22,0,22
44788203,22,0,22
45460456,22,1,23
45741687,22,1,23
46195585,22,3,25
46276566,22,2,24
46627940,22,0,22
47113735,22,4,26
47204170,22,5,27
47255381,22,0,22
47697376,22,3,25
48329469,22,2,24
48472776,22,1,23
48536590,22,9,31
48745786,22,4,26
48935709,22,1,23
49087476,22,0,22
49505876,22,16,38
49964679,22,6,28
50019727,22,2,24
51296658,22,2,24
52456292,22,4,26
53081437,22,2,24
53114955,22,0,22
54289519,22,1,23
54358945,22,1,23
55413460,22,3,25
56264156,22,0,22
57504135,22,0,22
58113236,22,2,24
59290642,22,0,22
59757778,22,2,24
60608180,22,0,22
60747339,22,2,24
60788341,22,0,22
61759988,22,0,22
62981355,22,0,22
63188134,22,4,26
63230162,22,0,22
64265755,22,1,23
64748982,22,0,22
65181167,22,4,26
65726219,22,0,22
67735915,22,1,23
70249595,22,1,23
71656731,22,2,24
72242356,22,1,23
72640894,22,0,22
72978331,22,8,30
73152491,22,4,26
73323926,22,1,23
73717434,22,0,22
75391501,22,1,23
76490413,22,1,23
80052046,22,1,23
80999225,22,1,23
83470215,22,3,25
83716230,22,0,22
83725282,22,1,23
83871133,22,38,60
83955876,22,14,36
86730270,22,0,22
87983269,22,15,37
93201495,22,0,22
93507320,22,9,31
94215997,22,0,22
94280478,22,0,22
96261366,22,3,25
96308150,22,3,25
97269417,22,0,22
98292224,22,0,22
99608225,22,1,23
100343376,22,1,23
104261303,22,3,25
104274071,22,2,24
106514937,22,8,30
107903506,22,0,22
108417706,22,9,31
109693738,22,5,27
110012005,22,0,22
118164746,22,1,23
118619214,22,33,55
122141448,22,2,24
122997557,22,2,24
124073241,22,3,25
125139541,22,5,27
128360486,22,0,22
130094578,22,2,24
130707313,22,25,47
131311703,22,0,22
131361119,22,4,26
132284741,22,1,23
142742074,22,0,22
143035892,22,0,22
143123814,22,3,25
146434618,22,2,24
146459577,22,51,73
150146448,22,1,23
155645571,22,0,22
155653637,22,2,24
155684926,22,4,26
155718531,22,5,27
156621888,22,0,22
160631338,22,0,22
161469698,22,2,24
162162267,22,1,23
162393428,22,0,22
164012840,22,0,22
164108194,22,0,22
164672446,22,2,24
168479728,22,83,105
168653242,22,2,24
169208724,22,0,22
174202438,22,0,22
177789597,22,0,22
180614856,22,3,25
181635339,22,0,22
183399458,22,1,23
185944702,22,0,22
189632299,22,0,22
191154063,22,0,22
191575386,22,9,31
194615561,22,7,29
196292489,22,6,28
197994096,22,0,22
200918966,22,18,40
204165034,22,0,22
205028527,22,2,24
205618606,22,1,23
211414510,22,3,25
216802451,22,40,62
217515933,22,0,22
220053608,22,1,23
222377795,22,2,24
222850010,22,1,23
222861547,22,1,23
224820157,22,0,22
232414186,22,1,23
235887538,22,1,23
236684588,22,0,22
244271602,22,0,22
248208545,22,17,39
249203597,22,0,22
250400144,22,0,22
252803331,22,1,23
262896496,22,0,22
264561595,22,1,23
267122769,22,0,22
272076747,22,0,22
274508914,22,0,22
277810122,22,39,61
281320206,22,1,23
283680660,22,1,23
288609351,22,3,25
299926882,22,0,22
301698016,22,0,22
301733414,22,1,23
302478008,22,9,31
302611492,22,3,25
307011013,22,1,23
307154654,22,1,23
310889423,22,38,60
312987287,22,0,22
317950551,22,1,23
319933679,22,11,33
322064312,22,1,23
323499989,22,2,24
329420345,22,1,23
331156072,22,2,24
331755529,22,2,24
332461251,22,32,54
335769474,22,4,26
339962901,22,2,24
341452245,22,0,22
345878117,22,1,23
345959527,22,4,26
350256675,22,0,22
354668309,22,3,25
355370633,22,4,26
364436594,22,1,23
367271007,22,41,63
367843406,22,17,39
368838415,22,6,28
374035508,22,0,22
377305070,22,1,23
378832892,22,0,22
381321514,22,0,22
381824581,22,2,24
385292192,22,20,42
386689070,22,0,22
386856278,22,0,22
387543532,22,0,22
388017681,22,6,28
389628690,22,1,23
392513288,22,4,26
392945034,22,0,22
403148973,22,0,22
403683364,22,5,27
406525423,22,29,51
407899543,22,0,22
410204660,22,0,22
413424037,22,0,22
426318954,22,0,22
428612791,22,11,33
429512817,22,1,23
429555728,22,3,25
433503807,22,0,22
433712039,22,0,22
437949264,22,1,23
441543169,22,5,27
445572564,22,89,111
449265720,22,2,24
451113127,22,1,23
453338871,22,1,23
454633246,22,2,24
454774863,22,0,22
459471568,22,0,22
461220518,22,0,22
466218562,22,0,22
467350671,22,0,22
471694651,22,1,23
472155463,22,0,22
473777801,22,0,22
479881865,22,0,22
484391366,22,1,23
484514913,22,0,22
485057218,22,1,23
488582518,22,1,23
490890950,22,0,22
491446583,22,2,24
493353561,22,0,22
495185704,22,0,22
495954190,22,0,22
498294953,22,0,22
500322924,22,2,24
501835093,22,0,22
505128368,22,0,22
512344582,22,0,22
513251462,22,0,22
517273826,22,0,22
518890672,22,1,23
526282981,22,8,30
527599017,22,3,25
531192647,22,3,25
531475091,22,1,23
531583403,22,2,24
534567002,22,2,24
534848085,22,2,24
540019941,22,1,23
541328418,22,0,22
542258446,22,0,22
547374726,22,0,22
549203022,22,2,24
550139275,22,19,41
556078740,22,1,23
558124219,22,3,25
561789525,22,0,22
562150653,22,1,23
564974398,22,0,22
565886416,22,51,73
572755657,22,12,34
574876139,22,0,22
583663235,22,1,23
585182654,22,1,23
587860632,22,0,22
606350673,22,0,22
609109916,22,1,23
609244628,22,0,22
609350642,22,62,84
616253221,22,2,24
618108487,22,0,22
621524387,22,0,22
627753316,22,0,22
627865229,22,0,22
634386286,22,2,24
705997410,22,0,22
710710809,22,0,22
714753149,22,2,24
719802375,22,9,31
729246649,22,0,22
737810892,22,1,23
743438647,22,2,24
753465446,22,3,25
757171202,22,11,33
774672882,22,18,40
779241055,22,2,24
790398000,22,10,32
792005616,22,0,22
798890670,22,20,42
799264962,22,1,23
800624990,22,3,25
802985486,22,1,23
807959784,22,36,58
815613804,22,1,23
824761309,22,1,23
827733534,22,2,24
832119061,22,1,23
833007811,22,0,22
835827074,22,1,23
841958790,22,1,23
855702115,22,1,23
857892534,22,0,22
859066843,22,0,22
860753305,22,1,23
863375160,22,2,24
865001173,22,1,23
875142642,22,0,22
875405858,22,1,23
878482088,22,1,23
880046730,22,0,22
891479666,22,1,23
908368650,22,8,30
918701881,22,0,22
923252185,22,4,26
927846468,22,0,22
933391981,22,0,22
933717482,22,1,23
937605804,22,0,22
942422990,22,142,164
958223216,22,21,43
965175332,22,0,22
973256724,22,1,23
988792045,22,1,23
1021386648,22,0,22
1024109838,22,0,22
1037600706,22,0,22
1046130326,22,0,22
1053967986,22,0,22
1071540248,22,0,22
1074309715,22,1,23
1092957523,22,1,23
1114631166,22,0,22
1116952748,22,3,25
1117619276,22,0,22
1126512673,22,0,22
1126806397,22,4,26
1139009154,22,1,23
1145998106,22,2,24
1146996146,22,1,23
1149205350,22,0,22
1159047036,22,54,76
1184494045,22,2,24
1191690626,22,0,22
1223205924,22,5,27
1232352379,22,1,23
1252799490,22,0,22
1272713011,22,1,23
1328323945,22,39,61
1328597425,22,1,23
1341530864,22,3,25
1351595492,22,0,22
1358415961,22,0,22
1375611350,22,0,22
1375865798,22,15,37
1385043074,22,0,22
1385840035,22,0,22
1413545528,22,0,22
1417793336,22,2,24
1420535665,22,0,22
1420720760,22,0,22
1430844234,22,0,22
1447630747,22,0,22
1453102772,22,0,22
1464091735,22,0,22
1470149846,22,6,28
1486744616,22,17,39
1548937776,22,0,22
1553356248,22,1,23
1565939916,22,14,36
1575829314,22,8,30
1614046992,22,1,23
1627415906,22,0,22
1633495021,22,0,22
1651428402,22,2,24
1678214898,22,0,22
1688241835,22,1,23
1689059100,22,0,22
1707990578,22,1,23
1716086210,22,1,23
1723392776,22,1,23
1735548000,22,0,22
1887127284,22,2,24
1898295032,22,2,24
1902517718,22,1,23
1902620707,22,4,26
1911478922,22,40,62
1925008657,22,20,42
1933506578,22,0,22
2172769033,22,0,22
2183426318,22,0,22
2193188934,22,1,23
2203803242,22,1,23
2229020947,22,1,23
2266026677,22,0,22
2268016048,22,4,26
2269237075,22,1,23
2277317736,22,1,23
2298672626,22,1,23
2309040594,22,1,23
2335033318,22,0,22
2335888069,22,0,22
2337257995,22,0,22
2344070632,22,2,24
2363994735,22,1,23
2377567476,22,0,22
2378211719,22,0,22
2386129907,22,3,25
2391488834,22,2,24
2401363642,22,0,22
2413221252,22,2,24
2417697408,22,0,22
2422672854,22,1,23
2465050130,22,7,29
2471412372,22,0,22
2481061993,22,1,23
2503043095,22,0,22
2524390371,22,0,22
2530551944,22,0,22
2540442901,22,21,43
2542093392,22,1,23
2562263036,22,1,23
2572112909,22,5,27
2582267186,22,1,23
2597869922,22,0,22
2647065392,22,1,23
2659891316,22,0,22
2663472666,22,1,23
2673057731,22,2,24
2686498352,22,0,22
2706776460,22,1,23
2732944034,22,16,38
2733284586,22,4,26
2737390543,22,4,26
2742212314,22,2,24
2746644052,22,70,92
2762530599,22,1,23
2774767756,22,0,22
2792290643,22,0,22
2792672981,22,66,88
2796798901,22,2,24
2831866067,22,0,22
2835748534,22,0,22
2837730250,22,2,24
2842753576,22,3,25
2847473297,22,0,22
2858773094,22,5,27
2859135956,22,2,24
2860850722,22,0,22
2868513371,22,2,24
2871416611,22,10,32
2876342505,22,0,22
2882989863,22,2,24
2890882618,22,2,24
2895293826,22,1,23
2896380156,22,0,22
2898661221,22,0,22
2908592659,22,0,22
2949759118,22,0,22
2954560451,22,0,22
2958046713,22,2,24
2965212617,22,0,22
2974971244,22,0,22
2984852882,22,0,22
2990184260,22,0,22
2991305751,22,0,22
2993449593,22,3,25
2997665350,22,2,24
3003950637,22,0,22
3021120843,22,0,22
3024985276,22,1,23
3028521775,22,0,22
3033514428,22,2,24
3041046351,22,0,22
3044984776,22,0,22
3045623481,22,0,22
3049833302,22,0,22
3055645150,22,0,22
3063299361,22,0,22
3071413653,22,1,23
3091296230,22,0,22
3105323173,22,1,23
3108798962,22,4,26
3118411242,22,1,23
3132898530,22,4,26
3134005926,22,9,31
3137648726,22,44,66
3161702264,22,4,26
3188918976,22,6,28
3192392773,22,1,23
3214959652,22,7,29
3220418570,22,1,23
3224597315,22,2,24
3230452814,22,0,22
3244262617,22,0,22
3245295971,22,1,23
3252876416,22,4,26
3253702923,22,2,24
3253977751,22,1,23
3258164892,22,0,22
3261795973,22,3,25
3267121628,22,1,23
3276881384,22,0,22
3279080143,22,0,22
3281137237,22,0,22
3284780220,22,2,24
3284950100,22,2,24
3298044948,22,0,22
3298348667,22,0,22
3302582467,22,37,59
3303655311,22,1,23
3308946410,22,3,25
3310345907,22,0,22
3310460813,22,0,22
3318189546,22,0,22
3322567050,22,2,24
3323238999,22,1,23
3324966218,22,2,24
3324972963,22,0,22
3325144356,22,2,24
3341148963,22,1,23
3342447502,22,1,23
3343777197,22,1,23
3351297111,22,0,22
3355426034,22,0,22
3365673193,22,1,23
3365814686,22,0,22
3372964272,22,0,22
3379181751,22,0,22
3384496811,22,0,22
3407320093,22,2,24
3417271510,22,0,22
3417930154,22,26,48
3418880782,22,1,23
3419257222,22,1,23
3434719150,22,2,24
3438661869,22,1,23
3443482040,22,1,23
3447882436,22,0,22
3453942737,22,1,23
3472770748,22,0,22
3523505068,22,0,22
3576722714,22,1,23
3587325614,22,4,26
3599230874,22,2,24
3603903382,22,40,62
3676179976,22,1,23
3679543701,22,3,25
3685052935,22,2,24
3744122597,22,2,24
3769602256,22,1,23
3829918459,22,3,25
3838496359,22,0,22
3882457513,22,39,61
3888630515,22,0,22
3911715449,22,2,24
3943313901,22,0,22
3951178401,22,0,22
3963331812,22,1,23
3988448954,22,1,23
3988483934,22,1,23
4020035189,22,1,23
4036201153,22,2,24
4051942230,22,0,22
4052199193,22,1,23
4053554429,22,0,22
4057854497,22,5,27
4130189355,22,19,41
4136794512,22,0,22
4144068922,22,0,22
4166478580,22,1,23
4171425689,22,2,24
4220876422,22,4,26
4307979493,22,1,23
4320997876,22,0,22
4321195753,22,0,22
4332398488,22,1,23
4373325793,22,2,24
4376571623,22,1,23
4409765777,22,0,22
4420888095,22,0,22
4428520827,22,2,24
4431506777,22,0,22
4436418312,22,6,28
4443517659,22,0,22
4455054612,22,3,25
4465545972,22,4,26
4492207332,22,0,22
4508868526,22,0,22
4513795767,22,2,24
4559608274,22,1,23
4594814402,22,1,23
4637634941,22,0,22
4642553576,22,1,23
4698528180,22,0,22
4706313916,22,7,29
4715309654,22,2,24
4735889903,22,0,22
4761425001,22,1,23
4766257664,22,10,32
4816775232,22,6,28
4822938341,22,1,23
4824787895,22,1,23
4839141805,22,2,24
4850526914,22,0,22
4860874593,22,1,23
4862020418,22,1,23
4862611007,22,3,25
4883149572,22,1,23
4924317899,22,1,23
696037878204338176,22,1,23
700270901380718593,22,2,24
701058263278862337,22,0,22
701864743070355456,22,1,23
701985977108078592,22,7,29
703006689960849408,22,0,22
704847016573022209,22,0,22
704919514375389185,22,0,22
705091163234107392,22,0,22
705438968377167872,22,2,24
705597059475214336,22,1,23
705963579502104576,22,1,23
706257469262069760,22,3,25
706553611338121216,22,0,22
707287429326049280,22,2,24
707370312720105474,22,0,22
708487421202006017,22,3,25
710402708302245888,22,4,26
712248310686425088,22,1,23
712459124081086464,22,1,23
712755297283096577,22,8,30
712866792679596032,22,1,23
714146188677816320,22,1,23
714530362974674944,22,1,23
714864507798077444,22,0,22
714905903774961664,22,2,24
715654770694955008,22,0,22
716794620613500929,22,3,25
717820719942356994,22,0,22
719445846572548097,22,1,23
720704755761172481,22,1,23
721077250137964544,22,1,23
721311165918224384,22,0,22
721861463149654016,22,0,22
722458037307375616,22,2,24
722639268951101440,22,0,22
724051582992691200,22,4,26
726786052925591553,22,0,22
726832758987849733,22,0,22
727928133157015553,22,0,22
729048277669253120,22,0,22
729147318570782721,22,1,23
729520195736195072,22,10,32
730119974413545472,22,1,23
731524556100263937,22,0,22
732813586062577668,22,1,23
732976058266464256,22,1,23
733136967911759874,22,0,22
734174779784077312,22,2,24
734526310593232898,22,36,58
735433430838718464,22,0,22
738411779898802176,22,0,22
739237283920912384,22,0,22
739780316152401920,22,1,23
742078298889457666,22,0,22
742150236005486592,22,0,22
742402735404908544,22,0,22
742664931217178624,22,0,22
742901217555185665,22,1,23
743222063683371008,22,10,32
744927651542949893,22,10,32
744993988415913985,22,1,23
745750044540833792,22,0,22
745810160896081920,22,0,22
746727866054893568,22,2,24
746867917434781697,22,0,22
747573243352072192,22,0,22
749355239426428928,22,0,22
749365287758200832,22,1,23
749856588492640256,22,7,29
750462268551340032,22,0,22
750700489914802177,22,0,22
751313506977259521,22,1,23
751398492849967104,22,0,22
751401832887492608,22,0,22
751475833534046208,22,1,23
751510293746839552,22,2,24
751914174201139200,22,3,25
752855424244801537,22,0,22
753365654271471616,22,0,22
753564731236032512,22,2,24
754358472649474048,22,2,24
754913164827959300,22,27,49
756302180215296001,22,0,22
756819037103853569,22,0,22
757305033935290368,22,3,25
757334838953250816,22,1,23
757632850057310209,22,0,22
757764767964553216,22,1,23
758021666760855552,22,0,22
758307367306100740,22,3,25
758520043311341568,22,2,24
758565961301630977,22,1,23
761368924797673472,22,1,23
761396912591282176,22,2,24
761789169676918784,22,2,24
762122505062580225,22,0,22
762508826004172801,22,3,25
762619700744368130,22,1,23
762878463711649792,22,4,26
763414567863005184,22,0,22
764184583252377600,22,1,23
765747826425036800,22,2,24
769246084162023424,22,0,22
770800063937261570,22,1,23
771394841838170112,22,1,23
771745883016794112,22,2,24
773707693504794629,22,0,22
774224733072220161,22,0,22
774329681772294145,22,0,22
774343912907497472,22,0,22
774937403081449472,22,0,22
774937444848398336,22,1,23
775705422254579712,22,0,22
775838218423984128,22,4,26
779892063492005888,22,0,22
780049042357129216,22,0,22
780765555905048581,22,0,22
781125491302473728,22,1,23
781132617588445184,22,0,22
781588204793188352,22,2,24
783003777146163204,22,0,22
783802950569254912,22,6,28
784105193063473152,22,1,23
784845483835437056,22,3,25
785087068368171008,22,1,23
785292569689231360,22,1,23
786323577175932928,22,1,23
786970407102324736,22,0,22
787899892668567552,22,1,23
788022764988792832,22,0,22
788203295366012928,22,0,22
788550180006092800,22,2,24
789152878946508801,22,0,22
789167464042991616,22,0,22
789619303393927168,22,0,22
789624163002617857,22,1,23
790725486426988545,22,2,24
792624036547137536,22,0,22
793594651005612032,22,0,22
793784909731102720,22,0,22
794301447944933376,22,0,22
795196802744074241,22,1,23
796831708406513664,22,0,22
796854479425601541,22,1,23
797062295138336768,22,0,22
797249915646668800,22,0,22
1354481,21,0,21
4450541,21,206,227
5145071,21,0,21
7418782,21,2,23
14052001,21,3,24
14581602,21,0,21
14736261,21,0,21
15220853,21,161,182
15521991,21,1,22
15652947,21,66,87
15740001,21,0,21
15941116,21,2,23
16158692,21,6,27
16527100,21,2,23
16853875,21,0,21
17105240,21,4,25
17139147,21,51,72
17379398,21,4,25
17389437,21,9,30
17915444,21,5,26
18085565,21,11,32
18085903,21,2,23
18175598,21,1,22
18458105,21,0,21
18551125,21,1,22
18604802,21,1,22
18668686,21,2,23
19445088,21,0,21
19491668,21,0,21
19858241,21,0,21
19960756,21,3,24
20113220,21,0,21
20558020,21,0,21
20685158,21,0,21
20737729,21,1,22
21060711,21,4,25
21067606,21,0,21
21095724,21,1,22
21634278,21,0,21
21683796,21,0,21
21742949,21,4,25
22004284,21,0,21
22121692,21,2,23
22468101,21,0,21
22491659,21,2,23
23303238,21,0,21
23355113,21,0,21
23835119,21,4,25
24081461,21,1,22
24130487,21,2,23
24295324,21,0,21
24470535,21,7,28
24721692,21,0,21
24789569,21,0,21
24869391,21,1,22
25427075,21,11,32
25635800,21,11,32
25974530,21,0,21
26259429,21,2,23
26596157,21,0,21
26698994,21,4,25
26868545,21,0,21
27228928,21,0,21
27559988,21,2,23
27598149,21,0,21
27777776,21,0,21
28180607,21,0,21
28199470,21,2,23
28426437,21,6,27
28712882,21,4,25
28796846,21,1,22
28912614,21,1,22
28974585,21,17,38
29287755,21,0,21
29807088,21,3,24
29979038,21,0,21
30422050,21,0,21
31445547,21,1,22
32646616,21,0,21
34915384,21,12,33
34945388,21,2,23
35774006,21,0,21
35852232,21,0,21
36187515,21,2,23
36444487,21,3,24
36923476,21,1,22
37023435,21,0,21
37033185,21,2,23
37418551,21,1,22
38047949,21,0,21
38670272,21,5,26
39908142,21,80,101
40452673,21,3,24
41221587,21,1,22
42231269,21,0,21
42304448,21,0,21
43244562,21,1,22
43749437,21,4,25
44464065,21,3,24
44959884,21,3,24
45846954,21,0,21
46156529,21,2,23
46386780,21,0,21
46923727,21,0,21
47245107,21,0,21
47279266,21,0,21
47421452,21,110,131
47514193,21,0,21
48099542,21,0,21
48169508,21,9,30
49172121,21,12,33
49324978,21,0,21
49390987,21,0,21
49694359,21,0,21
50328079,21,6,27
50336367,21,0,21
50438882,21,1,22
51316600,21,3,24
51615054,21,0,21
51757193,21,2,23
52647524,21,3,24
53787946,21,0,21
54307730,21,2,23
54453833,21,0,21
54753814,21,0,21
54759492,21,2,23
54862527,21,1,22
55399489,21,4,25
56044856,21,1,22
56432677,21,2,23
56779441,21,1,22
58167998,21,1,22
58477980,21,2,23
58494215,21,2,23
58607069,21,1,22
59709743,21,1,22
59819458,21,0,21
59995042,21,2,23
61326807,21,3,24
61783235,21,0,21
63829580,21,0,21
65793480,21,1,22
66886804,21,6,27
67632815,21,1,22
67720874,21,4,25
69078882,21,0,21
73490800,21,0,21
77074685,21,0,21
78343030,21,4,25
79633960,21,0,21
79656999,21,0,21
80195106,21,1,22
80968470,21,0,21
83979815,21,0,21
86832980,21,0,21
87007752,21,2,23
87410126,21,1,22
87844934,21,2,23
88030347,21,0,21
88494677,21,1,22
88778290,21,0,21
89442672,21,1,22
90036756,21,2,23
90071422,21,1,22
91116664,21,3,24
91816361,21,1,22
93546606,21,0,21
95704598,21,0,21
97670814,21,1,22
103222382,21,9,30
103976021,21,3,24
104593148,21,0,21
105861463,21,0,21
105939126,21,0,21
111502883,21,1,22
112220804,21,0,21
115589788,21,6,27
115792183,21,2,23
117342715,21,1,22
118409087,21,0,21
118978778,21,0,21
119886696,21,0,21
119995912,21,0,21
126197204,21,1,22
126661808,21,0,21
126781018,21,1,22
129154489,21,0,21
129296015,21,1,22
129788863,21,0,21
131326812,21,0,21
131939707,21,2,23
132220401,21,2,23
133055630,21,2,23
134460106,21,0,21
136479913,21,0,21
138248250,21,2,23
139491667,21,5,26
140409016,21,0,21
143539322,21,3,24
147408059,21,1,22
149763376,21,36,57
153227410,21,1,22
153770827,21,2,23
155728591,21,1,22
157158368,21,0,21
157463086,21,0,21
160164598,21,9,30
163879552,21,1,22
164029981,21,10,31
167306978,21,0,21
169775526,21,0,21
170763654,21,0,21
173539846,21,1,22
174266782,21,5,26
174977643,21,3,24
177507309,21,1,22
181064035,21,22,43
183080996,21,0,21
188935214,21,0,21
189116097,21,0,21
191638016,21,1,22
192623138,21,2,23
194203648,21,1,22
198000806,21,1,22
199393177,21,2,23
201821833,21,0,21
203289062,21,1,22
206522478,21,1,22
207648834,21,0,21
207741450,21,5,26
216427371,21,0,21
216669257,21,0,21
217320158,21,10,31
217503637,21,1,22
217649062,21,0,21
219867331,21,0,21
220867835,21,2,23
225798076,21,0,21
229470916,21,0,21
233354616,21,2,23
234531577,21,1,22
234598759,21,0,21
236104601,21,1,22
236681060,21,22,43
237488620,21,5,26
237572596,21,90,111
238366185,21,3,24
238882112,21,1,22
242117919,21,0,21
244610169,21,0,21
248053168,21,1,22
255638314,21,0,21
257088807,21,4,25
260288666,21,0,21
261326494,21,1,22
261878833,21,2,23
263962759,21,2,23
264627904,21,0,21
266963382,21,1,22
266989727,21,4,25
269418215,21,1,22
270396457,21,0,21
270671495,21,1,22
272250791,21,4,25
273510199,21,0,21
282532497,21,0,21
286884325,21,1,22
295863148,21,4,25
299239037,21,4,25
302720798,21,1,22
308674565,21,11,32
309206948,21,1,22
310563764,21,0,21
312213753,21,3,24
312873552,21,2,23
318306484,21,2,23
319436171,21,10,31
321090531,21,0,21
322814734,21,4,25
329523464,21,0,21
330020539,21,1,22
334267452,21,1,22
337447628,21,1,22
339128765,21,0,21
340667312,21,0,21
340789196,21,0,21
341537548,21,0,21
356482191,21,1,22
357875764,21,3,24
365047482,21,1,22
366079629,21,6,27
370128703,21,1,22
370968677,21,0,21
374144787,21,0,21
377069601,21,0,21
378615551,21,0,21
385064598,21,0,21
385934073,21,4,25
387748557,21,0,21
391122868,21,1,22
391511827,21,5,26
391774028,21,0,21
393088169,21,4,25
394669902,21,0,21
395048148,21,2,23
396826355,21,0,21
401080387,21,3,24
414972734,21,0,21
419429445,21,0,21
421425015,21,0,21
425936834,21,4,25
426153895,21,48,69
427211577,21,1,22
428290762,21,0,21
433180944,21,0,21
437143466,21,2,23
439141551,21,21,42
442366363,21,1,22
446585016,21,0,21
452650311,21,0,21
453537985,21,2,23
453737097,21,0,21
454241383,21,1,22
460731718,21,1,22
464904932,21,0,21
466008745,21,3,24
466364654,21,18,39
472407653,21,13,34
473943335,21,0,21
476386235,21,0,21
476537959,21,3,24
478726723,21,0,21
479051516,21,1,22
480933989,21,0,21
482408064,21,0,21
483288555,21,3,24
485703398,21,3,24
486917776,21,0,21
491227446,21,2,23
497128463,21,1,22
498351854,21,1,22
505044794,21,0,21
505049911,21,1,22
505571994,21,0,21
518159107,21,1,22
518715637,21,2,23
519524383,21,1,22
519744927,21,1,22
525635864,21,1,22
532694029,21,1,22
532782147,21,1,22
534865721,21,1,22
535800205,21,6,27
541763692,21,3,24
544767854,21,1,22
545068087,21,0,21
546063497,21,5,26
547976514,21,0,21
551941377,21,1,22
551977052,21,1,22
552089644,21,2,23
553224712,21,1,22
556839915,21,5,26
563330983,21,3,24
563767568,21,0,21
566844675,21,2,23
567416690,21,0,21
568394922,21,0,21
575037059,21,2,23
575770760,21,0,21
576580745,21,0,21
583117972,21,153,174
586675216,21,3,24
594063601,21,0,21
594300121,21,1,22
594683722,21,7,28
606747591,21,1,22
607238071,21,0,21
628773709,21,0,21
629963553,21,4,25
632641566,21,0,21
637110015,21,0,21
734163434,21,0,21
741819595,21,1,22
745040809,21,0,21
749939078,21,11,32
760436942,21,10,31
760584998,21,0,21
761829432,21,0,21
765763200,21,7,28
781248848,21,0,21
792904291,21,1,22
794810444,21,7,28
797333324,21,0,21
799711939,21,4,25
800904228,21,0,21
805935860,21,3,24
807741085,21,0,21
812547223,21,1,22
820684206,21,4,25
823440272,21,0,21
824382936,21,1,22
838550334,21,0,21
840546942,21,0,21
842374393,21,2,23
843665610,21,4,25
845325566,21,2,23
860665718,21,1,22
870845882,21,1,22
876694266,21,0,21
876698706,21,0,21
877128822,21,2,23
885712620,21,5,26
890017790,21,0,21
892395486,21,4,25
894436309,21,3,24
901726730,21,0,21
903953910,21,4,25
905093052,21,1,22
907991616,21,4,25
914579376,21,0,21
930191521,21,2,23
933788114,21,35,56
936076370,21,0,21
942042836,21,1,22
955070096,21,1,22
968032866,21,0,21
970516614,21,0,21
986818338,21,0,21
989936976,21,0,21
990952728,21,3,24
1002319988,21,0,21
1006890408,21,1,22
1015818757,21,1,22
1020698905,21,0,21
1025230921,21,0,21
1039096513,21,0,21
1039855052,21,1,22
1051767258,21,7,28
1052096910,21,0,21
1075593985,21,1,22
1079657856,21,1,22
1086656658,21,1,22
1110638977,21,0,21
1116198943,21,0,21
1128274993,21,11,32
1128612673,21,2,23
1144033710,21,0,21
1158273516,21,0,21
1160157319,21,0,21
1161094050,21,1,22
1166107657,21,1,22
1172892373,21,0,21
1182902648,21,1,22
1206586722,21,0,21
1209684721,21,5,26
1264291556,21,27,48
1292473633,21,1,22
1302283879,21,0,21
1307631529,21,0,21
1344022837,21,27,48
1356407618,21,1,22
1364716526,21,5,26
1372645488,21,1,22
1411284846,21,49,70
1427984040,21,4,25
1449530082,21,0,21
1449739435,21,0,21
1455890449,21,0,21
1465338450,21,0,21
1471194955,21,2,23
1478389008,21,2,23
1486309188,21,4,25
1520420251,21,1,22
1535717894,21,0,21
1564462296,21,1,22
1611093804,21,4,25
1623946224,21,118,139
1636710595,21,0,21
1643052990,21,1,22
1646973566,21,2,23
1659942950,21,0,21
1662709308,21,0,21
1684704224,21,2,23
1692595236,21,0,21
1718752172,21,0,21
1723377714,21,0,21
1724526038,21,4,25
1738993470,21,0,21
1796165244,21,0,21
1875417510,21,0,21
1895992122,21,4,25
1898603372,21,1,22
1904325156,21,1,22
1922314573,21,1,22
1949714474,21,0,21
2171469827,21,1,22
2183513012,21,0,21
2189005345,21,1,22
2189423735,21,1,22
2190400729,21,0,21
2194920665,21,0,21
2194945326,21,3,24
2197211915,21,1,22
2204909892,21,4,25
2207094739,21,0,21
2212904599,21,4,25
2228911879,21,4,25
2234928185,21,1,22
2246300086,21,0,21
2254009364,21,1,22
2259655699,21,12,33
2290263476,21,39,60
2292074120,21,0,21
2313099380,21,0,21
2314436467,21,3,24
2326195717,21,2,23
2326219613,21,1,22
2333619771,21,0,21
2336560186,21,0,21
2360066418,21,0,21
2366439978,21,1,22
2369738137,21,2,23
2379316620,21,0,21
2382419276,21,17,38
2383282580,21,5,26
2383812842,21,2,23
2391652105,21,0,21
2407464848,21,13,34
2409039450,21,0,21
2412783114,21,3,24
2416566847,21,0,21
2423655841,21,1,22
2434224397,21,0,21
2435540122,21,14,35
2440969560,21,3,24
2442888666,21,1,22
2469905970,21,3,24
2474444498,21,0,21
2478823596,21,0,21
2492331576,21,1,22
2506436971,21,3,24
2515686963,21,0,21
2531443716,21,0,21
2553853866,21,2,23
2555827455,21,1,22
2574956743,21,1,22
2648649574,21,3,24
2651771336,21,2,23
2654366676,21,0,21
2679693610,21,1,22
2706275978,21,1,22
2712999488,21,0,21
2715657882,21,2,23
2740546270,21,134,155
2741553948,21,0,21
2741677529,21,1,22
2742810248,21,1,22
2748498740,21,0,21
2763745062,21,9,30
2766044811,21,2,23
2774828070,21,0,21
2787161234,21,0,21
2790292676,21,0,21
2802522952,21,5,26
2809396552,21,156,177
2814630924,21,6,27
2821285640,21,0,21
2825364882,21,3,24
2828705712,21,3,24
2833160985,21,1,22
2837008834,21,0,21
2857490568,21,1,22
2867333480,21,0,21
2872566267,21,0,21
2874267124,21,2,23
2885409424,21,1,22
2890041417,21,0,21
2899171851,21,1,22
2900659636,21,0,21
2906396959,21,0,21
2909467906,21,4,25
2913769696,21,0,21
2944914207,21,0,21
2951936199,21,1,22
2958955621,21,5,26
2965513601,21,0,21
2966602877,21,3,24
2979342909,21,2,23
2989279619,21,1,22
2990384832,21,1,22
2991363564,21,0,21
2996774558,21,0,21
2999908613,21,1,22
3013763125,21,1,22
3018681440,21,1,22
3019966110,21,1,22
3034705719,21,0,21
3041523664,21,0,21
3051277161,21,0,21
3051557842,21,1,22
3055659682,21,2,23
3063099461,21,2,23
3063811661,21,1,22
3083087059,21,2,23
3102537224,21,1,22
3139101181,21,3,24
3140536102,21,0,21
3146669395,21,0,21
3147901760,21,26,47
3159920865,21,3,24
3168027631,21,6,27
3170219888,21,1,22
3173348733,21,1,22
3179516406,21,0,21
3182357444,21,0,21
3195958794,21,0,21
3229058694,21,65,86
3236254500,21,2,23
3238374120,21,0,21
3239296926,21,0,21
3241244638,21,0,21
3242188868,21,2,23
3243163729,21,2,23
3251989200,21,1,22
3252158772,21,0,21
3259694996,21,2,23
3267262818,21,5,26
3288251190,21,0,21
3290617216,21,2,23
3294764065,21,1,22
3295431565,21,0,21
3300205033,21,1,22
3302619474,21,5,26
3318460012,21,3,24
3323835137,21,5,26
3335725691,21,1,22
3343990737,21,0,21
3352666283,21,6,27
3363915879,21,0,21
3368308073,21,0,21
3386706274,21,0,21
3389569895,21,0,21
3397239460,21,0,21
3407979981,21,2,23
3408555129,21,1,22
3416691374,21,0,21
3431787033,21,2,23
3433581652,21,0,21
3439522222,21,0,21
3452391747,21,0,21
3484468463,21,1,22
3493287256,21,20,41
3505493176,21,1,22
3510181992,21,0,21
3521395697,21,5,26
3537202635,21,3,24
3573799035,21,4,25
3605768360,21,0,21
3610771572,21,2,23
3690259413,21,0,21
3749580927,21,1,22
3770224034,21,0,21
3770520201,21,0,21
3807500952,21,1,22
3828050120,21,0,21
3833913915,21,1,22
3864060553,21,14,35
3878378117,21,1,22
3886275382,21,0,21
3887020360,21,2,23
3949371634,21,37,58
3951013695,21,1,22
4005006215,21,0,21
4032383368,21,1,22
4033291282,21,0,21
4042063131,21,1,22
4088547303,21,4,25
4089598337,21,0,21
4091106004,21,0,21
4100017613,21,1,22
4126651576,21,0,21
4153055959,21,1,22
4198769722,21,0,21
4215270853,21,1,22
4229423897,21,3,24
4272988225,21,2,23
4297448777,21,2,23
4339089552,21,0,21
4389029254,21,2,23
4441303487,21,0,21
4442509288,21,0,21
4443635298,21,1,22
4475746215,21,1,22
4500550336,21,3,24
4501021340,21,1,22
4513215379,21,70,91
4527747562,21,0,21
4543730249,21,0,21
4549852397,21,0,21
4627029672,21,0,21
4640736685,21,11,32
4668843754,21,2,23
4685262612,21,1,22
4704612192,21,0,21
4729714512,21,15,36
4736015117,21,2,23
4742069898,21,0,21
4749472154,21,0,21
4751156820,21,2,23
4761217758,21,11,32
4776174948,21,0,21
4803718315,21,0,21
4804341614,21,0,21
4808061608,21,0,21
4825530312,21,0,21
4831817125,21,0,21
4843717437,21,4,25
4852302424,21,1,22
4852667166,21,0,21
4878650007,21,1,22
4882350197,21,1,22
4887373775,21,2,23
4893582459,21,1,22
4893893681,21,0,21
4900169815,21,0,21
4905757443,21,0,21
4917092018,21,198,219
4923028283,21,6,27
700743446059814912,21,0,21
703166917503164416,21,0,21
703542014248415232,21,0,21
703799818682892288,21,0,21
704085173617324032,21,6,27
704419970000756737,21,0,21
704528333799878656,21,2,23
704774802230288384,21,2,23
705204981645725698,21,0,21
705223032139345920,21,0,21
705425631501271041,21,3,24
705448989030817792,21,3,24
705880928116199424,21,4,25
705973742048923648,21,2,23
705997396686172161,21,2,23
706152791031488512,21,2,23
706542798724444160,21,45,66
706570628929708033,21,7,28
707737957667639296,21,1,22
708011780023263232,21,0,21
708433143729008640,21,22,43
708503044057530368,21,1,22
708509225446727680,21,11,32
709076303278833666,21,1,22
709127787571970049,21,18,39
709532938350690306,21,3,24
709753864698912768,21,1,22
709835912125878272,21,1,22
711541775551352832,21,3,24
712072062844723200,21,0,21
712512516568576001,21,0,21
712706648327004160,21,3,24
712806283175469056,21,1,22
713094905552248832,21,3,24
713468406742257667,21,2,23
713563324634554368,21,1,22
713810505064849408,21,1,22
713911836022714368,21,1,22
714083650984349698,21,1,22
714181893013393409,21,1,22
714892767961415681,21,0,21
714926141925097472,21,7,28
716144052362616834,21,0,21
716330150523080704,21,2,23
717780392070160384,21,8,29
717819087385178113,21,0,21
718167356070105089,21,1,22
718224168425271296,21,0,21
718855997914279937,21,0,21
719424218174263297,21,0,21
719842332103831552,21,0,21
720560059189751808,21,2,23
721455747901603841,21,5,26
722166211115491328,21,4,25
724477412310847488,21,2,23
724580711693348867,21,1,22
727282855521349632,21,48,69
727624649237008386,21,2,23
727649560621768704,21,3,24
727840825661661184,21,103,124
728295069049073664,21,1,22
729298175253680129,21,0,21
729640904806563840,21,3,24
730591283337535488,21,2,23
732033531304501252,21,0,21
732743680952438784,21,0,21
734755116780249089,21,0,21
735625996993323012,21,0,21
735872026968088576,21,0,21
736357513071714304,21,0,21
736881313651662851,21,0,21
736944362643283972,21,1,22
738782186455900160,21,1,22
741387214832177152,21,0,21
743503887974408192,21,0,21
744036646610403328,21,0,21
744645630543421442,21,0,21
744661707570679809,21,1,22
745240971147943937,21,3,24
745830283828666373,21,0,21
746390494050062336,21,0,21
746778256288817153,21,2,23
746896188759121920,21,0,21
747617765750628352,21,1,22
747914680669134848,21,6,27
748686034393849857,21,1,22
750249106971459584,21,2,23
750406188408377344,21,0,21
750801638063910913,21,7,28
751468850151993344,21,1,22
752046404395110400,21,0,21
752237063441936384,21,1,22
753774780759826433,21,4,25
753933122455035904,21,0,21
753945226075443200,21,0,21
754423028163936257,21,0,21
755038953753804801,21,0,21
755229485419683840,21,1,22
756751777106579457,21,1,22
757065683436003328,21,0,21
757282945723932672,21,8,29
757286809432891393,21,3,24
757588336835956736,21,0,21
757739254462160896,21,1,22
759085449952399360,21,0,21
759101816659406848,21,0,21
759171431640862720,21,0,21
759823466308603904,21,0,21
760184091409088512,21,0,21
760434096258576384,21,0,21
760799468434300928,21,3,24
761360517441007617,21,0,21
761644045584171008,21,0,21
762410728280252417,21,1,22
762681968572194817,21,0,21
762747482392498176,21,0,21
763370567139549184,21,0,21
764580947262107648,21,0,21
765704323749642240,21,8,29
766000572298297344,21,0,21
767804933680852993,21,0,21
771682904825094144,21,4,25
773564016312606722,21,0,21
774045353096146944,21,0,21
775126826540642304,21,0,21
775784007799889920,21,1,22
776162091786907648,21,0,21
777853893900316672,21,0,21
777971586720788480,21,0,21
778043368089595904,21,13,34
778947337494237184,21,2,23
779692213970178048,21,0,21
780607935068016645,21,1,22
780898922088673280,21,0,21
783385985736437761,21,0,21
783695717281988608,21,0,21
784496896870014976,21,22,43
784539461296291840,21,1,22
784878948631060480,21,1,22
785198943114186753,21,0,21
785561706302844928,21,3,24
785746783951527936,21,1,22
785975129167704064,21,0,21
786247896622587904,21,1,22
786657812172705793,21,1,22
787080406944342016,21,0,21
787350115467993088,21,0,21
787430971821797377,21,0,21
787979089403576321,21,0,21
788457493152268290,21,0,21
788857857013796864,21,0,21
789762899359174656,21,0,21
789948626348806144,21,0,21
790057338598109184,21,0,21
792084793680879616,21,2,23
792168168496115712,21,0,21
792218549779505152,21,2,23
792655506414243841,21,1,22
793071405965475841,21,1,22
793101953534308352,21,0,21
793829539948355585,21,0,21
793930714295234560,21,0,21
794195676431142912,21,2,23
795015683776147456,21,0,21
795091889527595008,21,0,21
796715429817413636,21,2,23
796807918121259010,21,8,29
797489634045558785,21,1,22
798978598933823489,21,0,21
1336291,20,1,21
9244632,20,6,26
13524182,20,9,29
14328405,20,0,20
14389581,20,94,114
15071547,20,0,20
15088394,20,184,204
15244352,20,1,21
15328129,20,5,25
15749227,20,10,30
15877086,20,1,21
15966418,20,1,21
15985199,20,0,20
16475978,20,36,56
16538713,20,0,20
16643649,20,0,20
16710420,20,0,20
16750391,20,0,20
16794451,20,0,20
16923594,20,0,20
17135404,20,1,21
17365683,20,48,68
17398725,20,0,20
17726407,20,2,22
18006752,20,34,54
18244206,20,12,32
18365188,20,0,20
18478669,20,0,20
18772564,20,0,20
19328244,20,0,20
19777469,20,6,26
21009217,20,3,23
21149162,20,44,64
21178239,20,0,20
21283870,20,4,24
21349717,20,0,20
21857709,20,5,25
22064255,20,79,99
22571517,20,0,20
22858466,20,58,78
23050300,20,2,22
23152434,20,27,47
23195603,20,1,21
23604785,20,25,45
23687917,20,20,40
23700259,20,0,20
23838790,20,0,20
24426634,20,1,21
24520600,20,0,20
24786780,20,1,21
25020935,20,2,22
25185603,20,1,21
25422054,20,1,21
25553371,20,0,20
25598416,20,1,21
25660988,20,1,21
26429927,20,2,22
27385174,20,2,22
27866907,20,0,20
27929213,20,3,23
28562677,20,0,20
29190953,20,3,23
29226662,20,2,22
29904592,20,7,27
32152226,20,0,20
32920077,20,0,20
32988755,20,4,24
33210626,20,0,20
33506922,20,0,20
33597773,20,0,20
33810385,20,4,24
34637327,20,0,20
35005762,20,172,192
35041828,20,1,21
35620074,20,13,33
35955737,20,0,20
36151349,20,0,20
36498524,20,0,20
36661021,20,0,20
36689983,20,0,20
36783236,20,0,20
37168048,20,2,22
39309177,20,1,21
39502036,20,0,20
39592842,20,5,25
39997450,20,0,20
40229468,20,2,22
41862133,20,3,23
43716714,20,0,20
44481763,20,3,23
45608788,20,3,23
45647641,20,38,58
46638460,20,4,24
47064235,20,0,20
47554499,20,97,117
47925659,20,5,25
48130139,20,1,21
49499772,20,0,20
49510201,20,0,20
49721208,20,2,22
49821852,20,1,21
49838589,20,0,20
49887912,20,2,22
50745143,20,2,22
51326500,20,9,29
51331402,20,3,23
51588583,20,0,20
52426384,20,6,26
52441523,20,4,24
52658734,20,3,23
53912756,20,1,21
53997854,20,0,20
54945426,20,0,20
56035004,20,0,20
56370125,20,0,20
57461026,20,2,22
57659443,20,0,20
58310286,20,1,21
58892667,20,1,21
59816192,20,216,236
60403862,20,40,60
60741954,20,0,20
60968019,20,8,28
61013605,20,0,20
62465724,20,3,23
65185026,20,0,20
65382842,20,13,33
66499214,20,0,20
68022809,20,1,21
72358967,20,1,21
72705995,20,0,20
74091615,20,0,20
74225171,20,1,21
74389869,20,1,21
74679161,20,0,20
76133672,20,0,20
77865638,20,4,24
79917675,20,3,23
80313943,20,0,20
80351928,20,0,20
80965639,20,0,20
81044595,20,2,22
82383649,20,2,22
82550664,20,1,21
82561829,20,2,22
83856416,20,2,22
83928746,20,0,20
84129927,20,1,21
88106201,20,5,25
90478743,20,17,37
91634316,20,0,20
92105154,20,3,23
92934050,20,0,20
94146506,20,0,20
95482149,20,2,22
95655865,20,1,21
103729364,20,0,20
104632334,20,0,20
105556328,20,0,20
106594205,20,0,20
110318156,20,5,25
111800440,20,1,21
112857411,20,29,49
113433874,20,1,21
114076207,20,2,22
114700046,20,0,20
116017907,20,1,21
117641761,20,2,22
118713637,20,3,23
124898913,20,96,116
125508744,20,0,20
125940437,20,2,22
126599658,20,0,20
128924568,20,2,22
129077234,20,2,22
132299087,20,0,20
132614794,20,0,20
133347354,20,1,21
135127362,20,0,20
135345709,20,0,20
137145948,20,0,20
139737576,20,6,26
141665446,20,0,20
156121907,20,1,21
158108788,20,0,20
160312107,20,0,20
161754114,20,1,21
163217488,20,0,20
165351064,20,2,22
166751914,20,0,20
167199433,20,3,23
167376255,20,1,21
167808426,20,0,20
169707964,20,1,21
173278051,20,0,20
175841078,20,0,20
181173607,20,0,20
182827255,20,0,20
183702595,20,2,22
184583809,20,0,20
188124034,20,0,20
191292799,20,0,20
192230195,20,0,20
203765012,20,11,31
209964234,20,3,23
215436133,20,0,20
217436311,20,0,20
224464384,20,1,21
224564319,20,0,20
224704872,20,4,24
226326037,20,0,20
233270850,20,0,20
233661066,20,4,24
237721432,20,0,20
238350762,20,29,49
238696316,20,4,24
244703006,20,0,20
245347553,20,1,21
245403223,20,0,20
247269447,20,1,21
247872733,20,4,24
250875516,20,2,22
252434833,20,0,20
254277749,20,0,20
255123448,20,1,21
256709630,20,0,20
257728165,20,0,20
260527870,20,0,20
260554898,20,0,20
260718084,20,0,20
261331531,20,3,23
261477088,20,3,23
261760711,20,1,21
263468245,20,1,21
264219467,20,0,20
264292425,20,42,62
266280051,20,0,20
267835355,20,0,20
268170197,20,1,21
270029540,20,0,20
270470351,20,3,23
271012721,20,1,21
274411094,20,0,20
275865954,20,2,22
277373678,20,1,21
280340521,20,0,20
287332701,20,0,20
289019185,20,0,20
292532781,20,3,23
294928501,20,0,20
297561618,20,0,20
298722510,20,0,20
299066548,20,1,21
300038251,20,3,23
300162142,20,2,22
302240023,20,18,38
303393393,20,3,23
304988603,20,6,26
314046584,20,3,23
314752435,20,0,20
317308866,20,1,21
319939901,20,100,120
324181192,20,0,20
324624887,20,1,21
326406448,20,4,24
326750744,20,0,20
328063384,20,33,53
329124055,20,0,20
334860497,20,0,20
339070429,20,0,20
339935948,20,0,20
340534889,20,99,119
342521658,20,0,20
343405613,20,0,20
344030291,20,1,21
344457248,20,0,20
347411113,20,3,23
348071022,20,67,87
348862487,20,0,20
349141375,20,0,20
351185849,20,0,20
352537680,20,1,21
353989833,20,0,20
354335542,20,0,20
357556617,20,0,20
360270732,20,0,20
362720271,20,0,20
365256150,20,0,20
372086400,20,0,20
372591844,20,2,22
374331041,20,0,20
377129602,20,2,22
377922629,20,0,20
378379412,20,0,20
382301240,20,0,20
383719410,20,3,23
385745715,20,1,21
385832022,20,1,21
387802929,20,76,96
388436712,20,0,20
394840496,20,2,22
395090553,20,0,20
398354613,20,13,33
399559298,20,5,25
400312877,20,0,20
400362275,20,6,26
414398508,20,1,21
431901670,20,2,22
432168639,20,2,22
433179055,20,10,30
439425408,20,0,20
445150482,20,0,20
447732824,20,2,22
452200701,20,1,21
454159018,20,0,20
454239822,20,0,20
456152070,20,2,22
458000128,20,0,20
462476619,20,2,22
462683900,20,1,21
463217851,20,1,21
465046002,20,9,29
465101416,20,1,21
474582246,20,1,21
476133699,20,0,20
477139331,20,0,20
490209794,20,1,21
490763121,20,0,20
494606832,20,4,24
495080509,20,1,21
497923683,20,1,21
506829723,20,0,20
507765274,20,4,24
510864650,20,0,20
513828239,20,0,20
525744732,20,0,20
529639879,20,0,20
531953001,20,1,21
532541784,20,0,20
533360549,20,1,21
535638545,20,0,20
537407702,20,0,20
543447755,20,1,21
544197275,20,0,20
545783958,20,26,46
546562045,20,0,20
548686554,20,31,51
551335832,20,5,25
551850819,20,0,20
552331554,20,0,20
553556852,20,1,21
562371864,20,1,21
563591448,20,0,20
566820033,20,5,25
581938804,20,0,20
582110240,20,2,22
583417675,20,0,20
586236516,20,4,24
596040234,20,1,21
599299335,20,0,20
599629187,20,0,20
599941773,20,1,21
600525969,20,0,20
607589959,20,1,21
612373254,20,2,22
612687229,20,0,20
621510513,20,1,21
634318836,20,0,20
634653238,20,2,22
634700204,20,0,20
635639298,20,12,32
709085574,20,1,21
711468500,20,0,20
712568610,20,1,21
722796474,20,2,22
733065768,20,0,20
746218334,20,0,20
771873738,20,2,22
778506216,20,0,20
785855912,20,1,21
787263306,20,0,20
787264867,20,1,21
804426548,20,2,22
807915757,20,0,20
820596079,20,31,51
836739151,20,4,24
843685032,20,5,25
844266685,20,0,20
858298832,20,0,20
860337132,20,2,22
860586306,20,0,20
860834695,20,0,20
861749072,20,1,21
862306448,20,2,22
864023971,20,0,20
865457972,20,0,20
873092654,20,0,20
874716008,20,1,21
880734110,20,0,20
883263121,20,3,23
885350262,20,0,20
886231915,20,0,20
896142427,20,0,20
898878062,20,1,21
898927489,20,1,21
903122724,20,2,22
905828148,20,27,47
917320920,20,4,24
930539119,20,1,21
946181190,20,0,20
948986054,20,0,20
949902092,20,0,20
961634492,20,1,21
965030126,20,0,20
965291425,20,0,20
978356479,20,2,22
980583553,20,0,20
990077707,20,1,21
991395636,20,1,21
998475457,20,3,23
1005313796,20,0,20
1024343706,20,1,21
1033884138,20,0,20
1053951518,20,1,21
1058692386,20,0,20
1075358484,20,0,20
1096193232,20,0,20
1115237750,20,11,31
1118767826,20,3,23
1148334116,20,0,20
1149103728,20,0,20
1149329881,20,0,20
1161902875,20,12,32
1170936564,20,2,22
1180615920,20,0,20
1180894088,20,12,32
1187944056,20,4,24
1213771675,20,0,20
1216135416,20,4,24
1226297179,20,0,20
1228881116,20,1,21
1247950627,20,2,22
1258946970,20,2,22
1267142234,20,1,21
1279745744,20,1,21
1291763527,20,1,21
1291892442,20,0,20
1315660920,20,0,20
1334517361,20,1,21
1343174804,20,3,23
1352809248,20,2,22
1352943596,20,0,20
1355554723,20,1,21
1360271748,20,3,23
1362949182,20,3,23
1365722599,20,0,20
1379288282,20,2,22
1424259144,20,3,23
1450604106,20,2,22
1466328062,20,0,20
1475383028,20,9,29
1485892766,20,1,21
1485951612,20,0,20
1491173161,20,0,20
1500145819,20,1,21
1505033899,20,0,20
1537533012,20,3,23
1539042794,20,1,21
1542240896,20,1,21
1544349642,20,1,21
1546276651,20,1,21
1547356278,20,0,20
1548445549,20,0,20
1561089912,20,0,20
1576237694,20,1,21
1592079828,20,1,21
1596201889,20,0,20
1597174627,20,0,20
1628635566,20,1,21
1633043419,20,1,21
1633332583,20,0,20
1633972807,20,0,20
1634072269,20,0,20
1641587688,20,10,30
1681616449,20,10,30
1687123081,20,0,20
1687940354,20,0,20
1689661140,20,0,20
1710743832,20,2,22
1717467607,20,1,21
1720486674,20,0,20
1775516696,20,2,22
1852759986,20,0,20
1855886287,20,1,21
1869483864,20,1,21
1886402096,20,14,34
1895272381,20,0,20
1897817845,20,4,24
1904471768,20,4,24
1918194433,20,1,21
1929258950,20,9,29
1941331974,20,0,20
1944541326,20,18,38
1959214038,20,1,21
1964112182,20,9,29
1979304396,20,1,21
2172169509,20,1,21
2179227690,20,1,21
2215879679,20,0,20
2220520570,20,0,20
2231620806,20,0,20
2246040793,20,0,20
2248532045,20,0,20
2264160576,20,0,20
2285952204,20,0,20
2311435027,20,3,23
2321692843,20,0,20
2326435081,20,4,24
2337404778,20,3,23
2344021386,20,13,33
2347931476,20,0,20
2356039387,20,1,21
2363491255,20,2,22
2365857750,20,1,21
2374442761,20,0,20
2396900864,20,0,20
2410866554,20,0,20
2412051059,20,1,21
2419621051,20,0,20
2421495771,20,1,21
2432310906,20,7,27
2464891208,20,3,23
2510923102,20,0,20
2511026986,20,0,20
2547164918,20,0,20
2555385283,20,1,21
2556186301,20,1,21
2556597078,20,1,21
2557025744,20,1,21
2564147810,20,0,20
2565890590,20,0,20
2581520946,20,0,20
2610318511,20,0,20
2613167647,20,3,23
2652479553,20,2,22
2661849196,20,88,108
2685275731,20,0,20
2689680983,20,2,22
2690144502,20,0,20
2691010512,20,1,21
2728086690,20,1,21
2738141926,20,1,21
2738512605,20,5,25
2750998994,20,0,20
2761058436,20,0,20
2781937882,20,0,20
2792156701,20,1,21
2806434087,20,0,20
2806502518,20,0,20
2810410272,20,0,20
2820675258,20,0,20
2821881229,20,0,20
2822083197,20,0,20
2828277842,20,3,23
2831130631,20,1,21
2833820049,20,2,22
2838985557,20,3,23
2845812077,20,1,21
2854323813,20,2,22
2863451998,20,0,20
2873768027,20,1,21
2883353289,20,12,32
2884962678,20,1,21
2885560028,20,2,22
2893916902,20,0,20
2906438088,20,1,21
2907441884,20,0,20
2917883047,20,0,20
2918888515,20,0,20
2920038271,20,2,22
2922401920,20,0,20
2934132679,20,0,20
2936126634,20,2,22
2937800715,20,0,20
2938584851,20,0,20
2939887733,20,1,21
2945102090,20,0,20
2947516651,20,0,20
2949215445,20,3,23
2957924592,20,12,32
2961824689,20,10,30
2975591738,20,0,20
2977113252,20,0,20
2977638041,20,0,20
2981363392,20,0,20
2981527736,20,0,20
2983484457,20,1,21
2989552338,20,0,20
2991660165,20,0,20
3001872387,20,0,20
3028330171,20,105,125
3029103423,20,0,20
3031663242,20,0,20
3065350508,20,6,26
3067258507,20,1,21
3069213205,20,1,21
3083100860,20,1,21
3084601743,20,0,20
3098141915,20,3,23
3100287020,20,11,31
3102013813,20,4,24
3121389109,20,0,20
3128771203,20,12,32
3132013730,20,0,20
3133488306,20,22,42
3134348914,20,0,20
3161909573,20,1,21
3163287318,20,1,21
3192162344,20,0,20
3219011624,20,1,21
3222442128,20,3,23
3230825595,20,14,34
3235262916,20,0,20
3247872083,20,0,20
3261126494,20,0,20
3262647457,20,0,20
3266109458,20,1,21
3266573028,20,0,20
3270278192,20,0,20
3277696483,20,0,20
3279743282,20,5,25
3279858728,20,0,20
3281962837,20,1,21
3284548350,20,1,21
3289985369,20,7,27
3296618000,20,2,22
3302298378,20,0,20
3304564878,20,1,21
3308354227,20,1,21
3309750788,20,113,133
3315699097,20,1,21
3316046800,20,0,20
3327822738,20,0,20
3352020591,20,3,23
3368370707,20,0,20
3368748808,20,3,23
3382875633,20,0,20
3390221867,20,2,22
3391923453,20,0,20
3401364406,20,2,22
3403885420,20,8,28
3410838076,20,3,23
3416486123,20,2,22
3416790562,20,0,20
3427945215,20,0,20
3429103977,20,0,20
3434310231,20,0,20
3436689190,20,0,20
3440610735,20,0,20
3445813274,20,1,21
3461633913,20,1,21
3483845499,20,1,21
3496942214,20,0,20
3515682374,20,1,21
3530308753,20,0,20
3586157234,20,14,34
3609862152,20,0,20
3610245193,20,3,23
3642876553,20,1,21
3661147404,20,1,21
3679902917,20,1,21
3694282641,20,0,20
3696155236,20,0,20
3696905176,20,2,22
3699834797,20,2,22
3756112462,20,0,20
3773938152,20,1,21
3776163314,20,0,20
3795821783,20,0,20
3800043494,20,1,21
3808400353,20,0,20
3819608294,20,4,24
3820101447,20,14,34
3836777421,20,1,21
3866590998,20,0,20
3884739794,20,0,20
3885837808,20,2,22
3924579323,20,4,24
3952686017,20,4,24
3985708041,20,2,22
4043058735,20,1,21
4070867414,20,3,23
4127176371,20,5,25
4134199684,20,2,22
4186294360,20,1,21
4195101027,20,0,20
4222065377,20,0,20
4230386423,20,3,23
4230787578,20,1,21
4232491715,20,1,21
4237853053,20,3,23
4252024517,20,1,21
4270474275,20,0,20
4277872221,20,0,20
4292036594,20,1,21
4304922674,20,0,20
4318426814,20,1,21
4325817255,20,0,20
4337549712,20,0,20
4345493055,20,0,20
4372718717,20,3,23
4389666737,20,0,20
4437621434,20,0,20
4453420752,20,2,22
4486692259,20,0,20
4502524513,20,0,20
4506194007,20,0,20
4510335197,20,4,24
4568368933,20,0,20
4570982009,20,0,20
4592948895,20,1,21
4595689636,20,64,84
4615978780,20,1,21
4629424968,20,2,22
4644292634,20,2,22
4686056544,20,0,20
4691231430,20,0,20
4719950390,20,0,20
4724956086,20,1,21
4735890980,20,0,20
4746371652,20,7,27
4750304641,20,2,22
4776405689,20,0,20
4799034262,20,1,21
4799702183,20,22,42
4810978275,20,2,22
4838144877,20,0,20
4842382102,20,0,20
4850561243,20,0,20
4859809317,20,1,21
4891438977,20,1,21
4893786143,20,1,21
4912086355,20,2,22
4923610094,20,0,20
4925875802,20,2,22
695453113310793729,20,3,23
696459996603813888,20,8,28
700795470679920641,20,4,24
700849582758977537,20,1,21
701206869415747584,20,5,25
701208692398514176,20,0,20
702009772661415936,20,0,20
702724661327450112,20,0,20
703795647380520960,20,0,20
704055159043678208,20,1,21
704089377807454208,20,2,22
704363061013057536,20,5,25
704372003852173313,20,0,20
704391691361509376,20,1,21
705393584955064320,20,20,40
705443053415206912,20,0,20
705775525059551233,20,0,20
705792417627148288,20,0,20
706130849973063680,20,0,20
706835581561651200,20,0,20
707713872690614272,20,0,20
708168355488731136,20,2,22
708234367836004352,20,0,20
708397400847753216,20,1,21
708805977718591488,20,17,37
708846222916894720,20,0,20
709049614666629121,20,3,23
709123313960783872,20,3,23
709600336378339328,20,0,20
710654777835696128,20,0,20
711013678070370305,20,0,20
711259831802302465,20,3,23
712707024346292224,20,1,21
713054955460890624,20,0,20
713426363256938496,20,1,21
713643350587478016,20,1,21
713901840744652800,20,0,20
714120276909232128,20,1,21
714415008017321988,20,0,20
715199755811471361,20,1,21
715207401180237824,20,2,22
715302855612178432,20,1,21
715342282099073024,20,23,43
715475896036012033,20,4,24
716089832871567360,20,0,20
717112832160980992,20,5,25
717477187159363584,20,0,20
717823531258503168,20,1,21
718096309916475392,20,0,20
718375439367028737,20,123,143
718452280240934913,20,30,50
719601294068072448,20,0,20
720285069831729152,20,0,20
721066866244866048,20,1,21
721507249152110592,20,0,20
721863148152692736,20,1,21
722420172124852224,20,0,20
723387344175296512,20,3,23
723406336571006976,20,1,21
724213065131110401,20,0,20
725072297388826624,20,2,22
725612078678069248,20,0,20
726270016119697408,20,2,22
727800423277432832,20,1,21
728715518094417920,20,0,20
729437182432296960,20,0,20
731284674895618049,20,2,22
732020123389820929,20,0,20
732678794297757696,20,0,20
732751545104617472,20,2,22
732990697444253696,20,0,20
734094404965662720,20,2,22
734215254251429888,20,2,22
734889778852814848,20,1,21
736361538290778113,20,2,22
737741017986834432,20,1,21
740882729445789696,20,1,21
741629442208866304,20,2,22
742199930631118848,20,3,23
742363711755550720,20,1,21
742897362293559296,20,1,21
743075850699018240,20,4,24
743170232676556801,20,2,22
743274927600504832,20,3,23
743339042754813954,20,1,21
743729570268880896,20,0,20
745030690912120833,20,2,22
745379554752077824,20,0,20
745448995502309377,20,1,21
745696520666812417,20,0,20
746124811752120320,20,0,20
750423143907487744,20,1,21
750702669530959873,20,3,23
750997817947197440,20,8,28
751550687884877824,20,0,20
752299790336192512,20,3,23
752491657250082816,20,2,22
752588640119713793,20,15,35
752994539795730432,20,0,20
753310237843529728,20,0,20
753671060323655680,20,0,20
754371321430216704,20,2,22
754636314436366337,20,1,21
756164171247386624,20,0,20
756557010603302912,20,1,21
756615199914721280,20,1,21
756868908015988737,20,1,21
757224645040930816,20,3,23
757617130426789888,20,1,21
758732497634992128,20,1,21
759739541351571456,20,0,20
760687843123531776,20,1,21
760823333730471936,20,2,22
761106128138752000,20,3,23
761336374226259972,20,0,20
761437093755101184,20,0,20
762026135546957824,20,3,23
762038402640261120,20,0,20
764441530991915008,20,0,20
765634361815339013,20,0,20
765812512868671489,20,1,21
766426255638065153,20,1,21
766730009088143360,20,0,20
767004510782787584,20,1,21
767049467442794497,20,1,21
767472511982395392,20,2,22
769275544789745664,20,0,20
769282526854651904,20,1,21
770449922395078657,20,0,20
772121935362666496,20,2,22
773992705437364224,20,0,20
774662897649745921,20,0,20
776412309883281408,20,5,25
778388553109614592,20,1,21
778412333953650688,20,1,21
780208199978749953,20,0,20
782586815861620736,20,0,20
783472582930665472,20,0,20
785168766690742272,20,1,21
785176227791253504,20,0,20
785312859806760961,20,0,20
785554563793231872,20,0,20
786015331647037440,20,0,20
786088069141323777,20,0,20
786226474294644736,20,0,20
786342078758293504,20,1,21
786754435221291008,20,0,20
786962201043173377,20,0,20
787001217327128576,20,0,20
787072755430625280,20,2,22
787086012702871552,20,3,23
787448510610153473,20,1,21
787691178976219137,20,0,20
788170486744178688,20,0,20
788628494246932480,20,0,20
789152310362411008,20,5,25
790929577816104962,20,0,20
791490961075347457,20,1,21
793521852308070400,20,0,20
795061148395540480,20,0,20
795322694791266304,20,0,20
795605725598928896,20,0,20
795774693944852480,20,12,32
796254083531374592,20,33,53
796415438930448385,20,2,22
796964364209233920,20,0,20
797840111241043968,20,9,29
802309255550226432,20,0,20
805556161701216256,20,0,20
14146572,19,0,19
14345619,19,2,21
14396770,19,0,19
14604465,19,0,19
14810054,19,2,21
14890693,19,0,19
14962437,19,17,36
15157567,19,3,22
15631948,19,0,19
16474992,19,66,85
16481904,19,4,23
16567007,19,3,22
16728901,19,2,21
16812135,19,0,19
16822681,19,4,23
17028391,19,0,19
17179729,19,0,19
17570427,19,1,20
17852490,19,0,19
18019121,19,6,25
18113160,19,39,58
18741944,19,23,42
18812741,19,3,22
18932315,19,0,19
18993272,19,0,19
19346335,19,11,30
19632886,19,2,21
19653141,19,2,21
19736402,19,0,19
19848243,19,7,26
19877089,19,3,22
20516387,19,0,19
20638910,19,1,20
20665229,19,0,19
20758113,19,1,20
21081138,19,2,21
21237658,19,16,35
21326535,19,1,20
21507288,19,0,19
21785414,19,0,19
22036532,19,3,22
22044633,19,1,20
22065943,19,0,19
22615740,19,1,20
22717757,19,0,19
23133818,19,0,19
23446050,19,2,21
23536054,19,0,19
23638473,19,0,19
23892889,19,26,45
24025673,19,1,20
24191104,19,2,21
24287541,19,49,68
24402471,19,2,21
24647418,19,0,19
24802208,19,1,20
25065527,19,5,24
25230558,19,1,20
25808658,19,5,24
26178869,19,48,67
26199079,19,4,23
26266763,19,1,20
26550151,19,2,21
26596853,19,20,39
26700483,19,0,19
26812918,19,2,21
27142719,19,5,24
27892367,19,2,21
27996978,19,1,20
28259354,19,0,19
28620456,19,1,20
28672288,19,2,21
28708693,19,1,20
28932042,19,6,25
30416706,19,0,19
30461007,19,1,20
30994811,19,0,19
31157715,19,2,21
32611827,19,2,21
32840896,19,1,20
33057575,19,0,19
33058778,19,1,20
33327895,19,1,20
33332251,19,0,19
33670079,19,1,20
34194051,19,1,20
34443014,19,5,24
34667474,19,9,28
35519472,19,1,20
36297832,19,74,93
36450120,19,1,20
36671325,19,0,19
36676006,19,1,20
37266969,19,0,19
37343668,19,0,19
37820407,19,0,19
38122727,19,1,20
39044562,19,1,20
39242559,19,1,20
40183366,19,3,22
40232064,19,1,20
40398279,19,1,20
41567024,19,1,20
41612682,19,0,19
41621936,19,1,20
42446781,19,0,19
42783341,19,1,20
43713179,19,0,19
43713337,19,0,19
43912531,19,3,22
44161855,19,0,19
44321298,19,1,20
44338956,19,0,19
46161518,19,0,19
46171322,19,0,19
46208109,19,0,19
46698493,19,0,19
46980850,19,0,19
49094502,19,2,21
49139523,19,2,21
49316020,19,2,21
49781865,19,2,21
49982217,19,0,19
50759157,19,4,23
51738464,19,0,19
52248853,19,2,21
53563914,19,1,20
54345385,19,0,19
55772489,19,2,21
58377855,19,2,21
59511593,19,33,52
59816480,19,5,24
59908391,19,15,34
60165404,19,10,29
64187612,19,0,19
67777042,19,2,21
68698563,19,2,21
70244584,19,2,21
72154785,19,14,33
72288050,19,0,19
72392058,19,0,19
72849378,19,0,19
73238031,19,0,19
78003337,19,2,21
78402200,19,4,23
78481599,19,4,23
80211578,19,3,22
82944319,19,5,24
86158601,19,10,29
87748261,19,0,19
88952703,19,0,19
91237064,19,0,19
91614066,19,0,19
92102012,19,0,19
92643660,19,3,22
94785086,19,0,19
96914630,19,0,19
97065490,19,0,19
98160936,19,48,67
100337625,19,1,20
104009371,19,0,19
104743153,19,0,19
105301721,19,8,27
106651620,19,0,19
108971750,19,1,20
110567206,19,0,19
111362656,19,0,19
111571153,19,0,19
112098803,19,16,35
112556567,19,0,19
113220558,19,0,19
118056084,19,0,19
118591651,19,0,19
120192391,19,0,19
122811521,19,5,24
123752501,19,6,25
124068207,19,3,22
126665405,19,0,19
128230509,19,2,21
129037428,19,0,19
130268161,19,28,47
133211017,19,1,20
134556017,19,0,19
137527606,19,1,20
139207344,19,48,67
143930251,19,3,22
145069503,19,2,21
150029977,19,0,19
151564988,19,0,19
153117197,19,1,20
153328620,19,0,19
154342251,19,35,54
157199202,19,3,22
157336687,19,0,19
160569420,19,0,19
164060477,19,1,20
165938084,19,216,235
168470806,19,3,22
172559532,19,31,50
177403417,19,0,19
180074028,19,1,20
180080295,19,3,22
184267522,19,0,19
184448143,19,3,22
185554632,19,0,19
186395658,19,0,19
197610038,19,0,19
197939628,19,0,19
197954667,19,2,21
206426068,19,1,20
209881621,19,1,20
215894644,19,0,19
217191293,19,0,19
217395061,19,1,20
217451940,19,0,19
222945323,19,2,21
224545271,19,1,20
226309095,19,0,19
226319081,19,0,19
231571707,19,1,20
233749323,19,62,81
244327443,19,0,19
244727098,19,1,20
245688940,19,137,156
247070475,19,0,19
247240916,19,0,19
247334850,19,0,19
249711100,19,2,21
250757326,19,0,19
252566795,19,26,45
256804632,19,2,21
259132341,19,0,19
260294326,19,0,19
263599409,19,0,19
264437427,19,1,20
265053824,19,0,19
265732510,19,0,19
267415036,19,0,19
274702185,19,0,19
275108673,19,0,19
278658252,19,1,20
289643986,19,0,19
295171830,19,1,20
296727616,19,0,19
297777186,19,0,19
298358188,19,0,19
301898676,19,0,19
303264203,19,1,20
305980209,19,0,19
307076445,19,0,19
308486909,19,2,21
309823441,19,0,19
312426669,19,0,19
314686526,19,1,20
315083853,19,0,19
315233616,19,0,19
317020471,19,0,19
323945681,19,0,19
327113920,19,2,21
330643379,19,0,19
330667582,19,0,19
331134407,19,0,19
333385090,19,1,20
334807765,19,1,20
334910921,19,14,33
335346361,19,3,22
335968069,19,2,21
341125045,19,1,20
341920476,19,2,21
345012450,19,4,23
345492829,19,1,20
346257872,19,89,108
347667393,19,2,21
348195871,19,0,19
351374855,19,0,19
351860076,19,8,27
353944682,19,0,19
357929796,19,0,19
362102766,19,1,20
363882398,19,0,19
364050399,19,0,19
368595179,19,0,19
369121003,19,1,20
372046324,19,0,19
372418397,19,2,21
373697514,19,0,19
374941126,19,4,23
377742397,19,1,20
379082219,19,0,19
379184516,19,0,19
380059087,19,4,23
383943165,19,2,21
389830064,19,2,21
392605105,19,0,19
393789166,19,1,20
395048623,19,0,19
395309103,19,0,19
398277133,19,0,19
399664117,19,2,21
406368932,19,0,19
410056274,19,55,74
421624693,19,0,19
423010837,19,0,19
430441399,19,0,19
431590274,19,1,20
434328861,19,1,20
438005989,19,2,21
438704241,19,0,19
443249435,19,0,19
447543387,19,1,20
449220098,19,0,19
449354070,19,3,22
451652218,19,0,19
456124358,19,0,19
459880050,19,0,19
460577661,19,14,33
462086039,19,0,19
466276457,19,0,19
468867774,19,0,19
469333246,19,0,19
470368752,19,3,22
475023376,19,0,19
475152225,19,0,19
480853069,19,2,21
482392171,19,2,21
486818311,19,0,19
488097542,19,0,19
490900516,19,1,20
492857535,19,1,20
493833883,19,0,19
495639191,19,1,20
497497133,19,1,20
498426278,19,1,20
500614553,19,1,20
506858709,19,2,21
507064624,19,0,19
510249048,19,1,20
514088512,19,0,19
514489563,19,3,22
517850667,19,2,21
523535719,19,0,19
525745600,19,2,21
526251283,19,5,24
526665072,19,2,21
526705317,19,0,19
528799787,19,2,21
528969261,19,4,23
531485005,19,1,20
532459682,19,1,20
532790251,19,1,20
534036081,19,0,19
534861597,19,3,22
535662805,19,6,25
537518144,19,0,19
537733390,19,0,19
539808666,19,2,21
541344212,19,0,19
544001732,19,3,22
545454402,19,0,19
553942108,19,1,20
563364243,19,1,20
574251558,19,0,19
582431201,19,1,20
582438876,19,0,19
589267990,19,1,20
592206075,19,0,19
595458667,19,0,19
597674628,19,0,19
603332749,19,5,24
604010080,19,0,19
627681619,19,1,20
630549883,19,0,19
634036652,19,1,20
634308314,19,3,22
634763540,19,0,19
634912541,19,112,131
636385533,19,0,19
637158833,19,0,19
702307014,19,0,19
708312124,19,1,20
712425673,19,2,21
716881447,19,1,20
720423386,19,0,19
723419556,19,2,21
725553660,19,2,21
739441651,19,3,22
739879068,19,0,19
741709310,19,0,19
750591996,19,0,19
756098730,19,0,19
760134366,19,0,19
765855852,19,11,30
769702230,19,40,59
775415430,19,2,21
776732773,19,0,19
787981196,19,1,20
789745892,19,0,19
790488312,19,2,21
791655535,19,0,19
795181796,19,1,20
808723213,19,0,19
810900824,19,0,19
813106447,19,20,39
826418413,19,1,20
830391134,19,1,20
830796049,19,0,19
832556244,19,1,20
836456366,19,1,20
850348448,19,3,22
850799772,19,1,20
855844130,19,1,20
857655936,19,2,21
861667687,19,0,19
863380201,19,0,19
872244828,19,0,19
873595740,19,0,19
874753344,19,0,19
880212324,19,6,25
887512130,19,0,19
890937192,19,0,19
891975739,19,1,20
895681783,19,10,29
896258742,19,0,19
896444431,19,0,19
897729498,19,0,19
898364478,19,0,19
898872932,19,2,21
908575746,19,0,19
911449694,19,3,22
942042157,19,2,21
944470134,19,17,36
974935658,19,1,20
980967950,19,1,20
1012874467,19,0,19
1021051020,19,0,19
1033317714,19,0,19
1046633114,19,0,19
1060914175,19,12,31
1080478009,19,1,20
1097173861,19,1,20
1117612238,19,5,24
1120468128,19,0,19
1137269324,19,0,19
1146093337,19,8,27
1148519652,19,0,19
1170241909,19,0,19
1213911559,19,0,19
1220185501,19,0,19
1227671594,19,0,19
1228841420,19,0,19
1232896136,19,0,19
1247567090,19,0,19
1258024417,19,0,19
1260815024,19,0,19
1281274712,19,2,21
1313849851,19,0,19
1317386574,19,1,20
1326017760,19,1,20
1362814699,19,0,19
1364411220,19,0,19
1367842826,19,3,22
1375989128,19,1,20
1386383472,19,0,19
1414713511,19,35,54
1419032479,19,6,25
1428779270,19,0,19
1430693623,19,1,20
1438111322,19,2,21
1497061999,19,0,19
1502485694,19,2,21
1512247022,19,0,19
1532520655,19,1,20
1532683722,19,45,64
1543945596,19,1,20
1548924426,19,3,22
1555472870,19,0,19
1559553608,19,3,22
1603672698,19,1,20
1604705870,19,5,24
1638677252,19,0,19
1639708165,19,11,30
1656884071,19,1,20
1657494204,19,0,19
1657850624,19,1,20
1659050538,19,0,19
1669518787,19,0,19
1703641686,19,2,21
1711305966,19,1,20
1728258050,19,1,20
1736784662,19,1,20
1741652718,19,0,19
1850291239,19,0,19
1852114382,19,0,19
1860845568,19,1,20
1861366094,19,1,20
1883007956,19,0,19
1886919373,19,6,25
1897239480,19,154,173
1902594594,19,0,19
1912483620,19,0,19
1912628701,19,2,21
1919572561,19,0,19
1920807991,19,5,24
1932989486,19,2,21
1952486390,19,1,20
1969388486,19,2,21
1970899050,19,3,22
2150927341,19,0,19
2165653659,19,1,20
2169030391,19,2,21
2177395602,19,1,20
2178997382,19,1,20
2188590806,19,0,19
2190989893,19,0,19
2192428772,19,0,19
2195963083,19,0,19
2196753756,19,0,19
2201472438,19,1,20
2209543435,19,4,23
2213187704,19,1,20
2223706189,19,22,41
2232463302,19,0,19
2236807992,19,0,19
2238259269,19,4,23
2248135296,19,0,19
2262874359,19,1,20
2272523274,19,0,19
2273611549,19,1,20
2273909467,19,3,22
2276231108,19,2,21
2286862575,19,41,60
2304875737,19,0,19
2317766706,19,1,20
2326661910,19,1,20
2332956539,19,2,21
2343879504,19,0,19
2348340188,19,0,19
2350281912,19,0,19
2371458409,19,0,19
2384315095,19,1,20
2389229665,19,1,20
2393132612,19,2,21
2395727402,19,1,20
2407546644,19,0,19
2413328906,19,0,19
2414322239,19,0,19
2420366149,19,4,23
2422306772,19,1,20
2425168518,19,0,19
2426253331,19,1,20
2446391384,19,1,20
2447021562,19,14,33
2447072976,19,0,19
2449802033,19,1,20
2460409950,19,0,19
2463065714,19,12,31
2463571945,19,1,20
2468354379,19,78,97
2472775062,19,0,19
2486428728,19,0,19
2500964167,19,0,19
2502374664,19,0,19
2504776866,19,1,20
2506087878,19,2,21
2522588959,19,3,22
2545127837,19,2,21
2556035725,19,3,22
2556245796,19,3,22
2574833642,19,1,20
2599864886,19,0,19
2600300989,19,3,22
2604459826,19,2,21
2612746873,19,3,22
2626353269,19,0,19
2647531357,19,0,19
2654636243,19,0,19
2654931765,19,1,20
2656964354,19,0,19
2691724104,19,0,19
2704050443,19,3,22
2712266808,19,0,19
2716090164,19,1,20
2718412046,19,1,20
2726962305,19,1,20
2732639884,19,0,19
2744700777,19,0,19
2749477690,19,0,19
2753134785,19,1,20
2785130772,19,13,32
2794860920,19,3,22
2799784358,19,0,19
2801416642,19,3,22
2801519730,19,0,19
2807852164,19,1,20
2819822130,19,0,19
2828245246,19,0,19
2831890095,19,0,19
2832240406,19,1,20
2834669914,19,16,35
2836093694,19,3,22
2849119986,19,1,20
2862601353,19,0,19
2863007584,19,1,20
2865189077,19,1,20
2865256862,19,2,21
2867085759,19,0,19
2869244972,19,3,22
2870972260,19,0,19
2873436753,19,1,20
2888639310,19,2,21
2902080767,19,0,19
2902347709,19,1,20
2907480944,19,0,19
2912690232,19,4,23
2914572341,19,0,19
2921909866,19,2,21
2922771731,19,0,19
2924299552,19,0,19
2929788994,19,0,19
2933914001,19,0,19
2935327129,19,0,19
2949092680,19,3,22
2950031657,19,20,39
2953879725,19,0,19
2954877723,19,0,19
2961515086,19,1,20
2967067762,19,1,20
2986224695,19,1,20
3004667276,19,0,19
3007183806,19,1,20
3008332158,19,0,19
3018305249,19,2,21
3021855115,19,0,19
3031989972,19,4,23
3035178282,19,0,19
3041439671,19,0,19
3051264005,19,0,19
3053461148,19,0,19
3060262782,19,0,19
3060807039,19,3,22
3070563499,19,0,19
3070655398,19,0,19
3094633482,19,0,19
3103275975,19,0,19
3122720961,19,0,19
3130384930,19,0,19
3131156139,19,29,48
3133749851,19,0,19
3137080890,19,0,19
3152182926,19,0,19
3152525286,19,1,20
3152781182,19,1,20
3153169857,19,1,20
3168587810,19,6,25
3170150494,19,1,20
3198349443,19,0,19
3198703118,19,6,25
3225672224,19,0,19
3239655545,19,3,22
3257125194,19,0,19
3266173884,19,1,20
3276465355,19,0,19
3283640142,19,2,21
3283645590,19,1,20
3284734879,19,2,21
3285858660,19,0,19
3290631534,19,1,20
3291278575,19,0,19
3292008341,19,0,19
3293877845,19,1,20
3296808694,19,0,19
3303338004,19,0,19
3306708540,19,3,22
3309059281,19,4,23
3309829364,19,1,20
3310576629,19,0,19
3314758074,19,3,22
3316153363,19,1,20
3327646711,19,0,19
3368399765,19,0,19
3374462962,19,1,20
3383132693,19,3,22
3385911286,19,0,19
3396584299,19,1,20
3406414649,19,0,19
3434699187,19,0,19
3437701371,19,1,20
3486684076,19,0,19
3513617596,19,2,21
3561506713,19,1,20
3575459537,19,0,19
3609515654,19,2,21
3617198666,19,0,19
3625547893,19,2,21
3635055497,19,1,20
3664107674,19,0,19
3702282797,19,0,19
3727744574,19,1,20
3732699793,19,1,20
3761468116,19,2,21
3848929221,19,1,20
3876116112,19,0,19
3885412152,19,1,20
3899793796,19,1,20
3951354377,19,2,21
3959989991,19,0,19
3991549978,19,2,21
4028896753,19,0,19
4029018734,19,3,22
4041613093,19,0,19
4100137708,19,0,19
4109426293,19,0,19
4144902193,19,1,20
4166090062,19,4,23
4175195954,19,3,22
4182674061,19,1,20
4186629436,19,0,19
4187570980,19,1,20
4189063032,19,2,21
4205889616,19,0,19
4234566983,19,3,22
4252766553,19,22,41
4284485295,19,0,19
4353369155,19,0,19
4364549596,19,0,19
4392980353,19,3,22
4398342436,19,0,19
4437772394,19,0,19
4444519815,19,0,19
4458552374,19,1,20
4462752988,19,0,19
4471436832,19,0,19
4481114002,19,2,21
4504753632,19,1,20
4529760329,19,2,21
4546986377,19,0,19
4554441981,19,0,19
4556527316,19,0,19
4595859140,19,0,19
4610672903,19,0,19
4685670614,19,1,20
4691259085,19,0,19
4744800701,19,0,19
4751207234,19,2,21
4813958617,19,0,19
4826568672,19,0,19
4828302720,19,3,22
4830104837,19,5,24
4836019291,19,1,20
4850965729,19,0,19
4852505482,19,0,19
4871789453,19,3,22
4872703431,19,0,19
4875186527,19,0,19
4876400715,19,0,19
4884428062,19,2,21
4898873949,19,0,19
4904610446,19,0,19
4908376578,19,0,19
4908519872,19,1,20
4925162165,19,3,22
4925311677,19,1,20
4926173698,19,0,19
701813652970721281,19,0,19
702231408388022272,19,0,19
702546053258727425,19,0,19
702933958913175553,19,0,19
703008987352936448,19,0,19
703069812050829313,19,6,25
703088067142266880,19,0,19
705427852636856321,19,4,23
705447318602907648,19,1,20
705461369794002944,19,0,19
705504173031346176,19,0,19
705610284833095682,19,1,20
705913054563684352,19,2,21
705955796002058240,19,0,19
706734903824670720,19,0,19
706839866491928581,19,0,19
706860406308884481,19,0,19
706952308203122690,19,2,21
707237642052698112,19,0,19
707705933804269570,19,2,21
708658575640551425,19,1,20
708704504217280513,19,2,21
708854800570585088,19,1,20
709155768210231296,19,0,19
709360974730375168,19,0,19
709807914274430978,19,0,19
710226149687701504,19,0,19
710566737566011392,19,1,20
710646152060919809,19,1,20
711587041549557760,19,0,19
711935509820477441,19,5,24
712414600717799426,19,0,19
712420829045325824,19,0,19
712770846658433025,19,0,19
713373725215707136,19,0,19
713857568460947458,19,0,19
713940483798466561,19,0,19
716379642475651072,19,3,22
716752048742645762,19,1,20
717867080305999872,19,0,19
718279599910686724,19,5,24
718849113303949312,19,3,22
720408950449909760,19,1,20
720655025232547840,19,0,19
720759417399078912,19,0,19
721532347758186497,19,0,19
721571639142391808,19,0,19
723439921692729345,19,1,20
723775368528842752,19,0,19
728706287719075840,19,0,19
729027105703497730,19,0,19
729761592779276289,19,3,22
729799424306642944,19,2,21
730225403231666176,19,11,30
730415316166168576,19,0,19
730538508566331393,19,1,20
731931625215287296,19,0,19
732246885826695168,19,5,24
732304406171897856,19,0,19
734221958007652352,19,1,20
735337219452506112,19,0,19
735404313866948608,19,0,19
735454706986803201,19,2,21
735890957791596544,19,0,19
735938662651822080,19,0,19
736585207986409478,19,0,19
737446994109726720,19,2,21
738497216596180992,19,3,22
738710158176571392,19,0,19
739799450642567169,19,1,20
740457417390100482,19,0,19
740892748077629442,19,0,19
740994680981204992,19,11,30
741441895830716416,19,0,19
741458608471216129,19,0,19
741790666188029953,19,2,21
742097611130183680,19,2,21
742351669564952576,19,1,20
742470690993934336,19,0,19
742537276459253761,19,0,19
742820288489000960,19,0,19
743834202349527040,19,0,19
744655509345689600,19,3,22
745431642919968769,19,0,19
746173035019788288,19,1,20
746878444655411201,19,1,20
746906352014921728,19,2,21
747459942815240192,19,3,22
747526955478695936,19,0,19
748101736464715777,19,0,19
749251943911096320,19,0,19
749433231133536258,19,2,21
750356418373357569,19,2,21
750747532095991808,19,1,20
751847532200853504,19,0,19
752212450578169856,19,0,19
753723707604869120,19,0,19
754349931910074368,19,0,19
754744283035492353,19,0,19
755405239197458434,19,3,22
755859120729694209,19,2,21
756666733063204864,19,1,20
756691370434256896,19,1,20
756785664511709184,19,0,19
756894018051596288,19,0,19
756930738138734592,19,0,19
756994340463910913,19,0,19
757745686796394496,19,0,19
757762285590896640,19,0,19
758189186184650752,19,0,19
758792526555906048,19,0,19
759035471921946626,19,3,22
759186559648174080,19,27,46
759246045398364160,19,4,23
759336849248808960,19,0,19
759540618611691520,19,0,19
759910548389539840,19,1,20
760137974797438976,19,0,19
760624242073464832,19,2,21
760627673324412928,19,0,19
761591537469759488,19,0,19
761673641885130752,19,1,20
762347611693219840,19,0,19
762386032843034624,19,0,19
762788716523950080,19,0,19
762849750727073794,19,0,19
763399037412319232,19,0,19
763903558970257408,19,1,20
763926273504579585,19,0,19
764570270753394689,19,1,20
765211440118628352,19,1,20
765242652610531328,19,1,20
765563397492477952,19,6,25
766255092483887108,19,0,19
766986965963055104,19,0,19
767014248522231809,19,12,31
767065086083014656,19,0,19
767363969170440192,19,0,19
768093027231424512,19,0,19
768544404252549122,19,13,32
768636515945623552,19,0,19
768979719987482625,19,0,19
770309357875716096,19,0,19
771686204156866561,19,0,19
772317077629640704,19,0,19
772614147741593600,19,2,21
774024858908946432,19,0,19
774051186488082433,19,0,19
774639942953799680,19,0,19
774659093256634368,19,0,19
774703880705675264,19,19,38
774711008652849152,19,0,19
774758837454774272,19,1,20
775128047397826560,19,2,21
775505922831572992,19,3,22
775788624583413760,19,0,19
776329373964042240,19,3,22
777565985406451712,19,0,19
777645386269859840,19,1,20
777955795124252672,19,0,19
778812243601268736,19,0,19
779777356172972032,19,2,21
780240382923714560,19,4,23
780512899504668672,19,1,20
780594161959378944,19,0,19
781311693326462976,19,1,20
781648480917786624,19,1,20
782283171786174465,19,0,19
782425941800878081,19,0,19
782458726493982720,19,0,19
783476734947622912,19,3,22
783516714071883776,19,1,20
783873339962064901,19,0,19
784791980018638848,19,0,19
784800990600040448,19,0,19
785142404324229120,19,0,19
785187383176077313,19,1,20
785318587934187522,19,1,20
785351004212514816,19,14,33
785923168091373569,19,0,19
786024451389337600,19,2,21
786384211535990784,19,0,19
786430850682515456,19,1,20
787374492842659840,19,3,22
787385187638374400,19,0,19
788398915376652290,19,1,20
788900591728668673,19,0,19
788946484993536001,19,0,19
789057550914162688,19,0,19
789280152513486849,19,0,19
789646861741199360,19,1,20
792885902590808064,19,0,19
794297777127903233,19,0,19
795657108524040193,19,1,20
795697168350871552,19,0,19
796619447209365504,19,2,21
797159297545306112,19,0,19
797873440296464384,19,0,19
798242442034155520,19,5,24
800423597323874304,19,0,19
755703,18,0,18
8723282,18,1,19
9369062,18,27,45
10324632,18,0,18
10673732,18,1,19
14095099,18,1,19
14204817,18,0,18
14250027,18,1,19
14357840,18,0,18
14465410,18,1,19
14562610,18,1,19
14668277,18,2,20
14820509,18,36,54
14829708,18,1,19
14934964,18,4,22
15184043,18,2,20
15567292,18,2,20
15655537,18,3,21
15702490,18,5,23
15851178,18,0,18
16099749,18,1,19
16108245,18,0,18
16167937,18,0,18
16261075,18,3,21
16272976,18,0,18
16280644,18,88,106
16420194,18,0,18
16488971,18,1,19
16513043,18,0,18
16538070,18,28,46
16552994,18,10,28
16588666,18,2,20
16619175,18,3,21
16619573,18,2,20
16872627,18,2,20
16931849,18,11,29
16934454,18,12,30
16961669,18,1,19
17266188,18,0,18
17491154,18,2,20
17885630,18,1,19
17972808,18,0,18
18000767,18,2,20
18089606,18,6,24
18941023,18,0,18
19031443,18,1,19
19648957,18,4,22
19797994,18,0,18
20377488,18,0,18
20825522,18,0,18
21231908,18,0,18
21773704,18,14,32
21994669,18,1,19
22253744,18,3,21
22300470,18,0,18
22363638,18,2,20
22440812,18,23,41
22456513,18,4,22
22490171,18,1,19
22530000,18,8,26
22694767,18,2,20
22805192,18,14,32
22826544,18,0,18
22858448,18,0,18
22905009,18,0,18
22991773,18,0,18
23507249,18,0,18
23568539,18,1,19
24064455,18,16,34
24262144,18,0,18
25173349,18,0,18
25239309,18,0,18
25907720,18,0,18
25966515,18,0,18
26581576,18,1,19
27467006,18,0,18
27522964,18,1,19
27750971,18,5,23
28472070,18,1,19
28615834,18,0,18
28848523,18,1,19
29125086,18,0,18
29264652,18,0,18
29808850,18,15,33
29833442,18,2,20
31018214,18,4,22
31194096,18,6,24
32673296,18,0,18
32750528,18,8,26
33082208,18,1,19
33108473,18,1,19
33558742,18,0,18
33822094,18,3,21
34681234,18,0,18
34828884,18,0,18
34981934,18,0,18
34987581,18,0,18
35036599,18,0,18
35165115,18,4,22
35810515,18,5,23
37813045,18,1,19
38435334,18,0,18
39369267,18,3,21
39921150,18,2,20
40732344,18,1,19
40732968,18,0,18
41414361,18,0,18
42318346,18,0,18
42543403,18,1,19
43094737,18,17,35
43214345,18,1,19
43669598,18,3,21
44075113,18,2,20
44342873,18,3,21
44426727,18,4,22
44595454,18,5,23
45436403,18,38,56
45507382,18,10,28
45673524,18,43,61
46522067,18,76,94
46822091,18,0,18
47253430,18,6,24
47777043,18,0,18
48195067,18,0,18
48528332,18,1,19
48761781,18,0,18
49387997,18,0,18
49690314,18,0,18
50069586,18,1,19
50508504,18,0,18
50854399,18,0,18
50934577,18,0,18
51389668,18,0,18
51747166,18,0,18
52143834,18,1,19
52759830,18,2,20
52779314,18,0,18
53166363,18,7,25
53181989,18,1,19
53707699,18,0,18
54096689,18,11,29
56811428,18,4,22
57721915,18,8,26
57840601,18,3,21
58149302,18,0,18
58246576,18,3,21
58531406,18,0,18
58608119,18,4,22
60059469,18,0,18
60075685,18,3,21
61300409,18,0,18
61347340,18,0,18
61557079,18,2,20
62534094,18,0,18
63183956,18,0,18
63198085,18,0,18
63717541,18,6,24
64592901,18,1,19
66054053,18,0,18
66789991,18,0,18
70308625,18,0,18
71877669,18,1,19
72273677,18,0,18
73502819,18,0,18
73922714,18,0,18
74171716,18,1,19
74698831,18,1,19
76057201,18,0,18
76938029,18,31,49
77337059,18,2,20
77610933,18,1,19
78673069,18,1,19
78689495,18,0,18
79207306,18,1,19
80231203,18,0,18
81651824,18,1,19
82277624,18,0,18
84030041,18,3,21
85723812,18,10,28
86567764,18,0,18
87120401,18,0,18
92051191,18,0,18
94436427,18,1,19
95096253,18,5,23
97970494,18,0,18
100851185,18,0,18
101122971,18,2,20
104584321,18,0,18
107223446,18,0,18
107281934,18,2,20
107448374,18,2,20
108052332,18,11,29
108556027,18,29,47
112436394,18,0,18
114553093,18,0,18
115052289,18,1,19
116164338,18,1,19
117480668,18,0,18
117844563,18,2,20
118120696,18,5,23
121483166,18,0,18
124088898,18,1,19
124735878,18,0,18
125187110,18,0,18
125210002,18,2,20
126134277,18,5,23
126168062,18,1,19
126840137,18,1,19
130091666,18,0,18
133442846,18,3,21
133851001,18,3,21
134421450,18,8,26
137917421,18,1,19
139509652,18,0,18
139852216,18,0,18
140343754,18,0,18
141579532,18,0,18
141682204,18,8,26
146106393,18,0,18
149543566,18,30,48
152245925,18,2,20
156447411,18,0,18
156596350,18,3,21
158715511,18,1,19
159152889,18,1,19
161888205,18,0,18
163655954,18,37,55
167012826,18,1,19
167923560,18,0,18
170625577,18,1,19
171405013,18,1,19
173851898,18,0,18
176326102,18,1,19
176401886,18,0,18
177018643,18,3,21
183446812,18,0,18
188493438,18,0,18
189355737,18,0,18
190379408,18,0,18
193084500,18,0,18
193605885,18,10,28
194160226,18,0,18
194237286,18,1,19
195409987,18,35,53
196168350,18,1,19
202776130,18,3,21
205904588,18,4,22
208132243,18,0,18
212992692,18,1,19
215667555,18,44,62
215847987,18,0,18
220311287,18,0,18
223522535,18,0,18
224033818,18,2,20
224059152,18,0,18
224155347,18,1,19
224759173,18,1,19
224790874,18,1,19
226401187,18,0,18
227041147,18,0,18
227045856,18,3,21
227109989,18,3,21
230826920,18,0,18
233610279,18,0,18
235189841,18,0,18
235862048,18,2,20
236893175,18,0,18
237789950,18,0,18
237978659,18,5,23
245202219,18,0,18
247922761,18,3,21
248273573,18,0,18
249362999,18,1,19
251352323,18,0,18
252260320,18,1,19
256612344,18,0,18
257086746,18,75,93
261053799,18,1,19
262669225,18,0,18
266719414,18,0,18
266894776,18,28,46
267362167,18,0,18
269235211,18,0,18
269744823,18,7,25
269987759,18,0,18
275580401,18,1,19
277727876,18,0,18
277792122,18,1,19
279334833,18,2,20
282657027,18,0,18
288665033,18,0,18
290885049,18,36,54
290908041,18,15,33
299899265,18,6,24
301118447,18,1,19
301148733,18,0,18
301588004,18,2,20
302059038,18,2,20
302703623,18,0,18
304816094,18,0,18
305736905,18,13,31
309290288,18,0,18
311111466,18,0,18
312091084,18,0,18
316525578,18,0,18
317429844,18,0,18
324176873,18,1,19
328935079,18,0,18
329872299,18,0,18
330623773,18,14,32
337484648,18,2,20
337884264,18,2,20
338317842,18,0,18
338883115,18,1,19
339700787,18,1,19
343087091,18,3,21
344790880,18,0,18
345302515,18,0,18
348243140,18,5,23
355028519,18,91,109
357765984,18,2,20
358233532,18,2,20
368374852,18,0,18
373657768,18,1,19
374331930,18,0,18
379279989,18,0,18
379732614,18,1,19
380113623,18,2,20
383546124,18,0,18
385579048,18,0,18
389078968,18,2,20
389138781,18,3,21
390880995,18,1,19
390945006,18,5,23
399544189,18,2,20
400152273,18,3,21
400274496,18,0,18
401748480,18,3,21
406778399,18,1,19
408696926,18,4,22
418639778,18,0,18
418820343,18,0,18
420609870,18,1,19
424248616,18,1,19
427711559,18,1,19
428330981,18,1,19
430355510,18,0,18
434367915,18,6,24
441338964,18,7,25
457677251,18,6,24
460358894,18,0,18
461747789,18,1,19
462614179,18,0,18
462640039,18,1,19
465303003,18,0,18
467955084,18,3,21
468840811,18,1,19
470601243,18,49,67
473528903,18,0,18
475145379,18,2,20
479384808,18,1,19
481644165,18,0,18
482769573,18,0,18
483115921,18,2,20
483456995,18,1,19
483784350,18,2,20
493339105,18,0,18
494277470,18,1,19
494366371,18,0,18
494999217,18,4,22
499329344,18,5,23
500977616,18,3,21
506838025,18,0,18
507646186,18,1,19
512328016,18,0,18
514200930,18,0,18
517657942,18,0,18
522594399,18,1,19
523986537,18,1,19
524576435,18,0,18
525002011,18,1,19
526147690,18,2,20
526677951,18,0,18
529539123,18,0,18
531554519,18,1,19
532550602,18,2,20
534841292,18,0,18
535639721,18,1,19
541264666,18,0,18
542071766,18,3,21
545181592,18,0,18
548136534,18,5,23
551580888,18,1,19
552088974,18,0,18
557862434,18,0,18
568746638,18,1,19
570041682,18,0,18
571262169,18,0,18
574897008,18,0,18
575813393,18,2,20
575851079,18,1,19
576265220,18,0,18
578981845,18,2,20
579936874,18,0,18
582135529,18,10,28
585293149,18,2,20
587977882,18,1,19
590296794,18,0,18
595250319,18,0,18
596025267,18,2,20
604048241,18,0,18
604243082,18,1,19
606723977,18,0,18
606899877,18,2,20
610438412,18,0,18
610798597,18,3,21
611350965,18,5,23
613810928,18,1,19
617619927,18,125,143
634928390,18,1,19
636670884,18,0,18
701784218,18,4,22
704068854,18,2,20
706583599,18,2,20
709498740,18,0,18
711930655,18,0,18
739657206,18,1,19
749297342,18,0,18
755615538,18,1,19
774825306,18,0,18
789025232,18,1,19
793148808,18,0,18
794756856,18,2,20
795368869,18,3,21
796527032,18,1,19
798681264,18,3,21
799257301,18,9,27
807998719,18,2,20
808175803,18,0,18
823354662,18,0,18
834766856,18,0,18
838891357,18,0,18
844298942,18,0,18
848832067,18,0,18
853565910,18,52,70
857624024,18,0,18
860000556,18,0,18
860462443,18,1,19
860631620,18,1,19
861389503,18,0,18
876665545,18,0,18
878634900,18,3,21
878765654,18,1,19
888971406,18,0,18
898890931,18,0,18
902109204,18,0,18
907059944,18,2,20
909715267,18,0,18
913228118,18,3,21
930032755,18,0,18
930323370,18,30,48
937995541,18,0,18
954825379,18,0,18
957988681,18,0,18
961144195,18,4,22
963257515,18,0,18
991935716,18,3,21
995324370,18,0,18
998474294,18,0,18
1026901148,18,0,18
1035498296,18,5,23
1054626264,18,0,18
1068499243,18,0,18
1078226077,18,1,19
1090948867,18,0,18
1112486646,18,52,70
1121021298,18,0,18
1126379408,18,1,19
1134924498,18,0,18
1144064870,18,0,18
1145275878,18,0,18
1164554108,18,0,18
1170467268,18,0,18
1202410422,18,3,21
1213105958,18,2,20
1214487787,18,6,24
1237606628,18,0,18
1252290174,18,0,18
1257728660,18,0,18
1260613740,18,0,18
1262828227,18,3,21
1275994950,18,3,21
1276032140,18,0,18
1281889598,18,0,18
1283077502,18,1,19
1286019073,18,2,20
1289293753,18,1,19
1307220464,18,0,18
1309394527,18,0,18
1312391016,18,1,19
1317650570,18,1,19
1324900231,18,0,18
1326446600,18,0,18
1327078226,18,4,22
1330703660,18,0,18
1352117203,18,2,20
1364259432,18,0,18
1370640842,18,0,18
1385644158,18,1,19
1416794803,18,1,19
1437524407,18,1,19
1450093045,18,3,21
1454758754,18,0,18
1477241472,18,61,79
1509947786,18,3,21
1512120685,18,1,19
1521690068,18,0,18
1548680298,18,0,18
1559489454,18,2,20
1568570185,18,2,20
1572890276,18,8,26
1584389125,18,0,18
1594131900,18,2,20
1603899235,18,3,21
1634765034,18,1,19
1648746326,18,1,19
1655780005,18,0,18
1656295028,18,0,18
1669932314,18,0,18
1671319380,18,1,19
1676285761,18,12,30
1679085500,18,1,19
1679865180,18,6,24
1681044234,18,1,19
1688330221,18,2,20
1690908734,18,0,18
1702474909,18,2,20
1713955530,18,1,19
1717201566,18,1,19
1717287152,18,2,20
1736961432,18,4,22
1841844116,18,0,18
1854824490,18,0,18
1858905666,18,1,19
1904924659,18,0,18
1918476012,18,0,18
1925211558,18,0,18
1932816230,18,31,49
1945713420,18,11,29
1952154218,18,1,19
2147940818,18,3,21
2151661864,18,0,18
2152847043,18,3,21
2156193709,18,1,19
2161859750,18,0,18
2182901815,18,3,21
2197938198,18,0,18
2204434298,18,3,21
2211873528,18,2,20
2214273115,18,2,20
2216885251,18,3,21
2217125934,18,0,18
2221610149,18,0,18
2229646347,18,19,37
2232567099,18,1,19
2248582168,18,46,64
2252141125,18,1,19
2253119772,18,0,18
2255796822,18,0,18
2263629997,18,1,19
2266122404,18,0,18
2272137097,18,22,40
2277225526,18,0,18
2291671807,18,1,19
2293061179,18,1,19
2294738263,18,0,18
2301036477,18,1,19
2314486826,18,1,19
2317410492,18,0,18
2317691186,18,1,19
2325948218,18,0,18
2332608247,18,67,85
2337069912,18,3,21
2338536413,18,0,18
2346795098,18,0,18
2350626350,18,0,18
2361264798,18,0,18
2364021598,18,26,44
2364026722,18,0,18
2377345701,18,0,18
2380248444,18,1,19
2384266081,18,0,18
2386363226,18,0,18
2391721326,18,0,18
2393578651,18,0,18
2395404686,18,2,20
2400634020,18,2,20
2401094684,18,1,19
2402321532,18,1,19
2409053802,18,8,26
2418922016,18,1,19
2419941380,18,0,18
2432382067,18,0,18
2433195168,18,0,18
2439661933,18,0,18
2444622247,18,5,23
2447644512,18,3,21
2451808070,18,2,20
2461112153,18,2,20
2467265258,18,5,23
2469843235,18,0,18
2470194618,18,13,31
2480410962,18,4,22
2505288287,18,0,18
2520962647,18,1,19
2521994133,18,0,18
2535818742,18,0,18
2544249232,18,1,19
2546573490,18,4,22
2551156820,18,0,18
2560729351,18,1,19
2565328111,18,0,18
2570121708,18,0,18
2571468719,18,0,18
2586083948,18,1,19
2608625641,18,2,20
2634079639,18,0,18
2645055219,18,0,18
2667679178,18,1,19
2685926647,18,2,20
2692810169,18,0,18
2693122980,18,0,18
2698652231,18,0,18
2716654852,18,0,18
2728087455,18,2,20
2728438789,18,2,20
2729109958,18,1,19
2733816872,18,0,18
2748533854,18,0,18
2754793927,18,1,19
2758282257,18,0,18
2764289161,18,1,19
2779948099,18,8,26
2783744424,18,0,18
2787720983,18,1,19
2798432052,18,13,31
2799071012,18,0,18
2810858166,18,0,18
2819619718,18,1,19
2822505065,18,0,18
2831146381,18,1,19
2838772325,18,0,18
2872182800,18,0,18
2873683010,18,1,19
2874493975,18,1,19
2875828868,18,4,22
2879716421,18,0,18
2892009773,18,0,18
2895550656,18,0,18
2902466997,18,0,18
2912107932,18,0,18
2919009327,18,1,19
2922437656,18,230,248
2926270218,18,0,18
2939884998,18,0,18
2940008444,18,1,19
2942265545,18,5,23
2946196150,18,0,18
2953845617,18,0,18
2954110321,18,1,19
2954834457,18,1,19
2959996658,18,3,21
2965033316,18,0,18
2966390447,18,3,21
2968120646,18,0,18
2970378245,18,0,18
2976275589,18,0,18
2977541814,18,0,18
2981495019,18,0,18
2991021323,18,0,18
2991422896,18,1,19
2994231243,18,0,18
3010730080,18,0,18
3011714569,18,1,19
3014019560,18,0,18
3021012297,18,2,20
3029186128,18,0,18
3030520504,18,1,19
3031032827,18,0,18
3031294189,18,3,21
3045114260,18,0,18
3057368110,18,1,19
3064736655,18,16,34
3077398541,18,0,18
3078831746,18,0,18
3090318623,18,2,20
3091497673,18,0,18
3098670091,18,1,19
3099543917,18,0,18
3105486589,18,1,19
3106063313,18,0,18
3115122820,18,0,18
3118252168,18,0,18
3118962182,18,2,20
3123219290,18,2,20
3124240699,18,0,18
3141166670,18,3,21
3145161800,18,0,18
3158348022,18,0,18
3160287114,18,0,18
3164614729,18,0,18
3171050462,18,3,21
3186883325,18,1,19
3189240502,18,3,21
3191478638,18,3,21
3192954225,18,0,18
3200060140,18,0,18
3237429813,18,0,18
3238979114,18,0,18
3241060727,18,0,18
3242026466,18,4,22
3247737961,18,0,18
3248505095,18,4,22
3251996683,18,0,18
3280703743,18,0,18
3281097205,18,1,19
3289180086,18,29,47
3291036316,18,0,18
3297626120,18,0,18
3301040332,18,0,18
3302658674,18,0,18
3309187556,18,2,20
3314688078,18,0,18
3320355142,18,1,19
3320903689,18,1,19
3343099876,18,0,18
3344218324,18,3,21
3344423229,18,1,19
3347290719,18,0,18
3359145249,18,18,36
3363294490,18,8,26
3364589120,18,8,26
3370128503,18,2,20
3378047121,18,1,19
3379164785,18,0,18
3381212277,18,0,18
3384010133,18,0,18
3384217595,18,1,19
3384887279,18,0,18
3387910827,18,0,18
3390129334,18,2,20
3399349145,18,0,18
3407879860,18,3,21
3408887953,18,3,21
3410394815,18,1,19
3419004964,18,0,18
3431860631,18,2,20
3433416514,18,5,23
3443212698,18,0,18
3453346696,18,0,18
3454716494,18,1,19
3477237494,18,0,18
3495057261,18,0,18
3514746509,18,0,18
3525815595,18,0,18
3546465556,18,1,19
3557212097,18,3,21
3589464580,18,1,19
3610212673,18,1,19
3622416747,18,0,18
3634747458,18,3,21
3647466679,18,1,19
3688827749,18,0,18
3710642235,18,0,18
3719198295,18,0,18
3749310432,18,1,19
3787809673,18,1,19
3798307395,18,5,23
3820134261,18,0,18
3883828038,18,1,19
3904720814,18,1,19
3906226763,18,1,19
3964788613,18,0,18
3973555694,18,1,19
3976085120,18,0,18
4003130001,18,6,24
4040347175,18,0,18
4080552432,18,0,18
4082935167,18,0,18
4083455412,18,0,18
4099693318,18,1,19
4143069520,18,0,18
4157381963,18,0,18
4161577273,18,0,18
4161660072,18,1,19
4171349059,18,0,18
4175166177,18,3,21
4221776955,18,1,19
4307372600,18,0,18
4330490235,18,0,18
4344068775,18,1,19
4386338182,18,2,20
4410066135,18,3,21
4418925045,18,0,18
4501230762,18,1,19
4520344907,18,3,21
4577053995,18,0,18
4608262533,18,2,20
4630032317,18,1,19
4650277340,18,0,18
4675578302,18,0,18
4694916865,18,2,20
4696444861,18,0,18
4718366057,18,0,18
4773280901,18,0,18
4790055615,18,2,20
4814509174,18,0,18
4815572195,18,0,18
4827998498,18,0,18
4833319836,18,0,18
4833619047,18,4,22
4833875471,18,2,20
4835604723,18,1,19
4836526685,18,0,18
4840342132,18,0,18
4844061312,18,1,19
4849413012,18,0,18
4852417521,18,2,20
4855581299,18,0,18
4857221537,18,0,18
4861558506,18,0,18
4861630186,18,5,23
4861988838,18,43,61
4864961020,18,1,19
4866736083,18,3,21
4871908732,18,0,18
4875352630,18,22,40
4884249002,18,67,85
4887507675,18,2,20
4908275244,18,7,25
4912074684,18,0,18
699344605888782341,18,1,19
700434897140371458,18,0,18
701944225848541184,18,0,18
702144086107619328,18,2,20
702291376617234432,18,2,20
702324312103989248,18,0,18
702520771172696064,18,2,20
703030660399648769,18,3,21
703223999195693057,18,0,18
703432450945347584,18,0,18
703638002455724036,18,4,22
703798067586338816,18,1,19
703949093735931904,18,1,19
704130750644244480,18,1,19
704517770650775553,18,5,23
704814042884534272,18,0,18
705285051576160257,18,0,18
705374152446840832,18,0,18
705414597034033152,18,1,19
705545842615169024,18,0,18
705611573293789184,18,0,18
705921595190046720,18,0,18
705925401688809472,18,1,19
706280211923349505,18,0,18
706295563847929856,18,1,19
706627706956414976,18,0,18
706839060711661568,18,0,18
708032271509356544,18,0,18
708137767805399046,18,1,19
709199086608584704,18,1,19
709688854727561216,18,2,20
710646913977024513,18,3,21
711810952874876932,18,2,20
712649289982484481,18,0,18
713375864742805505,18,1,19
713402423402848256,18,2,20
713985253501702144,18,0,18
714134344399323136,18,2,20
714281194288988161,18,1,19
714307238546919426,18,3,21
714627238767931392,18,0,18
714978043006038016,18,0,18
715005534835838977,18,3,21
715265005763989504,18,2,20
715603871951753216,18,0,18
715974889065345024,18,3,21
716738500423319552,18,0,18
717059614295121920,18,5,23
717374983442472961,18,0,18
719286249970728960,18,0,18
719649555051102208,18,0,18
720427434760212480,18,0,18
721029611543511041,18,11,29
721062094712365056,18,0,18
722234327010975744,18,2,20
722887595965997056,18,0,18
723352020246122497,18,54,72
723622126721355776,18,1,19
723889888098017281,18,2,20
723953379379027968,18,2,20
723954024173576192,18,3,21
724078666301485056,18,0,18
724677011537575936,18,0,18
725105719259856897,18,0,18
725342237370937344,18,1,19
725888800120049665,18,0,18
726569449919242240,18,2,20
727647631099334656,18,4,22
727978810440716288,18,0,18
728387264447811584,18,0,18
728804782878666752,18,0,18
729104492873043970,18,1,19
729460254614773761,18,1,19
729777053092839424,18,2,20
731579150952239104,18,1,19
732215336158826497,18,204,222
732313606545494017,18,2,20
733790457881321473,18,2,20
734133344565395460,18,0,18
734496160598003712,18,4,22
735499561339232256,18,2,20
736670280303710208,18,2,20
736911671482945536,18,0,18
737313345947111426,18,7,25
737849454242500608,18,1,19
738399937734397952,18,0,18
738597394422497281,18,1,19
738712955706085377,18,1,19
738722580543111169,18,0,18
739177102046601216,18,1,19
739285855454396416,18,1,19
740657986842943489,18,18,36
740820794725543937,18,1,19
741266545901326336,18,1,19
741808975214153728,18,10,28
742420413591003136,18,18,36
743311013747920897,18,1,19
744117249821184000,18,0,18
745358296790474752,18,0,18
745414485637201921,18,0,18
745853715194712064,18,0,18
746305022816825344,18,0,18
746567119517560832,18,0,18
746693401240756224,18,3,21
747544919485603844,18,0,18
747967353682550784,18,2,20
748351285703761920,18,1,19
750366674964979712,18,1,19
750707209970024448,18,2,20
751029578219552768,18,0,18
752463643187486720,18,0,18
752538749825843200,18,0,18
753144452189868032,18,3,21
753415944538460160,18,3,21
753797257237893121,18,0,18
754008826446249984,18,1,19
754805752083124224,18,0,18
755157340928761858,18,0,18
755357951548858368,18,0,18
755450132242452482,18,0,18
755572010265174016,18,0,18
755600231467802624,18,2,20
756251097354776576,18,1,19
756317661265596416,18,1,19
756547846824787968,18,0,18
756844406804799488,18,0,18
757019219124822016,18,1,19
757598683223339009,18,0,18
758337198102052864,18,0,18
758453075820425216,18,6,24
758473671304286209,18,0,18
759170913824673793,18,0,18
759504261726277632,18,3,21
759807262755913728,18,0,18
759852641811693568,18,0,18
759887318601826304,18,1,19
760221556354277376,18,0,18
760266420542255105,18,1,19
760728440152743936,18,0,18
760732579528073216,18,4,22
761002459347181568,18,0,18
761236000072806400,18,4,22
761584747600424960,18,0,18
762468781226549248,18,1,19
762547271154237440,18,2,20
764105871416700929,18,2,20
764200668827705348,18,0,18
764475731699204097,18,0,18
765212916819890176,18,0,18
765355667662237698,18,0,18
766076506263187456,18,0,18
766463969599062016,18,0,18
767445910015967235,18,1,19
767468254172368896,18,0,18
768153071129997312,18,0,18
768947692122828800,18,4,22
770174775226408960,18,2,20
770375799513972736,18,1,19
773157350798659584,18,0,18
773591111797440512,18,0,18
773710762602799104,18,1,19
773986289695744000,18,4,22
774065167156047872,18,0,18
775113163931054080,18,0,18
775403147770466304,18,1,19
776545690679971840,18,1,19
776852641041133568,18,0,18
777126939605684225,18,1,19
777145939236716544,18,0,18
777582502697373696,18,0,18
778386953846816769,18,0,18
780390612113711105,18,0,18
781125579844100100,18,3,21
782037091232411648,18,0,18
782310190431346688,18,0,18
782590273326944256,18,1,19
782645753319567362,18,0,18
782692238568456192,18,0,18
783480786796228608,18,0,18
783482886183800832,18,3,21
783705736345825280,18,1,19
783748954668138496,18,0,18
784808665509457921,18,0,18
785348223477035008,18,2,20
785455383737348097,18,0,18
786954525399740417,18,0,18
787071989101891584,18,0,18
787909745386684416,18,0,18
788264899826692096,18,0,18
789145493410492416,18,0,18
789232077619068928,18,0,18
789430173796077568,18,1,19
789899528065454080,18,0,18
790377187966787584,18,3,21
791114183903358977,18,0,18
793296031085539328,18,1,19
793527746341244928,18,0,18
793568744677203968,18,0,18
793622750216585217,18,0,18
794191075397304320,18,1,19
794950710634786817,18,2,20
795220159426220034,18,0,18
795300555354677250,18,1,19
795316582369071104,18,0,18
795899558438064128,18,0,18
796339264531337217,18,0,18
796463421000536064,18,0,18
799237407124099072,18,0,18
799754264272744448,18,0,18
812670250810560512,18,0,18
2988601,17,2,19
5469272,17,1,18
7544762,17,48,65
14448151,17,0,17
14752306,17,0,17
14836055,17,63,80
15450833,17,0,17
15759387,17,2,19
15835746,17,0,17
15851279,17,0,17
15886477,17,199,216
16063672,17,2,19
16155872,17,2,19
16184610,17,0,17
16318793,17,1,18
16603994,17,3,20
16743540,17,5,22
17045777,17,1,18
17376429,17,14,31
17626317,17,6,23
17903589,17,0,17
18086847,17,3,20
18117002,17,0,17
18184205,17,37,54
18346123,17,1,18
18404320,17,0,17
18524546,17,0,17
18545481,17,1,18
18840396,17,2,19
18892099,17,1,18
19066543,17,1,18
19141379,17,5,22
19188890,17,0,17
19346439,17,7,24
19458818,17,13,30
19802846,17,79,96
19896312,17,0,17
20362627,17,0,17
20476170,17,1,18
20695280,17,6,23
20832710,17,0,17
20944649,17,5,22
20953826,17,4,21
20964739,17,63,80
21023944,17,1,18
21271252,17,3,20
21343120,17,3,20
21866516,17,2,19
21939993,17,0,17
22283715,17,0,17
22429865,17,0,17
23206590,17,1,18
23382865,17,0,17
23531441,17,0,17
23580800,17,2,19
23804708,17,0,17
24214420,17,50,67
24684457,17,0,17
24721342,17,1,18
24840112,17,0,17
24986934,17,0,17
25363146,17,10,27
25368960,17,10,27
25827542,17,0,17
26017280,17,1,18
26322844,17,1,18
26563557,17,0,17
26625439,17,11,28
26832339,17,0,17
27691835,17,1,18
28229726,17,1,18
28789535,17,2,19
28954941,17,0,17
29234408,17,0,17
29246575,17,0,17
30106118,17,1,18
30458840,17,1,18
30540412,17,0,17
31059685,17,0,17
31136655,17,0,17
31136966,17,0,17
31226007,17,1,18
31244338,17,3,20
31460146,17,2,19
31494483,17,3,20
32368497,17,0,17
32395512,17,0,17
32782882,17,67,84
33347217,17,5,22
33416880,17,0,17
33570964,17,4,21
33791390,17,8,25
33878714,17,1,18
34206624,17,1,18
34418531,17,0,17
35422349,17,1,18
35583219,17,4,21
36376016,17,1,18
36651563,17,0,17
36947165,17,2,19
37218057,17,0,17
37238077,17,4,21
37667472,17,1,18
37820026,17,0,17
38198508,17,1,18
38430190,17,5,22
38664653,17,1,18
40908549,17,7,24
40937190,17,2,19
41941809,17,0,17
42102210,17,0,17
42167266,17,0,17
42901906,17,0,17
42904769,17,1,18
42912666,17,1,18
42927897,17,1,18
42994751,17,1,18
43873770,17,0,17
44480621,17,2,19
44734306,17,0,17
44901486,17,1,18
45734324,17,0,17
45778088,17,0,17
46870471,17,0,17
47114495,17,0,17
47309891,17,1,18
48337612,17,0,17
48475530,17,1,18
48542562,17,1,18
48628504,17,0,17
48828637,17,1,18
48980630,17,12,29
49121643,17,0,17
49130199,17,7,24
49161476,17,4,21
49320629,17,76,93
49384747,17,2,19
49412814,17,14,31
49794258,17,1,18
50536281,17,1,18
51144390,17,0,17
51468345,17,4,21
51897156,17,0,17
51976177,17,0,17
52230962,17,75,92
52512356,17,3,20
52540473,17,2,19
52793412,17,0,17
52835889,17,6,23
52924549,17,1,18
53098426,17,1,18
53987594,17,13,30
54194375,17,2,19
54333231,17,0,17
54344219,17,3,20
54410303,17,0,17
55273251,17,1,18
55375197,17,0,17
56216595,17,0,17
56871486,17,2,19
57754858,17,2,19
60219461,17,1,18
60435440,17,0,17
61049859,17,2,19
61231226,17,2,19
61662979,17,1,18
62195654,17,0,17
62702595,17,1,18
65120930,17,1,18
65714838,17,2,19
65749052,17,38,55
67219774,17,0,17
67435927,17,1,18
68578835,17,10,27
69043629,17,5,22
71822327,17,0,17
79939817,17,0,17
80565959,17,0,17
81577736,17,0,17
83351051,17,0,17
85696760,17,0,17
86856593,17,0,17
88480047,17,7,24
89524897,17,1,18
92479528,17,0,17
94616343,17,1,18
95707279,17,12,29
96481472,17,0,17
98737961,17,12,29
102116847,17,0,17
103133752,17,0,17
103716179,17,4,21
104203606,17,0,17
104297073,17,1,18
104962266,17,0,17
106114561,17,0,17
107210351,17,0,17
109606702,17,0,17
109640315,17,0,17
111745371,17,3,20
112603618,17,19,36
114314317,17,0,17
118582411,17,0,17
119137286,17,0,17
119150202,17,1,18
121298616,17,2,19
122797377,17,1,18
123399058,17,2,19
123953834,17,0,17
124208925,17,2,19
125238520,17,0,17
125798518,17,0,17
128264908,17,0,17
129299681,17,0,17
130658940,17,0,17
135800929,17,0,17
138889809,17,2,19
140061083,17,3,20
142132410,17,0,17
142703093,17,1,18
143311631,17,0,17
145530134,17,0,17
146706066,17,1,18
151418953,17,0,17
152952253,17,0,17
154979522,17,0,17
155883145,17,4,21
157119121,17,15,32
158232894,17,1,18
158406543,17,2,19
164254921,17,10,27
165073959,17,59,76
165601042,17,0,17
167277255,17,1,18
167478588,17,17,34
167800704,17,0,17
175740342,17,1,18
181289030,17,0,17
184985292,17,0,17
187181177,17,0,17
189359275,17,16,33
190298721,17,18,35
192294214,17,0,17
197896207,17,26,43
198004487,17,1,18
198125236,17,2,19
199115337,17,3,20
200599429,17,17,34
204032583,17,1,18
206333044,17,1,18
206923789,17,3,20
209158031,17,2,19
209286311,17,0,17
211552068,17,0,17
211941677,17,1,18
212988314,17,2,19
216329795,17,0,17
221812027,17,4,21
228787055,17,0,17
230447654,17,1,18
231410482,17,2,19
235321600,17,0,17
240844658,17,1,18
240847333,17,3,20
242812474,17,2,19
244105169,17,0,17
244421716,17,0,17
245637898,17,27,44
247464058,17,0,17
249653063,17,0,17
255826721,17,21,38
255828978,17,1,18
256295530,17,2,19
256426166,17,0,17
256569885,17,1,18
258029335,17,0,17
261790244,17,0,17
262904330,17,0,17
263692122,17,1,18
264517861,17,4,21
266632498,17,0,17
271957908,17,0,17
272473479,17,0,17
273805344,17,0,17
274742614,17,24,41
278859571,17,16,33
280587878,17,0,17
282070199,17,1,18
283759033,17,1,18
284503325,17,2,19
285305829,17,16,33
288487427,17,0,17
291568608,17,0,17
291729326,17,1,18
291789016,17,78,95
294230121,17,1,18
300318952,17,1,18
300886586,17,4,21
301544087,17,1,18
304225239,17,23,40
309843766,17,5,22
314616501,17,0,17
317757429,17,0,17
319320722,17,2,19
319637000,17,1,18
321239727,17,1,18
322583942,17,0,17
325326195,17,0,17
325577961,17,4,21
326307302,17,1,18
328605492,17,0,17
331489082,17,2,19
332076821,17,1,18
332671860,17,1,18
333495282,17,1,18
334190707,17,12,29
334914087,17,1,18
337645971,17,0,17
339375290,17,0,17
340254170,17,0,17
343140908,17,1,18
344164779,17,0,17
346531863,17,1,18
346713429,17,0,17
346722730,17,4,21
350394196,17,1,18
351004316,17,0,17
358536349,17,0,17
359441420,17,0,17
359784067,17,0,17
361082542,17,2,19
362476937,17,0,17
364426964,17,17,34
365110972,17,1,18
365570380,17,0,17
369158562,17,0,17
370108542,17,5,22
370901348,17,0,17
371082634,17,0,17
371412800,17,45,62
372654770,17,0,17
372998325,17,2,19
374827671,17,0,17
374878874,17,2,19
376207492,17,2,19
377034602,17,0,17
377207363,17,6,23
379747365,17,1,18
383187284,17,1,18
386041891,17,1,18
386695490,17,0,17
386871415,17,1,18
387180500,17,0,17
390885971,17,0,17
395961945,17,0,17
398433535,17,0,17
398971451,17,3,20
399712913,17,91,108
400270219,17,0,17
401098850,17,3,20
401132286,17,0,17
402167290,17,1,18
405733200,17,0,17
409457597,17,0,17
410210428,17,0,17
411745222,17,12,29
414017901,17,0,17
414552429,17,0,17
414692885,17,0,17
414956114,17,1,18
419147701,17,0,17
419203687,17,0,17
420014514,17,4,21
422091115,17,1,18
424359321,17,1,18
426118191,17,161,178
426831880,17,3,20
427524867,17,1,18
431345987,17,0,17
433797384,17,0,17
439388907,17,0,17
441434232,17,15,32
444056010,17,2,19
447061276,17,0,17
449853758,17,1,18
455724651,17,0,17
456714411,17,0,17
459417777,17,0,17
459598831,17,0,17
460708814,17,19,36
462104542,17,0,17
463577491,17,6,23
467012970,17,1,18
471654072,17,0,17
476494583,17,1,18
478241588,17,0,17
481530169,17,1,18
483272505,17,78,95
485903965,17,0,17
488114705,17,0,17
490882435,17,1,18
491410363,17,0,17
491461409,17,4,21
492195257,17,0,17
501382779,17,2,19
505294099,17,0,17
509325037,17,3,20
520799250,17,1,18
522769636,17,0,17
523760928,17,0,17
525465568,17,0,17
527045074,17,1,18
529550241,17,1,18
529961778,17,0,17
531188000,17,0,17
531482624,17,3,20
531525580,17,6,23
532485646,17,3,20
533398720,17,1,18
534054259,17,4,21
539160514,17,1,18
539586889,17,2,19
543579701,17,0,17
547839306,17,1,18
552245790,17,2,19
555888719,17,1,18
556431426,17,4,21
559026650,17,2,19
566852387,17,0,17
569424342,17,0,17
570790523,17,1,18
571865935,17,1,18
572282251,17,14,31
573648634,17,0,17
581328883,17,2,19
581898234,17,0,17
582628128,17,0,17
584324219,17,2,19
585273426,17,1,18
585436880,17,0,17
589611827,17,0,17
592434777,17,0,17
597533478,17,0,17
599724279,17,0,17
619605487,17,1,18
621903526,17,0,17
631379480,17,2,19
633166518,17,0,17
633928540,17,2,19
707646062,17,2,19
721126764,17,0,17
723554358,17,2,19
728027647,17,0,17
736098319,17,4,21
736313629,17,1,18
747552781,17,3,20
760869378,17,0,17
763937394,17,0,17
765515454,17,0,17
770828178,17,2,19
776163331,17,0,17
777059101,17,0,17
778800050,17,2,19
787604106,17,0,17
790727005,17,2,19
791749561,17,0,17
794272717,17,0,17
798946304,17,0,17
802968073,17,0,17
810165422,17,7,24
811581271,17,1,18
816554017,17,1,18
817338631,17,0,17
817797181,17,0,17
818433979,17,0,17
820187383,17,124,141
820683806,17,0,17
821702395,17,0,17
821855882,17,0,17
829377914,17,1,18
830868836,17,0,17
834995324,17,0,17
836265236,17,1,18
839382708,17,4,21
850415456,17,0,17
852483272,17,0,17
854807468,17,19,36
855402486,17,1,18
864150841,17,1,18
865763376,17,20,37
873866796,17,0,17
874528644,17,5,22
879272462,17,3,20
882696823,17,0,17
883776121,17,0,17
884385044,17,4,21
885581376,17,1,18
887373558,17,0,17
889572613,17,3,20
893110278,17,1,18
901964414,17,2,19
906797149,17,0,17
910122312,17,1,18
913661934,17,0,17
928916442,17,0,17
929449244,17,0,17
932568674,17,0,17
935605250,17,2,19
938545490,17,0,17
944010049,17,1,18
944834478,17,1,18
954124423,17,0,17
965124828,17,0,17
965378311,17,0,17
971683278,17,0,17
975222775,17,1,18
978988118,17,2,19
986102785,17,1,18
988279338,17,1,18
989113968,17,2,19
992769464,17,0,17
1000055215,17,3,20
1005661218,17,2,19
1011890714,17,2,19
1014094537,17,4,21
1028455254,17,0,17
1036047091,17,0,17
1044269046,17,0,17
1046846558,17,1,18
1054581776,17,0,17
1063678573,17,0,17
1064074980,17,1,18
1074270792,17,0,17
1079911297,17,11,28
1089225517,17,3,20
1096105645,17,7,24
1097689651,17,0,17
1097763126,17,0,17
1118782550,17,0,17
1131642499,17,0,17
1140964663,17,0,17
1144758798,17,0,17
1162246946,17,28,45
1164005534,17,69,86
1173120433,17,1,18
1173640273,17,2,19
1184045791,17,2,19
1195684554,17,70,87
1205950728,17,0,17
1206769123,17,29,46
1263313555,17,1,18
1265267131,17,0,17
1271261790,17,0,17
1284745723,17,1,18
1312018158,17,1,18
1321040010,17,100,117
1321086265,17,1,18
1321469929,17,9,26
1343302033,17,1,18
1357519957,17,1,18
1359973026,17,0,17
1360724952,17,0,17
1371968256,17,8,25
1373468185,17,2,19
1374639792,17,1,18
1378625954,17,66,83
1387956504,17,4,21
1399133514,17,0,17
1429031490,17,2,19
1429394420,17,2,19
1431345054,17,2,19
1446959204,17,3,20
1449608436,17,0,17
1454805656,17,0,17
1460990838,17,0,17
1467292537,17,5,22
1489242751,17,37,54
1520262811,17,0,17
1544545028,17,0,17
1556314411,17,1,18
1577325823,17,0,17
1583729778,17,16,33
1603928257,17,0,17
1621646768,17,0,17
1623104534,17,0,17
1636096963,17,0,17
1636614612,17,1,18
1653119336,17,0,17
1658484290,17,1,18
1662667621,17,0,17
1668927602,17,0,17
1679920388,17,0,17
1683533647,17,38,55
1696559630,17,0,17
1703081617,17,1,18
1719704100,17,0,17
1719723380,17,0,17
1723401421,17,3,20
1735962325,17,0,17
1848242569,17,3,20
1852671354,17,0,17
1858908798,17,1,18
1858979298,17,1,18
1909349292,17,1,18
1914175069,17,0,17
1921918771,17,0,17
1924713692,17,0,17
1942491492,17,2,19
1967254920,17,13,30
1979558660,17,2,19
2153955220,17,0,17
2155949312,17,0,17
2165033947,17,0,17
2168124374,17,1,18
2173981217,17,1,18
2177442122,17,0,17
2181557906,17,0,17
2183015779,17,1,18
2183094133,17,1,18
2189273233,17,3,20
2193244912,17,0,17
2201961761,17,1,18
2207793974,17,2,19
2214059189,17,0,17
2221921292,17,1,18
2231172813,17,0,17
2236630092,17,2,19
2250377624,17,0,17
2250974250,17,0,17
2252629401,17,0,17
2263883537,17,1,18
2267700079,17,32,49
2276275093,17,3,20
2277456289,17,0,17
2277539018,17,0,17
2283799285,17,0,17
2300158004,17,0,17
2307667986,17,9,26
2308915462,17,0,17
2316754312,17,1,18
2317581632,17,2,19
2328599465,17,25,42
2341487051,17,0,17
2342529030,17,3,20
2344133618,17,0,17
2363355038,17,0,17
2369245394,17,1,18
2370857077,17,0,17
2372551692,17,0,17
2379961994,17,1,18
2383564050,17,1,18
2384023989,17,2,19
2384379247,17,0,17
2389476140,17,2,19
2397963961,17,0,17
2404751063,17,0,17
2411344512,17,0,17
2411519856,17,1,18
2430043946,17,3,20
2432666996,17,1,18
2440073538,17,0,17
2456786886,17,0,17
2463311894,17,2,19
2464123015,17,0,17
2465958361,17,26,43
2482467620,17,2,19
2497469630,17,0,17
2509290431,17,0,17
2510012744,17,0,17
2516892498,17,20,37
2531291947,17,0,17
2534793225,17,1,18
2545580321,17,0,17
2561754672,17,1,18
2565467173,17,0,17
2573363284,17,0,17
2582784396,17,1,18
2584830338,17,0,17
2587548721,17,17,34
2590165561,17,3,20
2601046317,17,0,17
2607662054,17,0,17
2611612819,17,0,17
2612644832,17,0,17
2612954227,17,0,17
2620036328,17,1,18
2621112670,17,0,17
2652024210,17,1,18
2659964124,17,0,17
2678460650,17,2,19
2697039827,17,0,17
2710824398,17,8,25
2710920008,17,0,17
2722776560,17,0,17
2736373039,17,0,17
2736437222,17,0,17
2738119976,17,2,19
2739031121,17,1,18
2740452163,17,6,23
2743926708,17,19,36
2751990444,17,3,20
2753635067,17,0,17
2756388564,17,54,71
2761493147,17,1,18
2763692645,17,0,17
2769022138,17,0,17
2776515108,17,2,19
2776761935,17,0,17
2777541422,17,3,20
2779313336,17,0,17
2780752866,17,3,20
2782761216,17,3,20
2786595088,17,0,17
2787354521,17,0,17
2795038573,17,1,18
2796694167,17,0,17
2799588421,17,2,19
2800304920,17,0,17
2817574596,17,0,17
2821352243,17,0,17
2825963158,17,1,18
2833257757,17,24,41
2844062117,17,12,29
2847914748,17,1,18
2857456425,17,0,17
2860954941,17,1,18
2861097099,17,0,17
2861560795,17,5,22
2865955714,17,0,17
2868384747,17,5,22
2874387150,17,8,25
2876089065,17,0,17
2878181861,17,1,18
2879055304,17,1,18
2883642739,17,0,17
2891603469,17,0,17
2892813209,17,35,52
2898704970,17,0,17
2903979420,17,3,20
2910489511,17,0,17
2916860376,17,39,56
2923198636,17,0,17
2923239419,17,0,17
2925806962,17,1,18
2942591855,17,1,18
2945947649,17,0,17
2949040399,17,0,17
2951557967,17,1,18
2956697207,17,1,18
2958933391,17,1,18
2969176766,17,5,22
2982868572,17,2,19
2997037393,17,0,17
2998775706,17,2,19
3001990221,17,0,17
3003694756,17,1,18
3007425528,17,0,17
3012535787,17,1,18
3017705364,17,2,19
3020719215,17,2,19
3024192877,17,0,17
3024559889,17,0,17
3027817342,17,0,17
3034696782,17,0,17
3047786710,17,1,18
3056067609,17,1,18
3064237389,17,4,21
3068652335,17,0,17
3082157129,17,16,33
3082986714,17,0,17
3088092171,17,18,35
3089436840,17,2,19
3092226373,17,0,17
3093684389,17,1,18
3104869452,17,0,17
3119050321,17,0,17
3119128519,17,2,19
3121037413,17,0,17
3142956788,17,0,17
3155050277,17,0,17
3167280587,17,0,17
3188147200,17,0,17
3215652991,17,0,17
3218898478,17,0,17
3224570478,17,0,17
3224926583,17,0,17
3229118956,17,0,17
3236864952,17,0,17
3241894396,17,1,18
3260501408,17,0,17
3262605728,17,3,20
3272489034,17,0,17
3279481914,17,1,18
3279959438,17,0,17
3285790464,17,0,17
3285996325,17,0,17
3289367082,17,0,17
3291772165,17,0,17
3293178390,17,134,151
3296418733,17,19,36
3300506041,17,0,17
3306434286,17,0,17
3311706055,17,1,18
3312236731,17,2,19
3316185079,17,2,19
3322128315,17,3,20
3329029883,17,1,18
3340267793,17,8,25
3341167402,17,0,17
3341915639,17,0,17
3352309965,17,0,17
3370018318,17,1,18
3377656947,17,1,18
3382075726,17,1,18
3386316311,17,1,18
3388190735,17,0,17
3405998171,17,0,17
3406224915,17,0,17
3407501451,17,1,18
3408499533,17,0,17
3416490233,17,4,21
3421336634,17,1,18
3422424723,17,1,18
3426237448,17,0,17
3437945597,17,0,17
3441370463,17,7,24
3529074436,17,0,17
3555848597,17,5,22
3566838975,17,0,17
3594747380,17,2,19
3599739012,17,17,34
3615048733,17,1,18
3619631053,17,0,17
3687565213,17,0,17
3734278582,17,6,23
3767489541,17,1,18
3808868956,17,3,20
3829711873,17,2,19
3865617273,17,0,17
3872700794,17,0,17
3882491892,17,2,19
3886585092,17,0,17
3890842812,17,0,17
3907871658,17,0,17
3913020809,17,0,17
3921319332,17,0,17
3948068248,17,2,19
3957834941,17,0,17
3959508322,17,1,18
3981638170,17,0,17
4007243953,17,0,17
4034504169,17,1,18
4055699596,17,0,17
4063739834,17,1,18
4074792076,17,17,34
4124454623,17,2,19
4125016213,17,0,17
4130538973,17,0,17
4156289597,17,0,17
4174875852,17,0,17
4199318061,17,0,17
4214106723,17,0,17
4236225623,17,0,17
4262263900,17,0,17
4311289161,17,1,18
4360488737,17,1,18
4362748213,17,3,20
4363987641,17,0,17
4378183094,17,1,18
4398940653,17,0,17
4410268877,17,1,18
4419819735,17,0,17
4438408632,17,0,17
4480818194,17,1,18
4485952115,17,0,17
4491561740,17,0,17
4510043956,17,0,17
4517468242,17,0,17
4540968848,17,0,17
4562564779,17,0,17
4578930138,17,1,18
4579254377,17,44,61
4604399120,17,0,17
4641957134,17,4,21
4679262937,17,0,17
4686567074,17,1,18
4706221872,17,0,17
4726128470,17,5,22
4740825513,17,5,22
4776980650,17,0,17
4784219062,17,0,17
4794699393,17,2,19
4803503540,17,1,18
4819949903,17,0,17
4823986414,17,0,17
4833753718,17,0,17
4833895174,17,0,17
4835563329,17,0,17
4841197752,17,1,18
4846143313,17,0,17
4848957831,17,0,17
4852157987,17,0,17
4858681278,17,0,17
4875318701,17,0,17
4876115712,17,1,18
4877203143,17,0,17
4886039734,17,2,19
4886285983,17,1,18
4889393727,17,0,17
4898071876,17,107,124
4898315151,17,1,18
4901249158,17,0,17
4902641728,17,2,19
4910251161,17,0,17
4920690549,17,0,17
4922884573,17,4,21
697443656706453504,17,0,17
698873347141148672,17,0,17
700327414472314881,17,14,31
700669772929708033,17,0,17
701280249334476801,17,0,17
701816835205771265,17,1,18
702225352001716224,17,0,17
702538484679057409,17,13,30
702932084520673280,17,0,17
703029018367549441,17,2,19
703056617210781696,17,0,17
703393441649139712,17,1,18
704041886089084928,17,3,20
705116785532653568,17,0,17
705461595749683200,17,2,19
705480398537670656,17,1,18
705571106300698624,17,0,17
705756565991727104,17,0,17
705961747157397505,17,2,19
706123096806330368,17,1,18
706529963026022400,17,3,20
706765451812941824,17,0,17
707726839742124032,17,0,17
709036278990381056,17,0,17
709182829037375489,17,3,20
710829502843064320,17,0,17
711048545130909696,17,1,18
711201107834380288,17,0,17
711222533438181376,17,0,17
711227500479668225,17,1,18
711466688902868992,17,1,18
711626309458386944,17,50,67
711667732656168960,17,1,18
711896750857043969,17,0,17
712838693543784448,17,0,17
714099594813181952,17,2,19
714203497495982080,17,0,17
714836972582387712,17,2,19
716280247788838912,17,1,18
718589881904009216,17,0,17
718591127792840709,17,1,18
719285756095672321,17,0,17
719555941885194241,17,0,17
720012564311207937,17,0,17
720763573387927552,17,0,17
720793674720915456,17,0,17
720986249528381440,17,1,18
721173225632309249,17,1,18
721467490673397761,17,2,19
721631665165090817,17,0,17
722776896065277952,17,0,17
722895357550538752,17,0,17
724752040057028608,17,0,17
725243643083251713,17,0,17
725867168726929412,17,3,20
726148912440991745,17,2,19
726567428487008256,17,0,17
727595749844910080,17,3,20
728468115097423872,17,3,20
728938478453592065,17,1,18
729818939933495297,17,2,19
730195745819742208,17,0,17
730227109797367810,17,0,17
730495274137739264,17,0,17
730707453646655488,17,1,18
731237641786531840,17,19,36
731555699881332736,17,1,18
731978738334736384,17,0,17
732579593735954432,17,0,17
732693454858428416,17,6,23
732983334268248064,17,1,18
735172303076634625,17,0,17
735943352198139904,17,7,24
736027942426316801,17,1,18
736264981809901568,17,0,17
737995931413413888,17,0,17
738657473641480192,17,1,18
738962621362118656,17,67,84
739262467247771649,17,0,17
740323932201308160,17,0,17
740744452021604352,17,0,17
740894115227938817,17,2,19
741256723806228480,17,1,18
741334289376116736,17,2,19
741767726235013120,17,0,17
742070314901737472,17,0,17
742458049147736064,17,1,18
743210089192947712,17,1,18
743901070397579265,17,1,18
744615007149752320,17,0,17
745578796112293888,17,0,17
746460382957604864,17,8,25
746622316365357056,17,0,17
746701871176421379,17,0,17
746865313149517824,17,0,17
747784417825808384,17,2,19
748375102111244288,17,0,17
750668508103671808,17,0,17
751397979500806144,17,0,17
751407847108333568,17,1,18
751554484950544385,17,1,18
751577699072618497,17,0,17
751589089040752640,17,0,17
752223333832355840,17,0,17
752926343751491584,17,0,17
753547433481691138,17,0,17
753744600221753344,17,0,17
754029187921391616,17,0,17
754117398563729408,17,0,17
754338098184593409,17,1,18
754571701749440512,17,2,19
754749254942339072,17,1,18
754818422379311104,17,0,17
755463371286249472,17,0,17
755786301639499776,17,0,17
755918787237511168,17,3,20
756255959039606785,17,1,18
756576092207583232,17,0,17
757383978810761216,17,0,17
757452018713669632,17,4,21
757770815664369664,17,0,17
757851271751536641,17,0,17
757965690460516353,17,0,17
757987750133903360,17,0,17
758491329894748160,17,1,18
758742703240654849,17,0,17
758896810060488704,17,0,17
759076434581139456,17,1,18
759340563380305920,17,8,25
759355546877198336,17,6,23
759476616074502144,17,1,18
759751090808115200,17,3,20
759981838425292800,17,0,17
760181258328666112,17,0,17
760250728162078724,17,0,17
760750137027153920,17,0,17
761883230266134528,17,0,17
762021767862812672,17,3,20
762719914213904384,17,0,17
762929013694291968,17,0,17
763086112130736128,17,3,20
763506863098953728,17,0,17
763882037841367041,17,3,20
763916429892603904,17,0,17
764469775825186817,17,2,19
764664012114108416,17,4,21
764909821694926848,17,0,17
764942960651743232,17,26,43
765669548259434496,17,3,20
767061791985831939,17,0,17
767393403919224832,17,0,17
768860326553063424,17,0,17
770037428795084802,17,0,17
770076139897364480,17,0,17
770188237121974272,17,4,21
772498983201550336,17,0,17
772538587221032960,17,0,17
772628773728509952,17,1,18
773368959785512960,17,0,17
773524731421192192,17,2,19
774239723019730945,17,0,17
774293672531820544,17,10,27
774439473677336576,17,4,21
774776866230108160,17,2,19
775024644948492288,17,6,23
775137093773365249,17,4,21
775326461142167552,17,0,17
775761530126118912,17,0,17
775870494897803264,17,1,18
776116785364013056,17,0,17
776260629510385669,17,6,23
776522858193379330,17,0,17
776562563022622720,17,0,17
776839703832035328,17,152,169
778063703467896833,17,0,17
778240250157993986,17,1,18
778909283157172232,17,3,20
779336029773918208,17,0,17
779754896631488512,17,0,17
781241236405555201,17,2,19
782202723269767168,17,0,17
782217508665327618,17,0,17
782602133476638720,17,0,17
782717292819853313,17,0,17
782790943267323904,17,0,17
783298529678790658,17,0,17
783350449948635137,17,1,18
783485509066633217,17,0,17
783796249074003969,17,0,17
784433729301164032,17,3,20
784528921056448512,17,0,17
784763664075149312,17,1,18
785212533611245568,17,0,17
785812924321247232,17,0,17
785824802472759296,17,0,17
786697533246541824,17,0,17
786769087271665665,17,0,17
786814536452022273,17,2,19
787807715418451968,17,0,17
788141458654015489,17,1,18
788577513882554368,17,0,17
789332739707310080,17,0,17
789866791891705856,17,0,17
790059204874637312,17,0,17
790701216246403072,17,0,17
791134806859972608,17,0,17
792418821759913984,17,0,17
792858787430273024,17,0,17
792906569310670848,17,0,17
793167275989827584,17,0,17
794578732845412352,17,0,17
794585101501796353,17,0,17
797099974760730625,17,1,18
797151574841851904,17,1,18
798623595526230017,17,0,17
802213270513971200,17,0,17
5849252,16,41,57
11335322,16,0,16
11724882,16,18,34
14400534,16,0,16
14833394,16,2,18
15143559,16,0,16
15246549,16,1,17
15281435,16,1,17
15329294,16,1,17
15379902,16,1,17
15574241,16,1,17
15710000,16,4,20
15755071,16,0,16
15828458,16,1,17
15975947,16,1,17
16002166,16,44,60
16088941,16,17,33
16196491,16,0,16
16358480,16,0,16
16395141,16,1,17
16518302,16,1,17
16540169,16,192,208
16580203,16,0,16
16781837,16,3,19
16940220,16,3,19
17250787,16,1,17
17444647,16,10,26
17484454,16,2,18
17593090,16,7,23
17627501,16,0,16
17692404,16,0,16
17859329,16,0,16
17861740,16,2,18
17926194,16,0,16
17971108,16,16,32
17995040,16,11,27
18208790,16,1,17
18496526,16,21,37
18587683,16,3,19
18639902,16,2,18
18712213,16,0,16
18820464,16,2,18
18888561,16,0,16
19038534,16,0,16
19173787,16,8,24
19205806,16,0,16
19304182,16,0,16
19359393,16,1,17
19488600,16,0,16
19571797,16,0,16
19664528,16,0,16
19950438,16,0,16
20370018,16,0,16
20468214,16,0,16
20489855,16,1,17
20577610,16,2,18
20729032,16,30,46
20760167,16,5,21
20862206,16,0,16
21385057,16,0,16
21465838,16,45,61
21692233,16,7,23
21812268,16,0,16
21887070,16,0,16
21897322,16,2,18
22034460,16,0,16
22308696,16,1,17
22484490,16,0,16
22619067,16,0,16
22744107,16,2,18
22821563,16,44,60
22851481,16,1,17
23041680,16,1,17
23120752,16,0,16
23355965,16,1,17
23863268,16,44,60
23909181,16,0,16
24452368,16,5,21
25179492,16,3,19
25579796,16,1,17
25607929,16,0,16
25920303,16,86,102
26181751,16,1,17
26478410,16,3,19
26699134,16,1,17
26787330,16,1,17
27132706,16,1,17
27259780,16,1,17
27282874,16,2,18
27348745,16,0,16
28574172,16,1,17
29051099,16,0,16
29439865,16,0,16
30012468,16,1,17
30030404,16,24,40
30188316,16,3,19
30363347,16,1,17
30728952,16,27,43
30979516,16,0,16
31126354,16,0,16
31880558,16,0,16
32384729,16,1,17
32517403,16,0,16
32524700,16,0,16
32920313,16,3,19
34052852,16,1,17
34101591,16,0,16
34583224,16,0,16
34605070,16,5,21
34825615,16,42,58
34866143,16,0,16
35751654,16,1,17
36146461,16,1,17
36760140,16,1,17
36771189,16,104,120
37095245,16,0,16
37229237,16,0,16
37409515,16,2,18
37490814,16,0,16
37540072,16,4,20
38469172,16,6,22
38885583,16,8,24
39199572,16,1,17
39593862,16,0,16
39890009,16,3,19
40037619,16,1,17
40083800,16,14,30
40218911,16,0,16
40407057,16,1,17
40410872,16,1,17
40953407,16,0,16
41104760,16,0,16
41457954,16,1,17
41640710,16,4,20
41683292,16,0,16
41959688,16,2,18
42203731,16,0,16
42283722,16,0,16
43182702,16,1,17
43351449,16,3,19
43874073,16,0,16
44401063,16,1,17
44425430,16,1,17
44520200,16,0,16
44884844,16,1,17
45099851,16,0,16
45453221,16,1,17
45503645,16,7,23
45661807,16,0,16
45989687,16,5,21
46193096,16,1,17
46868661,16,2,18
47178745,16,0,16
47193058,16,1,17
47206195,16,6,22
47210070,16,0,16
47865182,16,3,19
48308217,16,0,16
48395396,16,0,16
48637571,16,0,16
50153822,16,0,16
50831585,16,0,16
51244305,16,1,17
51489067,16,0,16
51629015,16,0,16
51844779,16,0,16
51915336,16,2,18
53486967,16,0,16
53935500,16,3,19
55364459,16,208,224
55853059,16,54,70
56907829,16,1,17
59140216,16,0,16
60229776,16,3,19
60286717,16,0,16
60366403,16,0,16
61206499,16,1,17
63007815,16,0,16
63528313,16,2,18
64859158,16,4,20
66858909,16,1,17
67113610,16,3,19
67182312,16,0,16
69025232,16,0,16
69182771,16,0,16
70108838,16,1,17
70489691,16,0,16
70512796,16,1,17
72861809,16,4,20
74007589,16,2,18
74495978,16,1,17
75811600,16,0,16
77898077,16,0,16
78490815,16,3,19
81406748,16,0,16
81602176,16,4,20
82925241,16,1,17
83063878,16,1,17
87325840,16,0,16
88312530,16,0,16
88864364,16,3,19
91273583,16,2,18
92427237,16,1,17
93226754,16,0,16
94848564,16,38,54
95580976,16,0,16
95727566,16,1,17
96369874,16,0,16
96463885,16,0,16
96476726,16,3,19
96549745,16,3,19
100363260,16,2,18
101640907,16,6,22
101761135,16,1,17
103065252,16,0,16
104315028,16,1,17
104944305,16,1,17
105657541,16,0,16
107620090,16,1,17
108099703,16,2,18
108265218,16,0,16
109057738,16,2,18
110444352,16,1,17
111266876,16,2,18
111421228,16,1,17
112250126,16,3,19
113003059,16,5,21
113326816,16,0,16
114038919,16,0,16
115205601,16,2,18
115819256,16,40,56
117948113,16,0,16
118717877,16,3,19
121932562,16,3,19
123144263,16,7,23
123411969,16,17,33
123786241,16,0,16
126664025,16,1,17
127058061,16,0,16
130600530,16,2,18
131065699,16,0,16
132255502,16,1,17
132714235,16,0,16
133490383,16,1,17
134229643,16,0,16
136457053,16,0,16
137222083,16,0,16
137469793,16,3,19
137690167,16,3,19
139719874,16,0,16
140170747,16,4,20
140576694,16,1,17
142348663,16,0,16
142388057,16,0,16
142488183,16,1,17
143182513,16,0,16
144882045,16,0,16
146552379,16,67,83
149283016,16,1,17
150259898,16,0,16
150974182,16,1,17
155375958,16,0,16
158201879,16,2,18
158744829,16,3,19
159235547,16,0,16
160213508,16,0,16
162114552,16,1,17
167445839,16,0,16
167633911,16,0,16
168418797,16,1,17
171143408,16,0,16
171530695,16,3,19
173435768,16,2,18
173830574,16,0,16
175610607,16,0,16
176081577,16,0,16
176399002,16,1,17
178195293,16,0,16
179077911,16,0,16
184263574,16,0,16
184963882,16,8,24
185034929,16,1,17
185384093,16,1,17
185680503,16,2,18
187494576,16,0,16
187578767,16,1,17
188952581,16,0,16
189471098,16,2,18
192309131,16,0,16
192362709,16,1,17
192913862,16,1,17
192979771,16,1,17
196341304,16,9,25
196538976,16,4,20
198887163,16,0,16
199152115,16,4,20
201429995,16,2,18
204581663,16,1,17
204629577,16,0,16
207130902,16,0,16
209609597,16,20,36
211868425,16,0,16
211908080,16,1,17
213957512,16,1,17
215504885,16,0,16
216359285,16,0,16
221016297,16,1,17
221728295,16,1,17
221933545,16,0,16
222382498,16,0,16
222457900,16,3,19
224113132,16,0,16
226628296,16,0,16
226753401,16,3,19
227546698,16,0,16
228402205,16,0,16
228949567,16,1,17
230474638,16,12,28
231076439,16,0,16
234210040,16,0,16
234518211,16,1,17
234841262,16,21,37
236635912,16,0,16
240248851,16,1,17
240541799,16,1,17
240877748,16,2,18
241235167,16,1,17
242147639,16,3,19
244194764,16,0,16
246622539,16,0,16
247556352,16,1,17
247902161,16,0,16
247933127,16,0,16
250395409,16,0,16
250804389,16,0,16
250832467,16,1,17
253340432,16,71,87
254930104,16,2,18
256836579,16,2,18
258188346,16,2,18
260271000,16,9,25
260832250,16,0,16
260837279,16,0,16
263692373,16,0,16
266773693,16,0,16
267103266,16,1,17
271724092,16,0,16
271927117,16,2,18
272100406,16,2,18
272558204,16,0,16
274253864,16,9,25
278134227,16,0,16
279271779,16,0,16
284468784,16,1,17
284554824,16,0,16
285345984,16,0,16
287049739,16,2,18
294996030,16,0,16
296845074,16,2,18
300989278,16,0,16
301125660,16,7,23
302893855,16,0,16
303711122,16,2,18
304990238,16,0,16
305401065,16,7,23
305430740,16,1,17
305500037,16,3,19
308520434,16,0,16
308847854,16,2,18
309507255,16,0,16
310019709,16,0,16
312331735,16,8,24
313649334,16,0,16
314459108,16,0,16
315878798,16,23,39
316578266,16,102,118
320351900,16,2,18
322802128,16,120,136
323665834,16,5,21
326302727,16,1,17
327291999,16,0,16
330382888,16,18,34
331370204,16,3,19
334282175,16,0,16
334984710,16,0,16
335395983,16,0,16
336603273,16,0,16
338031989,16,2,18
339341358,16,3,19
340987580,16,1,17
341587981,16,13,29
342678370,16,0,16
345402650,16,0,16
348256779,16,2,18
354993695,16,0,16
358183099,16,0,16
358891775,16,0,16
359380842,16,0,16
361240640,16,0,16
373266120,16,0,16
373946754,16,0,16
375996958,16,2,18
380428148,16,0,16
382925348,16,0,16
384852760,16,63,79
386321943,16,0,16
387379421,16,0,16
391128732,16,0,16
391627155,16,0,16
392532561,16,1,17
392897999,16,0,16
393493649,16,0,16
395086166,16,1,17
399097938,16,1,17
399770251,16,2,18
402253671,16,0,16
407065731,16,151,167
408210883,16,0,16
409571529,16,1,17
413110177,16,0,16
414010452,16,55,71
414377015,16,0,16
418463502,16,1,17
427591520,16,1,17
428486349,16,30,46
430925352,16,0,16
431180818,16,0,16
431320133,16,3,19
432853114,16,4,20
434681649,16,1,17
436237971,16,3,19
437351921,16,0,16
439199052,16,0,16
453434183,16,0,16
456544490,16,0,16
458658954,16,1,17
461231528,16,0,16
462705896,16,0,16
463423541,16,7,23
466182968,16,6,22
467190577,16,0,16
468841864,16,3,19
469809333,16,2,18
469887806,16,0,16
485771557,16,1,17
488578718,16,31,47
491876567,16,1,17
493413450,16,2,18
497267629,16,0,16
498592890,16,0,16
499342833,16,0,16
500205853,16,1,17
500825161,16,4,20
506867679,16,1,17
514840946,16,1,17
518073837,16,0,16
521407671,16,1,17
523409160,16,23,39
523444665,16,0,16
524655367,16,0,16
525630064,16,0,16
525644236,16,2,18
525656191,16,0,16
526017873,16,1,17
526639915,16,1,17
526771609,16,0,16
527045624,16,0,16
529554812,16,0,16
531686758,16,6,22
532350416,16,1,17
533535507,16,0,16
535523641,16,0,16
537659229,16,0,16
541776775,16,0,16
542153653,16,3,19
546451096,16,1,17
553442966,16,2,18
553549148,16,4,20
556250249,16,0,16
558804104,16,1,17
562527600,16,5,21
563280248,16,2,18
565564688,16,0,16
578348491,16,0,16
579221658,16,0,16
582816559,16,0,16
585968039,16,0,16
589352994,16,3,19
589702477,16,2,18
590383725,16,2,18
592903683,16,3,19
594565041,16,1,17
596988433,16,0,16
597608194,16,0,16
611300843,16,0,16
611621888,16,0,16
615063716,16,1,17
618400592,16,1,17
628681061,16,4,20
628974330,16,2,18
632544849,16,6,22
633051933,16,0,16
700630947,16,0,16
701439590,16,1,17
705547471,16,0,16
705564782,16,90,106
709125840,16,1,17
712723506,16,2,18
713101027,16,0,16
719024137,16,0,16
720319694,16,0,16
726777476,16,1,17
727403658,16,0,16
729793134,16,13,29
740690785,16,0,16
744085244,16,0,16
745871496,16,0,16
754135908,16,60,76
762161982,16,0,16
764693912,16,0,16
783366373,16,0,16
794729790,16,2,18
801558991,16,27,43
804041095,16,2,18
811628198,16,0,16
818086818,16,0,16
820711196,16,0,16
826091713,16,1,17
828515774,16,0,16
831334795,16,0,16
831403332,16,0,16
836196590,16,3,19
842591886,16,0,16
848162755,16,1,17
857340684,16,1,17
859995390,16,2,18
860748115,16,1,17
866854704,16,2,18
867558302,16,5,21
871152319,16,1,17
874982761,16,0,16
881040913,16,0,16
885502069,16,0,16
885689898,16,2,18
894097136,16,0,16
902319876,16,1,17
911441450,16,3,19
925198759,16,0,16
926383879,16,26,42
933529471,16,8,24
943784629,16,0,16
950669815,16,0,16
952346700,16,0,16
971314926,16,3,19
972913693,16,0,16
989143826,16,1,17
990117218,16,1,17
991906664,16,1,17
992415788,16,1,17
992418211,16,0,16
1009753356,16,0,16
1010576666,16,0,16
1013816983,16,0,16
1036073851,16,0,16
1045152924,16,0,16
1054000729,16,1,17
1074412741,16,1,17
1090617691,16,0,16
1099886172,16,0,16
1099911368,16,0,16
1101260046,16,0,16
1120928966,16,0,16
1121041207,16,0,16
1123298202,16,0,16
1133990527,16,0,16
1140923334,16,2,18
1155187514,16,2,18
1170835550,16,1,17
1177089950,16,2,18
1177305456,16,2,18
1187303720,16,0,16
1191551504,16,1,17
1198993620,16,0,16
1199444118,16,0,16
1201385401,16,3,19
1205637763,16,2,18
1226337056,16,0,16
1226575850,16,2,18
1231063938,16,0,16
1242448184,16,3,19
1244940750,16,0,16
1249138614,16,0,16
1261865556,16,1,17
1284817364,16,0,16
1297160756,16,0,16
1306341967,16,2,18
1315215290,16,1,17
1339636518,16,0,16
1350260952,16,2,18
1350838814,16,0,16
1352501647,16,3,19
1368266503,16,0,16
1371382580,16,2,18
1391083603,16,0,16
1402569169,16,3,19
1405536954,16,2,18
1428245454,16,27,43
1428750181,16,4,20
1436383542,16,0,16
1439415132,16,0,16
1461593689,16,0,16
1480938668,16,2,18
1488824611,16,0,16
1497426696,16,1,17
1517853098,16,3,19
1520120174,16,0,16
1533875574,16,31,47
1536429432,16,0,16
1541810790,16,0,16
1546365578,16,14,30
1549646784,16,2,18
1551281456,16,0,16
1553662393,16,2,18
1564887174,16,0,16
1571415415,16,1,17
1572753211,16,31,47
1589598432,16,0,16
1609314476,16,2,18
1609603213,16,2,18
1627096298,16,1,17
1634104609,16,3,19
1643372954,16,0,16
1651812188,16,2,18
1655392543,16,1,17
1656232657,16,1,17
1657026456,16,0,16
1666293420,16,1,17
1677107869,16,0,16
1691989070,16,1,17
1706287950,16,0,16
1736256206,16,1,17
1864025971,16,0,16
1885408069,16,0,16
1887728492,16,2,18
1904088906,16,1,17
1922383902,16,2,18
1924526202,16,1,17
1939857116,16,0,16
1941634514,16,11,27
1954914690,16,1,17
1961611543,16,0,16
1974376430,16,0,16
2149187136,16,0,16
2151197595,16,0,16
2167457869,16,1,17
2168339228,16,4,20
2176495019,16,0,16
2184099044,16,0,16
2204089021,16,39,55
2210466440,16,1,17
2221686996,16,10,26
2229119851,16,0,16
2247762848,16,5,21
2251110438,16,0,16
2252507200,16,0,16
2267824729,16,0,16
2287366542,16,1,17
2296153657,16,3,19
2299805002,16,0,16
2312629360,16,0,16
2316510456,16,0,16
2317758254,16,0,16
2322061000,16,0,16
2324438203,16,0,16
2326507813,16,8,24
2343038408,16,0,16
2349040381,16,32,48
2349823937,16,2,18
2355819120,16,5,21
2359950842,16,2,18
2369663047,16,0,16
2370461894,16,3,19
2380549591,16,0,16
2383153776,16,1,17
2385687918,16,0,16
2389965782,16,0,16
2391126823,16,0,16
2396900088,16,1,17
2400327835,16,1,17
2411243293,16,0,16
2416607574,16,0,16
2422201032,16,0,16
2423067464,16,25,41
2427696800,16,1,17
2437473804,16,0,16
2441304533,16,80,96
2445309506,16,0,16
2449933674,16,0,16
2456819246,16,2,18
2457164720,16,0,16
2485147661,16,0,16
2490062928,16,0,16
2494227602,16,1,17
2495936003,16,0,16
2501885184,16,1,17
2503212930,16,0,16
2523313824,16,66,82
2525915053,16,0,16
2536713494,16,0,16
2547381468,16,0,16
2581758266,16,2,18
2595930770,16,1,17
2597948622,16,0,16
2607910416,16,0,16
2611184223,16,4,20
2614101470,16,2,18
2621487040,16,1,17
2643265624,16,0,16
2664984804,16,1,17
2683249604,16,0,16
2705305118,16,7,23
2719194484,16,3,19
2720586630,16,46,62
2727791899,16,15,31
2741977362,16,1,17
2765867772,16,0,16
2776280441,16,1,17
2781738769,16,1,17
2790691692,16,1,17
2801142899,16,0,16
2815575734,16,0,16
2820963171,16,0,16
2834256081,16,0,16
2835640580,16,0,16
2841405708,16,0,16
2846920197,16,0,16
2848441504,16,1,17
2855034976,16,0,16
2861962451,16,0,16
2878768800,16,4,20
2886229029,16,0,16
2887465954,16,0,16
2891911385,16,1,17
2891985448,16,1,17
2911584743,16,0,16
2930191855,16,1,17
2931973490,16,2,18
2946380788,16,0,16
2949356537,16,2,18
2950384738,16,0,16
2951650024,16,0,16
2954362544,16,0,16
2954658153,16,0,16
2955182857,16,0,16
2955680897,16,0,16
2957834513,16,5,21
2959943312,16,0,16
2960002796,16,0,16
2960698066,16,0,16
2971798906,16,0,16
2973434993,16,0,16
2975722854,16,4,20
2979635170,16,0,16
2986665808,16,2,18
2988887736,16,3,19
2989082161,16,1,17
2991880292,16,1,17
3004611981,16,0,16
3007910217,16,0,16
3013025071,16,34,50
3035050503,16,29,45
3038162049,16,0,16
3039579287,16,16,32
3040523064,16,3,19
3048230120,16,0,16
3048311150,16,5,21
3048696842,16,0,16
3051525488,16,1,17
3062173249,16,2,18
3069681082,16,0,16
3074268848,16,1,17
3076414425,16,16,32
3082531732,16,2,18
3083161148,16,1,17
3083798229,16,0,16
3084038139,16,1,17
3097452136,16,0,16
3098633816,16,95,111
3131742505,16,6,22
3153759025,16,0,16
3154626832,16,0,16
3158376637,16,0,16
3166063806,16,0,16
3179698566,16,0,16
3182542934,16,0,16
3188650714,16,0,16
3192605996,16,2,18
3222278001,16,3,19
3227484185,16,1,17
3228619837,16,2,18
3231472499,16,1,17
3232003635,16,0,16
3234295855,16,15,31
3234488267,16,3,19
3239557565,16,0,16
3243417940,16,3,19
3248499709,16,2,18
3254370702,16,0,16
3259395934,16,2,18
3267813259,16,2,18
3273280238,16,7,23
3290712925,16,0,16
3293018744,16,5,21
3294546230,16,0,16
3299417422,16,1,17
3299974706,16,2,18
3300720066,16,2,18
3301125478,16,2,18
3303171969,16,0,16
3306272207,16,1,17
3309041036,16,1,17
3309746437,16,1,17
3310596380,16,0,16
3312926479,16,0,16
3315899976,16,3,19
3315915496,16,1,17
3321056655,16,1,17
3321522151,16,0,16
3325439054,16,0,16
3326187167,16,0,16
3332621387,16,4,20
3342318723,16,2,18
3344058732,16,0,16
3374730436,16,0,16
3377338395,16,3,19
3385796296,16,0,16
3386144187,16,1,17
3390324809,16,35,51
3394522377,16,0,16
3398001239,16,0,16
3399891132,16,0,16
3402040767,16,0,16
3403559897,16,2,18
3404611078,16,0,16
3407711843,16,1,17
3415038574,16,0,16
3419149029,16,0,16
3419970249,16,1,17
3425065571,16,0,16
3436428207,16,0,16
3441460515,16,1,17
3455541672,16,0,16
3480922277,16,0,16
3540668052,16,2,18
3568469379,16,0,16
3605539156,16,0,16
3607014433,16,1,17
3642820995,16,1,17
3738781344,16,0,16
3789299356,16,167,183
3795916280,16,91,107
3885753673,16,2,18
3891181454,16,1,17
3948968715,16,0,16
4005092840,16,81,97
4014764772,16,0,16
4021000228,16,3,19
4050743122,16,12,28
4056036501,16,2,18
4068555947,16,2,18
4092771273,16,0,16
4122249809,16,0,16
4129925714,16,5,21
4144003185,16,3,19
4169367017,16,1,17
4170203713,16,0,16
4183453293,16,0,16
4198152689,16,0,16
4207838237,16,1,17
4218329141,16,0,16
4230344434,16,0,16
4236041892,16,0,16
4236653893,16,2,18
4238567247,16,0,16
4251338118,16,1,17
4254271933,16,1,17
4260688751,16,0,16
4260880996,16,1,17
4261786212,16,23,39
4281570916,16,33,49
4288328778,16,1,17
4288831515,16,0,16
4299703995,16,0,16
4328643374,16,0,16
4354651457,16,1,17
4356521955,16,2,18
4368887532,16,0,16
4369873220,16,1,17
4386427643,16,2,18
4408175009,16,3,19
4442992814,16,1,17
4483376954,16,0,16
4496070142,16,1,17
4502852418,16,2,18
4507100297,16,1,17
4516730846,16,0,16
4536649529,16,1,17
4554958937,16,1,17
4556760676,16,0,16
4587350532,16,6,22
4609062205,16,0,16
4643860580,16,1,17
4670319246,16,2,18
4703993852,16,0,16
4755442692,16,1,17
4763927952,16,0,16
4767059000,16,2,18
4771860976,16,1,17
4798486641,16,0,16
4817658812,16,0,16
4819885773,16,0,16
4822536123,16,3,19
4825794748,16,1,17
4832318893,16,0,16
4838243939,16,0,16
4843793211,16,1,17
4846405135,16,5,21
4847825488,16,3,19
4851276082,16,5,21
4855348395,16,1,17
4858309627,16,0,16
4860537862,16,1,17
4863860536,16,4,20
4866912910,16,1,17
4872434897,16,0,16
4875704002,16,1,17
4884026140,16,0,16
4885197972,16,5,21
4903259482,16,1,17
4907850459,16,0,16
4912718010,16,3,19
4926116489,16,3,19
694782973720170496,16,0,16
700435164443254784,16,2,18
702586202025803777,16,1,17
703349256724152320,16,0,16
703398850900299776,16,7,23
703421609630105600,16,2,18
703781523829493760,16,2,18
703907049277689857,16,1,17
704395080145231877,16,0,16
704482448630005760,16,1,17
705394978088824834,16,0,16
705483630882246660,16,2,18
705522295058649089,16,0,16
705544558210359296,16,2,18
705794670454898691,16,1,17
705899613681807360,16,0,16
705908279604477952,16,1,17
706287175583686656,16,0,16
706312326283014145,16,14,30
706640654802276353,16,1,17
707066578332983297,16,0,16
707543656832471040,16,0,16
708119970291384320,16,2,18
708819563950039040,16,1,17
709475563618983936,16,1,17
709744715973926912,16,2,18
710194271937114112,16,0,16
710237263406485507,16,0,16
710243513951096832,16,0,16
710668475811962880,16,0,16
710873370255106048,16,1,17
711683229795811328,16,0,16
712188908994334720,16,0,16
712752235860484096,16,0,16
713494070862155776,16,0,16
713514828946477056,16,0,16
713720392393875456,16,2,18
713720632874237952,16,3,19
714198829998821376,16,20,36
716398108649865216,16,1,17
716741847469670400,16,0,16
717491773795393537,16,4,20
718194213519826944,16,0,16
719215656260866048,16,0,16
719604531433238528,16,2,18
721145448694571009,16,0,16
722214946071662593,16,0,16
722488382027214848,16,2,18
722538733078126592,16,0,16
722875241081413632,16,0,16
722956907976118272,16,3,19
723159660522434560,16,3,19
723929245710475264,16,0,16
725852792053616641,16,3,19
726586992683810817,16,4,20
727883101347692544,16,1,17
728485446871703552,16,1,17
728729515204194304,16,0,16
729864320239206401,16,1,17
730092476376092673,16,4,20
730200301374836736,16,0,16
732193702333009921,16,1,17
733038955323625472,16,0,16
733309260793286656,16,27,43
733868373126356992,16,1,17
734123781292167172,16,109,125
734147873315520512,16,0,16
735241904787361792,16,0,16
735578612246577153,16,0,16
735690181882175489,16,1,17
737319832744431616,16,0,16
737428078159265792,16,0,16
737850885959733248,16,1,17
738398452531363840,16,0,16
738515496736161794,16,1,17
738751364277391360,16,104,120
739230417946021888,16,0,16
739398659893268480,16,1,17
739664413330804737,16,0,16
739770634360782848,16,0,16
740206796531486720,16,0,16
740527558454849536,16,0,16
740551162621919233,16,0,16
741382040357097473,16,0,16
742055549932445696,16,0,16
742079834143227905,16,0,16
742786620194099200,16,3,19
742947873730531328,16,0,16
743077316679454720,16,1,17
743239346409570304,16,0,16
743931428132560898,16,0,16
744040300075716608,16,0,16
744134265227612160,16,0,16
744238030937030656,16,0,16
744281884310405120,16,20,36
745063531410767872,16,1,17
745304896862195714,16,1,17
745459492515520514,16,0,16
746736462050267136,16,1,17
747084744148590592,16,0,16
747200707527311360,16,1,17
748515255169359874,16,1,17
748718521689911296,16,0,16
749705355693731840,16,0,16
749820055144263680,16,19,35
750134495022546944,16,1,17
750351717921730561,16,2,18
750508000293556226,16,0,16
750527070585913344,16,0,16
750836216195604480,16,0,16
751272706167812096,16,0,16
751495917975502849,16,0,16
753408759758630912,16,0,16
754471601396068352,16,4,20
754610315887685632,16,0,16
754780477312098304,16,2,18
755163634041401344,16,0,16
755844443555508229,16,2,18
755900963685216256,16,0,16
756214713696989184,16,1,17
757598133882916864,16,0,16
757723942178004993,16,0,16
757961401180819456,16,0,16
758818543001440256,16,2,18
759100984970838017,16,1,17
759401970578915329,16,0,16
759428272132284417,16,0,16
759511663116709888,16,16,32
759908563187740674,16,3,19
760089723893194752,16,0,16
760275687945150464,16,0,16
760304521553653760,16,0,16
760417451708444672,16,1,17
760884617712771072,16,2,18
760938412450848769,16,0,16
762642153981878272,16,0,16
763805148938285056,16,0,16
763844670422126592,16,0,16
764339051172200448,16,0,16
764638757593112577,16,1,17
765001215750963201,16,0,16
765027984709332992,16,0,16
766797083290456064,16,1,17
767733852961845248,16,0,16
768172191485661184,16,0,16
768573864020443139,16,0,16
769238743563862016,16,0,16
769613135217057794,16,0,16
770710825111814144,16,0,16
771149628024565760,16,1,17
771316046015803394,16,0,16
772375457664757760,16,0,16
772586621535256576,16,0,16
773224952828923912,16,5,21
773357135971356672,16,2,18
773456922758504449,16,0,16
773767013609172992,16,0,16
773858182523396098,16,0,16
774025469847101440,16,0,16
774032786932035584,16,0,16
774174227209400325,16,2,18
774759598699876352,16,0,16
775156374460170240,16,0,16
775408517469630465,16,1,17
775409767321772032,16,0,16
777548430503653376,16,24,40
778781732812132352,16,0,16
778937164860186624,16,0,16
780428100085526529,16,2,18
780817940308295681,16,3,19
782035508658667521,16,2,18
782331913881001984,16,0,16
782711447105273856,16,0,16
782858617418428416,16,6,22
783460176292478977,16,0,16
783747023145017344,16,2,18
784137856713228288,16,0,16
784210643427725313,16,1,17
784776943174553601,16,4,20
785314787366502400,16,0,16
785435917397925888,16,0,16
785623230862200832,16,0,16
786213333670047744,16,0,16
786675987425718272,16,0,16
787151120925941760,16,0,16
787408923166904320,16,0,16
788083321360220160,16,1,17
788569298910326785,16,0,16
789564178893725696,16,0,16
789567258301521921,16,1,17
789569939619385344,16,0,16
791409932516073472,16,0,16
791535569985605632,16,1,17
792232694797242368,16,0,16
793958545947561984,16,1,17
794801385594298368,16,0,16
795245115061235712,16,0,16
796702428720664576,16,0,16
796762033165193216,16,0,16
797851915333685249,16,0,16
798448993663533056,16,0,16
799516264012115968,16,0,16
4937061,15,26,41
7053452,15,0,15
8057892,15,15,30
11353012,15,2,17
13209362,15,0,15
13568282,15,0,15
14137559,15,0,15
14652995,15,0,15
15212736,15,49,64
15248759,15,3,18
15256692,15,0,15
15327294,15,2,17
15403199,15,1,16
15468048,15,10,25
15724305,15,0,15
15771033,15,0,15
15975316,15,11,26
15987245,15,0,15
16022444,15,5,20
16086265,15,0,15
16166128,15,3,18
16208604,15,2,17
16224540,15,25,40
16419554,15,0,15
16569075,15,3,18
16601559,15,2,17
16667056,15,0,15
16705739,15,39,54
16763018,15,1,16
17027924,15,54,69
17194090,15,35,50
17249962,15,71,86
17292374,15,4,19
17399993,15,0,15
17675012,15,0,15
17769201,15,1,16
17848133,15,2,17
17931424,15,10,25
18080108,15,3,18
18263606,15,2,17
18275107,15,2,17
18347836,15,0,15
18380492,15,0,15
18511844,15,0,15
18612314,15,1,16
18991429,15,2,17
19017283,15,5,20
19094857,15,3,18
19486234,15,2,17
20206173,15,4,19
20291821,15,0,15
20577527,15,0,15
20983355,15,3,18
20998010,15,0,15
21051642,15,0,15
21155483,15,55,70
21372910,15,0,15
21517837,15,0,15
21631487,15,4,19
21675819,15,0,15
21765641,15,0,15
22067083,15,0,15
22089171,15,1,16
22140483,15,0,15
22401113,15,0,15
22472243,15,0,15
22573088,15,0,15
22718922,15,53,68
22922330,15,0,15
23088656,15,0,15
23139855,15,0,15
23302751,15,3,18
23559325,15,0,15
23719629,15,0,15
25651451,15,0,15
25820175,15,1,16
26068217,15,2,17
26403171,15,0,15
26495540,15,0,15
26514034,15,2,17
26546985,15,0,15
27087581,15,0,15
27404671,15,0,15
27561930,15,1,16
28509393,15,0,15
28548999,15,1,16
28680340,15,0,15
28837597,15,0,15
29107017,15,7,22
29351788,15,2,17
29611208,15,0,15
30149991,15,0,15
30182111,15,11,26
31136691,15,2,17
31265409,15,41,56
31486321,15,0,15
31537809,15,2,17
31583837,15,0,15
31756169,15,2,17
32068770,15,0,15
32415221,15,3,18
32749308,15,7,22
32976847,15,0,15
33049958,15,1,16
33448946,15,1,16
33462040,15,0,15
33528800,15,0,15
33892897,15,0,15
34729212,15,0,15
34766357,15,0,15
34974207,15,0,15
35028052,15,2,17
35134562,15,1,16
36162923,15,0,15
36574486,15,7,22
36844168,15,0,15
36928388,15,2,17
37180472,15,3,18
37306357,15,0,15
37355843,15,1,16
37381180,15,34,49
37440465,15,0,15
37502757,15,3,18
37575562,15,0,15
37738671,15,2,17
37800781,15,1,16
38874173,15,0,15
39413891,15,0,15
40599597,15,0,15
41802500,15,1,16
41840886,15,0,15
42096193,15,0,15
42291979,15,0,15
42916923,15,6,21
43025190,15,2,17
44183682,15,0,15
44672373,15,0,15
44916775,15,1,16
45453701,15,0,15
45572084,15,0,15
45684760,15,1,16
45754706,15,0,15
46110026,15,0,15
46966049,15,0,15
48098530,15,30,45
48273540,15,7,22
48336703,15,6,21
48354791,15,4,19
48499287,15,4,19
48503842,15,0,15
49027519,15,0,15
49439070,15,0,15
49475369,15,0,15
49564360,15,0,15
49919584,15,2,17
50573579,15,0,15
51111575,15,3,18
51607692,15,2,17
52775821,15,1,16
53307596,15,1,16
54902588,15,1,16
55381915,15,0,15
55414986,15,13,28
55999144,15,0,15
56136366,15,0,15
56275127,15,2,17
57465698,15,2,17
58690829,15,0,15
59294920,15,1,16
60464113,15,0,15
60581110,15,4,19
60694227,15,0,15
61112850,15,4,19
61550544,15,0,15
62829146,15,4,19
62873590,15,0,15
63192711,15,1,16
64947971,15,0,15
65019775,15,0,15
65490861,15,1,16
66894977,15,1,16
68112791,15,0,15
69076530,15,1,16
70843212,15,6,21
71266895,15,0,15
71394131,15,4,19
72647147,15,1,16
74361371,15,0,15
74621194,15,0,15
77140255,15,0,15
80963391,15,22,37
81275807,15,0,15
81279355,15,0,15
81820835,15,4,19
82673619,15,0,15
82901787,15,10,25
82977318,15,0,15
83303123,15,4,19
83420146,15,0,15
83473354,15,1,16
83989145,15,0,15
85022028,15,1,16
86444548,15,5,20
87518903,15,1,16
88230801,15,0,15
89362111,15,1,16
89568925,15,0,15
89728787,15,1,16
89967445,15,0,15
94657218,15,2,17
97044552,15,0,15
98708779,15,2,17
98718069,15,10,25
98763982,15,17,32
100678690,15,15,30
104380273,15,0,15
105807298,15,0,15
105873327,15,1,16
107114864,15,0,15
107265071,15,0,15
108957671,15,0,15
110226860,15,1,16
111008993,15,0,15
111206460,15,0,15
111618249,15,7,22
115769460,15,1,16
116596219,15,0,15
116858501,15,0,15
118189149,15,1,16
118322302,15,0,15
121825148,15,0,15
123886905,15,22,37
123904445,15,1,16
124365333,15,0,15
124679061,15,3,18
125180028,15,1,16
125541187,15,1,16
125632328,15,188,203
125848454,15,16,31
126097335,15,1,16
127239057,15,5,20
127339365,15,0,15
129480288,15,1,16
131757521,15,22,37
132220999,15,1,16
132416162,15,0,15
132976110,15,0,15
133150603,15,0,15
133381409,15,4,19
133604695,15,0,15
134266209,15,0,15
134759961,15,0,15
136492629,15,1,16
137455850,15,2,17
138476060,15,1,16
139805230,15,1,16
143410013,15,0,15
143675481,15,0,15
143905862,15,2,17
144878180,15,3,18
145200095,15,1,16
146590158,15,0,15
149241602,15,0,15
152445218,15,0,15
152777701,15,0,15
154193489,15,0,15
155621001,15,1,16
156488043,15,3,18
157375025,15,1,16
158288741,15,1,16
158449295,15,1,16
159642842,15,1,16
159739516,15,0,15
160238978,15,14,29
160984682,15,0,15
161634424,15,0,15
161805706,15,0,15
165283481,15,0,15
166744008,15,1,16
167507211,15,1,16
168908163,15,4,19
169057854,15,0,15
171590750,15,1,16
174834678,15,3,18
174901309,15,0,15
177951261,15,0,15
178485644,15,0,15
179735140,15,0,15
180538911,15,1,16
185505217,15,2,17
187595513,15,0,15
189491262,15,0,15
191868171,15,1,16
191889748,15,3,18
192329667,15,10,25
192750449,15,0,15
192932586,15,4,19
193590938,15,1,16
196485169,15,0,15
196802928,15,125,140
198739013,15,0,15
199924232,15,94,109
200556904,15,0,15
202580424,15,1,16
206308167,15,2,17
208110094,15,2,17
209297825,15,6,21
209667075,15,7,22
210342473,15,2,17
211031794,15,21,36
214055923,15,0,15
215210215,15,1,16
215638826,15,0,15
215817792,15,1,16
218360927,15,1,16
221402136,15,1,16
226109322,15,0,15
228015335,15,130,145
229870631,15,0,15
231169484,15,73,88
233753611,15,1,16
233933230,15,4,19
234212106,15,5,20
234306352,15,33,48
237074736,15,0,15
237359015,15,0,15
239550784,15,0,15
242249661,15,0,15
242419182,15,0,15
244104169,15,51,66
244754634,15,20,35
245598207,15,1,16
245742125,15,0,15
246225908,15,0,15
247219290,15,0,15
251294222,15,2,17
252714778,15,1,16
253362439,15,0,15
253598513,15,3,18
259094582,15,18,33
259426992,15,1,16
260549383,15,0,15
260724365,15,11,26
260826738,15,0,15
261093402,15,0,15
262732844,15,0,15
264199679,15,5,20
266216381,15,1,16
266948718,15,0,15
272182722,15,1,16
273121006,15,0,15
275409506,15,1,16
280848678,15,7,22
281186804,15,0,15
281582041,15,4,19
283324428,15,0,15
283568421,15,0,15
283693065,15,0,15
283712056,15,1,16
289851944,15,2,17
290751155,15,6,21
291206418,15,0,15
291257996,15,1,16
291865105,15,0,15
292108110,15,0,15
292632842,15,1,16
297111224,15,22,37
298806482,15,0,15
304094331,15,0,15
304741321,15,4,19
305719688,15,2,17
305730520,15,0,15
306089200,15,0,15
307501105,15,6,21
308392991,15,1,16
308698101,15,31,46
308809136,15,27,42
311910862,15,31,46
315073604,15,0,15
316068886,15,0,15
319870311,15,1,16
322673249,15,0,15
323543521,15,0,15
329247033,15,2,17
329299147,15,1,16
329764906,15,25,40
330698933,15,0,15
336724624,15,0,15
336928080,15,0,15
343883430,15,0,15
345340740,15,0,15
345953160,15,0,15
346946582,15,0,15
349284744,15,1,16
351281151,15,0,15
355569274,15,3,18
355588991,15,0,15
356977181,15,0,15
358785126,15,1,16
359352020,15,2,17
359703527,15,2,17
361012054,15,2,17
362194716,15,0,15
364041281,15,0,15
366163310,15,71,86
366961153,15,0,15
367021773,15,0,15
372596280,15,1,16
373375154,15,8,23
373445899,15,6,21
375602531,15,0,15
378326413,15,1,16
379869831,15,27,42
379954624,15,9,24
383745024,15,0,15
390576798,15,2,17
391107481,15,2,17
398382457,15,0,15
402088101,15,1,16
411133921,15,17,32
411873397,15,0,15
413082565,15,1,16
414779767,15,1,16
415117769,15,0,15
419298176,15,0,15
419322822,15,4,19
420842266,15,0,15
428015407,15,0,15
429776032,15,0,15
429914633,15,123,138
430247366,15,2,17
430579114,15,14,29
431021668,15,0,15
436046160,15,0,15
437136022,15,3,18
437863554,15,1,16
437976104,15,0,15
447901259,15,0,15
448110520,15,4,19
450456574,15,0,15
458541895,15,2,17
459377073,15,0,15
459808988,15,7,22
463291599,15,0,15
469022809,15,3,18
472239477,15,0,15
472470717,15,0,15
474607359,15,0,15
474994622,15,0,15
476116249,15,2,17
477389338,15,7,22
481645650,15,0,15
481680614,15,1,16
481725816,15,4,19
483360857,15,42,57
483414137,15,0,15
483801298,15,0,15
485084898,15,4,19
486199439,15,0,15
490910538,15,1,16
493552385,15,1,16
495738748,15,0,15
495990888,15,2,17
497369817,15,4,19
500191750,15,1,16
500368977,15,4,19
502083228,15,0,15
502921274,15,1,16
504585035,15,1,16
505918122,15,0,15
507005896,15,3,18
509370540,15,3,18
519670291,15,0,15
519951175,15,0,15
525041762,15,1,16
525685170,15,2,17
525774964,15,0,15
527009772,15,3,18
531198081,15,2,17
531288644,15,0,15
531470153,15,1,16
536624155,15,0,15
547089105,15,6,21
548705374,15,0,15
554497503,15,2,17
555189098,15,1,16
557175261,15,57,72
561223753,15,1,16
562927744,15,1,16
565173729,15,0,15
566936555,15,3,18
570082713,15,2,17
574498841,15,0,15
574561631,15,0,15
575649944,15,2,17
575876864,15,0,15
576540754,15,0,15
581132385,15,1,16
581186129,15,1,16
587634506,15,1,16
587913152,15,0,15
591422285,15,0,15
593360775,15,3,18
594683030,15,1,16
604016671,15,4,19
606804764,15,1,16
613645325,15,16,31
616076314,15,1,16
617503082,15,0,15
621400341,15,0,15
621422144,15,1,16
625336683,15,0,15
625610952,15,0,15
627227732,15,15,30
631974136,15,3,18
634039696,15,0,15
701717287,15,2,17
703726138,15,1,16
705302928,15,1,16
708382640,15,1,16
718420838,15,1,16
720933708,15,0,15
724455948,15,3,18
729582066,15,0,15
742917781,15,0,15
751276910,15,0,15
753498337,15,0,15
761751146,15,2,17
770886643,15,1,16
771466680,15,1,16
776566081,15,0,15
777352568,15,0,15
785462696,15,0,15
797104076,15,0,15
801505615,15,0,15
816498234,15,0,15
829973677,15,3,18
834527166,15,2,17
841278211,15,0,15
845618803,15,1,16
854762246,15,2,17
860066108,15,1,16
860736900,15,29,44
861387236,15,2,17
866152442,15,0,15
874879436,15,2,17
876147692,15,0,15
876593372,15,0,15
885480031,15,0,15
886479487,15,0,15
887694002,15,0,15
888020989,15,1,16
893408173,15,1,16
896510954,15,0,15
899281622,15,4,19
902912694,15,0,15
903272714,15,1,16
906398461,15,2,17
911132971,15,0,15
912854852,15,1,16
924296569,15,2,17
932961493,15,0,15
933326388,15,1,16
940705411,15,0,15
946104655,15,0,15
950137164,15,0,15
955304970,15,0,15
971674807,15,0,15
983393984,15,5,20
1000678674,15,23,38
1009268858,15,0,15
1012855112,15,0,15
1016203122,15,1,16
1026951212,15,0,15
1033054934,15,0,15
1035830546,15,0,15
1037981756,15,0,15
1041467953,15,0,15
1046347496,15,33,48
1068809875,15,3,18
1081917078,15,1,16
1087298454,15,0,15
1090537537,15,1,16
1090949053,15,0,15
1100239808,15,0,15
1109219245,15,2,17
1113677119,15,1,16
1114477892,15,0,15
1114498543,15,0,15
1118449106,15,0,15
1119760256,15,9,24
1123276669,15,0,15
1150005829,15,0,15
1169976930,15,0,15
1173768188,15,2,17
1195226809,15,0,15
1211250157,15,0,15
1222918302,15,0,15
1240234368,15,15,30
1250541372,15,0,15
1252439720,15,2,17
1268623633,15,2,17
1289022930,15,0,15
1300902798,15,4,19
1325435304,15,0,15
1332790873,15,0,15
1334147376,15,1,16
1335801494,15,2,17
1395519654,15,1,16
1406385260,15,4,19
1412827658,15,25,40
1416608809,15,0,15
1419133700,15,15,30
1421165305,15,2,17
1427757265,15,16,31
1442360178,15,0,15
1444154436,15,0,15
1465076010,15,0,15
1465857446,15,0,15
1473152466,15,0,15
1473637028,15,1,16
1475862068,15,0,15
1500566642,15,5,20
1516864579,15,0,15
1529296482,15,0,15
1539573439,15,0,15
1539877200,15,0,15
1548714900,15,38,53
1561748137,15,2,17
1564830780,15,2,17
1566972458,15,1,16
1572069818,15,0,15
1578260917,15,2,17
1578926892,15,1,16
1602756109,15,1,16
1605803646,15,0,15
1611740714,15,0,15
1613308716,15,0,15
1628705161,15,1,16
1630388406,15,0,15
1635639588,15,3,18
1646428351,15,1,16
1653865512,15,1,16
1668323952,15,0,15
1680787039,15,4,19
1702612033,15,0,15
1710569406,15,3,18
1713116346,15,0,15
1714291674,15,0,15
1838116152,15,0,15
1838538889,15,1,16
1840174130,15,1,16
1851724128,15,1,16
1864755553,15,63,78
1874836183,15,39,54
1902620815,15,1,16
1902744264,15,0,15
1911916754,15,3,18
1959377820,15,0,15
1959863778,15,4,19
1961714515,15,0,15
1965178524,15,0,15
1972011242,15,0,15
2158351362,15,0,15
2161513081,15,1,16
2176367849,15,0,15
2180335990,15,0,15
2187890709,15,0,15
2191568058,15,193,208
2192482406,15,2,17
2196815964,15,2,17
2198490006,15,0,15
2201496456,15,0,15
2208220569,15,0,15
2209620793,15,1,16
2224371960,15,1,16
2226498389,15,13,28
2237981508,15,1,16
2239756608,15,0,15
2254051315,15,3,18
2265056095,15,1,16
2268491845,15,1,16
2278763924,15,0,15
2280934110,15,4,19
2284791354,15,0,15
2286925580,15,0,15
2298318975,15,1,16
2306649924,15,1,16
2320282583,15,0,15
2322271843,15,1,16
2322627596,15,2,17
2324429156,15,0,15
2332235059,15,1,16
2340189013,15,0,15
2341463325,15,0,15
2345733360,15,0,15
2359962552,15,0,15
2359971156,15,1,16
2361035581,15,0,15
2365144826,15,0,15
2377679396,15,0,15
2387866316,15,0,15
2390165938,15,2,17
2395148904,15,0,15
2409414559,15,10,25
2411756245,15,0,15
2416197957,15,0,15
2418965260,15,0,15
2422473806,15,2,17
2432458718,15,2,17
2456001049,15,0,15
2456416379,15,0,15
2488361384,15,0,15
2491392374,15,0,15
2494535184,15,1,16
2496431774,15,0,15
2522314376,15,2,17
2533537206,15,1,16
2556080483,15,3,18
2560897779,15,2,17
2564602460,15,15,30
2567249148,15,0,15
2567380872,15,1,16
2568277984,15,4,19
2576228224,15,0,15
2580877686,15,0,15
2587836241,15,2,17
2604187910,15,5,20
2605729207,15,2,17
2606491464,15,0,15
2610177851,15,0,15
2612971414,15,3,18
2653470437,15,0,15
2665355906,15,0,15
2676744402,15,0,15
2678262456,15,0,15
2680343168,15,0,15
2681034206,15,0,15
2696939690,15,0,15
2701013090,15,2,17
2701302842,15,0,15
2707984935,15,0,15
2716672169,15,0,15
2723839305,15,0,15
2732059282,15,1,16
2759226287,15,0,15
2768014614,15,11,26
2773673031,15,2,17
2781000162,15,3,18
2787190267,15,0,15
2787250985,15,0,15
2793882489,15,1,16
2798791881,15,1,16
2807212838,15,1,16
2814373835,15,0,15
2815343736,15,5,20
2816931336,15,2,17
2817746302,15,0,15
2821153130,15,1,16
2821690119,15,1,16
2822947159,15,1,16
2829324315,15,0,15
2829903282,15,0,15
2837366998,15,0,15
2847275926,15,0,15
2852246867,15,1,16
2853741102,15,0,15
2856040823,15,0,15
2858292438,15,123,138
2858760822,15,0,15
2861525438,15,0,15
2865097300,15,0,15
2875990708,15,2,17
2883901746,15,0,15
2892166218,15,0,15
2895142636,15,0,15
2899652893,15,0,15
2900571793,15,1,16
2904632621,15,2,17
2915156131,15,18,33
2922963321,15,0,15
2931442110,15,0,15
2934187508,15,1,16
2941544031,15,0,15
2943153294,15,4,19
2945093643,15,1,16
2951248157,15,0,15
2954029242,15,0,15
2954152887,15,0,15
2970247138,15,0,15
2978062070,15,0,15
3012226551,15,0,15
3012968397,15,1,16
3013098503,15,5,20
3031598693,15,0,15
3033374716,15,1,16
3041965488,15,1,16
3042536098,15,0,15
3045492374,15,0,15
3053219203,15,26,41
3065694667,15,0,15
3073767893,15,0,15
3074977748,15,1,16
3075480662,15,0,15
3078628110,15,17,32
3086932586,15,84,99
3086966142,15,0,15
3103405428,15,0,15
3106462089,15,0,15
3111889034,15,43,58
3131659283,15,0,15
3142040172,15,0,15
3146355365,15,4,19
3161490206,15,0,15
3167792656,15,1,16
3168262477,15,0,15
3178600815,15,0,15
3186881174,15,1,16
3187180760,15,0,15
3198007208,15,3,18
3201496815,15,0,15
3202241423,15,9,24
3221174205,15,0,15
3231915649,15,6,21
3246902548,15,1,16
3247206079,15,48,63
3248922007,15,8,23
3250033507,15,6,21
3253247822,15,0,15
3255899868,15,0,15
3256171963,15,0,15
3257953402,15,0,15
3260333023,15,0,15
3265405430,15,1,16
3266526978,15,9,24
3280132735,15,1,16
3283011559,15,0,15
3283822129,15,1,16
3284496625,15,1,16
3286521156,15,11,26
3290191140,15,3,18
3291772795,15,0,15
3296061428,15,2,17
3301003065,15,3,18
3305436433,15,5,20
3309255936,15,0,15
3310200301,15,4,19
3312054601,15,17,32
3313551824,15,0,15
3317731823,15,0,15
3321386251,15,77,92
3341306789,15,1,16
3346563977,15,1,16
3355267340,15,1,16
3356822239,15,0,15
3357690645,15,1,16
3357794771,15,0,15
3360536902,15,0,15
3364539193,15,0,15
3369281925,15,6,21
3369981640,15,1,16
3370265475,15,0,15
3383270200,15,3,18
3388457170,15,1,16
3390416469,15,4,19
3406345414,15,12,27
3406376374,15,0,15
3407218889,15,0,15
3413010460,15,0,15
3422820227,15,1,16
3423340305,15,1,16
3437533737,15,0,15
3448073356,15,0,15
3452450774,15,0,15
3455958437,15,1,16
3465231434,15,5,20
3496653913,15,17,32
3505603697,15,0,15
3514897695,15,1,16
3515319143,15,4,19
3529678097,15,7,22
3551866097,15,0,15
3576468316,15,0,15
3580984589,15,0,15
3581658501,15,0,15
3588724591,15,0,15
3611742255,15,0,15
3643434741,15,7,22
3658917628,15,0,15
3687095659,15,3,18
3729359129,15,0,15
3763557754,15,2,17
3773204536,15,2,17
3776165780,15,1,16
3884024652,15,1,16
3885822870,15,0,15
3887166732,15,2,17
3887861183,15,5,20
3899572515,15,1,16
3933930814,15,14,29
3950303961,15,1,16
3951921975,15,0,15
3956312159,15,0,15
3992373014,15,0,15
4032290002,15,0,15
4064511322,15,14,29
4155721936,15,0,15
4172504241,15,0,15
4178147542,15,0,15
4187533960,15,0,15
4210168960,15,3,18
4214216901,15,1,16
4214792969,15,6,21
4238620393,15,2,17
4246137673,15,1,16
4246312469,15,6,21
4252553543,15,13,28
4257549712,15,4,19
4272870988,15,0,15
4279295662,15,1,16
4281723747,15,0,15
4281876748,15,0,15
4351174154,15,0,15
4433842521,15,1,16
4445821040,15,0,15
4480685953,15,1,16
4497680356,15,1,16
4500337213,15,1,16
4514476585,15,0,15
4559620033,15,0,15
4567491501,15,2,17
4567558817,15,0,15
4589943100,15,2,17
4593354743,15,0,15
4595596392,15,0,15
4615814789,15,6,21
4653908325,15,1,16
4655839099,15,1,16
4658038115,15,0,15
4711551751,15,2,17
4721597967,15,8,23
4739541433,15,0,15
4752378667,15,0,15
4766167781,15,1,16
4786256739,15,5,20
4787115639,15,0,15
4794295272,15,3,18
4798747937,15,2,17
4830829960,15,1,16
4835059104,15,0,15
4854007623,15,2,17
4855095035,15,2,17
4855473743,15,0,15
4857707848,15,0,15
4858839653,15,0,15
4877864391,15,0,15
4889133357,15,2,17
4889286604,15,1,16
4893919870,15,0,15
4898754082,15,1,16
4901300127,15,7,22
4908682293,15,3,18
4910280976,15,3,18
4912635480,15,1,16
4919625967,15,2,17
700676748384403457,15,0,15
700782582972157952,15,0,15
701227251128348672,15,0,15
701494270994190338,15,0,15
702229911478657025,15,13,28
702340456328245248,15,3,18
702630027809017856,15,0,15
702861324368408576,15,2,17
702901831408553984,15,0,15
703342508533637120,15,0,15
703802274552946688,15,0,15
704407724088541185,15,56,71
705548647618850816,15,0,15
705563459426131969,15,1,16
706232376519761922,15,3,18
706925365848100864,15,1,16
707313806007996419,15,14,29
707587565143105537,15,55,70
708048921289998336,15,0,15
708063091418763264,15,2,17
708316308266491904,15,0,15
708690040839389184,15,1,16
708752278765899777,15,0,15
709428262259130369,15,4,19
709599386334957568,15,0,15
709622115612413952,15,0,15
709916850407272450,15,4,19
710882642955075585,15,1,16
710925757166567426,15,0,15
712300913348780032,15,1,16
712486976243560448,15,2,17
712602649909141504,15,0,15
712729721671266304,15,0,15
712884008535719936,15,5,20
713044248065482752,15,0,15
713210089788735489,15,0,15
713377689743335424,15,3,18
713798530503020544,15,0,15
714673924592762880,15,90,105
714916261419958273,15,6,21
714975429476675585,15,3,18
717122653472047104,15,25,40
717346188945670145,15,0,15
717450830702620672,15,0,15
718149456269418496,15,1,16
718377859094589440,15,1,16
718555294574321665,15,9,24
720376700383539202,15,0,15
720470041263763456,15,0,15
721050601740746752,15,0,15
722435133811343360,15,1,16
722456434672160768,15,0,15
722754363920244736,15,0,15
722882042116116484,15,1,16
724041947766099969,15,0,15
724761618534428672,15,1,16
724799473038282752,15,29,44
724955143905619972,15,0,15
726021605231591424,15,0,15
726068157501333504,15,2,17
726768455026765824,15,0,15
727294525534777344,15,0,15
727609925459976193,15,1,16
727909047987404800,15,1,16
728355428589965312,15,4,19
728401273670631424,15,0,15
728598282386198528,15,0,15
728760805521391616,15,1,16
728801321546076161,15,0,15
730346841452187648,15,0,15
730591551705878532,15,7,22
730865908575576064,15,5,20
731014036364623872,15,0,15
731466943983697920,15,0,15
731777628181561344,15,1,16
732194163832279040,15,0,15
732387885085802496,15,0,15
732728326171832320,15,0,15
732734544923746306,15,1,16
733136108154851328,15,3,18
733279356492079106,15,1,16
733662645988032512,15,6,21
734116403339493380,15,0,15
735601340152418305,15,8,23
735645437848227840,15,5,20
736008538124869633,15,0,15
737152687490338816,15,0,15
738016317102510080,15,0,15
738236807414841344,15,0,15
738339549055614976,15,2,17
738426943742312448,15,1,16
738483854420279297,15,10,25
738957041637679108,15,0,15
740237927754534912,15,1,16
740472918275133441,15,0,15
740578297784864768,15,4,19
740609566853988352,15,0,15
741258851215912961,15,0,15
742140620769243138,15,0,15
743238786813992960,15,6,21
743240809026195457,15,4,19
744374519951855616,15,0,15
745334356235911168,15,3,18
745771288799621122,15,5,20
746179736636776448,15,2,17
746884292689571840,15,0,15
747385592481189888,15,2,17
747653602605473792,15,1,16
747891442018811905,15,0,15
748588783336042496,15,0,15
748692403029209088,15,2,17
748898905257947139,15,4,19
749484789804171265,15,0,15
750366840946167808,15,0,15
751049160821014528,15,1,16
751445536796913664,15,1,16
752729781972574208,15,0,15
754316904358182912,15,0,15
754390822720679937,15,0,15
754602700583698432,15,0,15
754710014032351232,15,1,16
754785641787863040,15,0,15
754827390858080256,15,0,15
755170273868021763,15,1,16
755421196292726784,15,0,15
755445125447168000,15,0,15
755972306627796993,15,0,15
755983477850320896,15,3,18
756461825735139328,15,2,17
756475790355816449,15,1,16
756541917551296512,15,0,15
756542834564554753,15,2,17
756550440540516352,15,0,15
756555141755527169,15,1,16
756647341025656832,15,3,18
756830707675193344,15,0,15
757250385325264896,15,1,16
757320917282394112,15,3,18
757556461220356097,15,0,15
757948794780553216,15,1,16
758383680767168515,15,0,15
758486422806462464,15,14,29
759135544173555714,15,8,23
759824352288309248,15,1,16
760187707725185024,15,1,16
760286000912277508,15,0,15
760324850024062976,15,1,16
760581131028799488,15,0,15
761256419748302848,15,1,16
761740814028410881,15,4,19
762405017244491776,15,1,16
762745166415400960,15,0,15
763184450658197504,15,0,15
763419429820444672,15,3,18
763539447778377729,15,1,16
764582522219012096,15,0,15
764836234871046144,15,0,15
764970970926895108,15,1,16
766020982251421697,15,1,16
766054295838089217,15,2,17
766335804910211072,15,0,15
766837990752739328,15,1,16
767438346901749760,15,0,15
767720894491832320,15,0,15
768999832958570496,15,0,15
771170963568201728,15,1,16
771246805543641088,15,0,15
771364592266141696,15,0,15
772631926939279361,15,0,15
773970535365668864,15,1,16
774259972830064640,15,0,15
774716412204032000,15,0,15
775899392268177409,15,1,16
777152385802235904,15,0,15
777657391445905408,15,0,15
778079331251687424,15,0,15
778640162578374656,15,0,15
778693643976581120,15,0,15
779260893230227456,15,1,16
779528561208074240,15,2,17
780588547455627265,15,0,15
780841661253378048,15,0,15
781195479052800001,15,5,20
781228438413803520,15,0,15
781636463817428992,15,4,19
782001636260446208,15,28,43
782534268991877120,15,0,15
782887460288147456,15,2,17
783122009903554562,15,0,15
783288781000609792,15,0,15
784101291144380416,15,0,15
784415426834857984,15,1,16
784492923895230464,15,1,16
784905447979352064,15,2,17
785108142455660544,15,0,15
785209073012736003,15,0,15
785228481827254273,15,2,17
785258033383215104,15,3,18
785323116163497988,15,0,15
785937946868318209,15,2,17
786049771005812736,15,0,15
786263933212504064,15,0,15
786312777136648193,15,0,15
786648252229844992,15,1,16
787274143347662848,15,0,15
787425781584506881,15,0,15
787449090086952960,15,1,16
787457832673128448,15,1,16
788873902265073665,15,0,15
788893718568763392,15,0,15
789978012066451456,15,5,20
790256431731585024,15,0,15
791007976156983296,15,1,16
791089339111317504,15,0,15
791278462887571457,15,1,16
792859701193113600,15,0,15
792910548279046144,15,0,15
793161585598562304,15,0,15
793169171093807105,15,2,17
793200858208931840,15,3,18
794053061043843072,15,0,15
794541949248122880,15,1,16
794982737648160768,15,0,15
795456727781113856,15,0,15
796399863055298560,15,1,16
797976786386595840,15,0,15
799926768891138048,15,0,15
800405969670787072,15,10,25
22203,14,0,14
1012781,14,2,16
2537001,14,1,15
3587471,14,4,18
8220042,14,0,14
14200865,14,3,17
14396621,14,0,14
14413370,14,1,15
14524358,14,0,14
14695406,14,7,21
15157073,14,3,17
15584019,14,2,16
15696583,14,0,14
15870659,14,17,31
15986565,14,1,15
16031185,14,0,14
16065882,14,0,14
16087500,14,0,14
16163824,14,1,15
16209032,14,0,14
16225882,14,31,45
16276235,14,4,18
16469505,14,98,112
16672102,14,2,16
16702010,14,5,19
16916866,14,1,15
17014593,14,26,40
17118176,14,0,14
17176334,14,7,21
17178342,14,35,49
17180761,14,5,19
17196735,14,1,15
17297166,14,4,18
17322647,14,0,14
17824640,14,1,15
17879232,14,24,38
18029310,14,24,38
18115072,14,0,14
18116897,14,0,14
18176907,14,18,32
18263932,14,2,16
18267131,14,16,30
18389414,14,4,18
18468961,14,0,14
18777782,14,0,14
18916362,14,0,14
18916507,14,4,18
18996956,14,0,14
19272707,14,1,15
19288213,14,11,25
19291582,14,5,19
19295519,14,1,15
19379681,14,1,15
19604274,14,28,42
19725494,14,1,15
19946427,14,0,14
20651510,14,16,30
20652644,14,2,16
20678856,14,1,15
20763767,14,0,14
20871276,14,21,35
20897273,14,4,18
20940505,14,1,15
20958510,14,6,20
21025348,14,0,14
21308092,14,1,15
21387734,14,0,14
21393906,14,1,15
21729540,14,116,130
21888315,14,0,14
21932745,14,72,86
22021684,14,0,14
22077095,14,0,14
22131412,14,0,14
22139304,14,3,17
22524716,14,1,15
22546773,14,1,15
22706494,14,0,14
23109874,14,0,14
23238447,14,2,16
23358714,14,0,14
23468150,14,2,16
23997794,14,0,14
24529599,14,0,14
24645354,14,0,14
24910924,14,0,14
25022104,14,3,17
25066687,14,0,14
25114739,14,0,14
25541952,14,0,14
25588490,14,21,35
25643316,14,0,14
26228963,14,0,14
26259102,14,1,15
26794454,14,0,14
26865397,14,0,14
27159188,14,1,15
27433174,14,1,15
27491396,14,2,16
27569037,14,0,14
27662295,14,33,47
27697994,14,2,16
28144315,14,38,52
28154792,14,2,16
28461452,14,0,14
28874412,14,0,14
28876983,14,0,14
29210791,14,2,16
29874079,14,1,15
30651089,14,0,14
31165706,14,0,14
31417953,14,58,72
31442310,14,9,23
31451108,14,1,15
31640311,14,0,14
31649494,14,0,14
31703974,14,1,15
31741565,14,1,15
32188537,14,1,15
32485921,14,0,14
32517621,14,0,14
32688429,14,1,15
32893413,14,0,14
32947456,14,0,14
33272139,14,2,16
33320007,14,0,14
34146432,14,1,15
34280404,14,0,14
34523703,14,0,14
35132300,14,0,14
35150914,14,1,15
35327101,14,1,15
35522981,14,0,14
36008885,14,1,15
36436573,14,1,15
36817968,14,0,14
37046582,14,3,17
37233098,14,1,15
37514841,14,0,14
37990581,14,63,77
38278141,14,2,16
38319124,14,6,20
38664964,14,1,15
38735749,14,3,17
38961826,14,19,33
39097744,14,1,15
39197185,14,16,30
39466313,14,4,18
39574828,14,0,14
39669227,14,1,15
40195663,14,0,14
40908760,14,0,14
41063452,14,2,16
41496208,14,0,14
42633612,14,26,40
42641225,14,3,17
42795398,14,0,14
43535129,14,0,14
43791278,14,0,14
43853719,14,3,17
44193923,14,2,16
44686891,14,54,68
44870728,14,0,14
45347610,14,0,14
45658900,14,0,14
46633801,14,0,14
47025294,14,0,14
47630337,14,84,98
48015951,14,0,14
48094853,14,4,18
48106805,14,2,16
48111419,14,0,14
48185455,14,6,20
48335572,14,2,16
49118221,14,0,14
49161541,14,30,44
49171203,14,2,16
49449892,14,0,14
49826596,14,3,17
50140961,14,8,22
50765284,14,9,23
50913919,14,0,14
51106562,14,1,15
51131135,14,0,14
51611871,14,17,31
52118721,14,4,18
52319005,14,33,47
53414016,14,0,14
54223283,14,1,15
54587772,14,0,14
56089093,14,12,26
56133200,14,0,14
56182743,14,1,15
58392270,14,19,33
58405074,14,1,15
59565371,14,10,24
59651331,14,0,14
59984176,14,0,14
60625265,14,6,20
61317568,14,0,14
61399101,14,17,31
64006605,14,0,14
65028873,14,1,15
65208304,14,2,16
65525247,14,3,17
66362598,14,0,14
66530198,14,1,15
66649542,14,2,16
66888939,14,0,14
67059714,14,0,14
68820562,14,2,16
69903467,14,3,17
69935538,14,0,14
70083403,14,0,14
70163893,14,0,14
70700565,14,0,14
71605581,14,1,15
71820856,14,1,15
73132440,14,1,15
73174692,14,0,14
73278970,14,1,15
73521580,14,3,17
73524774,14,22,36
73695527,14,2,16
74055758,14,2,16
74527290,14,0,14
74747986,14,0,14
74967096,14,0,14
75579386,14,0,14
76436317,14,6,20
79007681,14,0,14
81157313,14,8,22
82781637,14,0,14
82818234,14,0,14
83303827,14,0,14
85032772,14,7,21
85138554,14,0,14
85435148,14,0,14
85850927,14,2,16
86342349,14,0,14
86538839,14,0,14
86620692,14,1,15
89222644,14,0,14
89638814,14,3,17
89967196,14,0,14
90093920,14,1,15
90478046,14,1,15
93938988,14,0,14
93949976,14,3,17
94156992,14,7,21
94323272,14,0,14
94603953,14,14,28
94685278,14,4,18
95313746,14,2,16
95354349,14,0,14
97452920,14,25,39
99203384,14,4,18
99769623,14,4,18
99995021,14,1,15
100146431,14,32,46
100730088,14,0,14
100949009,14,41,55
103632744,14,1,15
105735512,14,0,14
107519872,14,4,18
107810378,14,0,14
109525069,14,0,14
110261209,14,2,16
111331653,14,2,16
111483325,14,0,14
112044228,14,30,44
112799090,14,0,14
113765235,14,0,14
115566086,14,0,14
116463474,14,0,14
118837027,14,27,41
120928333,14,0,14
123207485,14,3,17
124953604,14,259,273
125779273,14,1,15
125895657,14,2,16
127442747,14,0,14
130253662,14,1,15
131104065,14,1,15
133096088,14,1,15
135088714,14,0,14
137166190,14,0,14
137308373,14,0,14
137859132,14,0,14
138564865,14,2,16
138874510,14,0,14
139780160,14,1,15
139891948,14,226,240
140499925,14,4,18
140846763,14,1,15
141083533,14,47,61
142770500,14,0,14
143053356,14,2,16
143480447,14,0,14
143981224,14,0,14
144001050,14,1,15
144684404,14,0,14
146439811,14,0,14
149134024,14,1,15
150141435,14,0,14
151284118,14,0,14
158830659,14,7,21
159160657,14,0,14
161926589,14,1,15
164300201,14,0,14
164918214,14,1,15
166532724,14,1,15
168838692,14,28,42
170384986,14,4,18
174751311,14,0,14
177335956,14,3,17
177564016,14,1,15
179719307,14,6,20
180312074,14,9,23
180549163,14,1,15
181366570,14,2,16
182542970,14,3,17
184305246,14,0,14
184575530,14,9,23
185397435,14,0,14
185641780,14,5,19
186267621,14,1,15
189171318,14,1,15
191168712,14,0,14
192156775,14,0,14
192348819,14,1,15
196288317,14,2,16
199467201,14,1,15
199886612,14,1,15
200367576,14,1,15
202762189,14,5,19
204447658,14,0,14
207373000,14,7,21
208355828,14,0,14
208796606,14,0,14
211191777,14,4,18
211254604,14,1,15
212061451,14,10,24
212218744,14,0,14
213291366,14,1,15
214257117,14,1,15
215471573,14,0,14
216481167,14,1,15
218023967,14,2,16
222695674,14,2,16
223587670,14,0,14
224191683,14,0,14
225242632,14,0,14
226280774,14,0,14
228337805,14,1,15
228808611,14,2,16
228908647,14,3,17
229556037,14,2,16
230470681,14,1,15
232057968,14,0,14
232199552,14,1,15
232326339,14,2,16
232407783,14,0,14
232691447,14,0,14
233723894,14,2,16
233732925,14,1,15
234103674,14,0,14
237074694,14,0,14
240073748,14,38,52
241580028,14,76,90
242809733,14,1,15
243239561,14,1,15
244243393,14,0,14
247533830,14,1,15
248008803,14,0,14
251467804,14,0,14
255548061,14,0,14
255807625,14,4,18
257332880,14,0,14
258003948,14,1,15
259351323,14,1,15
261309165,14,1,15
261932596,14,0,14
263651287,14,1,15
264284066,14,10,24
265039705,14,7,21
266252872,14,35,49
266344260,14,2,16
268017460,14,1,15
268265145,14,98,112
269211359,14,6,20
271153311,14,0,14
273456262,14,2,16
273822483,14,26,40
274134586,14,44,58
274206539,14,0,14
274235307,14,1,15
276034885,14,0,14
279715769,14,0,14
280570672,14,0,14
281326832,14,0,14
282848539,14,1,15
284097614,14,0,14
284210345,14,0,14
286723230,14,19,33
288423246,14,0,14
289689943,14,1,15
290279078,14,0,14
290791716,14,3,17
292035253,14,2,16
292109202,14,3,17
292677542,14,0,14
292867712,14,0,14
293735764,14,1,15
293883644,14,2,16
294548660,14,0,14
298305218,14,1,15
299382149,14,1,15
302139306,14,0,14
303418470,14,1,15
305139533,14,0,14
305340077,14,0,14
307064175,14,0,14
307100108,14,1,15
308613652,14,0,14
312272485,14,0,14
313748579,14,1,15
315495725,14,27,41
316878955,14,4,18
317221104,14,0,14
322818384,14,1,15
325301928,14,0,14
329897411,14,1,15
332997496,14,0,14
335006147,14,0,14
335663104,14,2,16
336251590,14,2,16
336890375,14,0,14
337939813,14,1,15
339833601,14,1,15
342091243,14,4,18
342687441,14,3,17
343183085,14,0,14
343211136,14,0,14
344079731,14,1,15
347879411,14,0,14
348405348,14,13,27
350409642,14,0,14
351739907,14,0,14
352029881,14,0,14
352422467,14,0,14
352427063,14,21,35
354454783,14,0,14
354573179,14,0,14
357088284,14,1,15
363897940,14,0,14
365534323,14,0,14
366823166,14,0,14
366951900,14,1,15
370448975,14,0,14
371434586,14,1,15
375335044,14,90,104
377017564,14,32,46
377878096,14,1,15
378997167,14,0,14
380758788,14,2,16
383732067,14,12,26
384393903,14,5,19
384612364,14,0,14
384735751,14,2,16
385064919,14,0,14
385982814,14,0,14
388593451,14,0,14
389793691,14,0,14
391529306,14,0,14
392250887,14,0,14
393382745,14,0,14
394861519,14,1,15
396115930,14,0,14
396725099,14,0,14
397066908,14,0,14
399634891,14,0,14
399699003,14,1,15
400073304,14,0,14
400447530,14,0,14
401534412,14,0,14
403816757,14,2,16
405097178,14,18,32
407102506,14,0,14
412708248,14,0,14
412786058,14,0,14
413354155,14,0,14
416500352,14,2,16
417588965,14,1,15
428190468,14,0,14
428714056,14,0,14
437993308,14,0,14
439802515,14,1,15
440440376,14,0,14
441183450,14,0,14
441196417,14,36,50
450896910,14,2,16
455044657,14,0,14
455993785,14,1,15
459967036,14,0,14
460313287,14,1,15
462083646,14,0,14
462714238,14,1,15
462924454,14,11,25
463162523,14,2,16
463919314,14,0,14
465571691,14,3,17
465907914,14,2,16
466123593,14,0,14
466602805,14,0,14
472286193,14,13,27
473015654,14,11,25
474094828,14,0,14
474534521,14,8,22
474933822,14,0,14
479199117,14,30,44
480126213,14,0,14
484383350,14,0,14
485345534,14,2,16
487603504,14,0,14
489096099,14,0,14
493564658,14,0,14
494248670,14,2,16
495379332,14,2,16
495454106,14,24,38
498160865,14,0,14
501621543,14,0,14
511079248,14,14,28
513724263,14,114,128
513897240,14,1,15
519527502,14,3,17
521860025,14,3,17
524435492,14,0,14
525658733,14,0,14
529959846,14,0,14
531498152,14,0,14
531681682,14,5,19
532473961,14,0,14
532549823,14,0,14
534516052,14,24,38
536226434,14,1,15
537483882,14,0,14
537502486,14,0,14
537819812,14,6,20
538957992,14,2,16
539516578,14,0,14
539626367,14,1,15
547916304,14,0,14
551645648,14,2,16
558428367,14,0,14
559604346,14,3,17
559969624,14,0,14
562336915,14,3,17
571900336,14,0,14
574483864,14,1,15
576311581,14,5,19
588772165,14,2,16
590200523,14,17,31
596032049,14,0,14
601059917,14,1,15
602746837,14,4,18
606042176,14,1,15
607558430,14,41,55
608766372,14,1,15
617251857,14,0,14
619594427,14,0,14
621469942,14,0,14
625955478,14,0,14
630623243,14,0,14
633347340,14,5,19
633642303,14,5,19
633902152,14,1,15
634847061,14,1,15
635608354,14,1,15
702914452,14,0,14
704559630,14,0,14
706448439,14,1,15
706798602,14,2,16
711257366,14,0,14
720650605,14,0,14
722747010,14,1,15
731364756,14,29,43
735740870,14,2,16
750700196,14,1,15
760239025,14,0,14
761760456,14,2,16
761840947,14,0,14
765811470,14,0,14
781242108,14,1,15
783160380,14,0,14
790635542,14,0,14
790763930,14,2,16
793975748,14,84,98
814347121,14,0,14
821752764,14,0,14
833558286,14,19,33
833716484,14,0,14
834313268,14,6,20
837561853,14,42,56
839552486,14,0,14
847146938,14,0,14
848058758,14,0,14
849469999,14,7,21
850018478,14,0,14
852963704,14,0,14
854893364,14,3,17
860566802,14,0,14
860620777,14,0,14
864702738,14,0,14
866992398,14,1,15
869027394,14,5,19
869122044,14,0,14
874580526,14,1,15
874972292,14,0,14
875801995,14,1,15
880427526,14,0,14
882457231,14,1,15
884144382,14,1,15
885741559,14,0,14
887279923,14,2,16
889986612,14,60,74
891939067,14,1,15
893221620,14,3,17
898758776,14,0,14
898975153,14,2,16
899050380,14,1,15
907258501,14,2,16
913746768,14,0,14
914849041,14,1,15
920133836,14,34,48
923048539,14,0,14
928757526,14,0,14
930867854,14,1,15
937839451,14,0,14
938069005,14,4,18
950046762,14,7,21
959508212,14,5,19
968695147,14,1,15
970240309,14,2,16
974643019,14,1,15
976137115,14,0,14
983087851,14,0,14
987419070,14,1,15
994201890,14,0,14
1005418232,14,0,14
1006798741,14,1,15
1009695398,14,3,17
1018481402,14,3,17
1027468292,14,4,18
1039880508,14,0,14
1078364629,14,0,14
1079337114,14,1,15
1086779562,14,1,15
1087699130,14,0,14
1090352485,14,0,14
1095850464,14,0,14
1096901059,14,3,17
1098918846,14,1,15
1099631100,14,0,14
1101461131,14,2,16
1109632718,14,2,16
1113014004,14,0,14
1120000410,14,0,14
1126947913,14,2,16
1152262452,14,1,15
1160466199,14,0,14
1162122936,14,1,15
1164454327,14,6,20
1167655052,14,1,15
1170230138,14,2,16
1175517073,14,0,14
1200402781,14,1,15
1208242087,14,0,14
1210100041,14,1,15
1226634644,14,0,14
1227974245,14,2,16
1228166172,14,0,14
1231756489,14,0,14
1236599971,14,0,14
1244877632,14,0,14
1247921690,14,1,15
1271372744,14,0,14
1275353785,14,1,15
1284564762,14,0,14
1291945022,14,0,14
1292405179,14,0,14
1301849335,14,2,16
1327445671,14,0,14
1335335990,14,3,17
1336532426,14,0,14
1340788394,14,0,14
1354595803,14,0,14
1357104116,14,0,14
1374960906,14,0,14
1376211092,14,0,14
1388082097,14,1,15
1391194573,14,1,15
1397408886,14,1,15
1411392968,14,0,14
1424000143,14,1,15
1424237832,14,5,19
1433111642,14,0,14
1458439400,14,2,16
1462419804,14,0,14
1465875630,14,0,14
1484901426,14,1,15
1499717940,14,0,14
1535067990,14,0,14
1543813320,14,0,14
1545834288,14,87,101
1548885522,14,0,14
1565219120,14,0,14
1570527168,14,0,14
1578652435,14,2,16
1581370232,14,15,29
1592295258,14,9,23
1597349443,14,125,139
1598382890,14,0,14
1599074077,14,0,14
1600890871,14,0,14
1602224485,14,0,14
1604385620,14,0,14
1616499505,14,0,14
1624068175,14,0,14
1632524730,14,0,14
1653547458,14,65,79
1677884888,14,0,14
1681799972,14,4,18
1683989281,14,0,14
1687227996,14,4,18
1689047689,14,6,20
1709851429,14,2,16
1716110708,14,0,14
1728709824,14,1,15
1732333092,14,0,14
1854744828,14,5,19
1855698619,14,0,14
1896282120,14,0,14
1897895070,14,1,15
1909440120,14,0,14
1917155592,14,1,15
1917413191,14,1,15
1926368468,14,0,14
1930755211,14,2,16
1938871628,14,0,14
1942265899,14,0,14
1957439592,14,0,14
1967699275,14,0,14
2152399620,14,12,26
2172456390,14,1,15
2177020681,14,7,21
2180932376,14,0,14
2184555968,14,0,14
2192669496,14,0,14
2202007650,14,1,15
2205522188,14,1,15
2207220680,14,1,15
2212367318,14,0,14
2216236636,14,4,18
2218197721,14,1,15
2229113615,14,0,14
2230379864,14,0,14
2230732530,14,0,14
2231502417,14,1,15
2241366900,14,0,14
2250558999,14,1,15
2253749594,14,0,14
2259161310,14,0,14
2260136896,14,0,14
2263075896,14,0,14
2266719852,14,3,17
2269700892,14,0,14
2275671929,14,2,16
2275941343,14,0,14
2284038110,14,2,16
2296489322,14,0,14
2299760259,14,0,14
2305185066,14,0,14
2307398179,14,0,14
2312490275,14,0,14
2315961337,14,0,14
2316016705,14,0,14
2316261613,14,2,16
2328864018,14,0,14
2337532952,14,0,14
2338845175,14,0,14
2341500979,14,1,15
2343260671,14,3,17
2349548360,14,2,16
2350211520,14,0,14
2360584935,14,0,14
2362892479,14,0,14
2366210331,14,3,17
2369267088,14,0,14
2371563159,14,7,21
2378589452,14,0,14
2389983493,14,0,14
2401888740,14,0,14
2409724183,14,0,14
2415599563,14,9,23
2419237344,14,0,14
2422609288,14,1,15
2425627795,14,0,14
2429060695,14,0,14
2434111068,14,0,14
2443251613,14,1,15
2444059646,14,0,14
2448009284,14,0,14
2449376624,14,0,14
2472585332,14,0,14
2475879654,14,0,14
2482714827,14,0,14
2483802816,14,1,15
2484687302,14,0,14
2495111623,14,7,21
2500085616,14,3,17
2501736092,14,2,16
2504210854,14,0,14
2505222847,14,1,15
2511288156,14,1,15
2515926170,14,0,14
2517613931,14,1,15
2532895536,14,1,15
2543335537,14,0,14
2553780078,14,7,21
2555339258,14,0,14
2557439485,14,7,21
2568205389,14,1,15
2574761296,14,3,17
2578180728,14,0,14
2581612784,14,2,16
2590587253,14,0,14
2594626578,14,1,15
2606135916,14,3,17
2612666747,14,0,14
2620443829,14,0,14
2628549594,14,0,14
2657311645,14,2,16
2664821018,14,1,15
2674018634,14,0,14
2684970169,14,0,14
2690971946,14,1,15
2699235528,14,3,17
2699373416,14,4,18
2701324983,14,0,14
2706688476,14,1,15
2708017993,14,0,14
2712558528,14,0,14
2712941675,14,1,15
2728548453,14,6,20
2740949143,14,0,14
2744280377,14,0,14
2746516812,14,0,14
2750105810,14,33,47
2750946760,14,0,14
2754476877,14,0,14
2759112658,14,0,14
2773303505,14,0,14
2784465503,14,0,14
2784512070,14,0,14
2787296480,14,0,14
2792460998,14,1,15
2796688712,14,23,37
2797781981,14,0,14
2805625933,14,21,35
2821085781,14,0,14
2824082847,14,0,14
2830629595,14,7,21
2841300251,14,0,14
2841543441,14,0,14
2842151621,14,1,15
2845009334,14,1,15
2845920603,14,3,17
2850591152,14,0,14
2851170553,14,2,16
2857592041,14,5,19
2859672185,14,3,17
2863648886,14,0,14
2863652613,14,0,14
2867187561,14,0,14
2873148310,14,2,16
2875166787,14,3,17
2875389721,14,1,15
2876296416,14,1,15
2876784264,14,1,15
2880526847,14,1,15
2882505671,14,0,14
2884931843,14,34,48
2887193468,14,0,14
2889322139,14,10,24
2890487970,14,1,15
2898774523,14,0,14
2900922205,14,0,14
2906382661,14,11,25
2915019196,14,0,14
2916453969,14,0,14
2916948354,14,1,15
2922580895,14,2,16
2932309798,14,0,14
2939883742,14,0,14
2942713684,14,2,16
2946470248,14,1,15
2948721975,14,1,15
2953943299,14,1,15
2955195313,14,22,36
2955223171,14,12,26
2960952118,14,0,14
2964667680,14,0,14
2964723836,14,4,18
2966484359,14,9,23
2966759458,14,5,19
2972490881,14,0,14
2975602937,14,0,14
2983061616,14,2,16
2988875170,14,3,17
2990492520,14,0,14
2991619090,14,0,14
2993751669,14,1,15
2996469091,14,1,15
3003941690,14,0,14
3008563219,14,0,14
3011102368,14,0,14
3014458142,14,0,14
3015363981,14,0,14
3018866593,14,0,14
3030014077,14,2,16
3037406240,14,0,14
3044678985,14,0,14
3044979110,14,0,14
3048012656,14,5,19
3053302480,14,0,14
3056544366,14,1,15
3060686136,14,1,15
3063768839,14,3,17
3068164931,14,0,14
3068623383,14,3,17
3074892055,14,1,15
3075937554,14,1,15
3078437699,14,1,15
3078934723,14,3,17
3080505088,14,1,15
3097964623,14,3,17
3099216789,14,1,15
3100782233,14,2,16
3103685384,14,1,15
3110836174,14,0,14
3116092217,14,4,18
3139169208,14,0,14
3141635426,14,1,15
3142652013,14,0,14
3148364235,14,0,14
3153884493,14,0,14
3162335712,14,0,14
3177163979,14,6,20
3180348709,14,0,14
3181215324,14,0,14
3183258223,14,0,14
3184361426,14,3,17
3186760511,14,0,14
3206763843,14,2,16
3215229393,14,36,50
3221601313,14,0,14
3233164543,14,13,27
3237928572,14,0,14
3239371518,14,6,20
3240977187,14,1,15
3241310077,14,0,14
3241331233,14,1,15
3243269196,14,0,14
3267052561,14,2,16
3282712128,14,1,15
3283630650,14,0,14
3291037459,14,1,15
3294049086,14,0,14
3294568307,14,1,15
3298498828,14,0,14
3299274481,14,1,15
3303947876,14,1,15
3304835283,14,0,14
3306461020,14,0,14
3308028025,14,0,14
3308335640,14,0,14
3308399474,14,1,15
3309111666,14,1,15
3311261335,14,1,15
3315416702,14,0,14
3317433083,14,0,14
3317736372,14,12,26
3333449173,14,2,16
3334733512,14,0,14
3345484813,14,0,14
3347074210,14,0,14
3350050792,14,0,14
3363921843,14,3,17
3368305144,14,0,14
3376601414,14,1,15
3380261283,14,1,15
3384693167,14,2,16
3391988373,14,0,14
3395654357,14,2,16
3406302903,14,0,14
3406657565,14,39,53
3413414961,14,0,14
3418637039,14,17,31
3438670359,14,1,15
3452754267,14,1,15
3481819822,14,0,14
3520370125,14,0,14
3525808576,14,0,14
3529147343,14,3,17
3530459894,14,0,14
3544386553,14,7,21
3566967734,14,2,16
3602468956,14,2,16
3614519775,14,1,15
3619706593,14,0,14
3640646474,14,0,14
3672584544,14,1,15
3675797296,14,0,14
3677884220,14,0,14
3690573735,14,0,14
3719994193,14,9,23
3724326737,14,2,16
3742798042,14,2,16
3751212856,14,1,15
3796326673,14,3,17
3819802282,14,0,14
3823837283,14,0,14
3829170972,14,1,15
3837450274,14,2,16
3874205379,14,1,15
3925988414,14,0,14
3939833602,14,0,14
3946704868,14,2,16
3949891877,14,3,17
3950800875,14,2,16
3957513999,14,1,15
3962047102,14,0,14
3973738272,14,2,16
3987753333,14,0,14
4039099932,14,1,15
4051791192,14,1,15
4053440711,14,0,14
4063081753,14,1,15
4065201676,14,1,15
4068383237,14,0,14
4076789116,14,0,14
4087431493,14,0,14
4129797267,14,1,15
4145475327,14,0,14
4164502153,14,1,15
4186787057,14,1,15
4189511355,14,2,16
4194326488,14,2,16
4195788737,14,0,14
4197482331,14,1,15
4207060932,14,0,14
4232323161,14,0,14
4235794633,14,1,15
4241941692,14,0,14
4243094787,14,1,15
4253518530,14,2,16
4297750456,14,0,14
4330019413,14,2,16
4352845293,14,7,21
4363087155,14,1,15
4370418312,14,2,16
4400176468,14,2,16
4402730416,14,0,14
4407927736,14,0,14
4413836909,14,0,14
4416069678,14,0,14
4432519283,14,0,14
4478468420,14,3,17
4479556872,14,0,14
4498209202,14,0,14
4499581109,14,0,14
4528381939,14,0,14
4528626621,14,0,14
4561269621,14,1,15
4593518204,14,1,15
4607291892,14,2,16
4627222575,14,2,16
4660010299,14,2,16
4687760371,14,0,14
4703755045,14,3,17
4711674644,14,7,21
4718074639,14,0,14
4720932492,14,0,14
4732288278,14,34,48
4735616514,14,1,15
4739804974,14,5,19
4756663196,14,0,14
4757535874,14,7,21
4758892179,14,0,14
4765476146,14,3,17
4765953461,14,0,14
4779482532,14,4,18
4780031715,14,0,14
4790236097,14,0,14
4799357908,14,0,14
4821206233,14,0,14
4821267819,14,1,15
4827134799,14,0,14
4838532895,14,1,15
4851555418,14,17,31
4854483518,14,0,14
4856532991,14,12,26
4857539577,14,1,15
4862685012,14,1,15
4864171883,14,2,16
4865162691,14,1,15
4871065809,14,0,14
4873947553,14,0,14
4879819876,14,0,14
4893678659,14,0,14
4896404463,14,0,14
4902988306,14,0,14
696017927519264768,14,1,15
700494913939484673,14,0,14
701958702996267008,14,4,18
702967165968748546,14,1,15
702994617545986049,14,2,16
703013046910914561,14,0,14
703231679427645440,14,7,21
703260703176708096,14,0,14
703553180710244352,14,1,15
703884431745032194,14,0,14
703961591537016832,14,1,15
704030468467916800,14,0,14
704615650065383424,14,5,19
704772620734992384,14,0,14
705086052680077312,14,1,15
705482193498468353,14,0,14
706096756996620288,14,0,14
706649628041555970,14,0,14
706780549994586112,14,2,16
707038140289183744,14,0,14
707293752629415936,14,0,14
707357024032403456,14,0,14
708118382193676289,14,1,15
708334243508850688,14,3,17
708776654202482688,14,0,14
709140228615712768,14,0,14
709457614896107520,14,5,19
709519706919669760,14,1,15
711228940833017856,14,1,15
711236005357957121,14,0,14
711255241581326337,14,0,14
711294095025709056,14,2,16
711561672234811392,14,0,14
711649223427563520,14,0,14
711739240791609344,14,0,14
711950561097048067,14,1,15
712222040917413888,14,0,14
712760109571514368,14,2,16
712862315574599682,14,4,18
713220523677892608,14,6,20
713552572158574592,14,4,18
714499402669359106,14,0,14
714535003292434432,14,1,15
715005068903194624,14,0,14
715521779532476416,14,2,16
715566876856700929,14,2,16
716422046536769536,14,1,15
716677234166091777,14,1,15
717673239133233153,14,0,14
718515884172533760,14,0,14
721230762033475585,14,0,14
722538185788678144,14,0,14
722835579025625088,14,0,14
724339146916040705,14,1,15
725657923511312385,14,2,16
725783439572496384,14,1,15
726608406560169984,14,2,16
727311184425144321,14,1,15
727888035660988416,14,0,14
728314215052787713,14,3,17
728736799971934208,14,0,14
729144507975917570,14,0,14
729370090022576128,14,20,34
729698771123245056,14,1,15
729710867441438722,14,1,15
730040955152285697,14,0,14
730604257783758848,14,0,14
731089011977097216,14,0,14
731118334561947648,14,1,15
731256759117996032,14,165,179
731345043072507905,14,0,14
731459657169031168,14,2,16
732043925481914368,14,0,14
732564004313403392,14,1,15
733245517497532416,14,0,14
733647227328049157,14,0,14
734167499722264577,14,0,14
735240327334875137,14,0,14
738379610728062977,14,0,14
738569655866908672,14,2,16
738877233243119617,14,3,17
738926039670214657,14,0,14
739285918310223872,14,0,14
739994344774475776,14,2,16
740162910068973569,14,2,16
740302853974167555,14,3,17
740755127330447361,14,5,19
742079170344194049,14,0,14
742224913549819904,14,3,17
742394400920109057,14,0,14
742854047716151296,14,0,14
743932579313639424,14,0,14
743974448529715201,14,1,15
744363167644450817,14,0,14
744635169097846784,14,0,14
744966560188555265,14,0,14
744973981883768832,14,2,16
745361580909461509,14,1,15
745808314571751424,14,1,15
746156359683440640,14,1,15
746443582618247169,14,0,14
746548346211295232,14,0,14
747890424526798849,14,1,15
747906100905680896,14,0,14
748182087958675457,14,1,15
748677326448230400,14,5,19
749668298984333312,14,0,14
749710462661562368,14,2,16
750489243047170048,14,0,14
750565450602414084,14,0,14
751551835039760384,14,5,19
751579245105782788,14,66,80
751592454290337792,14,0,14
752448414776954880,14,1,15
753635294667124736,14,0,14
753822497514991618,14,0,14
753904169870827520,14,1,15
754621924492193792,14,7,21
754732411943092224,14,0,14
755401879396360192,14,0,14
755863004147773441,14,2,16
756166429838225409,14,2,16
756182570598035456,14,2,16
756183832173445120,14,1,15
756562164350087169,14,31,45
756645604370092032,14,1,15
756655385914773504,14,1,15
756695231697915904,14,2,16
756789529135108096,14,0,14
757010505735241728,14,0,14
757684461630660608,14,0,14
757685458834903041,14,1,15
757705510430842881,14,0,14
757972135449014273,14,1,15
758462193151148034,14,0,14
758858618322071552,14,0,14
759052119185895424,14,3,17
759176720968736768,14,1,15
759407974578290688,14,1,15
759808471319605248,14,0,14
759900781176819712,14,0,14
760115447119224832,14,2,16
761214892997275648,14,0,14
761349941507792896,14,1,15
761570018157031425,14,1,15
762109154160996353,14,1,15
762746289029206016,14,0,14
762777547142758400,14,2,16
763045909382909952,14,1,15
763346742951772160,14,0,14
763743063500095488,14,0,14
763793997462659072,14,0,14
764091814060122112,14,0,14
764109911601123328,14,0,14
764835662382133249,14,0,14
765517019407982593,14,0,14
765711609691906048,14,1,15
766551683937689601,14,1,15
768990686922301440,14,0,14
771406518570852352,14,0,14
771905627220275200,14,2,16
772666594581413888,14,4,18
772775652277817344,14,0,14
773231026009169920,14,0,14
774024608974508032,14,1,15
774239055974273026,14,0,14
774808198322593794,14,0,14
775631997171601408,14,0,14
775980230519427072,14,0,14
776409663541800961,14,0,14
776920338026340352,14,0,14
777021881807310849,14,1,15
777266308480139264,14,0,14
778954490200354816,14,1,15
779003977333563392,14,0,14
779080368494305280,14,3,17
779145585890910208,14,0,14
779699661237985281,14,3,17
780191049637588992,14,2,16
780494406667427840,14,0,14
781222611527139328,14,1,15
782225864813457408,14,0,14
783478419027787776,14,1,15
784359423607209984,14,0,14
784412479627472896,14,2,16
784413017752670208,14,0,14
784950270853873664,14,0,14
785740650540961793,14,0,14
785904499764396032,14,0,14
786292158756229121,14,0,14
786320407867432961,14,0,14
786341891117809665,14,0,14
786575753416695808,14,0,14
787105855279927297,14,1,15
787151146028789763,14,2,16
787243415708823552,14,0,14
787402471119335424,14,0,14
787676543149568000,14,1,15
787696273856036864,14,1,15
787763844231917568,14,0,14
788003644939440128,14,0,14
788094759734644740,14,0,14
788392607692890112,14,0,14
788513507998183424,14,0,14
788647738934124544,14,0,14
788740033683619841,14,0,14
788756372317933572,14,1,15
789622455732011008,14,0,14
789677364196151297,14,1,15
790330198831009793,14,0,14
790665275850891264,14,3,17
790681224700235777,14,0,14
790784952652759040,14,0,14
792069467878588416,14,1,15
792138253910573058,14,0,14
792382820727398400,14,6,20
793148462216773632,14,0,14
793198650642075652,14,1,15
795139740404170752,14,0,14
795892689833250816,14,0,14
796312014285115392,14,0,14
796316790179692544,14,0,14
796411352076066816,14,0,14
796826431271698432,14,0,14
797544507487227904,14,1,15
799206160943304705,14,0,14
803739752826433537,14,0,14
5539902,13,22,35
7716692,13,21,34
9251032,13,1,14
9281212,13,0,13
10070082,13,0,13
14073052,13,1,14
14170285,13,1,14
14326865,13,9,22
14340761,13,0,13
14524566,13,27,40
14761282,13,8,21
14794544,13,0,13
14794913,13,7,20
15150904,13,52,65
15158378,13,0,13
15422042,13,0,13
15518855,13,5,18
15809449,13,2,15
15880390,13,24,37
15909404,13,0,13
16118314,13,2,15
16121820,13,1,14
16163639,13,40,53
16275311,13,2,15
16363462,13,0,13
16659187,13,22,35
16807199,13,1,14
16831827,13,1,14
16912536,13,0,13
17190356,13,2,15
17214980,13,2,15
17278992,13,14,27
17291452,13,3,16
17427218,13,13,26
17543438,13,2,15
17597031,13,11,24
17614726,13,3,16
17651152,13,0,13
17688757,13,3,16
17750752,13,0,13
17953982,13,4,17
18027048,13,0,13
18292066,13,0,13
18364496,13,2,15
19052100,13,0,13
19056900,13,13,26
19058949,13,3,16
19059966,13,2,15
19131322,13,8,21
19145935,13,1,14
19163142,13,15,28
19178811,13,2,15
19216617,13,9,22
19665440,13,6,19
19669366,13,62,75
19737961,13,1,14
19740477,13,3,16
19863866,13,3,16
20072611,13,1,14
20115368,13,39,52
20274806,13,0,13
20593946,13,0,13
20634939,13,212,225
20757381,13,0,13
21002422,13,1,14
21037189,13,0,13
21213421,13,0,13
21352313,13,3,16
21427532,13,1,14
21516232,13,0,13
21771686,13,14,27
21789755,13,0,13
21953248,13,86,99
21971111,13,1,14
22029634,13,0,13
22230285,13,0,13
22477910,13,0,13
22634280,13,2,15
22817190,13,0,13
22874752,13,4,17
22902652,13,6,19
23028301,13,0,13
23362545,13,2,15
23580599,13,0,13
23910844,13,40,53
24035161,13,7,20
24046940,13,24,37
24092727,13,1,14
24358969,13,3,16
24466497,13,0,13
24719090,13,4,17
24978351,13,0,13
25026363,13,0,13
25135325,13,44,57
25359850,13,0,13
25511878,13,4,17
25608035,13,0,13
25727872,13,0,13
25766709,13,0,13
25854943,13,0,13
25878710,13,0,13
25938388,13,1,14
26120406,13,1,14
26205329,13,1,14
26501472,13,0,13
26694773,13,1,14
26702253,13,6,19
26876136,13,1,14
27894377,13,0,13
28009510,13,1,14
28450531,13,30,43
28581993,13,0,13
28602340,13,3,16
28615971,13,1,14
28787382,13,0,13
28902705,13,0,13
28958495,13,0,13
28985451,13,0,13
29746168,13,0,13
29913890,13,3,16
30460070,13,3,16
30675595,13,2,15
30760653,13,0,13
30991176,13,0,13
31158873,13,0,13
31219558,13,1,14
31321976,13,1,14
31351471,13,0,13
31623445,13,0,13
31727602,13,0,13
32138442,13,0,13
32587634,13,98,111
33171866,13,0,13
33260951,13,1,14
33762777,13,0,13
34181213,13,2,15
34953508,13,0,13
35244263,13,23,36
35357560,13,1,14
35779221,13,0,13
35962023,13,1,14
37093993,13,3,16
37431585,13,0,13
37497836,13,1,14
38109190,13,0,13
38182445,13,20,33
39195666,13,0,13
39675274,13,0,13
39737021,13,0,13
40204783,13,1,14
40336955,13,13,26
40783447,13,1,14
40879151,13,0,13
42335390,13,0,13
42744368,13,2,15
42786325,13,0,13
42979713,13,1,14
43426166,13,0,13
43734816,13,1,14
43843368,13,0,13
44075260,13,8,21
44260891,13,1,14
44626786,13,0,13
44778859,13,3,16
45474081,13,0,13
45770282,13,2,15
46296116,13,0,13
46378571,13,1,14
46446488,13,2,15
47081753,13,11,24
47085809,13,1,14
47434357,13,0,13
48056728,13,1,14
48258928,13,83,96
48486244,13,0,13
48723457,13,1,14
48961308,13,4,17
49013218,13,2,15
49169452,13,1,14
49219756,13,1,14
49367691,13,1,14
49449923,13,0,13
50041304,13,1,14
50370046,13,18,31
51310793,13,38,51
51788651,13,0,13
52472589,13,1,14
53283278,13,26,39
53499607,13,2,15
53976892,13,0,13
54087109,13,0,13
54954072,13,1,14
55937386,13,0,13
56192739,13,0,13
57249443,13,3,16
57267022,13,0,13
58174783,13,1,14
58684655,13,3,16
59434294,13,7,20
60426701,13,1,14
60467856,13,1,14
60994106,13,2,15
61788166,13,4,17
62885484,13,4,17
63580642,13,1,14
63859236,13,9,22
64047470,13,1,14
64405364,13,1,14
64595423,13,0,13
65221033,13,1,14
67563281,13,0,13
68164526,13,0,13
69209757,13,2,15
69412801,13,1,14
69874367,13,1,14
70301647,13,0,13
70518139,13,0,13
71918006,13,0,13
72082974,13,0,13
73093201,13,0,13
74641039,13,0,13
74778688,13,6,19
75436954,13,0,13
77001975,13,0,13
77346660,13,1,14
79532585,13,52,65
82199661,13,0,13
83530948,13,0,13
84755746,13,0,13
85117657,13,35,48
85161137,13,1,14
85997303,13,1,14
86002703,13,0,13
86463993,13,0,13
86602514,13,1,14
86997733,13,0,13
87581072,13,0,13
87769330,13,0,13
88427831,13,43,56
88929040,13,0,13
89454231,13,0,13
89505480,13,1,14
90803598,13,34,47
91767511,13,0,13
92622448,13,2,15
92859297,13,2,15
93251080,13,32,45
93566460,13,0,13
95705320,13,0,13
96312731,13,2,15
96368753,13,0,13
96849429,13,0,13
97115402,13,0,13
97308426,13,1,14
99847545,13,1,14
101068845,13,2,15
101115655,13,0,13
102207210,13,0,13
102418398,13,1,14
104032955,13,0,13
104393674,13,2,15
107851409,13,0,13
110192074,13,1,14
112010839,13,0,13
117197740,13,0,13
117625714,13,0,13
118406943,13,1,14
119315975,13,1,14
121182080,13,0,13
123049736,13,0,13
123666193,13,1,14
124046612,13,0,13
124410425,13,0,13
126159995,13,0,13
127886719,13,0,13
128604687,13,154,167
129879392,13,0,13
130319078,13,0,13
134545906,13,0,13
135065451,13,1,14
135139643,13,0,13
135191334,13,0,13
135717495,13,0,13
136432427,13,4,17
136684975,13,3,16
138275643,13,0,13
138581916,13,1,14
138993808,13,2,15
139217461,13,0,13
140370955,13,1,14
140469587,13,0,13
140894915,13,1,14
141000817,13,0,13
142379064,13,0,13
142475908,13,0,13
144206754,13,73,86
146535286,13,0,13
147944578,13,0,13
152746123,13,7,20
153590959,13,4,17
156285331,13,4,17
156713905,13,0,13
157476541,13,0,13
159094719,13,9,22
159294634,13,0,13
160357324,13,0,13
161953542,13,0,13
164124057,13,1,14
165443183,13,1,14
166713322,13,1,14
169063212,13,50,63
170739009,13,1,14
171303295,13,1,14
172887246,13,0,13
173205440,13,0,13
175374379,13,0,13
178124513,13,0,13
181228776,13,2,15
181356930,13,4,17
182087152,13,3,16
185568256,13,1,14
186413830,13,0,13
186467957,13,1,14
189254142,13,1,14
191236835,13,0,13
192398928,13,0,13
196669323,13,2,15
197265148,13,0,13
200951410,13,0,13
201989602,13,2,15
210819084,13,0,13
210998305,13,1,14
212615359,13,0,13
212769991,13,76,89
213546106,13,1,14
214598256,13,0,13
217456017,13,0,13
217834196,13,1,14
218252857,13,1,14
218666554,13,0,13
218747317,13,1,14
221748931,13,0,13
221810111,13,0,13
222387441,13,1,14
223190592,13,1,14
223525789,13,1,14
225444173,13,2,15
225907026,13,0,13
226322098,13,2,15
229739659,13,0,13
231079847,13,8,21
232330159,13,53,66
232932541,13,4,17
233465804,13,1,14
234464514,13,1,14
236205140,13,7,20
237587916,13,1,14
240555684,13,41,54
240662590,13,0,13
241130649,13,0,13
241981136,13,2,15
242438723,13,39,52
242874600,13,18,31
243317260,13,2,15
243813534,13,0,13
244853711,13,0,13
245780164,13,0,13
246335616,13,0,13
246570558,13,0,13
248878026,13,1,14
249332641,13,2,15
251380256,13,4,17
252351846,13,0,13
252353889,13,72,85
255112736,13,14,27
255791158,13,2,15
256250696,13,0,13
256704936,13,1,14
257531308,13,0,13
258025056,13,3,16
258616893,13,0,13
259115841,13,2,15
259356333,13,2,15
259362322,13,0,13
260848405,13,37,50
261239939,13,0,13
261419030,13,0,13
262226227,13,1,14
263330063,13,1,14
263335079,13,4,17
263385908,13,1,14
264050862,13,5,18
266106751,13,0,13
266851753,13,0,13
267759071,13,2,15
268959807,13,1,14
268984962,13,0,13
270975043,13,2,15
271093564,13,0,13
271828234,13,0,13
272431268,13,11,24
273151261,13,0,13
274291198,13,0,13
274673203,13,7,20
274700845,13,0,13
275190051,13,5,18
278011665,13,1,14
278717550,13,0,13
280235129,13,1,14
280451091,13,19,32
280646623,13,0,13
280816894,13,1,14
281998968,13,53,66
282654181,13,0,13
286760617,13,0,13
288337039,13,9,22
288964640,13,0,13
290658765,13,3,16
294843986,13,0,13
296402033,13,0,13
298361520,13,0,13
298646188,13,0,13
298997025,13,101,114
301543744,13,0,13
303122570,13,0,13
305058487,13,0,13
305944410,13,0,13
306977257,13,0,13
310033671,13,3,16
313001959,13,1,14
316091496,13,0,13
316788214,13,6,19
317227020,13,0,13
318719834,13,0,13
320682437,13,0,13
321900940,13,1,14
322512693,13,0,13
322655860,13,2,15
323729282,13,0,13
324888907,13,1,14
325706016,13,0,13
326261271,13,1,14
326306496,13,0,13
326489988,13,2,15
327376703,13,0,13
328031388,13,0,13
329735073,13,3,16
331376866,13,2,15
332954364,13,0,13
333617720,13,0,13
334603161,13,2,15
335341470,13,0,13
335347855,13,0,13
338661843,13,3,16
339278388,13,0,13
339447195,13,5,18
340145013,13,0,13
342480764,13,1,14
342780479,13,3,16
345201831,13,0,13
345528511,13,2,15
345629680,13,0,13
346382931,13,0,13
347927563,13,19,32
349228040,13,0,13
351025262,13,1,14
353461486,13,13,26
355092961,13,1,14
356962840,13,2,15
357090691,13,40,53
358557704,13,0,13
358916954,13,0,13
358972147,13,2,15
360373188,13,0,13
361545699,13,0,13
363343129,13,0,13
366110782,13,3,16
366968982,13,1,14
370708942,13,2,15
374019355,13,0,13
375251236,13,0,13
377628601,13,0,13
380376280,13,0,13
380990062,13,0,13
381070733,13,19,32
382945513,13,3,16
385482181,13,0,13
385502831,13,1,14
385606496,13,0,13
385732310,13,17,30
390696780,13,18,31
391710881,13,2,15
391958055,13,0,13
392759748,13,2,15
392848208,13,0,13
393002630,13,1,14
393469195,13,6,19
393559440,13,0,13
393719256,13,0,13
399131503,13,0,13
400081361,13,3,16
400849604,13,4,17
401128551,13,0,13
402062483,13,0,13
405147958,13,1,14
406443172,13,1,14
408112541,13,2,15
408756567,13,2,15
408947366,13,2,15
409500841,13,2,15
410189286,13,0,13
414207033,13,0,13
415272771,13,0,13
415519370,13,0,13
418105123,13,1,14
419851690,13,2,15
420148179,13,6,19
422337739,13,0,13
424659720,13,0,13
427735173,13,2,15
429660359,13,0,13
431232780,13,0,13
435529332,13,43,56
437541777,13,3,16
438208553,13,1,14
438741589,13,0,13
438848563,13,1,14
445966346,13,17,30
446244671,13,0,13
446946729,13,0,13
450138864,13,3,16
453128140,13,0,13
455463026,13,2,15
457998446,13,1,14
458882421,13,1,14
460245074,13,0,13
460306596,13,0,13
460517397,13,0,13
460721761,13,0,13
468009701,13,0,13
468982444,13,0,13
469485790,13,1,14
472653307,13,3,16
474609984,13,0,13
475105475,13,1,14
475357022,13,0,13
475962776,13,2,15
477107920,13,2,15
480627662,13,0,13
480741630,13,1,14
484112309,13,0,13
484119725,13,2,15
484392100,13,0,13
485389497,13,4,17
487751114,13,0,13
490358055,13,0,13
490442378,13,1,14
491434290,13,2,15
493647991,13,0,13
493799966,13,0,13
495675076,13,0,13
498104181,13,0,13
498147755,13,2,15
514793921,13,22,35
514928516,13,2,15
519025164,13,48,61
525093493,13,0,13
526838156,13,0,13
528581970,13,0,13
529559476,13,2,15
532727261,13,3,16
533356814,13,3,16
533359010,13,0,13
533420020,13,0,13
533861025,13,0,13
534667698,13,2,15
543100520,13,0,13
544664866,13,1,14
546949422,13,0,13
549438168,13,0,13
553385067,13,5,18
554223333,13,0,13
556075679,13,2,15
556193280,13,0,13
556224141,13,23,36
560021764,13,2,15
561693655,13,0,13
562546851,13,6,19
562555526,13,0,13
562661529,13,0,13
565950438,13,1,14
567156832,13,2,15
568678633,13,1,14
574038392,13,2,15
577542778,13,1,14
580546410,13,0,13
582641228,13,0,13
585355293,13,0,13
587086805,13,5,18
587450353,13,1,14
588653841,13,1,14
590375230,13,0,13
591179346,13,0,13
592853778,13,0,13
594977106,13,2,15
595113982,13,3,16
595704980,13,0,13
595779264,13,0,13
595802967,13,2,15
599468635,13,2,15
605576332,13,4,17
606018621,13,11,24
606565180,13,0,13
610554846,13,0,13
610940307,13,0,13
611683512,13,0,13
618979636,13,0,13
632028989,13,0,13
632451267,13,0,13
632514374,13,0,13
634206528,13,1,14
634786832,13,0,13
635772687,13,0,13
636021954,13,1,14
636192957,13,2,15
637095652,13,0,13
637378200,13,0,13
702808427,13,0,13
706977590,13,0,13
711487408,13,32,45
716331431,13,0,13
716359009,13,0,13
717117104,13,0,13
723447702,13,2,15
724305529,13,0,13
736951440,13,0,13
751956770,13,0,13
755950314,13,0,13
760430132,13,1,14
763898126,13,0,13
765953809,13,1,14
766729603,13,1,14
773440021,13,2,15
781371608,13,0,13
788318868,13,0,13
789498620,13,0,13
794177658,13,1,14
798884040,13,0,13
800649050,13,0,13
802844174,13,12,25
804056125,13,28,41
807566756,13,0,13
809679248,13,3,16
809841650,13,2,15
810898260,13,4,17
814054454,13,39,52
820222220,13,0,13
823253312,13,0,13
823776234,13,3,16
824171096,13,2,15
828068220,13,3,16
831501763,13,0,13
831568484,13,0,13
837792786,13,0,13
838744770,13,2,15
840188797,13,2,15
840430100,13,1,14
844562467,13,1,14
844631388,13,10,23
845720863,13,0,13
845997336,13,2,15
849984217,13,0,13
851512388,13,16,29
856441238,13,1,14
859116272,13,28,41
859869386,13,2,15
860567124,13,2,15
860669334,13,1,14
860726142,13,27,40
863439654,13,0,13
865538113,13,6,19
869929628,13,0,13
870662736,13,0,13
874666160,13,1,14
874698217,13,2,15
878330492,13,0,13
882996836,13,10,23
884375935,13,1,14
889712364,13,1,14
892355978,13,20,33
894381348,13,0,13
896437094,13,0,13
898911343,13,0,13
901039452,13,1,14
921553350,13,1,14
923641921,13,1,14
924519457,13,6,19
933435002,13,1,14
933490604,13,0,13
934715324,13,0,13
935424727,13,0,13
937935620,13,0,13
954254209,13,0,13
954749178,13,2,15
961486051,13,19,32
965298974,13,9,22
971075875,13,0,13
977524813,13,151,164
977578987,13,59,72
984212630,13,1,14
993375716,13,1,14
996026984,13,1,14
1002952122,13,0,13
1005465739,13,0,13
1005675566,13,56,69
1020693991,13,0,13
1024602439,13,0,13
1025614039,13,0,13
1027809378,13,1,14
1056565525,13,0,13
1070466906,13,1,14
1078347888,13,1,14
1086940165,13,0,13
1089521252,13,2,15
1093676077,13,2,15
1105817226,13,0,13
1105925390,13,0,13
1107642068,13,1,14
1109489928,13,4,17
1109531767,13,2,15
1112054485,13,0,13
1113699042,13,0,13
1117363285,13,2,15
1124793164,13,14,27
1138786148,13,2,15
1139784158,13,2,15
1143762104,13,1,14
1150585999,13,0,13
1158014083,13,2,15
1199134992,13,0,13
1201588993,13,0,13
1201650390,13,0,13
1214588815,13,1,14
1219415456,13,4,17
1228892215,13,8,21
1230987930,13,0,13
1244838444,13,0,13
1246197373,13,0,13
1247829421,13,1,14
1249345100,13,0,13
1253537509,13,0,13
1260552937,13,0,13
1263039614,13,0,13
1268309995,13,2,15
1285470354,13,1,14
1286650968,13,3,16
1310305866,13,1,14
1311239418,13,0,13
1328073102,13,0,13
1332710534,13,1,14
1332895716,13,1,14
1337191410,13,1,14
1343409090,13,0,13
1345203475,13,1,14
1350525013,13,0,13
1357813057,13,0,13
1360654633,13,6,19
1362973190,13,0,13
1366586622,13,1,14
1377105552,13,0,13
1377251935,13,0,13
1387193570,13,0,13
1387697934,13,0,13
1408489530,13,3,16
1412146206,13,1,14
1442153910,13,1,14
1456065164,13,0,13
1468958264,13,0,13
1474955562,13,1,14
1476160183,13,0,13
1507311499,13,0,13
1521839923,13,1,14
1522233546,13,0,13
1526040211,13,0,13
1553784145,13,0,13
1557946734,13,54,67
1558814131,13,2,15
1566650000,13,92,105
1577809932,13,1,14
1587466063,13,1,14
1590170551,13,0,13
1591246537,13,4,17
1604622487,13,1,14
1611381841,13,2,15
1617920198,13,18,31
1621733996,13,1,14
1630857529,13,3,16
1646552162,13,2,15
1648119618,13,0,13
1650293515,13,0,13
1656854814,13,0,13
1658844264,13,0,13
1684459844,13,5,18
1713975984,13,0,13
1720135123,13,0,13
1726482864,13,0,13
1730808588,13,0,13
1772912448,13,1,14
1866515948,13,0,13
1867948308,13,0,13
1883010258,13,1,14
1905450626,13,1,14
1918405448,13,0,13
1918970364,13,0,13
1932827204,13,3,16
1933259448,13,49,62
1935485820,13,0,13
1935526057,13,0,13
1948326829,13,0,13
1961222886,13,0,13
1968864102,13,1,14
1969854638,13,2,15
1970209064,13,27,40
1976922576,13,1,14
2151953562,13,28,41
2157985906,13,1,14
2165541865,13,1,14
2166891876,13,0,13
2167450238,13,0,13
2172864360,13,1,14
2176147428,13,0,13
2186713040,13,0,13
2187376209,13,0,13
2187994738,13,1,14
2190743918,13,1,14
2198228839,13,0,13
2198382409,13,0,13
2198799080,13,0,13
2200469485,13,0,13
2201702179,13,3,16
2202241436,13,0,13
2204151218,13,0,13
2204987781,13,0,13
2205307702,13,0,13
2207983856,13,20,33
2211578611,13,2,15
2219634163,13,5,18
2219908493,13,0,13
2220506960,13,1,14
2223970000,13,0,13
2224269474,13,1,14
2226209612,13,1,14
2243399487,13,0,13
2251173986,13,0,13
2257188564,13,15,28
2258935390,13,0,13
2259421699,13,0,13
2262117780,13,1,14
2273480588,13,39,52
2278047080,13,0,13
2285393028,13,0,13
2290095248,13,1,14
2297047892,13,0,13
2297287812,13,0,13
2301712239,13,3,16
2302134103,13,1,14
2303913996,13,39,52
2305350474,13,0,13
2305422800,13,0,13
2314105303,13,1,14
2330679966,13,1,14
2335700454,13,0,13
2345943294,13,1,14
2350372873,13,0,13
2350843699,13,1,14
2360832798,13,0,13
2365035804,13,0,13
2369949012,13,5,18
2372275920,13,0,13
2374042004,13,10,23
2382503989,13,0,13
2393239022,13,1,14
2393581879,13,1,14
2400514933,13,1,14
2407837068,13,16,29
2411241788,13,0,13
2414713926,13,2,15
2417849328,13,61,74
2418192986,13,1,14
2418948093,13,3,16
2421228369,13,190,203
2421258722,13,1,14
2426812660,13,0,13
2445575938,13,0,13
2448442819,13,0,13
2451788305,13,0,13
2452965958,13,0,13
2454097038,13,0,13
2460655577,13,0,13
2465019278,13,1,14
2466984685,13,0,13
2467221034,13,1,14
2470629656,13,0,13
2475664423,13,1,14
2476744728,13,1,14
2481255624,13,28,41
2486429757,13,0,13
2508309150,13,0,13
2509028211,13,1,14
2511333536,13,1,14
2517972111,13,6,19
2518142015,13,2,15
2522358388,13,0,13
2528078443,13,0,13
2536714351,13,0,13
2540218875,13,3,16
2544315597,13,1,14
2544335442,13,17,30
2548663428,13,0,13
2551238826,13,0,13
2558835048,13,1,14
2561274363,13,0,13
2570188195,13,0,13
2570958510,13,3,16
2581221601,13,0,13
2596755883,13,0,13
2609080965,13,0,13
2612559980,13,1,14
2612687124,13,0,13
2614957939,13,0,13
2618545285,13,2,15
2621907359,13,0,13
2638607271,13,1,14
2653335268,13,1,14
2656183728,13,1,14
2663833982,13,0,13
2670951600,13,1,14
2678256842,13,0,13
2681304936,13,0,13
2687852175,13,0,13
2688584306,13,50,63
2695616874,13,0,13
2712817529,13,3,16
2716396488,13,3,16
2724571536,13,6,19
2728468209,13,1,14
2729575889,13,47,60
2737455611,13,0,13
2739348212,13,1,14
2740220411,13,0,13
2745748828,13,0,13
2752967992,13,2,15
2758750863,13,0,13
2759849080,13,0,13
2767073855,13,1,14
2774348379,13,0,13
2780360712,13,0,13
2780589802,13,0,13
2781126390,13,3,16
2782468024,13,1,14
2785249391,13,0,13
2794683217,13,0,13
2806604058,13,1,14
2811854974,13,1,14
2813818866,13,3,16
2816034688,13,0,13
2816389687,13,0,13
2836209635,13,0,13
2836678822,13,0,13
2840507843,13,0,13
2841652475,13,2,15
2842156169,13,0,13
2846757844,13,2,15
2848954575,13,0,13
2851081194,13,1,14
2853761597,13,3,16
2853984334,13,0,13
2859077261,13,0,13
2863821045,13,1,14
2867210533,13,0,13
2868489318,13,0,13
2871170340,13,1,14
2872691287,13,0,13
2873852461,13,2,15
2877402347,13,1,14
2883604951,13,4,17
2886095098,13,1,14
2890676769,13,0,13
2892113915,13,2,15
2892798304,13,1,14
2895896323,13,4,17
2903263931,13,2,15
2904707494,13,0,13
2907538328,13,0,13
2923742921,13,0,13
2938879381,13,0,13
2940545469,13,0,13
2947982368,13,1,14
2951888973,13,1,14
2955193089,13,0,13
2956321963,13,1,14
2956907564,13,2,15
2966859210,13,0,13
2969477171,13,0,13
2970815432,13,1,14
2971295925,13,0,13
2975236341,13,0,13
2980539639,13,0,13
2983208653,13,1,14
2984823707,13,0,13
2989202299,13,0,13
3000570031,13,0,13
3005967147,13,0,13
3006482092,13,7,20
3012484640,13,0,13
3015769570,13,0,13
3017400805,13,37,50
3018534915,13,2,15
3018934037,13,0,13
3026020697,13,21,34
3033239928,13,0,13
3035104155,13,1,14
3036763592,13,0,13
3042332424,13,0,13
3044549208,13,5,18
3045102860,13,0,13
3045451903,13,16,29
3048128511,13,1,14
3055785488,13,1,14
3058453790,13,1,14
3064998581,13,0,13
3073654150,13,21,34
3074028617,13,0,13
3079986094,13,13,26
3082608188,13,0,13
3084428675,13,1,14
3084934406,13,1,14
3098964876,13,0,13
3108829436,13,0,13
3120799914,13,1,14
3131055521,13,0,13
3138055501,13,0,13
3153115992,13,3,16
3161255514,13,3,16
3168258530,13,0,13
3170722166,13,0,13
3173775066,13,1,14
3187439772,13,2,15
3188095939,13,0,13
3188210995,13,1,14
3194409189,13,1,14
3207634137,13,0,13
3207769199,13,0,13
3211507067,13,1,14
3216762959,13,2,15
3219825611,13,1,14
3230853392,13,12,25
3230937520,13,3,16
3232420087,13,0,13
3233132948,13,0,13
3234408417,13,1,14
3235781586,13,0,13
3237925740,13,0,13
3241630417,13,1,14
3242282423,13,1,14
3243958059,13,0,13
3250075058,13,1,14
3252448547,13,0,13
3255069311,13,0,13
3270302156,13,1,14
3273293636,13,0,13
3273749714,13,2,15
3279142772,13,3,16
3286480659,13,1,14
3289137513,13,0,13
3289184786,13,0,13
3291287113,13,5,18
3296368816,13,0,13
3297251422,13,0,13
3298049407,13,0,13
3299253784,13,2,15
3300140956,13,0,13
3300732967,13,1,14
3301554829,13,3,16
3301726709,13,0,13
3302737363,13,0,13
3307155135,13,1,14
3309054674,13,0,13
3310143846,13,2,15
3310714556,13,0,13
3318317879,13,0,13
3321788900,13,0,13
3342782873,13,1,14
3343309577,13,1,14
3345490205,13,0,13
3358476593,13,0,13
3359956055,13,13,26
3360093633,13,0,13
3361836573,13,0,13
3367878088,13,0,13
3372141252,13,0,13
3373014359,13,0,13
3379313458,13,1,14
3382008621,13,1,14
3385838248,13,45,58
3388297109,13,1,14
3390516207,13,0,13
3394104999,13,0,13
3396238763,13,0,13
3397286780,13,0,13
3397533639,13,0,13
3403248579,13,1,14
3408690993,13,22,35
3409683004,13,0,13
3410304976,13,0,13
3413357080,13,0,13
3420908103,13,1,14
3425213511,13,1,14
3430731647,13,1,14
3435157629,13,0,13
3437392077,13,2,15
3444072078,13,1,14
3448617916,13,1,14
3452743032,13,1,14
3460943473,13,0,13
3464356520,13,0,13
3485027415,13,0,13
3486818352,13,2,15
3515385263,13,0,13
3530718374,13,3,16
3535292002,13,1,14
3592503441,13,9,22
3593499977,13,0,13
3620475495,13,1,14
3634721415,13,0,13
3642926714,13,0,13
3643611973,13,0,13
3649970475,13,1,14
3654145274,13,11,24
3654605656,13,5,18
3656021658,13,2,15
3666323838,13,7,20
3712288516,13,1,14
3740921128,13,0,13
3770755153,13,0,13
3802200040,13,0,13
3817655326,13,2,15
3858734717,13,2,15
3866393207,13,1,14
3884681113,13,0,13
3897219198,13,1,14
3899549477,13,2,15
3905069575,13,1,14
3920426061,13,60,73
3940816709,13,3,16
3951736702,13,0,13
3958254802,13,0,13
3979712477,13,1,14
3981757870,13,0,13
3993460632,13,0,13
4017653352,13,45,58
4072379236,13,0,13
4073722333,13,0,13
4103200533,13,0,13
4126703173,13,63,76
4144088020,13,1,14
4147434554,13,0,13
4161055163,13,4,17
4191384772,13,3,16
4204555638,13,1,14
4210362046,13,1,14
4229157745,13,0,13
4241984015,13,1,14
4246782124,13,0,13
4247913261,13,2,15
4261082614,13,0,13
4262191877,13,0,13
4288744516,13,0,13
4336418954,13,3,16
4350976092,13,0,13
4389249678,13,2,15
4389258215,13,0,13
4408824333,13,0,13
4410419542,13,0,13
4417223172,13,0,13
4441613267,13,1,14
4444079477,13,1,14
4496706159,13,2,15
4518391693,13,0,13
4535219532,13,0,13
4560016829,13,2,15
4566979040,13,0,13
4572431595,13,0,13
4581946221,13,1,14
4599376093,13,1,14
4602191602,13,0,13
4615390939,13,1,14
4622811320,13,0,13
4640765815,13,0,13
4646472073,13,0,13
4686690842,13,0,13
4690230878,13,0,13
4702004719,13,3,16
4706351601,13,0,13
4708760416,13,0,13
4713599028,13,2,15
4726333573,13,0,13
4771480634,13,0,13
4790337246,13,0,13
4795693398,13,1,14
4815903735,13,1,14
4821135339,13,1,14
4824771125,13,0,13
4825625435,13,0,13
4826412498,13,1,14
4837088320,13,0,13
4838288414,13,10,23
4839404062,13,0,13
4839472522,13,2,15
4839919690,13,0,13
4847039181,13,1,14
4850755865,13,0,13
4858779479,13,1,14
4859475975,13,35,48
4860599665,13,5,18
4870727583,13,0,13
4875625013,13,0,13
4884090904,13,17,30
4885908499,13,1,14
4886039295,13,0,13
4889338797,13,0,13
4906853915,13,0,13
4911156555,13,5,18
4916553442,13,2,15
695254219020967936,13,0,13
697831925730275329,13,0,13
700450578258927616,13,0,13
700758802425970688,13,1,14
700882092154966017,13,0,13
701170828805668864,13,1,14
701463454331199489,13,0,13
702209245677281280,13,0,13
702751187620081664,13,0,13
702924238274109440,13,2,15
702956068620496896,13,1,14
704155233853702144,13,2,15
704511154480156672,13,8,21
704805115010527232,13,1,14
705547411490512896,13,0,13
706244165609213952,13,0,13
706553596175900672,13,1,14
706586325072400386,13,0,13
706602069222944768,13,2,15
707339944050692096,13,0,13
708114112320962561,13,1,14
708464442019848192,13,2,15
708769424195645440,13,0,13
709388957046280192,13,0,13
709860664538312705,13,0,13
710233103910903808,13,0,13
710317912377008128,13,0,13
710471692896837632,13,1,14
711099785659457536,13,0,13
711226664680865792,13,13,26
711259174475272193,13,0,13
711576320690393090,13,6,19
711696227205836804,13,1,14
711793053871312896,13,0,13
711907970280456192,13,3,16
712386271037890561,13,0,13
712723605088374784,13,0,13
712970738337099776,13,11,24
713141248207556609,13,0,13
713896360471166977,13,0,13
714177881111445505,13,2,15
714178029086314496,13,0,13
714606155083816960,13,0,13
714920195400269826,13,1,14
715445893810368512,13,76,89
715608695996960770,13,0,13
715954031361990656,13,1,14
716771374660866048,13,2,15
717037294092423170,13,1,14
719028209916973056,13,0,13
719944642402324480,13,3,16
720060830805430272,13,0,13
720339929608249345,13,0,13
720434235509575681,13,0,13
720664787324153857,13,0,13
721149181352497153,13,0,13
721563885325553665,13,1,14
723217917450588164,13,0,13
723326259166507009,13,1,14
723349823479373824,13,0,13
723651304023691264,13,0,13
725859719945019396,13,0,13
726492410725978113,13,1,14
728286360159817729,13,5,18
728382206133948416,13,0,13
729006170002759684,13,0,13
729453298600681472,13,3,16
729684366788468736,13,21,34
729815811012038657,13,4,17
730173433326260225,13,2,15
730406315084779521,13,0,13
730473876812009472,13,0,13
730562031426932736,13,0,13
731615474115612672,13,0,13
731670733454233600,13,4,17
732767587650670592,13,18,31
733678425806934016,13,0,13
734458815874269186,13,5,18
735191134649999360,13,1,14
735300837942034432,13,0,13
735398138886791168,13,1,14
736260123098644481,13,0,13
736701824355291136,13,3,16
736773706291240960,13,14,27
737264996468576256,13,0,13
738198103455617025,13,1,14
738246051736391684,13,3,16
738382430332063745,13,15,28
738469772770168832,13,0,13
738721186826178563,13,4,17
738768618494648320,13,0,13
738880258204569600,13,0,13
740415431207485441,13,1,14
741118647427551232,13,1,14
741162512893239296,13,0,13
741353028582674433,13,3,16
741988156099039232,13,1,14
742000780572401665,13,0,13
742149367562264576,13,0,13
742150814467166208,13,1,14
742484118215131136,13,1,14
742494150126276608,13,1,14
742760812440256512,13,0,13
743442190467137536,13,0,13
743958626516213760,13,0,13
744581159032594433,13,0,13
744631682339332101,13,5,18
744716608321445888,13,0,13
744944593947471872,13,0,13
745343360722833409,13,3,16
745699859169165312,13,43,56
746380617210793984,13,1,14
746723082837057537,13,0,13
746857699195813892,13,0,13
747876175247204352,13,1,14
748266316839137280,13,0,13
748691436061720576,13,0,13
748863183855710208,13,1,14
748999126235447296,13,0,13
749281706545385472,13,2,15
749393523351232512,13,0,13
749945237267775488,13,0,13
749992149152923648,13,0,13
749995500196159488,13,2,15
750698054391595008,13,2,15
750765023916650497,13,0,13
750773870936797184,13,0,13
750880737151291392,13,1,14
750953765684047872,13,6,19
751163395013906432,13,5,18
751269296706195456,13,1,14
751528100018741252,13,0,13
751607754314448896,13,1,14
752019215847010304,13,0,13
752178532042862592,13,0,13
752566971804160000,13,1,14
752748181058777088,13,1,14
753429367682764800,13,0,13
753625678617116672,13,0,13
754542043712593920,13,0,13
754582996162752512,13,3,16
755423363439464448,13,1,14
755443768527036416,13,0,13
755555418869407744,13,0,13
755937331463397376,13,0,13
756351757509353472,13,0,13
756357819524345857,13,5,18
756406143082172416,13,0,13
756659591832866817,13,6,19
756892774847438848,13,10,23
757041854126891008,13,0,13
757568389267222528,13,1,14
757606245415149568,13,1,14
757769978909188096,13,1,14
758328141995610112,13,0,13
759001649528475648,13,0,13
759059024394457088,13,5,18
759173707432550400,13,0,13
759941001104486400,13,1,14
760373671236173824,13,0,13
760476687062732800,13,0,13
760532902970925057,13,0,13
760846898617917440,13,0,13
760858392323690496,13,0,13
760993603330174976,13,1,14
761194426614091776,13,0,13
761344017321820160,13,1,14
761412482514681857,13,1,14
761580708988981250,13,2,15
761598048766140416,13,0,13
762438121589870593,13,0,13
762551773940768768,13,0,13
762873996664725506,13,0,13
762887224060940288,13,0,13
763136216359329792,13,1,14
763565794781458432,13,1,14
763586625033023488,13,0,13
763791778491301889,13,0,13
764377889072553985,13,0,13
764532133922693121,13,2,15
765350689002364928,13,0,13
766464589320089602,13,1,14
767176338449006592,13,0,13
768054875368349696,13,0,13
769217927614697472,13,0,13
769261380616749057,13,0,13
769332782183120896,13,2,15
770848269664673792,13,0,13
771030723348267008,13,7,20
771563682262241280,13,1,14
772232811856093184,13,0,13
773611653686554624,13,1,14
773619626269958144,13,0,13
774099479716765698,13,0,13
774770401234726912,13,1,14
775141032820289536,13,61,74
775298097966702593,13,1,14
775679266570768385,13,2,15
775776945594331137,13,0,13
776163363424497665,13,0,13
776634607982764032,13,0,13
776709958607986689,13,0,13
776782611934908416,13,0,13
776880254480748544,13,2,15
777878638511489024,13,1,14
777893790401134593,13,1,14
778960094230896641,13,0,13
779024986220527616,13,0,13
779676595510317056,13,0,13
779745441990713347,13,1,14
780201982829092865,13,1,14
780788839220518912,13,0,13
781588177098252288,13,2,15
781861172970557440,13,0,13
782086905001222144,13,0,13
782693402278109184,13,0,13
782770278426292224,13,0,13
782793066528792577,13,1,14
783160367077818368,13,2,15
783687611474993152,13,1,14
784783149943271425,13,1,14
785002695216263168,13,0,13
785150664238182400,13,2,15
785169473481285632,13,0,13
785235667697569792,13,0,13
785914297524236289,13,1,14
786232508455215105,13,0,13
786413037766873088,13,0,13
786747578012401664,13,0,13
787022557505392640,13,1,14
787292796629749761,13,0,13
787427214140723202,13,5,18
787842162155139072,13,0,13
788162508876054529,13,9,22
788235218121478144,13,0,13
788294664973529088,13,0,13
788382021798158336,13,3,16
789142884847157248,13,0,13
789507558142685184,13,0,13
789620341651877888,13,2,15
790005438481707009,13,0,13
790687525794820096,13,1,14
790737717172789248,13,0,13
790743321912102912,13,0,13
791311721491226624,13,1,14
791740268617707520,13,1,14
792385188978429952,13,0,13
792412954473922560,13,0,13
792709261759512576,13,0,13
793967425276485633,13,0,13
794604144006926336,13,0,13
794630243105538048,13,1,14
794691969108819968,13,0,13
795776679301902336,13,0,13
796432427925311488,13,1,14
796733131147640832,13,0,13
796771157622001664,13,0,13
796844095251554304,13,0,13
796862816246341632,13,0,13
797519637449740288,13,0,13
804387079354519552,13,0,13
1680191,12,3,15
8431652,12,32,44
11783502,12,12,24
12626212,12,4,16
13823302,12,18,30
13950552,12,0,12
14079408,12,1,13
14165438,12,4,16
14170924,12,1,13
14528941,12,2,14
14533816,12,11,23
14968524,12,0,12
14973375,12,19,31
15326206,12,42,54
15420797,12,0,12
15505444,12,1,13
15539399,12,0,12
15542691,12,2,14
15590907,12,0,12
15936831,12,0,12
15964729,12,25,37
16030799,12,0,12
16071350,12,0,12
16072697,12,0,12
16132719,12,52,64
16365009,12,6,18
16371593,12,0,12
16500383,12,0,12
16518607,12,0,12
16805860,12,0,12
17021302,12,4,16
17065072,12,0,12
17078146,12,0,12
17211430,12,2,14
17426310,12,36,48
17453602,12,0,12
17694503,12,0,12
17760092,12,1,13
17832709,12,2,14
17846208,12,2,14
17870410,12,0,12
17895921,12,1,13
17934084,12,2,14
17997831,12,0,12
18103490,12,0,12
18122583,12,105,117
18154414,12,0,12
18160252,12,0,12
18292099,12,0,12
18459548,12,38,50
18492571,12,1,13
18565672,12,2,14
18720386,12,0,12
18959644,12,84,96
18965334,12,3,15
19101867,12,28,40
19141948,12,38,50
19191001,12,0,12
19240599,12,1,13
19420419,12,0,12
19598860,12,0,12
19722723,12,13,25
19941208,12,0,12
20145070,12,0,12
20159955,12,2,14
20308699,12,0,12
20566174,12,0,12
20623400,12,2,14
20730083,12,1,13
20737589,12,99,111
20771736,12,0,12
20783371,12,0,12
20837206,12,0,12
20837497,12,1,13
20952906,12,0,12
21012509,12,14,26
21060213,12,1,13
21164010,12,0,12
21230017,12,1,13
21598656,12,0,12
21603901,12,0,12
21621661,12,1,13
21631041,12,70,82
21794030,12,1,13
21943677,12,1,13
22102899,12,7,19
22264801,12,26,38
22368073,12,0,12
22375545,12,4,16
22375830,12,1,13
22837144,12,1,13
22953032,12,2,14
23138382,12,1,13
23139988,12,0,12
23346166,12,24,36
23537344,12,2,14
23622654,12,2,14
23761487,12,0,12
23785364,12,21,33
23877265,12,0,12
23892865,12,4,16
24041141,12,2,14
24229371,12,1,13
24382532,12,0,12
24466044,12,2,14
24589390,12,1,13
24621442,12,26,38
24658978,12,0,12
24674159,12,0,12
24924077,12,0,12
24970948,12,0,12
25035164,12,1,13
25092604,12,0,12
25607152,12,0,12
25921501,12,22,34
26350674,12,1,13
26549550,12,0,12
26885039,12,1,13
27174089,12,1,13
27213810,12,0,12
27238516,12,0,12
27281124,12,0,12
27437359,12,1,13
27461428,12,9,21
27541864,12,0,12
27878700,12,2,14
27941422,12,0,12
27968672,12,57,69
28137091,12,1,13
28347470,12,1,13
28427929,12,0,12
28476383,12,1,13
28676754,12,1,13
28847899,12,49,61
29009528,12,0,12
29493642,12,1,13
29509060,12,56,68
29699124,12,0,12
30129520,12,0,12
30538170,12,0,12
30736021,12,1,13
30850133,12,1,13
31087423,12,2,14
31205893,12,2,14
31296988,12,0,12
31475986,12,0,12
31521623,12,24,36
31638459,12,0,12
31661626,12,17,29
31915261,12,22,34
32408385,12,2,14
32522055,12,60,72
32581605,12,4,16
32616089,12,1,13
33222260,12,0,12
33465679,12,1,13
33797941,12,1,13
33959324,12,2,14
34228182,12,1,13
34845362,12,0,12
35033756,12,0,12
35487945,12,0,12
35948242,12,0,12
36130764,12,0,12
36394676,12,0,12
36477343,12,0,12
36545100,12,52,64
36732789,12,1,13
36759251,12,0,12
36775802,12,0,12
37268878,12,1,13
37375268,12,0,12
37410763,12,0,12
37505298,12,0,12
38441022,12,1,13
38616293,12,2,14
38847885,12,0,12
39198423,12,3,15
39260727,12,0,12
39993204,12,7,19
40126750,12,1,13
40399300,12,2,14
40566753,12,0,12
41698585,12,1,13
41849649,12,7,19
42108810,12,0,12
42657110,12,31,43
43637720,12,1,13
44382195,12,2,14
45126015,12,0,12
45454970,12,1,13
45569330,12,0,12
45599954,12,1,13
46504042,12,1,13
46548684,12,0,12
46688887,12,0,12
46710093,12,1,13
46815559,12,1,13
46930158,12,1,13
47419120,12,0,12
47732772,12,0,12
47733149,12,1,13
47752015,12,0,12
48025879,12,0,12
48438566,12,6,18
48470839,12,56,68
48776521,12,3,15
48956768,12,0,12
48959561,12,1,13
49129524,12,0,12
49174212,12,0,12
49208409,12,0,12
49210897,12,1,13
49394580,12,6,18
49513642,12,0,12
49875775,12,0,12
50057841,12,4,16
50417872,12,0,12
50934748,12,4,16
51023513,12,0,12
51241418,12,20,32
51339157,12,0,12
51498440,12,0,12
51681238,12,11,23
52150160,12,0,12
52385325,12,0,12
53079884,12,0,12
54426629,12,1,13
54582953,12,0,12
54661743,12,42,54
55131809,12,4,16
55248808,12,0,12
55472025,12,1,13
55566207,12,2,14
55736659,12,3,15
55845061,12,0,12
55993133,12,1,13
56076496,12,0,12
56238923,12,4,16
57174231,12,2,14
57762831,12,3,15
57902576,12,0,12
58149437,12,0,12
58253405,12,1,13
58488161,12,7,19
58685404,12,2,14
63624411,12,0,12
63720916,12,0,12
63820326,12,13,25
64233540,12,0,12
65187918,12,7,19
65401126,12,53,65
65666416,12,1,13
65974890,12,4,16
67621283,12,1,13
67781252,12,0,12
68058764,12,4,16
68748425,12,0,12
68810928,12,7,19
70244163,12,0,12
70299246,12,0,12
71393621,12,0,12
71728259,12,0,12
72315991,12,0,12
72414244,12,0,12
73672728,12,0,12
73797943,12,88,100
74292997,12,3,15
75087004,12,92,104
75093850,12,0,12
76682484,12,0,12
78098629,12,0,12
78975358,12,3,15
79197327,12,0,12
79743108,12,2,14
79846109,12,0,12
80391378,12,0,12
81209043,12,0,12
81406640,12,0,12
84132632,12,0,12
84226971,12,0,12
86363672,12,0,12
87586011,12,0,12
88933360,12,0,12
89253793,12,2,14
89343637,12,2,14
90664162,12,5,17
90802305,12,0,12
91269109,12,12,24
92157633,12,21,33
92237555,12,0,12
92612604,12,0,12
93027509,12,0,12
93623718,12,0,12
93970387,12,2,14
94566513,12,0,12
95002936,12,0,12
95075846,12,0,12
95105360,12,0,12
95185323,12,0,12
95535092,12,1,13
95798223,12,0,12
96233882,12,2,14
98197154,12,0,12
98277512,12,0,12
98427416,12,0,12
100351450,12,1,13
102272757,12,2,14
102575989,12,0,12
103167711,12,26,38
104360245,12,1,13
105799821,12,3,15
106395831,12,2,14
106599628,12,0,12
107017897,12,3,15
108691767,12,0,12
108829833,12,7,19
111461685,12,0,12
113527315,12,0,12
113806387,12,0,12
114024139,12,3,15
114232546,12,82,94
114717187,12,0,12
115782657,12,2,14
115859543,12,1,13
118048366,12,78,90
118472977,12,1,13
120212126,12,0,12
120618787,12,2,14
122376915,12,0,12
122994768,12,0,12
124069045,12,2,14
124153257,12,1,13
124547122,12,0,12
127050046,12,0,12
127104824,12,16,28
127248799,12,0,12
127919016,12,0,12
127989194,12,3,15
128135127,12,1,13
128387870,12,10,22
129218643,12,0,12
130042795,12,0,12
132133971,12,7,19
134319612,12,0,12
136093027,12,1,13
136297274,12,0,12
137832626,12,4,16
138943087,12,1,13
140277529,12,5,17
140639817,12,24,36
141403861,12,23,35
141710222,12,0,12
143011861,12,0,12
143103749,12,6,18
143718435,12,0,12
144248301,12,1,13
146410957,12,0,12
147723974,12,4,16
148185803,12,1,13
148776416,12,0,12
150486258,12,1,13
151336313,12,24,36
153258537,12,0,12
153804170,12,0,12
154704806,12,0,12
157412646,12,1,13
159379957,12,62,74
161435080,12,0,12
163636661,12,5,17
164749328,12,1,13
164910933,12,2,14
167063209,12,0,12
167383354,12,0,12
167787529,12,1,13
168376627,12,0,12
171653386,12,0,12
171766368,12,12,24
172116803,12,4,16
172213895,12,2,14
172524100,12,0,12
172592768,12,1,13
174523869,12,2,14
175467265,12,2,14
178083995,12,0,12
179675761,12,1,13
179792367,12,2,14
180668126,12,0,12
182294790,12,2,14
182840025,12,51,63
183068111,12,0,12
185065687,12,0,12
187266320,12,0,12
187546148,12,1,13
187805921,12,2,14
188599540,12,0,12
189042188,12,60,72
190526088,12,0,12
190773151,12,0,12
192538987,12,1,13
192726525,12,0,12
196848112,12,1,13
197245674,12,8,20
197541888,12,7,19
199470192,12,1,13
200733700,12,0,12
201873298,12,2,14
203351820,12,1,13
205414077,12,0,12
205823356,12,0,12
206830820,12,0,12
207638718,12,1,13
209673508,12,5,17
210103294,12,9,21
211582180,12,0,12
216962147,12,0,12
218778392,12,0,12
220864891,12,0,12
221115739,12,0,12
221285944,12,5,17
221634221,12,1,13
222560613,12,0,12
222594395,12,0,12
224296146,12,0,12
225212488,12,0,12
228550101,12,2,14
228718122,12,0,12
228801227,12,0,12
229754424,12,0,12
230036465,12,0,12
230748240,12,0,12
232078786,12,0,12
232108392,12,0,12
235443172,12,0,12
236195607,12,0,12
236983092,12,0,12
237862156,12,15,27
240682764,12,0,12
241583780,12,134,146
241634539,12,0,12
247072211,12,0,12
247987019,12,0,12
250743158,12,0,12
251776080,12,1,13
253297776,12,0,12
253572234,12,4,16
253775997,12,1,13
254709555,12,0,12
255754490,12,1,13
256124808,12,0,12
256533756,12,0,12
257289052,12,0,12
259485957,12,1,13
262208063,12,0,12
262514795,12,0,12
263029441,12,0,12
263248117,12,1,13
263774589,12,1,13
264127028,12,0,12
264993159,12,0,12
265096889,12,3,15
265500719,12,2,14
265852096,12,0,12
266130366,12,0,12
268281388,12,0,12
268389247,12,2,14
268480648,12,2,14
268982777,12,1,13
271240396,12,15,27
272082993,12,1,13
274747288,12,4,16
275225237,12,0,12
275678851,12,3,15
277425776,12,1,13
278209386,12,2,14
279533332,12,0,12
281850018,12,0,12
282915121,12,2,14
286492669,12,0,12
287260619,12,2,14
288769794,12,1,13
289046909,12,1,13
289679052,12,0,12
291176818,12,1,13
291240985,12,11,23
292519466,12,2,14
292624934,12,0,12
295119772,12,1,13
295925235,12,1,13
297094087,12,1,13
297186667,12,2,14
298571004,12,1,13
299768855,12,0,12
301127978,12,2,14
301530746,12,0,12
302814799,12,4,16
304218448,12,3,15
311247646,12,0,12
316060141,12,0,12
320345802,12,0,12
322363466,12,1,13
322927344,12,3,15
323029611,12,1,13
326152929,12,0,12
326872938,12,0,12
327720735,12,20,32
331096788,12,56,68
331247872,12,33,45
332468031,12,10,22
333597356,12,0,12
333842939,12,8,20
339433442,12,30,42
339611069,12,0,12
339880269,12,6,18
340898041,12,1,13
342669047,12,0,12
343579122,12,0,12
343641231,12,20,32
345696624,12,0,12
347507710,12,1,13
347953560,12,0,12
358847454,12,1,13
360389908,12,0,12
361891239,12,0,12
363240308,12,30,42
364348103,12,0,12
364703609,12,0,12
367701966,12,1,13
368146460,12,0,12
369469601,12,1,13
369766030,12,4,16
369817189,12,1,13
370141530,12,0,12
370700098,12,0,12
371520405,12,0,12
371903299,12,0,12
373662968,12,0,12
374463980,12,5,17
374495204,12,0,12
375709212,12,0,12
375943181,12,2,14
377061609,12,1,13
378735981,12,1,13
382503016,12,0,12
384462620,12,0,12
384483993,12,0,12
385560359,12,1,13
385976050,12,0,12
386208188,12,0,12
387201661,12,0,12
387261715,12,1,13
390244251,12,0,12
390381990,12,5,17
391897915,12,39,51
394118425,12,0,12
394321115,12,0,12
394642779,12,1,13
395441626,12,0,12
397250031,12,0,12
397585567,12,0,12
398027768,12,1,13
398400514,12,2,14
398932680,12,0,12
398989949,12,0,12
401022871,12,2,14
402727395,12,0,12
404305941,12,1,13
404852430,12,0,12
405336045,12,0,12
407011441,12,0,12
407048454,12,58,70
409449561,12,1,13
410853772,12,1,13
411127156,12,0,12
411996838,12,0,12
413583598,12,0,12
414141288,12,1,13
416586428,12,1,13
416596987,12,6,18
417243144,12,0,12
418156943,12,1,13
418653695,12,18,30
419084104,12,1,13
421292402,12,0,12
422164503,12,7,19
423351602,12,0,12
423463825,12,0,12
424124066,12,5,17
427078055,12,21,33
427873707,12,2,14
429146543,12,0,12
433629336,12,0,12
434722591,12,0,12
438006222,12,6,18
440270718,12,0,12
441197202,12,0,12
443318003,12,2,14
443346137,12,0,12
446305805,12,1,13
447585721,12,0,12
448657878,12,0,12
449324558,12,0,12
451256477,12,1,13
451624015,12,1,13
453122180,12,1,13
453265065,12,3,15
454544636,12,0,12
457675224,12,0,12
459695602,12,0,12
461619791,12,16,28
464236389,12,0,12
468379842,12,4,16
468534243,12,6,18
470040782,12,0,12
474350662,12,1,13
474428104,12,0,12
475030642,12,125,137
476913790,12,1,13
479603297,12,0,12
480572063,12,0,12
481458568,12,0,12
481671830,12,0,12
482058157,12,0,12
487168474,12,1,13
488559076,12,0,12
488580338,12,5,17
488911358,12,102,114
489732475,12,4,16
491472275,12,4,16
497548528,12,0,12
498040541,12,3,15
498456439,12,1,13
498955182,12,36,48
501598774,12,0,12
502353951,12,3,15
503888136,12,0,12
513336010,12,3,15
513772050,12,3,15
516462080,12,0,12
517901851,12,1,13
518023834,12,1,13
520667536,12,0,12
521069477,12,2,14
524927105,12,0,12
525651335,12,0,12
526080332,12,0,12
527414877,12,6,18
527855704,12,0,12
529544659,12,2,14
529678251,12,1,13
530812694,12,0,12
531479042,12,0,12
532737749,12,4,16
533745954,12,1,13
533817988,12,0,12
534622823,12,24,36
534679139,12,1,13
534794526,12,2,14
538269873,12,3,15
540725011,12,0,12
542986860,12,2,14
544718307,12,1,13
548808008,12,3,15
550161898,12,0,12
552920749,12,0,12
557392103,12,6,18
558166719,12,1,13
558238941,12,4,16
560014133,12,0,12
561080358,12,1,13
561152916,12,0,12
561213494,12,6,18
562398035,12,0,12
564348657,12,0,12
569163929,12,0,12
570291143,12,0,12
572952478,12,3,15
575434048,12,0,12
575727529,12,0,12
581361410,12,0,12
582158237,12,0,12
593810244,12,1,13
598749853,12,0,12
599821845,12,0,12
599857189,12,44,56
604749728,12,0,12
605206341,12,1,13
606907410,12,54,66
608387419,12,4,16
608797619,12,0,12
610023313,12,0,12
611165399,12,4,16
612785431,12,4,16
616043011,12,3,15
616342385,12,1,13
618089941,12,0,12
622420359,12,2,14
622743271,12,0,12
625113600,12,6,18
625175087,12,0,12
627423111,12,0,12
630263091,12,0,12
632372819,12,2,14
636443371,12,1,13
702291044,12,0,12
705413952,12,0,12
705980383,12,0,12
711906041,12,0,12
716357128,12,10,22
725583151,12,1,13
728693384,12,2,14
734898031,12,0,12
735815396,12,0,12
740742043,12,0,12
757310688,12,3,15
762600475,12,3,15
783944028,12,26,38
785200580,12,3,15
787532041,12,0,12
787762730,12,1,13
794068016,12,0,12
797176328,12,2,14
797219666,12,1,13
800847230,12,0,12
807201294,12,0,12
807313422,12,0,12
811232569,12,31,43
811240236,12,0,12
811477999,12,1,13
821944105,12,1,13
822400398,12,4,16
825284011,12,2,14
829881631,12,23,35
830035634,12,2,14
836810767,12,2,14
845501731,12,1,13
846411924,12,20,32
861451422,12,1,13
863268762,12,2,14
863525576,12,1,13
864987638,12,2,14
867793866,12,0,12
868017104,12,2,14
870370238,12,0,12
873009750,12,1,13
876423338,12,0,12
880607718,12,1,13
896218406,12,62,74
910332056,12,4,16
914482993,12,31,43
920154038,12,0,12
921921205,12,0,12
928607750,12,2,14
932525071,12,0,12
942432703,12,0,12
944824434,12,0,12
963418436,12,1,13
968655666,12,0,12
971168658,12,5,17
974203111,12,0,12
987271694,12,1,13
993584924,12,1,13
997617085,12,1,13
1015669878,12,0,12
1019904385,12,0,12
1027002823,12,3,15
1029245744,12,1,13
1045418084,12,0,12
1053764809,12,0,12
1056711943,12,0,12
1059097141,12,0,12
1067148937,12,1,13
1067226835,12,0,12
1070409248,12,0,12
1086844627,12,1,13
1089808014,12,0,12
1089898819,12,1,13
1091158724,12,0,12
1096634354,12,0,12
1099211917,12,0,12
1112732161,12,0,12
1112910402,12,2,14
1113904038,12,0,12
1115643872,12,1,13
1125200126,12,2,14
1125386582,12,0,12
1130275662,12,55,67
1142632076,12,2,14
1142972472,12,0,12
1146803324,12,4,16
1156311470,12,0,12
1160605580,12,0,12
1172547139,12,0,12
1186582129,12,0,12
1190170914,12,0,12
1197504686,12,0,12
1202396466,12,0,12
1206687739,12,1,13
1210093458,12,2,14
1211666743,12,0,12
1214192959,12,47,59
1228815734,12,3,15
1246461865,12,1,13
1260594385,12,3,15
1263377209,12,4,16
1267361276,12,0,12
1275695197,12,0,12
1275980779,12,0,12
1281023744,12,1,13
1283991870,12,0,12
1284877082,12,0,12
1289936286,12,1,13
1292299404,12,0,12
1308852103,12,0,12
1317200106,12,0,12
1319637890,12,0,12
1330999782,12,0,12
1334721638,12,1,13
1338970938,12,0,12
1349116230,12,0,12
1350490724,12,3,15
1358973200,12,0,12
1362401384,12,1,13
1367222496,12,37,49
1369789748,12,1,13
1372464865,12,0,12
1381680787,12,0,12
1390287613,12,0,12
1403922198,12,23,35
1411357566,12,10,22
1417904858,12,0,12
1424348478,12,0,12
1428562484,12,1,13
1429519699,12,2,14
1436692442,12,0,12
1485055592,12,0,12
1496040919,12,0,12
1500129642,12,0,12
1508152464,12,1,13
1528559454,12,0,12
1529543604,12,21,33
1535473922,12,2,14
1542342954,12,0,12
1545689414,12,1,13
1576451894,12,2,14
1577180352,12,0,12
1580410358,12,2,14
1581943050,12,0,12
1611399902,12,0,12
1611523052,12,0,12
1626181926,12,3,15
1642952628,12,2,14
1646145848,12,19,31
1646643169,12,3,15
1668150649,12,20,32
1686850171,12,5,17
1711434614,12,19,31
1719118620,12,1,13
1721267346,12,0,12
1729299571,12,4,16
1733753772,12,0,12
1734606163,12,0,12
1842610441,12,1,13
1862643606,12,11,23
1869973452,12,4,16
1877871000,12,0,12
1880306503,12,0,12
1884801000,12,2,14
1892321022,12,1,13
1897214000,12,0,12
1902708264,12,1,13
1906088365,12,0,12
1923651498,12,0,12
1927550954,12,1,13
1933969482,12,1,13
1945524931,12,1,13
1952905440,12,76,88
1953264426,12,1,13
1958761050,12,3,15
1964237336,12,1,13
1965865170,12,0,12
1968126133,12,3,15
1972125445,12,0,12
2148326161,12,2,14
2149722708,12,3,15
2153626892,12,21,33
2156148604,12,1,13
2163080275,12,0,12
2165774868,12,1,13
2167286587,12,1,13
2168968986,12,0,12
2169028045,12,0,12
2170659260,12,0,12
2172554623,12,0,12
2173337718,12,0,12
2173482021,12,0,12
2174134686,12,0,12
2175147457,12,16,28
2180954007,12,0,12
2182108524,12,0,12
2184946776,12,2,14
2187410251,12,0,12
2188240560,12,1,13
2189467173,12,0,12
2206911420,12,0,12
2207810264,12,0,12
2219308640,12,0,12
2231834569,12,0,12
2233791876,12,4,16
2234582461,12,2,14
2235136839,12,0,12
2237833136,12,0,12
2242541190,12,41,53
2243802314,12,3,15
2248474104,12,0,12
2250596857,12,0,12
2252338855,12,0,12
2257182600,12,1,13
2260620517,12,1,13
2261566189,12,1,13
2262653591,12,1,13
2266295418,12,13,25
2267230360,12,0,12
2273970641,12,1,13
2281110529,12,0,12
2282028409,12,2,14
2288502022,12,0,12
2289846481,12,0,12
2294453054,12,1,13
2298377229,12,0,12
2300574175,12,27,39
2305318442,12,0,12
2307282044,12,0,12
2308954104,12,0,12
2317264570,12,0,12
2324711184,12,1,13
2327757307,12,0,12
2329908066,12,0,12
2338352352,12,0,12
2339221920,12,0,12
2340405962,12,0,12
2360077765,12,2,14
2362802930,12,2,14
2369509002,12,1,13
2371258508,12,1,13
2371310642,12,0,12
2372361066,12,1,13
2376093187,12,0,12
2377329260,12,0,12
2378544046,12,2,14
2380910684,12,2,14
2381434507,12,5,17
2384995526,12,0,12
2388542496,12,1,13
2389553760,12,1,13
2391337154,12,0,12
2392754617,12,0,12
2393404729,12,0,12
2407401606,12,1,13
2415793986,12,1,13
2416434331,12,0,12
2420878274,12,0,12
2427399818,12,0,12
2429510228,12,0,12
2431893434,12,62,74
2438680456,12,0,12
2444398702,12,0,12
2444893800,12,0,12
2445365048,12,123,135
2445831720,12,0,12
2451213262,12,0,12
2454796651,12,0,12
2456882041,12,0,12
2458959103,12,6,18
2464470806,12,4,16
2493065016,12,1,13
2496426625,12,23,35
2511513036,12,0,12
2516676608,12,2,14
2534342832,12,0,12
2546187997,12,0,12
2562448932,12,0,12
2562814182,12,0,12
2569356161,12,6,18
2571386066,12,0,12
2577038907,12,2,14
2588540720,12,4,16
2590669587,12,0,12
2602528921,12,0,12
2606637547,12,1,13
2612531854,12,1,13
2612935548,12,0,12
2616463220,12,1,13
2626264714,12,0,12
2635197969,12,0,12
2638077076,12,0,12
2641233545,12,0,12
2650788296,12,6,18
2658322862,12,0,12
2663383536,12,38,50
2667470454,12,46,58
2677776884,12,0,12
2680194549,12,9,21
2693424380,12,0,12
2693541512,12,0,12
2693576557,12,1,13
2696111005,12,0,12
2699496506,12,0,12
2714881369,12,1,13
2716269940,12,0,12
2716912161,12,0,12
2718436656,12,0,12
2718810483,12,1,13
2722429967,12,1,13
2725650857,12,15,27
2741907996,12,1,13
2743422475,12,0,12
2750542617,12,0,12
2750866101,12,0,12
2750877044,12,0,12
2759541873,12,0,12
2763639335,12,0,12
2766511591,12,0,12
2771482487,12,0,12
2775080270,12,1,13
2779427834,12,10,22
2780744569,12,40,52
2780821335,12,0,12
2781269527,12,0,12
2795360494,12,1,13
2797375422,12,0,12
2797681808,12,0,12
2812745721,12,2,14
2813516816,12,3,15
2820105569,12,0,12
2822776393,12,0,12
2823008774,12,0,12
2827929939,12,11,23
2828238915,12,0,12
2832738022,12,0,12
2839105630,12,3,15
2840899226,12,0,12
2841627707,12,0,12
2849580572,12,1,13
2859834039,12,18,30
2861314394,12,6,18
2863386137,12,29,41
2865084585,12,1,13
2867978738,12,0,12
2872541276,12,0,12
2872892445,12,0,12
2874346049,12,2,14
2874393628,12,0,12
2875946351,12,0,12
2882231193,12,1,13
2887457763,12,0,12
2889056940,12,0,12
2889272645,12,3,15
2891621519,12,1,13
2896134835,12,0,12
2896393101,12,13,25
2898443954,12,2,14
2900354450,12,0,12
2915894673,12,1,13
2916046923,12,0,12
2917805117,12,0,12
2919426640,12,0,12
2920580201,12,0,12
2927282011,12,2,14
2929026104,12,0,12
2933037223,12,0,12
2934382038,12,0,12
2937212337,12,0,12
2937362579,12,7,19
2937602114,12,3,15
2941661226,12,1,13
2944416396,12,0,12
2946166619,12,0,12
2946849006,12,1,13
2954067070,12,1,13
2959209469,12,1,13
2969599840,12,0,12
2970292666,12,0,12
2975073528,12,0,12
2977044597,12,2,14
2979327219,12,1,13
2980158591,12,1,13
2983247831,12,0,12
2985068335,12,0,12
2987686264,12,0,12
2988148743,12,1,13
2996908511,12,0,12
3000731108,12,2,14
3004263659,12,5,17
3008255957,12,0,12
3009017174,12,1,13
3012002814,12,0,12
3015401323,12,0,12
3019066734,12,1,13
3024283937,12,0,12
3033169325,12,0,12
3041208837,12,0,12
3042192534,12,0,12
3045306697,12,17,29
3053632958,12,2,14
3062983745,12,0,12
3067390639,12,8,20
3068159657,12,3,15
3069068019,12,5,17
3073236977,12,0,12
3077615801,12,67,79
3079257360,12,1,13
3082377461,12,1,13
3083319637,12,3,15
3087668800,12,0,12
3088088232,12,2,14
3092154496,12,5,17
3096639799,12,0,12
3100971154,12,0,12
3102583561,12,10,22
3104946975,12,0,12
3106787658,12,0,12
3113667793,12,2,14
3122063347,12,15,27
3126938512,12,1,13
3138234121,12,0,12
3138625067,12,1,13
3142131231,12,0,12
3160723585,12,0,12
3166191012,12,0,12
3168177806,12,0,12
3171860673,12,1,13
3181954158,12,0,12
3182079878,12,1,13
3187327858,12,0,12
3188053392,12,0,12
3194192489,12,0,12
3195698934,12,0,12
3214466631,12,1,13
3227497728,12,0,12
3228181109,12,1,13
3228623191,12,0,12
3235222537,12,0,12
3235942168,12,1,13
3236648959,12,11,23
3240339932,12,0,12
3251540559,12,1,13
3255990757,12,1,13
3271147447,12,1,13
3272377562,12,2,14
3279955580,12,0,12
3280279746,12,0,12
3284256056,12,1,13
3288195401,12,0,12
3291977380,12,0,12
3300072133,12,0,12
3309644628,12,0,12
3309878041,12,2,14
3313095451,12,1,13
3318503533,12,0,12
3321587954,12,1,13
3323028668,12,0,12
3323787340,12,2,14
3327309634,12,0,12
3329136907,12,1,13
3332044263,12,4,16
3334900841,12,0,12
3336933532,12,0,12
3339374680,12,0,12
3341923953,12,0,12
3343303213,12,0,12
3346461694,12,0,12
3346524075,12,1,13
3347124562,12,0,12
3363934091,12,5,17
3365180279,12,11,23
3365767373,12,3,15
3367588869,12,0,12
3368032828,12,2,14
3372940816,12,0,12
3373466487,12,2,14
3375626561,12,0,12
3386434841,12,0,12
3386645433,12,0,12
3398797317,12,0,12
3398815755,12,0,12
3402815993,12,0,12
3403519931,12,0,12
3404706777,12,0,12
3404732146,12,4,16
3411188601,12,1,13
3415849731,12,3,15
3430264961,12,1,13
3431018362,12,2,14
3563466317,12,0,12
3577587321,12,1,13
3581776997,12,1,13
3586900037,12,1,13
3610798397,12,0,12
3617424096,12,22,34
3714789252,12,0,12
3722729547,12,3,15
3728666293,12,0,12
3741555615,12,1,13
3744319817,12,2,14
3753356896,12,0,12
3799407015,12,1,13
3819546437,12,0,12
3826542132,12,0,12
3845600841,12,1,13
3850776972,12,1,13
3873885075,12,1,13
3883137801,12,1,13
3883766200,12,2,14
3886104079,12,0,12
3886122313,12,0,12
3892186758,12,14,26
3917135784,12,0,12
3919134861,12,4,16
3920439020,12,2,14
3937914556,12,0,12
3951091451,12,0,12
3995400639,12,2,14
4015551859,12,0,12
4049327974,12,1,13
4057549227,12,0,12
4062967156,12,0,12
4071079997,12,0,12
4086669088,12,1,13
4105670354,12,0,12
4138676538,12,0,12
4148621113,12,10,22
4160847493,12,0,12
4179821553,12,2,14
4180119742,12,0,12
4180167287,12,0,12
4196843359,12,0,12
4221208431,12,0,12
4284194472,12,1,13
4298218512,12,0,12
4300679893,12,0,12
4322438135,12,1,13
4323735923,12,1,13
4346218768,12,0,12
4349283073,12,1,13
4392608773,12,2,14
4400442733,12,1,13
4448850798,12,1,13
4493661761,12,0,12
4494445035,12,0,12
4500138861,12,0,12
4538742146,12,2,14
4549070952,12,0,12
4552350220,12,4,16
4564038852,12,0,12
4564665231,12,1,13
4614670817,12,0,12
4644373213,12,2,14
4658196589,12,0,12
4665812918,12,1,13
4704599575,12,0,12
4714037246,12,0,12
4736710884,12,0,12
4739141603,12,0,12
4759837756,12,0,12
4779955752,12,4,16
4788936133,12,0,12
4806766457,12,0,12
4824474133,12,1,13
4824738190,12,0,12
4827226922,12,0,12
4827496349,12,0,12
4834719773,12,0,12
4835568794,12,1,13
4838717852,12,0,12
4842736186,12,0,12
4843510810,12,1,13
4846998158,12,4,16
4850899749,12,3,15
4851009472,12,0,12
4854822338,12,15,27
4855787066,12,0,12
4858969834,12,0,12
4867973351,12,0,12
4871092450,12,0,12
4874435511,12,0,12
4879902813,12,0,12
4883470551,12,2,14
4884811697,12,0,12
4886191420,12,0,12
4886258915,12,1,13
4890513775,12,0,12
4900516826,12,1,13
4901655651,12,1,13
4903038263,12,0,12
4907299348,12,1,13
4909154777,12,5,17
4916868335,12,1,13
4925078533,12,2,14
4928667707,12,0,12
700698868799770625,12,0,12
700950178753335297,12,0,12
700977946278821888,12,1,13
701490129815232512,12,2,14
701685035900866561,12,5,17
703419903592665088,12,0,12
703566198643007489,12,0,12
703588035657646080,12,3,15
703606205244162048,12,5,17
704119598845538305,12,0,12
704732069054779392,12,1,13
705030954692296705,12,4,16
705070003855360000,12,5,17
705244600131305473,12,9,21
705392747465871360,12,0,12
705444022458777602,12,1,13
705550216540229632,12,2,14
705921889865220096,12,1,13
706128519198212096,12,2,14
706932292854349824,12,2,14
707112887295172608,12,1,13
707349418261872640,12,1,13
707607797266030592,12,1,13
707642899597361153,12,2,14
707667783086055424,12,3,15
707763537360228358,12,1,13
707980807218925569,12,2,14
708117149806682113,12,0,12
708227058393030656,12,0,12
708835236516265984,12,0,12
708993727289827328,12,1,13
709135631096553472,12,1,13
709468587312852993,12,0,12
709545721121382400,12,0,12
709927658021326852,12,1,13
710545371978670081,12,0,12
710618632481579009,12,1,13
710866401960042497,12,0,12
710900698305564672,12,1,13
711021349439938560,12,0,12
711230093394366464,12,12,24
711309436858589189,12,0,12
711938990702764033,12,0,12
712455018234957825,12,3,15
712485281568563200,12,0,12
713295152408870912,12,0,12
713489735428124672,12,1,13
713620167406686208,12,0,12
714144039923220480,12,0,12
714607357242818560,12,1,13
714629622239866880,12,0,12
714909429053820928,12,4,16
714968310052311040,12,0,12
715014901517799425,12,1,13
715241965042970624,12,0,12
715245650259099651,12,30,42
715318678556782592,12,1,13
715921333847252992,12,0,12
716467802090045441,12,0,12
717134635075903489,12,0,12
717156947401826306,12,0,12
717746159091982337,12,0,12
717864675283767296,12,0,12
718701414789357568,12,0,12
719022564245278721,12,2,14
719780248150286336,12,1,13
720178737036197888,12,1,13
720430175444291584,12,9,21
720793825053171713,12,0,12
721108019455463424,12,0,12
721825566563827712,12,0,12
722286886060822528,12,0,12
723604292121202688,12,1,13
723648895360724992,12,1,13
723660291146305536,12,0,12
723824079808004097,12,0,12
724078855418335234,12,6,18
724397745713238016,12,1,13
725098999494090752,12,0,12
725332871796383745,12,0,12
725352001085800449,12,6,18
728153156094296065,12,0,12
728156279022059522,12,0,12
728958988604297216,12,2,14
729452939241099264,12,0,12
730082931117461504,12,15,27
730186674395852800,12,0,12
731537041272406016,12,1,13
732179451560263681,12,0,12
732353954424578048,12,1,13
732402077041709056,12,1,13
733481165563158528,12,0,12
733690109451735041,12,0,12
734235550056484865,12,0,12
735909518928928769,12,1,13
736201273578397696,12,0,12
736219370376990724,12,1,13
736323427754074113,12,5,17
736804566994432001,12,0,12
738038591276752897,12,1,13
738164915886661634,12,0,12
738177614947356674,12,2,14
738746750693842944,12,0,12
739229974935146496,12,1,13
739724094313246721,12,0,12
739869971027767296,12,0,12
740073296692191232,12,2,14
740397178758299648,12,0,12
740857965419302912,12,0,12
741303171214020612,12,0,12
741306849929113600,12,0,12
741363111186161664,12,1,13
741444934918492161,12,1,13
741723231317528578,12,0,12
741804334543822848,12,4,16
742106585087004672,12,0,12
742351867397742592,12,0,12
742805967260274688,12,2,14
743062862042632192,12,0,12
743171415730327552,12,1,13
743457982613184513,12,0,12
743491001013141504,12,1,13
743683803617468416,12,6,18
743886917507309568,12,1,13
744490554336153600,12,1,13
744547832472829952,12,0,12
744555557030244354,12,0,12
744938458813173761,12,0,12
745432059431182336,12,0,12
745577002023870464,12,1,13
746120634686570496,12,1,13
746360634338574337,12,0,12
746507259497287685,12,0,12
746754766047318018,12,0,12
746884602132897792,12,0,12
747145740481347585,12,0,12
747468993275977728,12,1,13
747588039346511872,12,0,12
747899534743830528,12,1,13
747944513923067904,12,3,15
748487585320804353,12,7,19
749119362565484546,12,1,13
749305632600141824,12,0,12
749357607400472576,12,1,13
749405905393885184,12,41,53
749477602151325696,12,2,14
749767814366441472,12,0,12
749871391395151872,12,2,14
750035990216146944,12,1,13
750417422520377344,12,0,12
750430322618015744,12,2,14
750801771014950912,12,0,12
751172799948025858,12,0,12
751198186711060481,12,2,14
751249126096969728,12,0,12
751347479958794240,12,0,12
751545731471769600,12,1,13
751776180957741056,12,0,12
752281899880607744,12,0,12
752639188793688064,12,0,12
753033091489337344,12,0,12
753181247073980416,12,2,14
753314782241972224,12,3,15
753752956525244416,12,0,12
753922996016967680,12,0,12
754415902817447936,12,0,12
754832739669540864,12,0,12
754947357226262528,12,0,12
755407686305394688,12,1,13
755483067133886465,12,0,12
755486865797419009,12,1,13
755736270341414912,12,2,14
755860117254307840,12,64,76
755946180618575873,12,1,13
756534370681384961,12,2,14
756594390244569088,12,0,12
756615476197920769,12,0,12
756882141384892416,12,1,13
757275166879559680,12,1,13
757383217917800448,12,1,13
757487756314566657,12,2,14
757693544362487808,12,0,12
758040749665640454,12,0,12
758092358755901441,12,0,12
758321901571833856,12,0,12
758373895871336449,12,0,12
758402677642448896,12,0,12
758509702728720385,12,16,28
758635206643372032,12,0,12
758650563307470850,12,0,12
758729030149431297,12,7,19
758750903234998272,12,1,13
758981394626326528,12,0,12
759112281812639746,12,7,19
759191982795141120,12,1,13
759455535473143808,12,0,12
759718140867665920,12,1,13
760194196175073280,12,1,13
760698497377107968,12,0,12
760863056251408384,12,0,12
761196567625887744,12,0,12
761480997615599616,12,1,13
761660819960659968,12,0,12
761939824764854272,12,0,12
761983062511120385,12,13,25
762310248635990016,12,1,13
763039214829182976,12,0,12
763127538419834880,12,7,19
763448416311480320,12,0,12
763925487777308672,12,0,12
763931106869522435,12,0,12
764608097138663424,12,0,12
764782827204407296,12,1,13
765086031771230208,12,0,12
765913321031790593,12,0,12
766235816318435328,12,0,12
766577587250302976,12,0,12
767938862534553600,12,25,37
768523651297775616,12,1,13
768940024209379328,12,1,13
770003054808760320,12,1,13
770125549385711617,12,0,12
770323919366713344,12,0,12
771432410147794944,12,0,12
772710043020038146,12,0,12
773399669347086337,12,1,13
773661444294541313,12,0,12
773677031183749120,12,0,12
774670063727017984,12,0,12
774973371721408512,12,1,13
775115394331869184,12,0,12
775276509258981376,12,0,12
775423080776687617,12,0,12
775565691042738176,12,0,12
775729349492215812,12,0,12
776049318796996608,12,7,19
777229123752124416,12,0,12
777476825379328001,12,0,12
777504731807698946,12,0,12
778225132368195584,12,0,12
779422450320826368,12,0,12
780231318764388352,12,1,13
780727326556303360,12,0,12
781542996839899136,12,0,12
781749524960194560,12,0,12
782007625441574912,12,1,13
782571303798771716,12,4,16
783190619627880448,12,0,12
783243011371180032,12,0,12
783811014445891584,12,1,13
783822221579911168,12,0,12
784058102366736386,12,0,12
784439994416902148,12,0,12
784720355751591936,12,0,12
784760200666361856,12,0,12
784801583859204096,12,1,13
785174555673321472,12,1,13
785307386978328576,12,1,13
785313552231829505,12,2,14
785314361048834048,12,0,12
785340089672937472,12,0,12
785664369447305217,12,0,12
785820640876060672,12,1,13
785878756397314048,12,0,12
786143249303867392,12,0,12
786308175767203842,12,0,12
786396701133111296,12,1,13
786559120673570817,12,0,12
786702670497193984,12,0,12
786781482975006720,12,1,13
786959204338716673,12,1,13
787054512158547970,12,0,12
787105076347228160,12,0,12
787309116653867008,12,0,12
787415975159291905,12,1,13
787723022991970304,12,0,12
787919250027638784,12,0,12
788076017193742337,12,0,12
788084904542154752,12,0,12
788100118704717824,12,0,12
788244109282516992,12,0,12
788343302923755520,12,1,13
788404584972636162,12,0,12
788514315112423424,12,0,12
788715822147629056,12,0,12
789119558237970432,12,0,12
789550040092061696,12,0,12
789574755317841920,12,0,12
789613490403237888,12,0,12
789758996500586497,12,0,12
789907375738200064,12,3,15
790281261642285056,12,1,13
790716169976176641,12,0,12
791006653441187840,12,0,12
791321727892463616,12,0,12
792366648858587136,12,0,12
792856864832708608,12,1,13
793618301427539968,12,0,12
793841732202864640,12,0,12
794308208663752704,12,0,12
794849166925172737,12,0,12
795110118413123584,12,0,12
795160047148011520,12,0,12
796002224560373760,12,1,13
796062129325363200,12,0,12
796159744352354304,12,0,12
796285454492438528,12,0,12
796561703215529984,12,0,12
796751888758796288,12,0,12
797392807677804544,12,1,13
797483399061630976,12,1,13
797633742797938688,12,0,12
803636890435874816,12,0,12
806743221627797504,12,0,12
705533,11,6,17
2012421,11,9,20
5412832,11,30,41
5510112,11,1,12
5980172,11,1,12
7439352,11,1,12
7842642,11,4,15
9003842,11,39,50
9700462,11,0,11
14027452,11,47,58
14084147,11,0,11
14086059,11,6,17
14091558,11,0,11
14313633,11,0,11
14320744,11,11,22
14376280,11,1,12
14524269,11,2,13
14563368,11,0,11
14622244,11,1,12
14715256,11,5,16
14848157,11,2,13
14871143,11,1,12
15108422,11,1,12
15178049,11,3,14
15474416,11,11,22
15808113,11,122,133
15812297,11,0,11
15864611,11,0,11
15956846,11,1,12
16146778,11,0,11
16295078,11,0,11
16522393,11,28,39
16527632,11,0,11
16580249,11,3,14
16634734,11,0,11
16906983,11,1,12
17113333,11,33,44
17171688,11,3,14
17215892,11,0,11
17558182,11,0,11
18119582,11,1,12
18125895,11,0,11
18184729,11,3,14
18371924,11,4,15
18437547,11,0,11
18749681,11,2,13
18825344,11,71,82
18839937,11,6,17
19084896,11,5,16
19167813,11,4,15
19311729,11,0,11
19396912,11,0,11
19401317,11,38,49
19427792,11,0,11
19500176,11,0,11
19686924,11,1,12
19757047,11,0,11
19876690,11,3,14
19987172,11,5,16
20090066,11,2,13
20188213,11,0,11
20273906,11,0,11
20292917,11,0,11
20316268,11,0,11
20791952,11,8,19
20835695,11,1,12
20932284,11,3,14
20944508,11,0,11
21002366,11,1,12
21027387,11,68,79
21150492,11,4,15
21363508,11,0,11
21839927,11,0,11
21997211,11,3,14
22084422,11,0,11
22170416,11,2,13
22566030,11,0,11
22848456,11,1,12
22965280,11,0,11
22977615,11,1,12
23210889,11,1,12
23282557,11,2,13
23438548,11,1,12
23584599,11,0,11
24101567,11,15,26
24142498,11,0,11
24320701,11,0,11
24733289,11,1,12
24746891,11,0,11
24784813,11,1,12
25181561,11,0,11
25204661,11,0,11
25728193,11,20,31
25900060,11,2,13
26025527,11,1,12
26219530,11,0,11
26232735,11,0,11
26514231,11,3,14
26659511,11,0,11
26847410,11,0,11
26858402,11,0,11
27031592,11,52,63
27089002,11,2,13
27136159,11,0,11
27300394,11,0,11
27413165,11,0,11
27452032,11,0,11
27928942,11,0,11
28385502,11,0,11
28395951,11,0,11
28399818,11,0,11
28407974,11,0,11
28421264,11,1,12
28442833,11,0,11
28975085,11,3,14
29092741,11,0,11
29173063,11,0,11
29500313,11,2,13
29926646,11,1,12
29959269,11,8,19
30207256,11,1,12
30230933,11,0,11
30318151,11,1,12
30440135,11,1,12
30856784,11,1,12
30944625,11,0,11
31471559,11,3,14
31888591,11,1,12
31934987,11,0,11
32004851,11,0,11
32276784,11,1,12
32464234,11,0,11
32560455,11,0,11
32734043,11,0,11
32772575,11,12,23
33180034,11,3,14
33459132,11,0,11
33876882,11,0,11
34079660,11,1,12
34431831,11,0,11
34617163,11,0,11
34620363,11,6,17
34994737,11,0,11
35403992,11,1,12
35735966,11,6,17
35993109,11,0,11
36246810,11,0,11
36299938,11,11,22
36417257,11,0,11
36502981,11,3,14
37086460,11,0,11
37161198,11,5,16
37390932,11,0,11
38267727,11,1,12
38337073,11,0,11
38377423,11,0,11
39409523,11,3,14
39806039,11,0,11
40010018,11,2,13
40058836,11,3,14
40381370,11,0,11
40602923,11,7,18
40773807,11,0,11
41181211,11,0,11
41538978,11,0,11
41746770,11,4,15
41787317,11,0,11
41884145,11,0,11
42440843,11,4,15
42909578,11,0,11
43018427,11,0,11
43304747,11,5,16
43673147,11,0,11
44044088,11,1,12
44185824,11,5,16
44828614,11,33,44
44941453,11,0,11
45494970,11,0,11
45600257,11,0,11
46012465,11,0,11
46549072,11,8,19
47061232,11,0,11
47093844,11,0,11
47109990,11,19,30
47652268,11,20,31
47713147,11,0,11
47744483,11,0,11
48359239,11,0,11
48520727,11,60,71
48598306,11,0,11
48691703,11,0,11
48913123,11,2,13
49217766,11,0,11
49322952,11,1,12
49464799,11,0,11
49551962,11,33,44
49702872,11,0,11
50154721,11,0,11
50848248,11,0,11
51265351,11,1,12
52056153,11,0,11
52297738,11,0,11
52598696,11,0,11
52794434,11,0,11
53286915,11,0,11
53442496,11,5,16
54317462,11,23,34
54713427,11,4,15
54914184,11,0,11
54959359,11,1,12
55497476,11,0,11
55620779,11,25,36
57094639,11,32,43
57559212,11,1,12
58348618,11,0,11
58394596,11,2,13
59370266,11,0,11
59703142,11,1,12
59847351,11,0,11
59897174,11,0,11
60055785,11,1,12
60618619,11,0,11
60634604,11,0,11
61084697,11,0,11
61663531,11,51,62
62035932,11,0,11
62050059,11,1,12
62394969,11,0,11
63746079,11,1,12
63835179,11,0,11
64671179,11,2,13
64758515,11,1,12
65679924,11,0,11
67513134,11,0,11
67688915,11,30,41
67806797,11,6,17
68831108,11,1,12
68861472,11,0,11
68971153,11,0,11
69406594,11,2,13
70292462,11,11,22
70982410,11,0,11
71128890,11,0,11
71384704,11,6,17
72391782,11,2,13
72640830,11,0,11
72718265,11,0,11
73026553,11,16,27
73393387,11,6,17
73454654,11,0,11
73516554,11,0,11
74144130,11,1,12
74381900,11,1,12
74571197,11,0,11
75020778,11,1,12
76538085,11,1,12
76647600,11,0,11
78695505,11,0,11
79053827,11,1,12
79160415,11,0,11
79258669,11,1,12
79796312,11,0,11
82033662,11,1,12
82714485,11,1,12
83019577,11,0,11
83213310,11,0,11
83761907,11,0,11
83767336,11,0,11
83793296,11,0,11
85086571,11,0,11
85719661,11,1,12
86572499,11,1,12
88186734,11,0,11
89812996,11,1,12
92308708,11,0,11
92939766,11,6,17
93107131,11,2,13
93270447,11,4,15
93798362,11,1,12
94158678,11,0,11
94764314,11,0,11
98077722,11,1,12
98890390,11,0,11
99116331,11,0,11
99116575,11,3,14
99488142,11,0,11
99814350,11,0,11
100332944,11,2,13
101262738,11,1,12
101532348,11,94,105
101596648,11,0,11
103428392,11,0,11
104275768,11,0,11
104459510,11,0,11
104571166,11,2,13
106788885,11,24,35
107692966,11,0,11
108459313,11,2,13
108697693,11,0,11
108701984,11,0,11
110555260,11,0,11
110735727,11,1,12
110772878,11,9,20
111860953,11,1,12
112044917,11,1,12
112532974,11,40,51
113640755,11,1,12
114023339,11,10,21
114374226,11,0,11
114900486,11,0,11
119300064,11,0,11
120333328,11,0,11
120570735,11,1,12
121511495,11,0,11
122448186,11,6,17
123233792,11,0,11
123941806,11,1,12
124007237,11,2,13
129514240,11,1,12
130320277,11,5,16
130574287,11,0,11
130939707,11,4,15
134638326,11,2,13
136395858,11,12,23
136434222,11,2,13
136696472,11,0,11
138579487,11,1,12
139398305,11,0,11
141080552,11,4,15
141573635,11,0,11
141751108,11,0,11
141759198,11,0,11
144705238,11,0,11
145883542,11,1,12
145962822,11,2,13
146665477,11,0,11
151585739,11,1,12
153849328,11,0,11
155337678,11,4,15
158000269,11,0,11
160134655,11,1,12
161269188,11,1,12
162753639,11,0,11
168281661,11,6,17
168754949,11,7,18
170113352,11,0,11
170406097,11,7,18
171399275,11,1,12
171599520,11,2,13
172849855,11,0,11
173923404,11,0,11
175906210,11,0,11
176118358,11,2,13
176195692,11,0,11
176824864,11,0,11
177767632,11,24,35
180185029,11,0,11
181307998,11,0,11
181358817,11,1,12
182839680,11,0,11
183124017,11,1,12
183499665,11,0,11
183842624,11,2,13
187731818,11,17,28
187753009,11,2,13
188485158,11,0,11
188527754,11,1,12
189075697,11,0,11
189340638,11,2,13
190378380,11,0,11
190434186,11,0,11
191297537,11,2,13
192075750,11,0,11
192321709,11,1,12
192768654,11,2,13
193122636,11,4,15
193455882,11,1,12
194977346,11,0,11
198349082,11,0,11
201170041,11,0,11
201277493,11,1,12
204348114,11,6,17
204770262,11,0,11
207290694,11,0,11
207905734,11,0,11
208426176,11,0,11
209899774,11,2,13
210592351,11,1,12
211881089,11,10,21
212598229,11,1,12
215567847,11,0,11
215995013,11,0,11
217258486,11,1,12
217392151,11,16,27
217893957,11,1,12
218744827,11,1,12
221141835,11,0,11
221574777,11,0,11
221787595,11,3,14
222644297,11,2,13
223372452,11,0,11
224310598,11,5,16
225817388,11,1,12
226640681,11,22,33
229614867,11,0,11
229841003,11,0,11
230987397,11,2,13
231606907,11,1,12
232084770,11,0,11
232851192,11,41,52
233361611,11,1,12
235998838,11,0,11
237341117,11,0,11
237825893,11,0,11
237981105,11,2,13
239437594,11,0,11
240228916,11,1,12
240262989,11,1,12
240719836,11,1,12
240786850,11,7,18
240793169,11,1,12
240878508,11,0,11
241049018,11,24,35
241179144,11,0,11
243836495,11,58,69
244940243,11,0,11
245004972,11,1,12
245183839,11,16,27
246207204,11,1,12
246452808,11,2,13
246867605,11,0,11
246915010,11,0,11
247024160,11,0,11
248875805,11,0,11
249457353,11,2,13
250134716,11,0,11
250289744,11,1,12
250371899,11,0,11
250372959,11,0,11
251018023,11,41,52
253257813,11,61,72
256179701,11,56,67
258647920,11,10,21
259283033,11,11,22
260802321,11,0,11
261298774,11,0,11
261527601,11,11,22
264799614,11,0,11
264992286,11,2,13
265047760,11,2,13
265725258,11,0,11
265858900,11,0,11
266721397,11,0,11
267030978,11,0,11
267183450,11,0,11
267295312,11,2,13
267431345,11,0,11
267557571,11,2,13
267981911,11,0,11
268637799,11,6,17
269854728,11,0,11
270684596,11,0,11
271445870,11,1,12
273440511,11,0,11
273812936,11,0,11
274020887,11,2,13
275370404,11,22,33
275483015,11,1,12
278643705,11,0,11
279288717,11,7,18
279351440,11,17,28
279636632,11,1,12
279790120,11,0,11
279806936,11,6,17
280249258,11,0,11
282115813,11,0,11
282411225,11,1,12
282641719,11,0,11
283179898,11,3,14
286853081,11,0,11
287445649,11,0,11
287555166,11,8,19
287661064,11,0,11
288283415,11,5,16
289253094,11,0,11
291634634,11,0,11
292452023,11,0,11
292982160,11,3,14
294153874,11,0,11
294312405,11,0,11
297057022,11,0,11
297719218,11,0,11
302887733,11,0,11
303433851,11,29,40
305982376,11,0,11
307000112,11,3,14
307572870,11,0,11
307758952,11,0,11
308697957,11,2,13
308927541,11,2,13
309211182,11,1,12
309411152,11,4,15
309809016,11,5,16
311759398,11,1,12
311784508,11,0,11
313750447,11,0,11
314268822,11,1,12
314324297,11,0,11
314947952,11,0,11
316738620,11,0,11
317246039,11,2,13
318671346,11,2,13
318741631,11,1,12
318938422,11,0,11
319905871,11,0,11
321347207,11,0,11
321714710,11,0,11
322325876,11,0,11
324312716,11,0,11
329832303,11,6,17
330759494,11,11,22
331276809,11,1,12
331673722,11,0,11
332637055,11,5,16
333772376,11,0,11
335533552,11,2,13
336913049,11,26,37
337457879,11,0,11
342737639,11,0,11
343096504,11,2,13
343396600,11,0,11
343417049,11,0,11
343573063,11,0,11
344909181,11,1,12
344990015,11,1,12
345294050,11,2,13
345443741,11,0,11
346272173,11,0,11
346781721,11,2,13
350800339,11,0,11
351633541,11,36,47
355086686,11,6,17
357853760,11,1,12
359928092,11,0,11
361527690,11,0,11
364198504,11,12,23
365665059,11,0,11
366498127,11,0,11
367812846,11,0,11
370147626,11,0,11
374764453,11,1,12
376514922,11,0,11
376869995,11,5,16
378024494,11,19,30
381029058,11,2,13
382385308,11,5,16
384408332,11,4,15
385603764,11,0,11
387337095,11,0,11
387370132,11,0,11
387415632,11,0,11
388621558,11,0,11
388768730,11,0,11
388909958,11,1,12
389686602,11,0,11
391076532,11,0,11
391409805,11,1,12
391845644,11,0,11
392223335,11,0,11
394303408,11,0,11
395267071,11,1,12
395452389,11,25,36
396716038,11,1,12
396735052,11,0,11
397428890,11,1,12
397934975,11,2,13
399182873,11,1,12
400292925,11,2,13
401045500,11,1,12
403979382,11,1,12
408208049,11,22,33
409424481,11,1,12
409663355,11,0,11
412738526,11,2,13
414421718,11,1,12
414550256,11,11,22
414786522,11,0,11
415588863,11,4,15
416494139,11,0,11
423501576,11,0,11
423695614,11,6,17
425242899,11,0,11
425505438,11,42,53
426690145,11,0,11
426948856,11,2,13
428875805,11,0,11
434070975,11,0,11
435006062,11,3,14
435099091,11,0,11
436060958,11,0,11
436713050,11,3,14
437994531,11,1,12
440383922,11,2,13
445945974,11,1,12
446656203,11,0,11
450267097,11,96,107
450776559,11,5,16
455537870,11,20,31
456235676,11,3,14
456692341,11,3,14
457181638,11,0,11
458408933,11,0,11
460685093,11,3,14
462167988,11,1,12
462570323,11,0,11
462765777,11,0,11
463156238,11,0,11
466341283,11,0,11
468727272,11,0,11
469568568,11,0,11
472554078,11,0,11
472937336,11,1,12
475572052,11,0,11
478057134,11,2,13
479137981,11,0,11
485143050,11,0,11
487119609,11,3,14
491289884,11,1,12
492310356,11,0,11
494610203,11,9,20
497078350,11,3,14
499028306,11,1,12
500257669,11,2,13
501164149,11,0,11
501837599,11,1,12
502768722,11,3,14
505231928,11,0,11
506221743,11,2,13
509972048,11,1,12
512697380,11,0,11
513704992,11,0,11
513781487,11,0,11
513826605,11,1,12
515680602,11,0,11
518601549,11,8,19
519312041,11,0,11
519708432,11,0,11
524008927,11,0,11
525983431,11,0,11
526964933,11,0,11
527007725,11,1,12
529564536,11,0,11
529831617,11,1,12
531571770,11,1,12
532336532,11,1,12
533469077,11,36,47
534580884,11,0,11
534879197,11,0,11
535570632,11,0,11
537453864,11,0,11
538683858,11,3,14
543817073,11,0,11
544737446,11,0,11
545695783,11,63,74
546101526,11,1,12
546249014,11,0,11
547177001,11,0,11
552074490,11,2,13
552716359,11,0,11
553995127,11,6,17
554117316,11,3,14
555348271,11,1,12
556651416,11,0,11
558058874,11,0,11
559227151,11,1,12
560179585,11,0,11
560259323,11,0,11
561654065,11,1,12
562364861,11,0,11
564042814,11,0,11
567770673,11,1,12
568468004,11,0,11
569836274,11,0,11
575662077,11,1,12
580020114,11,0,11
580095282,11,0,11
584149663,11,0,11
584276896,11,2,13
590567054,11,1,12
591351876,11,1,12
592308060,11,7,18
595245489,11,0,11
600447667,11,0,11
601940141,11,5,16
603069068,11,0,11
604125800,11,4,15
605714309,11,0,11
607274006,11,5,16
607751643,11,0,11
608945154,11,7,18
611362389,11,3,14
613364313,11,3,14
615135061,11,1,12
616290540,11,1,12
622142396,11,1,12
623258004,11,3,14
624937493,11,0,11
625827730,11,1,12
626152233,11,5,16
628653501,11,2,13
628780239,11,3,14
631080608,11,1,12
700175622,11,0,11
701288723,11,1,12
701729624,11,0,11
704218039,11,0,11
705198955,11,0,11
708620519,11,0,11
708888523,11,1,12
710111395,11,4,15
714399620,11,0,11
714855313,11,0,11
716143076,11,1,12
721728560,11,1,12
722513881,11,0,11
740396101,11,2,13
744136248,11,0,11
744878689,11,1,12
745566584,11,0,11
746509921,11,0,11
746511344,11,2,13
751492326,11,0,11
753790777,11,0,11
756445699,11,10,21
760662103,11,0,11
762754596,11,2,13
764048864,11,0,11
765008965,11,1,12
768297884,11,0,11
778077812,11,4,15
783575304,11,4,15
790903590,11,0,11
801191888,11,2,13
807811134,11,0,11
807975026,11,6,17
809743100,11,0,11
815174527,11,0,11
816265238,11,1,12
818295900,11,23,34
822657043,11,4,15
824385392,11,0,11
830942472,11,0,11
831089918,11,1,12
834672494,11,92,103
844637312,11,0,11
846626906,11,9,20
848229428,11,2,13
848492322,11,0,11
848730354,11,3,14
851846845,11,1,12
854997938,11,0,11
855072926,11,0,11
855094495,11,0,11
855180290,11,1,12
855280885,11,3,14
855487766,11,3,14
859065223,11,0,11
860678558,11,81,92
860792701,11,0,11
862166821,11,0,11
862192382,11,0,11
863018437,11,0,11
863308596,11,1,12
865248091,11,6,17
865472892,11,0,11
869870810,11,10,21
871823742,11,1,12
874495388,11,1,12
874642392,11,0,11
877012760,11,0,11
883381189,11,0,11
884877037,11,0,11
890037578,11,0,11
899069065,11,1,12
899718001,11,1,12
901103376,11,3,14
904104740,11,1,12
905955403,11,0,11
912977874,11,20,31
915935612,11,4,15
916019262,11,1,12
918308737,11,1,12
919500859,11,0,11
922368530,11,0,11
922478648,11,0,11
928226604,11,0,11
928787768,11,1,12
930051162,11,4,15
930348438,11,1,12
930791532,11,1,12
931100528,11,3,14
932493572,11,0,11
934620134,11,3,14
935722106,11,0,11
936244698,11,1,12
952599344,11,0,11
955970244,11,1,12
967681843,11,1,12
967784389,11,0,11
975643338,11,0,11
977332836,11,0,11
977435124,11,0,11
987588392,11,2,13
993399853,11,0,11
1002428413,11,0,11
1006257686,11,0,11
1007975232,11,0,11
1012496167,11,0,11
1013813940,11,0,11
1016763488,11,0,11
1045666867,11,1,12
1046514787,11,2,13
1050181782,11,0,11
1056932990,11,33,44
1056937519,11,0,11
1062916908,11,2,13
1063988185,11,1,12
1072936848,11,2,13
1078589707,11,5,16
1080360157,11,0,11
1084264573,11,17,28
1092189457,11,0,11
1096420176,11,0,11
1101362138,11,2,13
1101691369,11,0,11
1114451094,11,0,11
1125184970,11,0,11
1125766116,11,0,11
1137129229,11,1,12
1139639971,11,0,11
1149545432,11,1,12
1157801984,11,2,13
1158926233,11,0,11
1162651273,11,3,14
1180050360,11,2,13
1184544560,11,39,50
1202793385,11,0,11
1208528864,11,0,11
1209721597,11,0,11
1211008614,11,0,11
1216643226,11,0,11
1219973383,11,1,12
1222679678,11,3,14
1222757654,11,16,27
1223675347,11,0,11
1223955961,11,27,38
1234512097,11,0,11
1236465925,11,18,29
1242178909,11,0,11
1242723871,11,0,11
1242851094,11,1,12
1244408377,11,44,55
1247627773,11,4,15
1248064668,11,0,11
1249994090,11,5,16
1255903026,11,0,11
1257332107,11,0,11
1263818557,11,0,11
1265725291,11,0,11
1265767130,11,0,11
1270997214,11,3,14
1281652094,11,0,11
1287447402,11,1,12
1289834497,11,0,11
1295521506,11,3,14
1296557060,11,0,11
1305818593,11,38,49
1309728793,11,0,11
1317583297,11,1,12
1325453365,11,0,11
1333033202,11,0,11
1348299643,11,3,14
1350115040,11,1,12
1357415036,11,0,11
1364473080,11,2,13
1368782430,11,2,13
1373011183,11,0,11
1382773333,11,0,11
1414820419,11,33,44
1415491820,11,3,14
1419629526,11,0,11
1421762887,11,1,12
1423598928,11,0,11
1423636519,11,0,11
1445256876,11,2,13
1454705653,11,2,13
1470599562,11,1,12
1475389968,11,4,15
1477123369,11,0,11
1481409751,11,80,91
1486327489,11,2,13
1496521154,11,0,11
1502284800,11,19,30
1507256996,11,0,11
1514848951,11,0,11
1514878441,11,0,11
1519986596,11,3,14
1536803004,11,2,13
1539668370,11,0,11
1546182913,11,0,11
1549163946,11,46,57
1553531790,11,6,17
1556088296,11,1,12
1563063560,11,2,13
1565949176,11,0,11
1586298372,11,0,11
1591808970,11,2,13
1597591268,11,0,11
1598851118,11,2,13
1613927706,11,0,11
1614402283,11,0,11
1615984831,11,0,11
1620029659,11,0,11
1625788044,11,0,11
1635658110,11,0,11
1636486538,11,0,11
1647045721,11,2,13
1653223616,11,3,14
1660051092,11,1,12
1672180808,11,0,11
1685962902,11,1,12
1686241021,11,18,29
1690074282,11,0,11
1691999024,11,0,11
1697696533,11,0,11
1702585106,11,0,11
1702969784,11,0,11
1703193895,11,1,12
1710804738,11,1,12
1715424829,11,2,13
1719670273,11,0,11
1733787151,11,0,11
1840913168,11,0,11
1852078938,11,2,13
1852157754,11,0,11
1854040274,11,1,12
1866192355,11,3,14
1885149961,11,2,13
1900298802,11,0,11
1901521532,11,0,11
1901850828,11,1,12
1907896926,11,0,11
1909843507,11,0,11
1918263128,11,0,11
1921142294,11,0,11
1921308133,11,0,11
1921344420,11,0,11
1923967274,11,0,11
1931443988,11,1,12
1934758884,11,38,49
1944743929,11,0,11
1949094570,11,1,12
1957597532,11,0,11
1959606073,11,1,12
1965776280,11,1,12
1967394264,11,0,11
1975987086,11,0,11
1978853149,11,1,12
2152372657,11,0,11
2156024396,11,0,11
2157843048,11,0,11
2163103399,11,0,11
2171498804,11,0,11
2179059113,11,0,11
2182381315,11,7,18
2189039042,11,0,11
2189281280,11,1,12
2191984092,11,7,18
2193267170,11,1,12
2194333496,11,0,11
2195416279,11,0,11
2195439925,11,0,11
2196751554,11,0,11
2198728560,11,1,12
2202106614,11,0,11
2207780696,11,1,12
2212878576,11,3,14
2217679724,11,1,12
2219747521,11,1,12
2225016656,11,0,11
2228537010,11,0,11
2229210829,11,0,11
2233837096,11,0,11
2244273308,11,0,11
2250948351,11,0,11
2251196504,11,0,11
2256516282,11,2,13
2265360857,11,0,11
2266131546,11,0,11
2267153620,11,0,11
2278224500,11,2,13
2278356745,11,1,12
2291921130,11,0,11
2292797061,11,2,13
2295262927,11,1,12
2295817282,11,0,11
2296753292,11,0,11
2302320655,11,1,12
2306755645,11,3,14
2314375435,11,0,11
2319973422,11,1,12
2324776664,11,24,35
2324939314,11,1,12
2339929226,11,15,26
2341991868,11,0,11
2344571125,11,0,11
2345904283,11,0,11
2351484171,11,1,12
2357994685,11,0,11
2361048439,11,0,11
2361286386,11,0,11
2362945806,11,0,11
2369044532,11,0,11
2369612930,11,1,12
2369692271,11,0,11
2374656337,11,3,14
2375654282,11,1,12
2376434720,11,0,11
2379696580,11,1,12
2388003450,11,0,11
2389064082,11,9,20
2390174370,11,0,11
2391550429,11,0,11
2398194247,11,1,12
2409052933,11,9,20
2413075801,11,1,12
2413940999,11,0,11
2416161665,11,1,12
2421043189,11,0,11
2421366896,11,0,11
2427440598,11,0,11
2427581443,11,0,11
2427889736,11,0,11
2434772232,11,0,11
2438805313,11,0,11
2438889943,11,1,12
2440610366,11,0,11
2440905522,11,0,11
2451418584,11,15,26
2457959039,11,1,12
2458430952,11,0,11
2469611575,11,2,13
2472079988,11,2,13
2475599276,11,38,49
2479045748,11,0,11
2479871138,11,1,12
2480887080,11,3,14
2482404660,11,0,11
2483244835,11,2,13
2492252882,11,1,12
2493170000,11,0,11
2500252920,11,0,11
2509401895,11,0,11
2513390720,11,0,11
2517960549,11,0,11
2519269979,11,0,11
2534173706,11,2,13
2540580547,11,0,11
2541836810,11,0,11
2545196700,11,4,15
2549648706,11,0,11
2561267025,11,1,12
2563226172,11,0,11
2567831422,11,1,12
2568002604,11,0,11
2568160311,11,0,11
2572639884,11,0,11
2579254155,11,0,11
2582547340,11,1,12
2588581404,11,0,11
2594968909,11,0,11
2595431574,11,56,67
2596359046,11,0,11
2601846962,11,1,12
2602051168,11,1,12
2603552835,11,1,12
2611618446,11,0,11
2616571734,11,2,13
2629104117,11,0,11
2631570888,11,2,13
2633824559,11,4,15
2646207776,11,0,11
2652732326,11,0,11
2654535949,11,0,11
2671070290,11,0,11
2675311234,11,0,11
2689273202,11,3,14
2691093438,11,2,13
2693404599,11,1,12
2696282496,11,1,12
2705027539,11,8,19
2721850295,11,0,11
2723153944,11,43,54
2733875528,11,3,14
2737667633,11,0,11
2739446098,11,2,13
2742394456,11,0,11
2745921497,11,0,11
2747548045,11,0,11
2749040727,11,1,12
2764186572,11,1,12
2764921236,11,5,16
2765142236,11,3,14
2766325580,11,0,11
2770622019,11,0,11
2781193266,11,0,11
2786042901,11,1,12
2793276151,11,26,37
2798286648,11,2,13
2809941750,11,0,11
2820844897,11,0,11
2821434011,11,18,29
2822868409,11,0,11
2826196509,11,0,11
2828158805,11,2,13
2828881283,11,0,11
2830743733,11,0,11
2832758068,11,0,11
2833322863,11,4,15
2835903163,11,0,11
2839124913,11,1,12
2839727669,11,0,11
2840612615,11,0,11
2841773610,11,0,11
2842521556,11,0,11
2843102417,11,0,11
2845825910,11,0,11
2845913776,11,4,15
2848864980,11,0,11
2854152665,11,0,11
2858905800,11,0,11
2861543046,11,1,12
2865603940,11,0,11
2866654505,11,0,11
2875271588,11,0,11
2875491974,11,0,11
2875873180,11,2,13
2876704776,11,0,11
2878707997,11,1,12
2881773947,11,0,11
2882999109,11,1,12
2885627313,11,2,13
2891047298,11,18,29
2891102076,11,1,12
2893963694,11,0,11
2897107518,11,0,11
2901907193,11,0,11
2904489946,11,0,11
2907946629,11,1,12
2909539538,11,5,16
2919784131,11,0,11
2919977303,11,1,12
2923192057,11,0,11
2924716780,11,0,11
2926894777,11,1,12
2927181138,11,1,12
2929717149,11,2,13
2937726345,11,0,11
2941006409,11,6,17
2941152158,11,1,12
2942997682,11,1,12
2953911861,11,0,11
2955494208,11,0,11
2955949655,11,3,14
2960772875,11,3,14
2961178498,11,0,11
2967894177,11,0,11
2972735807,11,0,11
2972932558,11,0,11
2974785586,11,65,76
2988979741,11,0,11
2990517621,11,0,11
2994673310,11,1,12
2994978990,11,0,11
2995500181,11,0,11
2995825402,11,0,11
2996514696,11,1,12
2997250788,11,1,12
3000705856,11,1,12
3003930491,11,0,11
3010802233,11,1,12
3011465865,11,0,11
3012183971,11,0,11
3017958669,11,0,11
3018532475,11,0,11
3029498212,11,6,17
3029911383,11,0,11
3031756050,11,0,11
3035056120,11,0,11
3038553992,11,0,11
3045151622,11,1,12
3060450095,11,1,12
3060854222,11,2,13
3071516547,11,0,11
3077905087,11,2,13
3081438934,11,2,13
3084823395,11,0,11
3084860680,11,0,11
3085978206,11,3,14
3087452268,11,0,11
3091557700,11,3,14
3095492187,11,0,11
3100150554,11,12,23
3101574493,11,0,11
3107979127,11,0,11
3108027745,11,6,17
3109639241,11,0,11
3110201067,11,2,13
3112035921,11,0,11
3115514453,11,0,11
3115625324,11,6,17
3119096980,11,0,11
3122799060,11,5,16
3131343412,11,0,11
3148522928,11,0,11
3151312570,11,11,22
3153399655,11,0,11
3155384017,11,0,11
3170047914,11,0,11
3171403045,11,1,12
3171422116,11,1,12
3172217882,11,1,12
3173764968,11,91,102
3176979887,11,0,11
3176998279,11,0,11
3177679884,11,0,11
3178468062,11,2,13
3178814524,11,0,11
3179084198,11,0,11
3179958949,11,0,11
3181187989,11,7,18
3183370095,11,0,11
3195076478,11,1,12
3198294457,11,0,11
3214349114,11,0,11
3215316293,11,0,11
3225547108,11,2,13
3226376171,11,0,11
3227919116,11,0,11
3229434722,11,0,11
3229492152,11,1,12
3231988477,11,17,28
3232274136,11,1,12
3234615399,11,1,12
3237609136,11,6,17
3245684764,11,0,11
3247348148,11,0,11
3248635749,11,1,12
3248965688,11,1,12
3250931534,11,0,11
3252121958,11,23,34
3255113765,11,0,11
3256944320,11,1,12
3258204612,11,1,12
3262707432,11,1,12
3264123186,11,0,11
3265778899,11,0,11
3270230738,11,1,12
3270468918,11,1,12
3271125342,11,0,11
3272595564,11,0,11
3275383039,11,0,11
3277602912,11,1,12
3278076133,11,0,11
3278669598,11,0,11
3283783596,11,1,12
3289654440,11,0,11
3290144148,11,1,12
3294291206,11,7,18
3300109534,11,45,56
3302522856,11,3,14
3305722261,11,0,11
3309699228,11,1,12
3309753618,11,0,11
3310410181,11,2,13
3311757343,11,1,12
3313329508,11,2,13
3314291877,11,1,12
3315281814,11,1,12
3317301801,11,0,11
3318543460,11,0,11
3319845546,11,0,11
3328043933,11,1,12
3328102393,11,4,15
3332903464,11,0,11
3333356885,11,1,12
3344459109,11,0,11
3346440793,11,7,18
3358617556,11,0,11
3379320982,11,0,11
3387234539,11,0,11
3394033251,11,0,11
3404325946,11,0,11
3404390074,11,16,27
3406755706,11,4,15
3408668458,11,0,11
3418855400,11,2,13
3418994063,11,0,11
3419353702,11,58,69
3420016992,11,2,13
3422511652,11,0,11
3441248655,11,1,12
3449344403,11,0,11
3464025387,11,0,11
3482749164,11,2,13
3485534236,11,2,13
3495349996,11,0,11
3497187625,11,0,11
3503509043,11,0,11
3539082913,11,7,18
3543356362,11,0,11
3549247815,11,0,11
3605828904,11,0,11
3622324935,11,0,11
3629180713,11,1,12
3630235814,11,1,12
3642163754,11,0,11
3651917112,11,0,11
3675403040,11,0,11
3680608109,11,6,17
3685182948,11,0,11
3717876197,11,0,11
3720713054,11,0,11
3722602276,11,0,11
3754287622,11,0,11
3804956625,11,0,11
3815927920,11,1,12
3844588232,11,0,11
3864687866,11,8,19
3876709577,11,0,11
3903128778,11,1,12
3920854644,11,2,13
3948649469,11,0,11
3950694159,11,0,11
3950832315,11,0,11
3952698612,11,0,11
3953389639,11,3,14
3968744956,11,0,11
3976560622,11,1,12
4004824692,11,1,12
4011786921,11,0,11
4046176192,11,1,12
4048408840,11,1,12
4053891260,11,0,11
4078073660,11,0,11
4099415716,11,0,11
4117646112,11,0,11
4118925256,11,0,11
4131037519,11,1,12
4181675859,11,0,11
4182951831,11,0,11
4183694386,11,42,53
4199908287,11,1,12
4240150034,11,0,11
4266881609,11,0,11
4288913560,11,0,11
4298123908,11,0,11
4299954755,11,0,11
4312509795,11,1,12
4347523994,11,2,13
4352789593,11,1,12
4420183276,11,0,11
4432141816,11,0,11
4436638932,11,0,11
4437422413,11,6,17
4443849076,11,2,13
4445235254,11,2,13
4449490828,11,1,12
4472117056,11,0,11
4497136222,11,0,11
4550786606,11,1,12
4576953622,11,0,11
4590937817,11,2,13
4612033693,11,0,11
4626168870,11,2,13
4646737458,11,1,12
4657150415,11,0,11
4659742590,11,0,11
4662662179,11,0,11
4673082247,11,0,11
4676174161,11,0,11
4679693911,11,0,11
4688373872,11,7,18
4704903234,11,18,29
4706222188,11,0,11
4722186135,11,0,11
4740342396,11,0,11
4741190490,11,0,11
4748709972,11,0,11
4759902801,11,0,11
4776835354,11,8,19
4783153407,11,0,11
4784672833,11,13,24
4800893461,11,0,11
4805678532,11,0,11
4818464049,11,0,11
4819157590,11,25,36
4834710185,11,0,11
4835246710,11,0,11
4841954193,11,0,11
4842451454,11,1,12
4849750820,11,0,11
4854017889,11,0,11
4855733668,11,1,12
4856133020,11,0,11
4856251086,11,0,11
4856747493,11,0,11
4857106433,11,0,11
4857123970,11,0,11
4867179334,11,0,11
4870624092,11,0,11
4871818929,11,0,11
4874296275,11,0,11
4878810910,11,2,13
4885049127,11,0,11
4885723893,11,0,11
4886575125,11,0,11
4886987961,11,0,11
4893606551,11,1,12
4896430526,11,4,15
4898819754,11,0,11
4904628554,11,0,11
4906409482,11,2,13
4908518635,11,0,11
4911571972,11,3,14
4912885600,11,0,11
4913220145,11,1,12
696871514331865088,11,2,13
700636339134267393,11,2,13
701101753786195969,11,0,11
701169921053605888,11,0,11
701390217979232256,11,0,11
701525143366082562,11,0,11
701740131653255168,11,0,11
702254147366682625,11,0,11
703011091643801600,11,0,11
703090118886760448,11,3,14
703380038561964032,11,0,11
703683242986225665,11,0,11
703728059678072832,11,1,12
704482520604270596,11,0,11
704525383585165313,11,6,17
705437726615724032,11,7,18
705439840188375040,11,1,12
705454296154796032,11,27,38
705474129747574784,11,0,11
705548276167254016,11,0,11
705551270615117828,11,0,11
705557193773457410,11,0,11
705557752354045952,11,1,12
705648352227041281,11,0,11
705746995655348224,11,5,16
705792087707525120,11,2,13
705811941550194689,11,0,11
705878532237479937,11,0,11
705886754012704768,11,5,16
705910195105329152,11,0,11
705976781724127233,11,0,11
706156911914127360,11,0,11
706644729442603008,11,4,15
706914816129011713,11,6,17
707046656437387264,11,0,11
707296252669652992,11,0,11
707388676251238400,11,2,13
707614076382400512,11,0,11
707699576291987456,11,3,14
707787460902830080,11,0,11
708300644487016448,11,1,12
708552860703678464,11,0,11
708646188174548992,11,135,146
709016113619709952,11,1,12
709114497022078976,11,1,12
709418075406217216,11,3,14
709928696291811329,11,1,12
710097166560313345,11,2,13
710110798626947073,11,16,27
710520904871239681,11,2,13
710554361387159556,11,0,11
711558521670787073,11,1,12
712340223590420480,11,0,11
712354817310457856,11,2,13
713143138840403968,11,0,11
714596724812058625,11,0,11
714924034379685888,11,8,19
715221507140521985,11,0,11
715738296270393344,11,0,11
716299079370674176,11,0,11
716775092882112516,11,0,11
717381804236386305,11,0,11
718210829087154176,11,0,11
718428847469916160,11,10,21
718474383644364800,11,0,11
719507357303091200,11,7,18
720111873857830912,11,1,12
720123383460007936,11,0,11
720255624848797697,11,0,11
720271780028526592,11,0,11
720352493817847809,11,0,11
720437521872719872,11,3,14
720820563569037314,11,0,11
721735342953533440,11,1,12
722046794830647297,11,5,16
724651140785266688,11,0,11
724717898875457536,11,0,11
725419857366249473,11,1,12
726803491725832192,11,1,12
726987392112947202,11,4,15
727358129789362176,11,0,11
727362004290273284,11,1,12
727685565408108544,11,13,24
728208123614351361,11,0,11
728617723182260226,11,0,11
728645222125608960,11,0,11
728665425148452864,11,1,12
729533103434137600,11,1,12
729701933401903104,11,0,11
729709984217337856,11,0,11
730268856577466368,11,1,12
730443694688616449,11,0,11
731175541374636032,11,5,16
732723604127907841,11,11,22
732975522775470080,11,0,11
733029275352346624,11,1,12
733094237923737601,11,18,29
733290699681042432,11,0,11
733398220819177472,11,1,12
733914596960964609,11,12,23
734571818846191616,11,9,20
735039784326995968,11,1,12
735294871355822080,11,0,11
735494197608775680,11,0,11
735542572332941312,11,33,44
735911906490384384,11,2,13
736926810277974016,11,0,11
736989305172852738,11,1,12
738197044334989313,11,1,12
738450443752382464,11,0,11
738527003888910337,11,0,11
739090023136395265,11,5,16
739158653308182528,11,0,11
739430105664086016,11,0,11
740308194640072704,11,0,11
740945219403841536,11,0,11
740968060744437760,11,0,11
741041510406365184,11,0,11
741702005035433984,11,0,11
741742612302954496,11,0,11
742060329111277568,11,0,11
742142455122776065,11,0,11
742175568104456192,11,0,11
742683142608310272,11,0,11
742969473087442944,11,2,13
743180450261270529,11,0,11
743295682295930880,11,0,11
743561144929947648,11,7,18
743638292931895296,11,2,13
744263602413047808,11,0,11
744401878910382080,11,3,14
744412608413995008,11,0,11
744537539512459265,11,0,11
745392511460466689,11,5,16
745637892257619972,11,0,11
746336757164179456,11,1,12
746759190798958593,11,0,11
746791682323128321,11,0,11
747098475289022465,11,0,11
747118471519993857,11,0,11
747590405793943552,11,0,11
748013131939651585,11,2,13
748886403077984257,11,0,11
748980190395535360,11,0,11
749248360444366849,11,0,11
749463831148105728,11,2,13
749744276758786048,11,0,11
749745267314794496,11,0,11
750355005358501888,11,2,13
750355194743918592,11,0,11
750397296546721792,11,0,11
751269621563428864,11,5,16
751424713591758848,11,3,14
751435304159019008,11,1,12
751486023855640576,11,2,13
751661042090938368,11,0,11
751979597781098496,11,0,11
752018400621113344,11,0,11
752602144084221952,11,0,11
752606938597384192,11,9,20
753618771810586624,11,6,17
754824433290711040,11,1,12
755044931778019328,11,1,12
755157442544021504,11,2,13
755793525615136768,11,0,11
755942369338363904,11,0,11
756180291895627776,11,0,11
756244954440163328,11,12,23
756245687809912834,11,0,11
756256735363473408,11,2,13
756546057924907008,11,0,11
756572416596283392,11,0,11
756913372692525057,11,3,14
756949298395348993,11,56,67
757222668877828096,11,6,17
758013219562672128,11,0,11
758108306904748032,11,0,11
758124816943738880,11,0,11
758168992896970753,11,0,11
758199902023266304,11,0,11
758675463787122688,11,0,11
758801925571645441,11,0,11
759878181289533441,11,9,20
759880310032957440,11,0,11
760451474757300225,11,0,11
760455562727391233,11,0,11
760598084673863680,11,1,12
760668323394654208,11,0,11
760927817634869250,11,1,12
760989396996755456,11,0,11
761242544256720896,11,3,14
761455354278535168,11,0,11
761957700297195520,11,0,11
762004868903104512,11,0,11
763053890745077760,11,0,11
763410558934810624,11,10,21
763413182480199680,11,0,11
763859547416956928,11,0,11
764157807180521472,11,0,11
764520020407754752,11,0,11
765022691837501440,11,1,12
765117036800475136,11,4,15
765627118692737024,11,1,12
766410538146562049,11,0,11
767018223858483200,11,2,13
767910430299660288,11,2,13
768379499868262400,11,0,11
768528699800981504,11,3,14
768640002238451712,11,0,11
770058566208217088,11,0,11
770800465072103428,11,0,11
771016020832256000,11,3,14
771464938267312128,11,0,11
772305114518343680,11,1,12
772809980462391296,11,2,13
773485964316532740,11,1,12
773701952999985152,11,0,11
773912333534068736,11,0,11
774699305349242881,11,0,11
774761232473681920,11,0,11
775039639782563841,11,0,11
775646117362970624,11,0,11
775798427493937153,11,0,11
776080693646458884,11,0,11
776122878836154369,11,0,11
776150936137961472,11,0,11
776167851099099137,11,0,11
776206082083467264,11,0,11
776419358989885440,11,1,12
776459655190945792,11,0,11
776556980374765568,11,0,11
776817461677010945,11,1,12
778278911448911873,11,0,11
778378792641236992,11,0,11
779010543738769408,11,0,11
779312766180024321,11,3,14
780158200599367680,11,0,11
780584760531750913,11,1,12
780626138032771072,11,2,13
780901125662896132,11,0,11
781107480361246720,11,3,14
781444941130166272,11,0,11
781673738160869376,11,1,12
781857294875099141,11,1,12
782111499204657160,11,2,13
782381791021703168,11,0,11
782682681049964544,11,1,12
782799396048076800,11,0,11
782907069011726336,11,0,11
783494805221441536,11,0,11
783514615678398464,11,0,11
783836420154601472,11,0,11
783879158371721216,11,0,11
784275388704796672,11,1,12
784835360484384768,11,0,11
785085185960185857,11,0,11
785144075196305408,11,0,11
785160949493735425,11,1,12
785257376026914817,11,0,11
785263754355232768,11,0,11
785464361506762752,11,0,11
785527538424672256,11,0,11
785644452949831684,11,0,11
785731597580500992,11,0,11
785876900530888705,11,0,11
785995659207806976,11,2,13
786339770628571136,11,0,11
786349641633665025,11,0,11
786605489576476673,11,1,12
786674636788535296,11,1,12
786696414491451392,11,0,11
786871131114528769,11,1,12
786902500406358016,11,3,14
787486093205708800,11,0,11
787588590582792192,11,2,13
787730355289718784,11,1,12
787792562715262977,11,0,11
788048169011712000,11,1,12
788875453478146048,11,1,12
788894405503684609,11,0,11
788895208452726785,11,0,11
788962153688465409,11,0,11
789116111564386305,11,0,11
789615759949434880,11,0,11
789896985230860288,11,1,12
789902743414640640,11,0,11
790332048774868992,11,0,11
790360625058816000,11,2,13
790431844403671040,11,0,11
790591868967026692,11,1,12
790630861481865217,11,1,12
790647603482341376,11,1,12
791044004230070276,11,0,11
791059761299152898,11,0,11
791830478600843264,11,12,23
792009192362024960,11,0,11
792930170013306880,11,0,11
793693064074145792,11,0,11
794577681408880640,11,0,11
794936247785496576,11,0,11
795498658418421760,11,1,12
795879665223303168,11,1,12
796398557779685377,11,0,11
796710032696078336,11,0,11
796828984814145537,11,1,12
796888326024396800,11,0,11
797601447269531648,11,0,11
798572765728997381,11,0,11
800795339229831168,11,0,11
803452248219127808,11,0,11
809495147046170624,11,1,12
2471871,10,0,10
5571722,10,145,155
6013272,10,59,69
9231922,10,2,12
9688782,10,2,12
11170072,10,59,69
13130902,10,9,19
13527262,10,0,10
14065668,10,4,14
14219183,10,1,11
14377702,10,13,23
14633791,10,0,10
14641650,10,10,20
14883371,10,1,11
14959069,10,2,12
15007269,10,12,22
15046754,10,1,11
15165978,10,0,10
15243124,10,0,10
15369890,10,0,10
15501218,10,0,10
15542839,10,0,10
15574123,10,5,15
15605002,10,0,10
15913759,10,0,10
15983306,10,13,23
16020483,10,6,16
16105684,10,1,11
16177486,10,14,24
16196158,10,0,10
16209935,10,90,100
16368708,10,46,56
16369099,10,3,13
16517780,10,4,14
16634641,10,1,11
16845216,10,0,10
16987439,10,1,11
17014751,10,1,11
17115086,10,21,31
17123583,10,0,10
17235735,10,138,148
17311215,10,3,13
17526851,10,0,10
17698956,10,9,19
17828872,10,1,11
17875557,10,4,14
17912690,10,2,12
17914526,10,2,12
17940596,10,0,10
17983145,10,1,11
18111592,10,0,10
18379617,10,0,10
18452695,10,0,10
18456540,10,0,10
18493147,10,10,20
18581270,10,0,10
18632908,10,0,10
18646933,10,1,11
18766459,10,17,27
18773427,10,1,11
18811855,10,0,10
18819827,10,5,15
18956827,10,0,10
19009348,10,3,13
19061844,10,0,10
19311523,10,1,11
19370504,10,1,11
19414346,10,27,37
19417073,10,0,10
19503822,10,15,25
19577919,10,1,11
19770571,10,1,11
20118774,10,0,10
20194941,10,0,10
20240214,10,14,24
20269192,10,152,162
20308223,10,18,28
20478797,10,0,10
20502577,10,1,11
20597843,10,0,10
20700426,10,1,11
20704522,10,3,13
20726960,10,4,14
20994410,10,1,11
21052002,10,7,17
21151911,10,6,16
21481295,10,1,11
21488137,10,0,10
21802202,10,1,11
22083141,10,1,11
22108107,10,3,13
22211869,10,0,10
22232322,10,46,56
22322494,10,0,10
22406631,10,0,10
22409500,10,0,10
22435220,10,15,25
22614415,10,2,12
22620555,10,0,10
22626662,10,0,10
22743597,10,0,10
22826406,10,1,11
22914767,10,2,12
23010592,10,11,21
23031338,10,1,11
23063106,10,3,13
23067170,10,0,10
23111056,10,0,10
23139337,10,0,10
23158778,10,1,11
23610567,10,0,10
23703580,10,1,11
23819224,10,1,11
23852537,10,16,26
23882946,10,75,85
24063889,10,3,13
24088739,10,8,18
24089505,10,1,11
24122825,10,0,10
24532988,10,1,11
24655764,10,0,10
24816558,10,15,25
24929873,10,0,10
24972610,10,0,10
25126813,10,1,11
25364074,10,0,10
25366108,10,0,10
25380273,10,0,10
25618812,10,1,11
25731846,10,3,13
25927615,10,8,18
26439468,10,4,14
26540997,10,0,10
26571511,10,6,16
26696510,10,64,74
26834837,10,0,10
26891809,10,0,10
27066548,10,0,10
27124939,10,2,12
27213300,10,0,10
27229913,10,0,10
27251947,10,0,10
27812706,10,10,20
28006025,10,1,11
28672653,10,2,12
28782732,10,1,11
28945493,10,1,11
29222167,10,2,12
29440928,10,0,10
29514563,10,1,11
29835907,10,0,10
30567351,10,1,11
30703000,10,1,11
31468308,10,0,10
31593358,10,0,10
31627144,10,6,16
31657533,10,1,11
32130643,10,0,10
32271566,10,10,20
32411566,10,3,13
32525608,10,0,10
32573077,10,0,10
32641831,10,3,13
32870314,10,0,10
33258248,10,1,11
33588485,10,1,11
34033070,10,0,10
34106464,10,2,12
34246527,10,0,10
34430740,10,4,14
34684104,10,37,47
34791275,10,0,10
34966987,10,1,11
35144769,10,0,10
35462142,10,2,12
35511081,10,48,58
35729673,10,56,66
36344253,10,1,11
36653514,10,0,10
36735027,10,0,10
36813431,10,0,10
37007392,10,0,10
37049304,10,1,11
37087574,10,0,10
37624597,10,1,11
37961076,10,0,10
38616611,10,17,27
38701275,10,3,13
38716180,10,0,10
38817939,10,1,11
38968497,10,0,10
39623253,10,4,14
39660840,10,0,10
39686802,10,1,11
40433776,10,6,16
40615928,10,1,11
40991765,10,97,107
41116188,10,0,10
41391501,10,1,11
41653312,10,2,12
41776069,10,1,11
41956321,10,0,10
42184881,10,0,10
42288138,10,2,12
42431958,10,0,10
42489862,10,0,10
42813978,10,1,11
42823799,10,0,10
42985017,10,5,15
43381970,10,2,12
43811472,10,8,18
43845924,10,11,21
44214174,10,0,10
44360307,10,1,11
44540404,10,1,11
44593234,10,0,10
44737850,10,0,10
45204376,10,0,10
45446236,10,1,11
45838237,10,0,10
46712366,10,0,10
46950933,10,1,11
47290331,10,22,32
47497573,10,2,12
47767554,10,0,10
47796102,10,0,10
48124610,10,0,10
48534642,10,1,11
48586974,10,0,10
48638828,10,0,10
48753669,10,0,10
49203495,10,6,16
49495858,10,4,14
49639296,10,0,10
50023547,10,0,10
50178238,10,0,10
50558959,10,1,11
51080960,10,2,12
51188162,10,1,11
51383332,10,0,10
52247954,10,2,12
53151746,10,0,10
53158947,10,59,69
53562467,10,1,11
53704876,10,2,12
54003634,10,0,10
54086590,10,0,10
54511337,10,0,10
54556096,10,0,10
54600895,10,0,10
54759796,10,0,10
54815802,10,4,14
54861430,10,20,30
55115515,10,0,10
55134590,10,0,10
55384857,10,0,10
55875886,10,0,10
56339757,10,0,10
56719876,10,0,10
56862582,10,0,10
58053920,10,1,11
58073153,10,3,13
58302557,10,1,11
58419769,10,0,10
58654886,10,6,16
60357436,10,1,11
60874698,10,1,11
61825183,10,1,11
62043694,10,0,10
62164075,10,0,10
63976434,10,19,29
64309323,10,2,12
64686035,10,0,10
65114238,10,1,11
66837106,10,0,10
67015043,10,0,10
67244474,10,8,18
67470017,10,0,10
67769151,10,1,11
68845292,10,0,10
69183762,10,6,16
69337056,10,0,10
69899745,10,0,10
69947733,10,2,12
70097953,10,2,12
70208573,10,0,10
72084048,10,1,11
72284258,10,1,11
72344238,10,0,10
72931184,10,0,10
73027741,10,1,11
73137862,10,2,12
73529910,10,6,16
73914728,10,0,10
75630518,10,27,37
77155938,10,1,11
77999169,10,0,10
78308431,10,0,10
79567010,10,17,27
79618434,10,3,13
80328018,10,0,10
80500392,10,2,12
81110720,10,1,11
82453088,10,0,10
82464591,10,0,10
84617107,10,0,10
86085411,10,0,10
86123044,10,212,222
86357486,10,0,10
87229781,10,1,11
87817154,10,1,11
89939612,10,0,10
90530282,10,3,13
91638846,10,0,10
91681667,10,3,13
91863448,10,0,10
91949004,10,1,11
92700615,10,0,10
93679605,10,1,11
95329289,10,0,10
96481476,10,2,12
96650660,10,0,10
96696524,10,0,10
97164671,10,0,10
97507883,10,13,23
97913549,10,3,13
97962058,10,0,10
99075249,10,1,11
100638300,10,5,15
101073037,10,0,10
101138879,10,1,11
103056485,10,7,17
103935375,10,0,10
104229792,10,0,10
104942727,10,0,10
105272579,10,108,118
107458118,10,0,10
108161949,10,0,10
109716181,10,3,13
110221832,10,0,10
110730524,10,5,15
113238199,10,0,10
114316002,10,4,14
115570917,10,1,11
116347255,10,1,11
117584273,10,1,11
117853825,10,1,11
118421729,10,2,12
118938583,10,0,10
119323247,10,40,50
119666673,10,0,10
120539610,10,2,12
120871216,10,0,10
121266148,10,9,19
123481914,10,0,10
124825351,10,2,12
125396502,10,1,11
126987746,10,1,11
127039123,10,1,11
127692727,10,1,11
128749031,10,0,10
129024290,10,34,44
129248374,10,1,11
129436856,10,0,10
129511255,10,1,11
129715930,10,0,10
131042222,10,26,36
131239767,10,2,12
131460130,10,0,10
131610096,10,0,10
132911028,10,1,11
132991167,10,0,10
132999163,10,0,10
137716570,10,6,16
137777900,10,5,15
138816276,10,0,10
139230624,10,2,12
139612874,10,13,23
140233495,10,1,11
141431340,10,0,10
141834186,10,3,13
145735273,10,0,10
146058718,10,0,10
146155132,10,2,12
146183450,10,0,10
147580943,10,1,11
148486052,10,1,11
148908323,10,81,91
149283816,10,95,105
149986590,10,0,10
151462791,10,2,12
152535603,10,0,10
152714150,10,0,10
152735480,10,2,12
153799376,10,0,10
154555528,10,4,14
155008479,10,1,11
157504533,10,0,10
157816284,10,0,10
158402263,10,1,11
160505037,10,1,11
160527037,10,0,10
161887676,10,0,10
166467079,10,1,11
168388282,10,0,10
170475006,10,0,10
171216845,10,1,11
173241286,10,0,10
176860312,10,27,37
178885682,10,0,10
182935271,10,3,13
183753455,10,251,261
184383206,10,0,10
184997953,10,0,10
186290391,10,2,12
186656365,10,0,10
190891064,10,0,10
191555835,10,3,13
193825308,10,0,10
194268304,10,0,10
195271137,10,10,20
195575407,10,0,10
197429311,10,0,10
198646174,10,0,10
198819722,10,0,10
201223844,10,3,13
201823120,10,1,11
201914406,10,0,10
202035385,10,77,87
202053759,10,1,11
203406677,10,2,12
205831539,10,0,10
208732393,10,1,11
212569140,10,59,69
216123608,10,45,55
216603871,10,8,18
216738460,10,3,13
220967973,10,1,11
221278541,10,0,10
223929840,10,0,10
224018819,10,0,10
225324935,10,0,10
229562961,10,4,14
233577630,10,8,18
234622732,10,0,10
234642415,10,0,10
236526211,10,0,10
237593267,10,54,64
239036249,10,0,10
239058599,10,0,10
241541124,10,0,10
243185877,10,0,10
244128517,10,0,10
246238212,10,1,11
247921903,10,1,11
248275148,10,0,10
250376516,10,1,11
251878368,10,0,10
253368154,10,1,11
254818045,10,33,43
255483863,10,1,11
256185990,10,2,12
258595780,10,0,10
258631265,10,4,14
260011994,10,1,11
260522885,10,2,12
260892418,10,7,17
261029699,10,0,10
261451222,10,1,11
262780966,10,0,10
262993520,10,1,11
263234628,10,0,10
263410291,10,0,10
263644770,10,1,11
263708901,10,0,10
264362967,10,0,10
265180424,10,0,10
266059682,10,0,10
267467141,10,0,10
268168355,10,0,10
268458247,10,0,10
269032307,10,3,13
269353064,10,0,10
269614454,10,2,12
269992592,10,24,34
270535444,10,5,15
271795526,10,0,10
272132327,10,1,11
273376463,10,0,10
273568020,10,0,10
274258400,10,0,10
275233496,10,0,10
276095403,10,0,10
278049813,10,1,11
278117588,10,0,10
278146739,10,3,13
279628372,10,29,39
281092955,10,0,10
281721758,10,0,10
282171533,10,0,10
284648348,10,1,11
284731683,10,14,24
284846730,10,0,10
286322211,10,0,10
287322864,10,1,11
291361298,10,3,13
291868806,10,42,52
293271546,10,0,10
294509447,10,0,10
294787955,10,2,12
295932014,10,66,76
296001619,10,0,10
296561082,10,0,10
296604314,10,0,10
296834171,10,9,19
299161165,10,2,12
303521781,10,0,10
307907552,10,0,10
307913061,10,1,11
308222821,10,2,12
308604051,10,2,12
313530139,10,0,10
316364374,10,2,12
317745935,10,39,49
318904285,10,20,30
319134759,10,1,11
322054650,10,2,12
322874617,10,50,60
322895481,10,0,10
325776173,10,0,10
325862383,10,2,12
326452743,10,1,11
328143110,10,0,10
328741551,10,6,16
329166379,10,1,11
330148472,10,0,10
334134145,10,0,10
334730492,10,2,12
336007422,10,0,10
336209206,10,0,10
336775280,10,0,10
337225868,10,0,10
338467038,10,0,10
339521196,10,0,10
339893590,10,0,10
340112392,10,0,10
340253624,10,1,11
340683851,10,0,10
342170721,10,30,40
342843449,10,32,42
343007213,10,0,10
343465413,10,2,12
351055272,10,1,11
351653245,10,0,10
352586387,10,0,10
352616546,10,1,11
352859537,10,2,12
355713763,10,1,11
357729263,10,0,10
357817948,10,0,10
359102203,10,23,33
360723409,10,0,10
360727686,10,0,10
361658332,10,3,13
362001861,10,1,11
366229034,10,58,68
371873695,10,0,10
374290030,10,0,10
374599895,10,1,11
374775473,10,2,12
376458821,10,0,10
377575457,10,26,36
377830987,10,1,11
378390995,10,1,11
381178095,10,2,12
381873115,10,0,10
384570304,10,1,11
385192329,10,1,11
386667988,10,0,10
389292271,10,1,11
391600412,10,1,11
391719827,10,0,10
394688604,10,0,10
397172056,10,1,11
397612974,10,1,11
398292038,10,1,11
398336111,10,21,31
398393025,10,1,11
399239649,10,0,10
400203320,10,2,12
400379938,10,0,10
403668505,10,1,11
405067218,10,1,11
408830084,10,0,10
409741368,10,0,10
410964810,10,0,10
412433785,10,0,10
415582246,10,2,12
416377136,10,0,10
421616276,10,68,78
424363677,10,1,11
426210026,10,4,14
426892332,10,0,10
428302607,10,3,13
429509529,10,1,11
430840583,10,0,10
433229670,10,0,10
433387573,10,6,16
434360225,10,0,10
434608984,10,0,10
434857744,10,1,11
440167969,10,0,10
440391170,10,5,15
443910842,10,0,10
444386403,10,1,11
446474400,10,2,12
447661349,10,0,10
450059289,10,4,14
450241139,10,0,10
450361974,10,0,10
452794540,10,0,10
453386205,10,0,10
453410819,10,1,11
454324253,10,0,10
456037169,10,0,10
456202115,10,12,22
456842824,10,0,10
458569340,10,0,10
459332360,10,2,12
460520524,10,0,10
461720824,10,1,11
463483290,10,10,20
463537535,10,0,10
464400096,10,2,12
465826318,10,2,12
468278460,10,0,10
468373115,10,1,11
468618988,10,3,13
468697897,10,0,10
469244020,10,0,10
470759269,10,0,10
473709363,10,2,12
475406678,10,0,10
475450120,10,0,10
475554054,10,0,10
476898525,10,0,10
478295779,10,6,16
478899060,10,0,10
478984061,10,0,10
481250812,10,0,10
482581535,10,3,13
483401606,10,1,11
483420800,10,1,11
484953261,10,4,14
487159859,10,1,11
488234766,10,0,10
489180869,10,3,13
490437706,10,0,10
491923643,10,0,10
493129895,10,1,11
495614150,10,1,11
496327419,10,0,10
499471551,10,2,12
499756092,10,0,10
503756696,10,0,10
507540195,10,0,10
510470299,10,15,25
513559496,10,0,10
513834256,10,4,14
516912490,10,0,10
523950505,10,1,11
525707953,10,6,16
526543401,10,0,10
526664338,10,0,10
527986046,10,0,10
529456136,10,0,10
529509913,10,0,10
529557969,10,4,14
529747739,10,0,10
529763939,10,0,10
530877503,10,0,10
531564117,10,1,11
531611231,10,0,10
533527386,10,0,10
533721677,10,3,13
534569340,10,1,11
538257314,10,0,10
538337023,10,9,19
538610388,10,0,10
538656884,10,1,11
540002461,10,1,11
540966208,10,0,10
541293033,10,0,10
542922913,10,2,12
544838906,10,0,10
546425712,10,2,12
548388647,10,0,10
548769772,10,0,10
550481330,10,0,10
552241380,10,2,12
552810773,10,2,12
555040488,10,1,11
555786188,10,0,10
556658845,10,10,20
558087477,10,3,13
559081349,10,0,10
559173750,10,1,11
560665296,10,0,10
563688119,10,0,10
564667441,10,6,16
564761791,10,1,11
564812098,10,0,10
565484537,10,0,10
566353229,10,0,10
568688449,10,0,10
569431925,10,0,10
569744160,10,5,15
571027186,10,0,10
572820254,10,0,10
572981684,10,1,11
574084903,10,0,10
574558983,10,3,13
577756908,10,2,12
579046070,10,28,38
580176830,10,0,10
581039229,10,0,10
582484170,10,1,11
583482579,10,0,10
586694930,10,0,10
588617041,10,0,10
591349485,10,1,11
591891764,10,0,10
591903580,10,0,10
594520217,10,0,10
595412992,10,0,10
596043875,10,0,10
597267379,10,0,10
598264079,10,4,14
599181271,10,0,10
600209992,10,0,10
606567829,10,0,10
606667062,10,12,22
606785697,10,1,11
611399070,10,10,20
613850216,10,0,10
619488277,10,17,27
627762974,10,1,11
628955969,10,0,10
632578089,10,0,10
632934491,10,0,10
636318646,10,10,20
701999378,10,23,33
716042407,10,4,14
716465976,10,3,13
720896389,10,3,13
722819899,10,0,10
723175496,10,98,108
724542715,10,0,10
726619764,10,0,10
729652363,10,5,15
737509724,10,7,17
739189993,10,1,11
740763697,10,1,11
742081206,10,0,10
743614046,10,0,10
745503320,10,1,11
756942518,10,1,11
758014770,10,0,10
760864550,10,0,10
769480195,10,16,26
774719010,10,3,13
775067233,10,1,11
783195542,10,0,10
784820684,10,88,98
785246875,10,0,10
788270724,10,0,10
790399874,10,0,10
797887255,10,7,17
799542559,10,0,10
801502376,10,1,11
801749257,10,1,11
803926081,10,1,11
819262818,10,12,22
820676600,10,0,10
831768450,10,1,11
839183556,10,0,10
846221376,10,36,46
848375148,10,1,11
852620468,10,0,10
854913649,10,0,10
860783509,10,0,10
861301399,10,0,10
861631604,10,0,10
866934979,10,0,10
869129222,10,0,10
876656678,10,0,10
877527739,10,6,16
877699334,10,2,12
883421593,10,217,227
885649502,10,0,10
889060909,10,0,10
890007588,10,3,13
890872201,10,0,10
895721450,10,1,11
898365620,10,2,12
899131381,10,2,12
899169187,10,0,10
900829346,10,0,10
902045462,10,0,10
917521501,10,0,10
919160035,10,0,10
921038472,10,0,10
923976336,10,30,40
924334670,10,1,11
927638324,10,3,13
929731064,10,1,11
933319964,10,10,20
935018288,10,0,10
937556448,10,0,10
939899893,10,0,10
942147613,10,1,11
942868836,10,0,10
945482738,10,0,10
950354640,10,1,11
968723978,10,0,10
974511630,10,5,15
976805384,10,0,10
979056638,10,0,10
983599988,10,4,14
985187502,10,0,10
986996556,10,0,10
1002366092,10,0,10
1003130904,10,108,118
1012040023,10,0,10
1022293861,10,27,37
1026860244,10,1,11
1032665540,10,0,10
1035000889,10,0,10
1043819138,10,0,10
1046587447,10,2,12
1059971551,10,0,10
1061178032,10,0,10
1063432339,10,1,11
1076818814,10,0,10
1078215829,10,0,10
1100318570,10,0,10
1111104085,10,0,10
1111752620,10,0,10
1117029090,10,1,11
1137524118,10,9,19
1155007404,10,7,17
1155952808,10,0,10
1161641778,10,1,11
1164814765,10,3,13
1170149732,10,1,11
1173360571,10,0,10
1176912091,10,0,10
1191824160,10,18,28
1206653862,10,0,10
1207452780,10,0,10
1208266848,10,1,11
1208553805,10,0,10
1213972514,10,0,10
1226489804,10,1,11
1227793224,10,1,11
1228370592,10,0,10
1233457099,10,1,11
1246408237,10,0,10
1249421250,10,3,13
1250006042,10,0,10
1250535073,10,1,11
1257719485,10,24,34
1260207822,10,0,10
1263202135,10,0,10
1265679698,10,0,10
1269230888,10,0,10
1271208319,10,2,12
1271848111,10,1,11
1287574106,10,0,10
1290142435,10,37,47
1302505034,10,0,10
1307660906,10,3,13
1311448525,10,0,10
1311646866,10,0,10
1315554920,10,1,11
1327768950,10,0,10
1327987770,10,37,47
1330960597,10,0,10
1339674523,10,87,97
1340448301,10,1,11
1345006837,10,2,12
1345941733,10,0,10
1349829794,10,31,41
1355916079,10,0,10
1357164391,10,0,10
1362381085,10,0,10
1375536926,10,2,12
1388337031,10,9,19
1390858441,10,0,10
1395591056,10,0,10
1400899944,10,1,11
1412919601,10,0,10
1413448424,10,0,10
1418680184,10,0,10
1419210396,10,0,10
1427535488,10,1,11
1429178299,10,2,12
1435654578,10,1,11
1442783420,10,0,10
1443082112,10,4,14
1444360400,10,1,11
1449114272,10,1,11
1450414459,10,0,10
1455175776,10,0,10
1461086515,10,0,10
1462203223,10,0,10
1465613150,10,0,10
1468307190,10,0,10
1469799151,10,1,11
1471608194,10,0,10
1475168784,10,23,33
1481016696,10,0,10
1483053272,10,0,10
1485202639,10,0,10
1486674336,10,2,12
1494045720,10,0,10
1494071780,10,13,23
1514916049,10,1,11
1531846970,10,0,10
1533339648,10,0,10
1537704361,10,1,11
1538494374,10,0,10
1542200264,10,0,10
1545522805,10,0,10
1546561820,10,0,10
1546894628,10,0,10
1547474228,10,0,10
1549296625,10,0,10
1554281011,10,0,10
1556445546,10,0,10
1562142696,10,0,10
1562836566,10,0,10
1568717942,10,0,10
1571127812,10,0,10
1574402593,10,1,11
1580405179,10,0,10
1586312654,10,1,11
1587185166,10,17,27
1596999624,10,0,10
1599418940,10,0,10
1604133278,10,0,10
1604464490,10,58,68
1606356049,10,41,51
1607171634,10,0,10
1609316660,10,0,10
1609984734,10,11,21
1615786123,10,0,10
1618507111,10,1,11
1623471690,10,2,12
1630910881,10,19,29
1641052512,10,1,11
1651240284,10,0,10
1653421826,10,0,10
1657707204,10,0,10
1661257675,10,0,10
1670724644,10,0,10
1677559327,10,0,10
1683484854,10,0,10
1687321508,10,0,10
1700316972,10,0,10
1702270465,10,4,14
1705884792,10,0,10
1707780828,10,0,10
1711286238,10,0,10
1711365822,10,0,10
1717464030,10,1,11
1722764826,10,0,10
1723963088,10,195,205
1752360288,10,1,11
1770958698,10,0,10
1850775848,10,1,11
1854328076,10,0,10
1859900088,10,1,11
1860776852,10,0,10
1865655768,10,0,10
1873861741,10,0,10
1882828009,10,0,10
1905414793,10,0,10
1917633942,10,0,10
1931640518,10,3,13
1934964421,10,111,121
1938269708,10,0,10
1947767731,10,0,10
1950980395,10,28,38
1951095218,10,1,11
1955193708,10,0,10
1957608462,10,0,10
1960870752,10,0,10
1962929653,10,2,12
1964928656,10,1,11
1974842598,10,1,11
2147888194,10,0,10
2155001304,10,0,10
2180415108,10,0,10
2187374622,10,0,10
2191859718,10,0,10
2202372500,10,1,11
2203238088,10,0,10
2208041432,10,0,10
2212759952,10,0,10
2215324533,10,0,10
2215830596,10,0,10
2227552357,10,0,10
2227838853,10,0,10
2238120434,10,1,11
2241421868,10,0,10
2245894056,10,4,14
2248225974,10,8,18
2249261083,10,0,10
2251639206,10,0,10
2261111439,10,1,11
2262672047,10,0,10
2271226424,10,0,10
2272138994,10,65,75
2277942935,10,1,11
2280283009,10,1,11
2290108143,10,0,10
2293806421,10,2,12
2296055794,10,1,11
2298930451,10,0,10
2299233085,10,31,41
2300227404,10,0,10
2304121382,10,0,10
2305243058,10,1,11
2310061230,10,0,10
2310924948,10,2,12
2321499875,10,0,10
2326514417,10,2,12
2331977852,10,0,10
2333916575,10,1,11
2335065255,10,0,10
2337414962,10,1,11
2339468420,10,0,10
2339530706,10,0,10
2352611904,10,1,11
2354935326,10,0,10
2355842196,10,1,11
2359819232,10,0,10
2363220258,10,0,10
2363307127,10,1,11
2364700938,10,0,10
2371297874,10,2,12
2377564772,10,1,11
2378409896,10,1,11
2379993587,10,0,10
2391853732,10,0,10
2392913413,10,0,10
2393253456,10,0,10
2393369804,10,0,10
2398593854,10,2,12
2400058789,10,0,10
2402225641,10,1,11
2402303611,10,24,34
2409632538,10,9,19
2412816537,10,1,11
2415127392,10,1,11
2416019259,10,2,12
2416290745,10,8,18
2417586104,10,1,11
2418413280,10,5,15
2423606548,10,0,10
2428920877,10,0,10
2429313248,10,0,10
2430673386,10,0,10
2431094911,10,0,10
2434263815,10,0,10
2438652797,10,0,10
2441894240,10,1,11
2447692999,10,0,10
2447899070,10,1,11
2447914248,10,2,12
2454236318,10,0,10
2460350113,10,0,10
2462593091,10,1,11
2463354259,10,0,10
2466043429,10,0,10
2466724573,10,0,10
2468067276,10,2,12
2471550190,10,0,10
2473305967,10,3,13
2473416096,10,1,11
2479979356,10,0,10
2480080226,10,0,10
2486160777,10,0,10
2490355825,10,0,10
2491825146,10,0,10
2499165794,10,0,10
2499705264,10,0,10
2500939627,10,1,11
2506066094,10,1,11
2509636747,10,0,10
2521254096,10,0,10
2534508875,10,5,15
2537333757,10,0,10
2538600419,10,0,10
2545884908,10,0,10
2551359792,10,1,11
2555513832,10,1,11
2557488391,10,0,10
2557951345,10,0,10
2561142020,10,0,10
2564631644,10,30,40
2570274991,10,0,10
2571167838,10,0,10
2574395512,10,1,11
2588323809,10,0,10
2589689174,10,4,14
2592271712,10,1,11
2602686098,10,0,10
2603953490,10,0,10
2605952688,10,0,10
2612934314,10,0,10
2613859982,10,0,10
2615820680,10,0,10
2615829152,10,1,11
2628711701,10,0,10
2657709709,10,0,10
2661167788,10,1,11
2668090800,10,0,10
2680580866,10,7,17
2682918655,10,0,10
2684058000,10,0,10
2693116293,10,2,12
2695627871,10,0,10
2701636599,10,0,10
2713849393,10,0,10
2722320954,10,2,12
2730319526,10,0,10
2730558604,10,65,75
2733029784,10,0,10
2737125488,10,1,11
2742104771,10,0,10
2742628637,10,2,12
2745176117,10,1,11
2747658351,10,0,10
2753743832,10,37,47
2753883446,10,1,11
2757741991,10,0,10
2759012185,10,0,10
2760779967,10,1,11
2762885558,10,1,11
2764580401,10,3,13
2769886611,10,0,10
2779417804,10,0,10
2779621147,10,0,10
2780407495,10,0,10
2780478996,10,0,10
2780785403,10,1,11
2781200082,10,0,10
2781277783,10,0,10
2782630584,10,0,10
2783396654,10,0,10
2786149478,10,1,11
2786265003,10,1,11
2787942258,10,0,10
2790255338,10,1,11
2792729874,10,8,18
2793150001,10,2,12
2793601186,10,0,10
2799276557,10,0,10
2799594497,10,5,15
2800843867,10,1,11
2808848318,10,0,10
2815859062,10,0,10
2820140579,10,1,11
2826499106,10,4,14
2831804001,10,1,11
2832644723,10,0,10
2833233014,10,0,10
2833599255,10,5,15
2834860795,10,1,11
2840103078,10,0,10
2840219010,10,1,11
2840520116,10,0,10
2847083497,10,0,10
2849949796,10,1,11
2850579939,10,0,10
2850903357,10,0,10
2854551200,10,0,10
2858341588,10,5,15
2860668355,10,0,10
2863847967,10,1,11
2864468770,10,0,10
2865078826,10,1,11
2865930995,10,0,10
2869837616,10,1,11
2870315974,10,3,13
2871795699,10,0,10
2872240968,10,0,10
2872387038,10,0,10
2879956370,10,0,10
2883505697,10,0,10
2892456535,10,0,10
2892463623,10,0,10
2892535205,10,3,13
2892852362,10,0,10
2898732140,10,0,10
2899955344,10,0,10
2899960626,10,2,12
2909903733,10,0,10
2910092858,10,2,12
2920847149,10,6,16
2921278775,10,13,23
2923241218,10,3,13
2926061818,10,8,18
2926077784,10,2,12
2928154079,10,0,10
2936474595,10,0,10
2952468264,10,3,13
2958069049,10,0,10
2958523294,10,2,12
2960249159,10,6,16
2968330587,10,0,10
2968481939,10,0,10
2975257231,10,0,10
2976810483,10,161,171
2979773758,10,0,10
2980000654,10,0,10
2996329019,10,1,11
2998737566,10,0,10
2999497440,10,113,123
2999638343,10,3,13
3025993936,10,0,10
3036365594,10,1,11
3037611621,10,1,11
3038340215,10,5,15
3038614791,10,0,10
3048422652,10,0,10
3050516844,10,0,10
3059937965,10,0,10
3061261547,10,0,10
3063708263,10,0,10
3064644926,10,0,10
3069163514,10,0,10
3072831033,10,0,10
3076219563,10,0,10
3076919760,10,1,11
3081019024,10,0,10
3083844539,10,1,11
3084785476,10,5,15
3094435388,10,0,10
3097484633,10,0,10
3103243210,10,0,10
3112155426,10,0,10
3115304298,10,1,11
3118659049,10,0,10
3120302359,10,9,19
3126905602,10,0,10
3128019132,10,0,10
3134474667,10,1,11
3135107821,10,0,10
3145368126,10,0,10
3145730380,10,3,13
3148931612,10,0,10
3161147966,10,0,10
3168005255,10,0,10
3173879842,10,25,35
3173892436,10,0,10
3177406031,10,0,10
3178065296,10,0,10
3178923979,10,0,10
3181210090,10,0,10
3182951912,10,0,10
3186839148,10,0,10
3189260718,10,0,10
3192554636,10,7,17
3192937475,10,5,15
3211576837,10,1,11
3214309019,10,0,10
3225685982,10,0,10
3226586376,10,0,10
3226950827,10,1,11
3227414731,10,10,20
3233879149,10,0,10
3235639109,10,0,10
3237183498,10,0,10
3239853627,10,39,49
3253153189,10,2,12
3253489471,10,0,10
3254190093,10,0,10
3256116492,10,23,33
3265679569,10,0,10
3269656412,10,0,10
3274689643,10,1,11
3282693403,10,0,10
3286130401,10,0,10
3286868286,10,1,11
3288394404,10,137,147
3292048846,10,0,10
3293702738,10,0,10
3295715749,10,3,13
3296514445,10,1,11
3298014613,10,1,11
3298128916,10,0,10
3298145299,10,1,11
3298490413,10,0,10
3299924978,10,140,150
3301040848,10,2,12
3301260459,10,12,22
3303967731,10,0,10
3304347244,10,0,10
3306090875,10,0,10
3308663534,10,0,10
3308763876,10,0,10
3309268112,10,0,10
3310874893,10,0,10
3311983278,10,2,12
3313940136,10,2,12
3320120707,10,0,10
3320392887,10,0,10
3320447807,10,0,10
3327340341,10,1,11
3327934583,10,0,10
3329860151,10,1,11
3342317704,10,0,10
3342522131,10,0,10
3342741827,10,0,10
3346475663,10,0,10
3348455232,10,0,10
3348510679,10,0,10
3349297331,10,0,10
3355041838,10,0,10
3356146994,10,1,11
3361038493,10,4,14
3368633735,10,0,10
3369185355,10,0,10
3374440762,10,0,10
3374647212,10,1,11
3376810798,10,1,11
3379456641,10,0,10
3379600601,10,0,10
3381695367,10,0,10
3382312012,10,0,10
3383657457,10,0,10
3383747345,10,2,12
3387527914,10,0,10
3394684998,10,1,11
3397207899,10,0,10
3399904743,10,0,10
3406519702,10,1,11
3415977399,10,1,11
3416265153,10,0,10
3420826823,10,0,10
3424351204,10,0,10
3428472718,10,0,10
3429135509,10,1,11
3430116587,10,0,10
3431813189,10,1,11
3435097906,10,0,10
3436249294,10,122,132
3450033556,10,0,10
3484118776,10,0,10
3492203836,10,1,11
3503169862,10,1,11
3538830740,10,2,12
3543870799,10,0,10
3551446154,10,0,10
3577137252,10,0,10
3589422500,10,0,10
3666404372,10,0,10
3706669633,10,0,10
3730022054,10,2,12
3734728095,10,2,12
3739786632,10,0,10
3762320657,10,0,10
3788511796,10,0,10
3788868135,10,0,10
3795998303,10,0,10
3807595214,10,0,10
3827365758,10,0,10
3833502322,10,0,10
3838475435,10,1,11
3845582673,10,0,10
3859781662,10,0,10
3861567736,10,0,10
3861716173,10,2,12
3872205735,10,0,10
3873912433,10,5,15
3874077699,10,0,10
3899145492,10,0,10
3904437158,10,0,10
3911139081,10,0,10
3912394822,10,3,13
3929560529,10,0,10
3939152837,10,0,10
3950081506,10,0,10
3950960535,10,2,12
3956737300,10,0,10
3975956538,10,1,11
4012734315,10,3,13
4027012534,10,0,10
4038741921,10,2,12
4038783736,10,4,14
4039410981,10,0,10
4053147072,10,0,10
4057035495,10,1,11
4057356801,10,68,78
4060522877,10,1,11
4067337334,10,7,17
4071088492,10,0,10
4086003312,10,0,10
4086136396,10,0,10
4091455097,10,0,10
4115673438,10,0,10
4125442934,10,0,10
4126921437,10,0,10
4141243093,10,2,12
4144384361,10,1,11
4151281694,10,0,10
4153594215,10,0,10
4165984775,10,0,10
4185118883,10,0,10
4203455892,10,1,11
4210667523,10,0,10
4212015219,10,1,11
4214599754,10,0,10
4227204897,10,0,10
4230683833,10,9,19
4236797793,10,19,29
4241379074,10,1,11
4305388873,10,3,13
4307119874,10,1,11
4328945783,10,3,13
4366070954,10,5,15
4377436881,10,1,11
4383115349,10,0,10
4411527681,10,0,10
4427995299,10,0,10
4429503141,10,0,10
4444576933,10,0,10
4445209994,10,0,10
4448363774,10,3,13
4449318081,10,0,10
4451225532,10,0,10
4466716993,10,0,10
4476032003,10,0,10
4481454492,10,0,10
4481916574,10,0,10
4483004278,10,5,15
4510764854,10,0,10
4511278280,10,0,10
4512883994,10,1,11
4535283420,10,18,28
4557407658,10,0,10
4563504263,10,1,11
4573920214,10,1,11
4591029915,10,0,10
4608342450,10,3,13
4609452674,10,2,12
4632734963,10,1,11
4643439316,10,0,10
4650980655,10,38,48
4660393213,10,1,11
4662933002,10,6,16
4665243981,10,1,11
4675226850,10,0,10
4709507187,10,1,11
4720968158,10,2,12
4739920993,10,11,21
4758004043,10,0,10
4760593343,10,0,10
4776613892,10,13,23
4780961057,10,0,10
4781537420,10,0,10
4788972573,10,0,10
4804372884,10,0,10
4809543600,10,0,10
4815469048,10,0,10
4818298274,10,0,10
4819321691,10,2,12
4823162091,10,0,10
4827961814,10,55,65
4830044313,10,1,11
4830068535,10,1,11
4830944081,10,5,15
4831641581,10,0,10
4838192846,10,1,11
4838673759,10,2,12
4852639485,10,2,12
4856767812,10,0,10
4860368123,10,0,10
4860736271,10,0,10
4860867953,10,2,12
4865334508,10,45,55
4872730967,10,0,10
4873960652,10,2,12
4877850855,10,0,10
4881847257,10,0,10
4883688742,10,0,10
4892643881,10,0,10
4893845362,10,5,15
4894000274,10,9,19
4894877693,10,1,11
4902794331,10,0,10
4903042407,10,0,10
4910037911,10,0,10
4911314093,10,2,12
4916352934,10,8,18
700544106594856961,10,0,10
700726711546064896,10,1,11
701224270526083072,10,0,10
701381438579548160,10,1,11
701492437013942274,10,0,10
702892267208613888,10,0,10
703581361844654081,10,0,10
703670927645499392,10,0,10
704023361844879361,10,0,10
704040836145815552,10,0,10
704103766094536704,10,1,11
704117955882127360,10,6,16
704140813349974016,10,0,10
704558530607513604,10,0,10
704729072169947136,10,2,12
704736456116273152,10,0,10
704906124693217280,10,0,10
705052228319633412,10,0,10
705143118979399680,10,20,30
705195722606583808,10,0,10
705299931834290177,10,0,10
705487857897623554,10,0,10
705607742736703488,10,1,11
705616803230121984,10,0,10
705636641847676928,10,0,10
706952388561600513,10,0,10
706996318854582273,10,0,10
707100830214696960,10,0,10
707295246044889088,10,0,10
707327295128772608,10,0,10
707832567869771776,10,0,10
708468090074480641,10,0,10
708682073754697728,10,0,10
709091389464645633,10,0,10
709172832429809665,10,0,10
709262824372117504,10,0,10
709550205176156162,10,1,11
709555077544079360,10,0,10
709788824004460544,10,0,10
710998180117159937,10,0,10
711373360429715458,10,0,10
711387643490074624,10,0,10
711795222842380288,10,1,11
712300111888568320,10,2,12
712382148636880897,10,2,12
712584710157774848,10,2,12
712682112244137984,10,0,10
712819464782225408,10,0,10
712994904423735297,10,1,11
713099220425658368,10,0,10
713168670445338624,10,4,14
713362624352792576,10,1,11
713874298876796928,10,1,11
714127839570870272,10,0,10
714622006407335936,10,4,14
714708791967760386,10,1,11
715281166488588288,10,1,11
715320961927479296,10,1,11
716343453022556160,10,0,10
716612449533689856,10,0,10
716819927160774657,10,3,13
717707477287047168,10,0,10
718099606064795648,10,1,11
718183052627808256,10,1,11
719238154004340736,10,1,11
719556613070192640,10,0,10
720229617156669440,10,0,10
720980329201143809,10,4,14
722439224469753856,10,2,12
723167125272027137,10,4,14
723269377454407684,10,0,10
723474596738031616,10,1,11
723603674841382913,10,0,10
723623430407467008,10,0,10
724282165178032131,10,10,20
724696368170840064,10,0,10
724847756452478977,10,0,10
726241551744000000,10,1,11
727496158596194304,10,0,10
727894575293988864,10,0,10
727946680725803008,10,0,10
728215387939069952,10,7,17
728284676188688387,10,1,11
728290589138026496,10,0,10
728433956169752576,10,3,13
728839564593225728,10,0,10
729526987405070336,10,0,10
730484017535930369,10,0,10
730508487034343424,10,2,12
730929136563294209,10,0,10
731165050883477513,10,0,10
731611745219973121,10,1,11
731844151499718656,10,0,10
732600794768375808,10,1,11
732733728401686531,10,0,10
733143924987006976,10,0,10
733675883240816640,10,1,11
733690532258566144,10,1,11
733853846259142656,10,0,10
734209084765835264,10,0,10
734401771666165760,10,0,10
734444602409811968,10,3,13
734504715703066624,10,0,10
734705685284282370,10,3,13
734787984634089472,10,6,16
734855055820525568,10,0,10
734887488141959168,10,0,10
735530285916389376,10,1,11
736006051846180865,10,2,12
736063150240325634,10,12,22
736643211846930432,10,0,10
737968834909331457,10,0,10
739094150075813888,10,3,13
739210420796456960,10,0,10
739333162203897860,10,0,10
739850773090078721,10,20,30
739968715307909120,10,1,11
739975807431495680,10,3,13
740275760049586177,10,1,11
740611738450722817,10,6,16
740619218647953408,10,3,13
740756939647377408,10,2,12
741001428936884226,10,0,10
741005260966264832,10,0,10
741296545996414976,10,3,13
741623396853747712,10,11,21
741793819478237184,10,0,10
741807204756381697,10,0,10
742065146353180672,10,1,11
742100226689863682,10,0,10
742138082997239808,10,1,11
742589578846994435,10,13,23
742765356498882565,10,0,10
742811178376646656,10,0,10
743291698042703872,10,2,12
743335053401300994,10,2,12
743525135907315712,10,6,16
744203524028784640,10,1,11
745497035575431168,10,0,10
746224643673980928,10,0,10
746413157049077760,10,0,10
746757036847751168,10,0,10
747576081578852352,10,21,31
747807617414664193,10,1,11
747966168238067712,10,0,10
748175082745364480,10,0,10
748327206753959936,10,1,11
748572051951190017,10,3,13
748574902345687040,10,0,10
748593675039539201,10,0,10
748904561058967552,10,5,15
749236698102374401,10,0,10
749417968501743616,10,0,10
750417114213658624,10,0,10
750419122543034368,10,1,11
750438661376864256,10,1,11
750502962385063937,10,0,10
750666061997944832,10,0,10
751432166660251650,10,5,15
751694998391762945,10,0,10
751971240261218304,10,0,10
752868667596083200,10,4,14
753736936209219584,10,2,12
753935178968489984,10,0,10
754678979395805184,10,0,10
754928298598264832,10,5,15
754953074838413312,10,0,10
755441809254289408,10,1,11
755600659584458753,10,1,11
755623515362041856,10,16,26
755815930358329348,10,1,11
755910867691057152,10,1,11
757041391239254016,10,4,14
757405132883529729,10,5,15
757656087956893696,10,0,10
757712564621041666,10,0,10
757719911930134528,10,1,11
757731418428481536,10,0,10
757972493105664000,10,0,10
758573811298033664,10,1,11
758754087865159682,10,1,11
759046543307440130,10,0,10
759069899381612544,10,0,10
759141813378703360,10,0,10
759184794370580481,10,0,10
759248776238395392,10,1,11
759638568436326400,10,0,10
760116613605527552,10,1,11
760142560413175808,10,1,11
760322493701844992,10,1,11
760453815002816512,10,0,10
760840313099264000,10,0,10
760922160600846336,10,0,10
761013111142748160,10,0,10
761172699402084352,10,1,11
761685114984116224,10,1,11
762104058329137152,10,0,10
762464992931123204,10,0,10
762753709172482052,10,5,15
762860219420467201,10,0,10
763339423727648772,10,1,11
763512833984360448,10,0,10
763604793952788480,10,0,10
764882446101966848,10,1,11
764896738943471616,10,1,11
765302083440508928,10,0,10
765811638469595136,10,0,10
765957211935891456,10,0,10
766034387406352384,10,0,10
766507241772085248,10,0,10
766894742265294848,10,0,10
767249475345580035,10,0,10
767919198366408704,10,0,10
768091573229846528,10,0,10
768590761239519232,10,1,11
768605282616258560,10,0,10
768892541693558785,10,0,10
769262450864783360,10,1,11
769422258985066496,10,3,13
769427579895943168,10,0,10
769683082253312000,10,0,10
769739836236324869,10,0,10
770033227956355073,10,1,11
770516984903499776,10,3,13
770615165603553280,10,0,10
770808287818317825,10,3,13
771750479202099200,10,0,10
771896343459692544,10,12,22
773224974320410624,10,0,10
773227050475945984,10,0,10
773618323762384896,10,0,10
773744009802047489,10,0,10
774003396999249920,10,0,10
774010112277118980,10,0,10
774053956796420097,10,0,10
774074669230071809,10,0,10
774275247520358400,10,1,11
774726522733146113,10,3,13
774990955233550336,10,1,11
775020183731703808,10,0,10
775062723054931968,10,1,11
775089970117738496,10,1,11
775339967807643648,10,2,12
775509051199279105,10,0,10
776053234448207872,10,2,12
776080266498482176,10,2,12
776268757115236353,10,0,10
776553487605702656,10,0,10
776837544117989376,10,0,10
779470117944123392,10,0,10
779857218531307520,10,1,11
780420205507862529,10,0,10
780511311415300096,10,24,34
780537030392426504,10,0,10
780604330286067712,10,1,11
780721516824494080,10,0,10
780726692411084800,10,0,10
780826571560984576,10,0,10
781170602937753606,10,0,10
781310402684739585,10,0,10
781855472991207424,10,1,11
781917545062363136,10,0,10
782051632246906880,10,0,10
782204501780561920,10,0,10
782275352831860736,10,0,10
782303939953733632,10,0,10
782385869038772224,10,1,11
782692772172083200,10,0,10
782713202551382016,10,1,11
782949768502837248,10,1,11
782971251887407104,10,0,10
783021195008630784,10,0,10
783106359411609600,10,1,11
783115182751027200,10,1,11
783502774243778560,10,1,11
783523212416147457,10,0,10
783982152077733889,10,1,11
783989494567415808,10,0,10
784140273471352833,10,0,10
784471430524198912,10,4,14
784533262714765313,10,4,14
784818742203150337,10,0,10
784913616281665536,10,0,10
785024801991569409,10,5,15
785207075265576960,10,2,12
785278583581270018,10,0,10
785287266826526721,10,2,12
785310696191975424,10,0,10
785315846709141505,10,0,10
785852852933529600,10,0,10
785883327743991808,10,1,11
785914975822843904,10,2,12
786168990435414016,10,0,10
786185636419993600,10,0,10
786200836032516096,10,0,10
786207894329036800,10,0,10
786265679444008960,10,4,14
787281956769828864,10,0,10
787336896917626880,10,1,11
787480673691074560,10,0,10
787499324481662984,10,0,10
788007236505182209,10,0,10
788053702926036996,10,0,10
788107036722622464,10,3,13
788158832174260224,10,0,10
788285091839668224,10,0,10
788454774916075520,10,0,10
788543313255084032,10,2,12
788722877730357249,10,2,12
789274615377821697,10,1,11
789575545386258432,10,0,10
789867970587754503,10,2,12
791093416805429248,10,0,10
791120565855629312,10,0,10
791149692709208064,10,1,11
791359406546030592,10,0,10
792054519907643392,10,0,10
792087170995646464,10,1,11
792088063618887681,10,0,10
792516935539761152,10,1,11
792576774987247617,10,0,10
793502653338775554,10,1,11
793677341042044928,10,0,10
793869652124430336,10,0,10
793909974581870592,10,0,10
793940467733794816,10,0,10
793954510590722048,10,0,10
794019335656316929,10,0,10
794270845115961344,10,0,10
795110748351365120,10,0,10
795252478350606337,10,0,10
795618355248033792,10,0,10
796245251568599041,10,0,10
797061108171415552,10,0,10
797705994897858561,10,0,10
799412449699135488,10,0,10
801404166828658688,10,0,10
805117810343079936,10,0,10
808534076860862465,10,2,12
681473,9,11,20
1001971,9,0,9
1653161,9,4,13
1759181,9,10,19
5474512,9,82,91
5774442,9,7,16
6750982,9,5,14
7077352,9,0,9
8150772,9,1,10
9426292,9,20,29
10424512,9,29,38
11553932,9,17,26
13189422,9,70,79
13896082,9,2,11
14052638,9,11,20
14072986,9,0,9
14206115,9,83,92
14380000,9,1,10
14458620,9,0,9
14822718,9,0,9
14862190,9,0,9
14941817,9,29,38
15009171,9,31,40
15118142,9,12,21
15314812,9,16,25
15346595,9,1,10
15460331,9,0,9
15486485,9,5,14
15603383,9,0,9
15616667,9,29,38
15636736,9,0,9
15665657,9,0,9
15695168,9,1,10
15726088,9,0,9
15730608,9,12,21
15773072,9,124,133
15982094,9,12,21
16080891,9,1,10
16108798,9,0,9
16177985,9,1,10
16370335,9,2,11
16556523,9,11,20
16576797,9,13,22
16653349,9,0,9
16729137,9,9,18
16833343,9,2,11
16981405,9,0,9
17168438,9,2,11
17202741,9,5,14
17395881,9,1,10
17684104,9,23,32
17721912,9,19,28
17744717,9,0,9
17777577,9,8,17
17825939,9,12,21
17877441,9,1,10
17924881,9,1,10
17967986,9,1,10
18007130,9,3,12
18060283,9,3,12
18066027,9,0,9
18190887,9,33,42
18220818,9,97,106
18381162,9,22,31
18422538,9,2,11
18534316,9,2,11
18600338,9,0,9
18648110,9,1,10
18737223,9,0,9
18745588,9,1,10
18819711,9,0,9
19048187,9,0,9
19052834,9,17,26
19075151,9,0,9
19136850,9,5,14
19222164,9,0,9
19263371,9,0,9
19550663,9,1,10
19720870,9,0,9
19745574,9,0,9
20032095,9,1,10
20372050,9,0,9
20418985,9,1,10
20434453,9,0,9
20451134,9,1,10
20469237,9,9,18
20520465,9,34,43
20533893,9,3,12
20538807,9,0,9
20649742,9,0,9
20650552,9,2,11
20665221,9,18,27
20720531,9,0,9
20746964,9,1,10
20765275,9,0,9
20982244,9,2,11
20992894,9,0,9
21135563,9,1,10
21147939,9,88,97
21270778,9,0,9
21270878,9,0,9
21351093,9,12,21
21552681,9,1,10
21567649,9,45,54
21799129,9,0,9
21860491,9,2,11
21861164,9,0,9
21913215,9,0,9
21938258,9,0,9
22098864,9,2,11
22158282,9,1,10
22506859,9,1,10
22675126,9,1,10
22937565,9,2,11
23035013,9,1,10
23110106,9,0,9
23123275,9,26,35
23181138,9,0,9
23202319,9,3,12
23250565,9,2,11
23278477,9,0,9
23673033,9,0,9
24134004,9,37,46
24173030,9,1,10
24226617,9,0,9
24606358,9,12,21
24646819,9,0,9
24715437,9,1,10
24811659,9,0,9
24924289,9,5,14
24975816,9,0,9
25111711,9,1,10
25354156,9,1,10
25393652,9,2,11
25554536,9,0,9
25826256,9,3,12
25947313,9,0,9
26007626,9,2,11
26070572,9,184,193
26214759,9,0,9
26496086,9,1,10
26742293,9,71,80
26760308,9,2,11
27098834,9,3,12
27234909,9,49,58
27378679,9,0,9
27394936,9,8,17
27556420,9,0,9
27995302,9,1,10
28038834,9,0,9
28062887,9,13,22
28087113,9,0,9
28253192,9,0,9
28358777,9,0,9
28414285,9,2,11
28438028,9,1,10
28870406,9,0,9
29241560,9,0,9
29353906,9,3,12
29562953,9,0,9
30271700,9,15,24
30542827,9,1,10
30543406,9,76,85
30578724,9,20,29
30617999,9,0,9
30811356,9,1,10
31197002,9,0,9
31332030,9,0,9
31346313,9,1,10
31447151,9,0,9
31524862,9,0,9
31656710,9,0,9
32607524,9,0,9
32680990,9,42,51
32936248,9,0,9
32990089,9,0,9
33255665,9,1,10
33429021,9,3,12
33782181,9,0,9
33860798,9,0,9
33905880,9,0,9
34016398,9,0,9
34220819,9,1,10
34316100,9,10,19
34349934,9,0,9
34404641,9,15,24
34806101,9,1,10
35572225,9,1,10
35624658,9,0,9
35639879,9,0,9
35904361,9,3,12
36028398,9,0,9
36227123,9,0,9
36230093,9,10,19
36500787,9,1,10
36593694,9,1,10
36685086,9,0,9
37040459,9,0,9
37078777,9,0,9
37578718,9,1,10
37812299,9,0,9
38060339,9,0,9
38098099,9,0,9
38504729,9,0,9
38655718,9,0,9
38777208,9,0,9
38787045,9,1,10
39526741,9,32,41
39609732,9,22,31
40133635,9,0,9
40204763,9,0,9
40309621,9,7,16
40469892,9,1,10
40542671,9,0,9
40677346,9,3,12
40740614,9,0,9
40922363,9,3,12
41113129,9,1,10
41194235,9,2,11
41287700,9,0,9
41728936,9,1,10
42020119,9,0,9
42085397,9,1,10
42266389,9,1,10
42291075,9,109,118
42703989,9,2,11
42882879,9,0,9
43162247,9,0,9
43218524,9,0,9
43458803,9,0,9
43743961,9,2,11
43774197,9,3,12
43907190,9,1,10
44112466,9,1,10
44204171,9,1,10
44610616,9,16,25
44678011,9,0,9
44714333,9,10,19
44969393,9,0,9
45259588,9,0,9
45784069,9,3,12
45819619,9,0,9
46347178,9,0,9
46770403,9,1,10
46809500,9,2,11
47279353,9,0,9
47646312,9,0,9
48361333,9,1,10
48719150,9,61,70
49032795,9,1,10
50078492,9,0,9
50248625,9,78,87
50322995,9,2,11
50445052,9,0,9
50800845,9,0,9
51166899,9,1,10
51294455,9,1,10
51369135,9,16,25
51378153,9,12,21
51588194,9,0,9
52284025,9,0,9
52398009,9,0,9
52626107,9,3,12
52885287,9,0,9
53547614,9,0,9
53807298,9,0,9
53813160,9,0,9
54668690,9,2,11
54710888,9,18,27
55106045,9,0,9
55831797,9,1,10
55868339,9,2,11
55931763,9,0,9
56240594,9,9,18
56556819,9,0,9
56587569,9,0,9
56691230,9,1,10
56826641,9,0,9
57059339,9,0,9
57440158,9,4,13
58214885,9,1,10
58548955,9,0,9
58760309,9,1,10
58889580,9,0,9
59016368,9,13,22
59333213,9,1,10
59700745,9,5,14
60152472,9,0,9
60329634,9,0,9
60432146,9,1,10
60927886,9,2,11
61099080,9,0,9
61176427,9,0,9
61247323,9,0,9
61347805,9,5,14
61377432,9,7,16
62046773,9,2,11
62056893,9,121,130
62124330,9,0,9
62230718,9,0,9
62527008,9,0,9
63564907,9,0,9
63916509,9,0,9
63987136,9,0,9
64048030,9,0,9
64068127,9,0,9
64260524,9,0,9
65410315,9,1,10
65453781,9,0,9
66099018,9,1,10
66525934,9,0,9
67106472,9,0,9
67120640,9,3,12
67169191,9,131,140
67759049,9,0,9
67907728,9,0,9
68063926,9,0,9
68457624,9,0,9
69471040,9,0,9
69982557,9,0,9
70587127,9,0,9
70766002,9,0,9
70948274,9,2,11
71337419,9,0,9
72547665,9,0,9
74543062,9,0,9
74565668,9,7,16
74999429,9,0,9
75224769,9,1,10
75278116,9,0,9
75340557,9,7,16
75447063,9,6,15
75470699,9,0,9
75880875,9,0,9
75891282,9,1,10
76763190,9,2,11
77578572,9,0,9
78565403,9,0,9
78994618,9,0,9
80734453,9,0,9
81389917,9,1,10
84504800,9,0,9
85990809,9,0,9
86833767,9,0,9
87222866,9,5,14
87355541,9,17,26
87509623,9,2,11
87723703,9,1,10
87782095,9,1,10
87969802,9,0,9
89219158,9,2,11
89255087,9,0,9
89725844,9,1,10
89770205,9,3,12
90088420,9,0,9
90238176,9,29,38
91119778,9,0,9
91532514,9,0,9
92414147,9,0,9
93755227,9,0,9
93953785,9,31,40
94287604,9,2,11
94343542,9,0,9
96442308,9,0,9
96447622,9,1,10
96649981,9,0,9
96823846,9,0,9
97106823,9,14,23
98696670,9,51,60
99110821,9,0,9
99137755,9,1,10
99599199,9,0,9
100316416,9,1,10
100572200,9,0,9
100670448,9,0,9
102056437,9,1,10
102837987,9,0,9
104667778,9,1,10
105463286,9,31,40
106622252,9,0,9
106724705,9,0,9
107953123,9,0,9
108288348,9,82,91
110247148,9,3,12
112562263,9,0,9
114084933,9,1,10
114259310,9,2,11
114806561,9,1,10
114895656,9,0,9
115801376,9,0,9
116975699,9,1,10
116980444,9,0,9
117870278,9,0,9
118804797,9,0,9
121584802,9,7,16
121860074,9,1,10
122603044,9,1,10
122928358,9,0,9
123094385,9,1,10
123378376,9,1,10
123913587,9,9,18
123993171,9,2,11
124536645,9,3,12
125122538,9,14,23
126680535,9,1,10
127225082,9,0,9
128120523,9,0,9
128372832,9,0,9
128739038,9,25,34
128939408,9,0,9
129290481,9,0,9
129318947,9,54,63
130993239,9,0,9
131050067,9,71,80
131508769,9,10,19
132937164,9,0,9
133413595,9,0,9
133946836,9,29,38
133986655,9,0,9
134236434,9,0,9
134854762,9,4,13
134959712,9,0,9
135602045,9,0,9
135856895,9,0,9
138560975,9,13,22
138697598,9,19,28
139870472,9,2,11
139910513,9,4,13
141919802,9,0,9
142463302,9,1,10
143733560,9,5,14
144033709,9,1,10
144876935,9,1,10
146921399,9,0,9
148035397,9,11,20
148107997,9,0,9
150709584,9,0,9
151185146,9,1,10
152333242,9,0,9
152649168,9,0,9
153177381,9,603,612
156006292,9,0,9
157221022,9,0,9
158060289,9,2,11
159604049,9,0,9
159604243,9,0,9
159714315,9,2,11
161165616,9,0,9
161310396,9,0,9
161967179,9,3,12
162088063,9,0,9
162671848,9,1,10
163491404,9,0,9
164388165,9,2,11
164484695,9,11,20
164549078,9,0,9
164770715,9,0,9
166999015,9,131,140
168884665,9,2,11
169141592,9,0,9
170887045,9,0,9
170952653,9,10,19
171527192,9,2,11
171718948,9,0,9
173137575,9,0,9
176494998,9,0,9
176938095,9,3,12
179221217,9,0,9
179754914,9,1,10
184913941,9,3,12
185759951,9,1,10
185927983,9,3,12
186830196,9,67,76
187765398,9,0,9
189681002,9,1,10
189737138,9,19,28
192091856,9,3,12
192281478,9,2,11
192899547,9,0,9
194717495,9,1,10
196122636,9,1,10
196184447,9,1,10
196629263,9,1,10
198414791,9,1,10
199470690,9,0,9
199674129,9,1,10
199678444,9,5,14
201553765,9,2,11
201737643,9,4,13
204786099,9,0,9
207947028,9,1,10
208321543,9,0,9
208967993,9,2,11
209881576,9,0,9
210221037,9,1,10
210692976,9,15,24
211499356,9,3,12
211680724,9,0,9
214266498,9,1,10
214715401,9,0,9
215975398,9,0,9
216454114,9,0,9
216628395,9,0,9
216857308,9,1,10
216936910,9,0,9
216951483,9,0,9
217119661,9,2,11
218525859,9,0,9
222987791,9,12,21
223876832,9,0,9
224436679,9,1,10
224729213,9,0,9
224816557,9,0,9
224915497,9,0,9
228581579,9,1,10
232202108,9,16,25
232904483,9,0,9
233779154,9,0,9
234922535,9,19,28
235552871,9,0,9
238071759,9,11,20
239244397,9,0,9
239568324,9,4,13
239581467,9,1,10
240522143,9,0,9
242742017,9,0,9
243001984,9,17,26
243350246,9,0,9
243623453,9,0,9
244125575,9,2,11
245569660,9,14,23
246854714,9,0,9
246992639,9,1,10
247455239,9,10,19
247645743,9,0,9
247860029,9,0,9
247889906,9,1,10
247962366,9,1,10
249002719,9,0,9
249170187,9,1,10
249834165,9,0,9
250852478,9,1,10
251047588,9,0,9
251297358,9,0,9
252748037,9,8,17
253697272,9,1,10
254740330,9,0,9
255340030,9,5,14
256295544,9,34,43
257052897,9,2,11
257131393,9,3,12
257650833,9,0,9
258166702,9,0,9
258485559,9,0,9
259129597,9,0,9
260301416,9,0,9
261035444,9,2,11
261807710,9,0,9
262171977,9,1,10
262834804,9,4,13
264248328,9,0,9
265531985,9,0,9
265561347,9,0,9
266850915,9,1,10
267998516,9,1,10
269085077,9,22,31
269555356,9,0,9
270973788,9,1,10
272112035,9,3,12
272783925,9,0,9
273114851,9,0,9
273351558,9,0,9
274613674,9,0,9
275679915,9,0,9
275704406,9,2,11
278555263,9,0,9
279073742,9,0,9
281583777,9,0,9
281877426,9,1,10
283303166,9,0,9
286769922,9,0,9
287548563,9,0,9
288961609,9,0,9
288978419,9,2,11
289927326,9,4,13
290926112,9,0,9
291801444,9,0,9
292103649,9,0,9
292660557,9,7,16
293284965,9,0,9
293604303,9,0,9
293665598,9,0,9
294213625,9,4,13
295393566,9,2,11
297035788,9,0,9
297803355,9,1,10
297817296,9,11,20
298695663,9,0,9
299228906,9,0,9
299259224,9,5,14
300488301,9,4,13
301105969,9,2,11
301477756,9,18,27
302008810,9,0,9
302058974,9,0,9
304434668,9,0,9
306473535,9,2,11
309298818,9,5,14
309750054,9,3,12
311007494,9,1,10
311135007,9,8,17
311342393,9,0,9
311652195,9,1,10
311798621,9,1,10
313129698,9,5,14
313331114,9,1,10
313537923,9,1,10
313555236,9,0,9
314519673,9,0,9
315413807,9,24,33
316788501,9,44,53
316904275,9,22,31
317418958,9,1,10
318073012,9,33,42
318621840,9,0,9
320140450,9,2,11
321083970,9,33,42
322213111,9,1,10
325352543,9,0,9
326010592,9,0,9
326426434,9,3,12
327657101,9,1,10
328457935,9,6,15
331869201,9,1,10
332592283,9,0,9
332984833,9,0,9
333316311,9,0,9
336049934,9,39,48
337018686,9,0,9
337357621,9,8,17
338027397,9,1,10
338529822,9,0,9
339119497,9,0,9
339156186,9,1,10
339849392,9,1,10
339880062,9,0,9
340180762,9,219,228
340294381,9,0,9
340952504,9,0,9
341185007,9,0,9
341233344,9,0,9
341636324,9,1,10
344915074,9,0,9
348073555,9,0,9
348229435,9,0,9
348734313,9,1,10
349817494,9,4,13
349819048,9,0,9
349898755,9,1,10
351823873,9,0,9
352030343,9,0,9
352072843,9,2,11
352993268,9,0,9
353684421,9,2,11
354122681,9,3,12
355931535,9,0,9
357924464,9,1,10
357939135,9,11,20
358218141,9,0,9
358235532,9,0,9
358929612,9,1,10
359010473,9,0,9
360652481,9,3,12
362292355,9,0,9
363330887,9,1,10
363985639,9,17,26
364843932,9,35,44
365496662,9,1,10
366690549,9,3,12
367426526,9,0,9
368525958,9,0,9
368895138,9,1,10
369592587,9,0,9
369935326,9,0,9
370955305,9,69,78
371897226,9,0,9
371982724,9,12,21
372570563,9,6,15
372579816,9,22,31
372848586,9,0,9
374658826,9,88,97
376340811,9,2,11
378863262,9,3,12
379029683,9,0,9
379692465,9,5,14
379962842,9,12,21
381184049,9,3,12
381919736,9,2,11
384882183,9,0,9
385390424,9,0,9
385836840,9,0,9
387358029,9,0,9
387857768,9,1,10
390178886,9,0,9
390615749,9,0,9
392926828,9,0,9
394197227,9,0,9
395405434,9,1,10
397753262,9,5,14
397788571,9,0,9
399079514,9,2,11
399719215,9,1,10
399722029,9,5,14
399773152,9,1,10
401015653,9,2,11
404835422,9,1,10
405074847,9,0,9
405710258,9,8,17
406908947,9,0,9
411607075,9,2,11
412690073,9,2,11
413264546,9,0,9
414243709,9,0,9
415300810,9,2,11
415324525,9,1,10
415868064,9,0,9
418802998,9,3,12
420351613,9,3,12
422099913,9,1,10
422724447,9,1,10
423625300,9,17,26
423839876,9,0,9
424097378,9,3,12
424652362,9,0,9
424864218,9,9,18
429929648,9,0,9
429978338,9,0,9
430418964,9,1,10
431357508,9,1,10
433627929,9,1,10
434566936,9,0,9
435464482,9,0,9
435700753,9,0,9
436042365,9,2,11
437478893,9,0,9
437681707,9,1,10
437997389,9,0,9
438062195,9,0,9
438675603,9,0,9
439184373,9,0,9
439421679,9,0,9
441270898,9,0,9
441330704,9,0,9
441332159,9,0,9
442071670,9,0,9
442144781,9,0,9
445912200,9,0,9
449631120,9,2,11
454197368,9,1,10
454826519,9,0,9
458333712,9,2,11
460592408,9,0,9
461582656,9,1,10
461635875,9,3,12
461780457,9,1,10
466117125,9,1,10
466986635,9,0,9
467825214,9,1,10
470715162,9,1,10
472262799,9,0,9
473103932,9,0,9
473236629,9,0,9
474370904,9,1,10
479181526,9,4,13
480494661,9,0,9
486862917,9,1,10
487840668,9,0,9
489900049,9,0,9
489921757,9,0,9
489966018,9,1,10
490411633,9,0,9
491457130,9,0,9
495676860,9,1,10
498533521,9,0,9
498959173,9,2,11
502255227,9,6,15
503461361,9,0,9
504847403,9,0,9
506287730,9,0,9
509062017,9,1,10
513452562,9,0,9
515815035,9,2,11
518235646,9,0,9
518604430,9,1,10
519974177,9,8,17
520152559,9,1,10
520266484,9,0,9
521563490,9,0,9
521928012,9,1,10
522416190,9,0,9
522419100,9,1,10
522639059,9,0,9
526671102,9,1,10
527469500,9,2,11
527693221,9,2,11
529583598,9,0,9
529832847,9,1,10
530967307,9,0,9
531663411,9,1,10
531959654,9,0,9
532441291,9,7,16
532942902,9,0,9
533400318,9,0,9
533530422,9,0,9
533748175,9,0,9
533788859,9,0,9
533838896,9,1,10
534591437,9,1,10
534882124,9,0,9
535902876,9,1,10
538670116,9,1,10
540455381,9,1,10
543260343,9,36,45
544045964,9,2,11
544874430,9,0,9
545547725,9,0,9
546153662,9,0,9
548768926,9,0,9
548851337,9,0,9
551578592,9,2,11
551622232,9,0,9
552139975,9,0,9
553740112,9,44,53
554408108,9,0,9
555246776,9,24,33
555475580,9,1,10
557300309,9,0,9
557402157,9,2,11
560362455,9,1,10
560601184,9,1,10
561692524,9,2,11
562053811,9,0,9
562930209,9,2,11
563205805,9,29,38
563991994,9,0,9
564946144,9,0,9
566457850,9,16,25
568153650,9,0,9
570036445,9,0,9
570833587,9,0,9
571330082,9,0,9
575064729,9,1,10
575656947,9,0,9
577387565,9,3,12
577513238,9,0,9
582517957,9,2,11
582841984,9,0,9
583425878,9,0,9
584184961,9,0,9
584397627,9,0,9
586853452,9,92,101
588797799,9,3,12
589000540,9,0,9
592073660,9,42,51
600094312,9,5,14
601411379,9,0,9
601551966,9,5,14
602439708,9,9,18
603028451,9,29,38
604228674,9,2,11
609362474,9,4,13
609747279,9,0,9
610844327,9,1,10
612093871,9,0,9
614844676,9,26,35
616466701,9,0,9
617301201,9,0,9
617621897,9,0,9
618190115,9,0,9
619509404,9,0,9
620542150,9,0,9
622398198,9,3,12
623831293,9,0,9
625000580,9,7,16
625709050,9,1,10
625925155,9,0,9
626056708,9,3,12
629016717,9,0,9
634734888,9,49,58
635032578,9,0,9
636581374,9,0,9
703916466,9,1,10
705197282,9,0,9
705591852,9,0,9
711208879,9,0,9
711230798,9,0,9
716370481,9,2,11
718121909,9,0,9
718145934,9,0,9
718247959,9,1,10
718613144,9,0,9
727719319,9,0,9
731829991,9,1,10
739315741,9,4,13
743489814,9,0,9
745880052,9,0,9
762052279,9,2,11
768290888,9,0,9
772547246,9,2,11
775280857,9,1,10
780208729,9,0,9
781178431,9,0,9
788092405,9,10,19
790732957,9,0,9
792995834,9,3,12
799756278,9,8,17
805026811,9,0,9
815302435,9,0,9
818417228,9,0,9
818490013,9,0,9
820700196,9,1,10
828112519,9,1,10
831716407,9,0,9
835789616,9,0,9
841004390,9,0,9
841341013,9,0,9
844813154,9,29,38
845439942,9,11,20
847713127,9,2,11
849568704,9,6,15
850633633,9,36,45
851597233,9,0,9
852642062,9,0,9
860176458,9,0,9
862191066,9,0,9
863959207,9,2,11
864236161,9,0,9
866267076,9,0,9
869049313,9,77,86
874752151,9,0,9
883592400,9,0,9
883850946,9,0,9
885493657,9,0,9
885658440,9,0,9
885765198,9,0,9
885798834,9,1,10
892101258,9,0,9
892174826,9,1,10
893479800,9,6,15
896874918,9,1,10
902818874,9,0,9
902920254,9,1,10
909145771,9,1,10
910968860,9,0,9
911615126,9,0,9
913224127,9,0,9
917179748,9,1,10
920161381,9,93,102
927147806,9,1,10
930532938,9,0,9
931000562,9,2,11
931115610,9,4,13
932723538,9,0,9
933447206,9,2,11
936990522,9,0,9
937021920,9,0,9
937516584,9,4,13
939944202,9,1,10
941514594,9,0,9
944837424,9,1,10
956048053,9,0,9
957958525,9,2,11
964958262,9,0,9
966306738,9,0,9
969107294,9,0,9
971339724,9,0,9
988031065,9,2,11
994386872,9,19,28
996128581,9,0,9
997710757,9,0,9
1005137545,9,0,9
1009107476,9,0,9
1009986710,9,0,9
1012436893,9,1,10
1022281225,9,0,9
1031241967,9,0,9
1036486183,9,1,10
1038810817,9,0,9
1043445481,9,0,9
1045767450,9,1,10
1048765723,9,0,9
1052922241,9,0,9
1054683840,9,1,10
1058964374,9,0,9
1066032092,9,8,17
1066985066,9,0,9
1071029348,9,0,9
1071490063,9,8,17
1071924378,9,0,9
1077028063,9,0,9
1089732643,9,3,12
1090375002,9,3,12
1093574378,9,2,11
1093974546,9,0,9
1095314306,9,0,9
1100391716,9,2,11
1104473036,9,5,14
1111981442,9,4,13
1112359477,9,0,9
1114541923,9,0,9
1125165816,9,1,10
1125688890,9,0,9
1132097262,9,0,9
1137799622,9,0,9
1137983581,9,2,11
1142890063,9,0,9
1151944872,9,4,13
1161745994,9,0,9
1167205136,9,0,9
1173459288,9,4,13
1175522263,9,5,14
1182960816,9,1,10
1189981854,9,0,9
1206798049,9,1,10
1210026548,9,5,14
1210193988,9,0,9
1211101368,9,0,9
1213874558,9,1,10
1216493701,9,1,10
1241860640,9,0,9
1242190802,9,0,9
1245168463,9,1,10
1250313709,9,0,9
1260537668,9,0,9
1262505014,9,4,13
1264885494,9,0,9
1276498441,9,0,9
1277978136,9,0,9
1283648018,9,13,22
1284530156,9,0,9
1292114390,9,0,9
1301531803,9,0,9
1304644188,9,0,9
1308475003,9,0,9
1319908298,9,0,9
1321056600,9,0,9
1323236257,9,0,9
1323888210,9,0,9
1325882347,9,0,9
1337419807,9,0,9
1337706038,9,2,11
1345660627,9,0,9
1345682257,9,27,36
1349192720,9,0,9
1358641766,9,0,9
1362065839,9,0,9
1363234027,9,0,9
1364711424,9,0,9
1367140224,9,1,10
1369357352,9,0,9
1375377895,9,0,9
1378259413,9,0,9
1388671387,9,0,9
1397374658,9,0,9
1401029203,9,0,9
1406631938,9,0,9
1410205855,9,1,10
1422061838,9,0,9
1423118240,9,100,109
1428809815,9,0,9
1429479434,9,4,13
1446615380,9,0,9
1447936830,9,1,10
1452604796,9,0,9
1454928205,9,26,35
1462625593,9,0,9
1487094450,9,0,9
1488560077,9,0,9
1523617352,9,10,19
1529457523,9,0,9
1532964710,9,2,11
1540299300,9,4,13
1541448860,9,0,9
1545902090,9,1,10
1547113777,9,0,9
1549679161,9,0,9
1550449868,9,2,11
1550773478,9,1,10
1551433328,9,0,9
1558749415,9,0,9
1561021560,9,0,9
1566965744,9,0,9
1571372647,9,0,9
1573472503,9,0,9
1579461362,9,1,10
1580643684,9,0,9
1581554946,9,0,9
1593466765,9,0,9
1596879030,9,0,9
1597253708,9,0,9
1605994580,9,0,9
1606405022,9,0,9
1610810670,9,1,10
1614054752,9,0,9
1637187120,9,0,9
1646652542,9,4,13
1655470728,9,4,13
1660672640,9,1,10
1675196299,9,0,9
1686159229,9,0,9
1691236458,9,0,9
1692064393,9,0,9
1699745701,9,3,12
1699988293,9,4,13
1711019742,9,1,10
1723331594,9,0,9
1725625309,9,0,9
1726533902,9,0,9
1727008657,9,18,27
1734836569,9,0,9
1734921174,9,0,9
1852063298,9,6,15
1853070360,9,0,9
1859215286,9,1,10
1862092777,9,67,76
1866727674,9,0,9
1867977558,9,0,9
1872488730,9,0,9
1895178253,9,7,16
1898347759,9,1,10
1905484693,9,0,9
1905687931,9,0,9
1914419054,9,0,9
1916912382,9,2,11
1918291771,9,0,9
1918489034,9,1,10
1921950984,9,1,10
1928786040,9,0,9
1932283777,9,0,9
1936341330,9,1,10
1946583468,9,10,19
1947644232,9,0,9
1949598889,9,0,9
1954390692,9,0,9
1957160030,9,2,11
1958727554,9,0,9
1960768950,9,3,12
1970020598,9,3,12
2151135357,9,1,10
2152499197,9,0,9
2153309403,9,1,10
2159030744,9,0,9
2161960356,9,2,11
2164044995,9,9,18
2165823169,9,0,9
2166674764,9,0,9
2181199579,9,1,10
2182864742,9,0,9
2184516714,9,0,9
2184788698,9,2,11
2188712977,9,8,17
2190464595,9,0,9
2190895568,9,0,9
2192937032,9,0,9
2193060840,9,0,9
2194434292,9,1,10
2197202474,9,5,14
2202108901,9,0,9
2206141170,9,8,17
2206895975,9,0,9
2211013354,9,0,9
2215910083,9,0,9
2220424228,9,0,9
2223776764,9,5,14
2225460714,9,0,9
2239790569,9,0,9
2240002320,9,1,10
2242878637,9,0,9
2243144856,9,36,45
2244323130,9,1,10
2253563196,9,0,9
2260468339,9,0,9
2260524174,9,0,9
2269322174,9,0,9
2269411915,9,2,11
2270413154,9,0,9
2277022349,9,2,11
2279978629,9,0,9
2281105998,9,2,11
2282662302,9,1,10
2298434302,9,0,9
2298743826,9,0,9
2301139142,9,0,9
2308490190,9,2,11
2316237907,9,0,9
2316658548,9,0,9
2318153100,9,0,9
2321041248,9,0,9
2322368578,9,2,11
2323252804,9,1,10
2325473197,9,2,11
2330920322,9,1,10
2334612829,9,0,9
2335426680,9,1,10
2338762903,9,0,9
2339290328,9,0,9
2339331456,9,0,9
2343577562,9,13,22
2343936058,9,0,9
2350559665,9,0,9
2353725206,9,2,11
2355810897,9,0,9
2358672325,9,1,10
2362567844,9,14,23
2362592550,9,30,39
2362915794,9,1,10
2364637962,9,1,10
2365202731,9,0,9
2367086851,9,2,11
2369545634,9,0,9
2377898010,9,1,10
2378914268,9,1,10
2380715400,9,0,9
2382962982,9,0,9
2384328451,9,0,9
2386614031,9,0,9
2387660316,9,0,9
2389386862,9,0,9
2390155723,9,0,9
2392520408,9,0,9
2398407583,9,0,9
2404892963,9,0,9
2408058516,9,0,9
2410573048,9,0,9
2412920598,9,27,36
2413817191,9,0,9
2421481286,9,1,10
2433235432,9,1,10
2434317325,9,2,11
2443151240,9,0,9
2452916736,9,0,9
2453634234,9,0,9
2458934100,9,0,9
2459008796,9,61,70
2463378625,9,19,28
2467960591,9,9,18
2468101495,9,0,9
2475769051,9,16,25
2491404815,9,0,9
2494973591,9,1,10
2503148781,9,1,10
2505435427,9,0,9
2510072210,9,1,10
2512467079,9,0,9
2512824441,9,30,39
2514349394,9,0,9
2516761567,9,0,9
2526529889,9,11,20
2541050953,9,0,9
2543480938,9,0,9
2546736998,9,1,10
2552996484,9,0,9
2558273076,9,16,25
2559149844,9,0,9
2561850400,9,0,9
2567519387,9,0,9
2569731922,9,3,12
2570972747,9,1,10
2574092503,9,1,10
2574703407,9,1,10
2575204603,9,0,9
2576970578,9,0,9
2579436421,9,7,16
2580853616,9,0,9
2582697708,9,1,10
2584908954,9,1,10
2585373540,9,0,9
2588568421,9,0,9
2593292251,9,0,9
2593484425,9,24,33
2594966078,9,2,11
2605653674,9,1,10
2612033095,9,1,10
2613590478,9,0,9
2615188230,9,4,13
2637146391,9,0,9
2645291986,9,0,9
2649682987,9,0,9
2651961805,9,0,9
2653341560,9,0,9
2654764483,9,36,45
2657874535,9,0,9
2658423704,9,0,9
2661937419,9,1,10
2667821193,9,0,9
2672865476,9,0,9
2673078199,9,0,9
2673769294,9,0,9
2678433367,9,0,9
2683476542,9,0,9
2687750085,9,0,9
2691413100,9,1,10
2692125771,9,1,10
2692469789,9,0,9
2696435061,9,0,9
2701822472,9,2,11
2707206188,9,0,9
2710813772,9,7,16
2713471181,9,0,9
2717670014,9,0,9
2719944511,9,0,9
2728689401,9,0,9
2734346037,9,0,9
2738009757,9,0,9
2743114312,9,0,9
2746998229,9,1,10
2747099716,9,3,12
2752784274,9,1,10
2755272040,9,0,9
2755311881,9,0,9
2758480082,9,0,9
2759740097,9,0,9
2766174322,9,0,9
2767148045,9,0,9
2769619552,9,19,28
2775002533,9,1,10
2775433580,9,0,9
2775587916,9,0,9
2775815868,9,2,11
2777206975,9,0,9
2777221206,9,0,9
2781272401,9,0,9
2782552223,9,5,14
2784632127,9,3,12
2785332022,9,0,9
2788964563,9,1,10
2793020689,9,57,66
2796332422,9,0,9
2800086465,9,0,9
2801820871,9,1,10
2803648842,9,0,9
2804147952,9,0,9
2811062947,9,0,9
2811157786,9,0,9
2813825742,9,0,9
2818744760,9,2,11
2820966753,9,0,9
2828764705,9,0,9
2828897023,9,1,10
2828912736,9,0,9
2831534509,9,0,9
2833450892,9,0,9
2834325117,9,2,11
2834809498,9,1,10
2837333277,9,1,10
2840713095,9,0,9
2844501912,9,0,9
2847881972,9,1,10
2848503083,9,1,10
2853695296,9,0,9
2857771655,9,9,18
2862888892,9,0,9
2871699791,9,1,10
2872806720,9,0,9
2873333651,9,2,11
2874668758,9,8,17
2881946306,9,5,14
2883897313,9,1,10
2885815294,9,0,9
2886516190,9,0,9
2887988203,9,4,13
2888841418,9,1,10
2890023656,9,1,10
2891681734,9,0,9
2893187232,9,0,9
2893703902,9,1,10
2900984811,9,1,10
2904743234,9,0,9
2904986677,9,0,9
2905440816,9,0,9
2905533500,9,0,9
2907772775,9,0,9
2908677620,9,0,9
2909342532,9,1,10
2913209563,9,0,9
2918039334,9,0,9
2921665948,9,0,9
2924384930,9,0,9
2924811607,9,0,9
2927233263,9,1,10
2929119915,9,1,10
2934243762,9,1,10
2934688673,9,1,10
2936351461,9,0,9
2937667860,9,0,9
2958830564,9,3,12
2962596114,9,0,9
2967979453,9,0,9
2977382787,9,0,9
2982686613,9,0,9
2984755471,9,0,9
2989880337,9,0,9
2994183140,9,0,9
2995014481,9,0,9
2995104147,9,0,9
2997700002,9,1,10
2997864920,9,0,9
3000248482,9,0,9
3004439539,9,1,10
3007312531,9,0,9
3008029927,9,0,9
3010581222,9,0,9
3010704366,9,160,169
3010999535,9,0,9
3011513190,9,0,9
3013732380,9,1,10
3016301278,9,0,9
3017581041,9,0,9
3019135299,9,0,9
3019739713,9,0,9
3020332941,9,0,9
3023863007,9,3,12
3029843719,9,0,9
3030642225,9,0,9
3037173093,9,2,11
3037714425,9,0,9
3040752139,9,0,9
3047538243,9,1,10
3051850966,9,1,10
3057670197,9,1,10
3058503729,9,0,9
3059463425,9,0,9
3059945082,9,0,9
3063802258,9,0,9
3067130364,9,0,9
3068837529,9,1,10
3073275242,9,0,9
3078562100,9,56,65
3092042638,9,1,10
3096343158,9,7,16
3096994954,9,1,10
3101569065,9,0,9
3103110161,9,0,9
3104145626,9,1,10
3113056040,9,0,9
3118319673,9,0,9
3118827693,9,2,11
3119929410,9,1,10
3123584879,9,0,9
3133974666,9,0,9
3140802185,9,0,9
3141352947,9,0,9
3150460650,9,0,9
3159425433,9,0,9
3160708494,9,1,10
3162963194,9,10,19
3163178317,9,0,9
3164429564,9,2,11
3165997104,9,0,9
3167665288,9,1,10
3167760946,9,1,10
3169760829,9,9,18
3173794661,9,0,9
3176662441,9,1,10
3186715336,9,0,9
3188233248,9,7,16
3188785050,9,0,9
3190902729,9,0,9
3191404926,9,0,9
3192020780,9,0,9
3193583563,9,0,9
3193691988,9,0,9
3196374770,9,0,9
3207626223,9,4,13
3215961051,9,0,9
3219392429,9,3,12
3222537054,9,1,10
3223458122,9,4,13
3229172975,9,0,9
3230850748,9,0,9
3230978769,9,0,9
3234618486,9,0,9
3236538842,9,0,9
3241409597,9,0,9
3243885536,9,0,9
3248098574,9,0,9
3251604476,9,1,10
3257355732,9,0,9
3260743100,9,1,10
3262354554,9,1,10
3266648084,9,0,9
3266722886,9,0,9
3268344072,9,0,9
3275092483,9,0,9
3281504430,9,0,9
3283756188,9,0,9
3287659878,9,0,9
3289303695,9,1,10
3289768665,9,2,11
3289785378,9,0,9
3290643121,9,0,9
3291559521,9,2,11
3291891923,9,0,9
3295676167,9,0,9
3298234152,9,0,9
3298856251,9,1,10
3300607612,9,0,9
3303435850,9,0,9
3306388829,9,1,10
3307201674,9,3,12
3307388827,9,2,11
3308789250,9,4,13
3309841026,9,0,9
3309854312,9,4,13
3310023698,9,0,9
3310047662,9,1,10
3310144890,9,3,12
3312392488,9,0,9
3317038891,9,2,11
3317945875,9,0,9
3318049155,9,3,12
3319810454,9,22,31
3320491171,9,0,9
3325408622,9,2,11
3327305425,9,0,9
3327593884,9,0,9
3327758641,9,39,48
3332221810,9,1,10
3336995325,9,3,12
3346648823,9,0,9
3346735799,9,9,18
3351398356,9,0,9
3355474469,9,0,9
3356483741,9,0,9
3362391490,9,1,10
3367653519,9,2,11
3367736355,9,6,15
3371741680,9,0,9
3376912617,9,0,9
3377336925,9,2,11
3378509894,9,0,9
3382973013,9,1,10
3385702768,9,0,9
3386286814,9,0,9
3386764215,9,0,9
3387403667,9,1,10
3390023307,9,0,9
3399724272,9,0,9
3409655338,9,0,9
3411182717,9,2,11
3412146239,9,3,12
3415044916,9,0,9
3432345015,9,0,9
3432995098,9,0,9
3433778997,9,2,11
3433800394,9,2,11
3436833671,9,0,9
3438116309,9,0,9
3438125285,9,1,10
3438151035,9,0,9
3438644686,9,1,10
3438745348,9,1,10
3439502297,9,0,9
3441711793,9,0,9
3451727663,9,1,10
3459412169,9,0,9
3496393154,9,0,9
3498448812,9,0,9
3499878918,9,0,9
3507420497,9,0,9
3558028035,9,0,9
3561811036,9,0,9
3562823234,9,0,9
3632508195,9,0,9
3642515717,9,3,12
3652413916,9,0,9
3661479505,9,2,11
3677775437,9,1,10
3689169497,9,0,9
3694186396,9,0,9
3731267473,9,0,9
3759483443,9,2,11
3761801717,9,1,10
3763083977,9,0,9
3771775759,9,0,9
3784467913,9,1,10
3804101379,9,0,9
3808314734,9,1,10
3834650237,9,2,11
3844300768,9,0,9
3853888035,9,0,9
3883414992,9,0,9
3885160459,9,0,9
3885897676,9,2,11
3886216525,9,0,9
3887131992,9,0,9
3894747734,9,1,10
3900935425,9,0,9
3917246172,9,2,11
3923086353,9,0,9
3927065842,9,1,10
3932285433,9,1,10
3948421274,9,2,11
3951163043,9,2,11
3952004548,9,0,9
3998329593,9,1,10
4004836754,9,0,9
4005918077,9,2,11
4020413554,9,1,10
4039210060,9,0,9
4054015115,9,0,9
4054923796,9,0,9
4075874974,9,2,11
4077095548,9,0,9
4086447441,9,1,10
4102052958,9,0,9
4102617258,9,5,14
4115045848,9,12,21
4141815258,9,0,9
4174764859,9,0,9
4189775609,9,0,9
4202280852,9,0,9
4216752554,9,0,9
4229724031,9,0,9
4233015916,9,0,9
4249466345,9,0,9
4262215333,9,4,13
4277216177,9,10,19
4280524588,9,2,11
4303431552,9,0,9
4313516127,9,1,10
4317422116,9,0,9
4317727033,9,2,11
4327880079,9,0,9
4329239013,9,0,9
4342042283,9,1,10
4342933752,9,1,10
4345828366,9,1,10
4399470196,9,0,9
4404631756,9,0,9
4429709805,9,13,22
4430353516,9,1,10
4437449600,9,0,9
4440118883,9,8,17
4443309749,9,2,11
4459247236,9,0,9
4472342020,9,0,9
4491297673,9,0,9
4492875073,9,11,20
4499382678,9,0,9
4507487243,9,0,9
4520657673,9,1,10
4548279453,9,0,9
4589805027,9,0,9
4608269780,9,1,10
4611819913,9,1,10
4632888919,9,1,10
4636418663,9,1,10
4645922963,9,0,9
4646057346,9,0,9
4648087221,9,1,10
4650452175,9,2,11
4656434324,9,0,9
4685858112,9,0,9
4700785542,9,1,10
4700995707,9,0,9
4705424636,9,1,10
4705613664,9,0,9
4715804222,9,2,11
4718926824,9,2,11
4720059672,9,0,9
4722294960,9,0,9
4723621653,9,0,9
4744109352,9,1,10
4752008837,9,1,10
4755068501,9,0,9
4756437972,9,27,36
4761925692,9,0,9
4769605944,9,0,9
4774794855,9,0,9
4775740979,9,0,9
4785452834,9,2,11
4796920816,9,5,14
4809840779,9,0,9
4814501080,9,43,52
4818596446,9,16,25
4819597395,9,1,10
4825944456,9,2,11
4828127762,9,0,9
4828614073,9,0,9
4831352594,9,1,10
4831579245,9,0,9
4833874481,9,1,10
4840249546,9,0,9
4843884292,9,0,9
4851436143,9,0,9
4853599251,9,1,10
4853777416,9,0,9
4854039225,9,0,9
4856076416,9,0,9
4858835415,9,5,14
4859477477,9,0,9
4859565389,9,24,33
4861871890,9,1,10
4865886784,9,1,10
4866588749,9,0,9
4869051429,9,0,9
4873147625,9,2,11
4879183150,9,42,51
4880735108,9,0,9
4882712727,9,0,9
4883319623,9,0,9
4884449900,9,1,10
4895974492,9,1,10
4912992253,9,2,11
4913762471,9,0,9
4922450384,9,0,9
4925415976,9,1,10
695895709657276416,9,0,9
696417743155961864,9,1,10
699573666879770624,9,1,10
700441705758265350,9,0,9
700499371591278592,9,0,9
700764546559041536,9,0,9
701131037745750017,9,2,11
701575174089482240,9,0,9
701592824924364800,9,0,9
701808166917554176,9,0,9
701830739025911808,9,0,9
701989220265697280,9,0,9
702120607471816704,9,0,9
702292073303580672,9,1,10
702305191505190912,9,0,9
702616994802212864,9,1,10
702933587239309314,9,3,12
703070737079205888,9,0,9
703214955948969984,9,3,12
703272775432151040,9,0,9
704408824594231297,9,0,9
704427759804624896,9,0,9
704495575043997696,9,0,9
704528094430760960,9,0,9
704716097690411012,9,1,10
704728794221838337,9,0,9
705172085740589057,9,1,10
705430674769973248,9,0,9
705454128814825472,9,1,10
705487700472651776,9,0,9
705508067144818689,9,1,10
705624193736421377,9,6,15
706098258335166464,9,4,13
706209304378896384,9,13,22
706277985721196544,9,0,9
706653555399266310,9,1,10
706677672915673089,9,1,10
706698361475358724,9,7,16
707046739618836480,9,11,20
707099108121530368,9,8,17
707330148555628544,9,0,9
707380976238788612,9,0,9
707722118331379712,9,0,9
707978596049166338,9,0,9
708117633569312772,9,23,32
708162598626156545,9,3,12
708315480545746944,9,0,9
708425240964145152,9,2,11
708518497119309824,9,1,10
709385877592477696,9,0,9
709463856544743424,9,0,9
709524373363924992,9,0,9
709794328550309890,9,1,10
709894499070300161,9,0,9
709932573351215104,9,1,10
710102922227490816,9,6,15
710106915934740482,9,0,9
710867071912026112,9,1,10
710912765565792257,9,1,10
710964763405246465,9,0,9
711395361177214977,9,0,9
711445316118126592,9,45,54
712702791777718273,9,0,9
712781612811857920,9,0,9
712840604300877824,9,1,10
713418456905818112,9,11,20
713429506221064192,9,0,9
713588924791201793,9,1,10
713767367000596480,9,1,10
714522046911229952,9,1,10
714561066533916672,9,0,9
714607592576794624,9,0,9
714809678673408000,9,2,11
714965177297408000,9,1,10
714970629682761728,9,0,9
715206706989559808,9,0,9
715652166266912770,9,0,9
715689827899813888,9,0,9
716270351051784192,9,2,11
716291127838531584,9,2,11
717161505091772416,9,1,10
717326024548159488,9,0,9
718932705061249024,9,0,9
720426925160820736,9,0,9
721699336015380480,9,3,12
722062962987515904,9,1,10
722154023864954880,9,0,9
722512342420815873,9,0,9
722939916137676800,9,60,69
723250232310419456,9,0,9
723310551795822594,9,0,9
723496982485020672,9,127,136
723578944436482048,9,0,9
723637040470880257,9,0,9
724027759819776000,9,0,9
725033078628974597,9,0,9
725063402284945408,9,0,9
725074852596580353,9,2,11
725109063697178627,9,0,9
725514422609928192,9,3,12
726066085703749632,9,2,11
726319466951237632,9,1,10
726338403210563584,9,1,10
726346881786372096,9,0,9
726842340640362497,9,3,12
726902335830560768,9,0,9
726918564544974848,9,2,11
728286540216999936,9,0,9
728398792643489792,9,0,9
729444388217065472,9,9,18
729523453208965121,9,0,9
729614623796695041,9,9,18
729756102477422592,9,6,15
730141801881853952,9,3,12
730218154635464704,9,1,10
730591215830351872,9,0,9
730873015269883904,9,13,22
730964523994206208,9,1,10
731307143479992320,9,3,12
732012258432180224,9,6,15
732201142780710913,9,0,9
732795106990927872,9,0,9
733008066648498176,9,0,9
733841857675812864,9,3,12
734076071444779008,9,0,9
734958804199182336,9,0,9
735288896561516544,9,1,10
735491152464470017,9,0,9
735527929225052161,9,0,9
735870468738191360,9,0,9
736497346079395840,9,1,10
736741738270707712,9,18,27
736843248585576448,9,1,10
737061962614329344,9,1,10
737771442788519936,9,0,9
737834352428613632,9,0,9
738092523906727936,9,1,10
738357080046895104,9,3,12
738417343093673984,9,1,10
738806185894150144,9,3,12
738900009937195008,9,0,9
739206565161361408,9,0,9
740240150823874560,9,0,9
740592066351276033,9,1,10
740662279465766912,9,0,9
740993073598111745,9,1,10
741037906249187328,9,31,40
741187663705735170,9,15,24
741402843576311808,9,2,11
741444668928458752,9,38,47
742117764945616897,9,0,9
742728656573730816,9,0,9
742799722751119361,9,2,11
742859534494924801,9,2,11
742921902474153984,9,2,11
743146979744681984,9,2,11
743168613415149568,9,0,9
743548706658598912,9,1,10
743561610338275328,9,0,9
743951695315513344,9,2,11
744880670875455488,9,0,9
745305787250020352,9,0,9
745470693135900676,9,0,9
746193730122571777,9,0,9
747226117438832640,9,0,9
747755175293628416,9,0,9
748015877442932736,9,6,15
748152637757919232,9,0,9
748627345276186625,9,1,10
749010891803398149,9,1,10
749784296802570241,9,0,9
749989614065037312,9,0,9
750103916742795264,9,1,10
750433359084425216,9,1,10
750878400408088576,9,0,9
751853139603492864,9,1,10
753361014691725313,9,0,9
753528829268922369,9,0,9
753711946696892417,9,0,9
754065641892515840,9,0,9
754068919887994880,9,0,9
754095021507219456,9,0,9
754112616121769984,9,2,11
754118605017522177,9,0,9
754498974321614852,9,1,10
754692482387116032,9,1,10
755256792888729602,9,2,11
755580528376487936,9,2,11
755582692234711040,9,0,9
755584963467018240,9,1,10
756221504375943169,9,0,9
756835113229545474,9,0,9
756950883213148160,9,0,9
757204310836977664,9,1,10
757335446246621185,9,0,9
757409029014560768,9,0,9
757638061652119552,9,0,9
757669401973825536,9,2,11
757722173737996289,9,0,9
757754759105261569,9,1,10
757830437964087296,9,0,9
757887349237899265,9,0,9
758021869895319552,9,0,9
758406643478564864,9,94,103
758786914237321216,9,0,9
759104784699797505,9,0,9
759107470283243520,9,0,9
759145129005289473,9,0,9
759744991048699904,9,0,9
759801671643910144,9,1,10
759902818123730945,9,1,10
760331482917400576,9,0,9
760473696108556288,9,1,10
760524509954793472,9,0,9
760811213848584194,9,0,9
761242709344608257,9,0,9
761293095589728256,9,0,9
761401326668480512,9,1,10
761468279512788992,9,2,11
761730607617486848,9,1,10
762393038710771712,9,0,9
762520755787620352,9,0,9
762675478704427008,9,0,9
762709886211764224,9,1,10
762797417909465088,9,1,10
762799689695498240,9,0,9
763144183334838272,9,0,9
763377489443971072,9,7,16
763792180964012032,9,0,9
764860336667320320,9,3,12
765324586699239424,9,0,9
765501002669776896,9,2,11
766922517101420544,9,0,9
767080776282144768,9,0,9
767551188296314882,9,1,10
767577597073031170,9,0,9
767814369812054016,9,0,9
767874256596107264,9,0,9
767875039072890880,9,1,10
768067639021342720,9,2,11
768141657304772612,9,0,9
769953306366009344,9,1,10
770615538426847232,9,3,12
771179675129307136,9,4,13
771218637269049345,9,0,9
771626912011595776,9,0,9
771665438635757569,9,0,9
771709025088049154,9,0,9
771714014476922881,9,9,18
771860466331185152,9,2,11
772452700197908482,9,0,9
773120930403024896,9,0,9
773622069091336193,9,1,10
773681124547633152,9,1,10
773703560143970308,9,0,9
774668653153415169,9,0,9
774696126171582465,9,0,9
774938664979800064,9,0,9
775956599747641344,9,0,9
775990940662194176,9,0,9
776504474475036672,9,1,10
776510855634530304,9,0,9
776538250500513792,9,0,9
776565331007381505,9,1,10
776841887667847168,9,0,9
777153907797753856,9,0,9
777203976269856768,9,0,9
777228627419271168,9,0,9
777591877516296192,9,0,9
777607168115609600,9,0,9
778309163684274176,9,1,10
778427264916566016,9,0,9
778558057819365376,9,0,9
778808312347303936,9,1,10
779774736108748800,9,0,9
779883327058771968,9,2,11
780027974301220864,9,1,10
780508420629733376,9,0,9
780569934262702080,9,0,9
780887002992349184,9,0,9
781084310682079232,9,0,9
781915888563859456,9,1,10
782202660187504641,9,0,9
782370567265681408,9,0,9
782594355034861568,9,0,9
782597500926435328,9,0,9
782766079063928832,9,0,9
782768087850418176,9,0,9
782869833184665600,9,0,9
782885967107596288,9,0,9
783292811047206912,9,1,10
783470886095581184,9,1,10
783852490349346817,9,1,10
784404483572989956,9,0,9
784610597040193537,9,2,11
784849902803181568,9,0,9
784899317697880064,9,0,9
784917271156142081,9,0,9
785094175167361024,9,0,9
785145883893477376,9,1,10
785147688434020353,9,1,10
785232943035850752,9,0,9
785238787617988609,9,0,9
785278893850816512,9,0,9
785320332114599936,9,0,9
785321924339597313,9,0,9
785348546459496448,9,0,9
785566758857945088,9,2,11
785612837464834048,9,0,9
785620643584802817,9,0,9
785848736434024448,9,0,9
785902400209088513,9,0,9
785954323729571840,9,0,9
786286150528950272,9,1,10
786597167771168768,9,1,10
786611393092919297,9,1,10
786736292809760769,9,0,9
786858683774996480,9,1,10
786897383321849856,9,2,11
786902322647486469,9,1,10
787048970442858496,9,0,9
787132420084658176,9,1,10
787160251984322560,9,1,10
787892196716507136,9,0,9
788052477128028160,9,0,9
789131756997840896,9,1,10
789383290318839808,9,1,10
790024978943119360,9,0,9
790622910943678464,9,1,10
791424777923592192,9,0,9
791450841521672192,9,2,11
791706244654440448,9,0,9
791901397667065857,9,0,9
792156070357585920,9,0,9
792338918804815872,9,0,9
793244006956224512,9,0,9
793252797105991684,9,0,9
794186164458684416,9,0,9
794479677733797888,9,0,9
794787672719904768,9,0,9
794889909677019137,9,0,9
795655121782865920,9,0,9
795680013739851777,9,1,10
795807043387097088,9,0,9
796089561537507328,9,0,9
796355458760110081,9,0,9
796528571896496129,9,0,9
796872693920440320,9,0,9
797192341685698560,9,2,11
797473527054168066,9,0,9
797599105371377664,9,0,9
797950662684209152,9,0,9
798707076000317440,9,3,12
798738127720353792,9,0,9
798932635326107648,9,0,9
804952104385318913,9,0,9
807474427864629249,9,1,10
11830,8,19,27
36423,8,0,8
756302,8,4,12
2916671,8,1,9
4239551,8,3,11
5618162,8,28,36
6058142,8,0,8
6165492,8,0,8
6262152,8,8,16
7006932,8,1,9
8743302,8,3,11
9186162,8,0,8
10196452,8,0,8
11036972,8,0,8
11551752,8,0,8
11715042,8,14,22
11866582,8,17,25
12941062,8,0,8
13982892,8,12,20
14328161,8,56,64
14512842,8,2,10
14529471,8,0,8
14637033,8,0,8
14661925,8,0,8
14723235,8,6,14
14788607,8,0,8
14804672,8,34,42
14864368,8,5,13
14895637,8,13,21
14914462,8,11,19
14945005,8,66,74
14976142,8,8,16
15012679,8,2,10
15415753,8,1,9
15521774,8,111,119
15525413,8,26,34
15612411,8,0,8
15693986,8,1,9
15712175,8,4,12
15995683,8,4,12
15996216,8,1,9
15998753,8,6,14
16103930,8,10,18
16155390,8,0,8
16178778,8,3,11
16207074,8,0,8
16208851,8,1,9
16262760,8,1,9
16278173,8,0,8
16383139,8,42,50
16448066,8,0,8
16478244,8,1,9
16490787,8,3,11
16673839,8,3,11
16753594,8,0,8
16842734,8,63,71
16923619,8,0,8
17048273,8,151,159
17162143,8,6,14
17274898,8,1,9
17308589,8,0,8
17328944,8,0,8
17427729,8,0,8
17527890,8,9,17
17602601,8,11,19
17735945,8,0,8
17794712,8,1,9
17824071,8,0,8
17846983,8,1,9
17879211,8,1,9
17904499,8,0,8
17955574,8,1,9
18020150,8,0,8
18031986,8,0,8
18034481,8,0,8
18205127,8,0,8
18250854,8,0,8
18284757,8,0,8
18331491,8,1,9
18469852,8,0,8
18618743,8,0,8
18786885,8,2,10
18794961,8,0,8
18814243,8,4,12
19002934,8,15,23
19056931,8,56,64
19456704,8,0,8
19569705,8,0,8
19575620,8,0,8
19645781,8,10,18
19807561,8,2,10
19819733,8,4,12
19841902,8,5,13
19908361,8,0,8
19932368,8,1,9
20205786,8,1,9
20319497,8,0,8
20480373,8,1,9
20481219,8,0,8
20548990,8,11,19
20947434,8,15,23
20949790,8,0,8
21059569,8,1,9
21159536,8,1,9
21188448,8,1,9
21378923,8,0,8
21460496,8,21,29
21506324,8,1,9
21520410,8,0,8
21569218,8,0,8
21601501,8,1,9
21615707,8,5,13
21722318,8,2,10
21915646,8,0,8
22202242,8,21,29
22380374,8,26,34
22405916,8,1,9
22414239,8,0,8
22515143,8,14,22
22987681,8,0,8
23070969,8,0,8
23143326,8,17,25
23202568,8,0,8
23249329,8,25,33
23313037,8,0,8
23372418,8,0,8
23510621,8,1,9
23527854,8,9,17
23626007,8,1,9
23674069,8,3,11
23755470,8,0,8
23800754,8,1,9
24029066,8,1,9
24106009,8,0,8
24225486,8,0,8
24283787,8,1,9
24471273,8,1,9
24608308,8,0,8
24667237,8,81,89
24702102,8,23,31
25003156,8,34,42
25143740,8,0,8
25223409,8,1,9
25382013,8,3,11
25435864,8,0,8
25507323,8,2,10
25684629,8,2,10
25762954,8,63,71
25818951,8,0,8
25846786,8,1,9
25900516,8,0,8
25907012,8,0,8
26118199,8,1,9
26318192,8,0,8
26666917,8,1,9
26798092,8,0,8
26935873,8,0,8
27150189,8,0,8
27499106,8,0,8
27501860,8,0,8
27506559,8,2,10
27801221,8,0,8
27831941,8,1,9
27946584,8,0,8
28277980,8,59,67
28384904,8,1,9
28476865,8,0,8
28484753,8,0,8
28559660,8,0,8
28582844,8,0,8
28615422,8,0,8
28719383,8,0,8
28779853,8,55,63
28988363,8,0,8
29068389,8,0,8
29195042,8,4,12
29222658,8,0,8
29240983,8,1,9
29606475,8,2,10
29623004,8,0,8
30109311,8,0,8
30298386,8,3,11
30515073,8,2,10
30532993,8,0,8
30691979,8,1,9
30706364,8,13,21
30756849,8,1,9
30773401,8,1,9
30800581,8,1,9
31016712,8,0,8
31488432,8,2,10
31608060,8,21,29
32485908,8,1,9
32735808,8,1,9
32745985,8,10,18
32922391,8,0,8
32962708,8,0,8
32993293,8,0,8
33044471,8,1,9
33228875,8,2,10
33451099,8,0,8
33601308,8,2,10
33975743,8,0,8
34125293,8,0,8
34145141,8,0,8
34455099,8,23,31
34492708,8,2,10
34581662,8,0,8
34617854,8,4,12
34636457,8,3,11
34704999,8,5,13
34733538,8,6,14
35248303,8,2,10
35338242,8,0,8
35429494,8,0,8
35888387,8,1,9
36061413,8,4,12
36258183,8,0,8
36394732,8,0,8
36685954,8,0,8
36730878,8,1,9
36989700,8,1,9
37096844,8,1,9
37120683,8,0,8
37320198,8,0,8
37332624,8,4,12
37446493,8,0,8
37764773,8,0,8
37793232,8,0,8
37831540,8,1,9
37970826,8,0,8
38021037,8,1,9
38222601,8,2,10
38274009,8,0,8
38359576,8,26,34
38608681,8,1,9
39140979,8,6,14
39232365,8,0,8
39262142,8,3,11
39344374,8,1,9
39432990,8,1,9
39749418,8,0,8
39823745,8,0,8
40597139,8,5,13
40608796,8,13,21
40661960,8,0,8
40855401,8,0,8
41039348,8,3,11
41051450,8,2,10
41112839,8,0,8
41410702,8,6,14
41670593,8,47,55
41866281,8,1,9
42127613,8,0,8
42341287,8,3,11
42473644,8,0,8
42834939,8,0,8
43660822,8,0,8
43993275,8,4,12
44130518,8,0,8
44175599,8,44,52
44181545,8,0,8
44216222,8,0,8
44379469,8,0,8
44547422,8,0,8
44617711,8,0,8
44620310,8,5,13
44790249,8,0,8
45134652,8,0,8
45503654,8,0,8
45597703,8,0,8
45640519,8,0,8
45805669,8,1,9
46060002,8,0,8
46114814,8,0,8
46681512,8,18,26
47051674,8,0,8
47150233,8,1,9
47178451,8,1,9
47225502,8,1,9
47491845,8,151,159
47685083,8,1,9
47758708,8,11,19
48093881,8,1,9
48215218,8,41,49
48256523,8,0,8
48334291,8,1,9
48360202,8,1,9
48474625,8,25,33
48935740,8,0,8
49181612,8,1,9
49323761,8,6,14
49418539,8,0,8
50360539,8,1,9
50429466,8,0,8
50757255,8,2,10
51330975,8,45,53
52011684,8,1,9
52136249,8,0,8
52474890,8,1,9
52505924,8,1,9
52733631,8,0,8
52758170,8,4,12
52948121,8,0,8
53146940,8,0,8
53162642,8,1,9
53374478,8,0,8
53461588,8,6,14
54161147,8,4,12
54214657,8,0,8
54407819,8,0,8
54649348,8,0,8
54762949,8,2,10
55086283,8,1,9
55432168,8,12,20
55621506,8,28,36
55701185,8,1,9
55872897,8,0,8
56300259,8,3,11
56811035,8,0,8
57263317,8,0,8
57753139,8,2,10
57800770,8,3,11
58490633,8,1,9
58753674,8,1,9
58896487,8,95,103
58927949,8,1,9
59269083,8,3,11
59379287,8,4,12
59824113,8,4,12
59989101,8,0,8
60956346,8,1,9
61442272,8,1,9
61511656,8,0,8
63502709,8,3,11
63692280,8,0,8
63697141,8,0,8
63910001,8,2,10
64035970,8,172,180
64056441,8,2,10
64092459,8,11,19
64276999,8,1,9
64305856,8,1,9
64444020,8,1,9
64863630,8,1,9
65078777,8,4,12
65368061,8,1,9
65653009,8,2,10
65735401,8,0,8
65889719,8,1,9
66053650,8,4,12
66495289,8,3,11
66850527,8,3,11
66910623,8,45,53
67453958,8,0,8
68543750,8,0,8
68757338,8,0,8
69361283,8,0,8
69469208,8,0,8
69689196,8,0,8
69725287,8,20,28
71268467,8,0,8
71272041,8,7,15
71614856,8,4,12
71836981,8,0,8
72194390,8,0,8
72276122,8,0,8
74109546,8,1,9
74372401,8,1,9
74483257,8,0,8
74775685,8,16,24
75063913,8,0,8
75400946,8,0,8
75860759,8,0,8
75922483,8,1,9
76864398,8,51,59
77012250,8,5,13
77068843,8,64,72
77244965,8,0,8
77848351,8,0,8
80717260,8,9,17
81248998,8,0,8
81290051,8,37,45
81645411,8,0,8
82443502,8,0,8
82516346,8,2,10
84584229,8,1,9
84641730,8,0,8
84680592,8,0,8
84726503,8,1,9
86382285,8,0,8
87250503,8,0,8
87307100,8,8,16
87471627,8,0,8
87772423,8,0,8
89165845,8,1,9
89167642,8,5,13
89273033,8,7,15
89346210,8,0,8
91173409,8,0,8
92328843,8,1,9
92815726,8,0,8
92920360,8,2,10
93189973,8,0,8
93663419,8,1,9
94136370,8,0,8
94139317,8,0,8
94249055,8,0,8
94266934,8,0,8
95066166,8,0,8
95710034,8,0,8
96894306,8,12,20
97452684,8,0,8
99711197,8,1,9
99999451,8,1,9
100820088,8,0,8
101148379,8,2,10
102488862,8,1,9
102753391,8,0,8
103007066,8,0,8
104170025,8,0,8
105379637,8,1,9
105427696,8,0,8
105504557,8,1,9
105711954,8,1,9
105862008,8,0,8
106331667,8,51,59
107229597,8,3,11
108065324,8,1,9
108912618,8,0,8
110451755,8,27,35
110459289,8,48,56
110708073,8,1,9
110728224,8,2,10
110839847,8,0,8
110906985,8,0,8
110946085,8,1,9
111448043,8,0,8
111684317,8,0,8
113289157,8,0,8
113677047,8,1,9
114024675,8,0,8
114924199,8,5,13
115361027,8,0,8
116282990,8,0,8
116929833,8,1,9
117277446,8,0,8
117943883,8,1,9
120345547,8,1,9
120955920,8,0,8
121209635,8,0,8
121313659,8,0,8
123628682,8,148,156
123728862,8,6,14
124055062,8,0,8
124787479,8,0,8
128637178,8,0,8
128668510,8,1,9
129205778,8,53,61
129258722,8,1,9
130588860,8,0,8
131582916,8,0,8
132654630,8,0,8
132789518,8,0,8
132962195,8,0,8
132972189,8,1,9
133504070,8,1,9
133929829,8,3,11
135631388,8,1,9
135980912,8,0,8
137480382,8,0,8
137690064,8,1,9
138190051,8,1,9
138198794,8,0,8
138870199,8,2,10
139182327,8,1,9
140166872,8,2,10
140776478,8,0,8
143574106,8,0,8
145552068,8,8,16
145879939,8,0,8
146451612,8,0,8
146642177,8,1,9
146730310,8,2,10
147690080,8,0,8
148441768,8,0,8
148661860,8,0,8
148784786,8,0,8
149527508,8,0,8
150077364,8,0,8
150281740,8,11,19
150385022,8,0,8
150424761,8,2,10
153970375,8,3,11
154587325,8,0,8
154681376,8,13,21
156325048,8,9,17
156794781,8,4,12
158799097,8,0,8
159170403,8,1,9
159542915,8,1,9
159701593,8,0,8
160904444,8,1,9
161002046,8,0,8
162372905,8,0,8
165480484,8,22,30
167817082,8,0,8
168904047,8,0,8
169245808,8,8,16
169913407,8,0,8
170029291,8,2,10
172476609,8,3,11
173368675,8,0,8
173908484,8,45,53
174685168,8,1,9
175252236,8,0,8
176596263,8,2,10
176842858,8,4,12
177585732,8,0,8
178228905,8,32,40
178461867,8,1,9
178491442,8,0,8
181586582,8,20,28
181765241,8,2,10
183128209,8,2,10
184126208,8,8,16
184778203,8,9,17
185635130,8,0,8
186386399,8,1,9
186435034,8,0,8
186530363,8,0,8
188769843,8,0,8
189094461,8,0,8
189370514,8,0,8
190135621,8,0,8
191615018,8,0,8
191732846,8,0,8
192789059,8,1,9
194628809,8,3,11
194715512,8,0,8
194794933,8,1,9
195849233,8,0,8
195975686,8,0,8
196685253,8,3,11
196841348,8,8,16
197404857,8,36,44
197641623,8,0,8
200681161,8,1,9
201177957,8,1,9
201927628,8,0,8
202836813,8,0,8
205012242,8,14,22
207072407,8,14,22
207152675,8,0,8
207228196,8,2,10
207329823,8,1,9
207864860,8,0,8
208723801,8,1,9
208857851,8,1,9
209706754,8,1,9
210177223,8,0,8
211925897,8,0,8
213081991,8,0,8
216079596,8,1,9
216385540,8,51,59
216502478,8,9,17
216852605,8,0,8
217400862,8,3,11
217551225,8,0,8
217628644,8,6,14
218277895,8,14,22
219582607,8,0,8
219793074,8,2,10
220340950,8,1,9
220678042,8,2,10
221245162,8,0,8
224142741,8,3,11
224809565,8,0,8
225071374,8,7,15
225260105,8,0,8
225333204,8,2,10
227215550,8,2,10
227693690,8,1,9
228233994,8,0,8
228690060,8,0,8
229001983,8,1,9
229010922,8,58,66
229711660,8,0,8
229941089,8,1,9
231233414,8,7,15
232460460,8,1,9
232730740,8,0,8
235795316,8,0,8
236265221,8,0,8
236647046,8,0,8
238756808,8,0,8
239582938,8,0,8
241182891,8,1,9
241360518,8,14,22
241621002,8,1,9
241661629,8,0,8
241735497,8,1,9
242075242,8,0,8
242158195,8,0,8
242440672,8,0,8
242557507,8,2,10
242808620,8,27,35
243424520,8,0,8
243761753,8,1,9
244990041,8,0,8
245580427,8,0,8
245668541,8,0,8
245960120,8,1,9
246476090,8,0,8
246578276,8,1,9
247503994,8,0,8
248248377,8,1,9
249923419,8,7,15
250149006,8,0,8
250665608,8,0,8
250713973,8,7,15
250952482,8,0,8
251227686,8,0,8
251877314,8,5,13
255696250,8,1,9
257592811,8,0,8
258076812,8,1,9
258133070,8,0,8
258440777,8,0,8
258441735,8,0,8
258768180,8,1,9
258831900,8,1,9
259599756,8,0,8
259974035,8,0,8
260394951,8,0,8
260915502,8,1,9
261040803,8,0,8
262305903,8,1,9
262382830,8,0,8
262493461,8,1,9
262907484,8,1,9
263403738,8,9,17
263488313,8,0,8
264819484,8,0,8
264833204,8,101,109
264972111,8,0,8
265144941,8,0,8
265576861,8,0,8
265924831,8,0,8
266273724,8,1,9
267613052,8,2,10
267883219,8,0,8
267949435,8,0,8
268013990,8,1,9
268566872,8,2,10
269369963,8,0,8
270284873,8,4,12
270463025,8,0,8
270690545,8,0,8
271580759,8,0,8
271916022,8,36,44
273554893,8,0,8
273690857,8,8,16
274183039,8,0,8
274285093,8,0,8
276106961,8,16,24
276885247,8,3,11
277001398,8,0,8
278993253,8,0,8
279217447,8,1,9
279341816,8,0,8
279531008,8,0,8
280601129,8,0,8
282314953,8,1,9
282317058,8,0,8
284050591,8,0,8
284831535,8,0,8
284852218,8,1,9
285311534,8,1,9
286966315,8,0,8
287871693,8,0,8
288043194,8,0,8
289076554,8,32,40
292072162,8,1,9
292251723,8,0,8
292335296,8,0,8
292692792,8,1,9
293225183,8,12,20
296006971,8,1,9
296520885,8,0,8
297849453,8,0,8
298298531,8,34,42
300642262,8,39,47
300932489,8,0,8
302386477,8,0,8
302801889,8,4,12
304158079,8,1,9
305188360,8,33,41
305318105,8,28,36
306288156,8,0,8
307373418,8,0,8
310855387,8,3,11
311856115,8,23,31
312439360,8,0,8
312635297,8,0,8
313468076,8,6,14
313941898,8,1,9
316126656,8,0,8
317553248,8,0,8
317561814,8,0,8
317734636,8,0,8
318148029,8,0,8
319206620,8,1,9
319579498,8,0,8
319808514,8,0,8
321229019,8,2,10
321635949,8,0,8
321661510,8,0,8
322178383,8,0,8
322665133,8,0,8
322781837,8,1,9
323190384,8,0,8
324059974,8,2,10
325123401,8,0,8
325314678,8,0,8
326732300,8,2,10
327193695,8,20,28
329657442,8,3,11
330664452,8,1,9
330771231,8,51,59
331129674,8,0,8
331277809,8,0,8
332533240,8,0,8
334080484,8,0,8
334704420,8,0,8
335043068,8,1,9
335721343,8,2,10
337901098,8,0,8
338587175,8,5,13
338809218,8,1,9
338913618,8,0,8
339244895,8,6,14
340941367,8,0,8
340980967,8,0,8
341061002,8,0,8
341790892,8,0,8
341871312,8,1,9
343124987,8,0,8
343830557,8,0,8
344845064,8,1,9
344938512,8,34,42
346818160,8,0,8
347997410,8,0,8
350301832,8,3,11
350994592,8,3,11
352421373,8,0,8
352722190,8,0,8
353239455,8,3,11
354963799,8,0,8
357781740,8,1,9
358342914,8,0,8
358361253,8,0,8
358442053,8,30,38
358875618,8,0,8
359795476,8,0,8
359924736,8,5,13
360241311,8,0,8
360997546,8,1,9
361437624,8,13,21
361936954,8,2,10
362139965,8,0,8
363065300,8,0,8
367323969,8,1,9
367463763,8,0,8
368039513,8,0,8
368571401,8,0,8
371784724,8,0,8
371895791,8,0,8
374109230,8,0,8
374139177,8,0,8
375394712,8,0,8
376154082,8,1,9
376288180,8,0,8
376390162,8,5,13
376477134,8,0,8
377839041,8,0,8
378459282,8,0,8
378642998,8,5,13
378732151,8,0,8
378844127,8,33,41
379187717,8,0,8
379385416,8,1,9
379463455,8,2,10
381570766,8,0,8
382194049,8,1,9
382896970,8,0,8
385151567,8,0,8
385729657,8,0,8
386206041,8,0,8
386215505,8,40,48
386697701,8,1,9
386904023,8,1,9
388365142,8,0,8
389785377,8,22,30
390354250,8,0,8
391447067,8,0,8
392186652,8,0,8
393137692,8,0,8
394093191,8,2,10
394811537,8,0,8
394833882,8,0,8
395301614,8,0,8
396127116,8,2,10
396259700,8,0,8
396903574,8,5,13
397235107,8,0,8
399049596,8,0,8
399553357,8,0,8
400794357,8,1,9
401121255,8,0,8
402255391,8,0,8
402942300,8,5,13
403086277,8,126,134
403907893,8,0,8
403967040,8,0,8
405705870,8,0,8
406377134,8,4,12
407316706,8,0,8
407429787,8,0,8
408570271,8,0,8
410801571,8,0,8
412329694,8,0,8
412441200,8,0,8
414800024,8,0,8
415865765,8,1,9
418423099,8,2,10
420810311,8,2,10
421320878,8,0,8
421347962,8,0,8
421413146,8,0,8
424759075,8,0,8
425307079,8,2,10
425332716,8,3,11
426635241,8,1,9
426665394,8,0,8
427690479,8,0,8
428611968,8,0,8
431233630,8,1,9
431711257,8,2,10
432014523,8,1,9
433437756,8,0,8
433508358,8,0,8
433794417,8,1,9
433946568,8,1,9
433948886,8,20,28
434534348,8,1,9
434708641,8,1,9
437109971,8,3,11
437994852,8,2,10
438043977,8,1,9
442260902,8,0,8
443013691,8,0,8
444283883,8,42,50
444511554,8,0,8
448181998,8,0,8
449119247,8,1,9
451224111,8,0,8
451835789,8,0,8
456743537,8,0,8
459910382,8,0,8
460816041,8,0,8
463276040,8,0,8
465136235,8,2,10
465502764,8,0,8
465878909,8,54,62
466116703,8,0,8
467233205,8,1,9
467413844,8,0,8
467836107,8,0,8
468534179,8,1,9
469708044,8,3,11
469741640,8,0,8
469890568,8,1,9
470028954,8,2,10
470541053,8,0,8
470655557,8,0,8
471421327,8,0,8
472268623,8,3,11
472291066,8,0,8
473101644,8,0,8
473559812,8,0,8
474263130,8,0,8
474612178,8,2,10
477017716,8,0,8
477036830,8,1,9
478120631,8,0,8
480392039,8,1,9
480964430,8,0,8
482190681,8,20,28
482388629,8,14,22
483143319,8,0,8
483539927,8,1,9
484980949,8,3,11
484983185,8,10,18
485865447,8,0,8
486223693,8,2,10
487176004,8,0,8
488019311,8,0,8
491754307,8,1,9
493330823,8,1,9
494604366,8,0,8
495132844,8,3,11
496142087,8,0,8
497051373,8,0,8
497429456,8,0,8
499060178,8,11,19
499227001,8,1,9
499534397,8,0,8
500121783,8,0,8
501939982,8,0,8
502409410,8,0,8
503704053,8,0,8
506034684,8,2,10
511993381,8,0,8
513839320,8,0,8
515614645,8,1,9
518741908,8,3,11
519031521,8,0,8
520439044,8,0,8
520626587,8,50,58
525380796,8,4,12
525440173,8,0,8
525642467,8,1,9
525716504,8,0,8
526132367,8,0,8
526632667,8,0,8
526645243,8,0,8
526801402,8,1,9
526985477,8,0,8
527835856,8,0,8
529746441,8,0,8
530803190,8,1,9
530939634,8,0,8
531485880,8,0,8
532542864,8,1,9
532571916,8,0,8
533867370,8,1,9
534026370,8,5,13
534380406,8,2,10
534640546,8,6,14
534792444,8,0,8
535252877,8,0,8
535950676,8,0,8
536929169,8,0,8
537491672,8,0,8
537563949,8,0,8
539304815,8,0,8
539453139,8,0,8
539612533,8,3,11
541531273,8,1,9
541919727,8,0,8
542977127,8,0,8
545463914,8,1,9
545750379,8,0,8
545882915,8,0,8
547205894,8,1,9
547272108,8,1,9
548538086,8,0,8
552392464,8,0,8
552395044,8,0,8
553172208,8,1,9
553211239,8,0,8
553369137,8,1,9
553548133,8,0,8
555068899,8,0,8
555454724,8,2,10
555576442,8,0,8
556653453,8,0,8
557204442,8,3,11
557279352,8,5,13
557336528,8,0,8
558486772,8,0,8
559476023,8,1,9
560323997,8,47,55
560428685,8,2,10
561419515,8,0,8
561951458,8,0,8
562543781,8,0,8
563617296,8,7,15
565419912,8,0,8
566051223,8,0,8
567345950,8,29,37
569485011,8,50,58
569487350,8,24,32
571052730,8,0,8
575370916,8,4,12
575865962,8,0,8
575995680,8,2,10
576680441,8,0,8
577557067,8,0,8
578540164,8,2,10
579160011,8,0,8
579338060,8,0,8
579628044,8,1,9
581613862,8,0,8
583055663,8,0,8
584721458,8,0,8
584891890,8,25,33
586707638,8,0,8
588352144,8,1,9
589202927,8,0,8
589286587,8,2,10
590132659,8,0,8
593652162,8,1,9
594881739,8,0,8
595506203,8,0,8
598709993,8,1,9
599874558,8,0,8
600145734,8,0,8
601090248,8,0,8
602254195,8,0,8
602910095,8,0,8
604856112,8,0,8
605624487,8,0,8
605835116,8,0,8
605856114,8,2,10
608531157,8,0,8
608610369,8,3,11
609677437,8,0,8
611408712,8,0,8
612797711,8,0,8
614138502,8,5,13
614648383,8,0,8
618226029,8,3,11
620245426,8,1,9
620583354,8,0,8
621024680,8,19,27
624937991,8,0,8
628704394,8,0,8
629761339,8,0,8
630450707,8,5,13
630770856,8,0,8
631294064,8,0,8
634278422,8,0,8
635204214,8,1,9
637042867,8,0,8
700034240,8,0,8
702198810,8,0,8
704596459,8,0,8
710364510,8,2,10
711941233,8,0,8
713434394,8,0,8
713661385,8,3,11
714937236,8,0,8
716902315,8,0,8
717178511,8,0,8
718468278,8,0,8
723456396,8,1,9
727625203,8,0,8
731924576,8,0,8
740476177,8,0,8
741795343,8,0,8
744449923,8,0,8
747668292,8,2,10
749879970,8,2,10
752107238,8,4,12
753764706,8,5,13
754852592,8,0,8
755202710,8,0,8
760707770,8,2,10
762854683,8,22,30
767036004,8,357,365
770538422,8,0,8
775646406,8,0,8
776367025,8,1,9
779286626,8,1,9
782461412,8,0,8
783046681,8,0,8
785340079,8,4,12
786189822,8,1,9
787714244,8,1,9
789501139,8,0,8
790098361,8,0,8
792677334,8,0,8
793080049,8,0,8
794370632,8,0,8
795639116,8,10,18
798454740,8,0,8
799326259,8,0,8
801346926,8,0,8
802290626,8,0,8
802961934,8,1,9
809719260,8,0,8
814650337,8,0,8
815671950,8,1,9
816539264,8,0,8
816874003,8,2,10
818841229,8,3,11
820621218,8,1,9
824410974,8,2,10
826028858,8,4,12
826533236,8,0,8
827972864,8,3,11
830060251,8,0,8
830859110,8,0,8
834378378,8,0,8
836410892,8,0,8
836867256,8,0,8
838980726,8,0,8
846945457,8,11,19
849556892,8,0,8
850000122,8,1,9
850466310,8,0,8
861076914,8,8,16
861261444,8,0,8
861466326,8,9,17
864015714,8,0,8
865211809,8,0,8
865537381,8,2,10
865602043,8,0,8
868594818,8,0,8
870200407,8,0,8
872168983,8,0,8
872769931,8,0,8
873935035,8,0,8
874573788,8,1,9
874846453,8,87,95
874964714,8,0,8
878439888,8,2,10
885660012,8,0,8
887296237,8,0,8
887863118,8,1,9
888895141,8,4,12
889596158,8,1,9
889658149,8,0,8
891268615,8,1,9
898206432,8,48,56
900670812,8,0,8
901461290,8,0,8
902987156,8,3,11
907110312,8,0,8
917424517,8,0,8
917453906,8,0,8
920039474,8,2,10
925161145,8,0,8
926394883,8,0,8
926628416,8,1,9
929840257,8,2,10
930389858,8,0,8
930573630,8,0,8
930890593,8,15,23
931067412,8,0,8
931067706,8,11,19
931516345,8,1,9
932649517,8,0,8
935308489,8,0,8
936815640,8,1,9
942236784,8,0,8
942602136,8,1,9
951197329,8,4,12
956520744,8,0,8
961043299,8,0,8
961149667,8,4,12
961785024,8,1,9
964678884,8,0,8
968764302,8,0,8
969910855,8,29,37
970847706,8,0,8
972252481,8,0,8
974967601,8,0,8
976871100,8,4,12
979448671,8,1,9
981951186,8,5,13
987778555,8,0,8
991999238,8,1,9
993585120,8,8,16
1004337936,8,0,8
1014365983,8,6,14
1016123534,8,0,8
1020763850,8,0,8
1031640079,8,0,8
1033880508,8,2,10
1036066309,8,1,9
1036137812,8,0,8
1042215504,8,0,8
1042334540,8,3,11
1052043074,8,0,8
1053260720,8,0,8
1056093152,8,2,10
1056440384,8,0,8
1058802138,8,1,9
1059240924,8,1,9
1066693320,8,2,10
1067266550,8,6,14
1069194978,8,0,8
1069755158,8,0,8
1070086020,8,0,8
1074293473,8,2,10
1081119548,8,0,8
1092054368,8,6,14
1097693269,8,0,8
1098542803,8,0,8
1104448322,8,1,9
1105391281,8,2,10
1109280350,8,1,9
1113261500,8,2,10
1115212868,8,0,8
1115911946,8,0,8
1117777436,8,0,8
1126999934,8,1,9
1127123641,8,0,8
1143445501,8,0,8
1143773466,8,3,11
1145400012,8,4,12
1146147427,8,1,9
1158238280,8,6,14
1165065463,8,0,8
1166607373,8,0,8
1169261954,8,5,13
1172681474,8,0,8
1173075230,8,2,10
1173774108,8,12,20
1180121479,8,0,8
1184210395,8,0,8
1195305920,8,0,8
1199216136,8,45,53
1202463272,8,0,8
1213048399,8,0,8
1217383148,8,1,9
1223520986,8,32,40
1231730521,8,0,8
1247563308,8,2,10
1247750239,8,4,12
1247869842,8,0,8
1250223434,8,0,8
1263236965,8,202,210
1263540390,8,1,9
1267314548,8,0,8
1271103438,8,1,9
1272061512,8,0,8
1272306439,8,0,8
1275599352,8,1,9
1276639788,8,1,9
1283283048,8,5,13
1283834881,8,0,8
1283858198,8,0,8
1284994340,8,0,8
1287321284,8,1,9
1287518551,8,0,8
1305673812,8,1,9
1308496620,8,0,8
1315921093,8,27,35
1318445515,8,0,8
1325147197,8,0,8
1330155708,8,15,23
1335583519,8,0,8
1337301116,8,4,12
1347838866,8,0,8
1354125025,8,7,15
1355218452,8,528,536
1361017309,8,1,9
1362580699,8,1,9
1364833195,8,3,11
1365068816,8,0,8
1368155952,8,0,8
1369975676,8,0,8
1375460804,8,0,8
1375964054,8,0,8
1378107751,8,0,8
1379361276,8,1,9
1379503950,8,0,8
1383905040,8,62,70
1408148054,8,7,15
1412144438,8,0,8
1428444181,8,3,11
1431651026,8,6,14
1434194372,8,1,9
1444283370,8,0,8
1446408937,8,1,9
1450290024,8,0,8
1452720702,8,0,8
1453474057,8,1,9
1459950392,8,6,14
1467709922,8,0,8
1469014333,8,0,8
1490322847,8,0,8
1508089381,8,2,10
1523183660,8,0,8
1528610402,8,0,8
1532000580,8,0,8
1549153124,8,0,8
1551675618,8,0,8
1555414375,8,41,49
1556419213,8,0,8
1557888104,8,0,8
1560924338,8,0,8
1561465032,8,1,9
1563916915,8,0,8
1576529899,8,0,8
1579351634,8,0,8
1586975863,8,0,8
1596748964,8,0,8
1600803121,8,1,9
1606645344,8,0,8
1609140835,8,0,8
1609531916,8,0,8
1610022938,8,0,8
1613651070,8,12,20
1618663214,8,1,9
1618800769,8,1,9
1619311868,8,0,8
1626442262,8,1,9
1633595760,8,0,8
1634265696,8,0,8
1637977830,8,0,8
1638469639,8,1,9
1642950181,8,0,8
1646287386,8,0,8
1649395076,8,195,203
1661453304,8,0,8
1665991758,8,0,8
1666456460,8,0,8
1673113920,8,1,9
1679872219,8,0,8
1682007326,8,0,8
1682435060,8,0,8
1684663734,8,0,8
1687695458,8,2,10
1689655754,8,1,9
1689658476,8,0,8
1691291876,8,2,10
1692575712,8,0,8
1706539567,8,0,8
1710887760,8,0,8
1713774444,8,0,8
1714209842,8,0,8
1715470742,8,0,8
1735532983,8,0,8
1812179905,8,2,10
1829525600,8,0,8
1840430268,8,0,8
1854606930,8,1,9
1855224794,8,0,8
1855903904,8,0,8
1880248207,8,0,8
1881335396,8,0,8
1890098384,8,0,8
1898498066,8,0,8
1900685912,8,2,10
1901307192,8,1,9
1903157054,8,0,8
1911667621,8,0,8
1912576375,8,3,11
1914758046,8,0,8
1920970207,8,1,9
1921520767,8,2,10
1925587118,8,0,8
1934548688,8,2,10
1936045634,8,0,8
1938992054,8,0,8
1952211870,8,2,10
1954120820,8,0,8
1963220574,8,1,9
1972212750,8,0,8
2149994774,8,1,9
2160060829,8,0,8
2160518711,8,1,9
2166101695,8,0,8
2169294542,8,1,9
2172392619,8,1,9
2179104894,8,1,9
2180283949,8,0,8
2180395717,8,30,38
2180457685,8,0,8
2183747407,8,0,8
2191390232,8,8,16
2191478232,8,2,10
2192297074,8,0,8
2195314380,8,2,10
2196241000,8,8,16
2205300219,8,1,9
2207213288,8,0,8
2207442626,8,2,10
2213997114,8,1,9
2219159570,8,0,8
2220657636,8,0,8
2221165218,8,0,8
2225708558,8,0,8
2227412202,8,0,8
2228302326,8,0,8
2228334079,8,0,8
2231864912,8,33,41
2241666690,8,0,8
2243670742,8,0,8
2251078090,8,0,8
2254784316,8,0,8
2256217711,8,0,8
2259517514,8,0,8
2265718536,8,2,10
2268356520,8,0,8
2269095733,8,0,8
2269132008,8,0,8
2269522754,8,2,10
2269876740,8,5,13
2270616696,8,1,9
2277847464,8,0,8
2284322948,8,0,8
2288355451,8,1,9
2288585658,8,0,8
2290222724,8,0,8
2292148778,8,0,8
2292332876,8,0,8
2293543352,8,1,9
2297338710,8,0,8
2297626151,8,0,8
2301535520,8,1,9
2304319056,8,21,29
2305228178,8,5,13
2305441177,8,30,38
2311000321,8,0,8
2316272360,8,18,26
2316356702,8,0,8
2318124054,8,1,9
2318594292,8,0,8
2321482045,8,25,33
2327682313,8,0,8
2329464170,8,0,8
2330459994,8,0,8
2330964507,8,0,8
2334095864,8,0,8
2335835456,8,0,8
2337001892,8,0,8
2343966982,8,8,16
2344440967,8,1,9
2346338072,8,10,18
2346396410,8,1,9
2346647000,8,0,8
2351085896,8,0,8
2352372745,8,0,8
2353578976,8,0,8
2357004468,8,0,8
2358055897,8,1,9
2358102314,8,2,10
2358346270,8,0,8
2358534583,8,1,9
2361779146,8,1,9
2362243668,8,7,15
2363961183,8,0,8
2365781293,8,0,8
2366140375,8,0,8
2369213666,8,0,8
2371003794,8,4,12
2371121101,8,1,9
2371931053,8,0,8
2372162220,8,0,8
2373857028,8,105,113
2387356208,8,1,9
2392631088,8,0,8
2395258519,8,0,8
2396858888,8,4,12
2401189650,8,0,8
2401835414,8,0,8
2414616894,8,0,8
2416884205,8,0,8
2420903660,8,0,8
2422152746,8,0,8
2423054095,8,2,10
2425857887,8,0,8
2426661938,8,1,9
2430307909,8,3,11
2432820462,8,0,8
2437505030,8,1,9
2437518446,8,0,8
2437562653,8,0,8
2437579938,8,0,8
2444571416,8,0,8
2455692966,8,0,8
2459550686,8,0,8
2459904144,8,0,8
2460736966,8,0,8
2462500608,8,4,12
2463270592,8,0,8
2466760093,8,1,9
2467791090,8,0,8
2468732244,8,0,8
2468828556,8,0,8
2474400055,8,1,9
2474999570,8,0,8
2479137361,8,0,8
2480341400,8,1,9
2489697756,8,0,8
2491039446,8,0,8
2497308325,8,0,8
2501724678,8,0,8
2504861145,8,1,9
2507276972,8,0,8
2510925664,8,0,8
2514797061,8,1,9
2518947094,8,4,12
2519014984,8,0,8
2523330674,8,2,10
2523529356,8,1,9
2527515936,8,0,8
2528628218,8,0,8
2530940989,8,7,15
2530987138,8,3,11
2532362760,8,0,8
2532680672,8,1,9
2535692465,8,0,8
2539438149,8,0,8
2557461385,8,0,8
2558571093,8,0,8
2560998807,8,0,8
2565980167,8,0,8
2568323285,8,1,9
2568463807,8,0,8
2570262103,8,0,8
2573418584,8,0,8
2573624774,8,0,8
2574904722,8,67,75
2576189067,8,0,8
2577496249,8,0,8
2590275548,8,1,9
2593696995,8,0,8
2608543296,8,8,16
2611662579,8,1,9
2611786073,8,1,9
2616377252,8,2,10
2616720798,8,0,8
2620323673,8,12,20
2627893322,8,0,8
2628650152,8,0,8
2645989626,8,0,8
2646598850,8,0,8
2647585698,8,0,8
2649393055,8,0,8
2652830652,8,0,8
2675082373,8,0,8
2681660963,8,0,8
2688139674,8,0,8
2691853816,8,4,12
2692303327,8,0,8
2694531008,8,0,8
2698297343,8,0,8
2703654098,8,1,9
2706403100,8,0,8
2713618781,8,3,11
2715103010,8,5,13
2716396878,8,0,8
2716718458,8,52,60
2718214236,8,27,35
2718451620,8,1,9
2719377370,8,0,8
2726652103,8,1,9
2727324168,8,1,9
2730622453,8,0,8
2732746028,8,0,8
2738353082,8,7,15
2740491340,8,0,8
2742669599,8,0,8
2748686820,8,7,15
2749204043,8,1,9
2749547117,8,0,8
2750787818,8,4,12
2753699888,8,0,8
2754999509,8,0,8
2755264862,8,0,8
2757740746,8,0,8
2759034610,8,0,8
2760934100,8,0,8
2765469803,8,0,8
2768188076,8,0,8
2768957449,8,1,9
2769935160,8,0,8
2775256429,8,0,8
2778399447,8,0,8
2781669188,8,0,8
2781923903,8,0,8
2783002074,8,0,8
2784119628,8,0,8
2784591602,8,1,9
2785605749,8,22,30
2785761046,8,0,8
2787240097,8,1,9
2792000773,8,0,8
2793308261,8,1,9
2795646840,8,0,8
2801961216,8,65,73
2804993833,8,0,8
2809196981,8,6,14
2810850490,8,0,8
2811635438,8,0,8
2815497198,8,1,9
2819902607,8,4,12
2824290790,8,0,8
2825937471,8,16,24
2830675548,8,1,9
2831473664,8,2,10
2832569276,8,0,8
2836601458,8,1,9
2839316676,8,0,8
2842299381,8,7,15
2847898283,8,0,8
2850319361,8,0,8
2857767103,8,1,9
2861658237,8,0,8
2862561119,8,0,8
2864318464,8,0,8
2864437890,8,0,8
2865488295,8,2,10
2865650852,8,1,9
2867719759,8,0,8
2877351007,8,0,8
2878464545,8,0,8
2878478922,8,0,8
2881852751,8,0,8
2885608576,8,1,9
2885639245,8,0,8
2891495043,8,0,8
2893095517,8,1,9
2894120355,8,0,8
2894555758,8,4,12
2900781590,8,3,11
2901421116,8,0,8
2905460126,8,0,8
2910469903,8,0,8
2911525543,8,0,8
2912155013,8,0,8
2912578097,8,1,9
2915662973,8,0,8
2916523917,8,0,8
2921371785,8,0,8
2922713109,8,7,15
2923524644,8,0,8
2925557519,8,3,11
2929082960,8,5,13
2932101388,8,0,8
2936330162,8,0,8
2937760370,8,0,8
2941468133,8,0,8
2941656394,8,0,8
2946112599,8,0,8
2946594224,8,0,8
2949176343,8,12,20
2949398243,8,0,8
2951732255,8,2,10
2955151219,8,0,8
2956717350,8,1,9
2960676179,8,46,54
2961328443,8,0,8
2965379795,8,0,8
2966757413,8,2,10
2968749995,8,1,9
2973401582,8,0,8
2977792686,8,2,10
2980775187,8,6,14
2982013384,8,1,9
2984972921,8,0,8
2985438850,8,0,8
2992087607,8,0,8
2995412232,8,0,8
2997820802,8,0,8
2998451675,8,0,8
3002099649,8,0,8
3004108929,8,0,8
3004274746,8,1,9
3007113137,8,0,8
3009175853,8,17,25
3010963157,8,1,9
3014615513,8,0,8
3014719998,8,0,8
3016203587,8,3,11
3024480078,8,1,9
3025897219,8,1,9
3025914853,8,0,8
3028909407,8,0,8
3034071902,8,3,11
3034574101,8,0,8
3036297180,8,0,8
3038351945,8,1,9
3039275514,8,0,8
3045973431,8,8,16
3047992210,8,1,9
3048455909,8,0,8
3053909724,8,0,8
3060244937,8,0,8
3063718337,8,0,8
3068043556,8,0,8
3069216826,8,113,121
3072356408,8,0,8
3073400817,8,0,8
3074528624,8,0,8
3075421281,8,0,8
3077906014,8,0,8
3084328539,8,0,8
3086220939,8,0,8
3087052653,8,0,8
3092045272,8,0,8
3092557972,8,1,9
3100525722,8,0,8
3105550743,8,0,8
3111909523,8,2,10
3122541676,8,11,19
3122674117,8,1,9
3136060350,8,1,9
3141948314,8,0,8
3144039903,8,1,9
3144180706,8,0,8
3146184889,8,0,8
3147589450,8,0,8
3147735911,8,0,8
3150213855,8,0,8
3150493688,8,0,8
3165793363,8,0,8
3169052695,8,0,8
3178096511,8,2,10
3178443521,8,0,8
3182887447,8,0,8
3185162763,8,0,8
3187156543,8,0,8
3189105144,8,0,8
3192718429,8,1,9
3193870345,8,0,8
3196715635,8,0,8
3202107005,8,0,8
3205613393,8,1,9
3206347137,8,0,8
3214054423,8,12,20
3214740875,8,0,8
3215750570,8,0,8
3220072741,8,1,9
3222610003,8,0,8
3222812347,8,71,79
3223385528,8,0,8
3223728264,8,0,8
3226501195,8,1,9
3226772772,8,8,16
3227517742,8,0,8
3227667040,8,0,8
3229126693,8,0,8
3232011392,8,0,8
3233174600,8,0,8
3234523346,8,0,8
3237711840,8,0,8
3238516760,8,0,8
3238820858,8,0,8
3239798055,8,1,9
3241116564,8,3,11
3241223679,8,0,8
3245907724,8,0,8
3248349859,8,1,9
3250099314,8,0,8
3255969122,8,0,8
3256252339,8,0,8
3258288187,8,3,11
3259318430,8,0,8
3260445564,8,0,8
3265762830,8,0,8
3277814538,8,1,9
3278769535,8,0,8
3281712572,8,0,8
3284033108,8,8,16
3285132888,8,0,8
3287196289,8,0,8
3289057556,8,0,8
3289874118,8,0,8
3290842206,8,0,8
3291637669,8,0,8
3293637096,8,0,8
3293800404,8,0,8
3293928861,8,0,8
3294029059,8,0,8
3296144750,8,0,8
3300851872,8,2,10
3300866931,8,0,8
3303060478,8,0,8
3305845840,8,0,8
3307496768,8,0,8
3308866333,8,2,10
3309138989,8,1,9
3309305760,8,1,9
3312766812,8,0,8
3314046001,8,1,9
3320555191,8,2,10
3325543588,8,31,39
3328520180,8,0,8
3337517811,8,1,9
3342101242,8,0,8
3342550797,8,0,8
3345973101,8,0,8
3352620747,8,2,10
3360565160,8,0,8
3360607343,8,0,8
3365171523,8,8,16
3368660009,8,8,16
3375129202,8,10,18
3383459541,8,0,8
3384449337,8,1,9
3386016815,8,0,8
3391046092,8,2,10
3391270840,8,1,9
3401939553,8,0,8
3402999916,8,1,9
3403187085,8,0,8
3403243763,8,1,9
3406121739,8,0,8
3406532463,8,2,10
3407344917,8,1,9
3413341625,8,1,9
3421697099,8,50,58
3422239699,8,1,9
3424521514,8,1,9
3463340172,8,0,8
3464202197,8,1,9
3469695221,8,1,9
3476192896,8,0,8
3505560323,8,5,13
3508016480,8,3,11
3508137873,8,0,8
3521388197,8,0,8
3530684358,8,0,8
3535864396,8,0,8
3537856213,8,0,8
3541087040,8,0,8
3550548313,8,2,10
3556980495,8,0,8
3562400780,8,1,9
3568329919,8,0,8
3580248555,8,0,8
3590484615,8,137,145
3596895860,8,15,23
3598411873,8,4,12
3617532793,8,0,8
3628042032,8,0,8
3662648839,8,0,8
3664551443,8,2,10
3666245975,8,0,8
3672698682,8,0,8
3701618555,8,2,10
3706161081,8,1,9
3729360261,8,0,8
3761076075,8,0,8
3783122241,8,0,8
3794066172,8,0,8
3814660097,8,0,8
3863612248,8,1,9
3865082833,8,0,8
3886472785,8,0,8
3896778134,8,0,8
3898840581,8,0,8
3904801940,8,0,8
3906705990,8,4,12
3908414419,8,3,11
3912690147,8,0,8
3918410967,8,0,8
3921206999,8,0,8
3930057263,8,0,8
3940221244,8,0,8
3945696515,8,0,8
3949766614,8,0,8
3950522356,8,1,9
3956036081,8,1,9
3968461125,8,1,9
3974811041,8,0,8
3982141936,8,1,9
3983385387,8,0,8
3984460653,8,0,8
4001785079,8,1,9
4006068261,8,0,8
4006947328,8,0,8
4010240893,8,0,8
4010369609,8,1,9
4012422213,8,7,15
4018199381,8,0,8
4031013448,8,0,8
4034137642,8,0,8
4047152837,8,0,8
4047942863,8,0,8
4062459914,8,0,8
4063397237,8,0,8
4081771644,8,0,8
4083975515,8,1,9
4096530674,8,2,10
4120521028,8,10,18
4138287255,8,1,9
4138746173,8,0,8
4179220095,8,0,8
4185462432,8,0,8
4185742553,8,0,8
4188183502,8,0,8
4195253714,8,0,8
4198635863,8,0,8
4206101952,8,0,8
4214482642,8,0,8
4228216294,8,1,9
4228616435,8,4,12
4229375745,8,0,8
4235077661,8,0,8
4241255472,8,0,8
4243744577,8,1,9
4253563873,8,0,8
4257701709,8,1,9
4258265772,8,1,9
4265617102,8,0,8
4269898882,8,0,8
4293933855,8,0,8
4311809895,8,22,30
4319033715,8,0,8
4332920729,8,0,8
4337003246,8,0,8
4365536902,8,0,8
4389778875,8,0,8
4393636214,8,0,8
4465852095,8,0,8
4476228737,8,1,9
4479415645,8,2,10
4498538068,8,2,10
4508367106,8,2,10
4508980693,8,1,9
4510105453,8,0,8
4542601396,8,0,8
4549068679,8,0,8
4558206579,8,2,10
4567346593,8,0,8
4573145187,8,0,8
4610995719,8,1,9
4621932970,8,0,8
4633057523,8,7,15
4644016694,8,0,8
4660068678,8,3,11
4668684657,8,0,8
4687829311,8,3,11
4692145376,8,1,9
4698996900,8,1,9
4699355538,8,0,8
4704039667,8,2,10
4717205475,8,1,9
4718947168,8,0,8
4723239566,8,0,8
4725150136,8,0,8
4727181343,8,5,13
4729919025,8,0,8
4734783878,8,0,8
4737398602,8,0,8
4739458342,8,0,8
4754394973,8,0,8
4754419528,8,0,8
4756017559,8,1,9
4759103413,8,0,8
4765352604,8,0,8
4768594769,8,3,11
4773773055,8,1,9
4778762416,8,0,8
4784715637,8,5,13
4789959900,8,1,9
4793894052,8,0,8
4805515297,8,1,9
4807298128,8,0,8
4807557930,8,0,8
4810292053,8,1,9
4819292505,8,53,61
4824732772,8,2,10
4825640897,8,1,9
4835201937,8,1,9
4838895868,8,0,8
4839710530,8,3,11
4844317681,8,0,8
4851318494,8,0,8
4852184596,8,0,8
4852500321,8,2,10
4853108710,8,2,10
4854691685,8,2,10
4861483386,8,0,8
4862196860,8,0,8
4867207961,8,0,8
4872603089,8,1,9
4873857554,8,0,8
4877208435,8,54,62
4881873616,8,1,9
4884830217,8,0,8
4885396073,8,1,9
4886981669,8,6,14
4888781189,8,4,12
4890906564,8,1,9
4893362397,8,0,8
4893637685,8,0,8
4894452262,8,0,8
4895361413,8,1,9
4898100098,8,3,11
4903853565,8,1,9
4904561271,8,0,8
4906750042,8,0,8
4908828777,8,0,8
4914851213,8,1,9
4915266502,8,13,21
4915699321,8,0,8
4919451090,8,2,10
4923475753,8,0,8
4925524233,8,2,10
4925904413,8,0,8
698933817432809472,8,0,8
700423587061043200,8,1,9
700427071206531075,8,4,12
700812850873311232,8,0,8
701108317205041152,8,0,8
701630129483591680,8,0,8
701668164678119425,8,1,9
701952803871334401,8,0,8
702200373172428800,8,0,8
702251383366352896,8,3,11
702333348329431040,8,0,8
702633532313739264,8,1,9
703308410075217920,8,1,9
703382732911611904,8,0,8
703403075021582336,8,0,8
703581049285050368,8,1,9
703625194414415873,8,0,8
703754064694157312,8,3,11
703776194903220224,8,2,10
703894362363539456,8,1,9
703987450285322242,8,0,8
704579245742366720,8,0,8
704692928283877376,8,0,8
704753064301834240,8,1,9
704791467500244992,8,1,9
704839738675474432,8,0,8
704863841092505600,8,21,29
705152314642821120,8,2,10
705222379253997568,8,4,12
705378540494176256,8,0,8
705435056085467137,8,0,8
705442628695826432,8,3,11
705659121756934144,8,2,10
705903542049976320,8,0,8
706489837562376192,8,0,8
706578485389758466,8,0,8
706581568157061121,8,0,8
706875409179275265,8,3,11
707363567415205889,8,0,8
708476530913968129,8,0,8
708552551407468544,8,2,10
708638610988384256,8,0,8
708768975820169216,8,3,11
708776094711750657,8,0,8
709244675555790848,8,0,8
710183172412186624,8,0,8
710607530368479232,8,0,8
710633416509624321,8,2,10
710929296278347776,8,0,8
710957613975015424,8,0,8
711232483396886528,8,0,8
711326964129406976,8,0,8
711386385110999040,8,0,8
711567845088432128,8,0,8
711664510067724288,8,0,8
712088323901284353,8,0,8
712378761229045760,8,11,19
712393983922728961,8,1,9
712638607501164546,8,0,8
712685293955059713,8,0,8
712705017132748800,8,0,8
712706679054290944,8,0,8
712726590619160576,8,0,8
713072811347062788,8,0,8
713369358223994880,8,0,8
713546416770064384,8,0,8
713579962696007681,8,0,8
713638703567093760,8,0,8
713921420754083840,8,1,9
713957514103099392,8,0,8
714325144596905985,8,0,8
714731018717118464,8,1,9
714838816884916228,8,1,9
714973048185552897,8,32,40
715278406120775680,8,0,8
715514761732034560,8,1,9
715516179360718848,8,0,8
715884357928488960,8,0,8
716005268535001088,8,12,20
716115588985200644,8,1,9
716282474075136000,8,2,10
716783884973703168,8,0,8
717728227293143040,8,1,9
717902793944801281,8,1,9
718064029655310336,8,0,8
718261013943095297,8,0,8
718942196284682240,8,0,8
719195663372693504,8,3,11
719236165522628610,8,0,8
719387413903196160,8,3,11
719563893069230080,8,0,8
719696168155000832,8,2,10
719769746330230784,8,3,11
720146229510807552,8,1,9
721395480358428672,8,0,8
721927153193848833,8,3,11
722121281315934208,8,0,8
722499164270108672,8,2,10
723181438045016064,8,3,11
723383977755570177,8,0,8
723490273142001664,8,0,8
724015407254794240,8,0,8
724356921579454465,8,0,8
724756382663081984,8,1,9
725528133105905664,8,0,8
725685795432996864,8,0,8
725738678413328386,8,2,10
725855876498776064,8,0,8
726153383485296641,8,0,8
726239358441918465,8,0,8
726252573095649280,8,4,12
726495278073798660,8,0,8
726946838725578752,8,19,27
727063254460157952,8,0,8
727097892654206976,8,2,10
727206536636936194,8,10,18
727207841812123649,8,4,12
727294032850747392,8,3,11
727547253158776833,8,0,8
728210530263949312,8,1,9
728328836312485888,8,0,8
728339501114793985,8,0,8
728441967231700992,8,0,8
728627056498511872,8,0,8
728940113229656064,8,2,10
729489172617011200,8,2,10
729544241995759616,8,8,16
730543853560680448,8,0,8
730748248726601728,8,0,8
730820197939093504,8,3,11
731238790916935680,8,0,8
731509366675902464,8,2,10
731709129354559488,8,5,13
731853851788185600,8,0,8
732736354715586560,8,9,17
733151275211071488,8,1,9
733407092535480320,8,0,8
733784609838796800,8,0,8
733839742526095361,8,1,9
734013729126387712,8,1,9
734029863380766721,8,0,8
734540683650990080,8,3,11
734688848664465408,8,1,9
735099659245498368,8,0,8
735288383644241921,8,1,9
735587667186978817,8,13,21
735911179600547840,8,0,8
736052548323270657,8,2,10
736561281197608961,8,0,8
736585335161917440,8,0,8
736889392288108544,8,2,10
737414983609372673,8,6,14
738456865550434304,8,0,8
738708627389743107,8,0,8
738716247068676096,8,1,9
738746746659033089,8,3,11
738821874470117377,8,0,8
739188505968967681,8,0,8
739354674285957121,8,0,8
739509604501970944,8,0,8
740356070468550661,8,0,8
740821544453181440,8,0,8
740880607975243777,8,0,8
741107504667492352,8,1,9
741244477822672896,8,0,8
741279092830527488,8,0,8
741414795652571137,8,1,9
741801035723726849,8,0,8
741973514182230020,8,1,9
742014667971809280,8,0,8
742016855213232128,8,0,8
742458910825549825,8,0,8
743541442858094592,8,1,9
743559908478451712,8,11,19
743579626379829248,8,0,8
743824532906119168,8,0,8
743869366135988225,8,0,8
743947677453418496,8,0,8
743954310770401285,8,0,8
744056148597288960,8,0,8
744252001572233216,8,43,51
744515096181780480,8,1,9
744547295216078849,8,0,8
745726661283422208,8,9,17
745733769424965633,8,8,16
745737203679117312,8,2,10
745818307870228481,8,1,9
745881594767024129,8,0,8
746429095798398977,8,0,8
746821080875073540,8,3,11
747180546753593344,8,1,9
747554863236558848,8,0,8
747598582346293248,8,1,9
747722526353129472,8,0,8
748471485149380608,8,69,77
748802623617191936,8,0,8
748906814394294272,8,0,8
748958036790685697,8,0,8
749938508098314240,8,0,8
750154146016268288,8,0,8
750234123416006657,8,0,8
750676833075625985,8,0,8
750750607443685377,8,5,13
750758188207644672,8,1,9
751069469032742914,8,3,11
751188566646992897,8,3,11
751252575517757440,8,0,8
751557904889700352,8,0,8
751626056302489604,8,0,8
751676377565462528,8,0,8
751991374552174592,8,6,14
752195896163463168,8,1,9
752655853321269248,8,0,8
753010435440476160,8,1,9
753736831586430977,8,0,8
753978568833630208,8,1,9
754116364722442240,8,0,8
754359425524113408,8,1,9
754519544669081600,8,0,8
754787262626406400,8,0,8
754805483089829888,8,8,16
755133706147340292,8,1,9
755141502154579968,8,1,9
755142153949552640,8,0,8
755298516667404288,8,0,8
755324947631714304,8,2,10
755449313321422848,8,0,8
755820361841795072,8,0,8
755879465423515648,8,2,10
756232369099509762,8,1,9
756270629444132864,8,0,8
756272052282265600,8,0,8
756505436530933760,8,0,8
756530959865044996,8,0,8
756578170837532672,8,0,8
756585003207757824,8,1,9
756838264842039296,8,3,11
756965084581105664,8,0,8
757078175386132480,8,0,8
757295654939033600,8,0,8
757326654557462528,8,4,12
757334230342991872,8,0,8
757640669057908736,8,1,9
757683962114347009,8,0,8
757708867061030913,8,1,9
757725069124759552,8,0,8
757976979434012672,8,0,8
757989135223255040,8,0,8
758012454714630153,8,3,11
758060341049700356,8,0,8
758342906725879808,8,1,9
758718099386306560,8,0,8
758844924955537408,8,0,8
758937927044837376,8,0,8
759174858731319297,8,0,8
759197754044416004,8,2,10
759454980868890624,8,0,8
759459385504595969,8,0,8
759750037622652929,8,0,8
759750281596764160,8,0,8
759946546007846912,8,0,8
760098215702110208,8,41,49
760147427147915264,8,1,9
760295930964893696,8,0,8
760520658774286336,8,2,10
760550161680523264,8,0,8
760613463370633218,8,0,8
760679247069360128,8,0,8
760844052573122560,8,0,8
760960285658099713,8,1,9
761786947383603200,8,2,10
762026030705979393,8,1,9
762130407290572800,8,1,9
762981063559897088,8,0,8
763700632809119744,8,0,8
763829235966500872,8,0,8
764211334867218432,8,0,8
764670194916532224,8,0,8
764725260767768576,8,0,8
764822619396960256,8,0,8
764897038387392514,8,1,9
764977090760413184,8,0,8
764997234475671552,8,0,8
765180716804104192,8,1,9
765900271553748992,8,2,10
766477868914401280,8,0,8
766960129199771648,8,1,9
767170412283396100,8,1,9
767782848115908608,8,0,8
768104683428646912,8,0,8
768989105959165953,8,1,9
769266818099863557,8,4,12
769442234190196736,8,1,9
769504943275466753,8,0,8
769848578273533952,8,0,8
770085565928734720,8,1,9
770397637325496320,8,2,10
770690327732744192,8,1,9
771071170741465088,8,0,8
771362410464587776,8,0,8
771870741734182912,8,0,8
771907363892756480,8,0,8
772285459170861057,8,0,8
772861466089099265,8,22,30
772918092020060160,8,0,8
773325568377061376,8,0,8
774136758418104320,8,0,8
774278418460356609,8,0,8
774368778985443328,8,1,9
774750256806387712,8,0,8
774774615327379456,8,0,8
774989760209129472,8,1,9
775136569510375424,8,2,10
775319606281908224,8,0,8
775342792469983232,8,0,8
775638146591526912,8,1,9
775863638506733568,8,0,8
776090426386239488,8,1,9
776140137637879808,8,0,8
776550858578198528,8,2,10
776753351207813121,8,0,8
777305844589420544,8,3,11
777990899544559616,8,3,11
778075787375239168,8,0,8
778120830949752832,8,3,11
778229982908846080,8,0,8
778250587326517248,8,0,8
778331155732975616,8,0,8
778405336147374080,8,0,8
779281781199556608,8,0,8
779439373318250496,8,1,9
779511598343782400,8,1,9
780055823603101696,8,0,8
780545209843093504,8,2,10
781442645088436224,8,1,9
781922754652098560,8,0,8
781990124183838720,8,0,8
782084324598218752,8,0,8
782272359981920256,8,1,9
782341825830985728,8,0,8
782681336968425472,8,1,9
783014691773743104,8,1,9
783286905559482369,8,0,8
783395668916330497,8,2,10
783479363660492800,8,2,10
783639183168458752,8,0,8
783878120545726466,8,0,8
784058670384570368,8,0,8
784097151483731970,8,2,10
784113080477347840,8,0,8
784402760687124480,8,0,8
784710017538818048,8,2,10
785366617953673217,8,2,10
785539228537069568,8,0,8
785549741421568001,8,1,9
785571679745343493,8,0,8
785594454505730048,8,1,9
785654264945192960,8,1,9
786908964701298688,8,0,8
787041265611333632,8,0,8
787240862900219904,8,1,9
787329316950515713,8,0,8
787523480782643200,8,0,8
787725289140854784,8,0,8
787731153855717376,8,0,8
787742958351216640,8,1,9
787786544312713216,8,0,8
787891964687417344,8,0,8
788072455155834881,8,1,9
788415302988169216,8,0,8
788506154993197056,8,1,9
788585135864221698,8,1,9
788784887318798336,8,1,9
788880245071810560,8,37,45
789197629850734592,8,0,8
789279970644332544,8,0,8
789304346802434049,8,0,8
789851940033327105,8,0,8
789854096144539648,8,1,9
791101806520795145,8,0,8
791140430859599874,8,0,8
791333832960143360,8,1,9
792196216419414017,8,0,8
792479315946409984,8,0,8
793868302716133381,8,1,9
793894287943561216,8,0,8
793962415838724096,8,0,8
794049387085242370,8,2,10
794742864198529024,8,1,9
795190228508020736,8,0,8
796073339152429056,8,0,8
796223958693445633,8,0,8
796831177734766592,8,0,8
796931857375961088,8,0,8
796986594045689856,8,0,8
797655036662779904,8,0,8
798903775247405056,8,0,8
799359955992276992,8,2,10
800906958228299776,8,0,8
801877229315756032,8,1,9
802969615013998592,8,0,8
803594148276273152,8,0,8
805595032594087937,8,0,8
806584397885415424,8,0,8
29283,7,60,67
673123,7,1,8
824157,7,21,28
1579841,7,6,13
1819261,7,68,75
1982321,7,0,7
2195241,7,16,23
2838741,7,0,7
5511332,7,5,12
6021962,7,34,41
6907152,7,0,7
7040852,7,5,12
7385622,7,0,7
7420282,7,19,26
7496742,7,41,48
8315692,7,20,27
8472362,7,0,7
10138662,7,15,22
12671132,7,0,7
13060492,7,0,7
13361342,7,0,7
14125226,7,9,16
14181258,7,0,7
14209883,7,10,17
14288278,7,16,23
14293175,7,1,8
14311701,7,6,13
14346779,7,17,24
14376406,7,0,7
14600110,7,0,7
14655114,7,0,7
14785206,7,6,13
14834778,7,0,7
15059067,7,1,8
15079601,7,3,10
15132784,7,0,7
15146659,7,2,9
15288582,7,6,13
15308059,7,4,11
15444578,7,2,9
15466017,7,1,8
15569772,7,0,7
15592989,7,0,7
15594400,7,9,16
15656004,7,1,8
15665878,7,2,9
15677562,7,0,7
15798091,7,1,8
15935541,7,0,7
15953119,7,1,8
15955522,7,1,8
15985291,7,43,50
16131215,7,26,33
16207549,7,0,7
16226669,7,21,28
16287027,7,0,7
16299778,7,38,45
16324489,7,0,7
16330353,7,42,49
16405982,7,3,10
16408881,7,56,63
16440284,7,21,28
16468815,7,25,32
16604074,7,25,32
16642248,7,1,8
16679440,7,1,8
16702637,7,33,40
16816250,7,0,7
16843450,7,19,26
16921280,7,1,8
17086860,7,0,7
17118629,7,0,7
17264536,7,37,44
17391764,7,16,23
17457961,7,2,9
17521370,7,0,7
17605064,7,0,7
17686802,7,1,8
17735910,7,2,9
17748048,7,0,7
17794773,7,1,8
17798031,7,0,7
17907402,7,0,7
17956471,7,3,10
18000185,7,2,9
18010325,7,2,9
18146764,7,5,12
18209365,7,0,7
18236427,7,10,17
18251611,7,1,8
18293603,7,0,7
18360735,7,4,11
18471312,7,43,50
18475260,7,1,8
18481596,7,3,10
18522689,7,0,7
18524109,7,14,21
18530932,7,9,16
18662449,7,4,11
18686907,7,3,10
18722822,7,43,50
18723501,7,9,16
18869981,7,0,7
18888952,7,6,13
19001819,7,74,81
19141265,7,136,143
19171162,7,9,16
19189000,7,3,10
19303795,7,0,7
19393766,7,12,19
19600358,7,0,7
19790654,7,12,19
20091551,7,0,7
20106268,7,2,9
20176362,7,0,7
20271982,7,0,7
20289710,7,0,7
20352372,7,16,23
20368866,7,49,56
20406724,7,20,27
20512824,7,5,12
20739133,7,31,38
20830344,7,0,7
20940460,7,2,9
20996484,7,0,7
21025381,7,5,12
21151367,7,0,7
21212342,7,1,8
21253935,7,32,39
21274102,7,0,7
21313432,7,0,7
21398656,7,0,7
21423086,7,2,9
21630507,7,0,7
21655112,7,0,7
21691636,7,0,7
21693607,7,2,9
21695164,7,2,9
21943222,7,0,7
22001536,7,25,32
22072575,7,0,7
22083639,7,8,15
22154446,7,0,7
22183443,7,1,8
22211388,7,1,8
22222414,7,20,27
22222653,7,0,7
22234764,7,2,9
22298089,7,3,10
22372344,7,4,11
22405827,7,0,7
22407074,7,0,7
22409689,7,0,7
22429979,7,8,15
22459949,7,0,7
22815781,7,1,8
22887909,7,0,7
22919310,7,47,54
23025026,7,0,7
23090182,7,0,7
23125197,7,0,7
23222646,7,2,9
23376602,7,1,8
23511399,7,1,8
23830471,7,9,16
23914772,7,0,7
24027927,7,6,13
24117479,7,0,7
24173738,7,51,58
24332188,7,0,7
24443584,7,0,7
24452840,7,2,9
24526653,7,0,7
24654275,7,1,8
24734660,7,0,7
24779056,7,1,8
24876737,7,7,14
24988714,7,0,7
24991683,7,6,13
24993884,7,0,7
25179573,7,0,7
25182587,7,0,7
25813319,7,0,7
25827235,7,2,9
25867779,7,63,70
25915348,7,0,7
25944870,7,0,7
25971048,7,0,7
25985541,7,0,7
26193041,7,19,26
26298314,7,1,8
26461628,7,1,8
26714962,7,2,9
27152825,7,0,7
27247948,7,5,12
27313203,7,0,7
28140151,7,0,7
28487370,7,1,8
28613848,7,1,8
28618323,7,2,9
28712012,7,1,8
28822811,7,1,8
28844751,7,0,7
28930134,7,0,7
28943469,7,0,7
28979948,7,0,7
28984276,7,4,11
29060766,7,0,7
29100862,7,0,7
29218874,7,0,7
29235607,7,0,7
29488514,7,59,66
29637644,7,7,14
29750515,7,0,7
29981747,7,0,7
30055451,7,0,7
30113742,7,0,7
30135284,7,31,38
30180284,7,11,18
30457678,7,6,13
30735982,7,8,15
30898742,7,32,39
30940701,7,3,10
31015517,7,0,7
31298299,7,0,7
31310187,7,6,13
31339088,7,0,7
31456118,7,105,112
32024747,7,0,7
32036073,7,1,8
32269459,7,0,7
32292230,7,0,7
32500541,7,0,7
32519496,7,1,8
32635294,7,0,7
32773309,7,0,7
33025765,7,0,7
33246636,7,3,10
33319901,7,0,7
33373668,7,0,7
34093672,7,129,136
34495484,7,0,7
34842563,7,1,8
35140732,7,0,7
35167247,7,0,7
35259361,7,0,7
35567361,7,24,31
36035381,7,3,10
36084358,7,3,10
36111227,7,2,9
36131805,7,0,7
36152178,7,0,7
36205440,7,0,7
36697751,7,0,7
36811318,7,0,7
36837603,7,0,7
37045101,7,1,8
37435889,7,10,17
37462473,7,0,7
37616334,7,0,7
37686978,7,2,9
37915614,7,3,10
38465698,7,72,79
38502802,7,1,8
38644197,7,0,7
38664112,7,97,104
38738518,7,1,8
38955690,7,34,41
38984429,7,0,7
39053390,7,3,10
39170147,7,0,7
39512124,7,9,16
39594567,7,0,7
39663786,7,4,11
39861420,7,0,7
40063696,7,0,7
40065102,7,0,7
40177904,7,0,7
40530033,7,1,8
40737905,7,1,8
41144449,7,0,7
41184878,7,0,7
41458916,7,1,8
41552352,7,0,7
41843185,7,3,10
41981966,7,0,7
42248802,7,3,10
42338948,7,1,8
42691625,7,1,8
43070041,7,12,19
43138136,7,0,7
43203630,7,0,7
43324978,7,0,7
43545377,7,19,26
43583486,7,7,14
43717921,7,0,7
43844930,7,1,8
43969290,7,29,36
44099200,7,0,7
44114927,7,0,7
44632487,7,0,7
44688778,7,3,10
44743406,7,1,8
44990206,7,0,7
45442257,7,3,10
45518891,7,6,13
46132870,7,0,7
46194602,7,0,7
46246807,7,0,7
46655380,7,0,7
46816408,7,92,99
46915482,7,0,7
47095857,7,57,64
47124528,7,9,16
47190787,7,0,7
47472506,7,1,8
47974330,7,0,7
48052850,7,7,14
48527833,7,0,7
48673284,7,15,22
48734245,7,1,8
48781212,7,0,7
48790856,7,0,7
48906174,7,0,7
48931563,7,0,7
49050042,7,0,7
49061522,7,0,7
49076055,7,1,8
49205207,7,32,39
49436928,7,0,7
49546741,7,1,8
49569608,7,2,9
49941653,7,0,7
50094643,7,0,7
50450192,7,0,7
50718295,7,0,7
50934907,7,0,7
50980657,7,12,19
50992307,7,0,7
51572529,7,0,7
51880276,7,137,144
52049944,7,0,7
52248267,7,2,9
52490379,7,0,7
53409654,7,2,9
53695456,7,0,7
54198517,7,0,7
54296155,7,3,10
54309607,7,0,7
54385024,7,0,7
54668300,7,0,7
54702689,7,0,7
55414784,7,1,8
56187163,7,0,7
56211319,7,0,7
56312592,7,0,7
56613758,7,2,9
56760430,7,0,7
56903354,7,0,7
57514065,7,21,28
57811254,7,34,41
58621980,7,1,8
58629303,7,0,7
59330404,7,0,7
59577682,7,0,7
59915397,7,3,10
60047243,7,1,8
61411422,7,6,13
61468924,7,0,7
61774631,7,2,9
61869915,7,1,8
62286852,7,0,7
62611535,7,0,7
62680370,7,4,11
63252735,7,0,7
63758416,7,1,8
64249447,7,0,7
64746727,7,1,8
65003619,7,3,10
65068441,7,0,7
65143197,7,5,12
65167784,7,0,7
65205116,7,58,65
65250807,7,3,10
65876613,7,0,7
66112820,7,0,7
66284423,7,0,7
67639458,7,0,7
68127617,7,0,7
68692042,7,36,43
69005894,7,9,16
69365677,7,0,7
69510565,7,0,7
69571276,7,0,7
69659194,7,0,7
70071054,7,0,7
70230425,7,0,7
71140821,7,0,7
71371284,7,2,9
71697373,7,0,7
71749057,7,27,34
72139098,7,1,8
72256690,7,0,7
72271816,7,0,7
72839240,7,0,7
73150994,7,0,7
73731000,7,0,7
74018034,7,0,7
74596325,7,1,8
75118422,7,62,69
75189125,7,0,7
75528244,7,0,7
75561107,7,0,7
75624837,7,0,7
75797367,7,10,17
75871759,7,0,7
76042302,7,0,7
76219865,7,1,8
76337810,7,0,7
76558867,7,0,7
77299996,7,0,7
78047350,7,0,7
78432206,7,0,7
78787098,7,48,55
79570833,7,16,23
79646958,7,1,8
80391835,7,0,7
80619433,7,0,7
80664786,7,0,7
80774269,7,0,7
80944550,7,7,14
81262916,7,2,9
82210282,7,1,8
82921979,7,2,9
83088487,7,0,7
83162938,7,0,7
83297139,7,20,27
83314598,7,0,7
83633500,7,2,9
83879008,7,1,8
84020176,7,1,8
84155118,7,0,7
84613819,7,0,7
84676081,7,25,32
84855412,7,0,7
85230067,7,22,29
85489295,7,0,7
85982089,7,150,157
86498960,7,0,7
86951549,7,0,7
87764401,7,0,7
88021346,7,77,84
88314403,7,1,8
88342659,7,0,7
88801554,7,1,8
89494553,7,0,7
89529342,7,0,7
89533742,7,16,23
89573533,7,1,8
89956486,7,1,8
90131322,7,0,7
90712626,7,0,7
90764655,7,0,7
91405843,7,0,7
91569380,7,0,7
91613964,7,1,8
91721875,7,0,7
91738733,7,1,8
92653219,7,0,7
93111391,7,15,22
94226378,7,0,7
94611763,7,11,18
95142015,7,0,7
95249550,7,1,8
95507952,7,0,7
95643443,7,0,7
96061175,7,33,40
97498423,7,0,7
97569139,7,18,25
97713882,7,1,8
97860997,7,2,9
97938251,7,0,7
98042404,7,0,7
98617389,7,161,168
98911026,7,0,7
99176771,7,0,7
99337368,7,0,7
99651936,7,0,7
100384389,7,3,10
101289263,7,0,7
101598139,7,0,7
101671703,7,0,7
101700708,7,0,7
104491054,7,2,9
105299748,7,0,7
105654088,7,43,50
105677947,7,1,8
106199322,7,5,12
106572442,7,1,8
107241204,7,1,8
107382271,7,1,8
107393078,7,0,7
107603115,7,0,7
107733311,7,1,8
110001700,7,2,9
110014280,7,31,38
110394585,7,0,7
111547732,7,0,7
112003104,7,115,122
113213670,7,22,29
114297772,7,4,11
114686328,7,0,7
114840593,7,1,8
115549976,7,0,7
115565663,7,0,7
116015269,7,1,8
116597420,7,0,7
117426276,7,0,7
118019641,7,3,10
118539679,7,1,8
118718294,7,52,59
118826447,7,0,7
119006593,7,0,7
119522175,7,1,8
119760101,7,1,8
120093004,7,5,12
121190725,7,2,9
121795875,7,1,8
122228364,7,0,7
122427926,7,3,10
123016161,7,2,9
123425656,7,5,12
123669551,7,0,7
123755473,7,1,8
124115301,7,1,8
125449017,7,0,7
125461100,7,0,7
125981547,7,0,7
126846242,7,0,7
127271339,7,1,8
127388398,7,0,7
127953856,7,19,26
128596120,7,1,8
128896899,7,2,9
129260158,7,0,7
129588368,7,0,7
129700587,7,2,9
130344773,7,14,21
131016061,7,11,18
131128626,7,1,8
131615990,7,1,8
132005573,7,0,7
132396686,7,0,7
133431938,7,0,7
134268800,7,14,21
134976956,7,0,7
135155476,7,0,7
135556071,7,1,8
136480294,7,2,9
138774348,7,0,7
139304674,7,8,15
139454227,7,0,7
139500428,7,3,10
139844546,7,1,8
140169937,7,0,7
140898762,7,2,9
141878237,7,1,8
143309709,7,0,7
143932529,7,6,13
144402222,7,115,122
145611801,7,0,7
147551452,7,0,7
148176575,7,0,7
148237540,7,13,20
149685915,7,4,11
150344101,7,0,7
151274219,7,20,27
151612530,7,0,7
154006333,7,0,7
154064880,7,1,8
155058199,7,1,8
158612273,7,1,8
159243276,7,0,7
159648576,7,2,9
159705363,7,0,7
160194497,7,7,14
161649196,7,0,7
164214064,7,0,7
164269738,7,0,7
164481146,7,1,8
165792286,7,1,8
167570541,7,1,8
168799081,7,1,8
169630464,7,2,9
170597082,7,0,7
170781924,7,0,7
171074713,7,0,7
172353234,7,0,7
172511244,7,1,8
173501340,7,2,9
173817113,7,0,7
175170072,7,10,17
175404992,7,0,7
176098238,7,0,7
177442592,7,1,8
177972446,7,1,8
178414091,7,0,7
178865337,7,0,7
180824577,7,0,7
180947055,7,2,9
181103133,7,0,7
181174096,7,0,7
181410811,7,0,7
181842356,7,1,8
182939841,7,1,8
183408798,7,0,7
183985454,7,7,14
185741158,7,0,7
186513044,7,0,7
188340693,7,13,20
189935217,7,0,7
193276296,7,0,7
193822911,7,10,17
195378339,7,0,7
195575801,7,11,18
195959981,7,0,7
196182278,7,90,97
196354916,7,0,7
196929671,7,32,39
197147881,7,0,7
198367568,7,0,7
199399954,7,3,10
199465159,7,0,7
199786308,7,2,9
199963228,7,43,50
203440014,7,0,7
203587081,7,0,7
204161510,7,68,75
205028683,7,0,7
205143160,7,0,7
205425209,7,5,12
205689843,7,11,18
207141071,7,68,75
209425078,7,2,9
209917826,7,0,7
210142455,7,0,7
211171996,7,43,50
211522983,7,6,13
211813172,7,0,7
212088592,7,22,29
212422815,7,0,7
213011585,7,0,7
213404017,7,0,7
214131069,7,6,13
215002582,7,17,24
215375624,7,0,7
216487132,7,0,7
216553189,7,1,8
217081909,7,0,7
217155094,7,0,7
217574712,7,74,81
218245143,7,0,7
219389888,7,0,7
220070264,7,0,7
220842244,7,0,7
220905415,7,1,8
222386447,7,0,7
223615407,7,0,7
224586804,7,10,17
224776756,7,0,7
224848446,7,1,8
224877087,7,0,7
227975146,7,0,7
228464595,7,2,9
228585536,7,5,12
229135269,7,0,7
230812658,7,2,9
231154776,7,74,81
231256015,7,0,7
234767581,7,2,9
234898378,7,1,8
235167308,7,0,7
236277012,7,0,7
236444318,7,0,7
236478393,7,0,7
237427389,7,0,7
237586880,7,1,8
238349210,7,0,7
238577966,7,0,7
238729549,7,1,8
238779889,7,8,15
239622350,7,74,81
240411574,7,0,7
240730832,7,4,11
241468620,7,0,7
242004461,7,0,7
242007913,7,6,13
242026390,7,0,7
242047504,7,1,8
242577946,7,28,35
242849343,7,44,51
242992653,7,14,21
243371187,7,0,7
243776687,7,4,11
244290291,7,0,7
244518415,7,0,7
246041237,7,0,7
246421577,7,0,7
247163518,7,16,23
247378337,7,56,63
247894877,7,0,7
248841973,7,97,104
249483785,7,0,7
250159277,7,5,12
250357408,7,1,8
250785035,7,1,8
251319254,7,0,7
252124868,7,0,7
253093355,7,1,8
253213841,7,4,11
255533239,7,0,7
258741909,7,24,31
259915856,7,2,9
260114253,7,3,10
260379555,7,2,9
260419232,7,0,7
260505307,7,1,8
260990719,7,0,7
261034989,7,0,7
261046742,7,0,7
261497320,7,0,7
262472827,7,0,7
262558584,7,0,7
262642238,7,9,16
262779492,7,0,7
263492270,7,6,13
263829580,7,2,9
264259486,7,0,7
264345563,7,2,9
264596282,7,0,7
264621563,7,2,9
266664948,7,0,7
267193224,7,2,9
267611753,7,0,7
269016875,7,0,7
269310419,7,3,10
269384021,7,0,7
270416438,7,0,7
272092236,7,0,7
272093380,7,0,7
272197257,7,1,8
272251414,7,0,7
272293513,7,1,8
272696429,7,0,7
273950218,7,0,7
274102565,7,1,8
274369044,7,0,7
275203578,7,0,7
275870482,7,4,11
275876876,7,2,9
276056713,7,0,7
276420495,7,27,34
277186565,7,2,9
278143305,7,1,8
278642216,7,67,74
279210452,7,0,7
279234400,7,2,9
280627232,7,0,7
280710985,7,36,43
281696650,7,0,7
281838182,7,5,12
282114786,7,4,11
282577289,7,1,8
285498516,7,1,8
286165784,7,0,7
286224379,7,0,7
288868258,7,0,7
289319811,7,0,7
289670383,7,0,7
294622957,7,0,7
296981324,7,0,7
297447292,7,100,107
298020651,7,1,8
299506138,7,3,10
301625632,7,1,8
301736197,7,0,7
301948622,7,0,7
302291628,7,0,7
303893980,7,0,7
304078990,7,0,7
304143346,7,0,7
305059732,7,0,7
305113163,7,0,7
305658775,7,0,7
306049512,7,0,7
307705141,7,6,13
308363125,7,0,7
308661209,7,1,8
309264566,7,0,7
309451431,7,0,7
312328975,7,0,7
312392374,7,0,7
315366161,7,1,8
315436946,7,7,14
316809461,7,6,13
316869157,7,2,9
317774985,7,2,9
317835273,7,0,7
318551071,7,0,7
319268351,7,0,7
319513253,7,0,7
319729023,7,2,9
319922836,7,0,7
320217043,7,1,8
320763867,7,0,7
323083587,7,0,7
324405883,7,5,12
324900974,7,0,7
325164172,7,129,136
327399235,7,0,7
327525429,7,1,8
327815991,7,0,7
328744452,7,3,10
329144723,7,0,7
329783512,7,0,7
329872564,7,18,25
330373787,7,0,7
331057781,7,0,7
333235689,7,0,7
333700617,7,3,10
333749370,7,16,23
334117897,7,0,7
334248188,7,0,7
336536137,7,0,7
337155276,7,0,7
337406543,7,25,32
337883118,7,1,8
337961249,7,1,8
340006233,7,0,7
340335439,7,0,7
340491920,7,0,7
341512576,7,0,7
343163132,7,3,10
343226963,7,7,14
344228135,7,14,21
344445123,7,1,8
344917989,7,0,7
345041240,7,0,7
345503301,7,2,9
346318666,7,0,7
346424994,7,0,7
347805815,7,0,7
347978889,7,2,9
348847281,7,0,7
351400059,7,1,8
351691231,7,0,7
352091107,7,0,7
352888209,7,0,7
353830304,7,0,7
353848742,7,0,7
353937327,7,0,7
356163950,7,1,8
358947759,7,0,7
359587187,7,0,7
359689154,7,0,7
360609864,7,0,7
360868081,7,0,7
361985352,7,3,10
362494906,7,2,9
362778042,7,0,7
363161920,7,2,9
363332278,7,0,7
363952574,7,0,7
364510729,7,9,16
365391627,7,2,9
365492963,7,1,8
365731553,7,0,7
366744134,7,0,7
369699689,7,4,11
370135213,7,24,31
370673406,7,0,7
372192873,7,1,8
373241771,7,0,7
373535535,7,0,7
374140155,7,0,7
374180424,7,0,7
374364902,7,1,8
374597100,7,4,11
374800014,7,0,7
374800571,7,0,7
376716740,7,2,9
376744269,7,12,19
377773760,7,1,8
378071379,7,1,8
378115192,7,0,7
378538488,7,0,7
378736650,7,20,27
378847704,7,0,7
379348773,7,18,25
380390030,7,15,22
380725931,7,1,8
380767010,7,0,7
380961101,7,3,10
381674479,7,0,7
382961476,7,0,7
384043976,7,0,7
384439929,7,24,31
384743622,7,0,7
385726008,7,59,66
386001751,7,5,12
386082360,7,0,7
387199731,7,29,36
388282591,7,2,9
388397097,7,1,8
388441407,7,1,8
389077634,7,2,9
390336169,7,12,19
390570223,7,0,7
391538467,7,0,7
393131247,7,0,7
393666372,7,0,7
393758431,7,1,8
393969873,7,0,7
394347448,7,1,8
394389863,7,5,12
394452228,7,2,9
394794452,7,17,24
395295190,7,0,7
395398311,7,0,7
396150157,7,0,7
396238864,7,1,8
397423994,7,0,7
398340930,7,12,19
398349799,7,1,8
399528217,7,0,7
400393167,7,1,8
401638876,7,39,46
402008066,7,0,7
402114809,7,18,25
402731217,7,0,7
403025543,7,0,7
403179768,7,0,7
403390465,7,2,9
404359905,7,0,7
404712984,7,0,7
406016392,7,2,9
407749350,7,1,8
409503621,7,42,49
412645836,7,2,9
413184303,7,0,7
413492357,7,0,7
413678384,7,1,8
414599017,7,0,7
415199903,7,3,10
415816475,7,1,8
416508480,7,0,7
417407843,7,0,7
417543252,7,15,22
417934632,7,0,7
422641831,7,0,7
423798136,7,1,8
425493252,7,0,7
425988602,7,0,7
426125491,7,61,68
426361581,7,87,94
426896390,7,0,7
429640795,7,2,9
430507345,7,0,7
430671504,7,0,7
430736338,7,0,7
432483431,7,2,9
433412760,7,0,7
433618856,7,2,9
434708922,7,1,8
435480404,7,3,10
435578994,7,0,7
436826866,7,0,7
437916868,7,0,7
437953469,7,0,7
438047280,7,0,7
444820039,7,0,7
445690194,7,0,7
446156980,7,0,7
448291650,7,4,11
448801871,7,0,7
449908582,7,1,8
450181943,7,24,31
454323057,7,4,11
454551654,7,3,10
454807131,7,0,7
455043739,7,1,8
455429373,7,0,7
456118722,7,0,7
456356108,7,0,7
457743272,7,67,74
457956308,7,1,8
458109740,7,0,7
458995698,7,0,7
460705232,7,13,20
462205941,7,7,14
464400250,7,0,7
464516274,7,0,7
464815693,7,37,44
465628804,7,1,8
468759217,7,30,37
469645031,7,0,7
470386364,7,0,7
470566750,7,2,9
470763776,7,0,7
471640350,7,10,17
472870020,7,0,7
476839111,7,0,7
477408115,7,0,7
478155077,7,0,7
479123413,7,7,14
479667256,7,4,11
480898205,7,34,41
480992011,7,0,7
480998405,7,0,7
482365722,7,1,8
485138965,7,43,50
486346765,7,0,7
487642650,7,28,35
487793662,7,0,7
489579857,7,0,7
489791207,7,5,12
490743208,7,0,7
494327889,7,1,8
494562710,7,0,7
495384532,7,0,7
495490759,7,0,7
495968095,7,0,7
499426251,7,0,7
500034180,7,1,8
500140187,7,0,7
500884001,7,0,7
501994615,7,4,11
503562956,7,0,7
506960170,7,0,7
508102147,7,0,7
508898693,7,1,8
512573721,7,1,8
512677432,7,1,8
512830524,7,7,14
513265708,7,46,53
513957463,7,0,7
514895669,7,1,8
516103997,7,0,7
516718132,7,3,10
516851924,7,0,7
517166803,7,0,7
518747389,7,0,7
519197738,7,0,7
519459455,7,0,7
519716053,7,0,7
520373204,7,0,7
520525430,7,0,7
521415449,7,1,8
521888462,7,1,8
522132942,7,0,7
525474044,7,2,9
525644785,7,0,7
525781567,7,1,8
526777917,7,3,10
526916219,7,1,8
529089844,7,0,7
531310713,7,0,7
531706752,7,2,9
531746750,7,4,11
532042038,7,0,7
532124810,7,1,8
532347102,7,0,7
532511483,7,0,7
533264986,7,0,7
533332519,7,0,7
533365195,7,0,7
534632074,7,1,8
537709549,7,0,7
537812384,7,5,12
538593769,7,2,9
540121712,7,0,7
540474296,7,1,8
542857691,7,1,8
544941018,7,0,7
547155318,7,41,48
548099056,7,1,8
548264399,7,0,7
548508436,7,1,8
550715963,7,3,10
550784516,7,1,8
552228311,7,0,7
553032437,7,0,7
554289556,7,3,10
554740347,7,0,7
555522743,7,1,8
556269451,7,0,7
556430834,7,7,14
556537535,7,4,11
556736472,7,0,7
558174858,7,0,7
559026186,7,0,7
559123311,7,1,8
559155117,7,10,17
560689936,7,0,7
560837262,7,0,7
561660141,7,0,7
561725979,7,0,7
561994847,7,0,7
564141120,7,12,19
564248337,7,0,7
564565489,7,0,7
566001759,7,0,7
566527711,7,0,7
569473957,7,1,8
570318719,7,68,75
571036236,7,0,7
572209936,7,0,7
572371867,7,2,9
574863273,7,1,8
576589114,7,0,7
576871755,7,2,9
577130542,7,2,9
579374119,7,0,7
582123803,7,0,7
582410166,7,0,7
584052515,7,0,7
584772257,7,0,7
584817873,7,0,7
586036297,7,0,7
588812513,7,0,7
589356588,7,0,7
589399108,7,15,22
591130895,7,0,7
591323225,7,0,7
592365823,7,1,8
594175232,7,0,7
595827420,7,0,7
597307058,7,1,8
598601483,7,1,8
599405877,7,0,7
600949554,7,0,7
603363874,7,1,8
604099981,7,0,7
605368619,7,0,7
608356776,7,0,7
609432892,7,0,7
609662712,7,0,7
611761312,7,0,7
612204514,7,0,7
613941136,7,6,13
615350670,7,0,7
618118820,7,0,7
620157700,7,0,7
622171762,7,0,7
622750531,7,3,10
624080892,7,0,7
624246813,7,0,7
624557599,7,0,7
624760242,7,0,7
628040497,7,4,11
629653192,7,1,8
632180947,7,0,7
634552970,7,0,7
634845259,7,0,7
701957047,7,8,15
702299198,7,4,11
703211408,7,0,7
706960483,7,0,7
707869742,7,0,7
708444218,7,0,7
709056829,7,0,7
709362858,7,0,7
711948498,7,1,8
712370244,7,5,12
713165083,7,1,8
718365025,7,1,8
718904023,7,0,7
720629832,7,0,7
726215821,7,0,7
729311880,7,0,7
732026659,7,0,7
733807675,7,0,7
743764339,7,0,7
743924732,7,0,7
748088868,7,0,7
755668291,7,1,8
755810618,7,2,9
760297699,7,0,7
764234526,7,7,14
766013130,7,0,7
767932316,7,0,7
772153106,7,0,7
779203105,7,1,8
780291397,7,1,8
781126262,7,0,7
781475966,7,1,8
782030712,7,3,10
789068702,7,1,8
790371366,7,0,7
790958690,7,0,7
790967023,7,5,12
791304169,7,2,9
792079448,7,2,9
792606776,7,0,7
792934862,7,0,7
793577262,7,63,70
794312216,7,0,7
796308937,7,0,7
805243172,7,1,8
805300141,7,0,7
808544330,7,1,8
813712969,7,0,7
813883897,7,2,9
814267292,7,0,7
817905692,7,3,10
822539767,7,4,11
826281348,7,1,8
827985242,7,0,7
831729216,7,1,8
832718768,7,8,15
835941276,7,0,7
840668292,7,31,38
842925714,7,0,7
844648069,7,0,7
844791222,7,0,7
845904164,7,1,8
849384990,7,1,8
855628410,7,0,7
855800154,7,1,8
855832310,7,1,8
862074955,7,2,9
862418737,7,6,13
863183726,7,2,9
863403048,7,0,7
863630192,7,1,8
865375242,7,0,7
871116008,7,12,19
872376817,7,0,7
874825267,7,0,7
876226856,7,0,7
883287067,7,0,7
887133361,7,0,7
893345701,7,0,7
893754613,7,0,7
895240200,7,0,7
896115764,7,1,8
896927635,7,0,7
898058737,7,0,7
898841010,7,0,7
898970054,7,0,7
901655762,7,1,8
903168284,7,1,8
904304628,7,0,7
904679539,7,0,7
904797882,7,1,8
909014827,7,1,8
909423811,7,1,8
910995072,7,0,7
912767672,7,1,8
915677713,7,3,10
918162156,7,0,7
920393460,7,2,9
921343537,7,10,17
921919484,7,0,7
926318551,7,0,7
928531555,7,1,8
935493974,7,2,9
938418919,7,0,7
941081893,7,22,29
942122522,7,27,34
943070276,7,2,9
944061530,7,1,8
946706138,7,1,8
948599569,7,0,7
949821883,7,7,14
949914770,7,0,7
953991390,7,1,8
956019854,7,1,8
956769054,7,0,7
961515811,7,0,7
961887360,7,5,12
966852380,7,0,7
971317435,7,1,8
981422977,7,0,7
982767486,7,49,56
982995216,7,23,30
983952144,7,1,8
986001565,7,3,10
989710477,7,0,7
998435502,7,0,7
1003173012,7,2,9
1011428408,7,3,10
1011588685,7,0,7
1014326994,7,0,7
1016662675,7,0,7
1020922046,7,4,11
1021707366,7,0,7
1021984146,7,1,8
1023539623,7,1,8
1025152032,7,0,7
1038453378,7,1,8
1041361142,7,0,7
1041478692,7,0,7
1045353331,7,2,9
1045405340,7,0,7
1045748221,7,0,7
1050005634,7,1,8
1057055353,7,0,7
1059471008,7,0,7
1061897502,7,0,7
1062668922,7,0,7
1062799087,7,0,7
1068728030,7,0,7
1072324363,7,2,9
1073592985,7,0,7
1073909671,7,0,7
1077194684,7,1,8
1080207836,7,0,7
1090999268,7,0,7
1091624545,7,1,8
1091626734,7,0,7
1101881678,7,3,10
1103021018,7,0,7
1104959191,7,87,94
1106883991,7,2,9
1109685884,7,0,7
1109981646,7,1,8
1113287167,7,0,7
1117356368,7,0,7
1118058950,7,0,7
1132672532,7,7,14
1137158311,7,22,29
1149353412,7,2,9
1151507142,7,1,8
1156058887,7,0,7
1158666440,7,11,18
1160412997,7,0,7
1168572306,7,60,67
1170740323,7,1,8
1179956371,7,0,7
1192294555,7,6,13
1195556604,7,2,9
1197399588,7,0,7
1202448612,7,0,7
1202544163,7,0,7
1209385680,7,0,7
1209566924,7,1,8
1210029865,7,1,8
1220046500,7,0,7
1227227953,7,0,7
1228462620,7,15,22
1228572775,7,2,9
1240662721,7,0,7
1247097169,7,0,7
1254045259,7,0,7
1257974276,7,1,8
1258385755,7,4,11
1259751043,7,3,10
1260861564,7,0,7
1261927339,7,1,8
1269273930,7,0,7
1278257762,7,1,8
1279292274,7,49,56
1280461597,7,0,7
1286280223,7,0,7
1286867520,7,13,20
1288227674,7,0,7
1293509834,7,0,7
1301901212,7,19,26
1305789096,7,0,7
1309136306,7,0,7
1313086387,7,0,7
1319488358,7,3,10
1320037645,7,2,9
1322553037,7,0,7
1325719658,7,0,7
1329862512,7,0,7
1336911835,7,18,25
1342674733,7,0,7
1343230844,7,0,7
1348004978,7,2,9
1348093506,7,0,7
1349866704,7,2,9
1350504332,7,0,7
1350619597,7,0,7
1355017628,7,0,7
1355999240,7,0,7
1363254072,7,16,23
1366886233,7,0,7
1368329071,7,0,7
1369285800,7,30,37
1375142442,7,0,7
1375631622,7,0,7
1377610592,7,5,12
1383897337,7,0,7
1385677136,7,1,8
1385787109,7,0,7
1385943930,7,0,7
1408710426,7,0,7
1413001279,7,1,8
1422131114,7,0,7
1422164946,7,1,8
1423647433,7,15,22
1426219171,7,1,8
1430969076,7,0,7
1431039092,7,0,7
1443956041,7,0,7
1444290588,7,0,7
1447152420,7,0,7
1447693554,7,2,9
1451998987,7,0,7
1453180627,7,1,8
1453228080,7,1,8
1455795770,7,1,8
1457479842,7,0,7
1460940955,7,0,7
1461075750,7,0,7
1462906818,7,0,7
1468944548,7,0,7
1474440043,7,1,8
1476220440,7,0,7
1478594124,7,0,7
1480523155,7,0,7
1480751708,7,0,7
1483720292,7,0,7
1486715822,7,0,7
1487213216,7,3,10
1493770248,7,4,11
1496929428,7,1,8
1499472000,7,11,18
1499929482,7,1,8
1515164574,7,0,7
1516546946,7,0,7
1524742123,7,0,7
1529474959,7,0,7
1532132155,7,0,7
1535382073,7,2,9
1539904334,7,4,11
1540883040,7,7,14
1543202473,7,0,7
1549229162,7,2,9
1551206293,7,0,7
1551532544,7,30,37
1551584785,7,5,12
1552184706,7,0,7
1561504772,7,0,7
1563385532,7,1,8
1568656350,7,56,63
1571096438,7,1,8
1571912246,7,0,7
1572817922,7,0,7
1576622209,7,1,8
1579458798,7,9,16
1581664274,7,1,8
1588193796,7,0,7
1589373283,7,0,7
1589507504,7,0,7
1594008103,7,0,7
1598851068,7,20,27
1599539792,7,0,7
1602173694,7,99,106
1605082915,7,1,8
1606641872,7,0,7
1608332742,7,0,7
1610474462,7,0,7
1629316812,7,1,8
1645449049,7,0,7
1646463768,7,0,7
1646998182,7,0,7
1648681466,7,1,8
1650858084,7,50,57
1651813206,7,0,7
1654186807,7,1,8
1658663401,7,1,8
1675930123,7,1,8
1683858493,7,0,7
1704418920,7,0,7
1705913220,7,0,7
1707108337,7,0,7
1710212232,7,0,7
1714299895,7,0,7
1720336338,7,2,9
1720985276,7,1,8
1726146416,7,0,7
1732070107,7,4,11
1732994119,7,0,7
1838274992,7,0,7
1853824369,7,0,7
1856442618,7,0,7
1857148146,7,0,7
1862377536,7,0,7
1869278906,7,0,7
1873374031,7,0,7
1882844239,7,0,7
1889594442,7,1,8
1893540588,7,0,7
1894239990,7,11,18
1894464324,7,0,7
1898194112,7,0,7
1906173912,7,0,7
1916007554,7,1,8
1917715891,7,0,7
1918740636,7,18,25
1921148744,7,0,7
1928764724,7,1,8
1932372031,7,5,12
1933077001,7,61,68
1940755262,7,0,7
1948670011,7,0,7
1950781848,7,0,7
1952014620,7,0,7
1957650523,7,0,7
1957661216,7,0,7
1957809049,7,1,8
1958152405,7,1,8
1963612351,7,3,10
1963945884,7,1,8
1968578905,7,0,7
1970055188,7,18,25
2148244334,7,1,8
2148332881,7,1,8
2148591082,7,0,7
2154214074,7,0,7
2155929278,7,0,7
2157300198,7,0,7
2160175057,7,0,7
2160747660,7,8,15
2165511739,7,0,7
2167809763,7,0,7
2176433806,7,1,8
2176620908,7,0,7
2177665478,7,0,7
2180375783,7,23,30
2181781448,7,0,7
2183307408,7,0,7
2186545345,7,2,9
2186928506,7,22,29
2189201049,7,0,7
2196183115,7,0,7
2196655093,7,4,11
2199933581,7,0,7
2200849080,7,0,7
2202707036,7,1,8
2206112245,7,0,7
2206339645,7,0,7
2208329164,7,1,8
2211300866,7,0,7
2213265757,7,1,8
2223655366,7,1,8
2223863478,7,0,7
2229239411,7,0,7
2237026852,7,1,8
2240556884,7,0,7
2241234048,7,0,7
2242954477,7,0,7
2245750425,7,0,7
2246456797,7,0,7
2255547348,7,1,8
2255955180,7,0,7
2262885770,7,0,7
2264954509,7,0,7
2265466982,7,0,7
2268307790,7,0,7
2272043766,7,0,7
2272464372,7,0,7
2273671176,7,0,7
2275169142,7,0,7
2279522616,7,1,8
2283165091,7,0,7
2284150545,7,0,7
2284500608,7,0,7
2287030892,7,10,17
2288723564,7,0,7
2290053918,7,4,11
2296723068,7,2,9
2297286916,7,1,8
2300289704,7,14,21
2301172375,7,20,27
2304279044,7,0,7
2304415322,7,6,13
2307356389,7,0,7
2310761768,7,0,7
2314018987,7,19,26
2316270739,7,0,7
2316330373,7,0,7
2317254136,7,39,46
2323772125,7,0,7
2324263762,7,0,7
2327638657,7,0,7
2329241601,7,0,7
2329328857,7,17,24
2330424144,7,5,12
2334062873,7,1,8
2334486278,7,2,9
2335930938,7,0,7
2336663529,7,1,8
2340798337,7,0,7
2342646996,7,0,7
2343948980,7,0,7
2345409164,7,33,40
2345762329,7,0,7
2349292010,7,0,7
2351017645,7,2,9
2351821038,7,0,7
2353271838,7,0,7
2355347586,7,0,7
2358278190,7,2,9
2369545188,7,0,7
2370912788,7,1,8
2371694656,7,0,7
2377816854,7,0,7
2378009777,7,3,10
2382074977,7,1,8
2383991174,7,40,47
2386998684,7,0,7
2387923850,7,0,7
2393292608,7,0,7
2393300419,7,12,19
2393836836,7,0,7
2398478714,7,0,7
2401968265,7,0,7
2402473400,7,0,7
2404022173,7,2,9
2409501757,7,59,66
2410453038,7,4,11
2417594054,7,0,7
2421080847,7,68,75
2422111178,7,1,8
2424271248,7,0,7
2429810652,7,3,10
2432620014,7,0,7
2433757075,7,1,8
2434102818,7,1,8
2438352287,7,0,7
2438605506,7,4,11
2439423046,7,0,7
2442188998,7,0,7
2445474026,7,1,8
2453768402,7,0,7
2458374253,7,0,7
2460093271,7,1,8
2461045982,7,1,8
2464920044,7,0,7
2467812187,7,1,8
2469783866,7,1,8
2470217186,7,6,13
2471823907,7,0,7
2474219244,7,0,7
2474572016,7,0,7
2475003414,7,0,7
2477855634,7,1,8
2479047344,7,0,7
2480341394,7,0,7
2483010019,7,0,7
2483954965,7,0,7
2484801895,7,4,11
2486311429,7,8,15
2490280214,7,1,8
2490423633,7,0,7
2497878354,7,5,12
2498276575,7,0,7
2500118114,7,0,7
2507484340,7,0,7
2507979678,7,0,7
2508278894,7,0,7
2515734288,7,1,8
2516411394,7,0,7
2526201192,7,1,8
2527500781,7,8,15
2527814880,7,0,7
2542446342,7,0,7
2546120619,7,0,7
2546839514,7,1,8
2550616416,7,0,7
2555977891,7,0,7
2562084218,7,0,7
2565912762,7,19,26
2567310134,7,0,7
2571872210,7,0,7
2573126629,7,0,7
2587627947,7,0,7
2587850581,7,0,7
2588167693,7,29,36
2588528101,7,0,7
2599862858,7,0,7
2600337822,7,0,7
2604487285,7,1,8
2605359579,7,9,16
2606311707,7,0,7
2614531412,7,0,7
2615424343,7,0,7
2623416465,7,0,7
2648259668,7,1,8
2648555912,7,0,7
2648605575,7,1,8
2649318025,7,0,7
2662967611,7,0,7
2667604818,7,1,8
2678626452,7,0,7
2683287932,7,1,8
2696379674,7,18,25
2699488914,7,0,7
2706779606,7,5,12
2707557794,7,0,7
2707699706,7,0,7
2712950179,7,0,7
2714565932,7,0,7
2715152810,7,0,7
2716587527,7,0,7
2718798586,7,8,15
2718866309,7,23,30
2721916634,7,1,8
2723095804,7,1,8
2723277620,7,4,11
2724918372,7,3,10
2725354744,7,0,7
2727254173,7,1,8
2727707625,7,0,7
2732028311,7,0,7
2738642560,7,0,7
2741492717,7,0,7
2743418282,7,0,7
2744915079,7,0,7
2745887578,7,25,32
2747288099,7,1,8
2748559467,7,0,7
2749555489,7,0,7
2751301460,7,1,8
2755987049,7,0,7
2756077153,7,1,8
2756770386,7,0,7
2758076306,7,0,7
2759267989,7,2,9
2761234928,7,1,8
2761997377,7,0,7
2762785196,7,1,8
2767293171,7,1,8
2773967146,7,0,7
2778995155,7,0,7
2780310370,7,0,7
2787411518,7,1,8
2788439720,7,0,7
2790297881,7,0,7
2790812031,7,0,7
2792635322,7,0,7
2792781769,7,0,7
2801149766,7,7,14
2807428768,7,0,7
2807612783,7,1,8
2807844465,7,7,14
2818197744,7,1,8
2820407917,7,8,15
2820524334,7,26,33
2822115513,7,0,7
2827027708,7,0,7
2827131879,7,0,7
2827309304,7,0,7
2827491568,7,0,7
2829037142,7,0,7
2830150038,7,4,11
2836349620,7,0,7
2846371383,7,0,7
2846653642,7,0,7
2847021233,7,0,7
2847315610,7,0,7
2853766474,7,0,7
2853848082,7,0,7
2872420231,7,0,7
2873693809,7,0,7
2874158467,7,0,7
2876128636,7,0,7
2877293361,7,0,7
2877594827,7,0,7
2878502879,7,0,7
2880381305,7,0,7
2883539164,7,0,7
2884076764,7,0,7
2885889147,7,3,10
2885902600,7,0,7
2887026221,7,17,24
2887656388,7,0,7
2888482564,7,0,7
2891549800,7,3,10
2895714057,7,0,7
2901761717,7,0,7
2902650965,7,0,7
2903158613,7,0,7
2904106827,7,1,8
2904911144,7,0,7
2905642010,7,1,8
2907933725,7,0,7
2915648340,7,0,7
2916055819,7,0,7
2919934571,7,0,7
2924926744,7,1,8
2933398158,7,0,7
2933564586,7,1,8
2938758358,7,0,7
2939237771,7,0,7
2943064582,7,2,9
2946866490,7,0,7
2947475305,7,0,7
2953305579,7,0,7
2955178039,7,0,7
2959355615,7,0,7
2962462460,7,0,7
2962651031,7,2,9
2963829556,7,0,7
2965491734,7,0,7
2965927919,7,1,8
2966375290,7,1,8
2970293603,7,4,11
2971182161,7,0,7
2971378187,7,1,8
2978053691,7,0,7
2979050746,7,0,7
2980581222,7,0,7
2986306444,7,0,7
2986804000,7,8,15
2992930081,7,0,7
2994113630,7,0,7
2994962277,7,0,7
2995787650,7,0,7
2997384886,7,0,7
2999505202,7,0,7
3000407727,7,0,7
3004249311,7,0,7
3004309720,7,0,7
3004382651,7,0,7
3010259259,7,0,7
3014054033,7,0,7
3014448796,7,2,9
3016416012,7,1,8
3020889368,7,0,7
3021174959,7,0,7
3022863392,7,0,7
3024166081,7,5,12
3027023392,7,0,7
3027604275,7,0,7
3035492152,7,0,7
3038941085,7,1,8
3038986434,7,1,8
3040296325,7,0,7
3040409948,7,0,7
3040856568,7,0,7
3042448767,7,0,7
3042702935,7,0,7
3042750562,7,0,7
3044128997,7,0,7
3051763684,7,1,8
3056018300,7,0,7
3057791967,7,0,7
3059050973,7,1,8
3059387009,7,0,7
3060159337,7,0,7
3060348890,7,0,7
3060758005,7,0,7
3065572659,7,0,7
3068472202,7,54,61
3071201530,7,0,7
3078107134,7,2,9
3083073922,7,3,10
3084161392,7,1,8
3084439047,7,0,7
3090113693,7,1,8
3091489739,7,2,9
3093511584,7,0,7
3096914552,7,67,74
3105603524,7,6,13
3119526652,7,0,7
3120922524,7,5,12
3121915096,7,1,8
3122128662,7,1,8
3131430309,7,0,7
3133380645,7,0,7
3133797870,7,0,7
3134165175,7,1,8
3136161212,7,87,94
3148592893,7,0,7
3152083559,7,0,7
3154227208,7,1,8
3159627277,7,1,8
3159816119,7,0,7
3162171480,7,0,7
3164144230,7,0,7
3170683876,7,5,12
3176658248,7,1,8
3182041184,7,0,7
3188180755,7,0,7
3192779056,7,5,12
3193595360,7,0,7
3198150924,7,0,7
3211657496,7,1,8
3213196667,7,0,7
3222717138,7,4,11
3222911665,7,0,7
3227688294,7,25,32
3231986094,7,0,7
3232145240,7,1,8
3234922088,7,0,7
3236656398,7,0,7
3236810235,7,28,35
3239076695,7,0,7
3248087792,7,0,7
3259730426,7,0,7
3261917738,7,0,7
3267427074,7,0,7
3269533770,7,0,7
3269622002,7,3,10
3270212306,7,4,11
3270298494,7,0,7
3272309898,7,1,8
3272326734,7,1,8
3273755190,7,0,7
3283283869,7,3,10
3284288924,7,0,7
3284742806,7,5,12
3286056938,7,4,11
3288414416,7,0,7
3289466815,7,1,8
3290999262,7,3,10
3291216657,7,2,9
3295525348,7,5,12
3296504227,7,0,7
3297436169,7,0,7
3298379798,7,0,7
3299552724,7,0,7
3300201601,7,0,7
3300693303,7,0,7
3301919021,7,0,7
3302457680,7,0,7
3305380733,7,20,27
3306265337,7,0,7
3306930701,7,13,20
3308358050,7,0,7
3308642848,7,0,7
3308823200,7,2,9
3309031944,7,0,7
3309860058,7,2,9
3311646990,7,1,8
3312099537,7,0,7
3313631888,7,1,8
3313909160,7,0,7
3316710096,7,1,8
3317469151,7,0,7
3318338381,7,0,7
3318938595,7,0,7
3321767747,7,0,7
3327155022,7,3,10
3327516764,7,0,7
3327669647,7,17,24
3331143699,7,0,7
3332440414,7,0,7
3343775427,7,0,7
3345338069,7,0,7
3345730905,7,0,7
3351771880,7,0,7
3357308483,7,0,7
3357675857,7,1,8
3361998159,7,0,7
3368465157,7,1,8
3373788733,7,0,7
3375642807,7,1,8
3377737594,7,0,7
3381917289,7,0,7
3383073681,7,0,7
3385777443,7,0,7
3386623683,7,0,7
3394684451,7,0,7
3397223379,7,0,7
3397496110,7,0,7
3398802739,7,0,7
3401644132,7,0,7
3402588155,7,0,7
3404327079,7,1,8
3404521804,7,0,7
3414012285,7,1,8
3415335543,7,0,7
3416835694,7,1,8
3430362195,7,0,7
3430409495,7,0,7
3431115425,7,2,9
3433809166,7,0,7
3435924995,7,0,7
3448760721,7,0,7
3469024872,7,3,10
3471479357,7,4,11
3482694026,7,4,11
3483594256,7,4,11
3483905425,7,3,10
3503796201,7,1,8
3514449075,7,0,7
3527084777,7,7,14
3538092137,7,4,11
3545121435,7,0,7
3550890192,7,7,14
3558809729,7,0,7
3589992012,7,0,7
3593482456,7,0,7
3599650933,7,1,8
3624602175,7,2,9
3628767612,7,1,8
3657104117,7,1,8
3664351934,7,3,10
3665724193,7,10,17
3670047675,7,0,7
3681953173,7,0,7
3683459113,7,0,7
3718728559,7,0,7
3720737542,7,0,7
3740503757,7,0,7
3745912636,7,66,73
3750533361,7,0,7
3782343266,7,1,8
3799035921,7,0,7
3801014895,7,36,43
3803091501,7,1,8
3810715034,7,4,11
3814121307,7,0,7
3817645456,7,0,7
3821644754,7,0,7
3830323994,7,1,8
3852740878,7,0,7
3866369175,7,15,22
3868063708,7,0,7
3872402481,7,1,8
3872646560,7,0,7
3875151073,7,0,7
3884090114,7,1,8
3887494753,7,2,9
3906972498,7,0,7
3919033400,7,6,13
3924348672,7,1,8
3925208006,7,1,8
3943251922,7,0,7
3950241573,7,0,7
3950516001,7,0,7
3951783989,7,0,7
3955187302,7,0,7
3958226056,7,2,9
3960609633,7,0,7
3963771312,7,2,9
3981570149,7,0,7
3982089225,7,1,8
4002652341,7,0,7
4008860718,7,0,7
4017384012,7,1,8
4020625456,7,0,7
4038669673,7,0,7
4041086125,7,0,7
4046483903,7,0,7
4053458907,7,2,9
4084354695,7,0,7
4091449162,7,0,7
4093256119,7,0,7
4109952964,7,0,7
4115731661,7,0,7
4115831833,7,2,9
4116450136,7,9,16
4122226696,7,2,9
4135891032,7,0,7
4147240349,7,0,7
4153328243,7,48,55
4161575414,7,2,9
4164011009,7,2,9
4167614357,7,0,7
4187517856,7,0,7
4204415937,7,1,8
4210571952,7,4,11
4213183510,7,0,7
4224750852,7,0,7
4229788579,7,1,8
4231094266,7,10,17
4257490754,7,2,9
4258198589,7,5,12
4258245558,7,0,7
4258967354,7,0,7
4261318354,7,0,7
4266369741,7,3,10
4267479933,7,0,7
4269055582,7,1,8
4308377177,7,0,7
4326412698,7,2,9
4343436995,7,0,7
4357505129,7,0,7
4375933455,7,2,9
4386946815,7,1,8
4393421353,7,0,7
4407674837,7,0,7
4413869352,7,0,7
4427241869,7,0,7
4429749799,7,2,9
4437332481,7,0,7
4438103968,7,0,7
4438433114,7,3,10
4438581616,7,0,7
4442033603,7,2,9
4445095872,7,0,7
4450469653,7,0,7
4458811812,7,0,7
4463373987,7,0,7
4495923140,7,13,20
4496896937,7,5,12
4497934582,7,0,7
4503945135,7,0,7
4514400132,7,6,13
4544833575,7,0,7
4582662142,7,1,8
4587580579,7,1,8
4636117632,7,0,7
4655883143,7,0,7
4680301292,7,0,7
4710127832,7,0,7
4714948245,7,0,7
4716926294,7,0,7
4721902968,7,0,7
4726490875,7,0,7
4734316675,7,0,7
4737929435,7,1,8
4738940242,7,0,7
4739835732,7,0,7
4743594736,7,4,11
4747605977,7,0,7
4749423633,7,1,8
4756845941,7,0,7
4758850158,7,0,7
4762753791,7,0,7
4767407978,7,0,7
4771163293,7,0,7
4786169464,7,0,7
4792927420,7,0,7
4793324255,7,0,7
4795071884,7,0,7
4800298641,7,0,7
4801252872,7,0,7
4801324256,7,0,7
4808073260,7,1,8
4808854410,7,0,7
4809896509,7,0,7
4813265001,7,1,8
4817619732,7,0,7
4818478331,7,0,7
4828075607,7,1,8
4828940837,7,3,10
4834028811,7,1,8
4836016694,7,0,7
4836029955,7,12,19
4846269563,7,1,8
4848238043,7,1,8
4850008078,7,1,8
4851440002,7,1,8
4852175914,7,0,7
4853271363,7,0,7
4854380759,7,0,7
4855205338,7,0,7
4857184993,7,0,7
4862519787,7,4,11
4865976394,7,0,7
4869444615,7,0,7
4870534929,7,10,17
4871587643,7,0,7
4872250858,7,0,7
4872876838,7,1,8
4875332397,7,1,8
4876340824,7,0,7
4880610373,7,2,9
4885736917,7,0,7
4888504663,7,1,8
4888990768,7,0,7
4889707168,7,0,7
4892787039,7,15,22
4896101705,7,0,7
4906877834,7,0,7
4907410733,7,0,7
4912871121,7,0,7
4917886486,7,0,7
4918785720,7,0,7
4919049318,7,0,7
695189064279027712,7,0,7
700525448577556480,7,1,8
700639034318548993,7,0,7
700848670766292992,7,0,7
701157348459413504,7,0,7
701196263241330688,7,2,9
701251180010283009,7,1,8
701540084076535808,7,0,7
701822634414047232,7,1,8
702006646084599808,7,13,20
702148272836759552,7,0,7
702156268954378240,7,1,8
702194360687824896,7,0,7
702231309150773248,7,0,7
702348235902353408,7,0,7
702519110974898177,7,0,7
702588529914695681,7,0,7
702812761781305344,7,2,9
703082196706447360,7,0,7
703249639479316480,7,0,7
703400380164612096,7,2,9
703756371146072064,7,1,8
704013627104210945,7,0,7
704696943771975681,7,253,260
705067481883348993,7,1,8
705078317280460800,7,0,7
705117240736288769,7,1,8
705138543610310656,7,1,8
705423740465590273,7,1,8
705427833351331841,7,0,7
705443103394562049,7,0,7
705502643758628866,7,0,7
705524104598851584,7,0,7
705579139680616448,7,0,7
705580629803540481,7,1,8
705610066339241984,7,1,8
705630175661150208,7,0,7
705737093805449216,7,0,7
705743213496119296,7,15,22
706194641809383424,7,0,7
706533977243279360,7,0,7
706622382723563520,7,0,7
706674998539255808,7,2,9
706863693104074753,7,0,7
707015054630080512,7,0,7
707045987546628096,7,1,8
707351627657707521,7,0,7
708708118809726978,7,0,7
708725843531411456,7,2,9
708769555326181377,7,0,7
710135834314342400,7,0,7
710240576717717505,7,2,9
710301458609078274,7,5,12
710651196734713858,7,0,7
710993793487601665,7,1,8
711002482504290304,7,0,7
711312037847158784,7,1,8
711364542304010241,7,2,9
711752522898264064,7,4,11
712329366152343553,7,0,7
712345301324009472,7,4,11
712399748905443329,7,5,12
712444988030726144,7,1,8
712642622066528256,7,0,7
712694359213236224,7,0,7
712851745072877568,7,0,7
713069851418308608,7,0,7
713098001963696128,7,0,7
713580211732754432,7,2,9
713723072738639872,7,1,8
713788311693697024,7,0,7
714206542187220992,7,1,8
714487717661376513,7,0,7
714703870912557056,7,9,16
714884791267516416,7,3,10
714917089371234304,7,0,7
714927424375545857,7,4,11
714978702761676800,7,13,20
715365952527970304,7,1,8
715620316228292611,7,10,17
715658771197005824,7,0,7
715706344632926208,7,1,8
715711001774190592,7,0,7
715743138527064065,7,2,9
715878240242507777,7,0,7
715930509969387520,7,0,7
715953311661182976,7,1,8
716803361991819264,7,0,7
716986733892481025,7,0,7
717083390596354048,7,0,7
717792174658699268,7,1,8
717815405478338560,7,1,8
718241485565648902,7,0,7
718596103378190336,7,0,7
718846872912314368,7,0,7
718941003843969025,7,7,14
719020858027741184,7,1,8
719277803967877120,7,0,7
719316394576363520,7,0,7
719605224114163712,7,0,7
720785742193012737,7,1,8
720933373246599168,7,0,7
721681375485632513,7,2,9
721806306290499586,7,0,7
722200442034204676,7,1,8
722724228693241856,7,1,8
723210204582666240,7,0,7
723579310007816192,7,1,8
724581304474304512,7,0,7
724600872232046592,7,1,8
725164077568270336,7,0,7
725463855439081472,7,0,7
725794474190864384,7,3,10
726575400458051584,7,0,7
727558548540956672,7,562,569
727651521102499840,7,1,8
727875272700248064,7,1,8
728132566541205504,7,1,8
728219153950183424,7,1,8
728251028756414466,7,0,7
728374967549595649,7,0,7
728984892655083521,7,0,7
729753787297058816,7,0,7
729854927476940800,7,0,7
729878414383927296,7,0,7
730055353765904384,7,1,8
730850601140113408,7,0,7
731103199159951361,7,0,7
731292058283974656,7,0,7
731294575915110400,7,2,9
732987079752351746,7,0,7
732992883884613632,7,0,7
733043567292088320,7,0,7
733441842516099072,7,0,7
733468077128441856,7,0,7
733765434231689216,7,0,7
733808069440741377,7,1,8
734110774180909057,7,0,7
734410006439677957,7,1,8
734722986008285184,7,3,10
734758263636385793,7,0,7
734820571335168001,7,0,7
735281623512580101,7,0,7
735283535326642177,7,0,7
735777086950887425,7,2,9
735940753919250433,7,2,9
736068814509461504,7,9,16
736246719898374144,7,0,7
736949670908289025,7,1,8
737202581437435904,7,0,7
737279962059771910,7,0,7
737287089163665408,7,0,7
737289465001975808,7,0,7
738064861821689858,7,1,8
738076293875433473,7,0,7
738486583725305857,7,3,10
738553865457410048,7,1,8
739091223110127616,7,89,96
739605094463836160,7,0,7
739901331515703296,7,0,7
740237364669341696,7,0,7
740395920743931904,7,0,7
740546296516202499,7,0,7
740742246140612608,7,0,7
741059146716348417,7,0,7
741647779789864960,7,7,14
742012558715031552,7,0,7
742147178936815616,7,0,7
742185599721869313,7,0,7
742311308662575104,7,1,8
742329806042304512,7,0,7
742394632659689472,7,0,7
742442228157714432,7,0,7
742449105688006656,7,1,8
742478429010829312,7,1,8
742480632249360385,7,0,7
743074169277939712,7,0,7
743147600220590080,7,3,10
743148896365518848,7,0,7
743196562734649345,7,0,7
743197414815830016,7,0,7
743519104024326144,7,3,10
743535776797843456,7,0,7
743573601920507905,7,1,8
743609583248281602,7,1,8
743954467884675074,7,0,7
744231688218238976,7,92,99
744238530679840768,7,0,7
744381432508878848,7,0,7
744610749650206720,7,0,7
744759044775239680,7,0,7
744768955517046784,7,0,7
744943438676668416,7,1,8
745256140150292480,7,1,8
745400149367730176,7,0,7
745466156287332358,7,0,7
745624076480315392,7,1,8
745723032904228864,7,1,8
745772065609900034,7,16,23
746083412721598464,7,1,8
746175774365982720,7,0,7
746437174736879616,7,0,7
746483342665617408,7,36,43
746782494108844036,7,0,7
747518686848655360,7,0,7
747529902560182272,7,0,7
747907412695392256,7,1,8
747926977001168896,7,0,7
748123384362450944,7,5,12
748175549382656000,7,1,8
748623607991963648,7,1,8
749047866283307013,7,21,28
749469287681658880,7,0,7
750355133830139904,7,2,9
750399805851963392,7,6,13
750583182391709696,7,2,9
750815945510137856,7,1,8
750910915608993794,7,0,7
751277313841520642,7,0,7
751297344608440320,7,0,7
751401187258294272,7,0,7
751502709652459521,7,0,7
751635173490380800,7,0,7
751910692446281728,7,0,7
752530853360574466,7,1,8
752592445800611840,7,1,8
752719852230549504,7,2,9
752752664962826240,7,0,7
753333467442741249,7,0,7
753960630650929152,7,0,7
753998504272551936,7,0,7
754013387965734912,7,0,7
754322414478233600,7,0,7
754381785543303168,7,0,7
754778624834711552,7,1,8
755016461350035458,7,1,8
755182677414862848,7,1,8
755190776275972097,7,0,7
755220990301528064,7,0,7
755469501253218304,7,0,7
755535709868466176,7,19,26
755794339746291713,7,3,10
755907802795745280,7,1,8
756042863650172929,7,0,7
756259868508651520,7,0,7
756538263830089728,7,0,7
756905394266640384,7,0,7
756985961473376256,7,0,7
757228772227624960,7,1,8
757401635509252097,7,3,10
757415218657976321,7,0,7
757619525747609600,7,0,7
757621790705319938,7,2,9
757725552899796993,7,0,7
757769458136051717,7,2,9
757859959669338112,7,2,9
757943881103134720,7,0,7
757993586495516672,7,2,9
758082936113541124,7,0,7
758313246105473025,7,0,7
758398764520394753,7,0,7
758630424167927808,7,1,8
758684206704713728,7,0,7
758686985259216897,7,1,8
758700830165827584,7,2,9
758701426365243392,7,1,8
758731158767083525,7,0,7
758756215111442432,7,0,7
758996842176622593,7,0,7
759010948506005504,7,0,7
759224294413111297,7,1,8
759438019506085888,7,0,7
759683211194667008,7,0,7
759860403841019904,7,0,7
759878156404727813,7,3,10
760105693286248448,7,16,23
760170060073803776,7,1,8
760502819644403712,7,9,16
760900319337324545,7,0,7
760964210306064386,7,0,7
761050518839898112,7,0,7
761426581554335744,7,0,7
761488158492069888,7,0,7
761500176179539969,7,0,7
761591783864303616,7,0,7
761892950821380096,7,0,7
762426101788319744,7,0,7
762749991446282240,7,0,7
762986588947316738,7,0,7
763414489978970112,7,1,8
763471585604956160,7,1,8
763496537624350724,7,1,8
763548377036402689,7,0,7
763551323203641344,7,0,7
763551666176008194,7,2,9
763572319172300800,7,2,9
763741243578970113,7,0,7
763836004411113472,7,3,10
763868018661138432,7,0,7
763895272854421504,7,0,7
764199968416657408,7,0,7
764628445359923200,7,0,7
764673117331468288,7,0,7
764810915850100736,7,1,8
764905443248345088,7,0,7
764919222430474240,7,0,7
764978457193349120,7,0,7
765042800953925633,7,3,10
765212461179899904,7,0,7
765235251828420608,7,0,7
765557004211544064,7,3,10
765592272524156928,7,1,8
765694429030182916,7,0,7
765914444073500672,7,0,7
765951847521812480,7,0,7
766369801782566912,7,0,7
766385061704953856,7,0,7
766616568159580160,7,0,7
766708676740669440,7,0,7
767951474621939712,7,0,7
768110571174539264,7,0,7
769165744076652545,7,0,7
769435907116204032,7,2,9
769462822690586624,7,4,11
769891410090733568,7,0,7
769955679217999873,7,0,7
770677975176011776,7,0,7
770705484701503492,7,0,7
770742272245858304,7,0,7
770817554243727364,7,1,8
770938152009674752,7,8,15
771155008385449984,7,0,7
771554620669689856,7,0,7
771703909085741056,7,2,9
771718507537035265,7,0,7
772071675714076672,7,1,8
772231345737199616,7,0,7
772651829565923328,7,2,9
772910889469108224,7,1,8
773310770587197440,7,0,7
773947672852045824,7,1,8
774772399036178432,7,1,8
775011145836924929,7,0,7
775722694008451073,7,0,7
775743793811161088,7,0,7
776029181536772096,7,37,44
776055243260002304,7,0,7
776122362475507712,7,0,7
776275185724981248,7,0,7
776557407736659968,7,0,7
776808204290228225,7,1,8
776925523846963200,7,0,7
777007118520053760,7,0,7
777272981563150336,7,1,8
777316956483432448,7,0,7
777658239425077249,7,1,8
778252985868648449,7,1,8
778306734972600320,7,2,9
778472879683801088,7,1,8
778699257880600577,7,1,8
778703812563341312,7,0,7
778987282078498818,7,0,7
779017766934372352,7,0,7
779052911024308224,7,0,7
779171932566491136,7,0,7
779429817892515840,7,0,7
780045005209600000,7,2,9
780494377793622016,7,0,7
780559417414561792,7,26,33
780619647787737088,7,0,7
781133248894238721,7,0,7
781157432546308096,7,0,7
781226569494728704,7,0,7
781242128986804224,7,0,7
781609549006594049,7,0,7
781685703209988096,7,0,7
782101432602390528,7,0,7
782278385812799488,7,0,7
782296392635125760,7,0,7
782364385410940930,7,1,8
782377401955287040,7,1,8
782745632834326528,7,1,8
783356227531051009,7,1,8
783530054865285120,7,0,7
783646666800766976,7,0,7
784128616691105795,7,1,8
784555723065786368,7,0,7
784581198131630080,7,0,7
784719160169361408,7,1,8
784821206855942144,7,2,9
784879647947362304,7,0,7
784888707845197824,7,0,7
785300559960150016,7,1,8
785487018843340800,7,0,7
785497593606443008,7,0,7
785580563260329984,7,0,7
785628277029253121,7,0,7
785819215789953025,7,0,7
785842181395406848,7,0,7
785875506042286080,7,2,9
785932247723487232,7,0,7
786030422060707840,7,1,8
786049928749514752,7,0,7
786305437624733696,7,0,7
786413210844798976,7,0,7
786426405680652288,7,0,7
786552496135077888,7,0,7
786664602306240512,7,0,7
786721753041104896,7,0,7
786873325897158657,7,0,7
786947749879115776,7,1,8
786988764472107008,7,0,7
787073845874331648,7,1,8
787158357236916224,7,3,10
787461311785476096,7,1,8
787729086613381121,7,1,8
787738757302587392,7,0,7
787760918448922625,7,0,7
787855120558006273,7,0,7
787876856628441088,7,0,7
788083007416569856,7,0,7
788127215611355136,7,1,8
788204905861226496,7,0,7
788393178470621185,7,0,7
788498134359945217,7,2,9
788500118324469760,7,1,8
789099211421732866,7,0,7
789238828473081856,7,0,7
789290299583496193,7,1,8
789891312308805632,7,0,7
790104521452249088,7,2,9
790145113792061440,7,0,7
790351474584907776,7,1,8
790628264515690496,7,0,7
790750287287889920,7,2,9
790766006511792128,7,0,7
791088683302649857,7,0,7
791327005325262849,7,3,10
791470907575312384,7,0,7
791695854516207616,7,0,7
791798669573894145,7,0,7
792452281769791488,7,0,7
792458542875828224,7,0,7
792552378163720192,7,0,7
793142356807675904,7,3,10
793452003141844996,7,0,7
793531053902356482,7,0,7
793533253084852224,7,0,7
793566084360118273,7,0,7
794077393166225408,7,0,7
794341687724081153,7,0,7
794428999250231296,7,1,8
794479019399880704,7,0,7
795383491689123840,7,0,7
795389396308660226,7,1,8
795544278164324353,7,0,7
795642092840099840,7,0,7
795660598927298560,7,0,7
796556417880571904,7,0,7
796741633136017409,7,0,7
797110391092482049,7,0,7
797465643700420608,7,1,8
797916499021365248,7,0,7
798128143643144192,7,0,7
798440202628894720,7,1,8
798648941571022848,7,0,7
801039573648310272,7,0,7
802690672285417472,7,4,11
809784046712541184,7,1,8
69053,6,24,30
1449561,6,8,14
3497941,6,33,39
4333991,6,1,7
6077902,6,97,103
6279782,6,1,7
7595102,6,2,8
7771842,6,41,47
8151532,6,15,21
8287732,6,17,23
11486082,6,0,6
12032542,6,3,9
12577172,6,1,7
13171062,6,4,10
13195232,6,2,8
13658162,6,3,9
14053295,6,2,8
14102373,6,0,6
14102928,6,7,13
14191306,6,0,6
14196647,6,0,6
14229634,6,6,12
14365764,6,1,7
14370179,6,3,9
14427575,6,2,8
14448017,6,0,6
14574167,6,15,21
14577753,6,0,6
14706648,6,4,10
14753225,6,52,58
14783447,6,46,52
14817209,6,0,6
14828860,6,0,6
14852411,6,2,8
15030136,6,10,16
15053754,6,4,10
15062989,6,1,7
15067424,6,18,24
15248905,6,5,11
15249218,6,84,90
15297995,6,1,7
15299119,6,53,59
15322216,6,0,6
15386144,6,2,8
15387187,6,0,6
15411535,6,14,20
15504778,6,0,6
15642796,6,1,7
15653159,6,0,6
15662838,6,27,33
15815757,6,1,7
15891553,6,0,6
15964558,6,0,6
15975878,6,1,7
16056461,6,0,6
16122052,6,2,8
16207644,6,15,21
16223021,6,14,20
16249929,6,0,6
16270415,6,22,28
16311305,6,0,6
16337707,6,5,11
16362151,6,55,61
16396215,6,2,8
16399202,6,29,35
16468234,6,0,6
16484806,6,0,6
16488199,6,0,6
16547438,6,0,6
16613367,6,0,6
16701918,6,0,6
16707176,6,0,6
16803787,6,1,7
16819762,6,6,12
16825062,6,0,6
16842538,6,9,15
16944777,6,1,7
16978119,6,25,31
17012605,6,28,34
17054728,6,9,15
17068737,6,0,6
17097703,6,39,45
17111029,6,2,8
17133044,6,9,15
17148521,6,12,18
17166612,6,0,6
17216103,6,0,6
17220917,6,3,9
17250722,6,3,9
17349277,6,5,11
17350532,6,6,12
17481417,6,20,26
17576951,6,2,8
17586312,6,18,24
17665654,6,4,10
17689892,6,1,7
17695105,6,1,7
17792906,6,0,6
17795057,6,8,14
17899442,6,4,10
17975333,6,1,7
18025987,6,0,6
18119606,6,1,7
18220712,6,1,7
18225323,6,13,19
18294448,6,7,13
18294521,6,15,21
18309180,6,0,6
18316855,6,0,6
18337695,6,0,6
18350235,6,3,9
18416448,6,0,6
18451261,6,1,7
18457466,6,29,35
18511475,6,31,37
18611224,6,0,6
18694200,6,0,6
18796865,6,0,6
18892022,6,0,6
18965007,6,23,29
19013011,6,11,17
19051617,6,9,15
19077055,6,0,6
19077091,6,6,12
19080346,6,1,7
19121657,6,0,6
19203031,6,0,6
19209094,6,0,6
19219879,6,0,6
19231532,6,0,6
19253863,6,36,42
19295547,6,0,6
19333349,6,2,8
19374521,6,0,6
19395615,6,1,7
19398213,6,0,6
19400611,6,0,6
19489355,6,28,34
19531467,6,0,6
19563077,6,12,18
19574238,6,0,6
19697314,6,2,8
19709708,6,1,7
19751197,6,1,7
19817448,6,14,20
19837512,6,2,8
19895040,6,16,22
19934859,6,0,6
19942538,6,0,6
19943761,6,18,24
19946542,6,0,6
20148396,6,23,29
20204796,6,0,6
20255622,6,14,20
20278903,6,3,9
20354921,6,1,7
20391743,6,0,6
20655790,6,6,12
20710399,6,0,6
20738289,6,0,6
20752820,6,1,7
20836777,6,0,6
20863911,6,0,6
20991011,6,5,11
21045444,6,0,6
21183809,6,1,7
21211364,6,2,8
21237646,6,1,7
21268897,6,11,17
21422820,6,0,6
21467204,6,1,7
21469302,6,31,37
21686067,6,91,97
21717987,6,14,20
21726566,6,0,6
21760124,6,2,8
21814880,6,0,6
21856040,6,0,6
21863356,6,14,20
21880592,6,0,6
21940632,6,2,8
22005584,6,1,7
22005820,6,0,6
22027142,6,13,19
22058266,6,13,19
22107458,6,18,24
22148948,6,0,6
22181462,6,112,118
22228084,6,0,6
22261236,6,0,6
22290858,6,0,6
22311333,6,37,43
22666911,6,4,10
22673377,6,1,7
22840485,6,1,7
22847287,6,24,30
22877015,6,0,6
22891214,6,2,8
22933688,6,1,7
23021900,6,0,6
23083825,6,0,6
23110912,6,108,114
23150206,6,1,7
23229372,6,0,6
23328623,6,55,61
23355352,6,0,6
23427357,6,0,6
23458411,6,4,10
23484056,6,0,6
23486935,6,0,6
23569623,6,0,6
23700363,6,2,8
23817298,6,35,41
23831960,6,0,6
23928356,6,1,7
24004269,6,0,6
24010123,6,0,6
24045240,6,7,13
24128316,6,0,6
24295385,6,1,7
24379982,6,12,18
24390141,6,0,6
24452734,6,0,6
24495486,6,0,6
24515183,6,0,6
24579609,6,2,8
24595339,6,0,6
24642738,6,1,7
24727332,6,0,6
24733117,6,21,27
24808612,6,0,6
24822337,6,0,6
24889469,6,1,7
24996956,6,6,12
25002819,6,1,7
25029390,6,1,7
25099598,6,0,6
25192604,6,24,30
25296022,6,0,6
25371773,6,0,6
25613935,6,0,6
25692218,6,1,7
25706893,6,0,6
25809567,6,2,8
25858467,6,0,6
26034902,6,3,9
26287372,6,1,7
26520948,6,0,6
26527588,6,7,13
26657087,6,0,6
26776983,6,2,8
26802372,6,0,6
26991134,6,0,6
27324239,6,59,65
27326967,6,0,6
27466261,6,0,6
27544596,6,0,6
27578677,6,6,12
27669037,6,1,7
27780594,6,0,6
27810469,6,2,8
27821873,6,1,7
27826793,6,0,6
28012012,6,0,6
28107703,6,1,7
28341907,6,10,16
28409355,6,0,6
28639249,6,1,7
28674574,6,180,186
28802779,6,0,6
28986976,6,1,7
29045086,6,4,10
29209753,6,2,8
29473578,6,1,7
29616662,6,0,6
29930923,6,2,8
30012714,6,0,6
30292304,6,0,6
30292405,6,0,6
30410258,6,0,6
30481580,6,0,6
30500021,6,1,7
30649200,6,16,22
30747067,6,10,16
30752083,6,0,6
30779468,6,56,62
30790364,6,15,21
30929482,6,1,7
31132063,6,0,6
31179339,6,1,7
31424763,6,0,6
31461970,6,3,9
31649027,6,10,16
31740268,6,0,6
32061490,6,0,6
32089224,6,0,6
32258396,6,0,6
32440998,6,0,6
32531047,6,0,6
32748656,6,0,6
32914948,6,0,6
33101173,6,1,7
33111928,6,0,6
33247227,6,0,6
33264868,6,0,6
33488701,6,0,6
33537161,6,14,20
33615866,6,0,6
33623630,6,42,48
33624065,6,0,6
33728712,6,6,12
33750834,6,2,8
33753767,6,5,11
33853671,6,2,8
33930094,6,0,6
33987859,6,0,6
34125720,6,14,20
34281620,6,2,8
34348169,6,2,8
34349003,6,45,51
34412254,6,0,6
34489982,6,1,7
34552075,6,0,6
34592908,6,13,19
34997867,6,24,30
35278935,6,0,6
35372757,6,0,6
35604261,6,1,7
35612648,6,0,6
35764859,6,1,7
36210200,6,2,8
36237382,6,3,9
36269259,6,1,7
36289615,6,2,8
36515827,6,0,6
36684945,6,1,7
36699129,6,5,11
36748631,6,0,6
36779549,6,0,6
36820241,6,2,8
36928132,6,1,7
36940614,6,5,11
37096107,6,30,36
37191162,6,0,6
37211825,6,0,6
37236440,6,0,6
37260576,6,5,11
37418509,6,0,6
37431818,6,1,7
37440873,6,1,7
38126883,6,0,6
38260036,6,0,6
38519201,6,5,11
38549586,6,0,6
38748818,6,5,11
38864480,6,3,9
38977584,6,0,6
39076082,6,15,21
39211740,6,2,8
39246283,6,1,7
39573043,6,2,8
39683274,6,0,6
39871064,6,1,7
40074518,6,45,51
40271429,6,0,6
40279733,6,0,6
40396683,6,0,6
40477520,6,48,54
40600816,6,0,6
40695950,6,4,10
41356810,6,1,7
41447962,6,0,6
41691959,6,4,10
41927599,6,0,6
42232039,6,1,7
42315260,6,1,7
42974503,6,3,9
43053129,6,31,37
43119145,6,0,6
43152023,6,1,7
43231323,6,0,6
43239333,6,0,6
43382550,6,3,9
43819393,6,0,6
44112963,6,0,6
44702959,6,0,6
45032017,6,2,8
45041081,6,0,6
45233046,6,26,32
45633179,6,0,6
45644706,6,0,6
45749147,6,0,6
45925811,6,0,6
46085567,6,0,6
46376593,6,0,6
46539376,6,0,6
46852552,6,0,6
47011988,6,0,6
47093978,6,1,7
47452654,6,0,6
47626121,6,2,8
47882905,6,10,16
47934424,6,0,6
47997201,6,0,6
48017429,6,1,7
48183195,6,0,6
48239661,6,0,6
48339146,6,0,6
48394719,6,1,7
48496289,6,1,7
48564648,6,33,39
48797677,6,0,6
48997761,6,3,9
49038739,6,3,9
49118459,6,0,6
49367983,6,19,25
49430686,6,3,9
49556816,6,0,6
49814852,6,0,6
50131622,6,3,9
50188609,6,1,7
50257835,6,0,6
50477332,6,6,12
50514258,6,0,6
50949619,6,0,6
51136644,6,1,7
51157916,6,0,6
51187153,6,5,11
51371811,6,11,17
51447410,6,0,6
51936011,6,0,6
52025980,6,1,7
52228687,6,0,6
53106230,6,1,7
53179643,6,15,21
53211626,6,0,6
53435162,6,0,6
53440929,6,0,6
53504193,6,0,6
53951753,6,0,6
54014410,6,0,6
54014477,6,2,8
54042845,6,2,8
54206244,6,0,6
54462456,6,0,6
54534131,6,3,9
54603216,6,0,6
54720532,6,0,6
54783435,6,0,6
54950188,6,2,8
54986313,6,1,7
55520486,6,1,7
55633057,6,3,9
55652140,6,0,6
55686670,6,0,6
55826665,6,0,6
56591875,6,0,6
57023662,6,0,6
57371132,6,1,7
57672544,6,0,6
57739910,6,0,6
57912099,6,0,6
58390897,6,0,6
58957403,6,0,6
59073766,6,0,6
59209789,6,4,10
59636925,6,0,6
59781077,6,1,7
60342790,6,13,19
60610778,6,5,11
61104689,6,125,131
61914451,6,0,6
62051547,6,0,6
62136005,6,1,7
62298650,6,8,14
62323651,6,0,6
62446765,6,0,6
62542798,6,0,6
63658695,6,15,21
64403326,6,1,7
64513376,6,0,6
64542883,6,0,6
64739377,6,0,6
65193537,6,0,6
65260323,6,0,6
65534226,6,1,7
66283629,6,3,9
66441154,6,0,6
66483891,6,16,22
66494916,6,2,8
66773997,6,0,6
66878080,6,1,7
67040807,6,0,6
67919206,6,1,7
67971437,6,10,16
68213467,6,0,6
68562978,6,2,8
69004966,6,3,9
69134992,6,0,6
69717706,6,1,7
69738655,6,50,56
69780054,6,0,6
70041065,6,0,6
70429910,6,0,6
72034723,6,0,6
72060437,6,0,6
72494167,6,0,6
72610586,6,4,10
72863939,6,13,19
72898305,6,0,6
73044997,6,1,7
73078007,6,10,16
73237049,6,9,15
73975685,6,61,67
74488943,6,0,6
74749913,6,0,6
74826397,6,0,6
75081208,6,0,6
75871138,6,0,6
76058560,6,97,103
76345188,6,0,6
76538013,6,0,6
76661006,6,0,6
76986079,6,0,6
77645553,6,0,6
78262251,6,0,6
79549861,6,0,6
79589121,6,0,6
80428736,6,3,9
81554358,6,0,6
82275729,6,22,28
82868977,6,0,6
83515875,6,0,6
83702653,6,1,7
83949216,6,3,9
83968457,6,0,6
84018137,6,0,6
84190965,6,0,6
84722818,6,0,6
87101015,6,0,6
87229567,6,0,6
87499919,6,3,9
87849193,6,13,19
87967321,6,6,12
88264553,6,0,6
88273330,6,0,6
88604586,6,0,6
89112050,6,2,8
89364475,6,15,21
89850730,6,6,12
90669853,6,2,8
91133629,6,0,6
91634855,6,1,7
92435670,6,0,6
92803398,6,0,6
93286075,6,0,6
93587029,6,0,6
94131966,6,0,6
94212396,6,13,19
95939629,6,4,10
96138456,6,0,6
97405527,6,0,6
97868717,6,0,6
97931198,6,2,8
97933154,6,1,7
98583506,6,0,6
99149095,6,3,9
99720491,6,0,6
99823810,6,0,6
101321843,6,0,6
101573308,6,0,6
102237770,6,0,6
102978397,6,0,6
103049418,6,0,6
103994967,6,29,35
104116845,6,0,6
104262369,6,0,6
104544884,6,0,6
104561886,6,0,6
104874562,6,0,6
105358565,6,0,6
105377391,6,0,6
105680489,6,0,6
105920014,6,0,6
105964440,6,6,12
106104546,6,6,12
106195892,6,1,7
106248926,6,0,6
106890006,6,0,6
106900770,6,2,8
108085194,6,1,7
110199174,6,3,9
110646821,6,3,9
111490382,6,0,6
111568576,6,0,6
112959224,6,3,9
113641925,6,0,6
114006333,6,0,6
114048973,6,1,7
114154403,6,1,7
114974578,6,22,28
116587844,6,0,6
116743844,6,0,6
117341432,6,0,6
117647857,6,1,7
118068803,6,1,7
119758837,6,16,22
120115609,6,0,6
120191448,6,0,6
120579465,6,0,6
121513732,6,10,16
121652814,6,1,7
121901360,6,3,9
122166583,6,19,25
122189801,6,1,7
122975962,6,0,6
124230952,6,0,6
124607045,6,1,7
125025286,6,0,6
125248467,6,0,6
125381769,6,0,6
125534451,6,0,6
126372081,6,1,7
126745745,6,0,6
128061736,6,1,7
128306173,6,3,9
128477145,6,8,14
130266752,6,0,6
130418036,6,4,10
130691970,6,0,6
132270763,6,0,6
132902241,6,0,6
132964988,6,6,12
133793052,6,0,6
134383955,6,0,6
134689218,6,0,6
135049803,6,1,7
135449226,6,0,6
137403286,6,0,6
137890563,6,0,6
138446038,6,0,6
138490162,6,30,36
138952668,6,0,6
140175363,6,0,6
140307744,6,18,24
142833722,6,0,6
144389150,6,0,6
145341828,6,21,27
145513817,6,0,6
146016779,6,0,6
147355294,6,13,19
147499862,6,0,6
149213160,6,7,13
149664270,6,2,8
149751818,6,40,46
151713018,6,0,6
151843971,6,1,7
152569541,6,0,6
153004283,6,1,7
153262729,6,0,6
153825032,6,0,6
154196061,6,3,9
154545301,6,23,29
155701609,6,0,6
156321706,6,1,7
156336757,6,21,27
157238861,6,1,7
159038849,6,3,9
160009840,6,0,6
161003217,6,33,39
161011548,6,0,6
161186369,6,0,6
163426868,6,2,8
163870394,6,0,6
163995557,6,0,6
165261930,6,0,6
168204498,6,0,6
168230704,6,0,6
169209651,6,0,6
170006305,6,0,6
171531300,6,0,6
171588704,6,3,9
172399836,6,2,8
172487174,6,2,8
174052742,6,0,6
174872379,6,2,8
175083721,6,3,9
175514044,6,1,7
175644368,6,1,7
176149181,6,0,6
176549658,6,0,6
176870725,6,0,6
177780504,6,0,6
178466143,6,0,6
178947924,6,3,9
180242950,6,1,7
180986676,6,0,6
181634028,6,1,7
181771478,6,0,6
181851035,6,1,7
182093171,6,0,6
182476548,6,0,6
183589792,6,0,6
184435449,6,0,6
185320965,6,0,6
185906955,6,0,6
186157893,6,0,6
186166954,6,0,6
187425654,6,0,6
187502162,6,0,6
188369322,6,0,6
189366606,6,2,8
189780259,6,0,6
190357821,6,1,7
190587696,6,2,8
190689139,6,0,6
190935308,6,31,37
191521095,6,0,6
192324533,6,21,27
192640325,6,0,6
193325357,6,3,9
193475541,6,0,6
194417027,6,0,6
194815344,6,0,6
195514577,6,0,6
195563856,6,0,6
195657096,6,0,6
196662794,6,0,6
196748746,6,0,6
197181270,6,5,11
199310931,6,3,9
201811300,6,2,8
203753634,6,2,8
204662121,6,14,20
205249120,6,0,6
206325286,6,5,11
206923011,6,10,16
209794571,6,0,6
210050479,6,2,8
211181482,6,119,125
211955738,6,11,17
212573765,6,8,14
212754397,6,23,29
213518581,6,16,22
213682009,6,2,8
214886907,6,1,7
215026196,6,0,6
215058742,6,0,6
215150384,6,0,6
215503199,6,0,6
215589480,6,0,6
215646013,6,12,18
216234848,6,0,6
216763293,6,0,6
216770668,6,2,8
218205069,6,3,9
218443089,6,0,6
219182056,6,4,10
219263886,6,0,6
220051988,6,1,7
220097700,6,0,6
221390502,6,8,14
222412674,6,38,44
222519463,6,3,9
223638661,6,0,6
224263426,6,1,7
224893073,6,0,6
225838288,6,22,28
225859704,6,0,6
226168436,6,0,6
226391655,6,3,9
226761958,6,0,6
227259371,6,10,16
228818282,6,1,7
228913555,6,0,6
230150934,6,0,6
230819862,6,0,6
231923744,6,1,7
232036070,6,2,8
232321266,6,1,7
232402717,6,31,37
232588151,6,0,6
232669813,6,0,6
232733016,6,1,7
233358415,6,2,8
234200138,6,16,22
234626585,6,19,25
236149457,6,90,96
236756261,6,4,10
237139744,6,10,16
237658796,6,1,7
237993089,6,0,6
238644975,6,0,6
239388228,6,7,13
239576814,6,0,6
240974899,6,0,6
242138896,6,0,6
243243488,6,10,16
244014354,6,0,6
244574766,6,0,6
244722043,6,7,13
245507232,6,0,6
245942173,6,9,15
246048840,6,2,8
246153081,6,0,6
246423260,6,4,10
246667561,6,36,42
247803955,6,9,15
248000309,6,0,6
248878561,6,1,7
249275835,6,0,6
249945898,6,0,6
250322730,6,0,6
250430348,6,1,7
251037574,6,0,6
251646064,6,1,7
252084830,6,0,6
252833857,6,1,7
253077983,6,0,6
253382876,6,1,7
253607208,6,2,8
254781783,6,0,6
255159367,6,1,7
255571311,6,0,6
256163301,6,13,19
256216363,6,0,6
256372407,6,28,34
258781956,6,0,6
259873237,6,0,6
260299303,6,1,7
260503264,6,57,63
260795721,6,0,6
261362196,6,0,6
261400644,6,1,7
262312552,6,18,24
263434639,6,0,6
264385247,6,1,7
265721475,6,2,8
266909396,6,0,6
266912064,6,1,7
267381802,6,2,8
268140777,6,0,6
268743244,6,0,6
269200179,6,9,15
269744627,6,0,6
269954424,6,0,6
270441409,6,2,8
270697767,6,1,7
271771151,6,1,7
271989352,6,30,36
272549918,6,0,6
273205901,6,0,6
273246585,6,0,6
273657605,6,10,16
273684365,6,0,6
273735213,6,0,6
274017531,6,1,7
274611131,6,0,6
275276082,6,3,9
276108093,6,1,7
276298255,6,0,6
276724563,6,20,26
277337287,6,0,6
277613279,6,8,14
278318107,6,0,6
278359239,6,13,19
279172859,6,1,7
280800861,6,18,24
281031676,6,0,6
282263560,6,0,6
282265521,6,3,9
282817405,6,0,6
282829547,6,0,6
283054439,6,0,6
283114520,6,9,15
284719838,6,0,6
286947618,6,1,7
287278417,6,0,6
288056375,6,0,6
288634636,6,2,8
289400665,6,0,6
290102068,6,0,6
290990507,6,1,7
291072432,6,0,6
291199456,6,25,31
291230982,6,0,6
291996706,6,0,6
292083077,6,1,7
292754731,6,0,6
294656386,6,1,7
296003603,6,0,6
296241587,6,0,6
296532264,6,0,6
297047518,6,0,6
298313998,6,0,6
299297163,6,0,6
301219601,6,0,6
301475627,6,0,6
301623008,6,0,6
301791092,6,32,38
302180236,6,0,6
302299237,6,0,6
302439427,6,1,7
303167451,6,0,6
303356447,6,0,6
303476652,6,0,6
303642405,6,0,6
303827284,6,3,9
303918175,6,2,8
304691522,6,0,6
305274389,6,0,6
305543581,6,0,6
305909204,6,2,8
306512388,6,2,8
306944989,6,0,6
307741015,6,2,8
308590376,6,1,7
308638169,6,0,6
310729330,6,0,6
312406512,6,0,6
314196144,6,3,9
314226855,6,7,13
314691208,6,1,7
315083177,6,1,7
315690250,6,6,12
317229614,6,0,6
317601093,6,0,6
317881711,6,4,10
319337461,6,8,14
319439039,6,0,6
320848710,6,1,7
321594219,6,0,6
321822652,6,0,6
322959754,6,1,7
323369624,6,0,6
325063090,6,1,7
325769197,6,1,7
326293048,6,0,6
327321956,6,1,7
327355497,6,53,59
328422264,6,0,6
328838694,6,3,9
329180052,6,0,6
329431472,6,0,6
330033770,6,1,7
330569250,6,0,6
330616131,6,0,6
330681561,6,0,6
330721585,6,0,6
331050938,6,0,6
331289704,6,7,13
331304772,6,0,6
331775975,6,4,10
333014276,6,25,31
333186564,6,3,9
335362428,6,0,6
335613205,6,0,6
335677881,6,0,6
336818917,6,0,6
337958622,6,0,6
338347222,6,0,6
339674225,6,0,6
339699758,6,0,6
339838574,6,16,22
342255534,6,0,6
342394431,6,0,6
342458078,6,1,7
343390299,6,0,6
343672955,6,1,7
344072386,6,1,7
344133845,6,1,7
344196495,6,0,6
344233703,6,37,43
344383681,6,0,6
344918904,6,10,16
345049085,6,0,6
345180053,6,61,67
345538615,6,0,6
346868284,6,1,7
347229647,6,0,6
347703656,6,1,7
349291227,6,0,6
349314373,6,5,11
349344890,6,43,49
350129163,6,22,28
350398451,6,6,12
351040999,6,0,6
351141135,6,1,7
352125063,6,0,6
352388140,6,0,6
352508648,6,2,8
353351870,6,12,18
353359252,6,0,6
354617828,6,0,6
355217453,6,0,6
355697007,6,1,7
356847295,6,0,6
356858959,6,0,6
357076444,6,0,6
358785860,6,0,6
360016165,6,2,8
361022019,6,3,9
361306731,6,0,6
362550965,6,0,6
363456796,6,0,6
363712042,6,0,6
364334974,6,0,6
365739444,6,1,7
366673218,6,0,6
367582828,6,9,15
368618040,6,2,8
368945386,6,5,11
370351785,6,0,6
370826309,6,0,6
371165147,6,0,6
372440581,6,14,20
372465726,6,0,6
372867045,6,0,6
373185614,6,0,6
373522722,6,2,8
373673020,6,0,6
373710222,6,3,9
374181571,6,0,6
375447114,6,2,8
375932471,6,0,6
377027403,6,0,6
377065188,6,0,6
377634498,6,0,6
379047199,6,3,9
379787022,6,0,6
380417273,6,6,12
380451775,6,10,16
381142628,6,1,7
381489867,6,1,7
382209977,6,1,7
382395639,6,0,6
383213541,6,6,12
383337252,6,0,6
383525184,6,7,13
383903519,6,0,6
385075023,6,0,6
385622896,6,0,6
386298884,6,0,6
386542585,6,0,6
388415296,6,0,6
389263294,6,1,7
389848242,6,3,9
390082951,6,0,6
391403694,6,10,16
391840092,6,0,6
392102944,6,0,6
392234219,6,0,6
392941893,6,0,6
393601610,6,1,7
393847941,6,0,6
394245906,6,22,28
394375039,6,6,12
396710161,6,0,6
397446441,6,2,8
398222303,6,0,6
398940457,6,0,6
399819844,6,0,6
400230612,6,0,6
400280176,6,0,6
401585816,6,0,6
401989905,6,1,7
402055639,6,1,7
404315612,6,0,6
404324317,6,15,21
404839668,6,0,6
405675397,6,16,22
406510148,6,1,7
406619360,6,0,6
406665273,6,4,10
408374960,6,3,9
408763466,6,33,39
409053479,6,0,6
409652618,6,2,8
409867690,6,0,6
410728583,6,0,6
412998763,6,13,19
413344125,6,1,7
413367727,6,8,14
414161049,6,42,48
415579676,6,0,6
416099442,6,0,6
418400448,6,0,6
419187881,6,8,14
419308018,6,0,6
419778202,6,0,6
421964324,6,0,6
422894799,6,0,6
423902789,6,0,6
423966649,6,0,6
424868194,6,0,6
425528043,6,0,6
426292948,6,0,6
426297408,6,1,7
426774984,6,7,13
426863240,6,0,6
427800838,6,0,6
427865020,6,3,9
428204972,6,0,6
430080506,6,0,6
431300607,6,0,6
431677460,6,0,6
431834882,6,1,7
433098000,6,0,6
433320862,6,0,6
434516840,6,0,6
435865949,6,0,6
435963262,6,0,6
436882098,6,0,6
436910555,6,0,6
437086729,6,14,20
437252658,6,0,6
438002000,6,0,6
438862457,6,0,6
439003566,6,0,6
439122244,6,1,7
439804226,6,5,11
440522965,6,2,8
440532056,6,6,12
441503310,6,1,7
442331062,6,0,6
442974101,6,0,6
443517511,6,0,6
445127239,6,2,8
448203900,6,124,130
448866261,6,12,18
450011933,6,0,6
450555112,6,0,6
451384533,6,0,6
451819108,6,90,96
452567693,6,0,6
454900582,6,8,14
455309667,6,0,6
455757470,6,1,7
456316969,6,0,6
457141210,6,0,6
457784381,6,6,12
459561926,6,0,6
459830470,6,0,6
460788157,6,0,6
460803811,6,0,6
461506717,6,0,6
463019162,6,4,10
463890311,6,1,7
464239813,6,0,6
465003334,6,0,6
465072832,6,1,7
465171421,6,5,11
466045154,6,0,6
466063843,6,0,6
466212102,6,0,6
467386811,6,0,6
467775454,6,1,7
468065820,6,0,6
468140684,6,0,6
469668758,6,0,6
469953868,6,1,7
470329248,6,1,7
470596201,6,0,6
470824201,6,2,8
470939162,6,0,6
471188047,6,0,6
471607075,6,0,6
471610197,6,0,6
471631371,6,3,9
474447301,6,1,7
475356042,6,0,6
476886291,6,0,6
478153611,6,2,8
478569125,6,0,6
479889352,6,1,7
480632328,6,0,6
480805117,6,0,6
481094987,6,2,8
482185475,6,1,7
482430035,6,3,9
484992096,6,1,7
485717967,6,0,6
487039635,6,1,7
487689054,6,0,6
488108469,6,0,6
488116021,6,3,9
488116899,6,0,6
488293740,6,1,7
489864494,6,1,7
489975747,6,5,11
492757873,6,0,6
493573310,6,0,6
493658040,6,0,6
494651353,6,1,7
496568927,6,0,6
497007732,6,2,8
497251958,6,0,6
497815260,6,0,6
497968900,6,0,6
500069947,6,0,6
500310949,6,1,7
504902312,6,0,6
507746291,6,0,6
507778661,6,0,6
509578036,6,0,6
510681147,6,3,9
512718393,6,21,27
515869032,6,3,9
516900663,6,0,6
518184499,6,3,9
518196000,6,0,6
519216725,6,1,7
519654793,6,0,6
520617010,6,0,6
520727534,6,1,7
521178700,6,0,6
521461389,6,2,8
521650140,6,0,6
522539842,6,1,7
522790836,6,0,6
524001966,6,0,6
524644865,6,0,6
524916152,6,0,6
525930064,6,1,7
526599520,6,1,7
527400995,6,0,6
527846428,6,0,6
528371500,6,0,6
529592870,6,1,7
531407167,6,0,6
531629847,6,0,6
531653941,6,0,6
531907506,6,0,6
532025943,6,0,6
532396684,6,0,6
532545349,6,0,6
533856102,6,0,6
534858822,6,9,15
535868391,6,1,7
536646582,6,44,50
537508831,6,1,7
538370634,6,0,6
540745898,6,0,6
541390777,6,12,18
542550562,6,0,6
543780273,6,51,57
543899246,6,0,6
545504007,6,0,6
546382113,6,0,6
549289945,6,1,7
550084669,6,0,6
552648775,6,0,6
552732182,6,1,7
553010243,6,0,6
553835490,6,1,7
554646732,6,3,9
554791112,6,0,6
555186610,6,0,6
555807170,6,0,6
556041671,6,1,7
556583189,6,18,24
557002297,6,0,6
557413683,6,0,6
559000608,6,1,7
560828139,6,6,12
561585190,6,2,8
562255311,6,0,6
564910159,6,0,6
565671882,6,0,6
565710136,6,0,6
567637103,6,0,6
568440865,6,0,6
568561060,6,0,6
569363618,6,0,6
570812394,6,4,10
571061443,6,0,6
573120344,6,2,8
574387850,6,0,6
574784221,6,0,6
574829891,6,15,21
575854925,6,0,6
576900493,6,1,7
577730759,6,4,10
579111506,6,0,6
580235440,6,0,6
582622229,6,0,6
586038433,6,7,13
587034402,6,1,7
587508712,6,0,6
588329379,6,0,6
589088453,6,0,6
589264754,6,0,6
589321976,6,1,7
590573551,6,0,6
591270242,6,3,9
591358016,6,0,6
592099274,6,1,7
594065770,6,1,7
596031779,6,4,10
597655526,6,1,7
598353245,6,17,23
599207777,6,2,8
599772863,6,29,35
600055151,6,1,7
600128555,6,0,6
600179916,6,0,6
602508912,6,0,6
602831832,6,0,6
603143128,6,0,6
605462128,6,1,7
606826231,6,1,7
606851818,6,0,6
608229562,6,1,7
608511192,6,0,6
608902570,6,1,7
609712638,6,26,32
611389223,6,0,6
612038538,6,41,47
618277409,6,0,6
619341983,6,0,6
619557715,6,0,6
619658711,6,0,6
619762997,6,4,10
623084205,6,0,6
623277000,6,0,6
623990931,6,0,6
625875902,6,0,6
626738048,6,4,10
626804421,6,0,6
628850968,6,0,6
630249484,6,1,7
630925853,6,6,12
631341033,6,0,6
632321585,6,0,6
632392229,6,2,8
633190124,6,0,6
633525067,6,5,11
634515489,6,0,6
637229643,6,2,8
702131767,6,24,30
706049323,6,34,40
709195772,6,1,7
710144834,6,0,6
710604703,6,0,6
711387110,6,0,6
711667486,6,1,7
713622387,6,0,6
714754044,6,22,28
714929371,6,0,6
715039124,6,1,7
716673119,6,0,6
716948892,6,0,6
717337177,6,0,6
723160843,6,0,6
724215512,6,0,6
724656956,6,0,6
727859090,6,8,14
729981162,6,0,6
730611540,6,7,13
734353890,6,29,35
735062904,6,1,7
736949329,6,9,15
737696442,6,0,6
738637670,6,1,7
739203985,6,0,6
747289232,6,1,7
747636020,6,0,6
748523910,6,1,7
750322320,6,2,8
753512414,6,0,6
753998863,6,0,6
758222556,6,0,6
760395242,6,7,13
762072810,6,0,6
762435337,6,207,213
764208276,6,1,7
766077674,6,3,9
768577789,6,1,7
771873895,6,0,6
772371152,6,0,6
774951950,6,0,6
777023808,6,0,6
779104195,6,0,6
783833606,6,0,6
786293232,6,0,6
787535443,6,0,6
788111323,6,4,10
789014144,6,10,16
792613908,6,0,6
795355531,6,120,126
796941355,6,182,188
797104970,6,20,26
798058266,6,0,6
801141566,6,0,6
802817546,6,21,27
804073411,6,3,9
806575532,6,1,7
808156722,6,0,6
810108188,6,0,6
814031882,6,0,6
816635383,6,0,6
817142299,6,0,6
822692342,6,0,6
824200086,6,0,6
825827558,6,0,6
826072724,6,0,6
826140392,6,1,7
826212918,6,0,6
828056756,6,0,6
832016983,6,0,6
840475064,6,0,6
845384539,6,0,6
846044778,6,2,8
848125879,6,0,6
850061126,6,0,6
850268516,6,1,7
856823485,6,0,6
859011776,6,1,7
860620430,6,0,6
861098124,6,0,6
861647976,6,0,6
862337401,6,1,7
863669887,6,0,6
865200110,6,269,275
865427900,6,4,10
865650746,6,1,7
866839813,6,0,6
867242029,6,0,6
869728555,6,0,6
874555214,6,0,6
875627605,6,2,8
876077348,6,5,11
878656256,6,2,8
883211576,6,1,7
885613333,6,1,7
885696506,6,1,7
885709574,6,0,6
886051226,6,0,6
887644218,6,0,6
888064896,6,0,6
891657986,6,2,8
898775412,6,0,6
898815824,6,1,7
898865545,6,0,6
900414258,6,6,12
900740504,6,3,9
900840696,6,38,44
901683253,6,6,12
901810728,6,2,8
902092050,6,0,6
902142145,6,0,6
902372430,6,0,6
905247259,6,1,7
905530314,6,0,6
907186434,6,0,6
909556076,6,8,14
910377870,6,0,6
910580785,6,1,7
911093936,6,0,6
911286476,6,0,6
918496460,6,0,6
919968950,6,10,16
921460356,6,12,18
921590624,6,0,6
923418229,6,0,6
924282889,6,1,7
925572320,6,17,23
925619305,6,0,6
926679457,6,0,6
928409046,6,0,6
928475460,6,0,6
928660866,6,0,6
928940120,6,0,6
930496872,6,0,6
930526597,6,0,6
930683335,6,0,6
930702608,6,0,6
932686976,6,0,6
939537901,6,16,22
942028346,6,0,6
944643468,6,3,9
949310504,6,1,7
952921784,6,1,7
965356795,6,0,6
967251234,6,0,6
972587347,6,0,6
975853472,6,0,6
982422420,6,0,6
986177899,6,1,7
989875165,6,21,27
989905712,6,0,6
991393016,6,0,6
991644331,6,0,6
993358020,6,8,14
996525770,6,5,11
998393882,6,0,6
999491185,6,0,6
999538885,6,0,6
1002414229,6,0,6
1004731904,6,2,8
1006667388,6,0,6
1009448833,6,0,6
1009466785,6,1,7
1013214720,6,0,6
1013745037,6,19,25
1015246340,6,0,6
1018585339,6,0,6
1023354336,6,0,6
1023642336,6,1,7
1026959468,6,0,6
1027347769,6,2,8
1030930902,6,1,7
1031316560,6,0,6
1033567555,6,1,7
1038885840,6,0,6
1040099791,6,0,6
1041600175,6,0,6
1045538358,6,1,7
1046740962,6,4,10
1047898722,6,0,6
1051802324,6,7,13
1052040667,6,21,27
1056117212,6,0,6
1062233846,6,0,6
1064628865,6,0,6
1066572121,6,1,7
1072392192,6,0,6
1078008103,6,0,6
1078697238,6,0,6
1083314810,6,1,7
1089601033,6,0,6
1099478756,6,0,6
1103730762,6,3,9
1112020050,6,18,24
1126608709,6,0,6
1129058304,6,0,6
1131819050,6,0,6
1144271820,6,1,7
1147212876,6,0,6
1156527625,6,14,20
1166130295,6,0,6
1167375151,6,1,7
1170291918,6,6,12
1173803990,6,0,6
1173804362,6,0,6
1177987339,6,0,6
1195827348,6,1,7
1201760167,6,0,6
1202205522,6,0,6
1205550085,6,38,44
1210511564,6,0,6
1219498898,6,2,8
1222987830,6,0,6
1237432243,6,0,6
1239742202,6,12,18
1244322133,6,0,6
1246224342,6,1,7
1246949840,6,1,7
1247496757,6,0,6
1252888159,6,1,7
1265377520,6,112,118
1265452105,6,1,7
1266357942,6,36,42
1266646447,6,0,6
1267395170,6,0,6
1276123177,6,0,6
1276309794,6,0,6
1282343251,6,1,7
1283720186,6,1,7
1284860294,6,0,6
1287300193,6,14,20
1291354579,6,1,7
1292133348,6,2,8
1299899750,6,0,6
1301230057,6,3,9
1310857411,6,0,6
1312958274,6,0,6
1317736292,6,0,6
1318446541,6,0,6
1318542156,6,3,9
1319391925,6,0,6
1323863832,6,15,21
1325400319,6,4,10
1325767098,6,0,6
1326053863,6,0,6
1327705046,6,0,6
1330387950,6,13,19
1333081194,6,1,7
1334108503,6,1,7
1334207406,6,0,6
1340865991,6,2,8
1342870128,6,1,7
1345940180,6,26,32
1360961414,6,0,6
1363156836,6,0,6
1370800104,6,2,8
1376613271,6,0,6
1378403880,6,0,6
1378713350,6,26,32
1385837636,6,0,6
1387191012,6,0,6
1387683026,6,3,9
1390706478,6,0,6
1394969924,6,2,8
1395828162,6,1,7
1407446556,6,0,6
1408975717,6,2,8
1409139006,6,0,6
1410853921,6,0,6
1411960459,6,0,6
1419936289,6,1,7
1424378395,6,0,6
1431225408,6,0,6
1431661122,6,2,8
1433032111,6,0,6
1434306696,6,4,10
1439177893,6,0,6
1439242062,6,0,6
1441743247,6,1,7
1442588970,6,0,6
1446263264,6,0,6
1460549084,6,2,8
1462034972,6,1,7
1463236442,6,1,7
1467850530,6,0,6
1468249382,6,0,6
1468917816,6,2,8
1470044659,6,0,6
1472456450,6,0,6
1472793739,6,0,6
1475424613,6,16,22
1482492223,6,16,22
1488463021,6,0,6
1498640713,6,5,11
1498743002,6,4,10
1500550308,6,0,6
1503839575,6,0,6
1515093056,6,0,6
1516798826,6,3,9
1523891821,6,39,45
1524142332,6,0,6
1526984635,6,1,7
1529973084,6,6,12
1531791140,6,0,6
1533813962,6,0,6
1536768582,6,0,6
1537157346,6,18,24
1537588752,6,0,6
1539580423,6,0,6
1543986138,6,4,10
1544539963,6,0,6
1546126922,6,9,15
1551469970,6,3,9
1552341818,6,0,6
1553435917,6,4,10
1555666399,6,2,8
1558318327,6,1,7
1565036593,6,0,6
1565583055,6,0,6
1567185704,6,0,6
1567203301,6,1,7
1571215093,6,1,7
1571239068,6,6,12
1589798510,6,1,7
1592554544,6,0,6
1599205537,6,4,10
1601667793,6,52,58
1604339256,6,0,6
1613896986,6,0,6
1618007100,6,0,6
1627900706,6,4,10
1631256884,6,0,6
1634818657,6,3,9
1635069721,6,0,6
1636604312,6,0,6
1641588674,6,0,6
1642003248,6,0,6
1642573382,6,0,6
1647917587,6,6,12
1649967228,6,0,6
1650685638,6,0,6
1651506721,6,4,10
1654448262,6,2,8
1663252892,6,6,12
1664161820,6,1,7
1670834845,6,5,11
1679234634,6,0,6
1684930806,6,35,41
1689107486,6,0,6
1689961290,6,0,6
1690397322,6,0,6
1693763233,6,1,7
1699495232,6,4,10
1700280511,6,1,7
1702596908,6,0,6
1706388121,6,0,6
1714096207,6,1,7
1731550309,6,0,6
1785583254,6,0,6
1791971563,6,1,7
1829841180,6,0,6
1829870216,6,14,20
1852019588,6,1,7
1872188780,6,1,7
1872923042,6,0,6
1876785278,6,2,8
1877099030,6,0,6
1877585209,6,0,6
1877857849,6,0,6
1881662202,6,0,6
1887900060,6,0,6
1894691802,6,0,6
1901075107,6,1,7
1909281625,6,12,18
1911467372,6,1,7
1913372478,6,0,6
1913668759,6,0,6
1914979285,6,0,6
1916026836,6,0,6
1916364858,6,3,9
1918038229,6,0,6
1919814066,6,1,7
1924395420,6,25,31
1932040447,6,5,11
1932806125,6,0,6
1949272500,6,2,8
1950348194,6,0,6
1959824827,6,0,6
1961105264,6,1,7
1961922115,6,0,6
1963571004,6,5,11
1965933218,6,5,11
1967379368,6,49,55
1967494225,6,3,9
1967788530,6,0,6
1967914586,6,0,6
1972140308,6,4,10
2148988430,6,0,6
2149153998,6,0,6
2150052311,6,0,6
2151410065,6,2,8
2152278216,6,0,6
2160261666,6,0,6
2163418209,6,1,7
2166963492,6,3,9
2167157631,6,0,6
2169510360,6,73,79
2173292672,6,0,6
2175012477,6,0,6
2175218486,6,1,7
2179363872,6,0,6
2182532997,6,0,6
2182858132,6,1,7
2184573941,6,0,6
2185210448,6,0,6
2187354030,6,1,7
2189643565,6,0,6
2193756544,6,62,68
2194342442,6,4,10
2200506820,6,1,7
2200572894,6,0,6
2200884719,6,5,11
2202375564,6,1,7
2204384569,6,1,7
2206266908,6,0,6
2206563701,6,0,6
2207501480,6,0,6
2208137628,6,0,6
2208281420,6,8,14
2209113199,6,0,6
2211693776,6,26,32
2213179477,6,7,13
2213831409,6,0,6
2215760684,6,6,12
2216830115,6,0,6
2220306061,6,1,7
2222578706,6,2,8
2227191120,6,0,6
2229190298,6,0,6
2229628026,6,0,6
2233621027,6,0,6
2235563370,6,14,20
2238814035,6,0,6
2242145306,6,0,6
2243206261,6,0,6
2246180090,6,1,7
2246201081,6,0,6
2247149538,6,2,8
2248458483,6,3,9
2251978568,6,2,8
2252319852,6,2,8
2252471766,6,32,38
2254255724,6,0,6
2256790044,6,0,6
2258884546,6,1,7
2259647702,6,0,6
2268236187,6,0,6
2269379234,6,0,6
2269441944,6,0,6
2269883470,6,0,6
2272683480,6,0,6
2274042164,6,0,6
2274338543,6,6,12
2275677769,6,1,7
2276461717,6,4,10
2279660775,6,0,6
2281437334,6,1,7
2288161272,6,94,100
2290155049,6,0,6
2295351494,6,0,6
2296175906,6,8,14
2296588987,6,6,12
2296598455,6,3,9
2300842615,6,1,7
2301675037,6,43,49
2301960576,6,0,6
2304103602,6,0,6
2309332962,6,0,6
2310958931,6,0,6
2312594982,6,0,6
2317414278,6,0,6
2317974127,6,1,7
2319748070,6,3,9
2321036333,6,0,6
2323277426,6,0,6
2326184845,6,2,8
2329321424,6,1,7
2331208111,6,0,6
2332702442,6,2,8
2335317469,6,0,6
2335390160,6,0,6
2336787329,6,0,6
2338050279,6,2,8
2339332778,6,0,6
2341175103,6,0,6
2341285717,6,0,6
2345789830,6,1,7
2346246984,6,0,6
2346310159,6,0,6
2346427128,6,1,7
2347741032,6,0,6
2347947612,6,0,6
2347965419,6,0,6
2348322908,6,0,6
2351609104,6,0,6
2353422722,6,1,7
2355382339,6,0,6
2358546691,6,0,6
2361760795,6,1,7
2365103682,6,0,6
2367350719,6,0,6
2368992930,6,1,7
2369021913,6,5,11
2369902675,6,11,17
2370768564,6,15,21
2376210446,6,3,9
2380593748,6,1,7
2387648143,6,16,22
2390083512,6,0,6
2391352596,6,10,16
2392744614,6,2,8
2393807136,6,0,6
2400644846,6,0,6
2400886622,6,0,6
2414882947,6,5,11
2420324211,6,0,6
2420656170,6,0,6
2421972430,6,0,6
2422125126,6,1,7
2422491290,6,8,14
2427421429,6,1,7
2427726696,6,2,8
2429036059,6,0,6
2430330194,6,2,8
2431033524,6,0,6
2432454839,6,1,7
2433655718,6,0,6
2434600086,6,10,16
2438997917,6,0,6
2442045044,6,0,6
2442574612,6,1,7
2456569426,6,0,6
2457223898,6,2,8
2458128747,6,0,6
2460357662,6,0,6
2460782113,6,0,6
2467178580,6,0,6
2468216375,6,0,6
2469550260,6,0,6
2474747160,6,1,7
2475024848,6,0,6
2475890107,6,0,6
2481964400,6,0,6
2485308468,6,1,7
2486762587,6,0,6
2490672000,6,0,6
2491634246,6,0,6
2491864584,6,0,6
2493799771,6,0,6
2502542682,6,0,6
2514210956,6,10,16
2514442243,6,0,6
2514590727,6,0,6
2515951295,6,0,6
2522512664,6,0,6
2523616676,6,0,6
2524091923,6,0,6
2524277999,6,2,8
2533636562,6,1,7
2539258598,6,0,6
2539925887,6,0,6
2541569872,6,0,6
2542852973,6,0,6
2543574572,6,25,31
2544800678,6,0,6
2545174051,6,0,6
2546759760,6,0,6
2547156348,6,0,6
2549068434,6,0,6
2562420669,6,0,6
2563863912,6,3,9
2569947164,6,0,6
2570060318,6,0,6
2574290133,6,0,6
2580592259,6,0,6
2583678126,6,0,6
2585949829,6,2,8
2590932946,6,0,6
2591862354,6,2,8
2592199134,6,0,6
2592762774,6,0,6
2598600596,6,0,6
2602303142,6,0,6
2603485370,6,0,6
2603996441,6,0,6
2604476641,6,0,6
2604676818,6,0,6
2606735004,6,0,6
2607586452,6,0,6
2608456754,6,0,6
2610329598,6,0,6
2610619748,6,0,6
2611903088,6,0,6
2612641711,6,0,6
2613920184,6,0,6
2614456544,6,1,7
2622757593,6,0,6
2626342982,6,0,6
2639269168,6,2,8
2646690067,6,78,84
2655563257,6,4,10
2656651711,6,0,6
2658004757,6,5,11
2662069604,6,2,8
2663515082,6,0,6
2672094957,6,0,6
2678632959,6,0,6
2680232641,6,0,6
2684118603,6,1,7
2688530756,6,0,6
2688894913,6,0,6
2691097135,6,0,6
2691240056,6,0,6
2693752392,6,0,6
2697449777,6,0,6
2699094471,6,0,6
2701557642,6,0,6
2707153254,6,1,7
2708129232,6,0,6
2710761337,6,0,6
2713887900,6,1,7
2715055093,6,2,8
2715761747,6,0,6
2717217889,6,0,6
2717560266,6,0,6
2718007343,6,2,8
2723303783,6,0,6
2725593262,6,1,7
2726451480,6,0,6
2727843714,6,1,7
2728302796,6,0,6
2731478779,6,0,6
2731795602,6,1,7
2734455236,6,0,6
2736827885,6,1,7
2739474429,6,0,6
2740951680,6,1,7
2741557706,6,0,6
2746367374,6,0,6
2747489104,6,1,7
2748845459,6,0,6
2749871985,6,0,6
2752301457,6,0,6
2752488313,6,1,7
2752761323,6,0,6
2752920977,6,1,7
2764077387,6,1,7
2771655953,6,0,6
2773101018,6,0,6
2773608767,6,0,6
2776135942,6,1,7
2778206040,6,0,6
2780434112,6,0,6
2781039403,6,1,7
2782737901,6,0,6
2787027678,6,1,7
2788844780,6,0,6
2790018288,6,0,6
2790829345,6,2,8
2792110739,6,2,8
2794853696,6,0,6
2799995538,6,0,6
2800385466,6,0,6
2800862281,6,9,15
2802047430,6,2,8
2806325838,6,0,6
2811639185,6,1,7
2811932770,6,0,6
2811954737,6,13,19
2814404267,6,0,6
2814595145,6,1,7
2821983629,6,0,6
2823177157,6,1,7
2828506917,6,1,7
2833497744,6,12,18
2837515466,6,0,6
2838256094,6,0,6
2839584336,6,1,7
2842804909,6,0,6
2843817597,6,1,7
2845717357,6,2,8
2847130953,6,0,6
2849163198,6,1,7
2853030743,6,0,6
2853449504,6,0,6
2857178954,6,0,6
2858724704,6,2,8
2860477375,6,0,6
2860542634,6,0,6
2861795873,6,9,15
2861803007,6,0,6
2865846678,6,1,7
2866412582,6,0,6
2869486049,6,0,6
2869946822,6,5,11
2871535756,6,0,6
2873095567,6,1,7
2875562541,6,0,6
2883060070,6,0,6
2883453823,6,2,8
2884860294,6,0,6
2885246959,6,0,6
2885288633,6,0,6
2886843731,6,0,6
2887434430,6,15,21
2892610399,6,0,6
2893140826,6,0,6
2893770195,6,0,6
2898119709,6,0,6
2902857675,6,1,7
2906323336,6,0,6
2906508725,6,0,6
2906569638,6,0,6
2907418647,6,7,13
2907650748,6,5,11
2908600727,6,0,6
2909773529,6,3,9
2910267842,6,0,6
2911220703,6,0,6
2914769599,6,0,6
2915809346,6,0,6
2917831886,6,1,7
2918377221,6,0,6
2920223107,6,2,8
2922211624,6,0,6
2923425040,6,0,6
2924342216,6,0,6
2924355748,6,0,6
2935489123,6,14,20
2940057132,6,1,7
2941994695,6,0,6
2942364878,6,2,8
2944556358,6,0,6
2946703361,6,0,6
2948808515,6,0,6
2957835833,6,0,6
2958860565,6,1,7
2961485572,6,1,7
2964328726,6,0,6
2964388296,6,2,8
2967289672,6,4,10
2969933999,6,0,6
2970400353,6,1,7
2975556735,6,0,6
2977884175,6,0,6
2980449797,6,0,6
2981133503,6,10,16
2982418761,6,0,6
2982742091,6,1,7
2985807303,6,0,6
2986469501,6,0,6
2992034264,6,4,10
2992460484,6,0,6
2992594807,6,3,9
2993768820,6,0,6
3001471726,6,15,21
3003766284,6,0,6
3006995828,6,0,6
3008430194,6,0,6
3010454348,6,2,8
3010805337,6,1,7
3013056680,6,2,8
3013468825,6,0,6
3015301175,6,0,6
3015397143,6,0,6
3021716817,6,2,8
3024439525,6,0,6
3028792103,6,0,6
3030532401,6,12,18
3031989372,6,1,7
3033376450,6,0,6
3033854607,6,0,6
3037995803,6,0,6
3038103838,6,0,6
3041981354,6,0,6
3042522339,6,0,6
3046629363,6,0,6
3047019251,6,0,6
3047377314,6,0,6
3050123116,6,0,6
3051885502,6,2,8
3053169798,6,0,6
3058568675,6,0,6
3062785050,6,2,8
3065673401,6,0,6
3068711873,6,1,7
3071949359,6,1,7
3075825966,6,0,6
3076720472,6,0,6
3078899252,6,1,7
3080773259,6,0,6
3081602615,6,2,8
3086835320,6,0,6
3092606659,6,0,6
3095652353,6,0,6
3097980227,6,0,6
3098014216,6,0,6
3105255533,6,0,6
3118510458,6,1,7
3121351886,6,0,6
3123386545,6,4,10
3131358090,6,0,6
3139531509,6,0,6
3142450357,6,0,6
3150013791,6,3,9
3150440815,6,0,6
3152005609,6,1,7
3152204459,6,9,15
3152212575,6,20,26
3156627536,6,0,6
3156794327,6,2,8
3157543165,6,0,6
3162905917,6,10,16
3163073695,6,31,37
3168022223,6,0,6
3171367358,6,2,8
3171775854,6,0,6
3174081458,6,0,6
3174651608,6,1,7
3175655160,6,1,7
3177200238,6,0,6
3180931764,6,1,7
3183270631,6,0,6
3183394627,6,0,6
3187178471,6,2,8
3188986308,6,0,6
3194858744,6,0,6
3195162454,6,0,6
3195652508,6,0,6
3195664368,6,1,7
3199530581,6,0,6
3202808548,6,4,10
3207455921,6,0,6
3214119411,6,0,6
3220126472,6,0,6
3220348812,6,1,7
3221413128,6,0,6
3222509289,6,0,6
3222937730,6,1,7
3228626290,6,0,6
3228642088,6,0,6
3229164488,6,0,6
3229974754,6,1,7
3232119925,6,0,6
3233745299,6,0,6
3236246273,6,2,8
3237348433,6,0,6
3239301552,6,0,6
3244511682,6,0,6
3245332410,6,3,9
3246319010,6,1,7
3247822606,6,1,7
3250962678,6,1,7
3251261750,6,3,9
3253841247,6,0,6
3254788656,6,0,6
3254907853,6,1,7
3255493085,6,0,6
3264740856,6,0,6
3264933209,6,0,6
3265708936,6,0,6
3268247754,6,1,7
3269763410,6,0,6
3271288038,6,0,6
3277071451,6,0,6
3277943642,6,0,6
3278514966,6,0,6
3279305533,6,0,6
3280018375,6,1,7
3280577304,6,0,6
3281706252,6,7,13
3282029941,6,0,6
3284714113,6,0,6
3284810910,6,0,6
3288561991,6,0,6
3288948440,6,5,11
3290069300,6,0,6
3290453295,6,0,6
3290929670,6,0,6
3292871237,6,2,8
3293449789,6,0,6
3295287420,6,1,7
3300583213,6,0,6
3302346257,6,1,7
3302910339,6,0,6
3303230253,6,15,21
3303928256,6,2,8
3304982419,6,0,6
3305603067,6,7,13
3307647904,6,1,7
3309255536,6,0,6
3312569535,6,0,6
3312769033,6,0,6
3312838052,6,0,6
3312921522,6,0,6
3318180249,6,0,6
3319984013,6,0,6
3321595266,6,1,7
3323368526,6,1,7
3329042850,6,0,6
3329332379,6,9,15
3332476162,6,0,6
3342000069,6,0,6
3342801004,6,0,6
3345820529,6,0,6
3347578516,6,1,7
3347664635,6,0,6
3348359793,6,1,7
3352726210,6,1,7
3352895451,6,0,6
3353417632,6,0,6
3354726423,6,1,7
3355226355,6,1,7
3356335570,6,0,6
3360757750,6,2,8
3363122593,6,0,6
3365030883,6,72,78
3366736813,6,2,8
3367990552,6,0,6
3369455091,6,2,8
3373189756,6,2,8
3377100196,6,2,8
3377982994,6,0,6
3381033879,6,0,6
3383433057,6,0,6
3383563042,6,0,6
3384299999,6,1,7
3385421795,6,0,6
3385773933,6,5,11
3385956329,6,2,8
3386222439,6,0,6
3390156251,6,0,6
3395896468,6,0,6
3395925914,6,9,15
3395964711,6,8,14
3396384184,6,1,7
3397782934,6,1,7
3401627387,6,5,11
3403220014,6,1,7
3404763687,6,0,6
3407448557,6,0,6
3413756493,6,4,10
3419905455,6,0,6
3421836079,6,0,6
3423036440,6,0,6
3425973819,6,2,8
3427024005,6,16,22
3436806639,6,0,6
3439208146,6,0,6
3456496461,6,4,10
3458047347,6,3,9
3505273155,6,0,6
3515882301,6,60,66
3526654415,6,1,7
3533005402,6,0,6
3540240794,6,0,6
3540699975,6,3,9
3570042688,6,1,7
3577891403,6,4,10
3579072494,6,60,66
3581225297,6,14,20
3600166212,6,1,7
3607694357,6,0,6
3613303155,6,4,10
3621132739,6,2,8
3624243983,6,0,6
3628713853,6,3,9
3633859037,6,0,6
3635081661,6,1,7
3643269132,6,0,6
3658783581,6,0,6
3701202916,6,0,6
3721333572,6,0,6
3727346955,6,0,6
3731797275,6,0,6
3734138669,6,0,6
3751762114,6,0,6
3766320201,6,0,6
3774554253,6,0,6
3782134094,6,0,6
3799413139,6,0,6
3808854134,6,0,6
3810030262,6,0,6
3810162556,6,4,10
3832888097,6,0,6
3837213803,6,20,26
3837673535,6,6,12
3853589176,6,19,25
3861362835,6,2,8
3872810181,6,0,6
3873336673,6,0,6
3882360921,6,1,7
3889974387,6,0,6
3893210375,6,34,40
3908374465,6,31,37
3915569292,6,0,6
3940705815,6,0,6
3951927013,6,2,8
3954973528,6,0,6
3955414095,6,0,6
3972294200,6,6,12
3976979247,6,0,6
3983770612,6,1,7
3990269482,6,1,7
3997957768,6,2,8
4004296527,6,0,6
4005235994,6,1,7
4009979181,6,0,6
4015452852,6,2,8
4034836276,6,0,6
4041169169,6,1,7
4048813457,6,0,6
4048875196,6,8,14
4052087114,6,2,8
4063092267,6,0,6
4067046014,6,1,7
4082352678,6,1,7
4101870329,6,1,7
4105412113,6,0,6
4118709323,6,0,6
4132530201,6,0,6
4171810933,6,0,6
4172444247,6,1,7
4173562714,6,1,7
4179233415,6,0,6
4180181052,6,0,6
4180919812,6,0,6
4184419215,6,0,6
4184940132,6,1,7
4193801125,6,1,7
4198980977,6,0,6
4205841794,6,5,11
4218263114,6,0,6
4220026973,6,0,6
4222140477,6,0,6
4229118554,6,0,6
4230528254,6,0,6
4237016112,6,0,6
4239697066,6,0,6
4252187848,6,0,6
4252947858,6,0,6
4256831673,6,0,6
4266124223,6,0,6
4268916380,6,0,6
4275555073,6,2,8
4276470553,6,2,8
4288324559,6,0,6
4293911354,6,0,6
4294545552,6,0,6
4299250767,6,0,6
4301396186,6,4,10
4304564413,6,0,6
4315474452,6,0,6
4318444874,6,0,6
4324048948,6,0,6
4324269013,6,2,8
4354555101,6,0,6
4374927022,6,63,69
4376979677,6,0,6
4385353779,6,1,7
4394113899,6,0,6
4396486942,6,1,7
4416257758,6,0,6
4418190921,6,1,7
4427223677,6,2,8
4430457855,6,0,6
4442866226,6,0,6
4452489873,6,0,6
4453044802,6,11,17
4455098849,6,1,7
4455438072,6,2,8
4483480636,6,0,6
4489808414,6,4,10
4515203596,6,6,12
4529062287,6,0,6
4530019292,6,13,19
4543301420,6,0,6
4548710364,6,0,6
4552716375,6,1,7
4553054593,6,1,7
4556005341,6,0,6
4558688309,6,0,6
4568707695,6,0,6
4583225809,6,0,6
4591535002,6,0,6
4614058513,6,2,8
4614621672,6,1,7
4622311187,6,0,6
4632482533,6,0,6
4633553968,6,4,10
4633963068,6,1,7
4658962601,6,1,7
4680356952,6,0,6
4681650463,6,1,7
4684758210,6,0,6
4704747805,6,0,6
4710392767,6,1,7
4716783082,6,1,7
4717984174,6,0,6
4720783632,6,0,6
4720999222,6,2,8
4727279494,6,0,6
4727844033,6,0,6
4734063242,6,0,6
4737713356,6,0,6
4743134479,6,0,6
4744161374,6,0,6
4760654648,6,13,19
4761135846,6,3,9
4762544657,6,48,54
4765594587,6,1,7
4767084983,6,1,7
4773065089,6,0,6
4795998913,6,0,6
4800723796,6,49,55
4804330706,6,21,27
4804542774,6,0,6
4807198299,6,1,7
4809731067,6,8,14
4810101169,6,7,13
4810707016,6,0,6
4815061605,6,0,6
4828940530,6,0,6
4831896993,6,0,6
4835909308,6,6,12
4835999877,6,0,6
4837776799,6,0,6
4844837774,6,0,6
4845982115,6,0,6
4847520065,6,20,26
4851869736,6,0,6
4851907624,6,1,7
4855988037,6,0,6
4856258113,6,2,8
4863875393,6,0,6
4864752500,6,0,6
4864866886,6,0,6
4869448667,6,2,8
4870475828,6,6,12
4870746007,6,1,7
4874596702,6,1,7
4881021155,6,0,6
4885628973,6,6,12
4888964043,6,0,6
4889479581,6,0,6
4889520335,6,15,21
4890110388,6,2,8
4890634284,6,0,6
4893752842,6,1,7
4898087031,6,0,6
4902017489,6,0,6
4902118833,6,0,6
4903246469,6,0,6
4906083997,6,0,6
4909102111,6,0,6
4912725674,6,6,12
4913861474,6,1,7
4920757625,6,0,6
4922183532,6,1,7
4924089267,6,0,6
696577368991866880,6,1,7
696887588083249152,6,0,6
698024034210942976,6,0,6
700512482318635009,6,83,89
700545967586586624,6,0,6
700730652539297792,6,3,9
700809082228183040,6,0,6
700869198000496641,6,1,7
701861214272385025,6,0,6
702208439137644544,6,1,7
702338230763409408,6,0,6
702417956609904641,6,0,6
702553385996828672,6,0,6
702650925333151744,6,0,6
702853634921463810,6,0,6
703093519846502400,6,0,6
703230541126983680,6,0,6
703250437294596096,6,0,6
703307280528183296,6,10,16
703595198337527808,6,1,7
703624352516845569,6,5,11
703662411421773824,6,1,7
703720973292445696,6,0,6
703763368138534912,6,0,6
703777631359995904,6,0,6
704692806346891264,6,0,6
704805889354690562,6,0,6
705161441352028160,6,0,6
705169270150397952,6,5,11
705224887212834816,6,0,6
705388268737564672,6,0,6
705425749503832065,6,0,6
705549135831801856,6,0,6
705551647074869248,6,0,6
705638113767354368,6,1,7
705741855124758528,6,5,11
705772401615904768,6,2,8
705914860882628608,6,0,6
706029393995386880,6,0,6
706123781799026688,6,0,6
706223604615258113,6,0,6
706493178120163328,6,2,8
706595940401061888,6,0,6
706596763193495556,6,0,6
706649473418526720,6,0,6
707035600474341376,6,0,6
707190456896122880,6,0,6
707203063572881408,6,1,7
707366631316578304,6,2,8
707402824850677761,6,0,6
707501340805562368,6,0,6
707777182383230977,6,0,6
707928103507599360,6,0,6
708319859160043521,6,0,6
708777357377675264,6,3,9
708858354647433216,6,13,19
709066924156538881,6,0,6
709110527969067008,6,0,6
709174821033119744,6,7,13
709221642761711616,6,0,6
709318712793235456,6,1,7
709381023939756032,6,3,9
709550382599561216,6,0,6
709588797550419968,6,0,6
709753008792276992,6,0,6
710046374562304000,6,0,6
710117758650941441,6,1,7
710162196706136064,6,11,17
710323718845820928,6,0,6
710444201637507072,6,0,6
710812512732614656,6,1,7
710834154804355072,6,0,6
711176383821647872,6,0,6
711188208810201088,6,1,7
711294538174824448,6,1,7
711623702853656576,6,0,6
712077243787436039,6,0,6
712333405380186112,6,0,6
712362094390280193,6,0,6
712401980296196101,6,1,7
712417623288360960,6,0,6
712493480132612096,6,1,7
712819518196715520,6,0,6
712819597834121216,6,0,6
712923137957085184,6,3,9
713161511473168384,6,4,10
713383887754235905,6,0,6
713389618176135168,6,0,6
713409490272432128,6,0,6
713418179117064192,6,0,6
713516406193713157,6,0,6
713555902385795073,6,2,8
713755837928439810,6,1,7
713795788653010944,6,0,6
714470540740722688,6,0,6
714499463331467264,6,5,11
714536994357927936,6,4,10
714937942662377472,6,0,6
715227584821235712,6,0,6
715266052188467200,6,4,10
715292910514647040,6,1,7
715333862256082944,6,0,6
715583660410454016,6,1,7
715641557194567680,6,68,74
716306981783515136,6,0,6
716488053272014848,6,0,6
716496860584808449,6,2,8
716561638774562816,6,0,6
716774795992498176,6,2,8
717042036684296193,6,0,6
717104037561286657,6,0,6
717229113132642304,6,0,6
717531528150913024,6,0,6
717755666908098560,6,0,6
717761744698011648,6,0,6
717846328169005057,6,0,6
718237444768952324,6,2,8
718239605892497408,6,17,23
718321945683574784,6,0,6
718399208227762177,6,0,6
718432394894815232,6,0,6
718818204508884992,6,0,6
718978155327803392,6,0,6
719180634082648065,6,1,7
719473209867968512,6,0,6
719491171660275712,6,0,6
719561831036108800,6,0,6
719774374581137408,6,0,6
719941638995513345,6,0,6
719959526905094144,6,0,6
720734789976924161,6,0,6
720750412488437760,6,0,6
720773694755311616,6,14,20
720939727407443968,6,1,7
721174707232509953,6,0,6
721530834877050880,6,0,6
721917346005131265,6,0,6
722504292263964673,6,2,8
722922008812593152,6,0,6
723083893180506115,6,1,7
723232173067776000,6,0,6
723326358483558400,6,1,7
723462020276752385,6,0,6
723507918901891072,6,1,7
723829665018839040,6,0,6
724425954739773441,6,0,6
725163695366623232,6,10,16
725347725835902976,6,2,8
725984232053559296,6,1,7
726178285529403392,6,1,7
726685916090126336,6,0,6
726800000932433921,6,0,6
726883209158492160,6,0,6
726929535418175489,6,1,7
727252059855036416,6,0,6
727566660702482432,6,2,8
727642602934276096,6,2,8
728310044245295104,6,0,6
728570711124680704,6,1,7
728667927776464896,6,313,319
728820624043483136,6,1,7
729052599853436928,6,0,6
729128011128254464,6,0,6
729179963375669248,6,2,8
729681031377342464,6,3,9
729776706995638273,6,0,6
729845288450596864,6,23,29
730004800042045440,6,24,30
730078012088016896,6,0,6
730149280334413824,6,1,7
730525113075019776,6,0,6
730595439565787137,6,4,10
731115950632796161,6,0,6
731152110398504961,6,0,6
731157532962521088,6,0,6
731620436857880576,6,0,6
731846368302649344,6,0,6
731958909745778688,6,2,8
732079855731277824,6,9,15
732364729239384064,6,0,6
732557879207682048,6,1,7
732932496707358722,6,0,6
733113815160737793,6,0,6
734045093468901376,6,0,6
734244603927220224,6,13,19
734327745057042432,6,0,6
735232925973778434,6,5,11
735652417790955520,6,0,6
735785565929476096,6,1,7
735792510958600192,6,0,6
735835863737847809,6,0,6
735932002826891264,6,0,6
736008144648851456,6,1,7
736328343637745664,6,0,6
736903882991886336,6,0,6
737121100144992256,6,0,6
737449307926847493,6,2,8
738083169656786944,6,0,6
738509928634146816,6,1,7
738524159911682050,6,0,6
738735186276421636,6,0,6
739086422188003328,6,1,7
739274074099064832,6,0,6
739454124597641217,6,1,7
739611938846478336,6,6,12
739792397740081152,6,2,8
739940370151297026,6,0,6
740100901000581120,6,0,6
740321519767801857,6,0,6
740534191079731200,6,0,6
740710543569354752,6,1,7
740781523784339457,6,0,6
740924229596663808,6,0,6
740972288657346560,6,0,6
741052320989880320,6,9,15
741088965005037568,6,0,6
741295260081360896,6,0,6
741931511260139520,6,1,7
742031902165602305,6,0,6
742100537919823872,6,0,6
742187317478072320,6,0,6
742211209122983938,6,0,6
742234414415892480,6,0,6
742377618264227841,6,1,7
742419611350507521,6,0,6
742541189946036225,6,2,8
743034196638105600,6,0,6
743055723756720128,6,0,6
743058397352722437,6,0,6
743139477351243776,6,0,6
743438756644937728,6,0,6
743496829854113792,6,0,6
743552367753322498,6,0,6
743935215467397120,6,0,6
744277663896866816,6,0,6
744331216464265216,6,10,16
744906041700265984,6,0,6
745093221878013956,6,2,8
745349587582357505,6,2,8
745447748367843328,6,0,6
745691064212807681,6,27,33
745970453030678529,6,39,45
745977486387851264,6,1,7
746076793229164544,6,0,6
746167370939531264,6,5,11
746259240361287683,6,1,7
746287437299724293,6,0,6
746412932360208384,6,3,9
746624787418517509,6,4,10
746743879823659008,6,0,6
746758262553452544,6,0,6
747243487540748288,6,1,7
747538146124922880,6,12,18
747599352558821376,6,15,21
747615213675941892,6,0,6
747872148644040704,6,7,13
747954221388042241,6,2,8
748286947303501825,6,0,6
749492492895002624,6,0,6
749757283094200320,6,0,6
749844190197063680,6,0,6
749847982401396736,6,5,11
750274036685418496,6,1,7
750311445749960704,6,0,6
750327895063535620,6,1,7
750420099778027522,6,1,7
751165070957240320,6,0,6
751247475877376000,6,0,6
751302824634490884,6,0,6
751442842736877568,6,0,6
751564981833912320,6,1,7
751849336120733697,6,1,7
752140178253316096,6,0,6
752260391896551424,6,0,6
752324362624180224,6,10,16
752346511493701632,6,1,7
752410729630691328,6,0,6
752647732213452800,6,0,6
752940452551266304,6,0,6
752966595899695104,6,0,6
753029786793115648,6,0,6
753053533717483520,6,0,6
753097999878873088,6,6,12
753897803114577921,6,0,6
753919262289432576,6,0,6
754006277001478145,6,0,6
754033594889273346,6,1,7
754208714010267648,6,0,6
754265192272240641,6,2,8
754472083225063424,6,0,6
755042148584751108,6,0,6
755159585971896320,6,2,8
755188865460113408,6,1,7
755262191415201792,6,0,6
755600229467037698,6,0,6
755604405072846848,6,0,6
755955698379481088,6,0,6
756273524180865024,6,0,6
756456237089320960,6,0,6
756497285794656256,6,3,9
756656323702456320,6,1,7
756658759288680448,6,2,8
756904987301666817,6,1,7
756955233369063424,6,2,8
757242639632695296,6,0,6
757251991026307074,6,6,12
757404108450070529,6,0,6
757427675883565058,6,0,6
757495837345849344,6,0,6
757568840104497152,6,1,7
757653626563198976,6,0,6
757709612422303744,6,0,6
757798942641754112,6,0,6
757977350382448640,6,0,6
757984837818916864,6,0,6
757999773379026945,6,0,6
758106436270448641,6,1,7
758123352171085824,6,1,7
758312805216948224,6,0,6
758330110172737536,6,2,8
758346952643936256,6,0,6
758361693877665792,6,144,150
758408231483944960,6,1,7
758475205769564161,6,3,9
758496286916153344,6,0,6
758499748437340160,6,0,6
758594899872780288,6,0,6
758710815495106560,6,0,6
758747594549964801,6,3,9
758790706852868096,6,0,6
758834999877435392,6,0,6
759257609434202112,6,2,8
759785550933008384,6,1,7
759829320600657920,6,0,6
759943171119861760,6,1,7
759943294478585856,6,1,7
760055789792800768,6,1,7
760077133645504512,6,0,6
760216549206679552,6,0,6
760219089667100672,6,0,6
760268201997508608,6,1,7
760621288708710401,6,0,6
760858636545626112,6,0,6
760936554529378304,6,0,6
761063992462749696,6,0,6
761080124460576768,6,0,6
761175581883002880,6,0,6
761209885925208065,6,0,6
761246649687478272,6,0,6
761251504493854721,6,0,6
761409595906588673,6,0,6
761611234714214400,6,0,6
761618247431118848,6,0,6
761648542062637056,6,0,6
761653200411701248,6,1,7
761670758066163712,6,0,6
761852641957679104,6,0,6
761997703270236160,6,1,7
762113410746253312,6,1,7
762114908360093696,6,0,6
762370036149268480,6,0,6
762407590844256256,6,0,6
762415417239347200,6,0,6
762422627881275398,6,0,6
762758328300736516,6,0,6
762807727974416384,6,1,7
762909857888567296,6,0,6
763028602707320833,6,0,6
763159168035401728,6,0,6
763224421603631104,6,0,6
763307466780053504,6,0,6
763411220804280321,6,1,7
763587751040221184,6,3,9
763880464725577728,6,0,6
763890338981220352,6,0,6
764193100944203776,6,1,7
764253707466842113,6,2,8
764561893096730624,6,2,8
764630527772995584,6,0,6
764653007376048128,6,2,8
764709177453322240,6,0,6
764955901807779841,6,0,6
765224524765954049,6,0,6
765580272284766209,6,1,7
766017103916916736,6,4,10
766258793537802241,6,0,6
766293363909943296,6,3,9
766320797791256577,6,0,6
766363878188023809,6,0,6
766399065277988864,6,1,7
766417718476234753,6,3,9
766723787580641284,6,2,8
766724076744290305,6,0,6
766828437235306496,6,104,110
766835535381790720,6,4,10
767087789267677184,6,1,7
767434337851695104,6,1,7
767586907932983296,6,0,6
767890255206809600,6,0,6
767902576897503232,6,4,10
768158964559310848,6,0,6
768221477732814850,6,0,6
768682170684628992,6,0,6
769332549793570816,6,1,7
769596520295440384,6,0,6
769649024064303104,6,0,6
769801768444108800,6,1,7
769952667292487680,6,0,6
770001851114807297,6,0,6
770308589198147584,6,1,7
770557742356369408,6,0,6
771120650647994368,6,0,6
771167808503767041,6,1,7
771253490966343681,6,0,6
771396889736380416,6,0,6
772118572080455680,6,10,16
772238136894193665,6,0,6
772688809679093760,6,0,6
772794598989103104,6,0,6
772916652040187904,6,0,6
773059736954601472,6,0,6
773079186588176384,6,0,6
773577626950758400,6,3,9
773723639996878848,6,0,6
773852209188597760,6,31,37
774081871424679936,6,6,12
774230482796044288,6,0,6
774493451614380032,6,1,7
774704565576949760,6,0,6
774762127714201601,6,12,18
775004450343817218,6,0,6
775417828161810434,6,0,6
775574552080375815,6,1,7
776406872848859136,6,17,23
776433801467572224,6,14,20
776798619181645824,6,0,6
776817956265209857,6,0,6
776959799871303681,6,5,11
777206389181644800,6,0,6
777387989483843584,6,0,6
777654633481273344,6,0,6
777671141452238848,6,1,7
777731611806863360,6,1,7
778064456009912320,6,2,8
778097715947372544,6,1,7
778103666775580672,6,2,8
778377952081870848,6,1,7
778403918355177472,6,0,6
778779437315698688,6,1,7
779160240474451969,6,0,6
779224811834703872,6,1,7
779494213725466625,6,0,6
779570065012318208,6,0,6
780288982454267904,6,0,6
780297554911195136,6,0,6
780312548885147650,6,0,6
780380752248725504,6,0,6
780785387048284161,6,0,6
780831622035705856,6,0,6
780918725042135040,6,0,6
781295880532000768,6,0,6
782250273901125632,6,0,6
782256040243060736,6,0,6
782329798756622336,6,1,7
782347556537901056,6,0,6
782500383059021824,6,1,7
783047966089179141,6,0,6
783106596721324032,6,1,7
783231864639193088,6,2,8
783530873354391552,6,0,6
784536953119178753,6,0,6
784684600316616704,6,0,6
784765635763068928,6,0,6
784789069976915973,6,0,6
784912978978168832,6,1,7
784970053527670784,6,0,6
785195916927967232,6,1,7
785239947116589057,6,0,6
785296396492693504,6,0,6
785329610129047553,6,0,6
785565388893368321,6,0,6
785567199901605889,6,0,6
785617160936812544,6,0,6
785656992295682048,6,2,8
785666425096577024,6,0,6
785668128328024064,6,2,8
785955017412911104,6,0,6
786184855407173632,6,0,6
786199867546894336,6,0,6
786369397975724032,6,0,6
786379286756196352,6,0,6
786435426273734656,6,0,6
786460844980703232,6,1,7
786644626501427200,6,0,6
786793654111248384,6,0,6
786808445982740481,6,2,8
786809257186385920,6,0,6
786905800946098176,6,0,6
786982781511282688,6,0,6
787102201441165312,6,0,6
787368751997984768,6,1,7
787618841815871488,6,1,7
787657035831730176,6,0,6
787789202465312768,6,0,6
788052886387249152,6,0,6
788060651616890884,6,0,6
788090433746460672,6,0,6
788107374473121792,6,1,7
788202661166194688,6,4,10
788478662454673409,6,0,6
788550189405446144,6,0,6
788582685581021184,6,1,7
788750155709353984,6,0,6
788792685356253185,6,0,6
788801644775378944,6,3,9
788844820542349312,6,0,6
788873581010624512,6,1,7
789263023357718528,6,0,6
789547647589908480,6,0,6
790003634947887104,6,0,6
790142471489646592,6,0,6
790166850973732865,6,0,6
790227577231249408,6,0,6
790287260205867009,6,1,7
790382193381998593,6,0,6
790676320388845568,6,0,6
790779761521856514,6,7,13
791046811196747776,6,0,6
791112479560433664,6,0,6
792031000356237312,6,1,7
792186337533255680,6,0,6
792336774831935488,6,1,7
792449779980603392,6,0,6
792719165828333568,6,0,6
793028836149567488,6,0,6
793076695410487296,6,1,7
793294513384980480,6,0,6
793317389467201538,6,0,6
793390350568075264,6,0,6
793725735047405568,6,0,6
794637117741789184,6,0,6
794933576550805504,6,1,7
795087262866427905,6,0,6
795091453416472577,6,0,6
795712834969759744,6,0,6
796198687882039296,6,0,6
796224801366949888,6,0,6
796279423062437889,6,0,6
796341430071545856,6,0,6
796413161519902720,6,0,6
796580641047453696,6,0,6
796598088634863617,6,0,6
796859943404138496,6,2,8
796891030155051009,6,1,7
797067853878927360,6,0,6
797472038675972096,6,0,6
797768694332096512,6,0,6
798086349316378624,6,1,7
798234593220362240,6,0,6
799089935378685953,6,0,6
799309138555785216,6,0,6
800135343953428480,6,0,6
800375946775707653,6,1,7
801459887377158145,6,1,7
804261682650419200,6,0,6
808156630286147585,6,3,9
1497,5,5,10
10904,5,15,20
458173,5,12,17
1134681,5,5,10
2521221,5,4,9
4207021,5,0,5
5723252,5,20,25
6751172,5,9,14
6839062,5,0,5
6945382,5,7,12
7352782,5,3,8
7435562,5,11,16
8444802,5,2,7
8548612,5,7,12
8941472,5,0,5
9521212,5,1,6
9853222,5,0,5
9945242,5,0,5
10695762,5,3,8
11016142,5,1,6
11040582,5,0,5
11757502,5,0,5
11809452,5,9,14
11966392,5,27,32
12134692,5,7,12
13078622,5,0,5
13142222,5,6,11
13175582,5,4,9
14081995,5,5,10
14109618,5,0,5
14173901,5,0,5
14184870,5,4,9
14186393,5,22,27
14270422,5,94,99
14323460,5,0,5
14337045,5,0,5
14346354,5,5,10
14471533,5,2,7
14479480,5,0,5
14482615,5,3,8
14500915,5,6,11
14532794,5,3,8
14548505,5,0,5
14577821,5,0,5
14619600,5,2,7
14626369,5,2,7
14677769,5,1,6
14723693,5,45,50
14758114,5,2,7
14877471,5,6,11
14883935,5,1,6
14925585,5,1,6
15077409,5,0,5
15099412,5,0,5
15119468,5,1,6
15129030,5,81,86
15145711,5,6,11
15192652,5,24,29
15291566,5,2,7
15355439,5,0,5
15363272,5,1,6
15371083,5,1,6
15394768,5,11,16
15410586,5,0,5
15447275,5,45,50
15463297,5,4,9
15480644,5,0,5
15552221,5,1,6
15567938,5,0,5
15632889,5,0,5
15693190,5,11,16
15703283,5,0,5
15726120,5,26,31
15772453,5,0,5
15800697,5,0,5
15810854,5,7,12
15816098,5,5,10
15844857,5,1,6
15871160,5,1,6
15969593,5,1,6
15985378,5,22,27
16043254,5,30,35
16060992,5,5,10
16077204,5,17,22
16088522,5,0,5
16088964,5,8,13
16106833,5,13,18
16148047,5,1,6
16188661,5,0,5
16190068,5,31,36
16222518,5,0,5
16244449,5,2,7
16269068,5,0,5
16273867,5,0,5
16280091,5,4,9
16340686,5,3,8
16350376,5,2,7
16381360,5,1,6
16384315,5,0,5
16423356,5,1,6
16467600,5,18,23
16474075,5,0,5
16638276,5,28,33
16641721,5,5,10
16653786,5,0,5
16721461,5,3,8
16734195,5,0,5
16773462,5,2,7
16798604,5,7,12
16911584,5,28,33
16946921,5,3,8
16974256,5,0,5
17060573,5,7,12
17202594,5,1,6
17230720,5,1,6
17247981,5,40,45
17263579,5,1,6
17302067,5,5,10
17322959,5,0,5
17346357,5,26,31
17392363,5,0,5
17467974,5,1,6
17525507,5,0,5
17643222,5,0,5
17659810,5,2,7
17687436,5,11,16
17728463,5,1,6
17825986,5,0,5
17851253,5,0,5
17887403,5,1,6
17924514,5,0,5
18036062,5,0,5
18048935,5,0,5
18088278,5,0,5
18186763,5,5,10
18190205,5,0,5
18219999,5,0,5
18272853,5,194,199
18284815,5,0,5
18367673,5,0,5
18423683,5,0,5
18458833,5,3,8
18478178,5,3,8
18486002,5,1,6
18576176,5,0,5
18666183,5,23,28
18732388,5,0,5
18793526,5,0,5
18799199,5,0,5
18834437,5,0,5
18880001,5,5,10
18887534,5,12,17
18926843,5,0,5
18949560,5,6,11
18988902,5,0,5
19024627,5,27,32
19030740,5,60,65
19050423,5,0,5
19114497,5,0,5
19222710,5,0,5
19273857,5,0,5
19382355,5,2,7
19439876,5,0,5
19468855,5,0,5
19476729,5,5,10
19483418,5,5,10
19509421,5,1,6
19545064,5,2,7
19577412,5,3,8
19590168,5,30,35
19730399,5,0,5
19831904,5,0,5
19876846,5,0,5
19877981,5,0,5
19884929,5,0,5
19918709,5,4,9
19990029,5,0,5
19994885,5,0,5
20018864,5,0,5
20031359,5,1,6
20086045,5,20,25
20106786,5,1,6
20208534,5,1,6
20285516,5,0,5
20295763,5,8,13
20334177,5,0,5
20391448,5,0,5
20420845,5,1,6
20434339,5,0,5
20505077,5,1,6
20592066,5,0,5
20599400,5,1,6
20601895,5,2,7
20628901,5,0,5
20662800,5,0,5
20725994,5,10,15
20787511,5,0,5
20820872,5,0,5
20833775,5,1,6
20960767,5,22,27
21013815,5,0,5
21056672,5,0,5
21217814,5,18,23
21230863,5,1,6
21243717,5,0,5
21253826,5,0,5
21315649,5,11,16
21348880,5,1,6
21395133,5,3,8
21428246,5,2,7
21429720,5,5,10
21450106,5,2,7
21517028,5,11,16
21565433,5,0,5
21609902,5,2,7
21612122,5,4,9
21707139,5,109,114
21758352,5,1,6
21779767,5,0,5
21784014,5,1,6
21785894,5,0,5
21788270,5,0,5
21827845,5,0,5
21914871,5,2,7
21937441,5,3,8
21955533,5,9,14
22034930,5,0,5
22171709,5,0,5
22179538,5,0,5
22221695,5,52,57
22278349,5,35,40
22296030,5,0,5
22360417,5,0,5
22368964,5,0,5
22519817,5,29,34
22583725,5,3,8
22589446,5,0,5
22678304,5,1,6
22688529,5,3,8
22705693,5,1,6
22739251,5,0,5
22762912,5,0,5
22807017,5,18,23
22832334,5,0,5
22855302,5,0,5
22866024,5,0,5
22891682,5,6,11
22906046,5,1,6
22973287,5,3,8
23027143,5,0,5
23075530,5,0,5
23125412,5,19,24
23154591,5,4,9
23219652,5,0,5
23240495,5,1,6
23281401,5,0,5
23342386,5,0,5
23376946,5,3,8
23516267,5,7,12
23546241,5,0,5
23553691,5,0,5
23608661,5,0,5
23692955,5,12,17
23838809,5,0,5
23870073,5,2,7
24053009,5,0,5
24079633,5,0,5
24148939,5,0,5
24233313,5,0,5
24253326,5,0,5
24384924,5,0,5
24501569,5,0,5
24545546,5,0,5
24545904,5,1,6
24641878,5,2,7
24677023,5,3,8
24822993,5,0,5
25183466,5,0,5
25365086,5,1,6
25375836,5,0,5
25550419,5,1,6
25562346,5,0,5
25603718,5,0,5
25727484,5,0,5
25761955,5,1,6
25789147,5,0,5
25810332,5,0,5
25811025,5,1,6
25835740,5,20,25
25898777,5,8,13
25899706,5,0,5
25912403,5,6,11
26033003,5,0,5
26119600,5,0,5
26134837,5,0,5
26229408,5,2,7
26284165,5,16,21
26391062,5,0,5
26528482,5,4,9
26558023,5,12,17
26560154,5,0,5
26564529,5,21,26
26652909,5,8,13
26774751,5,3,8
26827737,5,0,5
27069877,5,0,5
27072169,5,0,5
27101828,5,1,6
27186807,5,0,5
27227364,5,1,6
27266633,5,0,5
27284573,5,0,5
27402668,5,12,17
27446191,5,48,53
27460453,5,0,5
27591444,5,0,5
27637840,5,0,5
27651282,5,0,5
27730585,5,0,5
27799202,5,1,6
27867571,5,11,16
28051145,5,5,10
28251621,5,0,5
28292289,5,0,5
28309354,5,0,5
28310015,5,1,6
28344291,5,1,6
28585906,5,0,5
28741614,5,2,7
28767228,5,0,5
28882005,5,4,9
28939533,5,1,6
28993587,5,10,15
29019009,5,2,7
29090846,5,6,11
29115212,5,0,5
29205828,5,1,6
29384094,5,0,5
29430056,5,4,9
29659976,5,0,5
29974662,5,0,5
29975265,5,0,5
30275326,5,8,13
30300903,5,1,6
30318790,5,0,5
30447319,5,0,5
30495490,5,0,5
30512862,5,0,5
30613577,5,17,22
30681173,5,4,9
30775888,5,0,5
30907264,5,0,5
30947588,5,6,11
31020455,5,0,5
31133502,5,0,5
31265183,5,0,5
31328554,5,4,9
31448867,5,0,5
31451487,5,0,5
31454104,5,1,6
31642877,5,0,5
32058685,5,2,7
32194167,5,41,46
32227565,5,0,5
32280889,5,1,6
32293883,5,0,5
32394756,5,1,6
32441255,5,0,5
32484559,5,1,6
32683581,5,0,5
32739743,5,3,8
32818744,5,0,5
32919802,5,8,13
32929848,5,14,19
32943130,5,0,5
32974518,5,1,6
32991235,5,0,5
33391763,5,0,5
33514012,5,35,40
33515643,5,0,5
33595209,5,0,5
33617326,5,0,5
33782199,5,0,5
33805009,5,1,6
33884704,5,0,5
34291716,5,2,7
34390797,5,0,5
34434907,5,6,11
34458884,5,0,5
34973095,5,0,5
34987197,5,2,7
35074182,5,0,5
35111716,5,0,5
35276709,5,0,5
35373511,5,0,5
35404023,5,0,5
35406114,5,2,7
35461411,5,0,5
35461453,5,0,5
35595819,5,0,5
35622166,5,5,10
35706221,5,1,6
35761681,5,5,10
35768314,5,2,7
35839119,5,14,19
35848766,5,1,6
36054492,5,0,5
36166115,5,5,10
36413869,5,0,5
36597234,5,0,5
36707754,5,0,5
37029661,5,8,13
37050929,5,1,6
37333997,5,0,5
37352336,5,0,5
37427720,5,0,5
37428496,5,0,5
37466254,5,0,5
37608383,5,0,5
37719186,5,0,5
37825732,5,10,15
37841736,5,6,11
37842578,5,5,10
37951988,5,1,6
37965649,5,0,5
38091140,5,1,6
38212314,5,0,5
38255997,5,3,8
38560234,5,0,5
38578030,5,0,5
38584053,5,2,7
38731505,5,0,5
38753917,5,70,75
38784918,5,14,19
38805559,5,3,8
38877666,5,0,5
38955533,5,0,5
38996285,5,0,5
39003445,5,0,5
39037677,5,5,10
39080789,5,1,6
39567488,5,41,46
39601873,5,4,9
39721831,5,1,6
39741568,5,0,5
39790896,5,1,6
39854730,5,1,6
39940549,5,0,5
40186972,5,0,5
40464655,5,0,5
40480853,5,0,5
40881969,5,9,14
40932304,5,2,7
40948247,5,0,5
41012342,5,0,5
41060663,5,1,6
41357742,5,0,5
41432314,5,1,6
41436346,5,1,6
41465507,5,59,64
41831243,5,3,8
41989244,5,0,5
42143561,5,0,5
42198754,5,23,28
42330367,5,0,5
42393601,5,0,5
42525559,5,0,5
42663654,5,0,5
42702682,5,3,8
42721187,5,1,6
42731860,5,76,81
42787431,5,3,8
42839235,5,0,5
43374193,5,0,5
43412697,5,9,14
43433353,5,70,75
43464027,5,24,29
43513640,5,1,6
43617297,5,0,5
43702580,5,0,5
44098068,5,0,5
44183611,5,1,6
44185285,5,7,12
44454044,5,0,5
44631291,5,0,5
44729745,5,0,5
44740493,5,1,6
45157061,5,145,150
45184179,5,0,5
45622870,5,0,5
45684134,5,5,10
45923971,5,0,5
45932538,5,0,5
45957681,5,7,12
46005773,5,0,5
46055686,5,1,6
46060722,5,1,6
46091465,5,0,5
46338888,5,1,6
46821743,5,13,18
47080477,5,1,6
47152545,5,40,45
47202691,5,0,5
47451496,5,6,11
47618837,5,0,5
47647326,5,0,5
47684659,5,9,14
47816127,5,2,7
47824012,5,0,5
47858151,5,0,5
48128080,5,12,17
48256173,5,0,5
48381939,5,0,5
48385381,5,1,6
48401114,5,0,5
48552480,5,0,5
48681447,5,75,80
48927860,5,1,6
49033918,5,0,5
49134710,5,1,6
49143868,5,0,5
49225170,5,0,5
49271918,5,0,5
49293276,5,5,10
49595009,5,2,7
49678418,5,0,5
49763576,5,0,5
49846164,5,0,5
50317343,5,0,5
50462319,5,1,6
50785229,5,0,5
50908275,5,0,5
50921588,5,0,5
51333535,5,9,14
51461863,5,0,5
51515176,5,0,5
51590281,5,27,32
51934504,5,1,6
51945370,5,19,24
52331777,5,0,5
52605277,5,7,12
52633708,5,0,5
52729667,5,43,48
52904093,5,1,6
53066957,5,0,5
53159776,5,0,5
53221731,5,0,5
53265968,5,0,5
53423770,5,0,5
53490833,5,1,6
53725830,5,1,6
53840235,5,0,5
53854153,5,0,5
53999460,5,5,10
54466755,5,1,6
54474651,5,0,5
54694601,5,5,10
54898195,5,0,5
54910313,5,0,5
54920741,5,0,5
55074692,5,5,10
55265262,5,0,5
55323490,5,0,5
55355294,5,0,5
55422026,5,1,6
55437528,5,0,5
55567369,5,4,9
55866121,5,0,5
55923746,5,0,5
55983001,5,0,5
56738013,5,8,13
56938314,5,0,5
57393926,5,0,5
57576673,5,0,5
57835275,5,1,6
57895796,5,0,5
58744497,5,12,17
58981717,5,44,49
59436470,5,0,5
59562550,5,0,5
59581076,5,61,66
59822815,5,1,6
59929236,5,0,5
60069699,5,0,5
60352974,5,0,5
60478837,5,0,5
60745382,5,0,5
60802498,5,0,5
60924767,5,0,5
61218761,5,2,7
61238253,5,0,5
61251516,5,0,5
61289232,5,0,5
61558438,5,0,5
61729718,5,1,6
61784540,5,0,5
61827084,5,0,5
62038271,5,5,10
62165659,5,9,14
62532712,5,1,6
62580105,5,0,5
62655399,5,1,6
62743904,5,18,23
63012546,5,0,5
63985089,5,1,6
64087291,5,0,5
64256758,5,13,18
64334657,5,0,5
64478700,5,1,6
64657863,5,3,8
64721998,5,0,5
64967531,5,0,5
65176627,5,0,5
65260704,5,0,5
65497052,5,1,6
65572289,5,28,33
65680589,5,1,6
65755698,5,2,7
65878508,5,0,5
66478969,5,2,7
66685550,5,0,5
66934608,5,0,5
67686362,5,1,6
68071773,5,4,9
68190742,5,0,5
68378642,5,10,15
68506009,5,1,6
68775194,5,6,11
69111167,5,4,9
69386327,5,8,13
69744495,5,0,5
69777110,5,1,6
70101548,5,0,5
70293699,5,6,11
70424767,5,5,10
70436658,5,0,5
70879242,5,0,5
70881796,5,1,6
72098839,5,0,5
72932247,5,0,5
73204793,5,44,49
73662599,5,1,6
74247774,5,1,6
74476740,5,0,5
74624210,5,0,5
75077990,5,0,5
75883640,5,6,11
76447557,5,0,5
77143479,5,1,6
77300110,5,0,5
77693039,5,1,6
77718529,5,0,5
77870937,5,0,5
78039398,5,1,6
78103711,5,0,5
78338137,5,0,5
78353529,5,0,5
79139513,5,0,5
79497923,5,0,5
79860619,5,0,5
80043660,5,0,5
80935589,5,3,8
81016687,5,0,5
81466703,5,0,5
82443756,5,1,6
82539274,5,0,5
83021067,5,0,5
83168628,5,0,5
83382182,5,0,5
83666834,5,0,5
84132715,5,10,15
85612087,5,0,5
86010925,5,0,5
86146534,5,13,18
86535361,5,2,7
86778651,5,0,5
87463449,5,0,5
87869624,5,96,101
88000802,5,0,5
88199557,5,0,5
88209689,5,26,31
88235310,5,0,5
88276495,5,0,5
88304447,5,1,6
88772059,5,0,5
89147011,5,0,5
89258328,5,0,5
89287551,5,0,5
89325423,5,0,5
91010436,5,4,9
91021043,5,1,6
91145973,5,0,5
91457710,5,0,5
91522306,5,4,9
91699405,5,0,5
91956571,5,13,18
92050573,5,0,5
94154691,5,39,44
94478708,5,0,5
95492577,5,0,5
95506130,5,0,5
95756939,5,0,5
95941992,5,1,6
96316898,5,0,5
96502351,5,0,5
96580607,5,0,5
96707339,5,0,5
96807056,5,0,5
96944565,5,0,5
96953563,5,0,5
97792916,5,47,52
98501906,5,0,5
98887266,5,0,5
99794792,5,9,14
100032683,5,2,7
100250921,5,3,8
100683705,5,1,6
100891481,5,6,11
100987374,5,101,106
102832023,5,1,6
103084723,5,0,5
103891910,5,2,7
104092566,5,7,12
104567143,5,0,5
104714937,5,8,13
104821327,5,0,5
105029058,5,0,5
105142322,5,0,5
105326402,5,1,6
106708211,5,0,5
107159732,5,0,5
107186754,5,5,10
107231140,5,0,5
107625309,5,0,5
108042545,5,6,11
108282821,5,0,5
108803086,5,3,8
108953153,5,0,5
109136080,5,0,5
109138285,5,0,5
109404985,5,71,76
109507118,5,9,14
110263832,5,10,15
110790564,5,1,6
111155425,5,0,5
111332093,5,2,7
111382943,5,1,6
111387549,5,2,7
111474242,5,0,5
111581424,5,0,5
112053850,5,1,6
113081744,5,0,5
113493267,5,1,6
114288507,5,10,15
114356391,5,0,5
114537451,5,0,5
114616686,5,0,5
114658476,5,1,6
114937577,5,0,5
115787929,5,0,5
116316207,5,0,5
116602830,5,0,5
116960062,5,36,41
116981306,5,1,6
117227513,5,1,6
117259272,5,0,5
118078381,5,1,6
118199574,5,1,6
118289772,5,5,10
118355447,5,0,5
118606503,5,0,5
119044171,5,0,5
119771879,5,1,6
120559456,5,3,8
120897119,5,0,5
120949200,5,0,5
120965844,5,0,5
121227383,5,0,5
121815949,5,1,6
122445239,5,0,5
122700135,5,0,5
123732406,5,0,5
123735665,5,4,9
123977554,5,0,5
124412340,5,0,5
124504002,5,0,5
125980963,5,0,5
126007874,5,2,7
127036157,5,4,9
127126968,5,1,6
127728557,5,1,6
127784285,5,0,5
128030995,5,0,5
128092915,5,1,6
128650769,5,1,6
128773602,5,0,5
129046320,5,1,6
130068809,5,0,5
130221312,5,0,5
130238773,5,0,5
130459631,5,0,5
130662357,5,23,28
130857253,5,1,6
131038280,5,50,55
131328613,5,14,19
131511674,5,0,5
131809111,5,2,7
131977558,5,1,6
133421610,5,0,5
133815569,5,1,6
133893157,5,2,7
133982697,5,0,5
135649646,5,0,5
135980373,5,1,6
136141846,5,5,10
137307287,5,1,6
137368949,5,2,7
137561064,5,1,6
137718722,5,63,68
138142055,5,0,5
138744507,5,1,6
138861026,5,9,14
140449519,5,19,24
140506338,5,24,29
140531098,5,0,5
140677151,5,0,5
140997828,5,0,5
141296026,5,0,5
141624272,5,0,5
142109657,5,9,14
142258986,5,0,5
143608757,5,0,5
143818068,5,0,5
145004689,5,0,5
145379683,5,0,5
145838509,5,16,21
145875896,5,0,5
145884912,5,0,5
146146230,5,0,5
146608813,5,0,5
146677265,5,2,7
146925516,5,0,5
147388577,5,2,7
147405712,5,0,5
148103380,5,0,5
148146010,5,0,5
148604986,5,0,5
149319055,5,1,6
150573390,5,0,5
150685462,5,0,5
151308000,5,0,5
151706971,5,0,5
151792927,5,0,5
152001007,5,0,5
152145921,5,1,6
152290393,5,0,5
152785988,5,6,11
152890108,5,0,5
153576791,5,1,6
153855706,5,0,5
154033631,5,0,5
154698661,5,3,8
155054219,5,0,5
155259314,5,0,5
156004851,5,0,5
156306739,5,34,39
157398659,5,22,27
157513753,5,0,5
159007827,5,0,5
159549205,5,0,5
159710402,5,42,47
160183289,5,7,12
160184349,5,1,6
160464107,5,0,5
160975748,5,24,29
160998794,5,5,10
161293271,5,0,5
161387747,5,9,14
161625409,5,0,5
162047084,5,0,5
162847007,5,1,6
163992822,5,0,5
164252124,5,0,5
164574480,5,4,9
164976777,5,1,6
166254607,5,0,5
168569436,5,0,5
168717945,5,67,72
168728236,5,0,5
168903233,5,7,12
169388909,5,0,5
169536421,5,52,57
170019894,5,12,17
170268437,5,6,11
170833474,5,0,5
171514767,5,2,7
171652654,5,1,6
171737535,5,2,7
172190065,5,0,5
172279923,5,2,7
172626911,5,6,11
172748155,5,12,17
173028283,5,0,5
173932144,5,0,5
173964792,5,9,14
174053560,5,0,5
174274321,5,1,6
174364647,5,1,6
175264207,5,0,5
175452918,5,12,17
175472962,5,6,11
175530941,5,43,48
175985856,5,2,7
176200983,5,0,5
177828606,5,24,29
177976646,5,4,9
179099202,5,0,5
179355222,5,0,5
179831374,5,0,5
180209895,5,0,5
183409796,5,0,5
184165102,5,0,5
185583951,5,35,40
185648300,5,1,6
185962238,5,17,22
186064327,5,1,6
186501062,5,26,31
186519719,5,2,7
186949186,5,24,29
188749480,5,0,5
189471696,5,71,76
190748763,5,11,16
190761542,5,0,5
191446693,5,1,6
191702150,5,0,5
192178244,5,0,5
192499449,5,1,6
193129740,5,2,7
193364546,5,0,5
193747130,5,0,5
194608309,5,0,5
194681864,5,0,5
194771364,5,11,16
194855672,5,1,6
195476777,5,0,5
195533491,5,0,5
196577393,5,0,5
197408511,5,0,5
198010407,5,0,5
198039574,5,12,17
198414354,5,0,5
200787068,5,0,5
201376183,5,0,5
201800268,5,1,6
201860898,5,0,5
202164048,5,1,6
202514999,5,0,5
204262657,5,0,5
205317939,5,0,5
205371878,5,6,11
206919813,5,16,21
207286451,5,0,5
207301265,5,0,5
207459741,5,0,5
208059447,5,7,12
208730928,5,0,5
209219798,5,0,5
209489475,5,0,5
209782044,5,0,5
209936111,5,0,5
210291385,5,1,6
210956834,5,1,6
211025537,5,1,6
211195337,5,0,5
211955724,5,0,5
212942999,5,4,9
213144333,5,3,8
214153391,5,13,18
214350756,5,0,5
214720264,5,0,5
216542945,5,0,5
216669640,5,11,16
216770253,5,2,7
217392201,5,0,5
217724140,5,0,5
218123602,5,0,5
218594745,5,0,5
218773621,5,0,5
219054210,5,0,5
219090230,5,0,5
220147248,5,0,5
221707278,5,16,21
221972638,5,0,5
222074407,5,0,5
222256680,5,0,5
223123952,5,0,5
224111514,5,0,5
224786514,5,2,7
225073016,5,0,5
225858323,5,0,5
225981661,5,1,6
226557384,5,0,5
226633507,5,1,6
226759450,5,13,18
227348993,5,4,9
229950802,5,0,5
231570280,5,0,5
232797727,5,10,15
233052530,5,1,6
233169879,5,0,5
233322321,5,8,13
233788237,5,0,5
234581403,5,0,5
234726870,5,0,5
235356247,5,0,5
235718672,5,8,13
235769411,5,0,5
235984570,5,2,7
236106747,5,0,5
236474276,5,1,6
236595282,5,1,6
236734401,5,0,5
237343057,5,22,27
237353202,5,0,5
237459440,5,3,8
237757377,5,1,6
238443617,5,0,5
238721781,5,0,5
238763830,5,2,7
240110430,5,1,6
241196051,5,0,5
241257983,5,0,5
241413789,5,4,9
243029403,5,0,5
243825867,5,0,5
244086083,5,5,10
244311464,5,1,6
244459746,5,5,10
244740120,5,35,40
244844547,5,0,5
245195894,5,0,5
245792825,5,0,5
246119772,5,0,5
246161173,5,0,5
246308402,5,0,5
246498459,5,0,5
248066869,5,0,5
248538878,5,33,38
248666088,5,5,10
248876047,5,0,5
249007469,5,0,5
249834807,5,0,5
250307413,5,0,5
250470863,5,2,7
250776493,5,35,40
251358589,5,2,7
251485748,5,2,7
251824244,5,0,5
252044608,5,0,5
252192750,5,0,5
252896293,5,1,6
253227576,5,2,7
254194034,5,1,6
254282314,5,0,5
254410443,5,0,5
254495732,5,0,5
254564885,5,0,5
254591547,5,2,7
254663576,5,9,14
254701863,5,0,5
254873869,5,7,12
255229452,5,1,6
256669236,5,0,5
256693556,5,11,16
257475749,5,0,5
257666835,5,1,6
257799434,5,0,5
259240479,5,86,91
259350892,5,0,5
259858913,5,28,33
259920872,5,35,40
260347798,5,2,7
260579070,5,0,5
261981819,5,0,5
262162159,5,0,5
262400444,5,2,7
262426457,5,0,5
262811375,5,0,5
262830649,5,0,5
262887351,5,0,5
262975705,5,1,6
263114477,5,0,5
263184521,5,0,5
263333819,5,3,8
264377952,5,0,5
264552316,5,0,5
265164755,5,0,5
265936127,5,0,5
266300779,5,3,8
266389455,5,0,5
268425888,5,1,6
269130823,5,0,5
269557127,5,0,5
269769849,5,0,5
270528803,5,69,74
270530292,5,0,5
271641029,5,1,6
271847724,5,0,5
272380171,5,5,10
272972289,5,0,5
273225539,5,1,6
273560019,5,0,5
274179146,5,2,7
274274301,5,3,8
274714245,5,0,5
275201038,5,0,5
276285781,5,0,5
276625504,5,0,5
276704067,5,0,5
276823861,5,0,5
277200557,5,0,5
277276681,5,3,8
277525871,5,0,5
277844451,5,2,7
278192831,5,5,10
278302338,5,0,5
278324085,5,0,5
278865320,5,6,11
279271021,5,7,12
279822815,5,1,6
280348652,5,0,5
281645871,5,3,8
282834921,5,0,5
283215530,5,0,5
283366045,5,0,5
283501843,5,1,6
284364950,5,0,5
285178736,5,1,6
285761256,5,9,14
287950463,5,0,5
288755234,5,17,22
289041919,5,0,5
289464251,5,0,5
289702880,5,9,14
290195473,5,8,13
290533840,5,6,11
290692528,5,0,5
291371152,5,3,8
291780711,5,27,32
292602299,5,0,5
293720871,5,0,5
294939240,5,1,6
294945604,5,1,6
295128147,5,1,6
296862661,5,0,5
296926844,5,0,5
297126538,5,0,5
298476496,5,0,5
299410168,5,0,5
299919089,5,0,5
300074405,5,0,5
300276016,5,0,5
300364311,5,0,5
301513955,5,0,5
301560989,5,0,5
301628782,5,3,8
301791169,5,88,93
302649180,5,0,5
302777495,5,1,6
302991001,5,9,14
303166615,5,0,5
303316854,5,0,5
303328351,5,0,5
304573768,5,1,6
305021575,5,4,9
305851676,5,0,5
306577453,5,0,5
306814364,5,1,6
307365167,5,0,5
307604958,5,3,8
308309442,5,0,5
308329253,5,0,5
309280019,5,0,5
309662743,5,2,7
309705204,5,0,5
310425304,5,18,23
310586465,5,3,8
310801085,5,0,5
311294335,5,1,6
311777508,5,0,5
312208280,5,0,5
312351978,5,1,6
312534209,5,1,6
313103646,5,12,17
313953319,5,3,8
314047028,5,0,5
314840560,5,2,7
316057126,5,2,7
316091091,5,1,6
316188153,5,0,5
316844043,5,0,5
317498941,5,0,5
318887803,5,0,5
319420349,5,0,5
320762878,5,2,7
321689848,5,0,5
322193381,5,0,5
322748311,5,2,7
322864415,5,1,6
322886666,5,2,7
323375285,5,6,11
325300874,5,0,5
325991512,5,0,5
326257962,5,0,5
326364701,5,0,5
326709238,5,0,5
326831609,5,0,5
326957691,5,34,39
327365215,5,3,8
327734566,5,3,8
328043128,5,0,5
328766384,5,0,5
328888495,5,1,6
329141674,5,1,6
329276061,5,5,10
329800098,5,0,5
329839187,5,1,6
329925452,5,5,10
330103805,5,3,8
330497152,5,0,5
331615894,5,0,5
333238347,5,0,5
333341480,5,0,5
334010075,5,0,5
334130885,5,0,5
334904896,5,0,5
335569950,5,1,6
335697921,5,0,5
336041336,5,0,5
336967446,5,0,5
339082008,5,1,6
339185452,5,0,5
339307160,5,0,5
339736269,5,25,30
339794231,5,2,7
340309529,5,0,5
342799650,5,0,5
343024042,5,0,5
343090760,5,0,5
343442847,5,2,7
343737556,5,0,5
344005669,5,0,5
344100787,5,28,33
344130248,5,0,5
344194423,5,0,5
344298377,5,10,15
344462298,5,1,6
344723414,5,40,45
344854154,5,7,12
345120618,5,0,5
346574044,5,0,5
346682052,5,0,5
348408665,5,0,5
348733987,5,0,5
349931324,5,3,8
350004152,5,1,6
350125260,5,1,6
350887631,5,0,5
351701011,5,0,5
351811874,5,0,5
352005726,5,0,5
352098617,5,2,7
352863664,5,0,5
353200514,5,11,16
353375345,5,1,6
353879012,5,1,6
353879106,5,15,20
354537587,5,0,5
355163522,5,1,6
355292184,5,0,5
355577666,5,5,10
355633084,5,0,5
356104964,5,0,5
356273590,5,0,5
356604591,5,1,6
356979789,5,18,23
357086764,5,0,5
357359576,5,0,5
357778969,5,1,6
358463460,5,0,5
359125646,5,0,5
359511471,5,0,5
360369653,5,5,10
361935088,5,6,11
362164083,5,0,5
362538733,5,0,5
364384953,5,0,5
364601868,5,46,51
365713922,5,0,5
366352424,5,0,5
367482969,5,8,13
367827745,5,0,5
368144980,5,0,5
368710445,5,0,5
368928149,5,6,11
370227832,5,0,5
371509134,5,3,8
371943003,5,3,8
372497055,5,1,6
373053064,5,0,5
373114398,5,1,6
373539741,5,0,5
373970722,5,0,5
374021623,5,3,8
374253783,5,1,6
374675934,5,2,7
374798287,5,0,5
375462311,5,1,6
375893657,5,8,13
376785443,5,0,5
376876772,5,57,62
377534791,5,0,5
377565477,5,21,26
377595990,5,0,5
377649830,5,2,7
377778216,5,1,6
378798144,5,0,5
380503255,5,0,5
381268614,5,0,5
381293930,5,5,10
382591747,5,0,5
382764378,5,0,5
382973958,5,0,5
383650129,5,4,9
384165163,5,0,5
384992455,5,0,5
385058326,5,1,6
385296434,5,1,6
385335334,5,0,5
385645876,5,0,5
386056280,5,4,9
386081713,5,66,71
386714260,5,0,5
387096686,5,7,12
388379132,5,1,6
389798649,5,5,10
390116502,5,0,5
390682767,5,0,5
391051053,5,9,14
391465047,5,4,9
392708757,5,6,11
393463444,5,10,15
394163514,5,0,5
394334112,5,3,8
394721380,5,1,6
394916752,5,0,5
395045176,5,2,7
395552854,5,0,5
395628840,5,0,5
395891339,5,0,5
398234242,5,0,5
398983621,5,0,5
399236951,5,1,6
399702313,5,0,5
399777038,5,0,5
401110853,5,0,5
402829053,5,1,6
403142058,5,1,6
406431568,5,0,5
406648294,5,0,5
407331807,5,0,5
407407474,5,0,5
408154187,5,0,5
408219053,5,1,6
408997692,5,0,5
409144309,5,0,5
409597669,5,7,12
409767100,5,0,5
410435114,5,1,6
410699811,5,0,5
413514250,5,4,9
415878019,5,6,11
415951586,5,0,5
417308726,5,0,5
417553124,5,0,5
418548489,5,0,5
419882839,5,0,5
420950741,5,0,5
421007103,5,1,6
421372324,5,0,5
422192213,5,5,10
422536990,5,0,5
423106023,5,7,12
423238733,5,0,5
423831170,5,6,11
423858681,5,0,5
424656049,5,0,5
424757589,5,0,5
424760507,5,1,6
425063732,5,0,5
425296438,5,1,6
425310081,5,9,14
425339257,5,0,5
425511467,5,22,27
426424795,5,0,5
426916108,5,0,5
427515851,5,9,14
427725775,5,0,5
428690885,5,0,5
429551076,5,1,6
430853722,5,0,5
431128034,5,0,5
431689234,5,0,5
431743106,5,0,5
432062574,5,2,7
432486797,5,0,5
433362653,5,18,23
434193645,5,0,5
435455975,5,0,5
435533981,5,0,5
436240799,5,2,7
436245573,5,0,5
437092863,5,8,13
437877779,5,3,8
437970401,5,0,5
439138974,5,0,5
441111491,5,11,16
441500344,5,26,31
442592573,5,0,5
443294664,5,0,5
445798322,5,0,5
446185500,5,0,5
446280711,5,0,5
446653924,5,0,5
448094092,5,1,6
448135102,5,0,5
448442376,5,0,5
449177559,5,0,5
449226485,5,2,7
449372154,5,0,5
449890803,5,0,5
451060512,5,2,7
451919642,5,1,6
452137093,5,2,7
452200624,5,0,5
452562735,5,0,5
453407600,5,3,8
454114730,5,1,6
454389074,5,2,7
455081148,5,0,5
455101220,5,2,7
457119703,5,0,5
457659073,5,0,5
457803510,5,1,6
458134164,5,2,7
458473342,5,0,5
458558480,5,0,5
458645492,5,0,5
458655541,5,0,5
459340156,5,0,5
459360310,5,0,5
460338364,5,12,17
462679202,5,0,5
465072875,5,0,5
465102937,5,0,5
465753888,5,0,5
466188223,5,0,5
466883028,5,9,14
467083430,5,1,6
467589616,5,0,5
470097222,5,1,6
470311095,5,10,15
473048213,5,0,5
474450287,5,135,140
476882097,5,0,5
477981789,5,0,5
478855762,5,1,6
479236813,5,0,5
479821390,5,0,5
482199226,5,0,5
482981933,5,0,5
483059525,5,0,5
484164076,5,0,5
484281318,5,0,5
484905293,5,0,5
485700865,5,1,6
485961855,5,0,5
487312375,5,0,5
487394203,5,1,6
489020907,5,1,6
490808687,5,0,5
490936163,5,63,68
493408040,5,0,5
494232319,5,0,5
494259870,5,9,14
494747035,5,3,8
495573701,5,0,5
497178013,5,5,10
497200393,5,6,11
497326141,5,0,5
497382276,5,0,5
497392427,5,0,5
498324020,5,8,13
498733074,5,0,5
499876766,5,0,5
506402990,5,0,5
506821908,5,0,5
509064573,5,0,5
509418625,5,0,5
509506550,5,1,6
509677951,5,0,5
510868271,5,0,5
511167564,5,35,40
511462837,5,0,5
512174280,5,1,6
512977970,5,0,5
514636052,5,1,6
514795235,5,0,5
514987358,5,5,10
516457734,5,0,5
517835930,5,15,20
518233824,5,1,6
518937190,5,12,17
519367233,5,0,5
520122398,5,0,5
521258028,5,0,5
522745525,5,3,8
525608651,5,0,5
525695332,5,0,5
525825263,5,0,5
525874754,5,2,7
527290048,5,0,5
527891471,5,0,5
528069706,5,1,6
529590556,5,2,7
529634000,5,0,5
529794908,5,8,13
530868314,5,0,5
531211626,5,0,5
531375704,5,6,11
531490262,5,0,5
531510828,5,3,8
531547139,5,0,5
532242610,5,0,5
532265274,5,0,5
532555829,5,0,5
532611579,5,0,5
532667020,5,0,5
532759492,5,1,6
533593494,5,0,5
533644766,5,0,5
533778808,5,1,6
534200025,5,4,9
534291903,5,0,5
534840108,5,2,7
535787741,5,0,5
537765788,5,0,5
539079008,5,1,6
539104576,5,7,12
539580184,5,0,5
540101579,5,0,5
540295089,5,0,5
540379337,5,33,38
540506535,5,1,6
541171533,5,1,6
541213195,5,2,7
541277119,5,0,5
541881526,5,0,5
541914560,5,5,10
542112461,5,1,6
542938450,5,1,6
543091815,5,0,5
545347659,5,0,5
545416888,5,0,5
545438622,5,0,5
546530566,5,0,5
547748646,5,5,10
547893003,5,0,5
551601164,5,1,6
552037899,5,0,5
552180552,5,13,18
552401136,5,0,5
553069364,5,0,5
553165477,5,1,6
554491782,5,0,5
554617385,5,5,10
554807813,5,0,5
555705312,5,0,5
555832700,5,0,5
557084552,5,11,16
558369903,5,0,5
558948307,5,1,6
559978530,5,0,5
560799958,5,0,5
560803984,5,0,5
560833871,5,143,148
561648188,5,27,32
563818933,5,0,5
564294432,5,0,5
564344577,5,1,6
564824849,5,0,5
565133558,5,0,5
567298651,5,0,5
567414860,5,0,5
573137819,5,0,5
574031104,5,0,5
575031921,5,0,5
575887551,5,7,12
577383147,5,0,5
577434930,5,0,5
578039982,5,1,6
578257014,5,0,5
581432854,5,0,5
582256421,5,0,5
585725732,5,15,20
586617002,5,0,5
587698095,5,0,5
587799806,5,0,5
589579448,5,1,6
590790404,5,0,5
591519096,5,1,6
593113180,5,0,5
593959216,5,3,8
594068074,5,0,5
594533938,5,0,5
594702996,5,0,5
596812930,5,5,10
599362583,5,0,5
600036476,5,0,5
600253106,5,0,5
600565816,5,12,17
601066975,5,7,12
601603689,5,13,18
603021174,5,0,5
603186813,5,0,5
603369621,5,0,5
603970443,5,1,6
604606137,5,0,5
606762266,5,0,5
610322010,5,0,5
611337173,5,23,28
612650837,5,1,6
615451322,5,1,6
616300807,5,0,5
616474101,5,1,6
617628480,5,0,5
617981827,5,0,5
618536860,5,20,25
618932843,5,0,5
619614406,5,9,14
620689391,5,0,5
621019140,5,1,6
621123905,5,1,6
621459119,5,1,6
622445167,5,0,5
623843973,5,0,5
623896609,5,0,5
624004133,5,0,5
624588632,5,0,5
625042108,5,0,5
625170711,5,0,5
625576876,5,0,5
625800769,5,37,42
625821647,5,7,12
627784886,5,0,5
628417129,5,15,20
629315765,5,0,5
629399712,5,0,5
629722128,5,0,5
631849418,5,0,5
633529744,5,0,5
635810874,5,2,7
635849859,5,0,5
708178349,5,0,5
708182479,5,1,6
712304106,5,1,6
712931439,5,0,5
713363258,5,0,5
713396013,5,0,5
714345107,5,0,5
714475560,5,0,5
715214449,5,0,5
716343331,5,1,6
716823321,5,12,17
717692852,5,10,15
718098752,5,1,6
721051892,5,0,5
724134613,5,0,5
724338606,5,0,5
724674030,5,0,5
725355884,5,0,5
726798200,5,0,5
727805802,5,0,5
728295499,5,0,5
729698192,5,18,23
731803688,5,40,45
733897195,5,1,6
734604805,5,0,5
740600552,5,21,26
741835609,5,0,5
742616646,5,0,5
748557859,5,1,6
753035756,5,1,6
754775250,5,63,68
755255713,5,0,5
755269914,5,0,5
755527716,5,2,7
757462411,5,1,6
757520652,5,5,10
757637664,5,0,5
757952670,5,0,5
758920848,5,0,5
759581804,5,10,15
760368025,5,19,24
760504536,5,0,5
764874984,5,0,5
765942654,5,0,5
766013149,5,0,5
766637010,5,0,5
772183002,5,0,5
772678230,5,1,6
777463830,5,0,5
785360114,5,0,5
787337426,5,0,5
789629564,5,10,15
790099830,5,0,5
790717488,5,0,5
791679762,5,1,6
793048945,5,2,7
794444510,5,1,6
796292533,5,39,44
796905463,5,29,34
803220132,5,0,5
803663671,5,1,6
803775529,5,1,6
807634700,5,0,5
809826704,5,0,5
809924689,5,8,13
811219032,5,32,37
811783063,5,0,5
812639126,5,0,5
812987035,5,0,5
814301197,5,0,5
819501247,5,3,8
820833655,5,1,6
821879334,5,0,5
822109285,5,17,22
822189186,5,0,5
823495092,5,0,5
826103412,5,5,10
827498942,5,0,5
829471585,5,0,5
829805024,5,0,5
831212154,5,0,5
832249872,5,1,6
842718474,5,16,21
845893680,5,29,34
845962794,5,0,5
849121044,5,0,5
849906277,5,0,5
849998096,5,2,7
850302914,5,0,5
850392811,5,0,5
851870941,5,0,5
854045502,5,0,5
859671068,5,0,5
859718922,5,0,5
860542220,5,1,6
860640109,5,3,8
860736601,5,0,5
860759562,5,0,5
861863150,5,0,5
862036698,5,0,5
862366537,5,0,5
863171418,5,0,5
863828790,5,0,5
864725287,5,0,5
865675081,5,60,65
866850841,5,0,5
868810314,5,0,5
872618270,5,1,6
872649847,5,0,5
872896560,5,0,5
874482116,5,2,7
875560238,5,16,21
876889116,5,1,6
878577109,5,0,5
880259844,5,2,7
883497260,5,0,5
884893716,5,0,5
885565735,5,0,5
891714356,5,12,17
893630742,5,36,41
893989668,5,2,7
894262410,5,1,6
894474151,5,0,5
896110004,5,34,39
896673626,5,12,17
899769763,5,1,6
900104359,5,1,6
902052488,5,0,5
902666742,5,0,5
906667627,5,3,8
908147227,5,0,5
908489023,5,12,17
908715523,5,0,5
908721204,5,0,5
909618422,5,0,5
911401429,5,0,5
911713981,5,2,7
912753847,5,0,5
915673998,5,0,5
918204260,5,0,5
920442636,5,5,10
921280885,5,7,12
922047901,5,1,6
926772876,5,23,28
926833411,5,2,7
927199453,5,0,5
930953018,5,60,65
931233900,5,21,26
931346941,5,29,34
932163331,5,0,5
932752201,5,0,5
935189882,5,1,6
935575999,5,0,5
935757499,5,0,5
936079812,5,0,5
937098428,5,1,6
937973472,5,0,5
939743887,5,1,6
942185744,5,4,9
942309008,5,0,5
944670074,5,0,5
945915019,5,0,5
946667419,5,1,6
948902622,5,0,5
948991548,5,0,5
958658772,5,0,5
958676863,5,0,5
959463625,5,0,5
961659564,5,37,42
970696572,5,0,5
975052814,5,1,6
977420312,5,0,5
978900576,5,0,5
979621957,5,11,16
984858350,5,0,5
985343778,5,0,5
988216526,5,0,5
991779428,5,1,6
994090806,5,0,5
996187795,5,0,5
996730357,5,0,5
1004020004,5,50,55
1010155261,5,0,5
1015225567,5,0,5
1016450659,5,0,5
1016608502,5,0,5
1017662618,5,2,7
1022905044,5,0,5
1025391548,5,2,7
1026182053,5,1,6
1029445362,5,0,5
1032470923,5,0,5
1034501412,5,1,6
1041192013,5,2,7
1041238519,5,1,6
1043231719,5,0,5
1043778078,5,3,8
1048409659,5,0,5
1054366652,5,0,5
1055186496,5,0,5
1055579178,5,0,5
1056632712,5,5,10
1058844480,5,0,5
1061026814,5,1,6
1062225217,5,3,8
1062697766,5,0,5
1063389492,5,0,5
1065135901,5,1,6
1068544508,5,0,5
1071037513,5,0,5
1071058956,5,0,5
1078211426,5,2,7
1082161086,5,0,5
1087837867,5,4,9
1093584211,5,3,8
1096235196,5,1,6
1098418561,5,0,5
1101476665,5,0,5
1109829523,5,0,5
1109839766,5,0,5
1110514212,5,0,5
1117322936,5,10,15
1119429788,5,1,6
1119995593,5,0,5
1120985490,5,0,5
1127286020,5,0,5
1127394308,5,1,6
1129187396,5,0,5
1132865887,5,2,7
1134246590,5,4,9
1134941762,5,0,5
1142957485,5,0,5
1146056528,5,0,5
1148181343,5,1,6
1151233716,5,0,5
1153302055,5,1,6
1155073123,5,1,6
1155470035,5,0,5
1155654487,5,0,5
1155942925,5,0,5
1156221950,5,0,5
1160666808,5,0,5
1163876526,5,10,15
1166831280,5,5,10
1166903005,5,1,6
1173647640,5,0,5
1183427928,5,0,5
1190414660,5,8,13
1202961984,5,0,5
1205470195,5,0,5
1219828123,5,0,5
1220345107,5,0,5
1222739934,5,15,20
1225584330,5,0,5
1227327901,5,0,5
1231454756,5,0,5
1233021828,5,1,6
1235421986,5,0,5
1238520968,5,0,5
1239898224,5,0,5
1241858862,5,0,5
1245081236,5,0,5
1246640292,5,0,5
1246757545,5,0,5
1247583428,5,0,5
1251594386,5,1,6
1252416469,5,0,5
1252467452,5,0,5
1260036505,5,0,5
1265386076,5,0,5
1265414822,5,0,5
1266067861,5,1,6
1267178588,5,1,6
1267817348,5,0,5
1268754530,5,21,26
1270110955,5,2,7
1270192176,5,0,5
1270271010,5,0,5
1270872847,5,0,5
1276275312,5,1,6
1276518571,5,6,11
1281093434,5,0,5
1281506071,5,4,9
1282718504,5,3,8
1282825729,5,3,8
1283209142,5,0,5
1287052537,5,0,5
1287114889,5,0,5
1290225756,5,0,5
1291594950,5,0,5
1291772160,5,1,6
1304501712,5,0,5
1305091801,5,0,5
1307633227,5,0,5
1309439100,5,1,6
1311175608,5,0,5
1315210638,5,28,33
1316079955,5,0,5
1318360982,5,10,15
1319180833,5,0,5
1319867221,5,11,16
1320230766,5,0,5
1322788916,5,0,5
1324067964,5,3,8
1331612725,5,0,5
1335713408,5,0,5
1336685677,5,0,5
1336902607,5,2,7
1344752671,5,0,5
1345554990,5,0,5
1345567362,5,11,16
1345579830,5,0,5
1352453840,5,0,5
1352913667,5,3,8
1357438392,5,0,5
1358212878,5,0,5
1360970527,5,7,12
1363297184,5,2,7
1363431169,5,1,6
1365480481,5,32,37
1365831386,5,77,82
1365840828,5,1,6
1366100881,5,2,7
1367996996,5,0,5
1368287814,5,1,6
1369447658,5,1,6
1371062372,5,0,5
1373628060,5,11,16
1373804328,5,0,5
1379945006,5,0,5
1382881963,5,0,5
1385511295,5,12,17
1389772741,5,0,5
1393134764,5,0,5
1393915764,5,0,5
1394294108,5,0,5
1394887542,5,4,9
1395352536,5,0,5
1400238956,5,15,20
1400825574,5,0,5
1407108810,5,20,25
1411023614,5,3,8
1411862690,5,0,5
1415572902,5,0,5
1421073720,5,0,5
1426472209,5,0,5
1429039004,5,0,5
1430508206,5,0,5
1437056378,5,13,18
1438157658,5,0,5
1438910306,5,0,5
1440377798,5,0,5
1441858879,5,0,5
1444796923,5,67,72
1446271357,5,0,5
1447841113,5,0,5
1450295514,5,0,5
1453009579,5,0,5
1461689311,5,0,5
1461760566,5,0,5
1464295584,5,2,7
1466184158,5,95,100
1467462416,5,3,8
1468323792,5,13,18
1468864394,5,1,6
1473062988,5,0,5
1475528634,5,0,5
1477996166,5,0,5
1478284224,5,0,5
1484256702,5,0,5
1485188648,5,0,5
1486377168,5,0,5
1487618100,5,1,6
1488349292,5,0,5
1488719394,5,3,8
1491102553,5,0,5
1507800079,5,0,5
1512193483,5,12,17
1520031540,5,1,6
1520296784,5,0,5
1521063680,5,0,5
1522988142,5,4,9
1524695940,5,1,6
1527869425,5,0,5
1532641273,5,0,5
1534035715,5,0,5
1537630346,5,1,6
1540142966,5,2,7
1541917076,5,1,6
1544027132,5,0,5
1548710263,5,0,5
1548809378,5,0,5
1555900874,5,0,5
1556654802,5,0,5
1559856158,5,0,5
1566023431,5,0,5
1566030626,5,2,7
1566754536,5,0,5
1575668190,5,1,6
1581466506,5,13,18
1582160215,5,1,6
1583516406,5,3,8
1584732452,5,15,20
1585804122,5,3,8
1585891309,5,1,6
1586552682,5,1,6
1587059701,5,0,5
1590136016,5,0,5
1590655544,5,0,5
1592920915,5,2,7
1593965984,5,3,8
1597468159,5,0,5
1599130398,5,1,6
1601937732,5,3,8
1606466688,5,0,5
1607772847,5,0,5
1608066200,5,0,5
1622479434,5,0,5
1623351620,5,0,5
1624156248,5,14,19
1625597406,5,4,9
1630796316,5,14,19
1632486703,5,0,5
1634208277,5,0,5
1636573045,5,0,5
1637425543,5,1,6
1638425646,5,1,6
1639177748,5,0,5
1642050398,5,1,6
1643137622,5,0,5
1643946492,5,0,5
1645587050,5,1,6
1645832394,5,0,5
1648474916,5,0,5
1648981051,5,17,22
1652274187,5,0,5
1656947570,5,0,5
1660601785,5,14,19
1665310692,5,1,6
1671494989,5,1,6
1673784578,5,1,6
1677134503,5,2,7
1680981139,5,0,5
1689560684,5,0,5
1693573909,5,0,5
1694140004,5,25,30
1702392331,5,2,7
1702623097,5,0,5
1705008188,5,1,6
1708221920,5,0,5
1709724854,5,0,5
1711984974,5,0,5
1717836853,5,0,5
1719473700,5,0,5
1720528784,5,0,5
1726670406,5,0,5
1726835389,5,2,7
1726878007,5,0,5
1742126610,5,0,5
1751965860,5,1,6
1755362227,5,0,5
1758115766,5,2,7
1849742576,5,6,11
1851304818,5,0,5
1851572274,5,0,5
1858298256,5,0,5
1861229492,5,0,5
1869323952,5,0,5
1872429043,5,0,5
1873548374,5,0,5
1876503835,5,0,5
1881362340,5,0,5
1881970458,5,43,48
1884645062,5,12,17
1888704427,5,1,6
1889448270,5,0,5
1889854964,5,0,5
1891514551,5,1,6
1902507637,5,0,5
1902634064,5,1,6
1906464300,5,0,5
1912654315,5,1,6
1917812846,5,0,5
1918926036,5,0,5
1919763115,5,0,5
1925392736,5,0,5
1933829276,5,2,7
1937446980,5,0,5
1949965722,5,26,31
1954384994,5,7,12
1955466594,5,0,5
1956801666,5,4,9
1956835585,5,0,5
1960581792,5,0,5
1962136753,5,0,5
1965933740,5,0,5
1967230249,5,0,5
2149107976,5,1,6
2155614913,5,1,6
2156798082,5,54,59
2157832452,5,0,5
2161088460,5,0,5
2164857486,5,0,5
2165722035,5,0,5
2166283932,5,4,9
2166411517,5,0,5
2168387392,5,1,6
2169379609,5,0,5
2170786369,5,0,5
2170846169,5,1,6
2171266723,5,0,5
2172166835,5,0,5
2172671701,5,1,6
2175032089,5,1,6
2179523663,5,0,5
2180280823,5,1,6
2181929256,5,0,5
2183315828,5,0,5
2187286609,5,1,6
2191213920,5,2,7
2191261921,5,0,5
2191771614,5,1,6
2194729068,5,1,6
2195203406,5,0,5
2195379404,5,0,5
2196907140,5,3,8
2197080991,5,0,5
2203566064,5,163,168
2206280539,5,3,8
2207392993,5,1,6
2208002599,5,0,5
2209163628,5,0,5
2214263155,5,0,5
2216238379,5,0,5
2216984882,5,0,5
2218742450,5,151,156
2219555863,5,0,5
2222203681,5,0,5
2222462211,5,1,6
2223472056,5,10,15
2225280979,5,2,7
2227797540,5,19,24
2230756717,5,0,5
2232949482,5,0,5
2233304430,5,0,5
2233845925,5,0,5
2234028384,5,1,6
2237673409,5,1,6
2238267990,5,0,5
2241196470,5,0,5
2243335908,5,2,7
2249662320,5,0,5
2253793946,5,0,5
2255409438,5,0,5
2257036321,5,0,5
2257281216,5,0,5
2258330929,5,0,5
2258557465,5,12,17
2263393884,5,2,7
2268174518,5,0,5
2268345872,5,0,5
2270393695,5,0,5
2271057545,5,0,5
2272330814,5,0,5
2274407522,5,8,13
2275429583,5,1,6
2275945756,5,38,43
2279491183,5,0,5
2280668334,5,0,5
2281349545,5,15,20
2282106170,5,28,33
2283107413,5,0,5
2284965018,5,8,13
2285003875,5,0,5
2287327470,5,2,7
2291876488,5,0,5
2292828077,5,0,5
2297468004,5,0,5
2301914060,5,0,5
2301922842,5,4,9
2301926809,5,10,15
2302456032,5,0,5
2303144886,5,0,5
2303630036,5,19,24
2304188512,5,0,5
2308368035,5,0,5
2310795627,5,0,5
2312126930,5,0,5
2315004928,5,17,22
2318613085,5,2,7
2325456103,5,1,6
2326069124,5,1,6
2326159315,5,0,5
2328306668,5,0,5
2329479686,5,0,5
2329481473,5,0,5
2329648343,5,0,5
2329841324,5,0,5
2330570390,5,0,5
2331085464,5,0,5
2331437725,5,1,6
2332409173,5,2,7
2333443931,5,0,5
2333508500,5,0,5
2334122743,5,0,5
2334160799,5,0,5
2339839256,5,0,5
2342597473,5,0,5
2345488801,5,0,5
2346033560,5,1,6
2347080743,5,1,6
2347404042,5,1,6
2347816776,5,0,5
2348388947,5,0,5
2350533762,5,1,6
2352412927,5,0,5
2352548334,5,0,5
2353937130,5,1,6
2353941939,5,7,12
2354179531,5,1,6
2355388694,5,0,5
2356599402,5,21,26
2357470848,5,0,5
2357484469,5,3,8
2358747872,5,0,5
2359598618,5,0,5
2360602320,5,2,7
2361349722,5,0,5
2361888540,5,17,22
2361937783,5,1,6
2364724460,5,0,5
2364845772,5,12,17
2366527734,5,0,5
2369373715,5,1,6
2370952753,5,0,5
2372286607,5,0,5
2373055566,5,0,5
2374945830,5,1,6
2376598304,5,1,6
2376638986,5,0,5
2381542273,5,11,16
2386057346,5,0,5
2386693961,5,1,6
2387658624,5,0,5
2387854418,5,0,5
2389215638,5,0,5
2391884046,5,0,5
2398705616,5,0,5
2401704493,5,9,14
2402229505,5,13,18
2408429671,5,1,6
2412675344,5,2,7
2417493090,5,0,5
2419696891,5,3,8
2420054876,5,1,6
2421600773,5,5,10
2421621042,5,0,5
2422191492,5,0,5
2422765634,5,0,5
2423040185,5,0,5
2423373294,5,4,9
2424069487,5,1,6
2427520634,5,0,5
2429336442,5,0,5
2430973628,5,0,5
2435118780,5,0,5
2437359612,5,1,6
2437370095,5,0,5
2437753466,5,1,6
2440580797,5,11,16
2447772810,5,0,5
2458526748,5,3,8
2458996693,5,0,5
2462380267,5,0,5
2462855151,5,6,11
2463083802,5,0,5
2463854064,5,475,480
2463929785,5,0,5
2467951070,5,0,5
2471148540,5,1,6
2471547218,5,0,5
2475626801,5,1,6
2482184095,5,13,18
2482693820,5,0,5
2486638760,5,5,10
2489256444,5,0,5
2493672667,5,2,7
2494963916,5,0,5
2502294525,5,0,5
2507808147,5,0,5
2509243145,5,0,5
2510374854,5,0,5
2510919958,5,0,5
2515599265,5,1,6
2517095059,5,1,6
2527387525,5,3,8
2527985017,5,0,5
2530883724,5,0,5
2531414304,5,1,6
2532707982,5,0,5
2544108704,5,3,8
2544205321,5,30,35
2544257208,5,1,6
2546406866,5,4,9
2547119653,5,0,5
2550952213,5,0,5
2553366054,5,0,5
2559496261,5,1,6
2559523923,5,0,5
2562506828,5,24,29
2562820104,5,1,6
2563641654,5,0,5
2564308646,5,0,5
2568992936,5,26,31
2569230886,5,0,5
2570615502,5,97,102
2572125956,5,0,5
2572969706,5,0,5
2574712545,5,0,5
2576056916,5,0,5
2579555702,5,1,6
2580128154,5,0,5
2582652907,5,0,5
2582895312,5,0,5
2584613113,5,132,137
2586248497,5,0,5
2587304504,5,0,5
2590709535,5,0,5
2593165068,5,0,5
2596659379,5,18,23
2600069107,5,1,6
2600355692,5,0,5
2601940993,5,1,6
2604128282,5,1,6
2605982090,5,3,8
2610495437,5,0,5
2612451176,5,0,5
2612892450,5,3,8
2613162613,5,2,7
2614050336,5,0,5
2614273688,5,0,5
2618498803,5,0,5
2619095620,5,0,5
2620538605,5,0,5
2637070686,5,28,33
2645905542,5,0,5
2649303001,5,0,5
2651055525,5,2,7
2651765448,5,0,5
2652022596,5,0,5
2657178559,5,2,7
2659850119,5,0,5
2664505550,5,0,5
2664516661,5,0,5
2674098205,5,1,6
2675446555,5,8,13
2675603012,5,0,5
2683634198,5,0,5
2687684629,5,1,6
2693984118,5,23,28
2698805971,5,3,8
2710437085,5,0,5
2712660258,5,34,39
2713010601,5,0,5
2713621398,5,0,5
2714378171,5,18,23
2717064927,5,0,5
2719999446,5,2,7
2720203907,5,0,5
2724192420,5,2,7
2725543512,5,26,31
2726830540,5,1,6
2727508874,5,0,5
2730285917,5,0,5
2730353576,5,4,9
2730706777,5,0,5
2732553018,5,9,14
2732868571,5,0,5
2734656574,5,0,5
2737467326,5,0,5
2738251130,5,3,8
2741288788,5,0,5
2741348265,5,0,5
2742200355,5,2,7
2743253840,5,0,5
2744807343,5,0,5
2746826971,5,0,5
2747336108,5,0,5
2748355923,5,0,5
2749418836,5,0,5
2749425827,5,1,6
2749755846,5,1,6
2750571935,5,0,5
2751410841,5,1,6
2761102302,5,0,5
2764026101,5,1,6
2764202843,5,0,5
2764515635,5,0,5
2766862088,5,4,9
2767091476,5,0,5
2768873361,5,1,6
2769789865,5,0,5
2771601152,5,0,5
2772336918,5,1,6
2775880430,5,2,7
2775892105,5,22,27
2776821780,5,2,7
2777690292,5,0,5
2778655308,5,14,19
2780181786,5,1,6
2781101531,5,6,11
2782599564,5,0,5
2785013120,5,0,5
2786262170,5,0,5
2788032074,5,1,6
2789610352,5,11,16
2789733951,5,0,5
2790386450,5,1,6
2790928927,5,0,5
2791593207,5,0,5
2792459741,5,0,5
2793176232,5,1,6
2793220776,5,0,5
2793474790,5,10,15
2796651834,5,1,6
2800689417,5,0,5
2800715138,5,1,6
2800743920,5,0,5
2801806555,5,0,5
2807308442,5,0,5
2807511891,5,1,6
2807991804,5,1,6
2811848694,5,0,5
2813576876,5,3,8
2813698417,5,6,11
2815345911,5,0,5
2816431902,5,0,5
2817949958,5,0,5
2822446117,5,1,6
2824312952,5,1,6
2827888447,5,0,5
2830570302,5,0,5
2830699590,5,0,5
2835369167,5,0,5
2836851158,5,0,5
2837549443,5,2,7
2838450295,5,2,7
2839414346,5,0,5
2839850327,5,0,5
2840335338,5,0,5
2840386969,5,0,5
2840589443,5,0,5
2841259487,5,2,7
2841297369,5,0,5
2843121375,5,0,5
2844573921,5,0,5
2847201911,5,1,6
2847677055,5,0,5
2849043154,5,1,6
2849897735,5,20,25
2849954968,5,1,6
2850030400,5,0,5
2850249772,5,5,10
2851974059,5,0,5
2852040209,5,1,6
2852171117,5,0,5
2853430889,5,0,5
2853642378,5,0,5
2853946147,5,0,5
2856632771,5,0,5
2858375682,5,1,6
2859317265,5,0,5
2860740950,5,9,14
2863357804,5,0,5
2863426818,5,0,5
2863733910,5,0,5
2866639611,5,39,44
2867586112,5,5,10
2872973963,5,1,6
2873226371,5,35,40
2874080124,5,12,17
2880683905,5,0,5
2882668578,5,1,6
2883267648,5,0,5
2884101774,5,1,6
2885025301,5,0,5
2885534900,5,0,5
2887798685,5,0,5
2888134319,5,0,5
2888153230,5,0,5
2888168638,5,1,6
2888734385,5,0,5
2890627593,5,0,5
2892324196,5,14,19
2892597055,5,0,5
2893183091,5,0,5
2894976869,5,0,5
2895310407,5,3,8
2895348382,5,0,5
2896462882,5,0,5
2896818246,5,0,5
2899225470,5,15,20
2902774494,5,0,5
2905102353,5,0,5
2905148925,5,0,5
2906712520,5,1,6
2907470177,5,0,5
2908824336,5,0,5
2909415729,5,0,5
2909510138,5,7,12
2912940855,5,0,5
2912971218,5,0,5
2914007180,5,0,5
2914431076,5,0,5
2915343449,5,0,5
2916920167,5,0,5
2917874408,5,0,5
2918753498,5,0,5
2919287943,5,0,5
2920735810,5,0,5
2924307087,5,0,5
2924396846,5,0,5
2926027855,5,0,5
2933777003,5,1,6
2934599721,5,0,5
2937532453,5,0,5
2937611510,5,1,6
2941049972,5,0,5
2943708149,5,0,5
2944808063,5,2,7
2945186344,5,0,5
2946693571,5,1,6
2946780894,5,0,5
2946899192,5,0,5
2948860150,5,0,5
2950667844,5,0,5
2952543134,5,1,6
2953261335,5,0,5
2953703297,5,1,6
2956635315,5,0,5
2958754242,5,0,5
2960125752,5,0,5
2960284153,5,1,6
2963812125,5,0,5
2972943664,5,0,5
2974622463,5,0,5
2975587833,5,0,5
2975652699,5,1,6
2977356688,5,0,5
2977572178,5,0,5
2978064785,5,2,7
2983054407,5,0,5
2984778913,5,8,13
2987347424,5,16,21
2987513950,5,0,5
2987648555,5,8,13
2988388635,5,0,5
2990179779,5,0,5
2990789335,5,3,8
2993377468,5,1,6
2994834129,5,0,5
3000153181,5,1,6
3000731879,5,0,5
3000945173,5,0,5
3002200879,5,0,5
3002962012,5,0,5
3005029696,5,4,9
3007047696,5,0,5
3009628243,5,0,5
3010711135,5,9,14
3011482386,5,0,5
3012807852,5,0,5
3014345457,5,0,5
3020252128,5,0,5
3021907502,5,1,6
3023067674,5,1,6
3026391360,5,0,5
3027191979,5,0,5
3028218003,5,1,6
3031618307,5,0,5
3032745635,5,7,12
3033373621,5,8,13
3033934347,5,0,5
3036253402,5,1,6
3040002678,5,9,14
3043922585,5,3,8
3046995991,5,1,6
3047439896,5,89,94
3049233157,5,0,5
3052936689,5,22,27
3063186233,5,0,5
3064857147,5,0,5
3065028784,5,0,5
3065978167,5,0,5
3066591876,5,0,5
3068200581,5,1,6
3071101813,5,0,5
3075712116,5,1,6
3081767429,5,1,6
3083800126,5,0,5
3086892320,5,0,5
3087831816,5,0,5
3089481555,5,1,6
3090520865,5,1,6
3092482606,5,2,7
3098081243,5,1,6
3099529095,5,0,5
3100376340,5,1,6
3100541451,5,1,6
3103567733,5,2,7
3109165606,5,0,5
3110449363,5,0,5
3111104217,5,0,5
3111592234,5,1,6
3115319080,5,0,5
3116047273,5,101,106
3116717745,5,0,5
3121055939,5,0,5
3124361109,5,0,5
3124735539,5,0,5
3128832537,5,0,5
3129781465,5,13,18
3129797122,5,6,11
3130178253,5,0,5
3136749048,5,0,5
3138094147,5,17,22
3139127839,5,0,5
3139172047,5,10,15
3141115500,5,0,5
3148559659,5,0,5
3148645705,5,41,46
3153026417,5,0,5
3161005390,5,0,5
3163114417,5,1,6
3163263830,5,0,5
3164739158,5,0,5
3166068091,5,0,5
3167931843,5,4,9
3171641272,5,1,6
3174014340,5,0,5
3177111698,5,0,5
3177324263,5,1,6
3177543385,5,0,5
3178186847,5,2,7
3178837447,5,0,5
3184431926,5,0,5
3188819034,5,88,93
3199955861,5,0,5
3206947907,5,2,7
3207422001,5,0,5
3207551351,5,0,5
3221696275,5,0,5
3223152697,5,0,5
3226079689,5,8,13
3226543993,5,1,6
3231733715,5,0,5
3231982123,5,0,5
3232002032,5,0,5
3233656851,5,0,5
3234859785,5,0,5
3235184499,5,0,5
3235412670,5,0,5
3236201541,5,0,5
3236234130,5,1,6
3237083651,5,2,7
3237449514,5,0,5
3237524137,5,0,5
3237607138,5,5,10
3240238580,5,0,5
3241316403,5,1,6
3242858980,5,0,5
3245033344,5,4,9
3245240791,5,0,5
3246229982,5,1,6
3246407640,5,3,8
3246828812,5,9,14
3247183137,5,0,5
3254256338,5,0,5
3254410275,5,0,5
3255483813,5,0,5
3256455825,5,0,5
3259666706,5,0,5
3261274921,5,0,5
3266623340,5,0,5
3267586404,5,1,6
3271189789,5,1,6
3272749531,5,7,12
3273560618,5,2,7
3275019139,5,0,5
3276257160,5,0,5
3277064047,5,0,5
3277917302,5,3,8
3278102636,5,0,5
3280383877,5,3,8
3280791900,5,0,5
3280907424,5,0,5
3281120144,5,0,5
3284974008,5,19,24
3285818544,5,0,5
3286064264,5,37,42
3287960948,5,0,5
3288145493,5,0,5
3288948534,5,0,5
3289608937,5,2,7
3291426109,5,0,5
3292255936,5,0,5
3293676655,5,0,5
3294081011,5,1,6
3294798709,5,0,5
3295936240,5,0,5
3296607575,5,0,5
3297155002,5,0,5
3297391523,5,1,6
3298217784,5,0,5
3298611344,5,0,5
3299599108,5,0,5
3299929939,5,0,5
3300847748,5,4,9
3303440338,5,3,8
3304358579,5,0,5
3305461002,5,0,5
3305538762,5,7,12
3306234950,5,0,5
3306315974,5,0,5
3306511070,5,0,5
3307235526,5,0,5
3307482571,5,1,6
3308213845,5,0,5
3309299572,5,0,5
3309906662,5,0,5
3310222104,5,2,7
3310914240,5,0,5
3310943306,5,2,7
3311175180,5,1,6
3311210011,5,0,5
3311944769,5,0,5
3312160375,5,0,5
3313144021,5,13,18
3313176948,5,0,5
3313960495,5,1,6
3315230767,5,0,5
3315703711,5,0,5
3316305037,5,2,7
3317738183,5,114,119
3317953693,5,0,5
3318240602,5,0,5
3318278309,5,11,16
3319324028,5,2,7
3320819840,5,5,10
3321576866,5,0,5
3322639650,5,2,7
3325037513,5,0,5
3329528201,5,36,41
3331257041,5,1,6
3331775393,5,0,5
3332713498,5,0,5
3334746869,5,1,6
3337133659,5,0,5
3340738217,5,1,6
3340758256,5,0,5
3340822138,5,0,5
3341173273,5,0,5
3342159983,5,0,5
3344684637,5,0,5
3345454913,5,0,5
3345604469,5,0,5
3346451062,5,1,6
3349545851,5,0,5
3355706350,5,0,5
3356018014,5,0,5
3356044510,5,0,5
3361073533,5,0,5
3362524510,5,0,5
3363121283,5,0,5
3366086818,5,25,30
3373484592,5,0,5
3379531864,5,2,7
3383647960,5,0,5
3385072940,5,13,18
3385673861,5,0,5
3386544106,5,0,5
3387126820,5,0,5
3387726713,5,0,5
3390056915,5,1,6
3393186119,5,5,10
3393814181,5,0,5
3394552991,5,0,5
3396234999,5,3,8
3397202115,5,1,6
3399282119,5,0,5
3400148279,5,0,5
3400568213,5,2,7
3403278688,5,0,5
3403637675,5,0,5
3405070143,5,0,5
3405898131,5,1,6
3406268367,5,0,5
3406335557,5,0,5
3407235682,5,0,5
3410955731,5,3,8
3417802283,5,0,5
3418384394,5,0,5
3419749948,5,0,5
3421455975,5,0,5
3424703297,5,0,5
3432465178,5,0,5
3433383154,5,0,5
3433599424,5,3,8
3434835351,5,0,5
3438669191,5,1,6
3438893603,5,0,5
3448328776,5,0,5
3451874963,5,0,5
3453167958,5,1,6
3462325998,5,0,5
3462374773,5,0,5
3478386553,5,0,5
3491914219,5,0,5
3502767916,5,0,5
3510922889,5,0,5
3526251856,5,0,5
3535123995,5,0,5
3535914377,5,13,18
3536073558,5,0,5
3548257701,5,3,8
3553395493,5,0,5
3561861747,5,0,5
3566357959,5,0,5
3586630456,5,0,5
3587575572,5,0,5
3587744832,5,7,12
3589273343,5,13,18
3594815795,5,0,5
3600186434,5,0,5
3604106593,5,16,21
3631356505,5,3,8
3639048135,5,1,6
3646474583,5,0,5
3652502952,5,2,7
3655439901,5,0,5
3730426754,5,292,297
3740264185,5,1,6
3743254695,5,0,5
3748558700,5,0,5
3751967714,5,0,5
3761351175,5,0,5
3772913417,5,0,5
3798690072,5,4,9
3808891033,5,1,6
3813235755,5,57,62
3860621475,5,0,5
3866777835,5,0,5
3873123921,5,0,5
3874595259,5,0,5
3884065459,5,21,26
3885750083,5,1,6
3904793883,5,0,5
3906714676,5,4,9
3915289876,5,1,6
3918243207,5,0,5
3919819127,5,0,5
3920109441,5,0,5
3924067943,5,1,6
3927797495,5,0,5
3929891653,5,0,5
3938091820,5,0,5
3939552255,5,0,5
3950264722,5,1,6
3950416108,5,8,13
3951060802,5,2,7
3951491722,5,0,5
3953636473,5,0,5
3958327401,5,0,5
3969349692,5,7,12
3974017933,5,1,6
3979396125,5,1,6
3981011358,5,0,5
3988971406,5,0,5
3990358228,5,0,5
4001866818,5,0,5
4002673187,5,0,5
4020544425,5,0,5
4024565842,5,0,5
4046629847,5,2,7
4046739737,5,0,5
4046915963,5,0,5
4053595167,5,0,5
4053850093,5,0,5
4055911654,5,0,5
4061365779,5,1,6
4068586762,5,0,5
4086540472,5,0,5
4093165396,5,0,5
4105426217,5,1,6
4121686673,5,0,5
4166304760,5,0,5
4167269321,5,0,5
4167605501,5,0,5
4171690677,5,0,5
4172691017,5,0,5
4178361555,5,0,5
4181169573,5,1,6
4182544216,5,0,5
4183467496,5,0,5
4185039039,5,0,5
4189528030,5,1,6
4192961459,5,2,7
4195506088,5,0,5
4195585301,5,0,5
4196436912,5,0,5
4196689699,5,0,5
4204138813,5,0,5
4208784194,5,2,7
4214620463,5,8,13
4226213486,5,0,5
4228422492,5,4,9
4229660715,5,1,6
4232389155,5,0,5
4250222283,5,2,7
4260335774,5,0,5
4269888616,5,0,5
4274322680,5,1,6
4274529092,5,0,5
4275245067,5,0,5
4276158178,5,0,5
4276514596,5,2,7
4288567272,5,4,9
4294789813,5,34,39
4297945694,5,0,5
4299161852,5,0,5
4310493869,5,0,5
4323507492,5,1,6
4328961073,5,0,5
4352470153,5,2,7
4362866178,5,0,5
4378590552,5,1,6
4380108683,5,0,5
4385635414,5,0,5
4395795383,5,0,5
4396313600,5,0,5
4399373477,5,0,5
4400640436,5,1,6
4414639152,5,0,5
4421738609,5,0,5
4429506933,5,1,6
4437032120,5,0,5
4440413172,5,2,7
4441267876,5,0,5
4441690275,5,0,5
4459974500,5,0,5
4469765237,5,0,5
4485921612,5,0,5
4496195054,5,0,5
4496838508,5,0,5
4497715152,5,0,5
4500383954,5,0,5
4502426357,5,0,5
4504524141,5,1,6
4509525014,5,1,6
4519248732,5,0,5
4520190074,5,3,8
4522177366,5,0,5
4526852009,5,0,5
4528061079,5,1,6
4541306123,5,7,12
4546720522,5,0,5
4569244632,5,0,5
4572080001,5,0,5
4577956162,5,0,5
4580969592,5,1,6
4581906863,5,22,27
4588013803,5,0,5
4592499794,5,0,5
4596672019,5,0,5
4598879664,5,0,5
4609150995,5,0,5
4632518954,5,0,5
4636546343,5,4,9
4639013834,5,1,6
4644549818,5,0,5
4645944204,5,0,5
4647876373,5,44,49
4650725172,5,0,5
4668818635,5,1,6
4687374032,5,0,5
4697201102,5,0,5
4699889377,5,1,6
4700333892,5,0,5
4703426357,5,3,8
4703563577,5,1,6
4704084834,5,0,5
4707192995,5,0,5
4715348782,5,0,5
4716458810,5,0,5
4724924297,5,12,17
4729769449,5,0,5
4734764059,5,1,6
4735131140,5,0,5
4737110833,5,2,7
4741687760,5,0,5
4745166192,5,0,5
4746247812,5,0,5
4749727640,5,1,6
4751679884,5,0,5
4756922528,5,0,5
4759176864,5,0,5
4771899923,5,0,5
4772197752,5,65,70
4775023345,5,0,5
4776404535,5,0,5
4780173373,5,0,5
4780907232,5,0,5
4784406798,5,0,5
4787208975,5,128,133
4808391867,5,2,7
4818219357,5,0,5
4818899489,5,0,5
4819731335,5,3,8
4822337289,5,0,5
4827749098,5,0,5
4828246247,5,2,7
4828304911,5,1,6
4829747339,5,0,5
4830559450,5,0,5
4832063230,5,0,5
4833216857,5,0,5
4833369737,5,0,5
4833989219,5,0,5
4834332244,5,0,5
4838523956,5,0,5
4840470249,5,9,14
4846885879,5,0,5
4847638273,5,5,10
4849995469,5,0,5
4851551824,5,0,5
4851814744,5,0,5
4852410369,5,0,5
4854375951,5,0,5
4855037733,5,0,5
4855826193,5,0,5
4856760012,5,0,5
4857709263,5,92,97
4858507392,5,17,22
4858811129,5,0,5
4861029431,5,0,5
4862175883,5,0,5
4863908614,5,0,5
4866533278,5,0,5
4871295767,5,1,6
4871896544,5,37,42
4879381395,5,0,5
4880661494,5,0,5
4883821228,5,0,5
4884657635,5,0,5
4886467872,5,1,6
4888970483,5,0,5
4889485625,5,0,5
4890187717,5,0,5
4891441384,5,0,5
4892671215,5,71,76
4892693626,5,1,6
4896399850,5,79,84
4896755473,5,1,6
4898630573,5,0,5
4898848743,5,0,5
4899089719,5,0,5
4899236663,5,0,5
4899367946,5,1,6
4899575941,5,0,5
4903606601,5,1,6
4905406865,5,0,5
4908943212,5,0,5
4910168507,5,0,5
4915582640,5,0,5
4917879990,5,0,5
4923186689,5,0,5
4925814586,5,0,5
4927669917,5,0,5
695290100737929218,5,0,5
695739791757963264,5,14,19
696924884685950977,5,1,6
698677158961508353,5,1,6
699386099756445696,5,4,9
700459026702843904,5,0,5
701201628158783488,5,15,20
701460781548883968,5,1,6
701509900552298496,5,2,7
701580087221624833,5,5,10
701804482129215489,5,53,58
702252464360308738,5,3,8
702342258583060480,5,4,9
702641876294209536,5,0,5
702770569582870528,5,1,6
702879461461659648,5,3,8
702924815955525632,5,1,6
703070204209790977,5,1,6
703279209112805376,5,1,6
703300184961253376,5,0,5
703422267519275008,5,0,5
703642519498825728,5,7,12
703667249987592192,5,11,16
703693674308378625,5,0,5
703767186213457920,5,3,8
703845938696052736,5,2,7
703898335506259968,5,0,5
704126462840864768,5,0,5
704245352191369216,5,0,5
704339394514309120,5,5,10
704484079517966336,5,2,7
704509152681287682,5,0,5
704808786670788608,5,1,6
704820011865657345,5,17,22
704900755187240960,5,1,6
705062892178169856,5,0,5
705233934548754434,5,0,5
705244880147238913,5,0,5
705471382977699841,5,0,5
705546621451374592,5,0,5
705745412628418560,5,0,5
705840828191641600,5,2,7
705865433266704385,5,0,5
706118602299150336,5,0,5
706353310350102528,5,0,5
706427298426265600,5,0,5
706509593422090241,5,0,5
706518017686028288,5,0,5
706600896625397760,5,0,5
706659845588590597,5,0,5
707001542558294016,5,2,7
707432781492699137,5,4,9
707450693305704448,5,0,5
707564824859783168,5,0,5
707568387803770880,5,0,5
707678685290074112,5,0,5
707753739835211776,5,0,5
707761449377140737,5,1,6
707799041376186368,5,0,5
708111347867738112,5,0,5
708383218081202176,5,5,10
708471552958795776,5,0,5
708494432954220544,5,2,7
708709317969625088,5,1,6
708809901364146176,5,0,5
709074688002170880,5,0,5
709581460534120448,5,4,9
709785810875371520,5,0,5
709816468330958849,5,3,8
709894001415950336,5,0,5
710118730823557121,5,3,8
710168142732005377,5,1,6
710240209871507456,5,0,5
710472373078790145,5,16,21
710939875869106176,5,0,5
711276727599665153,5,2,7
711393652421955585,5,19,24
711449419883929600,5,0,5
711790043149369345,5,0,5
711857836268113922,5,22,27
712037070886273026,5,0,5
712261414363144192,5,0,5
712327986452635648,5,0,5
712357110785425409,5,0,5
712426381834108929,5,4,9
712653129876160512,5,0,5
712816078758371328,5,0,5
712829004315824128,5,0,5
712913603943333888,5,0,5
713089533538078721,5,0,5
713094969037160449,5,0,5
713157058871300097,5,0,5
713181064123006976,5,0,5
713312242272481280,5,39,44
713383051170983938,5,1,6
713388906343862272,5,1,6
713395881538662400,5,0,5
713416826647027713,5,1,6
713482341050519552,5,2,7
713527697142472704,5,0,5
713571943493009408,5,0,5
713588235943825409,5,0,5
713647012709683200,5,0,5
713779197341147136,5,0,5
713849265030897664,5,0,5
713877139381035008,5,2,7
713882474808352768,5,0,5
713976631434432512,5,0,5
714010709177159680,5,49,54
714044468815638528,5,2,7
714509098297872384,5,13,18
714509850542084098,5,0,5
714618275439575040,5,0,5
714651289280339972,5,1,6
714871085804732416,5,0,5
715169155876577280,5,0,5
715216686467719168,5,3,8
715285869318373376,5,1,6
715286326275211264,5,0,5
715412635139776513,5,0,5
715611056668737536,5,7,12
715956097350311936,5,0,5
715988288079847424,5,0,5
716009215379316736,5,0,5
716051934269071360,5,0,5
716274220901203968,5,0,5
716322408496365569,5,0,5
716657485537484802,5,0,5
716777989506117632,5,3,8
716867743304159232,5,0,5
717020091557220354,5,4,9
717061369053380608,5,0,5
717155602904911872,5,1,6
717227362262323201,5,2,7
717323907653435392,5,1,6
717407967130169348,5,0,5
717844027828264961,5,0,5
717845563891326978,5,1,6
717862324204400640,5,0,5
717868897144180737,5,2,7
717956019146461184,5,0,5
718222352866275329,5,0,5
718430051759480832,5,0,5
718941098920538112,5,0,5
718973924319588353,5,0,5
719677789234982912,5,1,6
720347456102248448,5,0,5
720388489452228608,5,0,5
721129023401762816,5,0,5
721223914538438657,5,0,5
721365301267460097,5,0,5
721388491406516224,5,11,16
721850419471912961,5,3,8
722471656451612673,5,1,6
722567082810978305,5,0,5
722832280352374784,5,82,87
723312129009283072,5,0,5
723562146345394177,5,0,5
723673536578072576,5,0,5
724716039712329728,5,0,5
725008376887914496,5,0,5
725084393488801792,5,0,5
725563520067231744,5,0,5
725820856245620737,5,0,5
725822369214787584,5,1,6
725860162821451776,5,1,6
726403286878818304,5,0,5
726484313672392704,5,0,5
727287712957497344,5,1,6
727516295680417793,5,2,7
727981283968581632,5,0,5
728030104174141440,5,0,5
728331213870530560,5,1,6
728728632726687744,5,2,7
729022058689134593,5,5,10
729132587462070273,5,0,5
729201848364584960,5,0,5
729401711622770688,5,22,27
729421732994502656,5,0,5
729472578847285248,5,0,5
729475249834700800,5,2,7
729815259482075137,5,1,6
730095757550866433,5,0,5
730199436907909123,5,0,5
730585256504348672,5,0,5
730667932766834688,5,0,5
731150326330445826,5,1,6
731233494249005056,5,0,5
731585462255661057,5,0,5
732217460536049666,5,0,5
732445833682018304,5,0,5
732693746584690688,5,0,5
732739380348096512,5,0,5
732835755576467456,5,1,6
732977935791988736,5,0,5
733110331052949504,5,2,7
733431709929181184,5,0,5
733851750092832769,5,1,6
734108696196714497,5,0,5
734177088681484300,5,5,10
734434540211425280,5,0,5
734434977761263616,5,0,5
734675698485501953,5,0,5
734974201552068609,5,0,5
735084049446756352,5,0,5
735086823639293956,5,0,5
735131723063693312,5,14,19
735716328040865792,5,0,5
735851155180388352,5,0,5
735925470609309697,5,0,5
736233219008266241,5,2,7
736338993881731073,5,0,5
736353482026811392,5,0,5
736620920064737282,5,221,226
736907430681010176,5,0,5
737009288103747584,5,0,5
737533078252331008,5,0,5
737644317326577665,5,0,5
737833168531783680,5,1,6
737985218418778112,5,1,6
738186707799941120,5,0,5
738453133815226368,5,2,7
738472648552919041,5,0,5
738850501517676544,5,37,42
738980966245371904,5,0,5
739372203104337920,5,0,5
739407554594275328,5,2,7
739514344959037440,5,0,5
739605765577682944,5,0,5
739810854699438080,5,0,5
740043766153629696,5,0,5
740157123493920769,5,1,6
740492028140761088,5,0,5
740656379501875200,5,1,6
740700655833079809,5,0,5
740749171976773633,5,4,9
741058941765881856,5,0,5
741123851229233153,5,4,9
741129755131564032,5,0,5
741336240264519680,5,0,5
741545475573207040,5,1,6
741566371411021824,5,26,31
741629919650795520,5,2,7
741807777194987521,5,0,5
741975055412924420,5,0,5
742014483258847236,5,11,16
742048209057374209,5,0,5
742080332699033600,5,3,8
742105056862867456,5,1,6
742202250987065344,5,0,5
742405429368619010,5,0,5
742823285382090752,5,0,5
742855195063812098,5,0,5
742912770744537088,5,0,5
743012251326631936,5,0,5
743550901156192256,5,0,5
743736677894496257,5,0,5
743823780099719168,5,0,5
744189805584613377,5,1,6
744611145445683200,5,0,5
744650218843611138,5,0,5
745146545008316422,5,0,5
745240012048957440,5,0,5
745301662923886592,5,0,5
745397185248788480,5,60,65
745727473514516480,5,4,9
746451883598942209,5,0,5
746560744590802944,5,0,5
746887280586002432,5,1,6
746955905032302592,5,0,5
747093571140984833,5,0,5
747215940992000000,5,0,5
747341653065641984,5,0,5
747531480436400128,5,18,23
748018215159226369,5,0,5
748131862472724480,5,0,5
748275113112535040,5,0,5
748669405702262784,5,0,5
749447004099604480,5,0,5
749486756584620032,5,1,6
750357855409242112,5,0,5
750371032381345792,5,4,9
750425106233565184,5,48,53
750434262483017728,5,0,5
750651042082197504,5,0,5
750670792040390656,5,0,5
750672228384137216,5,0,5
750688557975691264,5,0,5
750776013307547649,5,1,6
751059576259239936,5,0,5
751117897427214336,5,1,6
751147404649529344,5,0,5
751437242078343168,5,0,5
751603957881970688,5,0,5
751736611260338176,5,9,14
751918459638849536,5,0,5
751970493356314624,5,0,5
752209003812380672,5,0,5
752263245948395520,5,0,5
752398510750830592,5,0,5
752676630577893376,5,6,11
752687887003426816,5,2,7
752896090681204737,5,0,5
752916483982790657,5,0,5
753027750961774592,5,0,5
753135601440948228,5,0,5
753191434887565312,5,0,5
753225643072946177,5,0,5
753339295574798337,5,0,5
753550542819827716,5,0,5
753562068272504832,5,0,5
753655443902242817,5,1,6
753664239848525824,5,0,5
753963230867836931,5,0,5
753974664041533440,5,0,5
754009951312416769,5,1,6
754030990226558976,5,0,5
754256270148853760,5,0,5
754375296711655425,5,0,5
754638668191653888,5,0,5
754782329743302661,5,0,5
754797085862481920,5,0,5
755233454724354050,5,0,5
755233809340174336,5,5,10
755480309739560960,5,1,6
755734919289200641,5,1,6
755762223335677954,5,0,5
755913767376998401,5,9,14
755947508421894144,5,2,7
755964849339764736,5,40,45
756017336818237440,5,1,6
756139332390490112,5,0,5
756175868272250880,5,1,6
756551307964641280,5,0,5
756725187479937026,5,0,5
756865390764961792,5,2,7
756896486076641281,5,2,7
756938598616748032,5,1,6
756957691654901760,5,1,6
756975867121860608,5,0,5
757004480000950273,5,0,5
757197001045999617,5,1,6
757223425169436672,5,0,5
757241185966497792,5,1,6
757265529534976000,5,6,11
757314658793426948,5,0,5
757317851866857473,5,1,6
757404475598381056,5,0,5
757520254302035968,5,0,5
757584992427921409,5,2,7
757607609776177152,5,1,6
757626910612590593,5,0,5
757819729444646912,5,6,11
758094385829388288,5,2,7
758436998486986752,5,1,6
758620693391040512,5,0,5
758784065357148160,5,0,5
758848120604155907,5,0,5
758852387901542405,5,0,5
758994150993698816,5,2,7
759051071528374274,5,1,6
759072499388784640,5,3,8
759161319069220864,5,0,5
759551000260775937,5,13,18
759600740247543808,5,8,13
759610292170919936,5,0,5
759866400374743040,5,0,5
759980404015140864,5,0,5
760115421387169794,5,1,6
760197316837904384,5,0,5
760219896680583169,5,5,10
760290102715248640,5,0,5
760487844238327808,5,0,5
760524273932865536,5,0,5
760533535182712832,5,0,5
760581460726132736,5,0,5
760913503850856448,5,0,5
761219674629472256,5,1,6
761405381184598017,5,4,9
761596553215746048,5,0,5
761944121728610306,5,2,7
762178298558283776,5,0,5
762340949716570112,5,6,11
762360811646058500,5,0,5
762377820282552320,5,0,5
762675530479132672,5,0,5
763092745145704449,5,0,5
763145545942650881,5,1,6
763191014110605312,5,0,5
763196199365206017,5,0,5
763332744587993088,5,0,5
763390950555000832,5,0,5
763477285336977408,5,0,5
763524712190181376,5,0,5
763536570246922240,5,1,6
763575823257382912,5,0,5
763602176195252226,5,0,5
763719840225959936,5,7,12
763864434716573696,5,0,5
764265650818719744,5,1,6
764293754954125313,5,9,14
764854399927783424,5,10,15
764942798432993280,5,0,5
764944052156375040,5,0,5
765073212073971712,5,0,5
765078400713183232,5,0,5
765177074583822337,5,0,5
765260369325461504,5,0,5
765503026748530688,5,0,5
765524363533627392,5,0,5
765758146321285120,5,7,12
765769482790985728,5,2,7
766034793859575808,5,2,7
766370199633326081,5,0,5
766542312704913408,5,0,5
766583220993425409,5,0,5
766705675925917700,5,1,6
766747009021804544,5,0,5
766748308282847232,5,0,5
767089874474143744,5,1,6
767125786402914304,5,0,5
767283464299315200,5,1,6
767361567583199232,5,0,5
767430413258153984,5,0,5
767724763527598081,5,2,7
767744323773353984,5,0,5
768125778122858496,5,1,6
768155490727632896,5,1,6
768195195036925953,5,1,6
768451035215953920,5,0,5
769583657996591105,5,0,5
769642513300877312,5,0,5
769652343382151168,5,21,26
769653943899070464,5,0,5
769713438398439424,5,2,7
769755685370236928,5,0,5
769774000125784068,5,1,6
769982832093564928,5,0,5
770035651182006276,5,0,5
770344045042204672,5,0,5
770733822228955136,5,0,5
770798972092948480,5,1,6
770833823042932736,5,0,5
771070959155552257,5,0,5
771373546056581122,5,0,5
771730480534286337,5,0,5
772017763279704064,5,0,5
772019211711283200,5,0,5
772021109248004096,5,0,5
772064355462426625,5,0,5
772074615866691584,5,0,5
772112263788453888,5,0,5
772120564454428674,5,0,5
772462698713886720,5,0,5
772845254282182656,5,1,6
773010062537289728,5,0,5
773265237982064640,5,0,5
773612822467141632,5,1,6
773664427921080320,5,0,5
773751029456396292,5,0,5
773914622395113473,5,0,5
773944355409330176,5,0,5
774017687408218112,5,0,5
774236597088841728,5,0,5
774473491961749505,5,0,5
774612502109753344,5,0,5
774672876389531648,5,0,5
774746025743486976,5,2,7
774822082731315200,5,0,5
774841352047632386,5,0,5
775026961617936384,5,0,5
775071230877511680,5,0,5
775180763683627008,5,0,5
775837383744954368,5,0,5
775896460026122240,5,0,5
776086639751884800,5,0,5
776858293063024641,5,0,5
776865331851649024,5,1,6
776902289885892609,5,0,5
777158520194072576,5,0,5
777177461905825792,5,0,5
777297611032178688,5,0,5
777304535719108609,5,0,5
777380221750173697,5,0,5
777677287344836608,5,0,5
777872082222931968,5,0,5
777883544924352512,5,1,6
777970148636520448,5,0,5
778093556259061760,5,0,5
778164937541779456,5,0,5
778291062129303553,5,2,7
778317347174187008,5,0,5
778334206145376256,5,4,9
778396059873796096,5,0,5
778745689920540676,5,1,6
778760874823671809,5,1,6
778812031256240128,5,0,5
778815970529771520,5,0,5
778929359826456577,5,0,5
779040252228882432,5,0,5
779132899874508800,5,0,5
779197317601779712,5,0,5
779338328831201280,5,0,5
779630435529846784,5,6,11
779719201162424320,5,0,5
779819048154509312,5,0,5
779836502272507904,5,0,5
779890695695896576,5,0,5
780177172610838529,5,0,5
780190626872713217,5,1,6
780443094210715648,5,0,5
780476178972995584,5,0,5
780521608515420160,5,2,7
780532728991064064,5,0,5
780580428323229698,5,5,10
780582735651811330,5,1,6
780593867783409664,5,0,5
780605241200738308,5,0,5
780780929484587008,5,0,5
780804581747941376,5,16,21
781150740853223425,5,0,5
781164880971857920,5,0,5
781213210108104704,5,0,5
781305129807020033,5,0,5
781626458745794560,5,1,6
781749158130704384,5,0,5
781992137143439361,5,1,6
782093242934243328,5,0,5
782101894210678784,5,0,5
782675973569257472,5,1,6
782711842678251521,5,0,5
783042129815703552,5,0,5
784298048084029440,5,1,6
784527815827918849,5,1,6
784754129348468736,5,1,6
784885482966704128,5,0,5
784987221644419072,5,0,5
785014086262149120,5,0,5
785180421831131136,5,0,5
785285498046550017,5,1,6
785288949879242753,5,11,16
785291759987335168,5,0,5
785293429391654912,5,0,5
785315282474586112,5,0,5
785494858890817536,5,0,5
785538817650372608,5,4,9
785567473437380608,5,0,5
785657615623737344,5,0,5
785695919958134784,5,0,5
785861752361746433,5,0,5
785879794932211713,5,1,6
785888713180082177,5,1,6
785895726236643328,5,1,6
786056560472682497,5,0,5
786226464542879745,5,0,5
786246698310008832,5,0,5
786298548891430912,5,1,6
786392642145792001,5,4,9
786412185383677953,5,0,5
786476328027508736,5,0,5
786656240445161472,5,1,6
786722639670874112,5,2,7
786785846892503040,5,0,5
787011646539661320,5,1,6
787089269437272064,5,1,6
787123178762108929,5,0,5
787262804281524225,5,0,5
787321641823068161,5,3,8
787333518426857472,5,0,5
787443245294899200,5,1,6
787669938982916096,5,2,7
787828505476116480,5,0,5
788159522430935040,5,0,5
788171342189359108,5,0,5
788206331819921408,5,0,5
788229524232122368,5,0,5
788388396427128832,5,1,6
788432510778683392,5,0,5
788470683114221568,5,0,5
788493963686621184,5,0,5
788574973421981696,5,0,5
788760392986091520,5,0,5
788803008947556352,5,0,5
788988203197992960,5,0,5
789143874665013248,5,0,5
789252280901959680,5,1,6
789297064702201856,5,0,5
789467179066400768,5,0,5
789615667917959168,5,0,5
789843907156725761,5,0,5
789944111654539264,5,0,5
790027965614686208,5,2,7
790207421339799552,5,0,5
790320398047014912,5,0,5
790410773960888320,5,3,8
790438522326949888,5,0,5
790561225256136704,5,0,5
790629590473576452,5,0,5
790903925620617216,5,0,5
790995073089413120,5,1,6
791303913232302080,5,0,5
791419345863704576,5,0,5
791687308982517760,5,1,6
791694882314137600,5,0,5
791760354162466816,5,0,5
791932112798494720,5,0,5
791936016521105408,5,0,5
791939370387255300,5,0,5
791941577987928064,5,0,5
791958492697419776,5,0,5
792020859766603777,5,0,5
792023461493370880,5,0,5
792026553601429504,5,0,5
792028334620377088,5,0,5
792030853010522112,5,0,5
792066907990007808,5,0,5
792309412711063554,5,1,6
792822549457633280,5,0,5
792829410219069440,5,0,5
792855156945723392,5,0,5
792858673513017344,5,0,5
792921686152650752,5,0,5
793067117813854209,5,2,7
793683016015110144,5,0,5
793853584332951552,5,0,5
794201478181298176,5,0,5
794236855159902208,5,0,5
794308903173386240,5,2,7
794348153365479429,5,0,5
794383258259689472,5,0,5
794646867284021258,5,0,5
794686375178092544,5,1,6
794712615423504384,5,0,5
795100905968386048,5,0,5
795458242398842884,5,0,5
795685010363846657,5,0,5
796079340685557760,5,0,5
796172237799886848,5,0,5
796200048665227264,5,0,5
796490435958976512,5,0,5
796682816302055424,5,0,5
796951595376316416,5,0,5
796971173506666497,5,0,5
797019566685777921,5,2,7
797081319515811840,5,0,5
797205166718119936,5,6,11
797476962411417600,5,0,5
797542409294868480,5,0,5
798068205906313216,5,0,5
798170916693966852,5,0,5
798226235348447232,5,0,5
798288079282905088,5,3,8
798541811719409665,5,0,5
798662653153378304,5,0,5
800269511718879234,5,1,6
800858436992790529,5,0,5
804465659908390912,5,0,5
66393,4,29,33
752193,4,2,6
755990,4,7,11
801882,4,2,6
1781551,4,1,5
1933161,4,3,7
1939761,4,1,5
2213981,4,27,31
3349241,4,8,12
3393781,4,6,10
3632161,4,17,21
3817401,4,11,15
4547281,4,7,11
5399012,4,0,4
5415352,4,23,27
5952352,4,0,4
5959342,4,9,13
6103812,4,0,4
6111852,4,4,8
6181532,4,4,8
6268872,4,2,6
6425382,4,0,4
6499252,4,2,6
6961462,4,0,4
7076492,4,9,13
7306602,4,18,22
7465622,4,19,23
7855062,4,3,7
8000812,4,2,6
8022162,4,0,4
8252122,4,14,18
8714462,4,1,5
8931972,4,1,5
9466582,4,147,151
9696372,4,1,5
10448062,4,1,5
10717092,4,9,13
11246242,4,1,5
11394562,4,7,11
11423952,4,3,7
11542942,4,0,4
11638612,4,0,4
11640472,4,13,17
11664322,4,14,18
12817332,4,1,5
13352392,4,23,27
13540762,4,1,5
13753532,4,7,11
13893582,4,10,14
14099393,4,0,4
14116534,4,1,5
14151760,4,0,4
14221620,4,1,5
14272963,4,5,9
14299938,4,4,8
14347574,4,1,5
14348000,4,0,4
14434227,4,0,4
14451009,4,0,4
14497413,4,0,4
14544591,4,0,4
14551462,4,6,10
14565372,4,0,4
14577046,4,10,14
14579229,4,16,20
14609435,4,59,63
14685256,4,10,14
14687971,4,1,5
14745623,4,0,4
14770131,4,21,25
14777796,4,1,5
14781081,4,0,4
14798210,4,0,4
14808307,4,44,48
14814544,4,22,26
14819311,4,6,10
14883106,4,10,14
14922512,4,5,9
15080526,4,0,4
15129460,4,21,25
15151163,4,1,5
15185504,4,0,4
15224719,4,0,4
15253950,4,13,17
15292715,4,0,4
15292813,4,17,21
15313592,4,1,5
15314386,4,3,7
15379839,4,87,91
15482100,4,4,8
15504190,4,1,5
15568497,4,13,17
15594195,4,0,4
15650210,4,31,35
15681823,4,0,4
15696011,4,0,4
15732058,4,5,9
15751272,4,1,5
15761785,4,2,6
15777004,4,2,6
15777611,4,14,18
15829624,4,0,4
15840508,4,0,4
15869252,4,3,7
15878120,4,12,16
15891995,4,3,7
15909798,4,2,6
15993485,4,1,5
16019341,4,1,5
16024596,4,4,8
16097979,4,0,4
16116288,4,24,28
16127084,4,0,4
16142179,4,6,10
16179166,4,10,14
16207323,4,1,5
16290599,4,6,10
16296194,4,0,4
16348888,4,1,5
16352927,4,7,11
16400248,4,6,10
16404253,4,0,4
16443491,4,4,8
16463639,4,1,5
16464126,4,9,13
16488947,4,5,9
16502238,4,10,14
16538850,4,0,4
16558376,4,0,4
16569663,4,10,14
16579411,4,9,13
16606149,4,1,5
16615932,4,0,4
16641078,4,7,11
16650480,4,5,9
16671425,4,26,30
16689075,4,0,4
16713534,4,7,11
16744359,4,2,6
16751546,4,4,8
16752148,4,0,4
16843404,4,54,58
16849112,4,0,4
16917672,4,0,4
16955657,4,0,4
16985304,4,5,9
17012707,4,10,14
17049899,4,1,5
17063728,4,43,47
17119618,4,0,4
17150521,4,2,6
17179747,4,7,11
17203859,4,3,7
17239982,4,16,20
17240745,4,0,4
17311373,4,10,14
17375281,4,4,8
17432629,4,0,4
17434343,4,1,5
17437437,4,2,6
17524863,4,9,13
17562775,4,7,11
17563807,4,2,6
17567847,4,0,4
17621578,4,5,9
17667885,4,0,4
17689841,4,0,4
17693910,4,3,7
17720657,4,19,23
17801629,4,6,10
17809475,4,0,4
17825469,4,3,7
17881467,4,1,5
17885850,4,0,4
17891328,4,0,4
17951903,4,0,4
17984687,4,4,8
17985614,4,3,7
18006959,4,2,6
18022320,4,35,39
18025377,4,6,10
18056290,4,7,11
18071890,4,0,4
18079161,4,0,4
18107739,4,15,19
18125935,4,2,6
18171319,4,0,4
18236195,4,0,4
18293302,4,3,7
18315361,4,0,4
18316690,4,1,5
18332229,4,2,6
18346556,4,1,5
18350634,4,0,4
18482912,4,129,133
18509967,4,49,53
18523351,4,2,6
18554585,4,0,4
18565000,4,1,5
18651836,4,0,4
18653078,4,1,5
18656319,4,0,4
18665937,4,19,23
18937417,4,1,5
18949311,4,6,10
19015136,4,0,4
19015873,4,3,7
19087309,4,1,5
19087651,4,58,62
19095942,4,0,4
19148087,4,0,4
19166900,4,0,4
19174197,4,4,8
19217369,4,11,15
19262912,4,53,57
19270376,4,1,5
19286059,4,0,4
19298243,4,5,9
19345311,4,0,4
19360843,4,1,5
19379441,4,0,4
19419281,4,1,5
19429449,4,60,64
19432960,4,0,4
19441063,4,0,4
19618562,4,20,24
19652989,4,36,40
19802053,4,0,4
19833346,4,1,5
19843308,4,0,4
19887562,4,1,5
19890723,4,0,4
19952922,4,0,4
19994367,4,5,9
20000141,4,0,4
20201783,4,1,5
20207640,4,0,4
20217981,4,1,5
20218024,4,17,21
20222791,4,5,9
20232176,4,0,4
20245021,4,0,4
20248636,4,0,4
20251379,4,37,41
20275396,4,0,4
20343039,4,0,4
20363480,4,2,6
20371539,4,0,4
20389813,4,0,4
20399700,4,0,4
20442002,4,3,7
20452068,4,0,4
20463917,4,4,8
20466413,4,3,7
20518400,4,0,4
20523288,4,0,4
20565523,4,49,53
20594278,4,110,114
20645046,4,10,14
20646194,4,0,4
20830711,4,24,28
20846032,4,6,10
20992390,4,0,4
21013856,4,0,4
21030079,4,42,46
21053119,4,9,13
21131128,4,0,4
21158121,4,1,5
21186068,4,0,4
21205518,4,0,4
21264417,4,10,14
21423744,4,2,6
21538264,4,0,4
21603276,4,1,5
21610240,4,3,7
21619958,4,15,19
21696279,4,4,8
21714521,4,84,88
21725017,4,0,4
21745396,4,0,4
21749564,4,17,21
21892624,4,1,5
21907004,4,8,12
21936222,4,19,23
21952044,4,17,21
22024242,4,0,4
22035582,4,22,26
22037443,4,3,7
22171935,4,0,4
22204106,4,7,11
22375719,4,3,7
22463719,4,1,5
22521769,4,0,4
22569539,4,0,4
22657914,4,1,5
22707540,4,2,6
22740770,4,0,4
22807245,4,0,4
22813823,4,1,5
22903265,4,6,10
22953841,4,3,7
22960774,4,4,8
22972694,4,0,4
22985753,4,0,4
23023227,4,0,4
23046474,4,8,12
23076096,4,0,4
23104999,4,0,4
23128481,4,0,4
23145486,4,0,4
23215159,4,0,4
23217897,4,10,14
23244113,4,11,15
23329416,4,0,4
23373309,4,1,5
23413579,4,5,9
23458084,4,2,6
23486441,4,0,4
23568996,4,0,4
23764972,4,0,4
23778397,4,0,4
23819817,4,0,4
23913367,4,1,5
23915797,4,1,5
23930286,4,1,5
23946282,4,0,4
23983382,4,30,34
24011165,4,1,5
24068675,4,0,4
24071387,4,1,5
24086316,4,1,5
24130824,4,2,6
24337475,4,0,4
24404720,4,47,51
24426998,4,0,4
24452901,4,5,9
24462109,4,7,11
24492898,4,0,4
24566830,4,5,9
24610050,4,0,4
24631428,4,2,6
24712487,4,4,8
24721481,4,38,42
24753073,4,18,22
24805615,4,0,4
24815916,4,2,6
24833245,4,8,12
24853554,4,53,57
24925810,4,5,9
24968202,4,0,4
25037512,4,16,20
25070117,4,47,51
25137487,4,1,5
25178951,4,33,37
25205709,4,0,4
25271677,4,0,4
25299827,4,2,6
25321696,4,10,14
25335861,4,0,4
25352814,4,0,4
25400168,4,2,6
25416468,4,3,7
25610240,4,5,9
25661441,4,59,63
25677506,4,18,22
25731579,4,1,5
25887143,4,1,5
25890025,4,23,27
25900665,4,0,4
25940038,4,0,4
26102828,4,0,4
26146594,4,3,7
26189724,4,0,4
26277130,4,0,4
26509309,4,0,4
26527599,4,0,4
26533828,4,1,5
26623864,4,3,7
26653826,4,0,4
26700999,4,0,4
26804529,4,0,4
26914445,4,0,4
26914870,4,18,22
27080718,4,0,4
27166287,4,0,4
27234106,4,0,4
27246538,4,1,5
27255008,4,0,4
27269520,4,0,4
27390300,4,0,4
27488996,4,2,6
27538881,4,5,9
27549306,4,0,4
27555269,4,0,4
27767780,4,0,4
27819140,4,1,5
27866537,4,0,4
27936119,4,0,4
28166035,4,1,5
28225423,4,0,4
28256674,4,0,4
28264025,4,10,14
28297725,4,0,4
28329838,4,0,4
28368046,4,0,4
28384772,4,0,4
28405219,4,1,5
28442342,4,0,4
28452459,4,0,4
28574012,4,0,4
28607414,4,0,4
28632611,4,3,7
28808056,4,1,5
28916600,4,2,6
28958947,4,9,13
29026489,4,1,5
29201013,4,1,5
29499313,4,29,33
29534604,4,3,7
29577611,4,0,4
29593772,4,0,4
29608140,4,3,7
29657174,4,0,4
29756006,4,1,5
29908821,4,0,4
29925696,4,3,7
29929012,4,0,4
30101182,4,3,7
30155403,4,27,31
30188972,4,0,4
30192895,4,5,9
30488898,4,0,4
30512792,4,0,4
30596782,4,0,4
30741887,4,0,4
30760896,4,0,4
30997438,4,0,4
31023959,4,24,28
31066934,4,0,4
31151295,4,0,4
31441775,4,3,7
31582399,4,0,4
31589010,4,0,4
32227249,4,1,5
32229940,4,75,79
32424830,4,10,14
32446371,4,3,7
32593068,4,1,5
32704177,4,22,26
32794999,4,5,9
32828718,4,7,11
33127942,4,0,4
33133961,4,2,6
33217739,4,0,4
33258165,4,0,4
33278078,4,10,14
33331713,4,1,5
33525761,4,32,36
33545031,4,5,9
33545544,4,49,53
33691326,4,0,4
33759677,4,0,4
33778733,4,0,4
33790496,4,41,45
33827083,4,23,27
34103349,4,0,4
34370231,4,0,4
34472471,4,0,4
34643610,4,14,18
34646040,4,4,8
34665579,4,0,4
34691612,4,1,5
34695439,4,0,4
34702148,4,13,17
34729275,4,8,12
34750300,4,0,4
34831910,4,13,17
34926024,4,4,8
35223901,4,1,5
35261616,4,3,7
35471649,4,0,4
35477769,4,0,4
35516536,4,2,6
35517356,4,0,4
35596809,4,0,4
35711901,4,0,4
35756258,4,0,4
36164587,4,4,8
36280454,4,2,6
36459099,4,0,4
36471436,4,0,4
36558697,4,1,5
36575786,4,58,62
36602828,4,0,4
36606483,4,0,4
36651871,4,4,8
36719199,4,0,4
36735694,4,0,4
36975998,4,0,4
37002806,4,3,7
37225268,4,0,4
37276762,4,6,10
37429177,4,0,4
37448807,4,0,4
37468120,4,0,4
37621081,4,0,4
37702243,4,6,10
37824544,4,0,4
38036708,4,3,7
38079050,4,0,4
38102545,4,0,4
38346040,4,0,4
38351641,4,3,7
38436438,4,0,4
38516483,4,0,4
38540813,4,2,6
38542485,4,2,6
38575140,4,3,7
38592746,4,27,31
38965083,4,4,8
38983620,4,0,4
39146117,4,2,6
39239729,4,0,4
39365037,4,1,5
39594529,4,0,4
39626368,4,11,15
39744816,4,1,5
39818433,4,0,4
39884944,4,0,4
40098616,4,1,5
40290712,4,0,4
40494383,4,0,4
40520258,4,23,27
40548302,4,0,4
40706704,4,2,6
40821929,4,0,4
40868211,4,0,4
41185956,4,0,4
41186732,4,14,18
41214813,4,5,9
41238281,4,6,10
41263392,4,7,11
41506814,4,6,10
41577387,4,0,4
41655374,4,0,4
41791994,4,4,8
41868400,4,1,5
41892854,4,0,4
41929478,4,0,4
42199002,4,0,4
42222564,4,0,4
42242597,4,1,5
42442293,4,0,4
42711266,4,1,5
42723768,4,0,4
42767629,4,0,4
42830751,4,0,4
42910254,4,5,9
42961113,4,0,4
43014978,4,13,17
43133414,4,73,77
43295161,4,1,5
43341535,4,82,86
43356270,4,1,5
43412564,4,2,6
43604215,4,0,4
43784448,4,0,4
44276290,4,0,4
44346105,4,0,4
44435764,4,76,80
44442937,4,0,4
44669112,4,0,4
44804947,4,1,5
44898312,4,0,4
45012313,4,0,4
45228934,4,0,4
45435723,4,3,7
45548040,4,0,4
45562779,4,0,4
45790969,4,0,4
45909352,4,0,4
46289472,4,88,92
46298904,4,0,4
46684115,4,10,14
46948570,4,5,9
47034524,4,18,22
47103677,4,0,4
47127389,4,20,24
47204272,4,62,66
47236714,4,0,4
47240255,4,6,10
47269340,4,0,4
47324407,4,0,4
47379354,4,11,15
47433658,4,0,4
47465055,4,0,4
47472487,4,0,4
47534597,4,1,5
47663197,4,0,4
47679177,4,10,14
47692016,4,0,4
47764132,4,1,5
47778725,4,0,4
47968676,4,20,24
47978265,4,0,4
48037296,4,0,4
48048635,4,0,4
48079559,4,0,4
48670786,4,0,4
48686617,4,0,4
48794154,4,1,5
48911858,4,31,35
49065637,4,0,4
49082191,4,7,11
49178040,4,1,5
49195705,4,0,4
49200771,4,0,4
49344183,4,13,17
49724410,4,0,4
49798696,4,0,4
49800332,4,97,101
49817093,4,16,20
49893262,4,3,7
49902718,4,0,4
50097506,4,0,4
50146728,4,2,6
50164833,4,0,4
50164965,4,0,4
50206233,4,2,6
50289387,4,7,11
50364213,4,0,4
50530283,4,7,11
50769900,4,3,7
51087180,4,2,6
51126479,4,0,4
51388457,4,1,5
51740855,4,0,4
51884939,4,12,16
51917963,4,0,4
52092460,4,0,4
52189673,4,2,6
52211584,4,0,4
52775929,4,0,4
52902903,4,0,4
53029808,4,53,57
53215420,4,0,4
53309297,4,49,53
53313918,4,8,12
53673435,4,0,4
53709019,4,0,4
53798526,4,1,5
53985054,4,3,7
54193002,4,0,4
54346260,4,0,4
54864851,4,1,5
54946944,4,1,5
55067249,4,3,7
55163750,4,0,4
55272063,4,0,4
55281765,4,0,4
55285804,4,1,5
55291489,4,0,4
55476641,4,0,4
55819979,4,2,6
55826938,4,4,8
56145837,4,2,6
56601859,4,8,12
56662975,4,0,4
56889373,4,2,6
57034610,4,0,4
57143767,4,5,9
57314318,4,21,25
57732036,4,0,4
57813371,4,0,4
57940344,4,0,4
58137965,4,0,4
58313121,4,0,4
58321615,4,4,8
58602077,4,0,4
58604491,4,0,4
58968532,4,8,12
59034611,4,9,13
59062472,4,0,4
59222430,4,0,4
59269191,4,16,20
59488559,4,3,7
59804843,4,0,4
59821348,4,3,7
60145314,4,0,4
60741407,4,1,5
60770401,4,70,74
60815272,4,0,4
60913400,4,4,8
61024949,4,0,4
61375665,4,1,5
61376729,4,0,4
61577178,4,8,12
61682146,4,0,4
61848671,4,0,4
61872246,4,0,4
61872285,4,0,4
61872915,4,0,4
62210005,4,1,5
62223151,4,0,4
62312112,4,38,42
62357288,4,0,4
62704579,4,10,14
62885339,4,0,4
63137367,4,0,4
63139313,4,4,8
63211545,4,0,4
63283508,4,1,5
63299877,4,1,5
63650625,4,0,4
63661321,4,0,4
63686127,4,0,4
63692102,4,0,4
63761348,4,0,4
63868668,4,0,4
64026057,4,0,4
64164813,4,0,4
64177263,4,0,4
64205894,4,1,5
64335872,4,3,7
64427100,4,0,4
64570308,4,0,4
65071335,4,1,5
65074132,4,0,4
65155583,4,1,5
65182550,4,0,4
65191803,4,12,16
65257429,4,8,12
65272235,4,53,57
65317984,4,1,5
66042325,4,2,6
66124619,4,1,5
66137053,4,8,12
66265797,4,0,4
66314548,4,0,4
66577512,4,0,4
66790667,4,0,4
66988729,4,3,7
67895192,4,0,4
68995621,4,0,4
69171795,4,8,12
69281569,4,2,6
69340374,4,0,4
69616567,4,0,4
70274970,4,0,4
70314813,4,7,11
70526065,4,2,6
70741170,4,0,4
70855296,4,0,4
71005583,4,0,4
71137977,4,0,4
71582720,4,15,19
71728178,4,1,5
72245243,4,0,4
72468088,4,1,5
72475383,4,0,4
72850869,4,6,10
73026037,4,0,4
73086423,4,7,11
73134729,4,0,4
73237372,4,1,5
73550401,4,1,5
74008969,4,1,5
74014041,4,11,15
74064738,4,0,4
74149816,4,50,54
75009415,4,0,4
75175465,4,3,7
75190347,4,16,20
75377544,4,4,8
76071297,4,0,4
76574312,4,135,139
76919161,4,2,6
77279038,4,0,4
77316704,4,0,4
77594793,4,5,9
77651007,4,1,5
78135684,4,25,29
78212037,4,0,4
78327947,4,0,4
78521102,4,0,4
78905851,4,0,4
79732988,4,5,9
79985616,4,0,4
80037402,4,1,5
80049059,4,0,4
80097292,4,7,11
80830782,4,0,4
81230492,4,0,4
81279789,4,0,4
81375342,4,3,7
81577367,4,0,4
81595627,4,0,4
81821096,4,26,30
81849239,4,0,4
81978053,4,4,8
82235240,4,0,4
82343878,4,0,4
82369457,4,56,60
82397508,4,0,4
82461263,4,3,7
82516441,4,2,6
82544380,4,1,5
82904917,4,8,12
83447726,4,0,4
83502611,4,24,28
84126188,4,0,4
84204553,4,3,7
84384601,4,25,29
84631104,4,1,5
84653850,4,18,22
84699032,4,0,4
84914588,4,3,7
85070209,4,0,4
85497642,4,0,4
85686289,4,0,4
86035869,4,0,4
86229102,4,5,9
86246296,4,0,4
86810384,4,0,4
87333816,4,0,4
87340597,4,8,12
87889789,4,1,5
87937530,4,8,12
88438025,4,0,4
88440819,4,0,4
88583013,4,0,4
88687877,4,1,5
88749392,4,3,7
88975148,4,0,4
89047747,4,0,4
89097419,4,0,4
89725278,4,0,4
89791272,4,1,5
89826972,4,0,4
89880898,4,1,5
90468233,4,0,4
90651748,4,0,4
90795703,4,0,4
91113498,4,0,4
91157777,4,0,4
91654561,4,0,4
91947178,4,0,4
92184482,4,3,7
92371445,4,0,4
92437974,4,72,76
92559388,4,0,4
92628487,4,1,5
92920818,4,5,9
93025626,4,0,4
93069110,4,10,14
93490860,4,0,4
93701933,4,0,4
93739841,4,0,4
93884060,4,0,4
93961500,4,0,4
93979632,4,2,6
94025915,4,0,4
94452320,4,1,5
94838482,4,3,7
95463107,4,13,17
95475840,4,0,4
95658219,4,12,16
95710740,4,0,4
96036858,4,0,4
96060742,4,0,4
96185616,4,6,10
96291953,4,2,6
97477310,4,4,8
97566883,4,1,5
97737058,4,0,4
98046315,4,0,4
98544819,4,0,4
98651916,4,0,4
99339575,4,0,4
99589493,4,0,4
99741877,4,4,8
100371580,4,0,4
100411358,4,0,4
100574648,4,0,4
100838706,4,20,24
100906108,4,0,4
101141710,4,1,5
101197568,4,0,4
101361053,4,1,5
101494332,4,0,4
101501257,4,5,9
101694379,4,0,4
101790355,4,53,57
102762766,4,14,18
103002317,4,1,5
103031465,4,4,8
103304656,4,0,4
103486574,4,0,4
103598378,4,1,5
103921843,4,16,20
104495547,4,0,4
104714328,4,1,5
105560657,4,3,7
105564433,4,0,4
105708948,4,59,63
105955076,4,18,22
106403413,4,0,4
106755054,4,0,4
107553354,4,22,26
109201084,4,0,4
109432033,4,74,78
109512969,4,0,4
109674110,4,9,13
109926606,4,1,5
110144169,4,0,4
111331555,4,5,9
111610533,4,0,4
111674173,4,0,4
111713812,4,0,4
112105662,4,0,4
112363761,4,0,4
112632623,4,0,4
112996612,4,1,5
113220846,4,0,4
113405144,4,1,5
113935221,4,0,4
114253991,4,0,4
114323561,4,1,5
114646386,4,0,4
114829206,4,0,4
114838925,4,12,16
114864431,4,0,4
115176275,4,4,8
115243463,4,3,7
115436086,4,0,4
115538688,4,27,31
115567809,4,0,4
115648158,4,0,4
115785683,4,2,6
115819829,4,0,4
116461724,4,0,4
116525993,4,0,4
117000654,4,0,4
117217500,4,40,44
117282833,4,0,4
117376183,4,0,4
117511000,4,0,4
117560950,4,0,4
117603248,4,3,7
117896091,4,62,66
118195598,4,0,4
118886970,4,5,9
120025261,4,0,4
120151540,4,30,34
120244343,4,0,4
121489431,4,6,10
121647365,4,0,4
122154699,4,3,7
122193523,4,1,5
122321491,4,0,4
122919625,4,1,5
123045703,4,32,36
123107583,4,1,5
123940103,4,0,4
124227565,4,0,4
124808081,4,7,11
125242081,4,14,18
125381960,4,0,4
125562158,4,1,5
126028024,4,4,8
126071515,4,13,17
126372672,4,0,4
126492719,4,1,5
126660399,4,0,4
127284241,4,0,4
127289951,4,35,39
127527034,4,1,5
128286952,4,17,21
128394714,4,0,4
128662777,4,0,4
129009523,4,7,11
130517690,4,1,5
130528035,4,0,4
131305955,4,0,4
131602699,4,0,4
131863936,4,8,12
132029493,4,10,14
132199424,4,0,4
132390027,4,5,9
132929923,4,0,4
133033023,4,0,4
133066954,4,0,4
133466157,4,1,5
133572627,4,0,4
133780263,4,0,4
134790907,4,54,58
134902940,4,4,8
135264049,4,0,4
135521301,4,2,6
135697981,4,5,9
135701987,4,0,4
136314491,4,0,4
136815044,4,4,8
136962245,4,0,4
137418920,4,0,4
137478994,4,1,5
138203402,4,0,4
138219366,4,27,31
138244399,4,1,5
138358568,4,0,4
138873272,4,0,4
138884554,4,0,4
138920849,4,3,7
138956299,4,0,4
139244556,4,0,4
139424337,4,0,4
140490642,4,0,4
140963805,4,12,16
141089905,4,0,4
141265826,4,1,5
141945863,4,0,4
142142671,4,0,4
142257829,4,0,4
142561507,4,0,4
143067985,4,2,6
143438881,4,100,104
143583020,4,0,4
143738281,4,0,4
143915733,4,0,4
145403730,4,0,4
145719692,4,0,4
146313552,4,1,5
147213575,4,1,5
147295728,4,0,4
147501850,4,1,5
147689623,4,4,8
147731146,4,3,7
148799324,4,3,7
148927393,4,4,8
149109752,4,18,22
149346219,4,0,4
149402723,4,9,13
150039906,4,0,4
150507465,4,0,4
151677792,4,10,14
152483898,4,5,9
153040313,4,4,8
153045211,4,1,5
153580253,4,0,4
154995534,4,1,5
155370878,4,0,4
155875159,4,6,10
155935233,4,1,5
156772804,4,0,4
157037473,4,19,23
157276786,4,1,5
157478596,4,1,5
158461300,4,18,22
158591411,4,0,4
158809114,4,1,5
160371272,4,9,13
160440622,4,0,4
161123202,4,0,4
161444387,4,1,5
162143535,4,5,9
162187576,4,5,9
163488004,4,1,5
164428107,4,0,4
164720339,4,1,5
164812781,4,0,4
166218631,4,3,7
166308376,4,0,4
167083720,4,0,4
167192831,4,0,4
168531961,4,17,21
169232411,4,0,4
169244988,4,0,4
169935649,4,0,4
170299706,4,0,4
170349528,4,1,5
170514197,4,0,4
170547167,4,12,16
171386518,4,0,4
172058830,4,4,8
172082238,4,9,13
172240451,4,2,6
172524129,4,0,4
172569085,4,9,13
172765707,4,0,4
172957296,4,0,4
173272811,4,0,4
174347222,4,1,5
174408001,4,0,4
174747918,4,0,4
175255826,4,1,5
175584371,4,1,5
175891792,4,18,22
176621299,4,0,4
176665423,4,0,4
176695560,4,1,5
176879030,4,0,4
177831593,4,0,4
178999981,4,4,8
179266173,4,0,4
180189686,4,1,5
180333587,4,0,4
180512679,4,0,4
180986617,4,1,5
182522304,4,9,13
182663887,4,8,12
182690569,4,0,4
182866915,4,4,8
183301058,4,0,4
183731939,4,3,7
184181634,4,0,4
184316405,4,65,69
184600266,4,0,4
185596379,4,1,5
185602445,4,1,5
185879040,4,0,4
186284492,4,1,5
186296839,4,3,7
186543441,4,9,13
186585181,4,3,7
186698874,4,1,5
186710539,4,7,11
186734704,4,0,4
187607471,4,0,4
187917103,4,1,5
188964602,4,2,6
188966184,4,0,4
189007836,4,0,4
189181251,4,0,4
190166566,4,1,5
190318463,4,0,4
190680780,4,0,4
192034761,4,11,15
192596092,4,0,4
193579632,4,0,4
194339671,4,0,4
194701743,4,0,4
194745468,4,7,11
195424027,4,0,4
195656082,4,12,16
195772906,4,2,6
196257098,4,0,4
196345350,4,6,10
196640692,4,81,85
196728143,4,2,6
197344040,4,0,4
197442186,4,0,4
197551388,4,5,9
199395341,4,0,4
199414553,4,0,4
199636296,4,63,67
201092166,4,0,4
202259583,4,0,4
202820851,4,1,5
203426012,4,0,4
203650771,4,46,50
204003411,4,0,4
204452501,4,1,5
205594654,4,30,34
205822667,4,0,4
206360723,4,0,4
207800559,4,2,6
208269313,4,10,14
208710996,4,3,7
208929010,4,0,4
209126668,4,5,9
209387058,4,0,4
209603607,4,0,4
210312678,4,0,4
211445666,4,7,11
212598164,4,0,4
212996592,4,1,5
213176844,4,0,4
213342667,4,0,4
213868043,4,0,4
214100900,4,11,15
214316852,4,0,4
214558511,4,1,5
214709503,4,0,4
215163102,4,0,4
216068678,4,11,15
216102201,4,5,9
216135293,4,0,4
216147671,4,0,4
216290322,4,9,13
216449581,4,117,121
216566501,4,0,4
216573491,4,0,4
217078361,4,3,7
217676496,4,1,5
218993683,4,0,4
219054765,4,0,4
219135795,4,5,9
219184212,4,16,20
219410793,4,0,4
219700151,4,0,4
219741109,4,0,4
220035041,4,0,4
220087241,4,213,217
220214619,4,0,4
220251523,4,71,75
220304556,4,0,4
220769252,4,0,4
220807999,4,14,18
221134449,4,3,7
221150478,4,1,5
221248778,4,0,4
221549584,4,0,4
221958750,4,7,11
222274546,4,0,4
222553034,4,2,6
223092498,4,3,7
223787912,4,0,4
223831644,4,0,4
224389771,4,3,7
225215700,4,45,49
225516033,4,22,26
225591529,4,0,4
225741490,4,0,4
227001361,4,0,4
227342678,4,0,4
227531971,4,2,6
227635196,4,6,10
228168499,4,0,4
228350598,4,3,7
228405207,4,0,4
229246026,4,7,11
229783657,4,0,4
230316229,4,0,4
230717834,4,2,6
230980428,4,1,5
231081349,4,0,4
231691882,4,1,5
231852503,4,25,29
232187807,4,10,14
232423311,4,9,13
232852397,4,0,4
232921052,4,55,59
232969692,4,0,4
233061956,4,0,4
233070021,4,0,4
233189797,4,0,4
234345503,4,0,4
234538317,4,0,4
236022603,4,0,4
236326251,4,2,6
237422881,4,0,4
237720874,4,0,4
237843905,4,0,4
240833391,4,0,4
241292532,4,7,11
242247969,4,0,4
242279351,4,0,4
242596647,4,0,4
242696834,4,1,5
243045287,4,0,4
243312931,4,296,300
243415964,4,2,6
243517371,4,8,12
244243072,4,0,4
244339431,4,0,4
245342774,4,0,4
245513483,4,0,4
245632677,4,0,4
245670118,4,12,16
245673504,4,0,4
245911695,4,0,4
246059987,4,0,4
246156265,4,32,36
246357454,4,0,4
246455433,4,1,5
246555419,4,1,5
246561055,4,0,4
246655211,4,0,4
247138504,4,0,4
247487559,4,3,7
247858916,4,0,4
248019749,4,1,5
248209500,4,0,4
248230875,4,3,7
248841082,4,0,4
249060737,4,0,4
249254155,4,0,4
249438453,4,0,4
249875624,4,1,5
250283620,4,1,5
250331241,4,4,8
251457973,4,0,4
251911511,4,0,4
252398984,4,0,4
252413787,4,1,5
253153492,4,26,30
253263494,4,0,4
253647939,4,0,4
253785692,4,0,4
254079311,4,0,4
254136722,4,0,4
254164715,4,0,4
254237744,4,1,5
254566067,4,82,86
255430280,4,0,4
255603826,4,0,4
256226458,4,2,6
256431123,4,0,4
256607182,4,2,6
256966859,4,0,4
257748121,4,10,14
258856900,4,0,4
258897246,4,0,4
258901516,4,0,4
259006736,4,0,4
259041313,4,0,4
259469442,4,0,4
259540032,4,27,31
259906709,4,0,4
259975391,4,0,4
259977263,4,0,4
260005529,4,0,4
261007040,4,4,8
261016164,4,0,4
261570283,4,0,4
261763540,4,0,4
261965992,4,1,5
262152071,4,0,4
262273380,4,0,4
262286966,4,0,4
262332918,4,10,14
262443633,4,3,7
262670201,4,0,4
263719598,4,13,17
263818880,4,0,4
263861079,4,0,4
264431973,4,0,4
264650983,4,0,4
264883638,4,2,6
264924891,4,88,92
265060009,4,1,5
265683313,4,11,15
266285257,4,0,4
266399474,4,2,6
266465659,4,1,5
266613166,4,1,5
266752681,4,0,4
266831840,4,0,4
266978259,4,4,8
267031221,4,1,5
267797986,4,0,4
268792812,4,0,4
269294861,4,1,5
269618053,4,0,4
269854652,4,0,4
269989206,4,4,8
270459924,4,0,4
270661276,4,1,5
271129773,4,0,4
271309844,4,81,85
271747444,4,0,4
271929998,4,2,6
272024751,4,0,4
272607855,4,0,4
272642967,4,105,109
273172328,4,1,5
273208556,4,0,4
273657076,4,0,4
274089351,4,12,16
274312281,4,0,4
274794979,4,0,4
275306442,4,0,4
275467066,4,0,4
275546409,4,0,4
275707595,4,0,4
275871991,4,3,7
276353099,4,2,6
276396066,4,16,20
276747873,4,0,4
276755915,4,1,5
276859166,4,0,4
277173633,4,0,4
277271529,4,12,16
277340426,4,5,9
277708943,4,12,16
278086623,4,0,4
278630995,4,0,4
279089944,4,16,20
279305936,4,5,9
279316846,4,0,4
279682329,4,6,10
280110910,4,8,12
280138536,4,19,23
280543152,4,1,5
280700167,4,0,4
280813689,4,2,6
281064276,4,2,6
281282774,4,136,140
281553593,4,0,4
282271953,4,0,4
282686727,4,6,10
283259069,4,17,21
283698743,4,1,5
283776126,4,0,4
284031821,4,0,4
284691289,4,0,4
284738545,4,25,29
285371341,4,1,5
285762475,4,3,7
285774658,4,36,40
285908150,4,1,5
285920548,4,0,4
286027432,4,2,6
286423987,4,296,300
287420311,4,0,4
287517015,4,0,4
287668387,4,0,4
287972144,4,0,4
288875287,4,0,4
288954129,4,0,4
289119282,4,0,4
289239834,4,17,21
289531256,4,0,4
290717873,4,0,4
290772086,4,2,6
290781081,4,0,4
290791677,4,0,4
292110079,4,0,4
292164628,4,3,7
292671486,4,6,10
292737255,4,8,12
293108743,4,1,5
293199656,4,0,4
293602749,4,2,6
293680988,4,0,4
293756305,4,0,4
296041342,4,0,4
296414203,4,0,4
297035489,4,1,5
297732527,4,0,4
298198402,4,0,4
298271710,4,0,4
298602770,4,0,4
298724551,4,1,5
298897673,4,2,6
299161344,4,0,4
300330315,4,0,4
300442809,4,0,4
300602598,4,0,4
300865107,4,1,5
301108020,4,4,8
301344655,4,1,5
301480866,4,2,6
301527924,4,0,4
301872891,4,0,4
302141286,4,0,4
302220759,4,6,10
302312898,4,20,24
303189306,4,0,4
303559745,4,0,4
304160323,4,1,5
304191609,4,0,4
305745980,4,0,4
307183741,4,0,4
307584252,4,0,4
307656572,4,0,4
307888494,4,0,4
308770630,4,0,4
308816294,4,0,4
308930547,4,0,4
310092548,4,0,4
310875181,4,0,4
311938631,4,0,4
312470959,4,5,9
312684302,4,28,32
312735164,4,20,24
312781234,4,6,10
313050037,4,0,4
313113193,4,0,4
313495468,4,7,11
315879443,4,0,4
316877292,4,0,4
317439395,4,12,16
319311527,4,0,4
319324181,4,0,4
319827043,4,3,7
320027703,4,10,14
320138458,4,0,4
320269924,4,0,4
321226165,4,15,19
321528322,4,0,4
321656824,4,0,4
321719882,4,4,8
321863265,4,0,4
322218696,4,0,4
322309334,4,2,6
322378843,4,3,7
322820275,4,0,4
322918545,4,2,6
323337476,4,13,17
323381099,4,0,4
323487565,4,0,4
323776518,4,0,4
323871113,4,0,4
324126247,4,0,4
324455870,4,12,16
324775744,4,0,4
325145697,4,0,4
325823725,4,0,4
325935294,4,3,7
326184124,4,0,4
326514673,4,2,6
326522516,4,1,5
326600408,4,0,4
326839038,4,0,4
327033735,4,9,13
327127388,4,0,4
327545470,4,0,4
327561051,4,10,14
328260787,4,24,28
328288868,4,0,4
328446325,4,0,4
328759670,4,0,4
329196439,4,17,21
329227314,4,0,4
329821345,4,0,4
329835150,4,0,4
330175045,4,3,7
330526037,4,0,4
330528867,4,1,5
331321878,4,0,4
331748468,4,0,4
331918436,4,0,4
333057256,4,12,16
333143120,4,6,10
333642773,4,0,4
334396576,4,0,4
334409451,4,1,5
334909563,4,0,4
336219585,4,6,10
336265749,4,0,4
336382434,4,1,5
337538237,4,0,4
337564114,4,0,4
337788332,4,1,5
338056107,4,3,7
338606428,4,0,4
338889246,4,3,7
339187164,4,0,4
339265753,4,0,4
340106122,4,0,4
341651130,4,0,4
341940400,4,0,4
343134767,4,15,19
343621360,4,2,6
345016848,4,2,6
345039590,4,0,4
345456133,4,0,4
345741212,4,29,33
346120627,4,0,4
346175175,4,0,4
346758295,4,1,5
347334263,4,0,4
347565124,4,1,5
347614368,4,0,4
348038940,4,22,26
348430576,4,0,4
349208036,4,4,8
350322292,4,0,4
350479730,4,1,5
350937385,4,3,7
350958595,4,6,10
351151761,4,9,13
351852145,4,29,33
352488648,4,0,4
352861762,4,94,98
353361460,4,0,4
353454705,4,0,4
353491612,4,39,43
353661043,4,0,4
354044968,4,5,9
354073189,4,0,4
354302552,4,0,4
355835270,4,0,4
355872790,4,2,6
355935149,4,0,4
356006944,4,0,4
356026306,4,10,14
358308216,4,0,4
358332711,4,0,4
359156715,4,0,4
359524790,4,5,9
360265928,4,0,4
360376852,4,0,4
361091498,4,0,4
361249270,4,0,4
361305333,4,1,5
361647499,4,0,4
361662654,4,0,4
362003128,4,0,4
362008586,4,0,4
362016320,4,0,4
362877454,4,0,4
362916239,4,0,4
363793489,4,0,4
363814725,4,3,7
364003782,4,0,4
364046816,4,38,42
364161076,4,0,4
364419517,4,5,9
365284550,4,4,8
365634520,4,0,4
366387154,4,0,4
366413674,4,0,4
366864024,4,2,6
366901656,4,0,4
368127756,4,3,7
368245410,4,0,4
368504829,4,2,6
369231528,4,2,6
369354041,4,0,4
369559634,4,0,4
370921330,4,0,4
371054776,4,0,4
372900776,4,7,11
373015879,4,0,4
374028522,4,0,4
374282444,4,0,4
374607702,4,0,4
374765784,4,0,4
374901847,4,6,10
375092215,4,0,4
376884268,4,2,6
376981703,4,0,4
378321337,4,0,4
378377753,4,1,5
378557166,4,0,4
378981236,4,0,4
379603610,4,0,4
379855423,4,5,9
380395140,4,1,5
381545609,4,1,5
381960737,4,0,4
382374184,4,3,7
382654990,4,1,5
382790684,4,0,4
382811232,4,0,4
383853972,4,0,4
383906376,4,0,4
384990089,4,0,4
385020321,4,3,7
385077945,4,8,12
385186214,4,0,4
385403922,4,0,4
385656189,4,0,4
385820127,4,0,4
386844340,4,3,7
389573867,4,0,4
389583000,4,1,5
389631927,4,13,17
390153975,4,1,5
390460591,4,0,4
390532129,4,4,8
391164398,4,1,5
392460806,4,0,4
392677704,4,0,4
392984632,4,0,4
393504310,4,0,4
393569320,4,0,4
393735956,4,0,4
394140104,4,0,4
394162289,4,0,4
394301933,4,1,5
394319229,4,0,4
394654453,4,2,6
394935407,4,0,4
396210509,4,0,4
396292779,4,3,7
396706815,4,29,33
396820325,4,1,5
396988040,4,0,4
398440344,4,0,4
398588101,4,1,5
400203982,4,1,5
400938274,4,3,7
401063145,4,0,4
401067463,4,0,4
401070948,4,14,18
401270604,4,0,4
402414599,4,11,15
402429312,4,0,4
402459766,4,1,5
404026590,4,11,15
404114848,4,21,25
404385701,4,0,4
404393063,4,21,25
405308128,4,13,17
405959355,4,1,5
406289650,4,0,4
406562943,4,0,4
407938513,4,0,4
408250569,4,1,5
408587585,4,3,7
408905990,4,14,18
409347587,4,0,4
409371303,4,4,8
409855297,4,0,4
410301870,4,0,4
410621795,4,0,4
412028964,4,0,4
412669672,4,0,4
413533828,4,63,67
413593863,4,12,16
413725720,4,0,4
414523858,4,1,5
415055902,4,0,4
415200565,4,1,5
416633429,4,1,5
417193222,4,0,4
417265667,4,28,32
418305340,4,0,4
418758327,4,1,5
419298492,4,0,4
419420053,4,0,4
419904050,4,0,4
420729224,4,0,4
420739831,4,0,4
422181027,4,43,47
423046467,4,0,4
423671675,4,0,4
423876866,4,73,77
425008494,4,0,4
425206555,4,1,5
426622522,4,0,4
428455890,4,0,4
428982308,4,0,4
429464331,4,0,4
430263175,4,0,4
430810583,4,0,4
431107389,4,0,4
431237253,4,0,4
431327944,4,0,4
431448036,4,1,5
431659701,4,0,4
431703156,4,0,4
431753047,4,0,4
433014018,4,0,4
433765679,4,0,4
434375985,4,0,4
435409906,4,0,4
435679302,4,2,6
436698037,4,0,4
437670515,4,5,9
437832635,4,0,4
437994028,4,0,4
438449199,4,0,4
438880140,4,0,4
439093187,4,9,13
439347343,4,0,4
440355672,4,0,4
440997985,4,0,4
441168679,4,0,4
442186427,4,2,6
442911245,4,18,22
443158945,4,0,4
443277216,4,0,4
443856997,4,0,4
444197859,4,1,5
444409968,4,0,4
445761391,4,0,4
446028349,4,0,4
446526734,4,1,5
448265957,4,1,5
448778732,4,33,37
449377253,4,1,5
450139024,4,0,4
451970100,4,0,4
452502901,4,3,7
452693538,4,2,6
453386948,4,30,34
454330756,4,0,4
454437294,4,17,21
454640361,4,1,5
454831138,4,0,4
455188462,4,0,4
455461372,4,0,4
455951652,4,0,4
456087619,4,19,23
456969193,4,0,4
457650573,4,0,4
459638189,4,1,5
460326819,4,0,4
461033961,4,0,4
461683983,4,1,5
462142965,4,0,4
463117420,4,0,4
464108996,4,1,5
464193784,4,0,4
464497740,4,6,10
465104834,4,1,5
465536566,4,3,7
465689456,4,0,4
466131147,4,0,4
466930062,4,42,46
467419141,4,0,4
467979477,4,0,4
468539772,4,0,4
468643682,4,0,4
468935509,4,1,5
469012040,4,0,4
469442031,4,0,4
470046379,4,0,4
470764663,4,29,33
471203774,4,0,4
472470749,4,1,5
472539018,4,0,4
472629659,4,4,8
472964035,4,0,4
473736288,4,0,4
473953377,4,1,5
475205490,4,0,4
475474742,4,0,4
475877287,4,0,4
476051887,4,0,4
476693418,4,0,4
479114898,4,2,6
480499822,4,1,5
480543668,4,1,5
481254586,4,0,4
481408664,4,0,4
481572505,4,5,9
481776132,4,0,4
482135333,4,5,9
482188855,4,0,4
482351928,4,0,4
482420761,4,0,4
482466047,4,0,4
482969914,4,0,4
483007499,4,0,4
483970728,4,0,4
483998751,4,0,4
484270883,4,0,4
484514687,4,0,4
484779077,4,158,162
485259150,4,0,4
486752186,4,2,6
488285969,4,3,7
488890960,4,0,4
489503352,4,0,4
489662606,4,0,4
489716862,4,2,6
490525148,4,1,5
490773350,4,1,5
491816620,4,0,4
492558482,4,1,5
493175096,4,0,4
494102596,4,0,4
494276148,4,0,4
495208544,4,2,6
496192309,4,12,16
498605276,4,0,4
500142942,4,0,4
500182455,4,8,12
500328483,4,0,4
500897485,4,13,17
501282387,4,0,4
501336737,4,1,5
501537420,4,0,4
502182872,4,0,4
502483248,4,1,5
502639312,4,19,23
503974376,4,0,4
504474006,4,3,7
505394902,4,0,4
505518427,4,2,6
505586108,4,0,4
506054009,4,6,10
506208633,4,0,4
506542325,4,0,4
507636408,4,3,7
507806251,4,0,4
509367550,4,0,4
509788751,4,0,4
509816753,4,0,4
510756694,4,0,4
511077921,4,0,4
512281231,4,0,4
513396024,4,0,4
514040650,4,0,4
514441467,4,0,4
515798800,4,1,5
516039939,4,47,51
516947377,4,0,4
517144675,4,2,6
518991950,4,0,4
519113875,4,1,5
519860717,4,0,4
519998446,4,2,6
520834708,4,2,6
522591791,4,1,5
523285962,4,1,5
525346378,4,0,4
525381669,4,0,4
525656766,4,0,4
525893350,4,0,4
525962289,4,0,4
526631013,4,0,4
526854225,4,4,8
527611085,4,0,4
528016266,4,15,19
528058324,4,2,6
528061330,4,0,4
528682278,4,1,5
528766267,4,0,4
528777642,4,0,4
528836589,4,0,4
529753248,4,1,5
529895952,4,0,4
530895308,4,0,4
531315886,4,1,5
531561168,4,1,5
531932499,4,0,4
532543735,4,0,4
532929732,4,0,4
533578801,4,3,7
534275072,4,4,8
534454803,4,0,4
535387106,4,0,4
535425701,4,22,26
535671096,4,0,4
535773306,4,0,4
535998595,4,6,10
536241384,4,0,4
536793765,4,0,4
537742586,4,1,5
538244386,4,0,4
538310438,4,0,4
538663099,4,0,4
539062114,4,0,4
539316748,4,0,4
539932255,4,1,5
540178596,4,0,4
540238571,4,26,30
540259490,4,3,7
540262928,4,0,4
540389160,4,10,14
542138887,4,5,9
542617279,4,2,6
542617731,4,15,19
543351302,4,0,4
543553285,4,0,4
543597645,4,3,7
544378767,4,6,10
545652384,4,0,4
545974588,4,0,4
546500575,4,1,5
546539495,4,30,34
546855694,4,0,4
546964954,4,0,4
547056633,4,0,4
548305852,4,9,13
548357566,4,0,4
548722582,4,0,4
549286844,4,0,4
550280267,4,1,5
550586771,4,11,15
550611107,4,0,4
550679423,4,1,5
551519702,4,0,4
551567950,4,0,4
552009218,4,0,4
552389671,4,0,4
552695515,4,2,6
552739663,4,0,4
553921006,4,20,24
554829409,4,1,5
555815209,4,1,5
556261687,4,0,4
558309997,4,0,4
561547819,4,3,7
561684741,4,0,4
561784120,4,1,5
561832342,4,0,4
562366845,4,7,11
562450158,4,6,10
563354088,4,0,4
563431410,4,0,4
563880809,4,1,5
563968197,4,0,4
564861472,4,1,5
564961963,4,0,4
565846206,4,2,6
566665454,4,1,5
567528456,4,0,4
568003285,4,0,4
569279870,4,1,5
569379953,4,0,4
569404221,4,0,4
570015237,4,1,5
570504978,4,0,4
570829441,4,1,5
572206661,4,0,4
572400695,4,0,4
572759774,4,0,4
575013276,4,0,4
575754224,4,0,4
575904172,4,0,4
577170582,4,1,5
578469175,4,1,5
578948210,4,4,8
580361777,4,22,26
580993674,4,0,4
581145322,4,46,50
581942529,4,0,4
582935315,4,0,4
583307781,4,2,6
583435444,4,0,4
585336016,4,0,4
587505209,4,0,4
587920170,4,0,4
587960552,4,0,4
587967177,4,3,7
589349457,4,0,4
589525058,4,11,15
589740552,4,22,26
590442973,4,0,4
591057597,4,0,4
591299523,4,0,4
591763961,4,1,5
592017715,4,4,8
593028779,4,0,4
593160115,4,0,4
593172799,4,0,4
593807387,4,1,5
593832355,4,0,4
594484523,4,0,4
595162062,4,1,5
595360244,4,0,4
595875124,4,0,4
597697965,4,17,21
599441701,4,36,40
600873514,4,0,4
602224664,4,5,9
602541557,4,0,4
602937716,4,73,77
603144963,4,2,6
603192400,4,1,5
604753204,4,1,5
605499197,4,0,4
606080691,4,1,5
606235657,4,1,5
606820171,4,0,4
609620716,4,0,4
611299674,4,1,5
612640031,4,2,6
613036517,4,0,4
613087544,4,2,6
615444672,4,0,4
616388629,4,0,4
617381369,4,0,4
617623783,4,0,4
619299246,4,0,4
619345580,4,0,4
619587350,4,5,9
620046141,4,0,4
620441243,4,0,4
622329407,4,0,4
622466316,4,0,4
623823195,4,1,5
624070752,4,1,5
624491438,4,0,4
624769168,4,0,4
625195519,4,34,38
626539462,4,0,4
628773508,4,22,26
628950948,4,1,5
629653238,4,6,10
629659067,4,0,4
629975579,4,2,6
631501838,4,2,6
633719227,4,3,7
634292104,4,1,5
634735010,4,0,4
634742571,4,0,4
634900683,4,0,4
636523071,4,0,4
700170888,4,0,4
700552659,4,1,5
701009995,4,0,4
702070519,4,0,4
704579575,4,9,13
705443356,4,0,4
707883613,4,1,5
708701762,4,0,4
709629426,4,0,4
709951448,4,0,4
710875339,4,0,4
711015422,4,11,15
713352030,4,1,5
715545955,4,0,4
716171473,4,0,4
716854567,4,0,4
717072571,4,0,4
717503280,4,0,4
718473792,4,0,4
718538534,4,0,4
718966765,4,0,4
719293129,4,0,4
721256299,4,0,4
721329892,4,0,4
724364744,4,1,5
726033074,4,0,4
726672788,4,1,5
727327692,4,0,4
731810695,4,0,4
732727645,4,0,4
735486638,4,0,4
735869400,4,1,5
739488380,4,0,4
739555920,4,1,5
739599372,4,0,4
739799648,4,7,11
741087348,4,0,4
747303842,4,4,8
749348659,4,7,11
754248511,4,0,4
755835576,4,21,25
757487155,4,0,4
758024586,4,0,4
760045596,4,0,4
760660680,4,0,4
765832471,4,2,6
766346635,4,41,45
766594628,4,0,4
766672476,4,27,31
766727108,4,0,4
770540354,4,0,4
770759270,4,18,22
771343232,4,0,4
772534885,4,0,4
772725560,4,2,6
774808416,4,1,5
774974118,4,85,89
777409454,4,0,4
779314886,4,3,7
780426085,4,0,4
781565029,4,0,4
784162477,4,0,4
785519150,4,0,4
786339439,4,0,4
788174490,4,28,32
789495355,4,0,4
790529180,4,0,4
790777848,4,0,4
794130205,4,0,4
794363226,4,0,4
795670292,4,5,9
795699584,4,0,4
797183347,4,0,4
798581030,4,0,4
798816984,4,0,4
798849650,4,0,4
799062414,4,0,4
799406180,4,0,4
800294959,4,1,5
801386208,4,1,5
802042507,4,0,4
802336922,4,0,4
803592673,4,17,21
805286532,4,0,4
805606556,4,2,6
807516654,4,4,8
810070711,4,0,4
810086666,4,32,36
811514036,4,0,4
813307975,4,0,4
814431344,4,0,4
815050680,4,0,4
818474204,4,0,4
820137715,4,2,6
821212423,4,0,4
822473767,4,3,7
824236638,4,0,4
826124450,4,0,4
827753221,4,5,9
828218160,4,0,4
829355624,4,0,4
831020839,4,1,5
831621001,4,0,4
831660073,4,36,40
831859974,4,1,5
832953192,4,0,4
836414792,4,0,4
836742452,4,0,4
838391820,4,1,5
838554698,4,1,5
838768508,4,0,4
839655944,4,0,4
840631495,4,1,5
841758746,4,2,6
844403436,4,0,4
845540941,4,1,5
845669107,4,36,40
846619645,4,2,6
847753123,4,0,4
848230884,4,0,4
848518471,4,3,7
852012985,4,0,4
852218317,4,0,4
852944574,4,0,4
854642737,4,0,4
855207852,4,0,4
855717704,4,0,4
855753146,4,8,12
855792048,4,1,5
859164476,4,0,4
859805846,4,1,5
860278806,4,0,4
860613032,4,1,5
860851902,4,4,8
861790687,4,0,4
862302824,4,0,4
862626912,4,13,17
865093320,4,0,4
866210244,4,6,10
867144168,4,0,4
867268854,4,0,4
867526044,4,1,5
868458236,4,1,5
868967809,4,0,4
874524104,4,0,4
874810854,4,0,4
874837872,4,0,4
874911452,4,1,5
875577330,4,0,4
875898434,4,16,20
883245078,4,0,4
885601772,4,90,94
885803922,4,0,4
887104513,4,0,4
888469868,4,0,4
889308836,4,0,4
890508780,4,0,4
893771864,4,98,102
894004188,4,1,5
895271594,4,0,4
895541197,4,0,4
897786572,4,0,4
898044152,4,0,4
898599696,4,0,4
898762093,4,2,6
898878380,4,1,5
900434648,4,0,4
902090376,4,0,4
903201378,4,0,4
904638030,4,5,9
907293698,4,0,4
908958914,4,0,4
909242832,4,0,4
911688626,4,0,4
913225676,4,14,18
918013382,4,4,8
920384972,4,4,8
921751440,4,0,4
922050133,4,0,4
923564246,4,0,4
924606878,4,7,11
925406383,4,0,4
925630208,4,0,4
926314244,4,9,13
926323418,4,0,4
927746353,4,0,4
930084780,4,5,9
930178296,4,28,32
930530558,4,0,4
930710143,4,0,4
930719952,4,0,4
930797227,4,0,4
931238114,4,0,4
932764814,4,0,4
938047747,4,0,4
939762660,4,81,85
940629938,4,0,4
940804730,4,0,4
941534016,4,1,5
942247843,4,0,4
942752258,4,0,4
944195612,4,1,5
944804173,4,0,4
945857035,4,0,4
947126928,4,0,4
947722922,4,0,4
949885171,4,0,4
950132311,4,0,4
950866213,4,0,4
951599564,4,4,8
953417288,4,16,20
954806413,4,0,4
958306826,4,1,5
961576590,4,0,4
962704766,4,0,4
963513162,4,0,4
964170745,4,0,4
965210173,4,0,4
967689962,4,0,4
970814876,4,1,5
972635358,4,0,4
974809158,4,0,4
980605922,4,3,7
980688888,4,0,4
981120007,4,0,4
983583204,4,0,4
985496378,4,0,4
986571944,4,1,5
988002966,4,3,7
989873840,4,0,4
990135104,4,0,4
991997365,4,4,8
992924730,4,0,4
994213735,4,1,5
994883282,4,0,4
998493181,4,0,4
1000360488,4,0,4
1001097890,4,1,5
1001958715,4,0,4
1003638126,4,2,6
1004143693,4,39,43
1004894738,4,0,4
1005169518,4,3,7
1006028304,4,0,4
1007394133,4,0,4
1007639851,4,1,5
1010497975,4,3,7
1015254312,4,0,4
1016733578,4,2,6
1020994344,4,0,4
1023138416,4,0,4
1025671104,4,0,4
1025713334,4,1,5
1030802154,4,10,14
1037390732,4,0,4
1040556542,4,1,5
1040885508,4,0,4
1041732343,4,18,22
1043049734,4,0,4
1043516526,4,0,4
1046901427,4,0,4
1047575821,4,0,4
1048160628,4,0,4
1048719632,4,0,4
1051649540,4,1,5
1052587117,4,51,55
1054623511,4,14,18
1055770154,4,0,4
1056204469,4,0,4
1058246118,4,0,4
1058694626,4,0,4
1059123349,4,0,4
1061393298,4,0,4
1064901992,4,0,4
1074238232,4,0,4
1075603999,4,0,4
1075629500,4,0,4
1077449672,4,0,4
1077855198,4,0,4
1081342886,4,0,4
1084112678,4,1,5
1085061985,4,1,5
1086796146,4,0,4
1087620162,4,0,4
1090174435,4,0,4
1090706622,4,2,6
1096086854,4,0,4
1096762219,4,16,20
1098840697,4,0,4
1099168418,4,0,4
1100352667,4,1,5
1101150086,4,6,10
1101298442,4,690,694
1103455543,4,0,4
1104213572,4,0,4
1109361692,4,0,4
1109491734,4,1,5
1110194262,4,7,11
1112691792,4,0,4
1114886305,4,8,12
1115720264,4,2,6
1116449922,4,0,4
1122480236,4,43,47
1124693983,4,0,4
1126157130,4,1,5
1132628209,4,1,5
1136854068,4,0,4
1137066798,4,0,4
1138066470,4,0,4
1138259233,4,0,4
1138674656,4,0,4
1142163529,4,1,5
1142845795,4,0,4
1144689115,4,0,4
1146400518,4,0,4
1147530948,4,0,4
1147554114,4,0,4
1148259380,4,0,4
1149750463,4,0,4
1152388790,4,0,4
1152681726,4,4,8
1155731180,4,0,4
1160139679,4,0,4
1164934344,4,4,8
1169061356,4,0,4
1169473657,4,126,130
1169497868,4,0,4
1170769933,4,1,5
1173151501,4,0,4
1173295285,4,2,6
1179479251,4,0,4
1180884396,4,4,8
1182812719,4,1,5
1188108474,4,1,5
1198491116,4,0,4
1205790420,4,4,8
1209791809,4,0,4
1210480302,4,0,4
1214131722,4,0,4
1216557248,4,6,10
1223300244,4,91,95
1224996284,4,0,4
1226130919,4,11,15
1227611797,4,0,4
1228503109,4,0,4
1229029861,4,3,7
1232620002,4,0,4
1232706212,4,9,13
1234987687,4,0,4
1236445705,4,1,5
1240578877,4,0,4
1244446112,4,0,4
1247873534,4,2,6
1250584963,4,0,4
1250689867,4,0,4
1254490128,4,0,4
1257053180,4,0,4
1257431618,4,1,5
1257753662,4,0,4
1262391883,4,0,4
1267623974,4,1,5
1267759104,4,0,4
1268030454,4,0,4
1268411802,4,0,4
1268615570,4,0,4
1270735232,4,0,4
1271368357,4,7,11
1272843631,4,0,4
1273583713,4,0,4
1275763346,4,0,4
1275867960,4,0,4
1277454542,4,0,4
1279341338,4,0,4
1282158128,4,0,4
1283874588,4,0,4
1284306829,4,0,4
1285592126,4,0,4
1286211373,4,0,4
1289740650,4,0,4
1290006391,4,0,4
1300117867,4,34,38
1302829507,4,2,6
1303297776,4,0,4
1311093499,4,3,7
1314452910,4,0,4
1315858573,4,0,4
1318587475,4,6,10
1320581040,4,0,4
1320663224,4,0,4
1322393514,4,0,4
1323560274,4,0,4
1326081548,4,1,5
1326875047,4,0,4
1327105052,4,6,10
1329128316,4,0,4
1331652110,4,1,5
1334228852,4,0,4
1341944922,4,0,4
1342572122,4,1,5
1344228505,4,1,5
1345079730,4,0,4
1348173648,4,0,4
1352485362,4,1,5
1354501574,4,23,27
1356979400,4,0,4
1362040658,4,0,4
1362995900,4,0,4
1363580378,4,34,38
1364981924,4,0,4
1368257760,4,1,5
1370344022,4,2,6
1373446663,4,0,4
1374019584,4,0,4
1375517737,4,0,4
1375862610,4,27,31
1377687109,4,0,4
1378779127,4,0,4
1382683255,4,0,4
1387190622,4,18,22
1387650432,4,0,4
1389391634,4,56,60
1393501008,4,1,5
1397175396,4,0,4
1398294475,4,0,4
1402587984,4,17,21
1403430847,4,8,12
1409015352,4,0,4
1409085349,4,1,5
1409435017,4,0,4
1411633225,4,0,4
1412637883,4,1,5
1416101198,4,0,4
1416714433,4,1,5
1417146067,4,17,21
1421542783,4,0,4
1426593697,4,0,4
1436855731,4,0,4
1440138626,4,13,17
1444771298,4,0,4
1446509936,4,0,4
1446599180,4,0,4
1446754728,4,0,4
1454186268,4,0,4
1459695894,4,0,4
1461022464,4,45,49
1466663004,4,0,4
1472216587,4,0,4
1476934710,4,0,4
1481134555,4,0,4
1485950028,4,0,4
1488509444,4,0,4
1488517507,4,55,59
1488704443,4,1,5
1489268401,4,1,5
1493832079,4,22,26
1494945548,4,5,9
1495550400,4,0,4
1497596857,4,1,5
1498788391,4,0,4
1507561645,4,0,4
1514893184,4,0,4
1519465350,4,26,30
1520324371,4,0,4
1521951289,4,0,4
1523105190,4,0,4
1527090775,4,0,4
1528118354,4,1,5
1534002102,4,0,4
1534681368,4,0,4
1538214343,4,0,4
1538960676,4,0,4
1539288434,4,0,4
1541604252,4,0,4
1542267114,4,0,4
1543451437,4,0,4
1544698226,4,0,4
1547956508,4,0,4
1554049382,4,2,6
1554848462,4,0,4
1555386392,4,0,4
1556531004,4,6,10
1560857406,4,38,42
1562196168,4,0,4
1566463202,4,0,4
1567348573,4,0,4
1569701208,4,0,4
1581189012,4,1,5
1581348204,4,0,4
1585670376,4,14,18
1585851727,4,0,4
1591988317,4,0,4
1592421343,4,18,22
1592436936,4,0,4
1593595338,4,5,9
1598705930,4,0,4
1599074376,4,1,5
1601980362,4,0,4
1605851814,4,2,6
1607528220,4,0,4
1611441020,4,0,4
1612767643,4,1,5
1622083238,4,0,4
1622568553,4,0,4
1626086191,4,0,4
1628921324,4,1,5
1629062264,4,0,4
1633243596,4,1,5
1633329601,4,1,5
1634108359,4,0,4
1634512056,4,6,10
1635980220,4,0,4
1636802365,4,0,4
1637695364,4,1,5
1638780450,4,0,4
1640929196,4,27,31
1643187175,4,0,4
1645629559,4,1,5
1646906960,4,0,4
1651362516,4,0,4
1658269064,4,0,4
1658433434,4,0,4
1661306935,4,0,4
1665577003,4,0,4
1666286936,4,0,4
1667026417,4,0,4
1667670247,4,1,5
1669383938,4,1,5
1670938213,4,0,4
1673205920,4,3,7
1676777990,4,0,4
1679104537,4,1,5
1679722219,4,0,4
1682681904,4,15,19
1690106558,4,1,5
1690725324,4,0,4
1691242578,4,1,5
1692077672,4,12,16
1694645616,4,1,5
1698105998,4,0,4
1699786620,4,0,4
1702689662,4,0,4
1707856567,4,0,4
1709354833,4,0,4
1710864301,4,1,5
1712390929,4,0,4
1719678079,4,0,4
1719847219,4,0,4
1720529779,4,1,5
1726306548,4,0,4
1727322224,4,1,5
1729684957,4,0,4
1730211794,4,1,5
1730291257,4,0,4
1734038803,4,1,5
1754769506,4,0,4
1797266682,4,0,4
1855202136,4,0,4
1861363051,4,1,5
1864438328,4,0,4
1878914857,4,0,4
1880825924,4,1,5
1883700643,4,0,4
1883710946,4,0,4
1885927447,4,0,4
1887921582,4,1,5
1888272456,4,0,4
1891335392,4,8,12
1894063945,4,0,4
1895772169,4,0,4
1897601155,4,4,8
1905041293,4,2,6
1909254804,4,0,4
1909758854,4,18,22
1911567206,4,0,4
1913368447,4,0,4
1913887326,4,0,4
1914396080,4,0,4
1915001826,4,0,4
1915702825,4,0,4
1915835971,4,0,4
1916598997,4,0,4
1918176913,4,0,4
1918183831,4,0,4
1920847470,4,0,4
1921257079,4,0,4
1921507278,4,0,4
1928655258,4,25,29
1934451319,4,0,4
1938170887,4,0,4
1938497838,4,0,4
1938718518,4,4,8
1942488386,4,2,6
1944846498,4,0,4
1945750400,4,0,4
1945916906,4,0,4
1947653695,4,1,5
1948063075,4,0,4
1948118984,4,0,4
1950663906,4,0,4
1951101906,4,1,5
1952683669,4,0,4
1953540097,4,1,5
1955897370,4,0,4
1964968338,4,0,4
1972334744,4,0,4
1973277056,4,0,4
1976772002,4,0,4
1977222403,4,0,4
2152455151,4,0,4
2154599701,4,0,4
2156415749,4,0,4
2163398489,4,0,4
2164051315,4,2,6
2164339015,4,0,4
2164701319,4,0,4
2164766750,4,0,4
2165821041,4,0,4
2165912923,4,1,5
2166930302,4,1,5
2167619705,4,0,4
2168858696,4,1,5
2169229836,4,0,4
2170292839,4,0,4
2171704790,4,0,4
2171905896,4,0,4
2173054549,4,7,11
2174105692,4,1,5
2175358638,4,0,4
2178497382,4,0,4
2179655522,4,14,18
2184513381,4,19,23
2185305058,4,1,5
2185327370,4,0,4
2185811371,4,1,5
2188315894,4,1,5
2188726500,4,1,5
2188982130,4,0,4
2189697402,4,0,4
2189733956,4,0,4
2191356869,4,2,6
2194394673,4,17,21
2195215441,4,0,4
2196111943,4,2,6
2199795450,4,0,4
2200784754,4,0,4
2201599248,4,0,4
2205161185,4,41,45
2209026703,4,0,4
2209577744,4,0,4
2209725601,4,0,4
2210785530,4,0,4
2211613944,4,0,4
2216326629,4,0,4
2217700854,4,0,4
2218730778,4,45,49
2219522785,4,2,6
2219807637,4,0,4
2220559382,4,0,4
2225209705,4,2,6
2225544464,4,0,4
2225591279,4,0,4
2225657954,4,8,12
2226140491,4,38,42
2226235435,4,64,68
2227257204,4,0,4
2228343865,4,0,4
2228703812,4,0,4
2233503582,4,0,4
2233963809,4,0,4
2236416469,4,0,4
2238599521,4,0,4
2238751344,4,0,4
2239674444,4,3,7
2239721785,4,1,5
2241346555,4,0,4
2249705628,4,0,4
2253272678,4,0,4
2257268078,4,0,4
2258380561,4,0,4
2263404001,4,0,4
2269670144,4,1,5
2269698739,4,0,4
2273244103,4,0,4
2273396096,4,0,4
2273733510,4,0,4
2276757272,4,0,4
2277019206,4,1,5
2279519594,4,0,4
2279550642,4,0,4
2281546171,4,0,4
2284437531,4,1,5
2288224081,4,0,4
2289071318,4,0,4
2289103106,4,0,4
2292416748,4,0,4
2292626818,4,57,61
2298134277,4,6,10
2299369160,4,0,4
2300742912,4,1,5
2302470343,4,1,5
2303459761,4,0,4
2303683610,4,1,5
2305302030,4,1,5
2305361856,4,0,4
2305949045,4,0,4
2309093162,4,0,4
2310416263,4,2,6
2312467536,4,0,4
2314703300,4,2,6
2314925246,4,0,4
2316547928,4,0,4
2319241531,4,0,4
2319327596,4,2,6
2320404222,4,0,4
2321050714,4,0,4
2321542928,4,0,4
2322143654,4,0,4
2322820675,4,1,5
2322980904,4,7,11
2323882189,4,3,7
2324182908,4,0,4
2325339908,4,0,4
2327428716,4,0,4
2327464920,4,2,6
2327801184,4,0,4
2328098492,4,0,4
2329467967,4,16,20
2333613415,4,2,6
2335960920,4,2,6
2336061661,4,0,4
2337999540,4,3,7
2338709286,4,11,15
2340810810,4,0,4
2341306207,4,0,4
2341519921,4,5,9
2341933376,4,0,4
2342355402,4,0,4
2343823030,4,0,4
2344007365,4,0,4
2345570812,4,0,4
2349010292,4,32,36
2349297128,4,0,4
2350568316,4,0,4
2351691004,4,0,4
2352090426,4,18,22
2352154825,4,1,5
2353260642,4,0,4
2354546114,4,2,6
2355126086,4,0,4
2357027029,4,0,4
2357616646,4,3,7
2358807008,4,1,5
2361511387,4,0,4
2361860382,4,1,5
2362125024,4,0,4
2363914387,4,1,5
2364145870,4,0,4
2364673266,4,0,4
2365184932,4,0,4
2365686348,4,0,4
2366418775,4,28,32
2367178723,4,2,6
2367679310,4,0,4
2368182604,4,0,4
2370583092,4,1,5
2371346971,4,2,6
2373073316,4,1,5
2373497463,4,2,6
2375809466,4,0,4
2375986580,4,0,4
2376181981,4,1,5
2376352563,4,0,4
2377691435,4,3,7
2379337844,4,0,4
2380967150,4,2,6
2381321772,4,0,4
2382949214,4,0,4
2382951056,4,1,5
2385951962,4,27,31
2386899546,4,0,4
2387001169,4,4,8
2387994967,4,0,4
2390056830,4,1,5
2391227880,4,0,4
2391446686,4,0,4
2392505464,4,1,5
2393083572,4,3,7
2393356688,4,1,5
2394257250,4,0,4
2398371445,4,0,4
2398395180,4,0,4
2398880071,4,0,4
2401729658,4,0,4
2401952696,4,0,4
2402165532,4,2,6
2405429635,4,0,4
2409946686,4,1,5
2413913611,4,0,4
2415394615,4,17,21
2418050479,4,1,5
2419177464,4,13,17
2419425865,4,0,4
2419437775,4,0,4
2419866354,4,11,15
2421231368,4,0,4
2425782026,4,0,4
2427953263,4,0,4
2429539135,4,0,4
2433514585,4,0,4
2437114425,4,50,54
2438289392,4,0,4
2439200863,4,0,4
2439711755,4,0,4
2439828375,4,0,4
2447319145,4,0,4
2450378048,4,0,4
2451990738,4,0,4
2452113865,4,0,4
2453728021,4,0,4
2454726968,4,0,4
2456990936,4,1,5
2460086300,4,0,4
2460728179,4,0,4
2473040724,4,0,4
2473080032,4,0,4
2477869141,4,0,4
2478193790,4,0,4
2480215242,4,2,6
2480426246,4,0,4
2480534597,4,0,4
2482961406,4,0,4
2488490556,4,0,4
2489306957,4,0,4
2490834003,4,0,4
2491913816,4,0,4
2492847348,4,0,4
2493534578,4,2,6
2493552642,4,0,4
2495149990,4,0,4
2495951275,4,0,4
2496376062,4,1,5
2497425242,4,1,5
2498940313,4,0,4
2502384635,4,1,5
2504485384,4,0,4
2505154231,4,29,33
2506714313,4,0,4
2507815202,4,0,4
2508177997,4,7,11
2508261350,4,1,5
2508827207,4,48,52
2510502312,4,0,4
2515594758,4,30,34
2517154169,4,0,4
2518188164,4,2,6
2522359608,4,0,4
2523498898,4,35,39
2524513236,4,0,4
2525149488,4,0,4
2525584352,4,0,4
2526840908,4,11,15
2528018150,4,0,4
2530943671,4,0,4
2531105628,4,0,4
2535516816,4,1,5
2537591427,4,2,6
2537872898,4,0,4
2538037962,4,1,5
2541726542,4,0,4
2544756307,4,20,24
2546086221,4,1,5
2546091689,4,0,4
2546509795,4,0,4
2553528584,4,0,4
2555490392,4,0,4
2556006115,4,0,4
2558071936,4,1,5
2558166399,4,17,21
2558624470,4,0,4
2559247979,4,0,4
2559396684,4,1,5
2561677945,4,1,5
2564983779,4,1,5
2565663960,4,1,5
2567397822,4,1,5
2569487083,4,57,61
2569888509,4,0,4
2570194679,4,0,4
2570381768,4,0,4
2574567412,4,0,4
2576685542,4,0,4
2577308438,4,12,16
2579723330,4,0,4
2580543661,4,0,4
2582491298,4,1,5
2586377694,4,0,4
2586584905,4,0,4
2588181643,4,0,4
2588281371,4,0,4
2591325968,4,0,4
2591822204,4,0,4
2593705760,4,1,5
2597346858,4,0,4
2600944333,4,0,4
2602628048,4,0,4
2605193871,4,1,5
2608469026,4,0,4
2610713250,4,3,7
2611038034,4,0,4
2611818027,4,0,4
2612742381,4,0,4
2614113627,4,2,6
2615997645,4,0,4
2616273104,4,0,4
2641779844,4,0,4
2641999727,4,0,4
2645258028,4,4,8
2645582078,4,14,18
2646454764,4,0,4
2648758194,4,0,4
2652517759,4,0,4
2656261970,4,0,4
2662504646,4,7,11
2663146549,4,0,4
2669187602,4,0,4
2674045782,4,0,4
2677927665,4,0,4
2681000676,4,3,7
2681213905,4,1,5
2688194834,4,0,4
2689985608,4,0,4
2690652942,4,0,4
2691316814,4,2,6
2693479615,4,0,4
2696533358,4,2,6
2697003816,4,3,7
2699067061,4,0,4
2704220424,4,5,9
2707742724,4,0,4
2711530479,4,0,4
2715689509,4,2,6
2716362202,4,0,4
2717011563,4,0,4
2717072838,4,1,5
2717433455,4,0,4
2720308531,4,0,4
2720432066,4,0,4
2723107171,4,2,6
2723405994,4,0,4
2724516962,4,0,4
2728250542,4,0,4
2730726550,4,1,5
2732712398,4,0,4
2732818781,4,0,4
2735864293,4,0,4
2735903078,4,11,15
2736370221,4,0,4
2739650626,4,1,5
2740340985,4,4,8
2741661968,4,4,8
2743935016,4,1,5
2744746397,4,0,4
2745717056,4,0,4
2746285385,4,0,4
2746541138,4,5,9
2751070151,4,0,4
2752231811,4,0,4
2756657228,4,1,5
2759353503,4,0,4
2759694421,4,0,4
2760679408,4,0,4
2764992865,4,1,5
2765158822,4,0,4
2767630711,4,0,4
2769637792,4,0,4
2770612419,4,6,10
2774710121,4,1,5
2780030212,4,1,5
2784126129,4,0,4
2784335164,4,0,4
2784557587,4,0,4
2786055071,4,0,4
2786748193,4,0,4
2794466342,4,0,4
2798446415,4,2,6
2798765632,4,1,5
2801171728,4,0,4
2801891267,4,0,4
2803933850,4,11,15
2805755087,4,0,4
2805762297,4,2,6
2806065470,4,3,7
2806676274,4,0,4
2807772698,4,0,4
2808576672,4,0,4
2810570114,4,0,4
2811268788,4,0,4
2811909217,4,10,14
2813043856,4,0,4
2813713400,4,0,4
2814284758,4,0,4
2814560957,4,0,4
2815734104,4,0,4
2817884502,4,2,6
2823652717,4,0,4
2824205500,4,0,4
2824881900,4,0,4
2824908322,4,0,4
2825369794,4,0,4
2827717443,4,0,4
2828335767,4,0,4
2830180899,4,0,4
2831053181,4,1,5
2832323288,4,1,5
2833413337,4,0,4
2837122782,4,1,5
2838359254,4,1,5
2838500171,4,0,4
2839456584,4,69,73
2839577375,4,0,4
2845328650,4,0,4
2847234454,4,0,4
2847811080,4,0,4
2848664824,4,0,4
2849173592,4,0,4
2849377274,4,7,11
2853621783,4,0,4
2854166999,4,3,7
2856010706,4,2,6
2857045735,4,0,4
2858665159,4,2,6
2859303759,4,0,4
2860718662,4,3,7
2861441094,4,0,4
2862084161,4,0,4
2862682151,4,12,16
2863302386,4,0,4
2863459408,4,1,5
2863902980,4,0,4
2865664820,4,1,5
2866374017,4,0,4
2866915780,4,6,10
2867022549,4,1,5
2870992973,4,0,4
2873100909,4,2,6
2874845313,4,2,6
2875302016,4,0,4
2875410745,4,0,4
2875727345,4,1,5
2876964273,4,0,4
2878141684,4,0,4
2882390612,4,0,4
2883811221,4,3,7
2883840371,4,3,7
2885858650,4,0,4
2887135823,4,0,4
2887478162,4,0,4
2889011706,4,0,4
2889100387,4,0,4
2889221200,4,1,5
2890980888,4,0,4
2891529921,4,0,4
2891930326,4,0,4
2892814439,4,0,4
2893780998,4,0,4
2897542293,4,0,4
2898240882,4,3,7
2901762345,4,0,4
2903192644,4,1,5
2904092315,4,1,5
2904387199,4,3,7
2906481769,4,0,4
2907006339,4,0,4
2907834765,4,0,4
2910371618,4,0,4
2910891818,4,0,4
2911173052,4,0,4
2912688233,4,0,4
2912711596,4,0,4
2913729166,4,0,4
2915082632,4,0,4
2915425457,4,10,14
2916913459,4,0,4
2921981104,4,3,7
2922521030,4,1,5
2925812427,4,0,4
2925824437,4,2,6
2927177993,4,0,4
2930368843,4,1,5
2931734844,4,0,4
2931754361,4,0,4
2938439565,4,0,4
2938580107,4,0,4
2938863233,4,1,5
2940138675,4,0,4
2940196385,4,0,4
2940807333,4,0,4
2941364827,4,1,5
2942179658,4,4,8
2944360687,4,0,4
2945193105,4,0,4
2949389615,4,1,5
2950552039,4,0,4
2951577298,4,3,7
2951654846,4,0,4
2952280668,4,0,4
2952871659,4,0,4
2954177062,4,0,4
2954691767,4,0,4
2958961433,4,0,4
2960949718,4,0,4
2961008091,4,0,4
2961471695,4,0,4
2963261573,4,0,4
2967235355,4,0,4
2967776723,4,0,4
2969116960,4,0,4
2970012937,4,0,4
2975648234,4,2,6
2975823473,4,0,4
2976475089,4,0,4
2976796559,4,0,4
2977754351,4,0,4
2982949710,4,4,8
2982956602,4,0,4
2988412217,4,0,4
2989323842,4,0,4
2989922147,4,0,4
2991154709,4,0,4
2991922242,4,0,4
2993700866,4,0,4
2994624225,4,7,11
2994785372,4,1,5
2996425082,4,0,4
2996932043,4,3,7
2997300433,4,0,4
2998672193,4,0,4
2998817062,4,0,4
2999016433,4,0,4
2999643543,4,1,5
2999890723,4,0,4
3002376469,4,9,13
3002725392,4,0,4
3003571342,4,1,5
3004017048,4,0,4
3004259046,4,2,6
3004863501,4,6,10
3006066894,4,6,10
3006484925,4,0,4
3006791590,4,0,4
3007891013,4,0,4
3008390671,4,0,4
3008458559,4,0,4
3008838283,4,0,4
3012961808,4,0,4
3013767796,4,4,8
3015012045,4,13,17
3015217269,4,0,4
3016732923,4,0,4
3018793935,4,0,4
3021440752,4,4,8
3023252607,4,1,5
3025370241,4,0,4
3026474748,4,2,6
3031952314,4,0,4
3035175182,4,106,110
3035285307,4,0,4
3040599623,4,0,4
3042197855,4,0,4
3042410350,4,0,4
3043520240,4,0,4
3044148044,4,2,6
3044288870,4,0,4
3044956144,4,0,4
3045138316,4,0,4
3047797111,4,0,4
3050428301,4,0,4
3051169598,4,2,6
3051274470,4,0,4
3051473370,4,1,5
3051484905,4,0,4
3051749024,4,1,5
3052594327,4,2,6
3053786988,4,0,4
3056204496,4,0,4
3056392245,4,0,4
3057886001,4,0,4
3058873549,4,0,4
3060695288,4,0,4
3063251429,4,0,4
3063815037,4,1,5
3063917186,4,0,4
3064694212,4,0,4
3064905459,4,0,4
3064954217,4,0,4
3065070099,4,0,4
3065796789,4,0,4
3065997496,4,0,4
3068855836,4,106,110
3068993240,4,0,4
3071184851,4,1,5
3071815304,4,3,7
3072064951,4,0,4
3075692210,4,33,37
3083247955,4,2,6
3086873664,4,0,4
3091093089,4,0,4
3092329227,4,5,9
3093334373,4,2,6
3094589710,4,0,4
3099492742,4,0,4
3100452792,4,0,4
3100569793,4,0,4
3100693607,4,0,4
3102209010,4,0,4
3109345489,4,0,4
3111278546,4,0,4
3112342244,4,5,9
3112391119,4,1,5
3117723390,4,0,4
3118408286,4,2,6
3120944644,4,0,4
3122896768,4,1,5
3124390539,4,0,4
3128046594,4,1,5
3128449208,4,0,4
3129483844,4,0,4
3130734227,4,0,4
3130752258,4,12,16
3131182071,4,0,4
3131597699,4,3,7
3137222356,4,0,4
3139090669,4,14,18
3140971784,4,4,8
3147433597,4,0,4
3150463406,4,2,6
3151451678,4,0,4
3153720872,4,6,10
3154588845,4,0,4
3155008455,4,0,4
3158274637,4,0,4
3159541089,4,0,4
3160928045,4,57,61
3161888218,4,0,4
3166728471,4,57,61
3166800085,4,3,7
3171838972,4,6,10
3172006139,4,0,4
3174369958,4,0,4
3174473625,4,0,4
3177419908,4,1,5
3179364407,4,0,4
3179475258,4,3,7
3182858773,4,1,5
3187113793,4,12,16
3187121234,4,0,4
3188866297,4,4,8
3189093031,4,0,4
3189893118,4,0,4
3190479769,4,0,4
3193021630,4,0,4
3193617290,4,0,4
3195345898,4,0,4
3195968744,4,0,4
3200012582,4,0,4
3201138814,4,0,4
3204938470,4,0,4
3213926349,4,1,5
3219137527,4,13,17
3221728030,4,0,4
3222961026,4,0,4
3223750123,4,2,6
3228980468,4,0,4
3230625147,4,0,4
3231885308,4,2,6
3233789184,4,0,4
3233796815,4,0,4
3234416528,4,0,4
3234448262,4,0,4
3235141260,4,0,4
3235648099,4,0,4
3236837529,4,15,19
3237144063,4,1,5
3238612838,4,3,7
3239427389,4,20,24
3240622928,4,5,9
3241255444,4,0,4
3241512717,4,0,4
3241933340,4,0,4
3245463045,4,6,10
3246499629,4,0,4
3246983483,4,0,4
3247188550,4,1,5
3247922418,4,0,4
3248469444,4,0,4
3248771667,4,0,4
3251769330,4,0,4
3253034377,4,0,4
3253058624,4,11,15
3253062914,4,0,4
3255025526,4,2,6
3256616628,4,0,4
3257176458,4,8,12
3257251025,4,0,4
3259626391,4,19,23
3260294947,4,1,5
3265291758,4,0,4
3267764497,4,15,19
3269768563,4,1,5
3272031445,4,2,6
3274604148,4,28,32
3274879178,4,1,5
3278098098,4,0,4
3279028236,4,1,5
3280099128,4,69,73
3281353441,4,1,5
3281854080,4,1,5
3282083918,4,0,4
3282157934,4,0,4
3283689583,4,0,4
3284381899,4,0,4
3285330997,4,2,6
3286847923,4,0,4
3289136932,4,1,5
3290026367,4,0,4
3290543735,4,2,6
3293228010,4,3,7
3293235761,4,1,5
3293871542,4,0,4
3294014750,4,3,7
3294124576,4,0,4
3295710225,4,0,4
3296575122,4,1,5
3296968591,4,1,5
3297440848,4,0,4
3298095060,4,0,4
3298777752,4,1,5
3299870538,4,0,4
3300758706,4,0,4
3301222412,4,0,4
3301624108,4,58,62
3304721357,4,4,8
3305406949,4,14,18
3306160258,4,6,10
3306232572,4,0,4
3307281892,4,0,4
3307367612,4,0,4
3308952466,4,0,4
3309262579,4,0,4
3309685944,4,1,5
3310071229,4,1,5
3310148581,4,0,4
3310493730,4,0,4
3312152763,4,0,4
3313078748,4,6,10
3313342105,4,0,4
3314215343,4,0,4
3315875474,4,0,4
3318066602,4,0,4
3318239326,4,0,4
3320227978,4,2,6
3320239122,4,1,5
3320855630,4,0,4
3322040555,4,1,5
3323567243,4,0,4
3325471567,4,0,4
3329106072,4,11,15
3329204249,4,1,5
3332481378,4,0,4
3335507734,4,0,4
3338691058,4,0,4
3338779876,4,1,5
3340454765,4,0,4
3345810149,4,0,4
3346221454,4,1,5
3351067785,4,1,5
3351941133,4,0,4
3352389142,4,0,4
3353094863,4,0,4
3356021313,4,0,4
3356563571,4,0,4
3363576017,4,1,5
3368436256,4,0,4
3370173412,4,7,11
3372789261,4,0,4
3373681103,4,0,4
3377326773,4,2,6
3378004534,4,1,5
3383237475,4,0,4
3383831644,4,0,4
3390615567,4,0,4
3396029937,4,0,4
3396521189,4,1,5
3396958632,4,0,4
3400130314,4,1,5
3400545088,4,1,5
3402097235,4,0,4
3402799420,4,0,4
3405633039,4,0,4
3406368736,4,0,4
3406432619,4,1,5
3407713942,4,2,6
3419257265,4,0,4
3419303860,4,0,4
3419372474,4,2,6
3419514238,4,0,4
3423033328,4,0,4
3427271367,4,1,5
3428751971,4,2,6
3430144125,4,8,12
3431421372,4,0,4
3432484573,4,0,4
3436192275,4,0,4
3436503609,4,0,4
3437477429,4,0,4
3437561698,4,0,4
3439040914,4,0,4
3440543237,4,0,4
3446453363,4,0,4
3448372394,4,0,4
3452744123,4,0,4
3457443381,4,0,4
3458669185,4,0,4
3459258929,4,0,4
3462463514,4,4,8
3474421995,4,1,5
3482708422,4,2,6
3483685037,4,0,4
3496320497,4,0,4
3499579335,4,0,4
3513412576,4,5,9
3519715347,4,1,5
3523384582,4,0,4
3527279773,4,0,4
3560538673,4,1,5
3567764369,4,0,4
3572201837,4,0,4
3577180272,4,0,4
3578179997,4,1,5
3579590297,4,22,26
3581398996,4,1,5
3588201316,4,2,6
3597425895,4,0,4
3598656192,4,0,4
3599881403,4,0,4
3605604204,4,0,4
3607693273,4,1,5
3617658492,4,0,4
3619121179,4,0,4
3619210336,4,0,4
3625825466,4,0,4
3631466716,4,0,4
3632335034,4,0,4
3633170008,4,0,4
3656884818,4,1,5
3666268342,4,1,5
3685218445,4,0,4
3689630671,4,0,4
3699083661,4,0,4
3699805998,4,0,4
3717937332,4,0,4
3719316499,4,0,4
3732924136,4,0,4
3742923733,4,0,4
3750404056,4,0,4
3761230394,4,0,4
3776233332,4,0,4
3778672407,4,0,4
3782572522,4,2,6
3785203332,4,1,5
3795510322,4,2,6
3795627814,4,0,4
3806806693,4,0,4
3810681378,4,0,4
3817795696,4,0,4
3819154283,4,0,4
3821343682,4,8,12
3825715223,4,1,5
3825884535,4,0,4
3835186756,4,0,4
3839655019,4,24,28
3844455153,4,0,4
3866709202,4,0,4
3874132727,4,0,4
3875143047,4,1,5
3885292392,4,1,5
3886804453,4,0,4
3894966194,4,1,5
3895198283,4,1,5
3903232306,4,0,4
3908927717,4,0,4
3910979595,4,0,4
3911508261,4,0,4
3916820896,4,1,5
3917489052,4,1,5
3921176183,4,0,4
3922622841,4,0,4
3925531168,4,0,4
3931928594,4,9,13
3947940381,4,2,6
3951205588,4,0,4
3951532229,4,0,4
3969575306,4,19,23
3979537283,4,0,4
3980079011,4,0,4
3984229875,4,1,5
3987728945,4,0,4
3988660239,4,2,6
3989513601,4,0,4
3992090452,4,0,4
3994558576,4,1,5
4000801996,4,0,4
4002508960,4,0,4
4007299813,4,0,4
4011256155,4,0,4
4052371936,4,0,4
4053871523,4,1,5
4056321285,4,0,4
4061933909,4,0,4
4083580274,4,0,4
4085683573,4,1,5
4086163695,4,0,4
4092412349,4,0,4
4098093256,4,0,4
4112880629,4,0,4
4120336403,4,0,4
4121265312,4,0,4
4128460169,4,1,5
4130195724,4,0,4
4141661953,4,0,4
4143105880,4,0,4
4155417193,4,0,4
4157014613,4,4,8
4161327623,4,1,5
4174305922,4,0,4
4182528874,4,0,4
4183787235,4,1,5
4194141941,4,0,4
4196188011,4,0,4
4199689263,4,0,4
4206844593,4,1,5
4207601714,4,3,7
4209518054,4,0,4
4211207681,4,0,4
4211967857,4,26,30
4214114559,4,11,15
4217071272,4,0,4
4220458313,4,0,4
4224953237,4,4,8
4226879500,4,0,4
4229181557,4,3,7
4230110714,4,0,4
4231065676,4,0,4
4246997865,4,8,12
4256055733,4,0,4
4260601546,4,3,7
4260910889,4,0,4
4271857634,4,2,6
4271884875,4,0,4
4279416323,4,50,54
4281060373,4,0,4
4285063392,4,0,4
4297536374,4,0,4
4310153967,4,0,4
4312196236,4,0,4
4313378063,4,0,4
4313595797,4,10,14
4323681072,4,0,4
4326290722,4,0,4
4347654087,4,1,5
4351402587,4,1,5
4378453163,4,0,4
4378687541,4,2,6
4381271118,4,1,5
4389640637,4,0,4
4391784203,4,1,5
4394692272,4,0,4
4398700115,4,0,4
4398911302,4,0,4
4399641075,4,2,6
4416641659,4,4,8
4421805454,4,0,4
4429587809,4,1,5
4431166461,4,0,4
4432039013,4,0,4
4441643921,4,0,4
4446651012,4,0,4
4448902633,4,0,4
4450117852,4,0,4
4452031515,4,0,4
4465792589,4,1,5
4468766892,4,1,5
4469096507,4,0,4
4469322192,4,0,4
4484640562,4,1,5
4493551693,4,1,5
4497805522,4,14,18
4505048908,4,1,5
4505263096,4,0,4
4506407685,4,0,4
4511478738,4,0,4
4514046192,4,0,4
4514637853,4,0,4
4527512543,4,0,4
4527616401,4,3,7
4538223857,4,1,5
4550860213,4,0,4
4552843643,4,0,4
4553065997,4,1,5
4554893354,4,0,4
4564014073,4,1,5
4566379398,4,0,4
4581231688,4,0,4
4582550414,4,0,4
4585855108,4,7,11
4588157234,4,2,6
4610041994,4,3,7
4626925094,4,0,4
4629460455,4,1,5
4633856896,4,0,4
4637965921,4,0,4
4638370754,4,0,4
4641081613,4,0,4
4644791894,4,1,5
4646349136,4,1,5
4650468374,4,1,5
4659375256,4,2,6
4664176272,4,1,5
4665743419,4,11,15
4669823484,4,0,4
4675595521,4,0,4
4685312581,4,0,4
4690969640,4,0,4
4694146585,4,0,4
4699964858,4,1,5
4707061449,4,1,5
4709392637,4,0,4
4711585231,4,0,4
4714787537,4,0,4
4715628998,4,3,7
4715836583,4,3,7
4718161107,4,3,7
4719872722,4,0,4
4722820222,4,0,4
4723833528,4,0,4
4726377699,4,0,4
4727352599,4,0,4
4736097044,4,14,18
4737692134,4,0,4
4738332976,4,4,8
4738401563,4,0,4
4738782355,4,0,4
4744699036,4,0,4
4744839074,4,2,6
4747582447,4,0,4
4751436007,4,0,4
4751881242,4,33,37
4754698075,4,8,12
4757935408,4,0,4
4760647532,4,0,4
4762119137,4,0,4
4770654913,4,0,4
4776342980,4,24,28
4776547780,4,0,4
4781643013,4,0,4
4785479714,4,2,6
4786241263,4,0,4
4786255520,4,0,4
4791809347,4,0,4
4793546294,4,11,15
4805733373,4,0,4
4808722445,4,2,6
4817992265,4,159,163
4818997534,4,0,4
4819498149,4,0,4
4822733128,4,0,4
4822842671,4,0,4
4822993582,4,1,5
4824225439,4,0,4
4827415414,4,0,4
4827478885,4,0,4
4828311880,4,0,4
4828934602,4,0,4
4829144589,4,0,4
4829477213,4,0,4
4829854054,4,0,4
4831082701,4,0,4
4831414786,4,0,4
4833856468,4,0,4
4834806985,4,1,5
4837439675,4,0,4
4842408763,4,0,4
4843586721,4,0,4
4845805395,4,0,4
4851606947,4,0,4
4852486265,4,54,58
4854643588,4,0,4
4855787511,4,0,4
4855916468,4,18,22
4856012117,4,1,5
4856153218,4,1,5
4857537145,4,80,84
4865669181,4,0,4
4866358786,4,1,5
4866734218,4,0,4
4867145339,4,0,4
4869341278,4,0,4
4870246611,4,0,4
4870466236,4,2,6
4870825173,4,1,5
4870870889,4,0,4
4871772892,4,0,4
4871858749,4,0,4
4874869758,4,1,5
4876893085,4,48,52
4878811191,4,1,5
4884813627,4,0,4
4888890794,4,0,4
4889714145,4,1,5
4892121400,4,67,71
4895134213,4,0,4
4895141494,4,0,4
4895600607,4,0,4
4895932210,4,0,4
4899197952,4,0,4
4900268315,4,74,78
4902377362,4,47,51
4904970666,4,0,4
4909263973,4,0,4
4915981217,4,1,5
4918675814,4,2,6
4922595337,4,1,5
4926511394,4,5,9
4928688581,4,2,6
696108046812983296,4,0,4
697101393941962752,4,0,4
698707985875357696,4,0,4
698789557647642624,4,1,5
699566093086556160,4,0,4
700459702572945408,4,12,16
700517363624509440,4,0,4
701040303814406144,4,0,4
701417681019219968,4,0,4
701467615139602432,4,0,4
701546864387211264,4,0,4
701574009305980928,4,0,4
702013982618558464,4,0,4
702647128443756545,4,0,4
702786521527488512,4,2,6
702995005875445760,4,0,4
703266084456108032,4,0,4
703282802926735360,4,0,4
703283022947328002,4,0,4
703299174104735744,4,0,4
703373371011166210,4,1,5
703438126014971904,4,15,19
703460114766893056,4,26,30
703479397039235072,4,33,37
703619896853159936,4,0,4
703632540159053825,4,1,5
703716574922829826,4,0,4
703801968842530817,4,0,4
703817734270820352,4,0,4
704002391536848896,4,0,4
704005370516090880,4,0,4
704020407842533376,4,0,4
704043412975173632,4,0,4
704085877383761920,4,0,4
704272615150637057,4,0,4
704324346559516672,4,0,4
704337925052489729,4,0,4
704461652423548928,4,7,11
704462639242616837,4,2,6
704466013077639168,4,0,4
704593515561525248,4,0,4
704743208044118016,4,0,4
704792031789322240,4,0,4
704799908474331138,4,20,24
704914853635432448,4,0,4
705155341462339585,4,3,7
705162499914657792,4,0,4
705423304295845888,4,2,6
705509322856468480,4,8,12
705543971339177984,4,0,4
705555762538487808,4,3,7
705586540257243136,4,1,5
705586931472605185,4,12,16
705748351682097153,4,0,4
705806017817260032,4,0,4
705942578215165952,4,0,4
706379179034550272,4,1,5
706483557498265601,4,0,4
706626578122289153,4,0,4
706947343371767808,4,0,4
707072773059784704,4,0,4
707099045454594048,4,0,4
707350543362949120,4,0,4
707361456677752834,4,5,9
707625460180623360,4,0,4
707767329195577344,4,0,4
707782705132478464,4,2,6
708116652320116736,4,0,4
708610965856604160,4,0,4
708626908787941377,4,0,4
708830652091777024,4,0,4
708830884300873730,4,78,82
709146859671916544,4,1,5
709473485613977601,4,0,4
709821117071015936,4,0,4
709920419529281537,4,6,10
709921578226585601,4,3,7
710154656752803842,4,0,4
710219048701669376,4,0,4
710622094497751040,4,0,4
710831727015534592,4,9,13
710936954666393601,4,0,4
711016711122714624,4,0,4
711349816110895104,4,3,7
711937446355836928,4,0,4
712053864384630784,4,0,4
712060507533012993,4,1,5
712105005445210113,4,1,5
712188910667898880,4,0,4
712262403241746432,4,2,6
712525192761905152,4,52,56
712660902202511360,4,0,4
712673275210567680,4,14,18
712684799513665536,4,8,12
712805405689257984,4,0,4
712815513039147008,4,1,5
712821527310442496,4,0,4
712972369971642368,4,1,5
713091735140708352,4,27,31
713124570346049536,4,2,6
713527173102100481,4,0,4
714137266554187780,4,0,4
714142091312570368,4,0,4
714401819305357313,4,0,4
714407327974076416,4,0,4
714508367562051584,4,1,5
714836176360878081,4,1,5
714882082019885056,4,0,4
715022648598728704,4,11,15
715037817924108291,4,0,4
715316842554912772,4,0,4
715353711967473664,4,0,4
715553675809308672,4,0,4
715634794487554049,4,0,4
715760515046371328,4,0,4
716088483580944384,4,0,4
716192958257709057,4,0,4
716326723814629376,4,1,5
716399918559014913,4,0,4
716770229032992768,4,10,14
716836193359368194,4,0,4
716855498520158210,4,0,4
717031772077367296,4,0,4
717122211203719168,4,0,4
717288023725973505,4,0,4
717484997561683972,4,0,4
717837252316028928,4,1,5
718071051251552257,4,8,12
718254320408489984,4,5,9
718785668219068416,4,0,4
718853369851346944,4,0,4
719201186646212608,4,0,4
719701571785912320,4,6,10
719829543192662016,4,0,4
720276993162371076,4,1,5
720322462282620929,4,0,4
721027053559103488,4,0,4
721133618345566208,4,0,4
721206585687687168,4,0,4
721365169704546304,4,0,4
721508530637946880,4,0,4
721723376364957696,4,0,4
721898371749773312,4,0,4
722472465935441920,4,1,5
722630800076705792,4,0,4
722825373260636161,4,2,6
723322249634152448,4,0,4
723558255092334592,4,0,4
723665897953447936,4,0,4
723922975460827136,4,0,4
723945991838244864,4,0,4
724043834783461377,4,0,4
724060931999817728,4,0,4
724262493967794176,4,0,4
724290202613616642,4,5,9
724403458351071235,4,0,4
724549430674886656,4,0,4
724765317663199233,4,1,5
724794082740985857,4,2,6
725147730759180289,4,0,4
725310761057325057,4,0,4
725412366570147842,4,0,4
725776925797539841,4,0,4
726048569296211968,4,3,7
726388248273117185,4,0,4
726624505611718656,4,0,4
726782690939293696,4,0,4
726856525478686721,4,0,4
727036093527408640,4,0,4
727282567993421824,4,4,8
727465726810968064,4,3,7
727761903787905025,4,0,4
728004177574662145,4,0,4
728097555968446464,4,63,67
728246794094673921,4,1,5
728259969817010176,4,0,4
728427555645104128,4,0,4
728429550871318528,4,3,7
728484546518261760,4,0,4
728549049675198464,4,1,5
728597152574930944,4,0,4
728644639960375296,4,0,4
728659393907195904,4,2,6
728786065524445184,4,0,4
728832206513180673,4,1,5
728952421683220481,4,0,4
728983361553874944,4,0,4
728996611624452096,4,0,4
729057746960539648,4,11,15
729337356839424000,4,0,4
729362750137212930,4,0,4
729448787404431360,4,1,5
729459383369785344,4,2,6
729752299124473856,4,0,4
730143012844613637,4,0,4
730308155905695745,4,0,4
730429078302539776,4,1,5
730971697210228736,4,0,4
731202099732750336,4,1,5
731547001905549312,4,0,4
731559308144607235,4,0,4
731625421956128768,4,1,5
732348413421977600,4,0,4
732353222854070272,4,0,4
732387407211986948,4,1,5
732414889507971072,4,0,4
732429253610872832,4,0,4
732536822719467524,4,0,4
732544898394685441,4,0,4
732555422490451969,4,0,4
732787655004446720,4,2,6
732973966734688256,4,0,4
733170315623202816,4,20,24
733172044427198465,4,0,4
733470266383294466,4,0,4
733803995546931200,4,1,5
734053266812600321,4,1,5
734102844371046400,4,0,4
734151311260823553,4,0,4
734441320685527040,4,0,4
734706090852659200,4,10,14
734756098473873408,4,0,4
734783477896359937,4,0,4
734827434734915584,4,0,4
734916566882521088,4,1,5
735260235196047360,4,0,4
735432966739009536,4,3,7
735672316902805507,4,1,5
736241421921882112,4,0,4
736277247774969856,4,0,4
736307411451973633,4,6,10
736477513162084352,4,0,4
736577755962310656,4,0,4
736627642502393856,4,0,4
737046069624741888,4,0,4
737086871906324480,4,4,8
737287730648879105,4,8,12
737456356337160193,4,0,4
737481459825561600,4,1,5
738089545158295552,4,20,24
738402785268367361,4,0,4
738417105087922178,4,8,12
738618374935085056,4,3,7
738760109724164097,4,0,4
738911954413162496,4,1,5
738912801595490304,4,0,4
739077590133002240,4,0,4
739953917774045184,4,34,38
740014603870961664,4,1,5
740136782147260416,4,0,4
740255072248954880,4,0,4
740400660366143488,4,4,8
740560875787018240,4,0,4
740722452443979776,4,1,5
740981354611892226,4,0,4
741077002044608512,4,0,4
741083975196639237,4,1,5
741159923015389184,4,0,4
741160930466271232,4,4,8
741374015982305282,4,0,4
741394792773484544,4,0,4
741603472991211520,4,0,4
741751119647363072,4,1,5
741843943525101568,4,0,4
741854384519188480,4,0,4
741903415706427393,4,0,4
742064383610781697,4,0,4
742098081001312256,4,0,4
742379063726112768,4,1,5
742424858089381889,4,0,4
742446825337028608,4,0,4
742584958984687616,4,0,4
742709411576041472,4,0,4
742803797064491008,4,0,4
742823108306837504,4,0,4
742953715418730496,4,0,4
742998542621495296,4,0,4
743129433867902976,4,1,5
743223948725223424,4,0,4
743231214891347968,4,0,4
743247344540344321,4,6,10
743504601484230656,4,1,5
743528681658712064,4,0,4
743546497208197122,4,0,4
743568027237621760,4,0,4
743628664407986176,4,0,4
743675855633735680,4,0,4
743777119067602944,4,0,4
743800296846008320,4,0,4
743830762886209536,4,0,4
743841392682643456,4,4,8
744607096302276608,4,0,4
744669236904271873,4,0,4
744891306107863041,4,0,4
744939646682079232,4,0,4
744943714355666944,4,1,5
744999951797616641,4,0,4
745025820347928576,4,0,4
745049089130127361,4,0,4
745059300905721856,4,0,4
745950006872506368,4,0,4
746281599419944960,4,0,4
746495106774147072,4,1,5
746630792533663744,4,0,4
746686132813979649,4,0,4
746706646873714688,4,5,9
747104671500730368,4,0,4
747173987470442496,4,0,4
747216589842415617,4,0,4
747610739284770821,4,4,8
747771604323557376,4,0,4
748025841309847552,4,0,4
748145621127704576,4,0,4
748504723393634304,4,0,4
748510439080763393,4,0,4
748514595128545280,4,0,4
748651704883814404,4,1,5
748928827754180608,4,0,4
748954886931447808,4,1,5
749029283570515968,4,0,4
749596592492118017,4,1,5
749641950039511040,4,0,4
749661266302558208,4,0,4
749704108941074432,4,1,5
749724059387125760,4,4,8
749898404919177216,4,0,4
750112571068342272,4,0,4
750222631283089408,4,0,4
750396288030629890,4,0,4
750674726759071744,4,4,8
750741639967019008,4,1,5
750770035329798144,4,0,4
750777299419541504,4,4,8
750790553437036544,4,0,4
750870492731543553,4,2,6
751227465331306496,4,0,4
751246919817650176,4,0,4
751441359018471424,4,0,4
751443859947782144,4,0,4
751462880613003265,4,0,4
751499016421019648,4,0,4
751589766999584772,4,0,4
751926491685027840,4,0,4
752117228791668736,4,0,4
752179835695497216,4,0,4
752248946601385985,4,3,7
752483160588300288,4,0,4
752809450336034816,4,0,4
753244227845304320,4,1,5
753265945267859456,4,0,4
753728513161752577,4,0,4
753744012192866304,4,0,4
753760298788610048,4,0,4
753802385210957824,4,25,29
753804643268857856,4,1,5
753951136390930432,4,4,8
754326885069238272,4,9,13
754402449973182465,4,2,6
754412566173089792,4,0,4
754593548192755713,4,0,4
754613880584798208,4,0,4
754713198763401216,4,1,5
754774817643966464,4,0,4
754795979979812864,4,0,4
754808618101374976,4,3,7
754817357718118400,4,0,4
754831709246464005,4,0,4
755029197538590720,4,0,4
755230484494295040,4,0,4
755240543777619969,4,0,4
755585452279607296,4,0,4
756070203612692480,4,0,4
756118322484170754,4,5,9
756165119273414657,4,0,4
756335606607720450,4,36,40
756367681763307520,4,0,4
756379213070995456,4,0,4
756400309900087296,4,0,4
756402811890442241,4,0,4
756604271475486725,4,0,4
756616918853976064,4,0,4
756689871209656321,4,0,4
756923875867242497,4,0,4
756938047275560960,4,1,5
756947748201586688,4,1,5
756957549966962688,4,0,4
757002849154850816,4,0,4
757029661289304064,4,1,5
757178512964853761,4,2,6
757265227062751232,4,0,4
757320257497403394,4,0,4
757328958467760128,4,8,12
757330939311632384,4,9,13
757357644856356864,4,0,4
757379284054847489,4,0,4
757593379161137156,4,0,4
757755874207162369,4,13,17
757976906583203841,4,0,4
757999798939185152,4,0,4
758128274790809600,4,0,4
758131736815427584,4,0,4
758230583449415680,4,0,4
758378266185068544,4,22,26
758431013634732032,4,1,5
758437587748990977,4,0,4
758507024673931264,4,0,4
758691730837286912,4,6,10
758760064186474496,4,0,4
758762610699501568,4,0,4
758780144538583040,4,23,27
758790760145756160,4,1,5
758824757655592960,4,9,13
758873971622227973,4,0,4
758883354640945152,4,0,4
758976979441897472,4,0,4
759028185761583104,4,0,4
759034007040294912,4,0,4
759068897010155521,4,3,7
759139559569514497,4,0,4
759143312041271296,4,1,5
759190790618787840,4,0,4
759192913217589248,4,0,4
759397544384466945,4,1,5
759404222177771520,4,0,4
759460694811086849,4,0,4
759462171667562496,4,0,4
759749776418205696,4,0,4
759867113871998977,4,0,4
759902410668056577,4,9,13
759938412606398464,4,1,5
759939208576315392,4,0,4
759944367918358528,4,1,5
760130823374843904,4,2,6
760145768535560192,4,0,4
760193779638730752,4,1,5
760246686685986816,4,0,4
760248784483782656,4,0,4
760294865552932864,4,0,4
760331384703578112,4,0,4
760482316711890946,4,0,4
760539819072028673,4,0,4
760557014900678656,4,0,4
760563847082151937,4,0,4
760605479382888448,4,1,5
760629367420649473,4,2,6
760667950663729152,4,1,5
760831141884592129,4,0,4
760863950460194817,4,1,5
761230184003477504,4,2,6
761350123448176640,4,0,4
761453500635152385,4,3,7
761609457029656576,4,0,4
761634699139690496,4,0,4
761705125366771712,4,0,4
762046001368530944,4,10,14
762371449419993088,4,0,4
762379442580619264,4,0,4
763158646083751936,4,0,4
763165159913291776,4,0,4
763428477198594048,4,3,7
763751859114868736,4,0,4
763786157117304832,4,0,4
763832397410414592,4,0,4
763877771684687872,4,0,4
764205921144832000,4,1,5
764263194604871680,4,1,5
764487536760741888,4,0,4
764663320305541121,4,0,4
764716904564928512,4,0,4
764845383319158786,4,0,4
764856618773319681,4,0,4
764967700003033089,4,0,4
765274222348337152,4,1,5
765304032445554688,4,0,4
765387334606991360,4,0,4
765426582244564993,4,0,4
765451705165107200,4,0,4
765558559480356864,4,1,5
765669573769113601,4,28,32
765909323545513984,4,0,4
765985493993549824,4,0,4
766257948150628352,4,0,4
766268332739817472,4,0,4
766754180748816384,4,2,6
766964238497689600,4,0,4
767009952498003968,4,0,4
767071229068972034,4,0,4
767081839592898560,4,0,4
767089394020909058,4,0,4
767189378951020544,4,0,4
767200483111043072,4,0,4
767202077084966912,4,3,7
767330949130493952,4,0,4
767355470390497280,4,0,4
767862627259351040,4,0,4
767916833169149952,4,0,4
768133497877827584,4,0,4
768476127287472128,4,0,4
768647415289286656,4,0,4
768784558967910400,4,0,4
769237624053653504,4,0,4
769511561245388800,4,0,4
769527733860896768,4,13,17
769551489803116544,4,0,4
769585065982464000,4,0,4
769587232017567745,4,0,4
769643317822836736,4,0,4
769655231424503808,4,0,4
770428302091624448,4,0,4
770719155452514305,4,0,4
770947937685934080,4,0,4
770963266151604224,4,1,5
770996596221681664,4,0,4
771019973107994624,4,0,4
771056847126163457,4,0,4
771125486823084032,4,0,4
771126387927244800,4,0,4
771398681849434112,4,0,4
771442636137848836,4,0,4
771723948090388480,4,0,4
771867996985946112,4,1,5
772073960372523009,4,0,4
772080610672128000,4,0,4
772085148028329986,4,4,8
772096123594944512,4,0,4
772099853350531072,4,0,4
772128389398310912,4,0,4
772174020162654208,4,0,4
772431422120402944,4,0,4
772447715192082432,4,0,4
772580220326916098,4,0,4
772898139997175808,4,2,6
772955040650788864,4,0,4
773224756971577344,4,2,6
773234372648599553,4,8,12
773299556989534208,4,0,4
773308747703693312,4,0,4
773685190002704385,4,1,5
773695138908479488,4,2,6
774041031490867200,4,0,4
774398662218649600,4,0,4
774417516252827648,4,2,6
774590354133774336,4,0,4
774624296220127232,4,0,4
774822521338228736,4,0,4
775201059740397568,4,4,8
775339688139915264,4,0,4
775479645672267776,4,2,6
775695363109949440,4,0,4
775848200997572608,4,0,4
775885352477265920,4,7,11
776377386157957120,4,0,4
776449485496999936,4,0,4
776508632263385088,4,2,6
776798524692373508,4,0,4
776952709849223168,4,0,4
777018762377633793,4,2,6
777322996616671232,4,0,4
777390948808482820,4,2,6
777550083386646529,4,5,9
777653277672480768,4,0,4
777658850249805824,4,0,4
777873573922926593,4,0,4
777965567194062848,4,0,4
778055599292645377,4,0,4
778953711754162176,4,5,9
779048950460448768,4,4,8
779079920395902976,4,0,4
779126152774299649,4,2,6
779152375508381696,4,3,7
779293955867418624,4,0,4
779334883399172096,4,2,6
779688318703284224,4,1,5
779725880461451264,4,0,4
779809124490047488,4,0,4
779889853806759936,4,1,5
779904194903891968,4,0,4
780062141206372357,4,0,4
780217933062557696,4,1,5
780325490254983168,4,0,4
780465044102508544,4,0,4
780530651883634688,4,0,4
780575267911675904,4,0,4
780603313985245184,4,0,4
780626889916321792,4,1,5
780702455348629505,4,0,4
780775498406256641,4,0,4
780860260080717825,4,0,4
780869683691986945,4,0,4
780875904499286016,4,0,4
781129134428815360,4,0,4
781212008427491328,4,0,4
781252299507142656,4,1,5
781334565990305792,4,0,4
781440215529447424,4,0,4
781561628160438272,4,0,4
781664012840865792,4,1,5
781668232059031553,4,0,4
781962778441547776,4,0,4
782083003950460928,4,0,4
782279402260267008,4,3,7
782291757262336000,4,0,4
782978790737715200,4,0,4
783001562255859712,4,0,4
783040259437101057,4,1,5
783155153121611776,4,0,4
783262261725069312,4,0,4
783336539962998784,4,0,4
783365596360564736,4,1,5
783531441485479936,4,0,4
783660098568589312,4,0,4
783737480356896768,4,0,4
783796293822885888,4,0,4
784013324530974720,4,0,4
784244866737856512,4,1,5
784539265204183040,4,18,22
784603440966230017,4,0,4
784782649998970881,4,0,4
784814872009838592,4,0,4
784953211891298304,4,1,5
784966896038928388,4,1,5
785140829425807361,4,0,4
785153624045486082,4,0,4
785261966080217088,4,0,4
785262198385995776,4,9,13
785271628997419008,4,0,4
785287066787520513,4,0,4
785289278922301440,4,0,4
785292577973108736,4,1,5
785317941654978560,4,0,4
785347084086079488,4,0,4
785383555736174592,4,0,4
785390177925537792,4,0,4
785428656416034816,4,0,4
785430074417881089,4,0,4
785596601980989440,4,0,4
785620318454882304,4,0,4
785674458619056128,4,0,4
785696250741993473,4,1,5
785746886812499968,4,0,4
785748811624816640,4,0,4
785850938904969216,4,5,9
785862717483679748,4,0,4
785877182031630336,4,0,4
785908821520584704,4,1,5
785920710921379840,4,0,4
785999113728909313,4,0,4
786225503854170112,4,0,4
786393623151648768,4,0,4
786402277598691332,4,0,4
786444573400637440,4,0,4
786770956744269824,4,0,4
786859398769487872,4,0,4
786911784045256704,4,0,4
786915345894432769,4,1,5
786938506681675776,4,0,4
787526528674344961,4,0,4
787612392020672516,4,0,4
787788665640464384,4,0,4
787835949455552512,4,0,4
787847062213713920,4,0,4
788137646937735168,4,0,4
788142895249272833,4,0,4
788146254496800768,4,0,4
788156070753468416,4,0,4
788167510575022080,4,0,4
788212355201011712,4,0,4
788216256633589760,4,0,4
788382117256310785,4,0,4
788450409547493377,4,0,4
788489060247633920,4,0,4
788560161824575488,4,0,4
788575983469199360,4,0,4
788582403253993473,4,0,4
788587879383588864,4,1,5
788711579969871872,4,0,4
788719951804641280,4,1,5
788742704028975104,4,0,4
788769752046972928,4,0,4
788792903925497857,4,4,8
788922104364277761,4,0,4
788926229529321472,4,0,4
789060800572948480,4,0,4
789140251394662400,4,0,4
789236465855238146,4,2,6
789262380349919234,4,0,4
789413762771988482,4,0,4
789537417510420480,4,0,4
789616364071694336,4,0,4
789791627359510528,4,0,4
789804320149606400,4,0,4
789897837358317570,4,4,8
790210847305895938,4,0,4
790248943087214592,4,0,4
790376106360770560,4,0,4
790584386773192704,4,0,4
790696510094708738,4,0,4
790781142857199617,4,3,7
790879617167089664,4,0,4
790908552382586888,4,0,4
790978980610322433,4,0,4
791083124553871360,4,0,4
791090750943440897,4,0,4
791111967050051584,4,0,4
791275173630599168,4,0,4
791473603808067584,4,0,4
791484518095925252,4,0,4
791705430955261952,4,0,4
791729170187423744,4,0,4
791926823164661760,4,0,4
792079142292336640,4,0,4
792111245973348352,4,0,4
792134143920386048,4,3,7
792458499007483904,4,1,5
792543433348964353,4,0,4
792920866363322368,4,0,4
793089919329665025,4,0,4
793172001313607680,4,0,4
793185144727216130,4,1,5
793242573313871873,4,2,6
793247907377840128,4,2,6
793483985133285376,4,0,4
793562074899181568,4,0,4
793616937855004672,4,0,4
793703479474782208,4,4,8
794001434912157696,4,0,4
794166902025310209,4,0,4
794193454049832960,4,0,4
794219769943691264,4,0,4
794247421706506240,4,0,4
794292332845637632,4,0,4
794344327434469376,4,3,7
794531090967003136,4,0,4
794560719740092416,4,0,4
794563278206693376,4,0,4
794565128825892865,4,0,4
794566447494090752,4,0,4
794568052494897152,4,0,4
795078196639236096,4,0,4
795260819604905984,4,0,4
795667455771295744,4,0,4
795729399148609536,4,0,4
795786657245069314,4,0,4
795940967547371520,4,0,4
796098927233732608,4,0,4
796106999821803520,4,0,4
796154475983540224,4,0,4
796209915572293632,4,0,4
796217390015139840,4,0,4
796366288138412032,4,0,4
796497348658626560,4,0,4
796506083690942464,4,0,4
796515300321689600,4,0,4
796573675764023296,4,0,4
796706724065357824,4,0,4
796735466510819328,4,0,4
796820738644680708,4,0,4
796840357350633472,4,1,5
797068971019210752,4,0,4
797071172731080704,4,6,10
797519433505927169,4,2,6
797594293594681344,4,0,4
797603907493044224,4,0,4
797628458155307008,4,0,4
797817902929940480,4,1,5
797821084712181760,4,0,4
798200895263703040,4,0,4
798725233838587904,4,0,4
799315028667035649,4,1,5
800031641783717888,4,0,4
800487435343785985,4,1,5
800753078366388224,4,3,7
801282509891715073,4,5,9
801317345075531776,4,0,4
801628387596963840,4,1,5
803015255840280576,4,0,4
805038617638866944,4,0,4
806763044986490881,4,0,4
528,3,2,5
586,3,4,7
5908,3,3,6
20383,3,0,3
34193,3,9,12
634703,3,12,15
698193,3,16,19
798286,3,1,4
928481,3,5,8
950531,3,2,5
1128631,3,3,6
1171621,3,14,17
1222781,3,0,3
1463111,3,26,29
1622051,3,1,4
2407691,3,0,3
2682771,3,6,9
3007491,3,1,4
3447831,3,16,19
3883561,3,1,4
5157031,3,8,11
5417332,3,4,7
5658202,3,1,4
5862052,3,0,3
5944712,3,5,8
5982652,3,9,12
6023442,3,0,3
6160792,3,0,3
6174712,3,1,4
6247272,3,1,4
6272722,3,1,4
7489922,3,13,16
7497032,3,4,7
7548732,3,0,3
7615452,3,2,5
7848802,3,19,22
8091532,3,0,3
8119452,3,6,9
8251602,3,1,4
8688092,3,0,3
8691502,3,2,5
8799792,3,6,9
9188592,3,0,3
9730672,3,3,6
9942272,3,4,7
10008762,3,1,4
10620272,3,0,3
10647162,3,0,3
10726912,3,2,5
11985732,3,0,3
12144232,3,2,5
12477612,3,3,6
12707692,3,2,5
13072612,3,69,72
13130862,3,0,3
13213532,3,8,11
14009392,3,9,12
14082108,3,14,17
14095270,3,26,29
14096763,3,0,3
14101544,3,0,3
14111708,3,0,3
14116873,3,8,11
14127715,3,1,4
14177553,3,6,9
14180105,3,5,8
14197312,3,6,9
14203047,3,2,5
14213268,3,0,3
14214766,3,21,24
14237677,3,4,7
14272512,3,1,4
14295607,3,11,14
14308508,3,4,7
14353874,3,26,29
14364337,3,8,11
14371349,3,6,9
14413894,3,3,6
14426487,3,9,12
14464670,3,1,4
14511663,3,1,4
14517437,3,11,14
14534507,3,8,11
14616203,3,0,3
14622600,3,6,9
14652467,3,0,3
14690245,3,5,8
14708602,3,2,5
14715582,3,0,3
14734628,3,3,6
14746731,3,6,9
14764149,3,51,54
14764623,3,53,56
14790578,3,5,8
14802013,3,24,27
14817416,3,1,4
14826029,3,0,3
14861684,3,0,3
14862668,3,13,16
14905123,3,1,4
14969388,3,1,4
14973377,3,4,7
15023095,3,22,25
15034280,3,1,4
15055811,3,0,3
15091129,3,1,4
15102547,3,10,13
15104704,3,22,25
15112244,3,18,21
15113764,3,0,3
15114430,3,1,4
15127751,3,0,3
15150311,3,1,4
15159600,3,57,60
15225512,3,0,3
15228530,3,10,13
15238891,3,2,5
15245653,3,1,4
15305732,3,0,3
15313645,3,3,6
15363087,3,0,3
15367337,3,1,4
15379047,3,0,3
15379392,3,5,8
15391466,3,53,56
15400483,3,8,11
15473027,3,62,65
15474755,3,13,16
15502487,3,0,3
15514244,3,12,15
15608428,3,8,11
15627065,3,0,3
15639786,3,5,8
15652824,3,14,17
15693337,3,0,3
15698824,3,0,3
15700350,3,1,4
15718600,3,5,8
15720873,3,16,19
15727032,3,1,4
15737225,3,0,3
15740372,3,0,3
15755417,3,1,4
15785309,3,11,14
15819914,3,0,3
15831330,3,2,5
15832910,3,0,3
15861135,3,73,76
15873978,3,3,6
15876049,3,0,3
15914409,3,0,3
15917488,3,12,15
15928565,3,0,3
15960672,3,6,9
15968617,3,22,25
15977208,3,22,25
15983434,3,2,5
15998041,3,4,7
16008717,3,16,19
16014522,3,11,14
16042005,3,1,4
16048951,3,3,6
16064676,3,0,3
16071723,3,19,22
16076529,3,4,7
16080092,3,1,4
16097988,3,0,3
16108918,3,0,3
16117130,3,4,7
16139044,3,1,4
16156052,3,11,14
16173081,3,0,3
16180853,3,6,9
16259333,3,0,3
16272615,3,9,12
16291665,3,0,3
16335744,3,4,7
16356658,3,3,6
16370204,3,1,4
16426426,3,1,4
16427096,3,6,9
16441758,3,2,5
16459724,3,1,4
16472781,3,39,42
16482183,3,6,9
16494919,3,0,3
16566535,3,4,7
16582131,3,17,20
16597797,3,1,4
16613101,3,7,10
16615729,3,0,3
16634486,3,153,156
16643977,3,3,6
16692651,3,0,3
16701847,3,2,5
16708781,3,1,4
16710659,3,3,6
16744021,3,20,23
16751948,3,0,3
16843169,3,2,5
16849114,3,2,5
16856875,3,13,16
16893929,3,3,6
16898332,3,7,10
16898694,3,1,4
16937082,3,0,3
16967973,3,1,4
16975259,3,0,3
16980455,3,16,19
16984207,3,5,8
16990287,3,0,3
16990672,3,0,3
16992161,3,8,11
16993806,3,9,12
17003566,3,3,6
17017064,3,2,5
17085007,3,16,19
17095267,3,2,5
17194555,3,2,5
17197378,3,0,3
17232340,3,44,47
17264272,3,0,3
17275550,3,0,3
17295001,3,1,4
17297351,3,4,7
17346158,3,24,27
17389977,3,0,3
17426089,3,0,3
17433344,3,4,7
17433545,3,2,5
17436479,3,3,6
17454490,3,0,3
17539336,3,1,4
17559997,3,6,9
17566621,3,1,4
17574051,3,5,8
17578198,3,35,38
17628108,3,0,3
17655090,3,5,8
17656204,3,24,27
17722542,3,2,5
17735075,3,0,3
17778734,3,2,5
17797381,3,8,11
17801282,3,4,7
17815602,3,19,22
17820635,3,1,4
17825687,3,14,17
17902913,3,0,3
17917319,3,0,3
17917717,3,15,18
17962762,3,1,4
17966463,3,1,4
17996917,3,0,3
18029564,3,0,3
18064178,3,0,3
18086081,3,1,4
18185339,3,38,41
18204833,3,13,16
18205705,3,17,20
18213072,3,0,3
18230206,3,0,3
18245998,3,1,4
18248919,3,37,40
18281269,3,30,33
18284964,3,0,3
18295571,3,1,4
18302779,3,0,3
18325400,3,0,3
18325504,3,6,9
18327851,3,0,3
18346882,3,9,12
18348010,3,0,3
18351220,3,0,3
18373968,3,0,3
18377907,3,1,4
18390941,3,1,4
18401402,3,1,4
18401584,3,16,19
18481134,3,5,8
18489148,3,5,8
18531825,3,0,3
18548853,3,0,3
18557458,3,113,116
18583055,3,3,6
18589806,3,1,4
18621306,3,14,17
18623167,3,4,7
18647752,3,1,4
18661261,3,2,5
18695774,3,3,6
18701903,3,3,6
18707435,3,25,28
18712412,3,0,3
18772094,3,100,103
18796850,3,0,3
18799913,3,0,3
18822772,3,41,44
18842500,3,3,6
18842574,3,0,3
18853299,3,0,3
18860022,3,4,7
18925721,3,0,3
18929690,3,36,39
18954233,3,9,12
18962806,3,1,4
19031346,3,12,15
19047724,3,2,5
19050219,3,1,4
19050225,3,1,4
19086511,3,0,3
19121098,3,18,21
19123904,3,6,9
19129247,3,61,64
19129581,3,0,3
19244453,3,0,3
19258189,3,21,24
19271211,3,4,7
19301382,3,0,3
19308107,3,0,3
19377975,3,0,3
19490575,3,2,5
19492233,3,0,3
19558891,3,0,3
19564773,3,0,3
19579501,3,7,10
19707507,3,3,6
19732588,3,0,3
19742164,3,14,17
19805773,3,0,3
19807795,3,14,17
19808920,3,30,33
19834582,3,0,3
19847005,3,3,6
19867477,3,5,8
19915682,3,76,79
19934667,3,1,4
19999160,3,18,21
20126068,3,4,7
20160137,3,1,4
20194311,3,3,6
20205522,3,5,8
20324290,3,0,3
20338476,3,2,5
20393250,3,3,6
20399893,3,2,5
20467453,3,6,9
20469411,3,0,3
20484547,3,0,3
20518313,3,0,3
20618180,3,285,288
20701335,3,2,5
20719498,3,17,20
20740139,3,0,3
20742878,3,0,3
20743889,3,5,8
20753200,3,3,6
20776532,3,0,3
20822796,3,4,7
20851790,3,0,3
20939231,3,13,16
20949830,3,0,3
20964088,3,30,33
20994278,3,1,4
21041101,3,9,12
21048391,3,19,22
21061618,3,1,4
21061888,3,19,22
21095477,3,5,8
21108303,3,1,4
21154773,3,5,8
21222677,3,0,3
21242286,3,1,4
21252703,3,3,6
21283179,3,5,8
21292955,3,0,3
21315426,3,0,3
21374892,3,12,15
21379214,3,0,3
21422320,3,0,3
21450200,3,0,3
21457771,3,20,23
21483809,3,3,6
21484068,3,8,11
21486900,3,2,5
21496427,3,0,3
21499559,3,0,3
21540274,3,0,3
21541693,3,0,3
21551058,3,69,72
21587180,3,10,13
21600100,3,0,3
21603495,3,0,3
21619587,3,0,3
21670445,3,11,14
21691327,3,91,94
21693961,3,3,6
21740249,3,3,6
21788170,3,1,4
21874782,3,30,33
21902419,3,0,3
21908111,3,5,8
21925455,3,1,4
22021398,3,25,28
22033362,3,3,6
22043079,3,0,3
22043275,3,3,6
22080106,3,2,5
22096541,3,0,3
22225610,3,66,69
22279004,3,8,11
22285412,3,0,3
22296541,3,0,3
22313347,3,6,9
22318965,3,0,3
22319726,3,19,22
22383451,3,0,3
22385934,3,0,3
22425795,3,1,4
22426227,3,1,4
22482951,3,0,3
22501421,3,7,10
22513016,3,5,8
22526181,3,7,10
22573152,3,1,4
22576307,3,0,3
22583583,3,14,17
22643800,3,1,4
22654378,3,1,4
22674772,3,0,3
22682422,3,5,8
22692385,3,0,3
22730061,3,1,4
22733169,3,4,7
22805170,3,0,3
22814246,3,1,4
22873554,3,3,6
22926791,3,120,123
22948102,3,12,15
22956115,3,11,14
23022229,3,2,5
23083143,3,0,3
23141215,3,0,3
23146251,3,0,3
23157055,3,1,4
23278850,3,0,3
23285206,3,0,3
23302289,3,4,7
23350577,3,29,32
23356283,3,0,3
23485783,3,0,3
23513021,3,25,28
23520927,3,10,13
23545967,3,1,4
23575752,3,0,3
23590370,3,0,3
23683529,3,0,3
23769223,3,1,4
23858111,3,24,27
23890856,3,19,22
23894246,3,16,19
23966021,3,2,5
23973443,3,0,3
24047487,3,0,3
24102908,3,0,3
24110466,3,1,4
24157897,3,0,3
24212955,3,4,7
24216103,3,2,5
24259655,3,25,28
24321039,3,65,68
24367512,3,0,3
24381093,3,3,6
24392429,3,0,3
24408575,3,22,25
24448550,3,0,3
24473205,3,0,3
24488036,3,0,3
24493104,3,2,5
24499122,3,0,3
24545324,3,0,3
24557743,3,2,5
24558984,3,0,3
24565483,3,2,5
24572709,3,0,3
24588104,3,0,3
24591068,3,0,3
24613245,3,1,4
24648688,3,0,3
24651005,3,24,27
24724232,3,1,4
24726998,3,1,4
24845003,3,56,59
24888615,3,2,5
24922764,3,1,4
24974773,3,0,3
25011679,3,0,3
25098164,3,1,4
25147913,3,0,3
25168680,3,0,3
25177803,3,0,3
25237992,3,0,3
25259962,3,12,15
25278584,3,1,4
25296560,3,1,4
25304264,3,89,92
25333580,3,0,3
25347098,3,0,3
25359917,3,3,6
25372025,3,15,18
25387057,3,13,16
25387734,3,0,3
25393791,3,0,3
25444400,3,0,3
25489790,3,12,15
25556330,3,0,3
25609265,3,0,3
25646774,3,6,9
25695344,3,0,3
25726800,3,36,39
25735851,3,0,3
25789958,3,0,3
25809254,3,11,14
25821815,3,0,3
25880392,3,0,3
25893961,3,0,3
25910113,3,1,4
25911484,3,0,3
25911963,3,28,31
25960696,3,0,3
25976676,3,4,7
25997352,3,5,8
26034637,3,0,3
26037059,3,0,3
26089178,3,0,3
26240584,3,0,3
26244156,3,0,3
26410290,3,10,13
26459184,3,2,5
26487169,3,1,4
26559222,3,5,8
26595894,3,2,5
26673773,3,0,3
26752690,3,0,3
26861822,3,1,4
26900164,3,0,3
26912335,3,17,20
26935707,3,0,3
26946683,3,7,10
26971251,3,0,3
27003847,3,25,28
27087020,3,2,5
27123534,3,1,4
27207788,3,0,3
27428819,3,0,3
27518994,3,9,12
27550639,3,1,4
27646146,3,0,3
27663879,3,0,3
27689907,3,6,9
27889066,3,1,4
27958886,3,1,4
28033260,3,0,3
28114096,3,6,9
28118296,3,0,3
28162211,3,15,18
28188739,3,2,5
28199524,3,5,8
28263208,3,7,10
28446784,3,0,3
28671851,3,0,3
28702903,3,0,3
28717800,3,0,3
28869089,3,8,11
28878387,3,2,5
28899357,3,0,3
28938177,3,0,3
28952731,3,5,8
29068856,3,0,3
29159004,3,0,3
29210832,3,1,4
29217728,3,0,3
29222187,3,107,110
29246501,3,2,5
29270341,3,5,8
29302574,3,0,3
29358764,3,0,3
29453773,3,14,17
29455844,3,0,3
29576453,3,0,3
29580004,3,6,9
29625786,3,14,17
29799997,3,5,8
29819222,3,8,11
29898088,3,0,3
29909029,3,13,16
29956706,3,44,47
29996468,3,0,3
30011213,3,0,3
30117375,3,3,6
30118103,3,0,3
30130236,3,8,11
30189429,3,0,3
30213351,3,2,5
30237735,3,9,12
30269689,3,0,3
30303452,3,0,3
30331277,3,0,3
30351538,3,1,4
30451813,3,4,7
30492099,3,0,3
30529645,3,0,3
30557379,3,3,6
30576670,3,3,6
30606428,3,1,4
30616006,3,0,3
30626499,3,49,52
30688823,3,0,3
30694564,3,0,3
30724539,3,0,3
31034254,3,15,18
31091853,3,0,3
31162045,3,2,5
31202119,3,6,9
31268984,3,0,3
31319057,3,4,7
31595186,3,2,5
31629770,3,0,3
31741027,3,1,4
31755204,3,0,3
31987940,3,2,5
32247169,3,20,23
32292018,3,3,6
32303435,3,1,4
32323274,3,0,3
32340937,3,1,4
32362515,3,2,5
32423076,3,0,3
32508431,3,1,4
32517854,3,0,3
32534455,3,0,3
32569649,3,0,3
32616305,3,2,5
32649134,3,5,8
32695054,3,1,4
32750750,3,0,3
32758350,3,9,12
32829380,3,0,3
32906844,3,0,3
32978576,3,0,3
33005218,3,0,3
33005675,3,0,3
33017364,3,0,3
33039882,3,0,3
33046026,3,0,3
33267650,3,0,3
33306372,3,2,5
33388097,3,1,4
33635210,3,2,5
33638008,3,0,3
33677698,3,0,3
33684563,3,0,3
33800351,3,0,3
33855204,3,52,55
33898033,3,1,4
34029414,3,0,3
34078516,3,0,3
34128870,3,11,14
34140870,3,0,3
34258280,3,0,3
34325139,3,4,7
34328003,3,3,6
34339467,3,1,4
34347953,3,0,3
34349031,3,3,6
34358726,3,1,4
34377172,3,0,3
34432458,3,5,8
34476699,3,6,9
34552722,3,1,4
34698537,3,53,56
34729380,3,0,3
34732911,3,0,3
34797916,3,2,5
34817515,3,0,3
34992239,3,0,3
35155248,3,0,3
35193521,3,0,3
35366335,3,0,3
35370013,3,17,20
35382330,3,0,3
35492179,3,0,3
35533347,3,0,3
35683492,3,1,4
35703629,3,5,8
35722851,3,0,3
35878981,3,0,3
35896025,3,0,3
36016075,3,0,3
36158249,3,0,3
36166107,3,0,3
36190337,3,0,3
36227175,3,3,6
36274618,3,1,4
36326139,3,11,14
36449038,3,0,3
36471617,3,14,17
36531617,3,0,3
36540908,3,4,7
36587746,3,2,5
36589504,3,2,5
36592493,3,0,3
36596495,3,0,3
36655258,3,0,3
36672376,3,0,3
36713709,3,2,5
36774800,3,0,3
36809959,3,0,3
36829398,3,7,10
36829508,3,0,3
36869006,3,0,3
37025524,3,0,3
37238811,3,5,8
37244523,3,4,7
37295817,3,0,3
37362374,3,0,3
37381206,3,2,5
37382192,3,5,8
37500856,3,0,3
37510010,3,13,16
37656328,3,0,3
37678320,3,3,6
37869737,3,0,3
38006005,3,1,4
38147581,3,0,3
38208912,3,5,8
38218244,3,0,3
38333667,3,78,81
38363418,3,0,3
38372321,3,3,6
38705211,3,0,3
38738670,3,1,4
38753703,3,7,10
38771366,3,26,29
38862499,3,0,3
38891428,3,4,7
38983900,3,2,5
38996526,3,0,3
39063635,3,1,4
39080613,3,1,4
39113421,3,0,3
39119223,3,0,3
39168800,3,5,8
39216173,3,14,17
39269284,3,0,3
39304833,3,9,12
39317375,3,3,6
39374924,3,2,5
39483850,3,14,17
39525558,3,0,3
39648644,3,0,3
39657238,3,0,3
39744279,3,0,3
39744993,3,0,3
39758261,3,0,3
39773487,3,1,4
39824470,3,28,31
39870549,3,9,12
39951157,3,1,4
40103016,3,8,11
40149703,3,0,3
40169810,3,1,4
40259419,3,0,3
40277679,3,25,28
40282378,3,0,3
40342396,3,22,25
40355704,3,1,4
40456513,3,1,4
40681552,3,0,3
40831938,3,6,9
40915721,3,0,3
40942013,3,0,3
41023496,3,91,94
41089989,3,0,3
41225977,3,2,5
41571109,3,2,5
41601360,3,0,3
41602030,3,0,3
41656113,3,1,4
41832880,3,14,17
41834426,3,0,3
41884242,3,1,4
41925308,3,21,24
42004833,3,26,29
42138102,3,20,23
42224196,3,0,3
42277731,3,0,3
42313640,3,8,11
42324537,3,0,3
42534758,3,0,3
42577934,3,2,5
42666106,3,2,5
42691324,3,0,3
42750397,3,8,11
42844321,3,2,5
42891240,3,10,13
42912883,3,1,4
42927744,3,2,5
43011729,3,18,21
43191453,3,3,6
43260136,3,1,4
43356553,3,0,3
43361042,3,0,3
43399301,3,0,3
43575330,3,9,12
43730089,3,0,3
43927096,3,0,3
43965713,3,0,3
44004374,3,1,4
44114618,3,247,250
44165780,3,2,5
44226704,3,23,26
44257343,3,2,5
44266097,3,0,3
44333533,3,1,4
44365200,3,0,3
44393435,3,5,8
44429375,3,0,3
44669500,3,1,4
44814931,3,0,3
44864613,3,0,3
44902196,3,0,3
44974266,3,0,3
45053698,3,0,3
45156531,3,3,6
45221319,3,0,3
45234814,3,0,3
45253942,3,67,70
45260988,3,7,10
45435314,3,0,3
45465828,3,0,3
45599926,3,0,3
45659544,3,0,3
45826850,3,0,3
45888842,3,0,3
45929317,3,1,4
46001558,3,3,6
46020316,3,19,22
46232913,3,0,3
46291100,3,0,3
46443735,3,0,3
46466423,3,4,7
46584257,3,6,9
46693313,3,3,6
46926371,3,0,3
46974375,3,0,3
47046666,3,3,6
47099879,3,1,4
47111748,3,4,7
47153887,3,1,4
47239788,3,2,5
47359542,3,2,5
47399375,3,4,7
47425279,3,0,3
47453306,3,0,3
47562979,3,2,5
47571389,3,0,3
47660417,3,10,13
47746493,3,0,3
47818826,3,0,3
47825973,3,1,4
47827551,3,0,3
47974613,3,0,3
47987044,3,0,3
48191895,3,5,8
48230664,3,3,6
48443121,3,6,9
48443202,3,0,3
48509343,3,10,13
48538118,3,7,10
48558532,3,4,7
48573475,3,94,97
48599448,3,74,77
48667040,3,0,3
48686316,3,0,3
48708159,3,2,5
48853792,3,0,3
48865948,3,2,5
48889742,3,2,5
48903480,3,21,24
48997124,3,3,6
49033732,3,0,3
49080115,3,3,6
49216839,3,2,5
49219932,3,23,26
49241754,3,0,3
49251379,3,10,13
49342919,3,0,3
49364377,3,2,5
49397110,3,0,3
49448377,3,10,13
49665155,3,0,3
49728623,3,3,6
49730994,3,0,3
49762342,3,3,6
49764393,3,76,79
50061337,3,0,3
50082136,3,0,3
50085704,3,6,9
50295201,3,10,13
50340695,3,0,3
50478521,3,1,4
50549571,3,0,3
50727917,3,1,4
50780846,3,0,3
50799216,3,21,24
50893323,3,0,3
50940533,3,0,3
50954645,3,0,3
51100232,3,0,3
51100448,3,0,3
51138684,3,0,3
51144741,3,0,3
51271311,3,0,3
51322851,3,0,3
51467558,3,2,5
51526918,3,12,15
51565649,3,0,3
51570545,3,1,4
51624280,3,1,4
51757391,3,0,3
51823925,3,0,3
51827471,3,0,3
52113768,3,0,3
52129233,3,0,3
52249416,3,0,3
52308525,3,1,4
52407037,3,18,21
52590494,3,0,3
52655635,3,5,8
52707672,3,0,3
53070004,3,0,3
53487624,3,0,3
53531549,3,0,3
53548512,3,1,4
53900837,3,0,3
53981431,3,2,5
54106266,3,0,3
54203639,3,0,3
54224066,3,0,3
54265268,3,1,4
54412618,3,0,3
54436863,3,1,4
54464270,3,0,3
54558534,3,0,3
54559498,3,0,3
54694300,3,0,3
54710789,3,0,3
54744689,3,13,16
54942492,3,1,4
55038724,3,0,3
55403428,3,0,3
55464424,3,7,10
55486359,3,0,3
55649744,3,0,3
55679593,3,0,3
55840984,3,3,6
56008552,3,3,6
56038149,3,6,9
56126238,3,2,5
56212918,3,126,129
56320681,3,0,3
56355788,3,0,3
56365484,3,1,4
56445458,3,13,16
56481865,3,19,22
56588837,3,0,3
56632688,3,0,3
56842350,3,1,4
57005769,3,0,3
57066807,3,4,7
57117405,3,0,3
57120187,3,1,4
57486153,3,2,5
57515678,3,1,4
57586029,3,1,4
58047596,3,1,4
58072320,3,0,3
58104926,3,0,3
58198180,3,9,12
58282687,3,1,4
58353855,3,10,13
58365074,3,11,14
58410046,3,0,3
58459364,3,0,3
58682522,3,3,6
58819354,3,11,14
58872505,3,0,3
59149987,3,0,3
59481104,3,0,3
59535521,3,0,3
59587986,3,19,22
59676625,3,33,36
59850640,3,0,3
59863209,3,1,4
60044223,3,0,3
60100922,3,0,3
60163129,3,1,4
60195990,3,0,3
60415955,3,0,3
60652784,3,0,3
60764900,3,0,3
60786755,3,2,5
60841112,3,28,31
60855819,3,1,4
60921657,3,0,3
60931748,3,0,3
61031027,3,0,3
61244795,3,0,3
61268284,3,1,4
61292472,3,18,21
61570774,3,1,4
61678006,3,6,9
61760353,3,0,3
61966496,3,3,6
62052990,3,3,6
62075060,3,8,11
62081777,3,1,4
62096167,3,0,3
62147819,3,10,13
62193955,3,1,4
62616337,3,2,5
62620340,3,1,4
62865543,3,0,3
62975777,3,0,3
63003476,3,25,28
63067880,3,9,12
63105123,3,0,3
63300435,3,1,4
63329922,3,0,3
63357327,3,0,3
63452015,3,17,20
63510807,3,0,3
63540589,3,0,3
63815164,3,0,3
63912972,3,0,3
64001145,3,11,14
64446945,3,2,5
64536113,3,0,3
64570566,3,0,3
64572466,3,0,3
64730003,3,0,3
64731945,3,54,57
64741201,3,0,3
65133439,3,2,5
65137552,3,5,8
65251808,3,13,16
65347644,3,4,7
65593140,3,0,3
65772744,3,0,3
65784384,3,0,3
65912693,3,0,3
65917557,3,9,12
65975862,3,0,3
66022089,3,0,3
66042677,3,6,9
66268665,3,1,4
66436048,3,0,3
66480903,3,26,29
66877373,3,0,3
66892324,3,0,3
67007113,3,0,3
67035714,3,0,3
67088567,3,0,3
67351264,3,0,3
67477641,3,2,5
67513913,3,0,3
67652336,3,0,3
67819845,3,0,3
67925990,3,0,3
68146404,3,1,4
68390509,3,0,3
68472133,3,10,13
68495093,3,1,4
68510088,3,1,4
68742967,3,0,3
69148993,3,1,4
69309095,3,0,3
69343984,3,0,3
69557688,3,0,3
69593507,3,0,3
69653328,3,1,4
69986363,3,4,7
70060000,3,0,3
70095723,3,5,8
70150157,3,0,3
70838833,3,0,3
70986476,3,10,13
71026395,3,0,3
71063731,3,1,4
71065073,3,0,3
71077281,3,42,45
71091343,3,0,3
71095579,3,0,3
71129280,3,0,3
71163037,3,2,5
71322106,3,0,3
71372853,3,0,3
71469143,3,1,4
71482969,3,0,3
71669929,3,12,15
71707056,3,1,4
71872909,3,0,3
71914694,3,1,4
71989243,3,3,6
72351595,3,0,3
72375351,3,0,3
72471261,3,26,29
73220086,3,0,3
73276861,3,8,11
73281341,3,0,3
73401491,3,0,3
73668179,3,0,3
73675740,3,72,75
73700357,3,0,3
73786331,3,1,4
74077529,3,1,4
74165970,3,0,3
74480329,3,0,3
74501183,3,7,10
74560493,3,20,23
74634303,3,3,6
74654949,3,0,3
74883941,3,1,4
75101299,3,10,13
75110224,3,0,3
75132040,3,0,3
75167937,3,0,3
75409576,3,2,5
75424399,3,1,4
75515048,3,0,3
75519984,3,0,3
75735687,3,0,3
75852068,3,0,3
75925836,3,0,3
76480400,3,0,3
76646048,3,0,3
76656029,3,0,3
76687407,3,0,3
76704541,3,0,3
76809098,3,0,3
77142583,3,0,3
77608151,3,0,3
77755768,3,3,6
78091609,3,2,5
78383466,3,8,11
78465328,3,0,3
78520720,3,0,3
78623043,3,1,4
78786344,3,4,7
78875598,3,0,3
79066798,3,3,6
79218581,3,0,3
79320546,3,0,3
79324573,3,1,4
79514247,3,8,11
79712689,3,0,3
80087431,3,17,20
80151916,3,0,3
80184795,3,0,3
80414409,3,20,23
80423130,3,0,3
80552881,3,0,3
80831205,3,0,3
80838028,3,0,3
81228670,3,0,3
81544504,3,6,9
81634706,3,0,3
81939420,3,0,3
81940198,3,0,3
82053099,3,0,3
82341885,3,2,5
82446904,3,46,49
82449826,3,0,3
82480081,3,10,13
82664381,3,3,6
82843281,3,0,3
82988167,3,13,16
83251479,3,0,3
83274197,3,8,11
83899782,3,3,6
83976898,3,1,4
84002108,3,0,3
84083187,3,2,5
84096147,3,13,16
84370760,3,0,3
84453053,3,0,3
84640847,3,1,4
84683561,3,0,3
84939942,3,3,6
85128715,3,0,3
85338369,3,3,6
85399128,3,0,3
85467328,3,0,3
85565903,3,0,3
85737203,3,1,4
85847693,3,0,3
86149104,3,1,4
86461355,3,0,3
86537404,3,5,8
87075294,3,2,5
87098070,3,0,3
87474247,3,28,31
87751551,3,1,4
88168164,3,0,3
88238424,3,0,3
88571560,3,0,3
88748079,3,0,3
89564012,3,0,3
89761143,3,2,5
89761831,3,4,7
89770815,3,19,22
90118134,3,1,4
90480218,3,7,10
90504826,3,0,3
90530439,3,4,7
90713318,3,3,6
90753037,3,26,29
90788865,3,0,3
90848296,3,0,3
90889344,3,0,3
91010540,3,1,4
91247810,3,0,3
91356578,3,22,25
91382771,3,0,3
91768149,3,0,3
91775013,3,2,5
91798092,3,1,4
92115664,3,0,3
92230638,3,0,3
92627011,3,19,22
93088579,3,0,3
93253134,3,0,3
93269181,3,14,17
93493910,3,18,21
93674326,3,2,5
93727830,3,17,20
93744557,3,5,8
93777935,3,14,17
93947354,3,1,4
93963674,3,1,4
94033622,3,3,6
94132563,3,0,3
94151940,3,0,3
94243636,3,21,24
94433691,3,1,4
94467844,3,0,3
94872446,3,1,4
95497075,3,5,8
95555452,3,0,3
95842767,3,0,3
95998198,3,1,4
96004495,3,1,4
96646819,3,0,3
96936276,3,0,3
96981556,3,0,3
97213130,3,1,4
98053074,3,0,3
98467151,3,3,6
98752253,3,0,3
98799876,3,0,3
98882126,3,0,3
98956941,3,0,3
98978931,3,0,3
98991696,3,0,3
99336837,3,3,6
99383259,3,0,3
99513199,3,1,4
99615957,3,2,5
99756108,3,0,3
99797252,3,2,5
99878682,3,3,6
100274749,3,2,5
100385507,3,0,3
100514614,3,0,3
100531055,3,30,33
100575570,3,0,3
101092370,3,1,4
101124414,3,6,9
101304476,3,1,4
101316641,3,0,3
101534630,3,5,8
101603942,3,6,9
101670023,3,2,5
102074363,3,0,3
102377858,3,0,3
102716915,3,84,87
103699426,3,0,3
103734523,3,1,4
103739847,3,0,3
103775538,3,0,3
103921429,3,0,3
104073108,3,0,3
104219218,3,1,4
104595541,3,0,3
104940469,3,4,7
104948695,3,0,3
105106236,3,1,4
105161389,3,37,40
105188861,3,0,3
105466806,3,13,16
105506414,3,0,3
105632018,3,0,3
105895181,3,0,3
105938370,3,0,3
105994717,3,1,4
106030911,3,0,3
106145274,3,1,4
106200798,3,0,3
106456868,3,30,33
106559413,3,0,3
106619202,3,1,4
106739147,3,1,4
106912578,3,0,3
106973819,3,0,3
107818860,3,0,3
108199368,3,2,5
108410379,3,0,3
108630313,3,0,3
108807556,3,0,3
108867372,3,0,3
109247682,3,0,3
109395195,3,0,3
109973243,3,1,4
110596487,3,5,8
110759185,3,0,3
111001981,3,0,3
111031696,3,0,3
111732948,3,12,15
112289446,3,2,5
112294503,3,7,10
112549345,3,0,3
112593145,3,0,3
112805602,3,0,3
112885482,3,0,3
113039966,3,0,3
113124331,3,0,3
113494485,3,11,14
114103841,3,4,7
114302206,3,2,5
114534626,3,0,3
114549551,3,13,16
114565156,3,10,13
114618877,3,0,3
114807010,3,9,12
114877051,3,17,20
115043857,3,0,3
115181730,3,0,3
115222074,3,5,8
115653102,3,0,3
115813614,3,5,8
116050553,3,0,3
116344417,3,0,3
116416014,3,45,48
116841782,3,56,59
116919283,3,11,14
117224069,3,5,8
117429291,3,0,3
117450444,3,8,11
117585848,3,0,3
117665623,3,0,3
118044295,3,0,3
118213181,3,1,4
118483149,3,1,4
118571607,3,4,7
119129985,3,0,3
119193305,3,3,6
119874209,3,0,3
119941575,3,1,4
120126083,3,0,3
120375508,3,2,5
120562917,3,12,15
120969408,3,30,33
121173090,3,1,4
121561456,3,2,5
121606839,3,3,6
121732636,3,2,5
121845518,3,0,3
121884642,3,0,3
121987601,3,0,3
122037027,3,0,3
122039803,3,0,3
122138177,3,9,12
122151362,3,0,3
122182265,3,0,3
122195135,3,0,3
122198864,3,2,5
122231268,3,0,3
122548741,3,0,3
122740822,3,23,26
123117272,3,6,9
123121482,3,6,9
123125462,3,0,3
123134034,3,4,7
123150632,3,0,3
123662382,3,5,8
124045001,3,0,3
124163683,3,0,3
124213314,3,0,3
124248479,3,5,8
124564601,3,1,4
124868958,3,73,76
124921091,3,0,3
125218969,3,17,20
125565867,3,9,12
125801522,3,1,4
125873318,3,2,5
126082564,3,0,3
126231381,3,3,6
126316217,3,0,3
126414556,3,0,3
126524315,3,1,4
126771455,3,0,3
126830703,3,2,5
126965098,3,0,3
127118419,3,0,3
127360094,3,1,4
127375220,3,3,6
128012454,3,0,3
128146300,3,2,5
128219529,3,0,3
128541148,3,0,3
128981236,3,0,3
129138694,3,1,4
129252770,3,29,32
129263454,3,0,3
129915982,3,1,4
129997410,3,1,4
130065348,3,18,21
130398274,3,12,15
130496027,3,4,7
130557513,3,6,9
130566976,3,0,3
130819780,3,1,4
130978939,3,4,7
130988213,3,3,6
131187966,3,0,3
131235370,3,0,3
131500777,3,5,8
131752497,3,47,50
131892594,3,2,5
131921650,3,0,3
132036654,3,0,3
132231788,3,3,6
132239819,3,0,3
132426657,3,0,3
132552799,3,0,3
132719883,3,19,22
132970227,3,5,8
133049311,3,3,6
133138637,3,54,57
133460400,3,0,3
133844135,3,0,3
133871738,3,0,3
134253935,3,1,4
134341035,3,0,3
134654574,3,0,3
134860485,3,10,13
134864782,3,0,3
135330982,3,10,13
135627420,3,1,4
136031199,3,1,4
136046091,3,0,3
136137174,3,7,10
136289700,3,1,4
136303037,3,0,3
136420789,3,0,3
137143315,3,0,3
137401613,3,0,3
137671798,3,2,5
138190423,3,1,4
138575751,3,0,3
138577451,3,2,5
138810133,3,7,10
139205480,3,0,3
140053576,3,0,3
140107943,3,0,3
140189655,3,0,3
141456033,3,1,4
141805517,3,0,3
142113417,3,121,124
142427206,3,5,8
142443022,3,0,3
143162420,3,0,3
143324908,3,9,12
143469633,3,0,3
143531231,3,1,4
143660061,3,12,15
143669316,3,13,16
143853190,3,9,12
143888401,3,0,3
144407784,3,1,4
144468062,3,0,3
144608937,3,0,3
144813301,3,0,3
145477985,3,0,3
145569314,3,0,3
145659242,3,0,3
145681522,3,2,5
147034029,3,19,22
147602027,3,1,4
147682946,3,0,3
147791844,3,0,3
147992023,3,0,3
148422960,3,6,9
148537638,3,11,14
148593548,3,2,5
148697821,3,0,3
148828676,3,14,17
148864242,3,3,6
149196537,3,0,3
149706054,3,1,4
149750923,3,0,3
149825858,3,5,8
149899057,3,4,7
150022646,3,0,3
150449842,3,19,22
150450998,3,15,18
150511094,3,0,3
150512060,3,7,10
150781019,3,0,3
151053861,3,0,3
151073293,3,0,3
151525058,3,0,3
151756197,3,0,3
152738871,3,0,3
152798637,3,0,3
152910883,3,0,3
152946064,3,0,3
153054107,3,0,3
153226226,3,0,3
153379098,3,4,7
153881641,3,1,4
153993024,3,0,3
155227724,3,0,3
155605559,3,7,10
156151963,3,1,4
156439495,3,1,4
156889125,3,0,3
156973952,3,2,5
156988379,3,0,3
157495665,3,13,16
157527767,3,0,3
157587938,3,0,3
157697885,3,0,3
157720096,3,0,3
157836754,3,0,3
157899542,3,1,4
158511639,3,3,6
158820629,3,0,3
158943724,3,1,4
158994386,3,0,3
159922713,3,0,3
160310017,3,0,3
160662502,3,1,4
161329379,3,1,4
161522755,3,0,3
161767265,3,5,8
161838279,3,16,19
162388777,3,0,3
162562247,3,0,3
163246033,3,0,3
163329365,3,0,3
163490958,3,10,13
163525970,3,0,3
163611316,3,37,40
163690096,3,0,3
163744499,3,0,3
163983371,3,2,5
164070785,3,0,3
164566827,3,1,4
164586014,3,6,9
165354941,3,9,12
165813773,3,0,3
166122530,3,0,3
166329578,3,59,62
166682786,3,2,5
166725268,3,4,7
167622426,3,0,3
168090268,3,0,3
168505436,3,2,5
168571186,3,1,4
168929641,3,28,31
169023343,3,0,3
169259482,3,2,5
169665240,3,0,3
169949875,3,2,5
170023205,3,1,4
170085737,3,7,10
170309471,3,2,5
170358978,3,0,3
170898894,3,21,24
170917268,3,3,6
170919329,3,2,5
171494507,3,0,3
171973084,3,34,37
172334626,3,0,3
172871431,3,1,4
173158929,3,2,5
173419089,3,0,3
173677308,3,0,3
173943176,3,0,3
174179478,3,0,3
174322313,3,0,3
174369590,3,0,3
174606715,3,0,3
174706290,3,0,3
175183197,3,0,3
175791595,3,0,3
175937573,3,9,12
176083166,3,2,5
176852351,3,3,6
176907462,3,0,3
177423835,3,0,3
177526850,3,0,3
177631621,3,0,3
177824006,3,11,14
177995644,3,0,3
178063986,3,0,3
178775793,3,3,6
179105480,3,1,4
179284235,3,0,3
180424153,3,0,3
180603629,3,0,3
180810535,3,4,7
180897456,3,16,19
180924520,3,0,3
180936015,3,1,4
181387466,3,0,3
181805248,3,10,13
181814593,3,3,6
182372367,3,1,4
182543529,3,0,3
183104759,3,0,3
183114110,3,0,3
183214950,3,1,4
183255652,3,2,5
184259796,3,1,4
184494299,3,0,3
184531476,3,1,4
184959358,3,1,4
185382758,3,0,3
185601009,3,0,3
185680169,3,5,8
185928935,3,1,4
186100299,3,5,8
186240150,3,0,3
186809475,3,0,3
187349367,3,0,3
187417570,3,0,3
187657428,3,215,218
187670429,3,5,8
187771343,3,2,5
188494332,3,0,3
188711114,3,0,3
189017744,3,1,4
189159732,3,4,7
189596047,3,3,6
190021254,3,6,9
191295366,3,4,7
191964162,3,5,8
192311174,3,0,3
192604021,3,0,3
192659552,3,17,20
193016458,3,0,3
193071149,3,3,6
193144020,3,4,7
193325767,3,0,3
193353562,3,3,6
193860297,3,0,3
193866639,3,0,3
194025393,3,0,3
194222629,3,0,3
194356249,3,1,4
194622014,3,8,11
195027753,3,0,3
195261288,3,8,11
195510109,3,27,30
195591740,3,0,3
196279765,3,1,4
196302314,3,0,3
196452389,3,14,17
196644404,3,0,3
197178640,3,4,7
197604840,3,14,17
197793635,3,0,3
197979437,3,0,3
198037920,3,7,10
198162733,3,0,3
198403535,3,8,11
198430298,3,11,14
198764286,3,0,3
199713998,3,0,3
199822046,3,0,3
199951283,3,0,3
200167811,3,0,3
200227247,3,0,3
200631271,3,1,4
200691766,3,0,3
200976047,3,0,3
201026572,3,0,3
201097740,3,0,3
201981547,3,1,4
202435432,3,1,4
202488410,3,8,11
202712049,3,0,3
202788876,3,0,3
202950262,3,0,3
203862972,3,2,5
203929285,3,1,4
203990919,3,0,3
204898002,3,4,7
205276406,3,0,3
205779590,3,2,5
205846255,3,0,3
205886114,3,0,3
205893721,3,1,4
206161511,3,1,4
206346341,3,0,3
206500643,3,15,18
206872389,3,7,10
208189351,3,0,3
209240573,3,0,3
209636315,3,0,3
209681820,3,0,3
210154163,3,1,4
210157320,3,0,3
210186050,3,0,3
210198155,3,9,12
210229319,3,0,3
210318554,3,0,3
210531877,3,0,3
210830193,3,0,3
211009844,3,0,3
211239198,3,0,3
211311609,3,2,5
211316124,3,12,15
211330352,3,0,3
211641274,3,0,3
211703979,3,0,3
211715981,3,0,3
211730110,3,0,3
211976977,3,4,7
212309661,3,2,5
212448611,3,19,22
212568665,3,0,3
212767347,3,0,3
213077239,3,0,3
213298781,3,2,5
213314583,3,0,3
213616021,3,0,3
213628692,3,0,3
213786097,3,0,3
213901605,3,0,3
213940012,3,3,6
214119314,3,0,3
214264104,3,0,3
214387028,3,0,3
215068830,3,3,6
215372913,3,0,3
215434317,3,0,3
215763111,3,0,3
215793262,3,0,3
215820547,3,2,5
216127690,3,0,3
216244762,3,0,3
217046409,3,0,3
217071524,3,83,86
217395723,3,6,9
217513485,3,15,18
217775551,3,0,3
218242799,3,1,4
218380312,3,0,3
218562046,3,0,3
218660109,3,1,4
218795421,3,0,3
218956900,3,0,3
219048300,3,21,24
219111955,3,0,3
219467936,3,1,4
219876831,3,0,3
220135306,3,0,3
221151367,3,0,3
221204560,3,4,7
221514726,3,1,4
221568800,3,3,6
222368570,3,3,6
222530880,3,0,3
222597346,3,1,4
222846798,3,0,3
222860071,3,0,3
222873860,3,0,3
222962448,3,44,47
223297291,3,0,3
223636109,3,0,3
223724915,3,2,5
224286721,3,31,34
224726804,3,0,3
225147228,3,0,3
225480711,3,3,6
225538533,3,0,3
225943521,3,1,4
226598767,3,0,3
226601554,3,1,4
227010728,3,24,27
227501840,3,0,3
227843738,3,1,4
228341642,3,0,3
228500021,3,3,6
229075545,3,2,5
229223827,3,0,3
229582456,3,0,3
229767122,3,7,10
229934340,3,0,3
230044983,3,0,3
230317171,3,0,3
231094448,3,9,12
231759882,3,0,3
232159813,3,0,3
232419488,3,0,3
233066068,3,1,4
233069337,3,41,44
233232319,3,0,3
234058922,3,0,3
234061840,3,1,4
234412567,3,0,3
234660342,3,0,3
234705799,3,76,79
235000111,3,1,4
235196204,3,57,60
235217994,3,0,3
235295074,3,0,3
235645602,3,1,4
235708122,3,15,18
235732877,3,0,3
236054545,3,5,8
236142773,3,10,13
236292958,3,0,3
236546267,3,0,3
236820539,3,20,23
236960559,3,15,18
237068893,3,0,3
237388308,3,4,7
238323581,3,0,3
238617719,3,1,4
238804253,3,0,3
239042058,3,38,41
239996863,3,1,4
240524364,3,2,5
240862023,3,1,4
240980962,3,0,3
241220025,3,6,9
241281874,3,0,3
241593588,3,0,3
241633628,3,0,3
241995358,3,0,3
242696283,3,11,14
242826639,3,0,3
242893061,3,14,17
242939330,3,1,4
242975331,3,34,37
243058116,3,9,12
243805690,3,1,4
243861655,3,20,23
243937133,3,0,3
244468648,3,0,3
244722283,3,0,3
245054249,3,0,3
245328466,3,0,3
245574760,3,0,3
246147839,3,0,3
246418575,3,0,3
246422335,3,1,4
246430484,3,1,4
246567705,3,0,3
246590464,3,6,9
246652362,3,1,4
246683680,3,0,3
246911431,3,13,16
247002405,3,0,3
247144708,3,2,5
247348591,3,0,3
247753381,3,1,4
247985600,3,0,3
248003334,3,5,8
248078525,3,0,3
248478594,3,3,6
248481789,3,2,5
248645037,3,9,12
248858199,3,5,8
248995182,3,0,3
249115282,3,1,4
249412877,3,0,3
249718281,3,0,3
249869183,3,0,3
250435493,3,1,4
251335455,3,0,3
251407206,3,0,3
251627765,3,5,8
251988099,3,8,11
252279330,3,1,4
252419269,3,0,3
252797555,3,6,9
252856836,3,0,3
253239615,3,0,3
253459824,3,0,3
254128832,3,0,3
254129867,3,0,3
254251611,3,11,14
254259955,3,0,3
254287052,3,40,43
254313159,3,125,128
254482386,3,0,3
254793488,3,1,4
254888958,3,0,3
255182045,3,0,3
255594831,3,0,3
255721576,3,1,4
256133516,3,0,3
256326243,3,0,3
256373377,3,0,3
256456300,3,0,3
256485622,3,0,3
256620817,3,0,3
256832926,3,0,3
256873417,3,1,4
257553633,3,2,5
257688632,3,0,3
257976104,3,0,3
258049193,3,3,6
258051527,3,2,5
258139299,3,3,6
258349041,3,0,3
258509004,3,0,3
258805099,3,8,11
258912625,3,0,3
259362258,3,9,12
259395895,3,7,10
259499082,3,1,4
259737527,3,9,12
259762898,3,2,5
259814409,3,0,3
260027864,3,0,3
260375369,3,0,3
260563573,3,2,5
260900063,3,124,127
261005641,3,0,3
261320586,3,2,5
261440669,3,0,3
261447654,3,1,4
261539751,3,1,4
261558942,3,2,5
261719791,3,6,9
261782909,3,0,3
261808801,3,5,8
261989751,3,2,5
262017422,3,2,5
262172668,3,38,41
262338851,3,6,9
262396227,3,0,3
262673316,3,2,5
262807142,3,27,30
262976949,3,1,4
262993329,3,6,9
263285926,3,2,5
263628367,3,1,4
263940105,3,11,14
264204589,3,0,3
264603158,3,0,3
264615319,3,5,8
264799286,3,2,5
264918114,3,0,3
265046851,3,3,6
265666449,3,2,5
265852815,3,5,8
266051041,3,0,3
266530277,3,0,3
266557632,3,30,33
266659024,3,0,3
266939102,3,0,3
266943659,3,0,3
267380190,3,0,3
267876158,3,0,3
267963266,3,8,11
268159257,3,0,3
269098097,3,2,5
269306743,3,1,4
270055627,3,1,4
270068926,3,48,51
270144827,3,6,9
270183133,3,0,3
270563401,3,0,3
271084509,3,0,3
271098018,3,0,3
271416763,3,0,3
271650797,3,0,3
271915047,3,0,3
272068801,3,25,28
272259508,3,0,3
272659909,3,4,7
272733237,3,0,3
272980631,3,0,3
272996014,3,0,3
273118389,3,1,4
273501169,3,5,8
273815991,3,0,3
274121310,3,37,40
274141930,3,0,3
274198121,3,0,3
274207923,3,0,3
274294204,3,1,4
274651688,3,0,3
274658150,3,0,3
274660001,3,1,4
274701752,3,28,31
274722143,3,0,3
274727502,3,0,3
275261850,3,0,3
275509931,3,0,3
275536540,3,0,3
275715536,3,0,3
275820412,3,0,3
276132061,3,24,27
276276970,3,0,3
276492591,3,1,4
276571857,3,0,3
276781852,3,0,3
276796094,3,4,7
276856895,3,0,3
277145358,3,0,3
277717473,3,2,5
278070278,3,7,10
278163334,3,4,7
278572411,3,0,3
278828374,3,1,4
278908238,3,4,7
279359777,3,0,3
279623396,3,1,4
280529585,3,3,6
280535374,3,3,6
280727266,3,29,32
280747189,3,13,16
281166301,3,21,24
281309797,3,0,3
281532180,3,17,20
281816241,3,0,3
282483166,3,2,5
282637757,3,0,3
283323982,3,9,12
283757509,3,0,3
284321765,3,0,3
284488270,3,0,3
284551366,3,0,3
284597383,3,1,4
284820716,3,0,3
284865184,3,0,3
284865787,3,4,7
285111689,3,1,4
285431621,3,5,8
285483796,3,6,9
285706984,3,0,3
285914539,3,4,7
286635604,3,0,3
286811246,3,0,3
286817737,3,0,3
287048139,3,0,3
287949155,3,0,3
288993124,3,0,3
289081381,3,0,3
289365889,3,0,3
289623220,3,9,12
289807012,3,14,17
290197802,3,10,13
290636103,3,4,7
290769823,3,0,3
290843654,3,1,4
290880563,3,0,3
291770381,3,0,3
292089200,3,0,3
292126400,3,0,3
292513922,3,8,11
293107736,3,0,3
293433701,3,0,3
293648558,3,4,7
294107627,3,0,3
294342169,3,0,3
294353964,3,3,6
294861578,3,0,3
295346760,3,0,3
295411636,3,0,3
295810012,3,1,4
295873026,3,0,3
295915639,3,0,3
296058866,3,1,4
296584187,3,0,3
296733533,3,0,3
297037459,3,0,3
297122257,3,0,3
297260894,3,2,5
297397490,3,0,3
297514426,3,0,3
298049823,3,0,3
298265191,3,1,4
298303549,3,0,3
298508497,3,9,12
298716487,3,0,3
298758622,3,0,3
298867753,3,1,4
299490405,3,0,3
299535831,3,0,3
300040286,3,0,3
300103393,3,4,7
300613116,3,0,3
300947336,3,0,3
301503257,3,0,3
302127048,3,0,3
302226049,3,0,3
303383760,3,0,3
303557426,3,1,4
304213286,3,2,5
304564270,3,0,3
304691825,3,0,3
305151497,3,3,6
305317367,3,6,9
305366457,3,21,24
306196037,3,0,3
307068082,3,0,3
307219084,3,0,3
307418497,3,0,3
307434638,3,2,5
307440889,3,0,3
307577710,3,5,8
307636520,3,0,3
307650876,3,0,3
307930619,3,12,15
308607337,3,0,3
308714378,3,0,3
308735416,3,11,14
308739330,3,4,7
311112067,3,1,4
312037303,3,14,17
312133757,3,0,3
312982756,3,0,3
312993418,3,0,3
313251265,3,0,3
313406010,3,0,3
313453969,3,0,3
314024592,3,8,11
314066157,3,0,3
314096954,3,5,8
314162652,3,0,3
314342661,3,7,10
314575393,3,3,6
315259229,3,0,3
315341279,3,4,7
315869655,3,0,3
316585528,3,0,3
316764018,3,2,5
316846278,3,1,4
317925743,3,0,3
318121829,3,0,3
318751632,3,0,3
318802194,3,0,3
318805427,3,1,4
319010311,3,1,4
319945811,3,1,4
321762945,3,0,3
322672043,3,0,3
322689667,3,4,7
322896990,3,2,5
323370646,3,0,3
323458912,3,9,12
323567565,3,26,29
323701523,3,1,4
324159288,3,11,14
324361798,3,0,3
324991442,3,0,3
325044614,3,0,3
325073322,3,0,3
326004923,3,0,3
326098537,3,9,12
326324362,3,2,5
326540264,3,0,3
326793924,3,6,9
327100821,3,0,3
327152007,3,0,3
327697369,3,0,3
327711780,3,0,3
328206816,3,12,15
328718617,3,2,5
328734509,3,7,10
328761919,3,0,3
329105238,3,0,3
329161699,3,0,3
329212937,3,0,3
329433192,3,30,33
329697987,3,2,5
329708480,3,0,3
330066365,3,1,4
330120722,3,1,4
330209039,3,1,4
330319115,3,53,56
330550116,3,0,3
331013345,3,0,3
331141802,3,0,3
331272188,3,1,4
331405527,3,0,3
331496409,3,27,30
331910197,3,0,3
331948464,3,0,3
332026375,3,1,4
332052275,3,0,3
332063391,3,9,12
332296052,3,0,3
332400103,3,0,3
333137099,3,0,3
333147533,3,0,3
333348576,3,0,3
333485044,3,0,3
333775845,3,0,3
334733583,3,2,5
335400318,3,0,3
335867587,3,1,4
335933501,3,1,4
336005807,3,0,3
336560506,3,0,3
336733632,3,0,3
336791681,3,0,3
337139554,3,0,3
337236239,3,1,4
337481472,3,0,3
337489668,3,0,3
337816809,3,0,3
338007235,3,0,3
338354315,3,10,13
339245219,3,0,3
339717181,3,0,3
339769248,3,1,4
340046291,3,1,4
340771891,3,2,5
340995397,3,1,4
341040923,3,8,11
341256436,3,0,3
341464295,3,1,4
341468995,3,0,3
341916922,3,0,3
342432884,3,0,3
342937716,3,1,4
343091927,3,51,54
343521941,3,11,14
344021188,3,0,3
344139487,3,1,4
344140315,3,11,14
344167391,3,2,5
344264843,3,0,3
344349541,3,6,9
345718282,3,0,3
346840716,3,0,3
347483844,3,0,3
347892399,3,1,4
348199199,3,9,12
348293637,3,0,3
348631558,3,0,3
348791781,3,0,3
348996126,3,0,3
349172893,3,5,8
349186505,3,0,3
349359842,3,0,3
349390769,3,0,3
349847741,3,6,9
350109509,3,0,3
350270880,3,16,19
350402362,3,1,4
351156080,3,0,3
351249164,3,0,3
351354864,3,0,3
351386510,3,0,3
351727162,3,0,3
351843189,3,0,3
353088846,3,0,3
353727321,3,5,8
354106420,3,0,3
354516897,3,0,3
354708537,3,2,5
354854190,3,1,4
355317492,3,0,3
355943082,3,38,41
356198441,3,0,3
356851477,3,0,3
357120731,3,0,3
357579460,3,0,3
357608983,3,0,3
357747160,3,0,3
358334458,3,0,3
359107993,3,1,4
359605848,3,3,6
360292371,3,4,7
360537661,3,2,5
360721051,3,0,3
361251755,3,3,6
361660044,3,0,3
362006085,3,2,5
362111287,3,2,5
362236432,3,0,3
362694376,3,2,5
362844064,3,0,3
363281861,3,0,3
363801549,3,1,4
365693868,3,0,3
365894597,3,1,4
366008526,3,0,3
366182010,3,0,3
366215091,3,3,6
366705463,3,0,3
367244350,3,2,5
367737214,3,0,3
367941544,3,4,7
367944695,3,0,3
368042644,3,2,5
368092520,3,6,9
368224044,3,2,5
368407642,3,0,3
368555136,3,0,3
368578726,3,5,8
368588066,3,0,3
369086539,3,2,5
369175572,3,0,3
369801087,3,16,19
369801757,3,7,10
370197481,3,0,3
370222416,3,240,243
370677437,3,2,5
370938830,3,12,15
371499530,3,0,3
371840247,3,3,6
372028062,3,0,3
372042483,3,0,3
372415128,3,12,15
372531606,3,0,3
372988606,3,2,5
373515599,3,1,4
373639180,3,0,3
373917445,3,0,3
374251490,3,0,3
374364001,3,0,3
374490467,3,6,9
374495209,3,0,3
374836634,3,1,4
375861556,3,0,3
376264756,3,0,3
376458768,3,0,3
377183371,3,0,3
377240878,3,0,3
377250453,3,0,3
377437493,3,0,3
377615003,3,0,3
377642708,3,0,3
378088235,3,0,3
378460199,3,21,24
378731411,3,0,3
379000170,3,1,4
379296290,3,1,4
380066806,3,0,3
380681044,3,0,3
381739935,3,20,23
381788358,3,0,3
381805033,3,0,3
381909970,3,3,6
381913499,3,0,3
382415306,3,2,5
382766279,3,0,3
383839873,3,0,3
384884846,3,0,3
385210474,3,12,15
385233747,3,0,3
385395563,3,0,3
386095754,3,1,4
386200623,3,5,8
386520098,3,2,5
386617712,3,0,3
386874495,3,1,4
387432118,3,3,6
388383447,3,15,18
388387797,3,4,7
388453774,3,3,6
388534767,3,3,6
388603933,3,0,3
388632542,3,7,10
389191604,3,0,3
389384045,3,5,8
389640649,3,0,3
389733159,3,9,12
389762410,3,0,3
389819648,3,4,7
390039185,3,1,4
390330754,3,1,4
390554141,3,0,3
390842981,3,2,5
391167507,3,0,3
391221329,3,2,5
392057901,3,0,3
392332928,3,0,3
392368896,3,0,3
392459453,3,0,3
392475888,3,0,3
392504542,3,0,3
392702552,3,2,5
392722532,3,0,3
393179655,3,0,3
393602375,3,0,3
393775856,3,1,4
394341145,3,0,3
394431204,3,2,5
395378420,3,0,3
395606769,3,0,3
395904211,3,1,4
396171169,3,0,3
396182753,3,33,36
396194340,3,11,14
396265175,3,1,4
397395518,3,0,3
397769487,3,0,3
398063806,3,0,3
398376550,3,1,4
398936056,3,0,3
398985246,3,0,3
399759400,3,0,3
401015098,3,4,7
402070775,3,1,4
402396916,3,0,3
402845055,3,1,4
402952054,3,0,3
403489077,3,3,6
404334121,3,11,14
404822243,3,15,18
405662998,3,0,3
406295914,3,8,11
406417679,3,0,3
406434502,3,1,4
406478678,3,6,9
407531069,3,1,4
408036857,3,3,6
408636160,3,3,6
408692706,3,0,3
408749060,3,0,3
408802522,3,0,3
408935359,3,6,9
409590902,3,1,4
409957362,3,0,3
410359148,3,3,6
411166348,3,0,3
411437870,3,0,3
412636387,3,0,3
413274241,3,7,10
413371046,3,12,15
414484667,3,1,4
414726712,3,0,3
415061207,3,0,3
415224570,3,0,3
415283431,3,0,3
415833386,3,1,4
415893700,3,0,3
416003202,3,33,36
416528983,3,0,3
417170145,3,0,3
417190293,3,4,7
417517353,3,3,6
417808383,3,0,3
418003140,3,0,3
418313316,3,0,3
418644486,3,3,6
418969728,3,0,3
419001315,3,0,3
419327066,3,8,11
420815162,3,0,3
421932032,3,0,3
422015893,3,8,11
422307981,3,1,4
422426034,3,0,3
422893311,3,0,3
423096476,3,3,6
423162248,3,0,3
423803408,3,0,3
425433403,3,0,3
426736627,3,0,3
427614825,3,0,3
428853505,3,0,3
429427128,3,29,32
429548481,3,0,3
429565727,3,0,3
429599715,3,14,17
429851351,3,1,4
430030395,3,4,7
432727544,3,1,4
434006160,3,0,3
434485752,3,2,5
434640003,3,0,3
435249069,3,0,3
435929530,3,3,6
436029388,3,0,3
437012569,3,0,3
437216317,3,0,3
437290996,3,2,5
437700983,3,1,4
437933595,3,1,4
437982898,3,0,3
438009230,3,0,3
438009484,3,1,4
438923476,3,1,4
440295809,3,2,5
442694461,3,14,17
442988780,3,0,3
443270650,3,1,4
443490241,3,5,8
443493475,3,1,4
443825403,3,0,3
445253006,3,0,3
445670525,3,1,4
446534551,3,12,15
446675375,3,0,3
447713267,3,1,4
447972060,3,1,4
448284024,3,5,8
448481047,3,1,4
449493072,3,0,3
449674167,3,1,4
450007373,3,1,4
450277140,3,0,3
450950210,3,0,3
451129885,3,1,4
452284034,3,0,3
452521774,3,6,9
452535195,3,0,3
452602102,3,0,3
453322083,3,0,3
453553264,3,3,6
454200252,3,5,8
454369613,3,0,3
455721904,3,0,3
456675792,3,0,3
456908065,3,0,3
457134449,3,2,5
457254211,3,0,3
458581968,3,0,3
458602870,3,0,3
458698552,3,0,3
458976069,3,0,3
459744602,3,0,3
459863547,3,0,3
459872442,3,11,14
460749032,3,1,4
461105709,3,0,3
461271065,3,0,3
461467684,3,5,8
462153820,3,16,19
462604074,3,0,3
462673299,3,7,10
463136768,3,0,3
463167307,3,1,4
463401736,3,1,4
463970287,3,0,3
464296030,3,0,3
464461104,3,2,5
466057390,3,0,3
466098908,3,6,9
466134862,3,3,6
466695725,3,0,3
466704080,3,1,4
466839675,3,31,34
467733041,3,0,3
467999695,3,0,3
468224703,3,0,3
468893458,3,1,4
469105325,3,25,28
469984784,3,11,14
470374758,3,1,4
470487223,3,0,3
471324204,3,0,3
471615483,3,0,3
471701544,3,0,3
472281880,3,0,3
472492727,3,0,3
472623657,3,0,3
472637684,3,1,4
472974363,3,2,5
473237658,3,9,12
473259415,3,0,3
473311785,3,0,3
473346197,3,0,3
474275805,3,0,3
474316929,3,0,3
474336328,3,0,3
474999990,3,1,4
475185871,3,6,9
476123681,3,5,8
476150945,3,0,3
476856933,3,0,3
477762728,3,0,3
477811844,3,3,6
477832142,3,1,4
478907326,3,1,4
479307571,3,1,4
480053193,3,0,3
480408260,3,0,3
480433799,3,0,3
480586426,3,2,5
481844398,3,0,3
481857885,3,0,3
484021218,3,0,3
484141090,3,7,10
484217573,3,0,3
484654623,3,0,3
485354512,3,1,4
485387749,3,0,3
485584481,3,2,5
485884219,3,0,3
486245623,3,0,3
487600344,3,4,7
488017942,3,1,4
488072707,3,2,5
488282592,3,0,3
488950123,3,9,12
489374582,3,0,3
489728162,3,0,3
489875979,3,0,3
490021471,3,6,9
490337270,3,0,3
490497027,3,2,5
490764827,3,31,34
491272386,3,0,3
491327151,3,0,3
491476321,3,3,6
491764832,3,10,13
491967893,3,0,3
492528766,3,1,4
493619085,3,0,3
493641728,3,0,3
493842428,3,6,9
494012125,3,0,3
494404968,3,36,39
494454462,3,0,3
494609110,3,15,18
494962499,3,0,3
495011205,3,1,4
495022848,3,0,3
495466107,3,1,4
495564560,3,0,3
498278516,3,0,3
498525256,3,0,3
498529363,3,0,3
498568605,3,1,4
499372541,3,0,3
499986911,3,0,3
501060187,3,0,3
501326714,3,1,4
501412360,3,1,4
501975604,3,1,4
502059763,3,0,3
503415347,3,1,4
503642469,3,0,3
505010709,3,0,3
505049485,3,0,3
506113201,3,1,4
506414909,3,0,3
506623802,3,0,3
506677936,3,0,3
506855302,3,0,3
507877806,3,5,8
507921429,3,5,8
508054621,3,0,3
508214922,3,20,23
508376043,3,2,5
510209931,3,0,3
510269988,3,0,3
511582392,3,0,3
513485498,3,4,7
514991885,3,8,11
515412582,3,3,6
516569861,3,3,6
516652197,3,0,3
517580874,3,0,3
517913034,3,1,4
518127482,3,2,5
518513203,3,1,4
518646310,3,22,25
518740768,3,0,3
519752525,3,0,3
519849143,3,1,4
519973071,3,0,3
520527656,3,2,5
521008681,3,0,3
521437029,3,0,3
522356827,3,0,3
522901339,3,0,3
523572607,3,2,5
525578379,3,0,3
526307633,3,1,4
526400522,3,0,3
526945166,3,1,4
526952173,3,0,3
526964747,3,0,3
527203764,3,0,3
527424042,3,39,42
527984642,3,51,54
528550718,3,0,3
528817286,3,1,4
529495974,3,0,3
529645252,3,0,3
530056944,3,2,5
530822717,3,27,30
531696926,3,0,3
531755631,3,0,3
532460861,3,0,3
532543981,3,0,3
532562534,3,0,3
532685127,3,0,3
533468680,3,0,3
533799348,3,0,3
533950941,3,0,3
534513524,3,0,3
534644575,3,0,3
534646079,3,0,3
534736628,3,0,3
534943378,3,0,3
535682332,3,129,132
535803749,3,4,7
535884548,3,0,3
535909087,3,0,3
537389609,3,1,4
537546720,3,0,3
538334228,3,178,181
538477069,3,0,3
538597598,3,0,3
539647993,3,0,3
539849410,3,0,3
540081118,3,0,3
540197720,3,0,3
540928981,3,0,3
541931649,3,2,5
543429497,3,0,3
543452426,3,37,40
544780101,3,8,11
545178759,3,0,3
545518146,3,0,3
545593607,3,0,3
546526833,3,7,10
547143716,3,0,3
547547492,3,3,6
547553701,3,0,3
548707560,3,2,5
548751860,3,0,3
549624549,3,0,3
549693415,3,4,7
549734013,3,0,3
550590944,3,0,3
550946753,3,1,4
551096737,3,0,3
551338399,3,8,11
551480579,3,0,3
552088707,3,2,5
552246492,3,0,3
553008999,3,1,4
553112262,3,0,3
553145300,3,0,3
553196187,3,0,3
554353776,3,0,3
554747923,3,0,3
554962236,3,6,9
555597638,3,0,3
556031071,3,1,4
556247745,3,1,4
556362227,3,0,3
557328931,3,20,23
557399205,3,1,4
557779067,3,0,3
558147965,3,0,3
558360059,3,5,8
559595341,3,2,5
560295739,3,1,4
560405654,3,0,3
560472772,3,0,3
560745664,3,1,4
560804945,3,1,4
561217755,3,0,3
561344309,3,16,19
561579296,3,0,3
561679227,3,0,3
561958912,3,0,3
562060738,3,26,29
562560257,3,0,3
563147998,3,34,37
564012190,3,1,4
564981645,3,1,4
565687084,3,0,3
566534661,3,0,3
567429337,3,0,3
567480679,3,1,4
568698899,3,0,3
569020153,3,0,3
569740032,3,1,4
570057983,3,1,4
570260445,3,0,3
571205721,3,0,3
571488084,3,19,22
571933009,3,2,5
572324207,3,5,8
573358635,3,1,4
573600736,3,0,3
574504763,3,0,3
574837577,3,6,9
574868685,3,0,3
575129903,3,0,3
575307850,3,0,3
575403293,3,0,3
575572817,3,0,3
575688446,3,7,10
576318595,3,3,6
576464376,3,15,18
576608720,3,1,4
578456752,3,1,4
579019262,3,1,4
579497218,3,1,4
579777614,3,1,4
579882649,3,29,32
580151966,3,0,3
581238705,3,5,8
581344206,3,1,4
581748524,3,0,3
584360052,3,0,3
584430339,3,6,9
584546387,3,0,3
584993287,3,0,3
585620915,3,0,3
586061055,3,1,4
586317185,3,0,3
586643101,3,0,3
587758755,3,1,4
587891491,3,0,3
588614316,3,0,3
588649684,3,0,3
588840812,3,0,3
589497322,3,1,4
589632168,3,0,3
589722111,3,0,3
590450497,3,0,3
590975008,3,1,4
591141333,3,0,3
591418654,3,3,6
592379115,3,0,3
592550047,3,0,3
592737023,3,0,3
592794994,3,0,3
592972707,3,0,3
594454673,3,6,9
594797003,3,48,51
597525583,3,0,3
597927616,3,4,7
598578987,3,5,8
598915959,3,0,3
599038018,3,0,3
599372935,3,0,3
599907067,3,0,3
600495552,3,1,4
600771968,3,0,3
603617432,3,2,5
605359523,3,0,3
605523537,3,0,3
607355278,3,1,4
607617865,3,0,3
607631554,3,0,3
608554807,3,4,7
609666413,3,0,3
609738161,3,2,5
610808233,3,5,8
610906311,3,1,4
611109196,3,10,13
612164295,3,0,3
612785347,3,0,3
612931307,3,0,3
613779321,3,0,3
614011829,3,0,3
614016298,3,1,4
614192073,3,0,3
614440713,3,0,3
614481428,3,3,6
615376453,3,62,65
616313565,3,2,5
616417787,3,0,3
617883645,3,0,3
618709104,3,0,3
619566811,3,0,3
620175554,3,0,3
620393908,3,0,3
620462648,3,3,6
620463335,3,23,26
620467918,3,17,20
620543226,3,9,12
620737275,3,26,29
621478741,3,0,3
621664041,3,0,3
621836837,3,178,181
622800082,3,6,9
622849430,3,0,3
623079946,3,0,3
623219039,3,0,3
623522980,3,0,3
623715189,3,0,3
624019090,3,1,4
624475181,3,0,3
625142664,3,0,3
625901289,3,0,3
626125785,3,26,29
628742620,3,0,3
628879771,3,0,3
629394432,3,24,27
629974701,3,0,3
630020938,3,0,3
630590295,3,2,5
630738430,3,57,60
631276230,3,0,3
631414519,3,2,5
631584013,3,0,3
632059890,3,0,3
632124404,3,0,3
632192806,3,0,3
632600488,3,2,5
633220583,3,0,3
633752872,3,0,3
633753027,3,0,3
633773790,3,0,3
636239122,3,0,3
636296205,3,0,3
636308238,3,9,12
636415876,3,0,3
636487997,3,0,3
700494436,3,0,3
700800555,3,0,3
700948434,3,0,3
701094732,3,2,5
702123620,3,0,3
703468801,3,0,3
703896596,3,1,4
703904233,3,0,3
704163517,3,0,3
705369369,3,1,4
705405812,3,4,7
705602586,3,2,5
706396827,3,0,3
706702115,3,0,3
708110208,3,0,3
709009074,3,1,4
710363696,3,0,3
715125320,3,18,21
715907562,3,0,3
716740243,3,1,4
716870924,3,0,3
717198402,3,0,3
717501464,3,1,4
718550549,3,0,3
718692645,3,0,3
720283129,3,0,3
720889142,3,8,11
721601226,3,4,7
723268933,3,1,4
724769084,3,1,4
725085464,3,3,6
726873896,3,0,3
728037278,3,0,3
729157237,3,0,3
729719605,3,58,61
731690714,3,0,3
733420123,3,0,3
734025734,3,0,3
735854815,3,20,23
738051384,3,0,3
738829249,3,0,3
738972234,3,40,43
739408592,3,0,3
739604766,3,0,3
740758255,3,0,3
741886056,3,138,141
743139380,3,0,3
743275561,3,3,6
746269182,3,0,3
746685060,3,21,24
750360169,3,22,25
750407066,3,0,3
750446077,3,0,3
752074777,3,2,5
756042812,3,6,9
756047569,3,13,16
756110862,3,1,4
758352745,3,0,3
758383008,3,5,8
760813345,3,0,3
761912172,3,0,3
762857053,3,0,3
765551911,3,0,3
766519074,3,0,3
768120781,3,0,3
768514130,3,7,10
770011676,3,0,3
772231591,3,0,3
772243382,3,0,3
772485542,3,3,6
776081316,3,0,3
776408594,3,20,23
780721243,3,0,3
783213866,3,0,3
784018086,3,0,3
784379972,3,0,3
785237462,3,0,3
785275574,3,0,3
785676811,3,9,12
785893448,3,3,6
787037258,3,1,4
789888662,3,0,3
791200849,3,0,3
791995026,3,0,3
792435816,3,0,3
792538248,3,0,3
793158938,3,0,3
793696958,3,17,20
794401550,3,0,3
795171072,3,7,10
796416378,3,0,3
797146382,3,30,33
797662303,3,0,3
797734519,3,0,3
799630694,3,0,3
803397420,3,0,3
803849413,3,0,3
804754670,3,6,9
805193832,3,0,3
805781575,3,0,3
806769186,3,0,3
807086774,3,0,3
807397008,3,0,3
807968504,3,13,16
808140816,3,0,3
808154323,3,0,3
808807477,3,0,3
809084047,3,6,9
810000116,3,10,13
811389079,3,15,18
813713408,3,0,3
815973294,3,0,3
818384298,3,4,7
820869301,3,0,3
821660419,3,2,5
821922194,3,0,3
821934096,3,0,3
822175178,3,0,3
822676693,3,0,3
822731780,3,2,5
823624782,3,0,3
826171705,3,2,5
827417466,3,1,4
827478050,3,0,3
828157237,3,0,3
828949398,3,0,3
832145484,3,1,4
834360308,3,0,3
838032091,3,0,3
838976832,3,12,15
839047879,3,0,3
840042230,3,0,3
841262250,3,7,10
842830795,3,1,4
843643496,3,3,6
843833900,3,0,3
844083344,3,0,3
845103810,3,0,3
846345133,3,1,4
846444036,3,0,3
846840079,3,15,18
847278842,3,1,4
848267090,3,0,3
850132028,3,1,4
851870989,3,0,3
851923268,3,0,3
852004369,3,0,3
854265883,3,0,3
855135020,3,0,3
855479360,3,0,3
857232728,3,2,5
858565573,3,0,3
858750566,3,5,8
860580000,3,0,3
860621251,3,0,3
860646054,3,0,3
860695975,3,0,3
860710075,3,0,3
860865024,3,0,3
861388620,3,36,39
861577363,3,0,3
861625476,3,1,4
861951648,3,0,3
862389464,3,2,5
862969386,3,1,4
863201701,3,6,9
863628498,3,0,3
864132289,3,2,5
865270045,3,0,3
865287674,3,0,3
865586209,3,6,9
868554925,3,1,4
870423624,3,3,6
870477378,3,0,3
870642614,3,0,3
870673578,3,27,30
871921093,3,0,3
872207857,3,0,3
872543358,3,0,3
872764080,3,0,3
873863954,3,0,3
873983533,3,0,3
874405711,3,49,52
876058249,3,9,12
876670092,3,0,3
882818041,3,4,7
883145995,3,111,114
883211862,3,0,3
884830748,3,2,5
885639866,3,0,3
885692646,3,3,6
885706658,3,28,31
886145106,3,0,3
886817598,3,1,4
887869208,3,1,4
889939663,3,0,3
894471295,3,1,4
897886992,3,0,3
898393518,3,1,4
898457016,3,0,3
898843662,3,5,8
898889359,3,0,3
899659586,3,12,15
899879430,3,0,3
901069554,3,0,3
902231725,3,0,3
902401616,3,1,4
903377622,3,7,10
904875612,3,0,3
905290200,3,0,3
905455074,3,1,4
908810922,3,5,8
909990571,3,0,3
910337317,3,0,3
911740344,3,0,3
911758807,3,0,3
912520790,3,0,3
913573256,3,4,7
914007470,3,0,3
914159126,3,1,4
914758039,3,1,4
915020022,3,0,3
915433256,3,0,3
916428906,3,2,5
917986910,3,0,3
918331112,3,3,6
923844818,3,0,3
924274784,3,0,3
924419576,3,0,3
925326978,3,0,3
927530713,3,0,3
927818520,3,2,5
930244363,3,0,3
930376591,3,2,5
930914192,3,0,3
931317318,3,0,3
931565286,3,0,3
933145092,3,1,4
934777632,3,0,3
935859349,3,2,5
935985920,3,0,3
937295502,3,0,3
937595996,3,22,25
938086531,3,0,3
938818514,3,0,3
939095432,3,0,3
941373673,3,2,5
942287282,3,5,8
943770836,3,8,11
944847649,3,0,3
946328822,3,0,3
946640665,3,0,3
948198966,3,1,4
948522462,3,0,3
951033024,3,0,3
953944182,3,0,3
954061321,3,0,3
954831636,3,0,3
956246016,3,0,3
958142629,3,0,3
958230079,3,0,3
959403319,3,0,3
959728592,3,1,4
962929718,3,0,3
963624414,3,0,3
965866273,3,0,3
966089786,3,0,3
967285422,3,0,3
972753500,3,0,3
974655504,3,0,3
977405538,3,4,7
978227936,3,0,3
979386648,3,1,4
980787590,3,0,3
981867829,3,154,157
982861370,3,0,3
985221390,3,0,3
985601546,3,0,3
986832398,3,0,3
987132296,3,1,4
989277890,3,0,3
991366591,3,0,3
994202748,3,0,3
994205851,3,1,4
994742736,3,0,3
995736774,3,0,3
997108008,3,0,3
1000808005,3,4,7
1002334560,3,0,3
1004263741,3,0,3
1005582866,3,1,4
1007986375,3,0,3
1008695929,3,0,3
1012374132,3,1,4
1014184938,3,0,3
1014998276,3,0,3
1015170002,3,3,6
1016459959,3,0,3
1016821579,3,0,3
1021100101,3,0,3
1022621294,3,0,3
1023051186,3,11,14
1025242842,3,0,3
1025607511,3,1,4
1028380868,3,0,3
1028419310,3,0,3
1028436924,3,0,3
1032172358,3,1,4
1035526621,3,0,3
1038402692,3,0,3
1038560168,3,2,5
1040829246,3,1,4
1040980399,3,0,3
1041490284,3,0,3
1041950718,3,20,23
1042673966,3,10,13
1045492297,3,0,3
1048281206,3,1,4
1048442108,3,0,3
1050080216,3,0,3
1050489918,3,0,3
1051109852,3,0,3
1051342171,3,0,3
1051557686,3,43,46
1052326598,3,0,3
1052539914,3,0,3
1056037286,3,0,3
1057744740,3,0,3
1057875235,3,0,3
1058400816,3,0,3
1059240937,3,0,3
1059394638,3,0,3
1061331960,3,0,3
1062145002,3,0,3
1064458855,3,2,5
1065081534,3,0,3
1065897642,3,0,3
1067537251,3,2,5
1069404811,3,0,3
1069517161,3,66,69
1069919504,3,0,3
1072337066,3,0,3
1073878735,3,0,3
1075192441,3,0,3
1075378616,3,0,3
1080178255,3,0,3
1084625558,3,0,3
1086898622,3,0,3
1089793970,3,0,3
1093617042,3,0,3
1094036953,3,0,3
1094236604,3,0,3
1094824915,3,0,3
1099965775,3,0,3
1104907224,3,0,3
1109360888,3,0,3
1110058202,3,0,3
1110230570,3,9,12
1112536484,3,1,4
1113346662,3,0,3
1115827825,3,4,7
1115912653,3,0,3
1117777525,3,0,3
1120199214,3,0,3
1120285164,3,3,6
1120531459,3,1,4
1123035852,3,0,3
1124167796,3,0,3
1126005456,3,1,4
1129557265,3,0,3
1129601754,3,1,4
1132886828,3,1,4
1133937572,3,0,3
1135373802,3,0,3
1135391425,3,0,3
1137585871,3,0,3
1138358984,3,0,3
1149614875,3,1,4
1149818708,3,0,3
1154620628,3,0,3
1154700013,3,0,3
1155732698,3,0,3
1155757698,3,0,3
1156573159,3,1,4
1157236081,3,1,4
1157902490,3,43,46
1158614941,3,7,10
1163873018,3,8,11
1166652571,3,3,6
1166790510,3,0,3
1167485504,3,1,4
1169951262,3,0,3
1173962179,3,0,3
1175584525,3,0,3
1177836727,3,0,3
1184145816,3,1,4
1184325030,3,0,3
1184460661,3,0,3
1184682378,3,2,5
1191082038,3,0,3
1191938899,3,1,4
1193801665,3,37,40
1198946628,3,1,4
1199372545,3,0,3
1200265776,3,0,3
1208794297,3,58,61
1209580928,3,0,3
1216086978,3,2,5
1219462604,3,18,21
1220276724,3,0,3
1220741574,3,2,5
1221931562,3,0,3
1224214254,3,0,3
1224835698,3,0,3
1225947332,3,0,3
1226275850,3,5,8
1233031128,3,0,3
1239344012,3,1,4
1240172366,3,0,3
1241386093,3,2,5
1241858562,3,0,3
1243717992,3,0,3
1246658094,3,0,3
1246850413,3,1,4
1250335255,3,0,3
1250559739,3,2,5
1252520990,3,20,23
1254703837,3,13,16
1255998008,3,0,3
1260024733,3,0,3
1260426925,3,0,3
1262449176,3,0,3
1262787086,3,6,9
1263045817,3,0,3
1268041254,3,0,3
1268612959,3,1,4
1269060948,3,0,3
1270440024,3,0,3
1271069144,3,0,3
1272649165,3,0,3
1274923076,3,41,44
1277361338,3,0,3
1278447967,3,3,6
1278855144,3,2,5
1279096542,3,0,3
1279300470,3,0,3
1280291174,3,0,3
1282197158,3,10,13
1284209568,3,0,3
1285568179,3,0,3
1287090480,3,0,3
1287280946,3,2,5
1288569704,3,0,3
1289650238,3,0,3
1289801750,3,10,13
1290234168,3,0,3
1291651352,3,7,10
1293923341,3,0,3
1299258126,3,0,3
1301448055,3,0,3
1301876635,3,0,3
1307388481,3,0,3
1309173126,3,18,21
1310983086,3,0,3
1311038556,3,1,4
1311242010,3,0,3
1315397575,3,2,5
1315651994,3,2,5
1320084745,3,0,3
1320132594,3,0,3
1321696759,3,24,27
1322916290,3,0,3
1324981638,3,25,28
1326967123,3,0,3
1328042665,3,0,3
1331523428,3,0,3
1332049363,3,1,4
1332080852,3,0,3
1332663734,3,0,3
1334373715,3,0,3
1335017592,3,0,3
1336006291,3,0,3
1336728354,3,0,3
1339146985,3,3,6
1339805330,3,0,3
1339952563,3,0,3
1341967386,3,1,4
1344195379,3,0,3
1345271245,3,3,6
1346019187,3,8,11
1346696210,3,0,3
1346745384,3,2,5
1349644754,3,8,11
1350334249,3,0,3
1350729756,3,0,3
1350807709,3,0,3
1352597610,3,0,3
1352634026,3,0,3
1353264836,3,0,3
1355717809,3,1,4
1355901577,3,0,3
1355964432,3,0,3
1358359729,3,1,4
1360270676,3,5,8
1360468428,3,1,4
1362144619,3,0,3
1364536237,3,0,3
1365614348,3,0,3
1365620120,3,1,4
1365820224,3,3,6
1367321790,3,0,3
1370084306,3,0,3
1371742513,3,32,35
1372383162,3,0,3
1372525938,3,0,3
1375184406,3,0,3
1375235654,3,0,3
1376212958,3,21,24
1376884716,3,0,3
1379017291,3,0,3
1379791256,3,0,3
1381365842,3,0,3
1381601671,3,0,3
1383096535,3,21,24
1385560729,3,0,3
1388148914,3,1,4
1388574187,3,10,13
1390279364,3,0,3
1390764192,3,0,3
1392009744,3,0,3
1396043821,3,1,4
1399273843,3,1,4
1399916430,3,0,3
1403077680,3,1,4
1403982384,3,2,5
1408131140,3,0,3
1410126361,3,0,3
1410592303,3,0,3
1411749511,3,93,96
1411765333,3,0,3
1412075184,3,1,4
1413763296,3,0,3
1414693334,3,0,3
1418072466,3,9,12
1419376172,3,4,7
1421013715,3,0,3
1423291705,3,6,9
1423714352,3,0,3
1424613612,3,1,4
1424831822,3,8,11
1437303385,3,0,3
1441907282,3,2,5
1445275716,3,0,3
1445713226,3,0,3
1446217872,3,0,3
1446660624,3,0,3
1449564140,3,0,3
1450138278,3,1,4
1451377339,3,6,9
1452690762,3,0,3
1456242823,3,5,8
1457392165,3,16,19
1458041851,3,1,4
1458402337,3,0,3
1458531854,3,1,4
1460797812,3,9,12
1461060414,3,0,3
1461580848,3,0,3
1461809641,3,0,3
1462580635,3,0,3
1463369190,3,1,4
1463669215,3,0,3
1466366744,3,0,3
1466485746,3,0,3
1466986621,3,22,25
1467841676,3,0,3
1469975672,3,1,4
1470921324,3,0,3
1472490782,3,0,3
1472752382,3,8,11
1473360739,3,8,11
1473443426,3,69,72
1475146609,3,0,3
1477438352,3,0,3
1477577527,3,0,3
1478661360,3,0,3
1481058103,3,0,3
1485757040,3,0,3
1485815640,3,3,6
1485824958,3,0,3
1487310162,3,0,3
1488251486,3,0,3
1489069478,3,0,3
1490605254,3,0,3
1490903305,3,40,43
1497452629,3,0,3
1499723322,3,0,3
1499859427,3,0,3
1500029251,3,0,3
1506015576,3,0,3
1506079266,3,0,3
1511059838,3,0,3
1511866190,3,0,3
1513078165,3,3,6
1513371691,3,0,3
1517869226,3,0,3
1519546086,3,0,3
1520363550,3,9,12
1521076063,3,0,3
1523506160,3,0,3
1529054208,3,0,3
1531603904,3,0,3
1536600704,3,2,5
1538741966,3,0,3
1539897854,3,2,5
1540080085,3,2,5
1541949696,3,0,3
1542190130,3,0,3
1542198810,3,161,164
1543242296,3,29,32
1545993031,3,0,3
1546032588,3,0,3
1546770558,3,35,38
1546986510,3,0,3
1547493644,3,32,35
1547692208,3,0,3
1549487016,3,0,3
1551989046,3,0,3
1552053866,3,0,3
1552405350,3,0,3
1552882350,3,12,15
1555947253,3,11,14
1556140466,3,0,3
1556280006,3,1,4
1557426210,3,0,3
1557586243,3,4,7
1559387898,3,36,39
1560852734,3,4,7
1560934753,3,1,4
1561578727,3,0,3
1564678554,3,2,5
1566415634,3,13,16
1567719908,3,0,3
1569767984,3,0,3
1571609988,3,0,3
1572942984,3,0,3
1574222143,3,0,3
1576476091,3,0,3
1576504207,3,2,5
1578264330,3,10,13
1581421621,3,0,3
1587425034,3,1,4
1587814765,3,4,7
1594694892,3,1,4
1598799781,3,0,3
1598805552,3,0,3
1599063504,3,2,5
1600286137,3,1,4
1600874611,3,0,3
1602247194,3,0,3
1602497658,3,2,5
1605121837,3,0,3
1608947341,3,0,3
1609237194,3,1,4
1610213838,3,0,3
1610809838,3,0,3
1616820708,3,38,41
1616844608,3,0,3
1616966774,3,4,7
1617177145,3,1,4
1619263548,3,0,3
1620821233,3,0,3
1621320505,3,48,51
1628968783,3,0,3
1629091340,3,6,9
1632334700,3,24,27
1633082192,3,42,45
1634182406,3,62,65
1638639817,3,0,3
1639542379,3,0,3
1641461054,3,0,3
1641937358,3,0,3
1642864238,3,0,3
1643689518,3,0,3
1646211559,3,0,3
1647722191,3,0,3
1648036326,3,0,3
1648125270,3,0,3
1650585602,3,4,7
1652502032,3,1,4
1652503926,3,0,3
1656226182,3,3,6
1656237914,3,0,3
1656289886,3,0,3
1656400596,3,0,3
1656624818,3,0,3
1656868662,3,0,3
1659030800,3,0,3
1671570577,3,4,7
1673508644,3,1,4
1674472531,3,6,9
1676698225,3,0,3
1676988960,3,2,5
1681080518,3,0,3
1683546745,3,0,3
1685574222,3,1,4
1686645968,3,0,3
1686889567,3,1,4
1686978289,3,1,4
1694222593,3,0,3
1694850211,3,2,5
1695268058,3,0,3
1695694118,3,1,4
1697470002,3,16,19
1698412513,3,0,3
1700583012,3,0,3
1702159224,3,3,6
1707480727,3,0,3
1708239830,3,8,11
1708396873,3,0,3
1708590086,3,0,3
1709536874,3,0,3
1710311568,3,0,3
1711810094,3,0,3
1711898312,3,2,5
1712804324,3,0,3
1712830392,3,0,3
1713716125,3,0,3
1716924013,3,0,3
1717149162,3,0,3
1717533878,3,0,3
1717568204,3,2,5
1719340254,3,0,3
1720629378,3,0,3
1721737890,3,0,3
1722831672,3,2,5
1722978956,3,0,3
1723439568,3,0,3
1724927846,3,1,4
1725999835,3,0,3
1726330982,3,0,3
1729890672,3,0,3
1733671944,3,0,3
1733798858,3,0,3
1746998844,3,0,3
1792097401,3,0,3
1798062139,3,0,3
1835505270,3,0,3
1851783186,3,0,3
1853191291,3,0,3
1859515387,3,39,42
1859618210,3,5,8
1859727930,3,0,3
1860975744,3,0,3
1861163899,3,4,7
1862771371,3,0,3
1872658668,3,0,3
1879798795,3,0,3
1880871918,3,6,9
1881212406,3,0,3
1883119136,3,0,3
1884517622,3,0,3
1887823016,3,0,3
1888076449,3,0,3
1888923247,3,0,3
1890955496,3,0,3
1894460682,3,71,74
1902232656,3,0,3
1902540451,3,0,3
1906040100,3,0,3
1909996290,3,0,3
1917838842,3,1,4
1918805598,3,0,3
1919145366,3,0,3
1920161496,3,5,8
1921583124,3,0,3
1921991732,3,10,13
1925136144,3,3,6
1926562094,3,1,4
1927789585,3,0,3
1928359148,3,1,4
1930587986,3,56,59
1933908715,3,0,3
1933948897,3,0,3
1934736961,3,38,41
1935877460,3,6,9
1938232118,3,0,3
1942118264,3,0,3
1942247870,3,0,3
1942373192,3,0,3
1945970912,3,0,3
1946058103,3,0,3
1947235465,3,1,4
1961361097,3,23,26
1962979080,3,0,3
1963421766,3,0,3
1965497364,3,0,3
1965612534,3,16,19
1969118232,3,0,3
1972621554,3,0,3
1972631268,3,0,3
1972675404,3,0,3
1973636474,3,2,5
1976450136,3,0,3
1976544074,3,0,3
1977451183,3,0,3
2147848680,3,0,3
2148176953,3,0,3
2148839571,3,0,3
2148886704,3,0,3
2149924279,3,0,3
2149953868,3,0,3
2150044070,3,0,3
2150235569,3,0,3
2151883292,3,13,16
2151896995,3,0,3
2152972838,3,0,3
2153184174,3,1,4
2153495505,3,0,3
2153596533,3,0,3
2154475783,3,0,3
2155000643,3,1,4
2156190929,3,91,94
2156428401,3,1,4
2157453618,3,0,3
2157878718,3,6,9
2159367375,3,0,3
2160723888,3,0,3
2161689583,3,0,3
2163814206,3,0,3
2165861276,3,0,3
2165873557,3,1,4
2166178748,3,0,3
2167226227,3,1,4
2167272349,3,7,10
2169062359,3,0,3
2169423995,3,3,6
2170129283,3,3,6
2171149429,3,7,10
2171407091,3,0,3
2172288098,3,0,3
2172990756,3,0,3
2173230106,3,0,3
2174853163,3,1,4
2175922248,3,1,4
2177490125,3,0,3
2178249589,3,0,3
2179174600,3,0,3
2179203211,3,1,4
2180959435,3,117,120
2181169681,3,3,6
2182490190,3,0,3
2185074558,3,0,3
2185211371,3,0,3
2185238277,3,0,3
2185847238,3,3,6
2186737190,3,0,3
2186827521,3,0,3
2188684645,3,0,3
2191491336,3,3,6
2192199577,3,0,3
2192801620,3,0,3
2193597265,3,0,3
2193758795,3,0,3
2196874556,3,0,3
2197230179,3,0,3
2203324319,3,0,3
2203683487,3,0,3
2203958213,3,0,3
2204689256,3,1,4
2204840934,3,0,3
2206179140,3,7,10
2209036142,3,0,3
2210861497,3,0,3
2211929839,3,0,3
2213649218,3,0,3
2214452360,3,0,3
2216525601,3,0,3
2216718411,3,7,10
2217630206,3,0,3
2220005352,3,0,3
2223253250,3,0,3
2223536382,3,0,3
2223727185,3,0,3
2223890702,3,0,3
2224310703,3,0,3
2225876498,3,0,3
2227462641,3,1,4
2227604159,3,0,3
2228351172,3,4,7
2229952962,3,0,3
2230083151,3,0,3
2230573016,3,0,3
2231868098,3,0,3
2232472244,3,0,3
2233724064,3,0,3
2234852186,3,0,3
2235187227,3,0,3
2237704176,3,0,3
2238298154,3,5,8
2239267570,3,0,3
2240149515,3,3,6
2240766774,3,2,5
2240825388,3,0,3
2241205392,3,2,5
2242672028,3,0,3
2242736858,3,2,5
2243002568,3,0,3
2243353709,3,15,18
2244851847,3,0,3
2246301710,3,0,3
2249729852,3,2,5
2250679128,3,0,3
2254223439,3,0,3
2254523795,3,0,3
2255341537,3,0,3
2255778050,3,0,3
2257440549,3,0,3
2258265918,3,1,4
2259122479,3,0,3
2260429399,3,0,3
2267775933,3,12,15
2268090314,3,0,3
2268636092,3,0,3
2269982365,3,1,4
2271092125,3,35,38
2271285084,3,1,4
2271411114,3,0,3
2271835577,3,0,3
2272351910,3,2,5
2272541720,3,0,3
2274041676,3,0,3
2275239103,3,2,5
2275730968,3,0,3
2276998031,3,0,3
2277744242,3,60,63
2279733948,3,0,3
2281058552,3,9,12
2281065373,3,0,3
2283362532,3,13,16
2284941715,3,0,3
2285054832,3,0,3
2287061701,3,0,3
2287199940,3,0,3
2287293282,3,0,3
2287744820,3,1,4
2288905569,3,0,3
2289043161,3,0,3
2290915449,3,0,3
2292664177,3,0,3
2293925429,3,0,3
2295207583,3,1,4
2298725707,3,0,3
2300538183,3,3,6
2300558029,3,1,4
2301027452,3,21,24
2302226918,3,0,3
2305237878,3,0,3
2305869624,3,2,5
2307737585,3,0,3
2309254388,3,9,12
2310093306,3,0,3
2311077186,3,0,3
2312325259,3,0,3
2314008787,3,0,3
2315922081,3,2,5
2316434299,3,1,4
2316449568,3,16,19
2320095973,3,0,3
2321078092,3,0,3
2321091337,3,0,3
2321385744,3,0,3
2321447749,3,0,3
2321482548,3,2,5
2322198958,3,0,3
2322906614,3,0,3
2325959720,3,0,3
2326096932,3,3,6
2327376091,3,2,5
2327587831,3,0,3
2327864228,3,0,3
2328368795,3,0,3
2328447697,3,0,3
2329037764,3,0,3
2329210838,3,0,3
2330425685,3,8,11
2331498373,3,13,16
2332237368,3,0,3
2332614032,3,0,3
2333691750,3,1,4
2336344996,3,0,3
2339207821,3,0,3
2342387153,3,1,4
2342981907,3,0,3
2343141762,3,0,3
2344265140,3,2,5
2344717311,3,0,3
2345945221,3,2,5
2347688123,3,0,3
2348824214,3,1,4
2349324164,3,0,3
2350259718,3,0,3
2350386049,3,1,4
2351053826,3,1,4
2351807555,3,1,4
2352134256,3,0,3
2352728670,3,0,3
2352844027,3,0,3
2353485140,3,8,11
2353523042,3,0,3
2355209773,3,16,19
2356985624,3,0,3
2357090552,3,0,3
2357544314,3,0,3
2359848768,3,0,3
2359865324,3,0,3
2359985492,3,0,3
2360396868,3,0,3
2362843592,3,0,3
2362873933,3,0,3
2363289067,3,0,3
2363438561,3,0,3
2364786337,3,3,6
2365223411,3,0,3
2365541215,3,0,3
2366303202,3,0,3
2367279846,3,0,3
2369233345,3,74,77
2369692350,3,0,3
2370912056,3,0,3
2371530239,3,0,3
2372182213,3,1,4
2373893028,3,0,3
2375930423,3,0,3
2377308469,3,0,3
2378781936,3,1,4
2380741332,3,0,3
2382718070,3,2,5
2386243200,3,0,3
2387574349,3,0,3
2388012242,3,0,3
2388206929,3,2,5
2388211339,3,0,3
2391091274,3,3,6
2391776563,3,1,4
2392877145,3,3,6
2393853234,3,0,3
2395700407,3,19,22
2396389860,3,0,3
2400459716,3,0,3
2401852033,3,0,3
2402225466,3,3,6
2402646752,3,3,6
2406888344,3,0,3
2407663362,3,10,13
2409539810,3,1,4
2411807100,3,0,3
2412501564,3,0,3
2412649899,3,0,3
2414073730,3,36,39
2414736038,3,0,3
2415797720,3,0,3
2418769008,3,1,4
2420681730,3,1,4
2420958052,3,0,3
2421132861,3,0,3
2423213850,3,1,4
2423764886,3,0,3
2424007068,3,14,17
2425839935,3,4,7
2427452816,3,0,3
2428238845,3,1,4
2429228778,3,0,3
2429615510,3,0,3
2430900559,3,0,3
2432007973,3,0,3
2433883063,3,0,3
2436329089,3,2,5
2436480316,3,0,3
2436694995,3,0,3
2437314795,3,0,3
2438291115,3,0,3
2439265759,3,0,3
2440511773,3,0,3
2443082671,3,0,3
2446433042,3,0,3
2446796922,3,0,3
2446924994,3,0,3
2448342918,3,0,3
2448422966,3,10,13
2448820453,3,0,3
2449412587,3,0,3
2452320936,3,0,3
2452383210,3,7,10
2453346895,3,1,4
2454547933,3,2,5
2455723279,3,1,4
2456037419,3,0,3
2457529154,3,0,3
2460393774,3,0,3
2461305969,3,0,3
2462369990,3,0,3
2463313006,3,0,3
2463471786,3,0,3
2465164307,3,0,3
2465516270,3,0,3
2466339614,3,0,3
2468205899,3,1,4
2468765156,3,0,3
2468889991,3,0,3
2469364831,3,28,31
2469718422,3,1,4
2470137595,3,0,3
2471747528,3,6,9
2472961693,3,0,3
2474230746,3,1,4
2474489456,3,1,4
2474650130,3,0,3
2475073337,3,0,3
2475685577,3,0,3
2476750011,3,0,3
2477317271,3,0,3
2478245477,3,0,3
2480083422,3,26,29
2480352235,3,0,3
2481517026,3,0,3
2481603358,3,0,3
2481875585,3,0,3
2483647441,3,1,4
2484682932,3,0,3
2488637047,3,16,19
2490105806,3,1,4
2491220589,3,5,8
2491884900,3,0,3
2491964094,3,8,11
2493035078,3,0,3
2493152723,3,0,3
2493326365,3,0,3
2495390535,3,0,3
2497796461,3,1,4
2498084168,3,1,4
2498540813,3,0,3
2499504685,3,0,3
2502949521,3,0,3
2503165899,3,6,9
2504227830,3,2,5
2505537932,3,0,3
2507381484,3,1,4
2508024242,3,0,3
2508114499,3,5,8
2508821339,3,1,4
2509367595,3,0,3
2513955277,3,0,3
2516060200,3,0,3
2516488186,3,0,3
2518998564,3,1,4
2520533604,3,0,3
2522112088,3,0,3
2522711070,3,0,3
2523213625,3,0,3
2525264294,3,0,3
2530580965,3,0,3
2530803846,3,1,4
2530934380,3,0,3
2533217510,3,0,3
2533379827,3,0,3
2533712994,3,2,5
2534622899,3,0,3
2535007511,3,0,3
2541381207,3,0,3
2543523264,3,0,3
2543955564,3,0,3
2544110296,3,0,3
2545042216,3,0,3
2546305093,3,0,3
2546331363,3,1,4
2547292200,3,0,3
2548011440,3,1,4
2549139876,3,0,3
2550527131,3,0,3
2550725251,3,2,5
2551394742,3,12,15
2551773858,3,0,3
2551791943,3,2,5
2554532822,3,1,4
2555270881,3,0,3
2559456622,3,0,3
2560409962,3,1,4
2561485942,3,0,3
2562451584,3,5,8
2564391116,3,0,3
2564876846,3,0,3
2569844741,3,12,15
2570596106,3,0,3
2570947334,3,0,3
2573325335,3,0,3
2574352950,3,0,3
2575342545,3,0,3
2575783253,3,0,3
2576439539,3,0,3
2576492465,3,0,3
2578933338,3,1,4
2579230863,3,0,3
2579327835,3,21,24
2581378862,3,0,3
2581662570,3,0,3
2582784914,3,5,8
2584518814,3,1,4
2585216640,3,0,3
2588602376,3,0,3
2590290806,3,0,3
2592600812,3,0,3
2593061460,3,0,3
2593152026,3,0,3
2593482274,3,0,3
2595015613,3,0,3
2595286561,3,2,5
2595456912,3,0,3
2596404907,3,0,3
2596561711,3,0,3
2598183050,3,2,5
2598733599,3,17,20
2600363390,3,0,3
2600517884,3,0,3
2602057710,3,52,55
2607012303,3,0,3
2607568420,3,0,3
2609806034,3,1,4
2611200364,3,0,3
2612704856,3,30,33
2618658399,3,0,3
2618797484,3,0,3
2624263566,3,0,3
2641812284,3,11,14
2643555593,3,0,3
2649652772,3,1,4
2650187290,3,0,3
2653063446,3,2,5
2653931780,3,0,3
2653939151,3,0,3
2655744803,3,0,3
2658434594,3,0,3
2659333482,3,0,3
2670384516,3,0,3
2674766366,3,0,3
2675114737,3,0,3
2676375199,3,1,4
2677669260,3,0,3
2677799398,3,0,3
2679944780,3,113,116
2682958958,3,0,3
2683492969,3,0,3
2683540813,3,15,18
2686536852,3,0,3
2687612917,3,1,4
2688542952,3,1,4
2688740807,3,0,3
2691875846,3,0,3
2691954835,3,0,3
2694966133,3,0,3
2698138429,3,27,30
2700801184,3,0,3
2704512582,3,1,4
2704863679,3,16,19
2705892739,3,0,3
2707065429,3,16,19
2713708404,3,14,17
2717166421,3,0,3
2718312666,3,0,3
2719944821,3,0,3
2722582750,3,0,3
2724387085,3,0,3
2725118305,3,9,12
2725247071,3,0,3
2728536772,3,2,5
2729413974,3,0,3
2730262489,3,1,4
2730445832,3,4,7
2732036303,3,1,4
2732499079,3,0,3
2733160892,3,0,3
2733330012,3,0,3
2734067353,3,0,3
2735726222,3,0,3
2737385739,3,0,3
2737393376,3,0,3
2737793834,3,0,3
2738366902,3,0,3
2740275841,3,0,3
2742835851,3,0,3
2744441277,3,2,5
2746117229,3,0,3
2746536821,3,1,4
2747754993,3,0,3
2748726366,3,0,3
2749125821,3,0,3
2749132607,3,0,3
2750111498,3,0,3
2750331580,3,0,3
2750730580,3,6,9
2751081982,3,0,3
2751913249,3,0,3
2752392697,3,8,11
2754552106,3,5,8
2754764267,3,0,3
2755073958,3,1,4
2757793657,3,5,8
2759441790,3,0,3
2760948578,3,0,3
2762613697,3,0,3
2763341172,3,0,3
2763446654,3,0,3
2763463692,3,3,6
2763563285,3,0,3
2763596818,3,1,4
2765669628,3,0,3
2767792430,3,0,3
2770758386,3,0,3
2771334204,3,1,4
2773120647,3,0,3
2775636211,3,0,3
2777137464,3,0,3
2779243826,3,2,5
2779956592,3,0,3
2781644564,3,0,3
2782024342,3,4,7
2782121854,3,0,3
2788830210,3,0,3
2788977060,3,0,3
2788988150,3,0,3
2789377055,3,0,3
2789955190,3,0,3
2790013255,3,0,3
2790598182,3,0,3
2792257031,3,0,3
2792736285,3,0,3
2794481755,3,0,3
2795096952,3,1,4
2796170977,3,7,10
2796809648,3,0,3
2797172646,3,1,4
2800039546,3,10,13
2800343957,3,0,3
2802222500,3,0,3
2803064548,3,0,3
2803822165,3,2,5
2803995434,3,6,9
2804056257,3,0,3
2804076038,3,0,3
2804088314,3,0,3
2805921939,3,0,3
2806471434,3,0,3
2809090659,3,1,4
2809910803,3,0,3
2810237592,3,0,3
2813883931,3,0,3
2815583362,3,0,3
2815662755,3,1,4
2818187262,3,0,3
2818211598,3,0,3
2819681577,3,0,3
2821395222,3,0,3
2829011012,3,2,5
2829376028,3,0,3
2830289258,3,1,4
2830312736,3,0,3
2832247518,3,0,3
2832716879,3,0,3
2834437959,3,2,5
2835051514,3,0,3
2835584205,3,39,42
2835671062,3,1,4
2837501984,3,1,4
2838003668,3,0,3
2839692390,3,1,4
2840297054,3,0,3
2840539172,3,2,5
2841229643,3,0,3
2841555099,3,0,3
2842038650,3,0,3
2842515949,3,0,3
2842703578,3,0,3
2842778901,3,0,3
2843704196,3,0,3
2844220461,3,0,3
2844223427,3,1,4
2845274796,3,0,3
2845684505,3,0,3
2846496369,3,0,3
2848068680,3,0,3
2848835728,3,7,10
2849398226,3,0,3
2849461797,3,0,3
2851225710,3,0,3
2851418054,3,0,3
2851934946,3,2,5
2853292581,3,1,4
2853461537,3,0,3
2853461886,3,6,9
2853517728,3,0,3
2854664071,3,0,3
2855287858,3,6,9
2857185997,3,0,3
2857529172,3,0,3
2857825785,3,5,8
2859252129,3,17,20
2860748214,3,0,3
2861929061,3,1,4
2863158308,3,0,3
2863229966,3,0,3
2865559502,3,0,3
2865997201,3,2,5
2866494045,3,1,4
2869467873,3,7,10
2871699636,3,0,3
2872262329,3,15,18
2872480951,3,0,3
2872727686,3,6,9
2874160864,3,1,4
2874172926,3,0,3
2876159906,3,0,3
2876474782,3,0,3
2876922273,3,0,3
2877060614,3,0,3
2880124020,3,0,3
2883234716,3,0,3
2883843188,3,0,3
2883894496,3,0,3
2884556716,3,0,3
2885693478,3,0,3
2887745606,3,8,11
2888254703,3,0,3
2888650531,3,1,4
2889984516,3,1,4
2891235905,3,0,3
2892209909,3,0,3
2893491907,3,0,3
2895430041,3,0,3
2896827218,3,1,4
2900830914,3,0,3
2901028133,3,3,6
2902597143,3,1,4
2903272862,3,9,12
2904361496,3,3,6
2905171509,3,0,3
2905681412,3,0,3
2906091130,3,0,3
2906520701,3,0,3
2907725794,3,0,3
2907782807,3,0,3
2910015730,3,0,3
2910213372,3,3,6
2910474115,3,0,3
2911177146,3,3,6
2914344694,3,0,3
2914611107,3,27,30
2915917345,3,0,3
2915954031,3,0,3
2916173341,3,3,6
2916782918,3,122,125
2916902981,3,1,4
2919632273,3,0,3
2919651314,3,82,85
2920317232,3,0,3
2921249524,3,0,3
2921797665,3,0,3
2922029336,3,0,3
2922867425,3,0,3
2923178997,3,5,8
2923532110,3,0,3
2924688854,3,1,4
2926141412,3,0,3
2926162874,3,0,3
2926851022,3,17,20
2928135645,3,0,3
2930067017,3,0,3
2931566262,3,0,3
2932121643,3,0,3
2933057674,3,18,21
2933975159,3,1,4
2934430019,3,0,3
2934522453,3,1,4
2935517062,3,1,4
2937367180,3,0,3
2938730670,3,0,3
2941174585,3,0,3
2941299760,3,0,3
2942767547,3,0,3
2943076088,3,0,3
2943515701,3,0,3
2943664987,3,1,4
2946175481,3,0,3
2948979456,3,0,3
2949260734,3,0,3
2949357691,3,0,3
2950408042,3,0,3
2950882387,3,0,3
2951305800,3,0,3
2951664797,3,0,3
2952364375,3,1,4
2953291654,3,1,4
2954241549,3,0,3
2954379871,3,0,3
2954404008,3,385,388
2955157787,3,0,3
2955252691,3,0,3
2955502378,3,0,3
2956447250,3,0,3
2957971795,3,0,3
2958026333,3,0,3
2958056424,3,0,3
2961211659,3,0,3
2961562948,3,0,3
2961691882,3,0,3
2962183894,3,0,3
2962567101,3,0,3
2963899170,3,0,3
2964099487,3,1,4
2964249749,3,0,3
2969618651,3,0,3
2970529127,3,0,3
2970595266,3,0,3
2972750547,3,0,3
2973187618,3,0,3
2973440307,3,0,3
2973486614,3,0,3
2975010503,3,0,3
2976237925,3,3,6
2976605021,3,0,3
2976868643,3,0,3
2979691511,3,0,3
2981670609,3,0,3
2982540413,3,0,3
2983102943,3,0,3
2984298157,3,0,3
2984700761,3,0,3
2986410915,3,0,3
2986629393,3,1,4
2988934638,3,1,4
2990026174,3,9,12
2990305728,3,0,3
2991156123,3,0,3
2994453117,3,0,3
2995124871,3,0,3
2995503931,3,0,3
2996520036,3,8,11
2997940560,3,0,3
3002555285,3,0,3
3002708748,3,0,3
3003394893,3,0,3
3003875602,3,1,4
3003880704,3,8,11
3007588562,3,0,3
3007914417,3,3,6
3008862007,3,0,3
3010618687,3,0,3
3011256515,3,0,3
3011673768,3,91,94
3012168862,3,0,3
3012241027,3,1,4
3012461939,3,0,3
3013784302,3,1,4
3014703448,3,5,8
3014889610,3,0,3
3015905726,3,0,3
3015981726,3,14,17
3016165408,3,0,3
3016441887,3,1,4
3017786572,3,0,3
3018405124,3,10,13
3018755811,3,0,3
3019181756,3,0,3
3019658033,3,0,3
3020467682,3,2,5
3024326206,3,2,5
3024410127,3,40,43
3027402643,3,0,3
3027457149,3,1,4
3028869977,3,0,3
3028872959,3,0,3
3029914237,3,1,4
3032818022,3,1,4
3033442811,3,0,3
3033666943,3,0,3
3033740409,3,0,3
3033933880,3,0,3
3034856211,3,0,3
3035471420,3,3,6
3038306043,3,2,5
3038333490,3,0,3
3038472803,3,1,4
3038622576,3,19,22
3039108088,3,0,3
3039366675,3,0,3
3039864697,3,0,3
3039865441,3,0,3
3039994062,3,0,3
3040169995,3,0,3
3040493335,3,0,3
3041794064,3,0,3
3044637177,3,1,4
3044852289,3,0,3
3045042364,3,0,3
3045868510,3,9,12
3046612293,3,0,3
3050966449,3,0,3
3051633545,3,0,3
3052144801,3,0,3
3056183911,3,0,3
3057145691,3,6,9
3058397536,3,0,3
3060272322,3,4,7
3060711804,3,0,3
3061612162,3,0,3
3063127104,3,1,4
3063615107,3,0,3
3064539303,3,39,42
3065060224,3,0,3
3065327994,3,15,18
3065438230,3,0,3
3065540427,3,0,3
3066482541,3,0,3
3070636935,3,0,3
3070707701,3,0,3
3072536310,3,0,3
3072833615,3,0,3
3073182359,3,3,6
3073446861,3,0,3
3078081651,3,0,3
3078338105,3,0,3
3078583849,3,1,4
3079870834,3,0,3
3080932083,3,0,3
3081791866,3,0,3
3082127621,3,0,3
3082150264,3,0,3
3083938615,3,0,3
3086707950,3,0,3
3086843746,3,1,4
3090143743,3,1,4
3096817780,3,0,3
3098277122,3,0,3
3099030011,3,1,4
3104848537,3,0,3
3105864599,3,0,3
3108550976,3,0,3
3109006711,3,0,3
3109999520,3,1,4
3113364954,3,1,4
3115965949,3,0,3
3119074465,3,7,10
3119623810,3,1,4
3120100774,3,0,3
3124513967,3,0,3
3126710471,3,0,3
3128306450,3,0,3
3128610350,3,0,3
3129742382,3,0,3
3131716503,3,0,3
3132796460,3,0,3
3137160179,3,0,3
3137212137,3,0,3
3137443456,3,1,4
3138049352,3,0,3
3139441946,3,0,3
3139668973,3,0,3
3145582730,3,1,4
3146642240,3,1,4
3146779211,3,0,3
3148485894,3,0,3
3149125121,3,0,3
3152551591,3,0,3
3153600150,3,0,3
3154269266,3,2,5
3156979954,3,1,4
3157953149,3,0,3
3158120757,3,0,3
3158899591,3,0,3
3158950773,3,0,3
3159466303,3,6,9
3159761884,3,0,3
3160011031,3,0,3
3160184318,3,1,4
3160555227,3,0,3
3161545970,3,0,3
3162005787,3,0,3
3164261341,3,0,3
3164454351,3,0,3
3164519996,3,0,3
3166217539,3,73,76
3169011325,3,0,3
3170592168,3,0,3
3171730780,3,1,4
3173007220,3,0,3
3176594760,3,0,3
3177932297,3,0,3
3178430306,3,0,3
3179786221,3,0,3
3180820929,3,1,4
3181929348,3,0,3
3183211578,3,0,3
3183796848,3,1,4
3184720783,3,0,3
3184728103,3,2,5
3187878394,3,0,3
3190817186,3,0,3
3191021203,3,0,3
3191215190,3,13,16
3192679915,3,1,4
3193772039,3,1,4
3195339001,3,0,3
3196060501,3,3,6
3196144884,3,0,3
3197017182,3,1,4
3197767281,3,0,3
3201785968,3,0,3
3203760303,3,0,3
3207977812,3,0,3
3212687369,3,1,4
3213448149,3,0,3
3214898523,3,1,4
3218807371,3,0,3
3219621795,3,0,3
3219986389,3,0,3
3223237176,3,0,3
3224722213,3,1,4
3225523751,3,0,3
3225772940,3,0,3
3227511195,3,0,3
3228419596,3,0,3
3228604774,3,0,3
3229322374,3,0,3
3230140652,3,3,6
3230856092,3,7,10
3231157885,3,5,8
3231539375,3,0,3
3232837242,3,2,5
3233655642,3,0,3
3233971746,3,0,3
3234708103,3,1,4
3235304479,3,0,3
3235540860,3,0,3
3237058188,3,11,14
3237587828,3,0,3
3237790491,3,7,10
3239087531,3,0,3
3239115734,3,1,4
3239776277,3,19,22
3240635093,3,0,3
3243502892,3,3,6
3244177144,3,0,3
3244429003,3,0,3
3244574838,3,1,4
3244690751,3,1,4
3246035703,3,0,3
3246162486,3,2,5
3246203084,3,0,3
3247844358,3,0,3
3248209489,3,0,3
3249581585,3,0,3
3249913970,3,0,3
3250778304,3,0,3
3252191410,3,1,4
3252428891,3,0,3
3252640724,3,0,3
3253228622,3,4,7
3253992476,3,0,3
3254149280,3,26,29
3254731427,3,1,4
3254866206,3,72,75
3254982230,3,9,12
3256157071,3,0,3
3256617340,3,7,10
3257876787,3,0,3
3258185532,3,0,3
3258364362,3,0,3
3259264195,3,0,3
3259630022,3,0,3
3260049157,3,0,3
3260080658,3,0,3
3260379132,3,1,4
3262839590,3,1,4
3263156573,3,0,3
3266309041,3,6,9
3267280788,3,0,3
3267459871,3,4,7
3267792446,3,22,25
3269415836,3,0,3
3269486839,3,0,3
3269489359,3,0,3
3270112831,3,9,12
3270387492,3,0,3
3273047593,3,0,3
3273492126,3,0,3
3278060623,3,0,3
3278955552,3,0,3
3282582979,3,0,3
3283355712,3,1,4
3286793808,3,0,3
3291004681,3,0,3
3291033552,3,0,3
3295310992,3,0,3
3295314610,3,90,93
3297358086,3,1,4
3297654184,3,0,3
3297661081,3,0,3
3298358950,3,0,3
3302758070,3,1,4
3302960163,3,1,4
3302993621,3,26,29
3303056465,3,0,3
3303688131,3,0,3
3303748735,3,29,32
3305506851,3,2,5
3307003498,3,0,3
3307010903,3,0,3
3307600571,3,0,3
3307776386,3,0,3
3308010627,3,0,3
3308035963,3,0,3
3308073866,3,0,3
3309359274,3,0,3
3309372104,3,2,5
3309835676,3,0,3
3309872016,3,1,4
3309931105,3,4,7
3310064471,3,1,4
3310728566,3,0,3
3310887992,3,0,3
3311324363,3,23,26
3311361372,3,1,4
3311964457,3,0,3
3311979578,3,0,3
3312708703,3,0,3
3312795938,3,3,6
3312838040,3,0,3
3314538298,3,0,3
3316389695,3,0,3
3316682103,3,0,3
3317211415,3,0,3
3318088673,3,4,7
3318167594,3,8,11
3318846772,3,0,3
3319538209,3,8,11
3320190671,3,0,3
3320845447,3,0,3
3321659496,3,0,3
3321816234,3,0,3
3322708765,3,0,3
3323031789,3,0,3
3323430757,3,2,5
3325921306,3,6,9
3327223304,3,1,4
3327804375,3,1,4
3328679779,3,0,3
3328802854,3,0,3
3329997245,3,0,3
3331018144,3,0,3
3333282858,3,2,5
3335709279,3,0,3
3336808354,3,0,3
3338521153,3,0,3
3342968561,3,1,4
3343177150,3,1,4
3343250399,3,0,3
3344921212,3,0,3
3346688685,3,0,3
3347199549,3,14,17
3350284959,3,0,3
3350600169,3,0,3
3351764445,3,0,3
3351883912,3,0,3
3354577588,3,0,3
3355147000,3,0,3
3355587790,3,0,3
3358285528,3,0,3
3360979813,3,1,4
3361715829,3,7,10
3364685232,3,0,3
3365430215,3,4,7
3369224537,3,0,3
3369561179,3,0,3
3370005485,3,4,7
3370497850,3,0,3
3372883007,3,0,3
3378177833,3,9,12
3378403407,3,0,3
3380638684,3,2,5
3381074297,3,0,3
3382469037,3,0,3
3382635544,3,0,3
3383175941,3,0,3
3383330512,3,0,3
3384837141,3,1,4
3386448874,3,0,3
3386624116,3,14,17
3388119892,3,2,5
3388272706,3,0,3
3388951791,3,12,15
3389078361,3,0,3
3393937697,3,0,3
3394183721,3,0,3
3396415473,3,1,4
3396947951,3,0,3
3397244179,3,0,3
3397629377,3,0,3
3397642733,3,0,3
3397952505,3,4,7
3399435373,3,0,3
3400801159,3,0,3
3400859474,3,0,3
3405951935,3,0,3
3406380028,3,2,5
3407250959,3,0,3
3407891255,3,0,3
3408098668,3,0,3
3408473925,3,3,6
3409518496,3,0,3
3410542934,3,0,3
3410672812,3,6,9
3417452884,3,0,3
3421233099,3,0,3
3422132463,3,0,3
3422162163,3,0,3
3423051449,3,0,3
3424257933,3,0,3
3427689455,3,0,3
3427715952,3,0,3
3428294764,3,26,29
3428634741,3,1,4
3429821031,3,0,3
3430496296,3,3,6
3430857935,3,0,3
3431562508,3,0,3
3432834941,3,0,3
3433208591,3,0,3
3433595985,3,1,4
3433749515,3,0,3
3434894673,3,0,3
3436121349,3,0,3
3436672067,3,0,3
3436747715,3,0,3
3437243817,3,0,3
3437652052,3,0,3
3438584962,3,0,3
3439125575,3,0,3
3439312371,3,0,3
3440937256,3,0,3
3442013356,3,1,4
3447337643,3,4,7
3451901441,3,0,3
3453232395,3,0,3
3453480975,3,0,3
3453546315,3,0,3
3463629801,3,3,6
3465791239,3,0,3
3475941738,3,0,3
3488982554,3,0,3
3490528816,3,0,3
3492524835,3,1,4
3496828344,3,0,3
3498146774,3,0,3
3503212455,3,0,3
3507621565,3,0,3
3508034232,3,0,3
3510070873,3,0,3
3514212673,3,0,3
3518144119,3,0,3
3519760219,3,1,4
3536962697,3,0,3
3538133541,3,0,3
3540120740,3,0,3
3547274296,3,0,3
3552238221,3,0,3
3554286020,3,0,3
3556770619,3,1,4
3569518996,3,0,3
3576266841,3,0,3
3595362676,3,0,3
3599385672,3,0,3
3600025339,3,12,15
3603900017,3,0,3
3606051617,3,1,4
3611268312,3,0,3
3619169173,3,0,3
3627037398,3,180,183
3627734055,3,0,3
3631528275,3,0,3
3631816876,3,0,3
3633375375,3,1,4
3635874448,3,0,3
3642129337,3,0,3
3643576575,3,0,3
3655232853,3,0,3
3656092409,3,0,3
3666870923,3,0,3
3670794142,3,0,3
3680456597,3,0,3
3689780535,3,0,3
3692170093,3,0,3
3696583229,3,0,3
3696759193,3,1,4
3697733235,3,0,3
3708327073,3,0,3
3716039712,3,0,3
3719283254,3,1,4
3721289594,3,2,5
3724044495,3,0,3
3727684152,3,7,10
3729906627,3,2,5
3730350381,3,1,4
3730374749,3,0,3
3731235867,3,0,3
3731237292,3,0,3
3737264713,3,1,4
3748955959,3,0,3
3750316402,3,0,3
3753684732,3,0,3
3759080235,3,0,3
3764848392,3,3,6
3766861213,3,0,3
3767955793,3,0,3
3770695108,3,8,11
3774187223,3,0,3
3779256082,3,0,3
3784758135,3,1,4
3786730282,3,0,3
3803379014,3,72,75
3806257699,3,0,3
3836052140,3,2,5
3843873438,3,3,6
3844271727,3,35,38
3844407497,3,0,3
3846353955,3,0,3
3855061223,3,0,3
3871876636,3,0,3
3875424194,3,0,3
3882469573,3,0,3
3889673836,3,104,107
3904687835,3,0,3
3905217626,3,0,3
3906513151,3,61,64
3916896192,3,0,3
3938817734,3,0,3
3940220193,3,0,3
3941808914,3,1,4
3948640959,3,13,16
3949435217,3,15,18
3950485757,3,0,3
3951071421,3,0,3
3955508782,3,0,3
3959699727,3,0,3
3977951957,3,1,4
3981708033,3,0,3
3983580196,3,0,3
3985607473,3,0,3
3992758900,3,6,9
3996249195,3,0,3
3999175995,3,0,3
4002701435,3,0,3
4002856786,3,1,4
4016101092,3,0,3
4018608772,3,0,3
4020881765,3,0,3
4031649200,3,0,3
4036200865,3,0,3
4052835374,3,0,3
4054528397,3,0,3
4055595382,3,0,3
4068984679,3,1,4
4069120133,3,0,3
4070779582,3,0,3
4070977715,3,0,3
4075945595,3,0,3
4084399906,3,1,4
4106993834,3,0,3
4107908716,3,1,4
4108517776,3,0,3
4109258847,3,0,3
4111612401,3,0,3
4114932599,3,1,4
4118568983,3,1,4
4128461968,3,0,3
4134198567,3,1,4
4143811816,3,1,4
4145023881,3,0,3
4145098165,3,6,9
4148671785,3,0,3
4149935652,3,1,4
4150125374,3,0,3
4159203832,3,18,21
4159434615,3,0,3
4161633555,3,7,10
4164429193,3,19,22
4164659413,3,0,3
4167642494,3,0,3
4173445573,3,1,4
4175352980,3,0,3
4175480805,3,0,3
4182138315,3,1,4
4182803914,3,0,3
4182936015,3,0,3
4183638076,3,0,3
4185113472,3,0,3
4187167649,3,1,4
4188258740,3,0,3
4190222577,3,10,13
4190712441,3,0,3
4191203308,3,0,3
4197440824,3,0,3
4203450312,3,0,3
4211421885,3,0,3
4224245248,3,0,3
4227136458,3,0,3
4227346179,3,8,11
4229524632,3,0,3
4230212969,3,0,3
4233481767,3,0,3
4235977772,3,0,3
4240234452,3,2,5
4240537100,3,0,3
4241485397,3,0,3
4254817521,3,0,3
4258680387,3,0,3
4277241133,3,180,183
4282160174,3,0,3
4286789915,3,0,3
4289431230,3,0,3
4302047181,3,0,3
4310452761,3,0,3
4313905469,3,0,3
4318300335,3,8,11
4334317338,3,0,3
4340173992,3,4,7
4340488512,3,0,3
4340848879,3,1,4
4341329537,3,0,3
4350012269,3,0,3
4366750395,3,0,3
4370107872,3,0,3
4371382523,3,0,3
4377689414,3,3,6
4382842754,3,0,3
4389042382,3,0,3
4415119574,3,0,3
4417150642,3,7,10
4429519401,3,0,3
4440108567,3,1,4
4440681915,3,1,4
4441277962,3,3,6
4445095942,3,0,3
4456088001,3,1,4
4458878892,3,0,3
4463229917,3,0,3
4464884354,3,8,11
4467286239,3,0,3
4467316701,3,0,3
4472016137,3,0,3
4474054521,3,0,3
4480342523,3,0,3
4481733373,3,0,3
4483921702,3,0,3
4483991439,3,33,36
4489199773,3,0,3
4496666235,3,0,3
4497647535,3,0,3
4498097607,3,0,3
4498390696,3,0,3
4499028562,3,0,3
4500288312,3,0,3
4504793133,3,0,3
4510642401,3,2,5
4511385628,3,0,3
4512080053,3,0,3
4513811854,3,0,3
4514862072,3,1,4
4527289419,3,0,3
4531270403,3,0,3
4548245068,3,0,3
4550840832,3,18,21
4551014172,3,0,3
4551378032,3,0,3
4552715117,3,0,3
4552891035,3,0,3
4557894142,3,1,4
4561389075,3,0,3
4561490384,3,0,3
4566798972,3,0,3
4568068334,3,0,3
4569619514,3,0,3
4573083928,3,0,3
4575610815,3,0,3
4578633133,3,8,11
4591210093,3,0,3
4592514447,3,0,3
4593076707,3,0,3
4593591616,3,0,3
4594897829,3,1,4
4595812942,3,0,3
4605701356,3,0,3
4608466335,3,1,4
4617950952,3,0,3
4618791919,3,0,3
4624361714,3,0,3
4626759912,3,0,3
4634942909,3,0,3
4635237495,3,0,3
4638234078,3,0,3
4642794339,3,0,3
4644514752,3,0,3
4658801302,3,0,3
4663649173,3,1,4
4672904635,3,0,3
4685029158,3,0,3
4691052144,3,0,3
4692485509,3,1,4
4692494000,3,0,3
4695025663,3,2,5
4697773308,3,0,3
4701999681,3,1,4
4706038287,3,0,3
4712895854,3,0,3
4717808113,3,0,3
4727891668,3,0,3
4729143948,3,0,3
4730446338,3,0,3
4731997796,3,0,3
4736329765,3,0,3
4749479482,3,1,4
4750662991,3,0,3
4755015875,3,0,3
4756356676,3,0,3
4756616213,3,0,3
4760930762,3,0,3
4763969955,3,0,3
4764317595,3,0,3
4764645193,3,0,3
4765350258,3,0,3
4765660235,3,0,3
4767259425,3,1,4
4769456352,3,0,3
4769457014,3,0,3
4776904267,3,0,3
4784631187,3,0,3
4786156003,3,11,14
4790148574,3,1,4
4790357779,3,2,5
4793260296,3,0,3
4795319357,3,17,20
4796427003,3,0,3
4800068294,3,1,4
4805474447,3,0,3
4806362878,3,0,3
4808866167,3,0,3
4812935532,3,0,3
4813243238,3,0,3
4813758247,3,0,3
4817028584,3,1,4
4821209480,3,1,4
4821536444,3,0,3
4822615079,3,0,3
4822956665,3,0,3
4824679354,3,2,5
4826623097,3,0,3
4827212462,3,0,3
4827659060,3,0,3
4830357892,3,0,3
4831172273,3,0,3
4831284690,3,0,3
4831352337,3,27,30
4832448179,3,0,3
4833664363,3,0,3
4834068593,3,0,3
4835333710,3,0,3
4835593824,3,4,7
4838355980,3,2,5
4838814747,3,2,5
4841380645,3,0,3
4842547951,3,9,12
4845448487,3,3,6
4845727212,3,1,4
4847552863,3,2,5
4848298269,3,0,3
4849573083,3,0,3
4849849007,3,0,3
4853725751,3,0,3
4855250943,3,0,3
4855811963,3,0,3
4860391512,3,0,3
4860935829,3,0,3
4861610124,3,0,3
4862307801,3,1,4
4862979013,3,277,280
4863374608,3,0,3
4864175127,3,34,37
4864344935,3,0,3
4864486017,3,0,3
4865498327,3,0,3
4866863015,3,0,3
4866886275,3,5,8
4867426151,3,0,3
4868964399,3,0,3
4870881870,3,0,3
4870917011,3,1,4
4871808644,3,0,3
4872079739,3,0,3
4872276351,3,0,3
4872957761,3,1,4
4873033553,3,0,3
4875584591,3,0,3
4876038867,3,0,3
4876464609,3,0,3
4879402359,3,0,3
4881175059,3,0,3
4881267029,3,0,3
4881410062,3,0,3
4882695431,3,0,3
4885148617,3,9,12
4887465857,3,1,4
4890462791,3,15,18
4891339134,3,53,56
4892665377,3,0,3
4893375620,3,0,3
4893793237,3,3,6
4894198319,3,0,3
4895009092,3,52,55
4896941973,3,0,3
4897260849,3,0,3
4898029007,3,1,4
4899679134,3,0,3
4903491112,3,0,3
4905351950,3,0,3
4907440601,3,0,3
4911012935,3,0,3
4916456451,3,3,6
695975876459102208,3,59,62
698697319575760896,3,3,6
699052203558854656,3,0,3
699227049932820480,3,0,3
700368699904098305,3,4,7
700474145537134592,3,0,3
700550706713853952,3,0,3
700633778880778240,3,1,4
701293616304562176,3,0,3
701308649495535617,3,0,3
701687883934081024,3,0,3
701815324488892420,3,0,3
701817828249378816,3,0,3
701966450068619267,3,0,3
702298410611662848,3,24,27
702633343188217858,3,0,3
702837686097289217,3,0,3
702960756405493760,3,0,3
702985864717008897,3,0,3
703036899007426560,3,11,14
703053228917846016,3,0,3
703139463602438144,3,1,4
703364450976399360,3,0,3
703379876745650177,3,0,3
703413002691698688,3,1,4
703598728414896128,3,0,3
703726712870178816,3,3,6
703934710045499392,3,0,3
704070342638071808,3,0,3
704297599768121344,3,0,3
704355941572022272,3,0,3
704387679073525760,3,0,3
704388410102947843,3,0,3
704417336300838913,3,0,3
704517600198307840,3,3,6
704532254714781696,3,0,3
704708336307064838,3,1,4
704751266807877632,3,0,3
704752686705438720,3,0,3
704802182227296256,3,0,3
704834815770529792,3,1,4
704845743664697344,3,2,5
704888184400838660,3,2,5
705117134054031360,3,0,3
705148246172278784,3,0,3
705175712337104896,3,1,4
705205328388952064,3,0,3
705245147726917633,3,0,3
705283251552649216,3,0,3
705563980882911232,3,0,3
705597623084822530,3,4,7
705765452950016000,3,0,3
705776956936052736,3,28,31
705778718707322880,3,0,3
705789143079518208,3,0,3
705938740372496384,3,54,57
705950196878934017,3,0,3
706133505135276032,3,1,4
706252701588324352,3,0,3
706474612255809536,3,0,3
706536702995779584,3,0,3
706886124615020544,3,0,3
707009427375652865,3,0,3
707009430727041024,3,0,3
707036814046056450,3,16,19
707037489517604864,3,29,32
707246777515245572,3,28,31
707292871225962496,3,1,4
707356655680262147,3,1,4
707369266601971712,3,0,3
707389950870822912,3,0,3
707547358553370624,3,0,3
707559252014047232,3,0,3
707600682493329408,3,0,3
707616616255721473,3,0,3
707625846845087744,3,1,4
707661179796262913,3,0,3
707741792435720193,3,0,3
707762062475141120,3,1,4
707822119044947968,3,1,4
707918351197048832,3,0,3
708145644238544896,3,11,14
708644222363041793,3,0,3
708645251674742789,3,28,31
708701244634718210,3,0,3
708771615966822401,3,2,5
708788278959448066,3,0,3
708960149348720642,3,0,3
709012438734114816,3,0,3
709087819306676224,3,0,3
709791286761545728,3,0,3
709837938788589569,3,0,3
709866436131471361,3,0,3
709897291021344769,3,6,9
709964254414290944,3,0,3
710094795905978370,3,0,3
710220995890704384,3,4,7
710485113163935745,3,0,3
710529200541671424,3,0,3
710556675418161153,3,51,54
710570010205237249,3,0,3
710610743247245313,3,0,3
710612252429135872,3,1,4
710645477671198720,3,6,9
710846422648807424,3,0,3
710983614524231680,3,0,3
711011168752545792,3,0,3
711031928963538945,3,0,3
711081859204124672,3,0,3
711205115709882368,3,0,3
711218267721965568,3,0,3
711220906987757568,3,0,3
711253377699549184,3,2,5
711379509073719297,3,0,3
711433898505412608,3,1,4
711598740457562112,3,18,21
711599596359839744,3,0,3
711661567364837376,3,0,3
711683486713843713,3,0,3
711690542715944960,3,0,3
711748541190950912,3,0,3
711882237558571008,3,0,3
711893771814735872,3,0,3
711985124221386752,3,1,4
712030677714259968,3,0,3
712054201124315141,3,1,4
712061740868116480,3,1,4
712122132784816129,3,92,95
712260904595824640,3,0,3
712308791526563843,3,0,3
712340069789650946,3,5,8
712354108292726784,3,0,3
713105281652244481,3,0,3
713235587797397505,3,0,3
713397229634117632,3,0,3
713475644890423296,3,0,3
713507854624428032,3,2,5
713550931972005888,3,0,3
713566453254000645,3,0,3
713687554692747264,3,0,3
713753385820930048,3,12,15
713833849705201664,3,27,30
713852703286378496,3,1,4
713852713671507968,3,0,3
713912415469985792,3,0,3
714010238018400257,3,2,5
714159932371767297,3,0,3
714168499145412609,3,0,3
714474665494913026,3,0,3
714499238403653632,3,1,4
714547220238848000,3,0,3
714573490381307904,3,0,3
714581158038806529,3,1,4
714669126040625155,3,0,3
715244092335136768,3,0,3
715270960576745472,3,0,3
715305121404424192,3,0,3
715374924588834816,3,0,3
715569766635671552,3,0,3
715604809374572545,3,0,3
715655866586951681,3,0,3
715947060105715712,3,1,4
715952391976148992,3,0,3
716007895108689920,3,7,10
716097195460730880,3,0,3
716264917523939328,3,0,3
716354315791835140,3,3,6
716715977241731072,3,0,3
716786943455993856,3,2,5
716844660119965696,3,0,3
717046737358159874,3,4,7
717166352935567360,3,1,4
717720266655285250,3,5,8
717806964445749248,3,0,3
718596096587538433,3,1,4
718685798770585601,3,0,3
718833597290057729,3,0,3
718894633124761605,3,1,4
718959404012273664,3,0,3
719191354509688832,3,4,7
719214065000824832,3,0,3
719486769218121728,3,0,3
719522778291052544,3,0,3
719604732478812161,3,0,3
719682498905710592,3,0,3
720182687772897281,3,0,3
720347915789692928,3,0,3
720604398771183616,3,0,3
721120856747962373,3,6,9
721125584349372416,3,1,4
721375713719382016,3,0,3
721481514228158464,3,0,3
721509611723993088,3,0,3
721572490690957312,3,0,3
721715690856550401,3,0,3
721732612918616065,3,0,3
721764641597210624,3,0,3
721791807538012161,3,0,3
722083483653443586,3,0,3
722092020651528192,3,4,7
722530894460813312,3,0,3
722556277461794817,3,0,3
722589129293242369,3,0,3
722779633763106817,3,0,3
722877644166008833,3,9,12
722973757539799040,3,1,4
722977019361783810,3,0,3
722995432989716480,3,1,4
723325522097410048,3,1,4
723494852726513664,3,0,3
723674922870931456,3,0,3
723855844388012032,3,0,3
724476282885406720,3,0,3
724630774914260992,3,0,3
724633727599562752,3,0,3
724634877958742016,3,0,3
724650422879817729,3,27,30
725023746067673089,3,0,3
725046211191918592,3,2,5
725080081429848064,3,4,7
725088912276905985,3,1,4
725161882504450049,3,0,3
725509684682211328,3,0,3
725753348440346625,3,0,3
725911349042139136,3,1,4
725999434983571456,3,0,3
726048318665674753,3,4,7
726578603786264576,3,0,3
726631102698295297,3,0,3
726759926320623616,3,2,5
726887262353379328,3,1,4
727125070527664128,3,0,3
727239379744333824,3,0,3
727539432086228994,3,0,3
727717899264249856,3,0,3
728294522589990912,3,0,3
728410652033830913,3,0,3
728439834457444353,3,2,5
728617330003992581,3,2,5
728946025608581121,3,1,4
729019882688393217,3,0,3
729126730301095936,3,0,3
729264281322172416,3,0,3
729451065620357124,3,0,3
730045020506624000,3,1,4
730098263760736256,3,0,3
730137155973025792,3,0,3
730158278399778817,3,0,3
730675520246009856,3,1,4
730835779786813440,3,98,101
730874537659793409,3,0,3
730998203177390080,3,7,10
731149612019519488,3,38,41
731175029170298881,3,0,3
731359353605787649,3,0,3
731369551036854272,3,0,3
731685563233767424,3,0,3
732009200973287424,3,0,3
732344638342877184,3,0,3
732719706524819456,3,1,4
732863432018497536,3,0,3
732931305025888258,3,0,3
733017033319849985,3,1,4
733348689356292097,3,0,3
733388252355297281,3,101,104
733716798491648000,3,0,3
733716871581696001,3,0,3
733732355819507712,3,0,3
734023650937065472,3,0,3
734054024165642241,3,5,8
734100677102821378,3,0,3
734118812681900034,3,0,3
734125502588297216,3,0,3
734130260627820545,3,1,4
734224155806040064,3,0,3
734493599941857280,3,0,3
734541397919989762,3,0,3
734904172567400449,3,0,3
734912345491832833,3,1,4
735094394194386944,3,0,3
735172210579628035,3,1,4
735222208243453952,3,0,3
735271875887136768,3,5,8
735542570378530816,3,2,5
735603944315985921,3,0,3
735604175766069248,3,113,116
735628540087918592,3,0,3
736231032899264513,3,0,3
736257481471447041,3,0,3
736385345353338882,3,0,3
736547133445136384,3,0,3
736559237216624640,3,12,15
736615251278475264,3,1,4
736708840465518592,3,0,3
736738415400652800,3,3,6
736936337782104065,3,1,4
736994463516614656,3,0,3
737083617076092928,3,0,3
737343224583495684,3,0,3
737412108447420416,3,2,5
737479944914272256,3,0,3
737493002524856321,3,0,3
737691676286816256,3,0,3
737783257568268289,3,1,4
737860490609709056,3,21,24
737868118693924865,3,0,3
737882865057312768,3,2,5
737925276278083584,3,0,3
737982748334268420,3,0,3
737984986620538880,3,0,3
737995751939313669,3,0,3
738121354000650241,3,0,3
738194528172003328,3,0,3
738406518652030976,3,0,3
738442325265780736,3,2,5
738467399670878209,3,0,3
738520383884664832,3,3,6
738535097704587264,3,19,22
738586335879954433,3,0,3
738792854261276672,3,0,3
738796599070085121,3,0,3
738818571636248577,3,7,10
738917522930425857,3,0,3
739250210510131200,3,43,46
739354691713241090,3,1,4
739525417544101888,3,0,3
739764079498235904,3,5,8
739804789651963904,3,0,3
740044536945233920,3,2,5
740137843071143937,3,0,3
740196730843607040,3,0,3
740278331539488768,3,0,3
740289632898797568,3,1,4
740660643846627328,3,0,3
740945275364114432,3,13,16
740962683982385152,3,0,3
741050776735227904,3,0,3
741280190819504129,3,3,6
741356324932358144,3,1,4
741402389220102144,3,1,4
741443016695644160,3,0,3
741490002136313856,3,0,3
741864891879817217,3,1,4
741906904784326656,3,0,3
742038999515037696,3,0,3
742127580665384960,3,0,3
742172961155620864,3,0,3
742325337346957312,3,0,3
742427350520860672,3,0,3
742501729845936129,3,16,19
742548165459513345,3,0,3
742661867336806401,3,0,3
742800528984412160,3,0,3
742801996231675904,3,0,3
742823052354945024,3,1,4
742977914866683904,3,14,17
743142788284317697,3,0,3
743194758101688322,3,42,45
743221434651119617,3,0,3
743298132025303041,3,0,3
743405733451030528,3,7,10
743498039713636352,3,0,3
743514594640027648,3,0,3
743544937145339907,3,1,4
743576503674372096,3,6,9
743601050821615616,3,33,36
743853218816495616,3,2,5
743923234676998144,3,1,4
743953883354046464,3,0,3
743978149831122944,3,0,3
743997747175424000,3,0,3
744128630532485120,3,0,3
744165379354791936,3,0,3
744207713350070272,3,0,3
744760974066876417,3,0,3
744869633912606720,3,0,3
744986072963129344,3,2,5
744991264496582656,3,0,3
745046407887740929,3,0,3
745130556568961025,3,0,3
745277724021841921,3,0,3
745303368541806592,3,23,26
745313136530513923,3,0,3
745832762049957889,3,0,3
745956465148628992,3,3,6
746005761927548929,3,0,3
746345670664151040,3,0,3
746401230826639360,3,0,3
746490021771907072,3,0,3
746516185634594816,3,49,52
746660908294778880,3,0,3
746676091100626944,3,0,3
746718400492277760,3,2,5
746723111354179584,3,0,3
746859168137502720,3,0,3
746894132526878720,3,0,3
746894357022662657,3,1,4
746899190836563968,3,0,3
747176044285747200,3,0,3
747299850916552705,3,0,3
747421727949365248,3,0,3
747428149483405312,3,1,4
747525087620907008,3,0,3
747571851690409987,3,0,3
748000389258149888,3,0,3
748024260317286400,3,0,3
748106510354382848,3,1,4
748229273161449472,3,0,3
748668424939659264,3,0,3
748788157471084549,3,1,4
748913205540302850,3,0,3
749065082382848000,3,0,3
749539262903746560,3,0,3
749643861509574656,3,1,4
749787476944883718,3,0,3
749983699408674816,3,1,4
750016394066923520,3,0,3
750101941007618048,3,0,3
750108722526056449,3,1,4
750153260560965632,3,1,4
750400807330250752,3,1,4
750407410045431808,3,0,3
750432532320096256,3,0,3
750723355075043328,3,0,3
750738264756137985,3,1,4
750928926214619136,3,0,3
751157468667883520,3,1,4
751267578715074561,3,0,3
751401081238794240,3,1,4
751443907372736512,3,2,5
751601264098619392,3,1,4
751612070953676800,3,0,3
751742652677103617,3,0,3
751945168975228932,3,0,3
751966340831965185,3,0,3
752075667483684865,3,0,3
752170662865858560,3,0,3
752178030634819584,3,0,3
752199235962036224,3,0,3
752591810598412288,3,0,3
752596291805409280,3,1,4
752662933264429056,3,0,3
752677597180375041,3,0,3
752702428433166336,3,3,6
752713870221930496,3,0,3
752746652671283200,3,3,6
753011048324689920,3,16,19
753044398267445248,3,0,3
753278926269526016,3,1,4
753322826678013953,3,7,10
753383970092425217,3,1,4
753499934578597888,3,2,5
753646602473107456,3,0,3
753933453427613696,3,3,6
754160309783277569,3,0,3
754160975255838720,3,0,3
754204810455363584,3,2,5
754238363138424832,3,0,3
754246244239863808,3,5,8
754312016639164416,3,0,3
754338675597594624,3,0,3
754342665324367876,3,0,3
754393866464296960,3,0,3
754428509213302784,3,2,5
754521150399586304,3,0,3
754563835093221376,3,0,3
754597015594553348,3,0,3
755077937733439492,3,0,3
755088389641297921,3,3,6
755143419010351105,3,1,4
755168734466215936,3,6,9
755203640764301312,3,0,3
755308239407943680,3,0,3
755370798219689984,3,1,4
755385559409909760,3,0,3
755461613516226560,3,0,3
755571469879476225,3,0,3
755701176851632128,3,0,3
755888297352790016,3,0,3
755915774498177024,3,1,4
756154110391545856,3,0,3
756193181180366849,3,0,3
756232092430794752,3,0,3
756257202831233024,3,0,3
756275639141924864,3,1,4
756347715299209216,3,0,3
756351406681034752,3,0,3
756380983398662144,3,0,3
756381165053943808,3,0,3
756385161193918464,3,0,3
756389570137165824,3,1,4
756392439552901120,3,0,3
756396971980644352,3,0,3
756397464421339136,3,0,3
756399596511891456,3,0,3
756405668467372032,3,0,3
756538911640264705,3,0,3
756631433016438790,3,0,3
756684144453701632,3,0,3
756690171412766720,3,0,3
756710378801885185,3,0,3
756856854156836865,3,0,3
756939390404874241,3,0,3
756966268616347648,3,0,3
757023279383138304,3,0,3
757247118700609536,3,2,5
757305136708481024,3,2,5
757355300571717633,3,0,3
757630455025954816,3,0,3
757661521266835457,3,3,6
757673493915922433,3,1,4
757733801879535616,3,0,3
757797862516203521,3,17,20
757935625114783746,3,0,3
757967650689540096,3,2,5
758012614685429760,3,0,3
758061680832180225,3,0,3
758064872537985024,3,1,4
758101404363862016,3,0,3
758223532648239104,3,0,3
758246909513433092,3,1,4
758254678882803712,3,0,3
758360548522143744,3,0,3
758406682707886081,3,0,3
758435843887554561,3,0,3
758679087900614657,3,0,3
758856499456200705,3,7,10
758861872581926912,3,28,31
758865375953956864,3,2,5
758867084772114433,3,0,3
758884277111037952,3,4,7
759003865589002240,3,1,4
759037137312374785,3,24,27
759149573692596224,3,0,3
759178786424225792,3,0,3
759394105369722880,3,0,3
759433750904266752,3,1,4
759497026270736384,3,0,3
759589670195957760,3,0,3
759716837701464068,3,0,3
759779884923322368,3,0,3
759784753616805888,3,0,3
759847041396645888,3,0,3
759853918549446656,3,1,4
759872687867060224,3,0,3
759896731320541184,3,3,6
759932398595284993,3,3,6
760047169009254400,3,44,47
760135575202590720,3,0,3
760137451964919808,3,1,4
760221296810569728,3,3,6
760594313868742656,3,0,3
760613611576451072,3,1,4
760788446529085440,3,0,3
760848048520060928,3,0,3
760920104976736258,3,4,7
761287190563266560,3,0,3
761348111038046208,3,0,3
761603321232633856,3,0,3
761619242521243648,3,0,3
761667444519931906,3,3,6
761960494806634496,3,0,3
761965734167588864,3,0,3
762024240384208896,3,0,3
762039856830689280,3,0,3
762084834864877568,3,0,3
762241888300695552,3,0,3
762367531231227904,3,0,3
762428643494629376,3,0,3
762471271502192640,3,0,3
762496792139227138,3,0,3
762617061012975616,3,6,9
762635870855757824,3,1,4
762764947113771008,3,4,7
762827563395784704,3,0,3
763053819580321792,3,0,3
763097279364497409,3,0,3
763166999518130176,3,0,3
763380447409741828,3,0,3
763461345148895232,3,0,3
763505467159183360,3,0,3
763530940228435969,3,1,4
763760957671759872,3,0,3
763873055877857280,3,0,3
763886973316501507,3,0,3
763892595600654336,3,0,3
763953918808162306,3,0,3
763963404369350656,3,0,3
764082220848013312,3,0,3
764142620503179264,3,0,3
764180531563028480,3,2,5
764194873662550016,3,1,4
764200486048305153,3,1,4
764240340505079808,3,0,3
764308495529226240,3,0,3
764468968497225728,3,0,3
764575787412402176,3,0,3
764583288405012480,3,0,3
764676466101682176,3,0,3
764714474741858304,3,0,3
764792306104954880,3,0,3
764950242244648960,3,13,16
764969396141948928,3,0,3
765228907394060288,3,0,3
765353567477702657,3,8,11
765643006988853249,3,0,3
766080357124939777,3,0,3
766283464903626752,3,0,3
766467948294922241,3,0,3
766760916083933184,3,2,5
766780675630436353,3,0,3
766800621466902529,3,0,3
766836784038752258,3,1,4
766964968457576448,3,0,3
767050509203169280,3,0,3
767498564444585984,3,0,3
767550350479855617,3,0,3
767577144167890944,3,1,4
767580303892230144,3,0,3
767582797162745856,3,0,3
767614490389065728,3,0,3
767773915493957632,3,0,3
767817087536406528,3,1,4
767898759594438657,3,0,3
767943502500167681,3,0,3
768075792173588485,3,0,3
768106438979911680,3,0,3
768500251632078848,3,0,3
768516522818015232,3,0,3
768658696838668288,3,0,3
768905166980603904,3,1,4
768913656578912256,3,0,3
768964625685737472,3,0,3
769127718428504064,3,0,3
769296387561299969,3,0,3
769383036186165248,3,0,3
769618891362406402,3,0,3
769692950947332096,3,0,3
769927669634990081,3,0,3
770200467615789056,3,0,3
770310993184493568,3,1,4
770345115785232384,3,0,3
770375237657505792,3,0,3
770691553211850752,3,0,3
771012092858105857,3,0,3
771054545468321793,3,0,3
771233880128880640,3,0,3
771396389083287554,3,0,3
771760514909241345,3,0,3
771777988014866432,3,1,4
771902614694928384,3,0,3
772067238211907584,3,0,3
772179136618045446,3,0,3
772359604516728832,3,0,3
772433064802877440,3,0,3
772772859580026882,3,0,3
773432508260179968,3,0,3
773520163396325377,3,0,3
773565064393744384,3,0,3
773592788097196032,3,0,3
773656709067923456,3,0,3
773679115618615297,3,1,4
773681774199275520,3,0,3
773732355110567937,3,0,3
773969607849902080,3,0,3
774270415363514368,3,0,3
774907030742130688,3,0,3
774962934497718273,3,0,3
775224322038329344,3,0,3
775307910813323267,3,1,4
775349464160698368,3,0,3
775538698540548096,3,0,3
775684735825829888,3,0,3
775784434553413632,3,0,3
776268522225741824,3,39,42
776379328439394304,3,0,3
776470621261737984,3,4,7
776573144278728704,3,0,3
776605869987409921,3,0,3
776798553784156160,3,1,4
776802395128987648,3,0,3
776917379414683649,3,1,4
777129077916463104,3,0,3
777154457603829760,3,7,10
777216500906201089,3,0,3
777332587131961344,3,1,4
777549182001418240,3,0,3
777664836117291010,3,0,3
777703938019569668,3,0,3
777908777584562176,3,0,3
777985007143051264,3,0,3
778075346834817024,3,0,3
778269416240930825,3,0,3
778295809221627904,3,0,3
778408440397959172,3,0,3
778446542357172224,3,3,6
778556503057797120,3,0,3
778624064101421056,3,0,3
778732570225709056,3,0,3
778958381230936064,3,0,3
778997275045625856,3,0,3
779071968763011072,3,1,4
779239946376708096,3,0,3
779665373494771713,3,0,3
779691335125045248,3,0,3
779944411706732544,3,0,3
780215621367767040,3,12,15
780537271350984704,3,0,3
780541841980530688,3,0,3
780549574070898689,3,8,11
780570101200277504,3,0,3
780582083257180160,3,2,5
780599276426498048,3,0,3
780602350352293888,3,0,3
780605917335134209,3,1,4
780649087846658048,3,0,3
780864112502771712,3,0,3
780882110730993664,3,0,3
780886453295407104,3,0,3
780917423390228480,3,0,3
781250109556289536,3,0,3
781351388156686336,3,0,3
781414038316154880,3,0,3
781536160451624960,3,2,5
781561925469626369,3,0,3
781613701434597376,3,0,3
781696733990555648,3,1,4
781838167397642240,3,2,5
781911014690451456,3,1,4
782035872812261376,3,1,4
782056326872522756,3,0,3
782085691408805888,3,0,3
782241079550541824,3,0,3
782265822077153280,3,0,3
782331319313240064,3,0,3
782595938208608257,3,0,3
782696393005682688,3,3,6
783087067270041600,3,1,4
783114940164870144,3,0,3
783369392688168960,3,2,5
783405359654469632,3,0,3
783467904503255040,3,0,3
783497532672466944,3,1,4
783645736818839556,3,0,3
783673225792192512,3,0,3
783786208052805634,3,0,3
784113893329162240,3,0,3
784132281581572096,3,0,3
784197763340890112,3,0,3
784231627165753344,3,1,4
784428232703606786,3,0,3
784449123282018304,3,0,3
784467315039481857,3,0,3
784570388705583104,3,1,4
784574136781766656,3,0,3
784632679027372036,3,0,3
784748490773569536,3,0,3
784859078400937984,3,0,3
784870887505989632,3,0,3
784888965442654209,3,0,3
784899737765896192,3,1,4
784907818713350144,3,1,4
784934429592399873,3,2,5
784947431729405952,3,0,3
784970420260700167,3,0,3
785082142636191744,3,0,3
785184167680176128,3,0,3
785216058483408896,3,0,3
785232405212692480,3,0,3
785313443847008256,3,4,7
785318550466539521,3,1,4
785440303423582208,3,0,3
785487360075128832,3,0,3
785508927224025092,3,0,3
785581842845999104,3,0,3
785626002474930176,3,0,3
785644955779862528,3,0,3
785664394239684608,3,0,3
785667636474576896,3,0,3
785699553005547521,3,0,3
785700289055690752,3,0,3
785715705375133696,3,0,3
785755584385515520,3,0,3
785819314628599808,3,0,3
785880302254116865,3,0,3
785891472604135424,3,0,3
785913713349885952,3,0,3
786042268700606464,3,0,3
786054880142262272,3,0,3
786161261297926144,3,2,5
786483155012386816,3,2,5
786512715791478784,3,0,3
786562414154174464,3,0,3
786607708514488320,3,0,3
786909353223659520,3,0,3
786980321455706116,3,0,3
786987056874479617,3,0,3
787038984627073024,3,0,3
787044949225111552,3,0,3
787062962234077184,3,0,3
787113250341158912,3,0,3
787123233506025472,3,1,4
787184238231625729,3,0,3
787240838250262528,3,0,3
787309085360132097,3,0,3
787347488797777921,3,0,3
787366711997698048,3,0,3
787458864849584128,3,0,3
787551653222318114,3,0,3
787571104546189312,3,0,3
787734022201888768,3,0,3
787788300241076224,3,0,3
787814782665711620,3,0,3
787826803041771520,3,0,3
787827420355330048,3,0,3
787833984977932288,3,2,5
787891269599105024,3,0,3
787991535585521665,3,0,3
788038840237686785,3,0,3
788117956077182976,3,0,3
788160526706700289,3,0,3
788212417994059776,3,0,3
788309994181500928,3,0,3
788351726860529665,3,0,3
788352614656344064,3,0,3
788358746783281152,3,0,3
788457474504335361,3,0,3
788515207064715264,3,0,3
788751572410900481,3,0,3
788799770252996610,3,0,3
788834594292281344,3,0,3
788839530501505025,3,0,3
788855958541860864,3,1,4
789014232885059584,3,0,3
789117696319238144,3,1,4
789237706735824898,3,0,3
789288619148058624,3,2,5
789397500125782016,3,0,3
789479766780809216,3,0,3
789545263249620992,3,2,5
789562815983919104,3,0,3
789589927277105152,3,0,3
789590358086778880,3,0,3
789660848881012736,3,0,3
789694219338194944,3,0,3
789786183945555968,3,0,3
789808347616649216,3,0,3
789825792414879744,3,0,3
789860030875045888,3,0,3
789862076411842560,3,0,3
789949481865338880,3,0,3
790125435988369408,3,0,3
790208018252169216,3,0,3
790212813700657152,3,0,3
790219722310639616,3,0,3
790241949974278144,3,0,3
790503431597334529,3,3,6
790718159783354368,3,0,3
790955246126104576,3,0,3
791297364875108353,3,0,3
791326353954004992,3,0,3
791346231192739844,3,0,3
791397434500931584,3,0,3
791453202227073024,3,0,3
791668686084050946,3,0,3
791755727467601920,3,6,9
791805032370991104,3,1,4
791814139240812544,3,0,3
792007820782673921,3,0,3
792142625247748096,3,0,3
792143893001302016,3,0,3
792147334897348608,3,1,4
792156552090255360,3,0,3
792208136178249728,3,0,3
792212734792261632,3,0,3
792221883143970816,3,0,3
792493553209450497,3,0,3
792618388136796160,3,0,3
792796887204192256,3,0,3
792861470828613632,3,0,3
792949378218459136,3,0,3
793192935588257792,3,0,3
793233817968476161,3,2,5
793856464007888896,3,0,3
793983428110610432,3,0,3
793998321283190784,3,0,3
794010075824148482,3,0,3
794229472224387072,3,0,3
794250065971920896,3,0,3
794251425933099015,3,0,3
794262386547032072,3,0,3
794519048109191170,3,0,3
794584127399981057,3,0,3
794629155069579268,3,2,5
794644949568344064,3,0,3
794770372465926144,3,0,3
795112950990180352,3,0,3
795121474017382400,3,0,3
795319692709793792,3,0,3
795381069709266945,3,0,3
795634687775379456,3,0,3
795764748176474113,3,0,3
795788956176617472,3,0,3
796033019723268096,3,0,3
796109949764042752,3,2,5
796221396041007105,3,0,3
796335679269642241,3,0,3
796353452976680960,3,3,6
796373539297165313,3,0,3
796389416600211457,3,0,3
796487091584569344,3,0,3
796510482509209600,3,1,4
796563942063669248,3,1,4
796597837878398976,3,1,4
796728935815979009,3,0,3
796765973994938368,3,4,7
796821918296870912,3,3,6
796825952508473344,3,0,3
796884238398320640,3,0,3
796907827063386112,3,0,3
796922303296794624,3,0,3
796943978184654848,3,0,3
797101701304123392,3,0,3
797154135934124032,3,0,3
797177575940517888,3,0,3
797452445253300224,3,1,4
797716556981665792,3,0,3
797722242390097920,3,0,3
797889239627268096,3,0,3
797942482076135425,3,0,3
797982486294827009,3,0,3
798186732575334400,3,0,3
798192343115403264,3,0,3
798227198729654272,3,1,4
798274320241922048,3,0,3
798354569419886592,3,0,3
798368054698643457,3,3,6
798655662259634176,3,0,3
798863200070549505,3,0,3
799015416760860672,3,0,3
799028641086615552,3,12,15
799593325040955393,3,0,3
801112734364532740,3,16,19
801402538150993920,3,2,5
802347323200126976,3,0,3
804120520098725890,3,1,4
804945230323740672,3,13,16
805929257486712833,3,0,3
808627157513617409,3,0,3
811337232606892032,3,0,3
767,2,5,7
10980,2,1,3
45993,2,2,4
78213,2,8,10
246103,2,22,24
607093,2,10,12
666913,2,5,7
766658,2,2,4
799297,2,0,2
912311,2,2,4
957911,2,1,3
1010181,2,5,7
1337271,2,6,8
1506301,2,7,9
1520501,2,18,20
1709701,2,2,4
2038811,2,6,8
2274601,2,1,3
2392291,2,53,55
2725351,2,0,2
3015371,2,4,6
3172611,2,1,3
3662331,2,3,5
3850651,2,4,6
4529151,2,19,21
5424492,2,10,12
5433512,2,2,4
5513002,2,11,13
5799722,2,7,9
5998782,2,1,3
6370012,2,0,2
6460122,2,5,7
6547392,2,2,4
6634632,2,3,5
6792482,2,1,3
6799592,2,0,2
6836432,2,1,3
7132602,2,3,5
7232262,2,1,3
7301112,2,1,3
7352532,2,1,3
7358142,2,0,2
7380362,2,3,5
7509582,2,2,4
7621902,2,5,7
7729582,2,5,7
8011072,2,5,7
8024802,2,1,3
8044752,2,0,2
8145252,2,120,122
8220582,2,8,10
8417312,2,3,5
8440522,2,0,2
8474032,2,5,7
8835722,2,5,7
8941562,2,14,16
9045822,2,2,4
9116332,2,9,11
9614422,2,6,8
9620742,2,0,2
9700022,2,5,7
10118982,2,5,7
10296692,2,8,10
10306252,2,1,3
10909702,2,0,2
11314672,2,0,2
11329892,2,0,2
11392232,2,0,2
11586452,2,1,3
11839212,2,0,2
11922782,2,0,2
11972192,2,0,2
11994002,2,9,11
11999982,2,6,8
12072102,2,6,8
12073782,2,4,6
12096202,2,7,9
12233212,2,7,9
12253342,2,0,2
12434632,2,5,7
12470902,2,8,10
12498702,2,14,16
12621492,2,0,2
12681982,2,0,2
13028772,2,4,6
13431442,2,0,2
13450262,2,7,9
13493302,2,8,10
13693282,2,0,2
13821862,2,1,3
13932122,2,1,3
14051384,2,1,3
14053627,2,0,2
14065803,2,8,10
14066139,2,6,8
14090873,2,7,9
14098909,2,7,9
14103828,2,1,3
14107163,2,0,2
14118094,2,6,8
14130640,2,3,5
14146270,2,0,2
14149882,2,0,2
14174933,2,2,4
14178288,2,1,3
14184603,2,3,5
14190796,2,0,2
14190948,2,3,5
14192329,2,10,12
14230012,2,7,9
14259855,2,0,2
14276654,2,6,8
14285065,2,7,9
14286155,2,2,4
14288037,2,0,2
14297041,2,6,8
14313898,2,0,2
14314815,2,5,7
14346260,2,0,2
14358152,2,9,11
14397496,2,4,6
14445681,2,0,2
14453704,2,28,30
14457021,2,124,126
14472216,2,14,16
14491975,2,33,35
14503587,2,0,2
14535211,2,2,4
14577594,2,5,7
14589340,2,1,3
14610604,2,3,5
14616610,2,11,13
14617758,2,7,9
14622340,2,0,2
14633875,2,2,4
14638113,2,11,13
14700902,2,17,19
14727120,2,2,4
14736868,2,7,9
14764691,2,1,3
14780417,2,0,2
14793505,2,4,6
14805088,2,0,2
14813141,2,138,140
14838041,2,2,4
14860855,2,2,4
14869615,2,1,3
14886787,2,6,8
14904769,2,1,3
14921341,2,2,4
14944622,2,0,2
14973204,2,13,15
14974901,2,1,3
14975793,2,3,5
14987880,2,36,38
15051600,2,5,7
15064082,2,2,4
15069354,2,0,2
15069435,2,1,3
15075933,2,3,5
15103682,2,1,3
15150378,2,4,6
15150453,2,6,8
15179510,2,3,5
15181137,2,0,2
15219299,2,0,2
15232432,2,1,3
15232506,2,8,10
15235784,2,1,3
15240735,2,124,126
15255734,2,0,2
15264675,2,16,18
15275791,2,0,2
15276984,2,14,16
15281410,2,7,9
15314194,2,1,3
15328052,2,9,11
15330934,2,0,2
15339275,2,0,2
15343309,2,33,35
15344620,2,0,2
15374394,2,3,5
15383021,2,17,19
15407637,2,2,4
15432028,2,1,3
15436436,2,2,4
15454957,2,3,5
15455314,2,0,2
15456464,2,0,2
15463671,2,4,6
15485272,2,6,8
15502401,2,5,7
15505525,2,0,2
15521063,2,2,4
15522566,2,12,14
15523531,2,1,3
15524636,2,0,2
15538558,2,0,2
15567945,2,12,14
15581211,2,3,5
15590010,2,4,6
15594535,2,0,2
15628702,2,0,2
15642820,2,0,2
15665517,2,2,4
15680413,2,0,2
15694816,2,1,3
15699770,2,0,2
15710668,2,0,2
15728100,2,0,2
15728396,2,0,2
15739391,2,5,7
15763704,2,5,7
15770843,2,46,48
15778433,2,0,2
15781594,2,9,11
15788621,2,1,3
15792110,2,0,2
15801584,2,3,5
15823471,2,1,3
15842984,2,16,18
15845192,2,14,16
15878034,2,18,20
15891234,2,0,2
15901107,2,33,35
15906188,2,11,13
15913402,2,0,2
15920162,2,0,2
15928958,2,0,2
15930465,2,0,2
15974151,2,0,2
15974675,2,2,4
15975240,2,15,17
15982476,2,1,3
15988753,2,0,2
15993471,2,11,13
15999260,2,11,13
16019408,2,1,3
16022366,2,1,3
16025527,2,7,9
16033426,2,0,2
16036710,2,0,2
16037293,2,0,2
16049979,2,23,25
16074341,2,4,6
16074587,2,11,13
16080737,2,0,2
16083327,2,2,4
16084306,2,0,2
16106306,2,16,18
16160950,2,24,26
16162149,2,7,9
16163716,2,17,19
16193222,2,11,13
16235283,2,65,67
16266914,2,11,13
16267432,2,1,3
16300083,2,3,5
16300297,2,56,58
16308424,2,2,4
16341827,2,0,2
16345752,2,4,6
16359303,2,6,8
16377959,2,4,6
16384628,2,39,41
16411908,2,27,29
16419807,2,1,3
16438548,2,2,4
16439494,2,8,10
16440115,2,3,5
16454753,2,3,5
16470445,2,1,3
16475634,2,0,2
16480645,2,5,7
16480825,2,0,2
16483007,2,0,2
16492548,2,0,2
16495147,2,7,9
16496667,2,0,2
16498728,2,0,2
16501803,2,0,2
16501857,2,4,6
16503216,2,0,2
16504074,2,7,9
16505174,2,5,7
16505927,2,0,2
16508954,2,2,4
16513819,2,0,2
16522120,2,5,7
16540192,2,5,7
16541214,2,10,12
16549571,2,0,2
16554283,2,0,2
16561294,2,0,2
16563141,2,54,56
16565035,2,9,11
16570399,2,15,17
16575660,2,0,2
16613236,2,1,3
16634962,2,2,4
16640481,2,0,2
16640857,2,0,2
16645452,2,4,6
16646176,2,2,4
16661097,2,29,31
16661756,2,6,8
16676983,2,2,4
16684261,2,0,2
16689838,2,0,2
16712999,2,3,5
16719912,2,0,2
16729308,2,1,3
16750845,2,2,4
16755215,2,4,6
16790377,2,2,4
16810118,2,3,5
16860135,2,3,5
16872481,2,2,4
16873057,2,0,2
16940246,2,5,7
16943465,2,11,13
16948493,2,3,5
16953893,2,1,3
16960221,2,0,2
16975896,2,5,7
16986424,2,4,6
17008495,2,1,3
17011811,2,0,2
17023049,2,11,13
17060185,2,0,2
17079682,2,3,5
17121424,2,0,2
17135953,2,17,19
17137640,2,0,2
17142238,2,0,2
17147132,2,12,14
17147223,2,4,6
17164664,2,14,16
17170855,2,0,2
17172818,2,2,4
17208347,2,0,2
17209415,2,4,6
17220122,2,1,3
17223314,2,0,2
17237253,2,16,18
17243703,2,9,11
17265123,2,1,3
17285969,2,7,9
17296185,2,1,3
17296372,2,0,2
17313731,2,2,4
17316061,2,5,7
17327796,2,13,15
17333216,2,3,5
17352229,2,0,2
17355357,2,4,6
17372211,2,0,2
17393532,2,8,10
17419311,2,0,2
17425088,2,1,3
17428815,2,0,2
17447560,2,0,2
17449988,2,6,8
17452271,2,6,8
17452552,2,4,6
17465253,2,1,3
17486195,2,0,2
17489079,2,3,5
17495574,2,18,20
17514357,2,0,2
17523962,2,2,4
17539069,2,0,2
17544926,2,0,2
17567828,2,15,17
17593911,2,0,2
17594634,2,7,9
17597908,2,0,2
17606369,2,0,2
17626144,2,14,16
17626959,2,9,11
17627395,2,4,6
17631056,2,16,18
17669628,2,7,9
17675379,2,0,2
17685757,2,3,5
17695578,2,0,2
17696994,2,3,5
17727352,2,5,7
17730875,2,3,5
17737614,2,6,8
17757577,2,0,2
17757689,2,0,2
17763481,2,0,2
17769174,2,3,5
17776804,2,0,2
17794636,2,3,5
17816173,2,1,3
17840038,2,0,2
17844694,2,0,2
17859339,2,5,7
17873593,2,0,2
17882594,2,5,7
17889192,2,1,3
17889609,2,0,2
17890360,2,2,4
17920623,2,0,2
17920804,2,1,3
17923392,2,3,5
17961176,2,0,2
17977065,2,0,2
18006911,2,0,2
18023470,2,0,2
18027198,2,0,2
18057736,2,0,2
18067886,2,4,6
18082273,2,0,2
18083420,2,14,16
18087548,2,0,2
18100552,2,59,61
18124790,2,4,6
18129633,2,7,9
18141243,2,0,2
18149302,2,0,2
18174404,2,0,2
18197729,2,0,2
18201787,2,21,23
18237772,2,8,10
18239308,2,2,4
18253601,2,21,23
18256552,2,7,9
18259055,2,0,2
18260331,2,1,3
18301810,2,11,13
18309489,2,1,3
18320938,2,15,17
18363234,2,0,2
18404425,2,0,2
18409540,2,2,4
18429249,2,0,2
18437529,2,0,2
18442567,2,0,2
18443986,2,2,4
18444831,2,0,2
18450286,2,1,3
18452147,2,4,6
18464705,2,0,2
18469492,2,0,2
18469780,2,0,2
18495745,2,11,13
18527116,2,0,2
18534622,2,44,46
18608764,2,1,3
18609824,2,0,2
18611469,2,4,6
18648299,2,1,3
18684946,2,8,10
18697843,2,1,3
18731863,2,0,2
18749172,2,52,54
18757892,2,8,10
18783373,2,15,17
18793241,2,2,4
18825339,2,9,11
18853059,2,0,2
18860792,2,0,2
18870596,2,21,23
18871731,2,1,3
18882655,2,0,2
18882704,2,1,3
18930386,2,1,3
18932608,2,0,2
18969508,2,1,3
18972560,2,0,2
18983988,2,5,7
19004939,2,9,11
19016767,2,2,4
19066258,2,0,2
19066975,2,0,2
19098412,2,2,4
19118291,2,1,3
19132700,2,9,11
19143585,2,24,26
19148503,2,11,13
19175078,2,0,2
19210688,2,0,2
19213966,2,0,2
19220761,2,0,2
19235847,2,0,2
19261442,2,2,4
19270274,2,13,15
19277206,2,0,2
19304713,2,8,10
19328311,2,2,4
19350366,2,0,2
19359332,2,0,2
19381085,2,3,5
19414396,2,0,2
19434568,2,6,8
19447498,2,29,31
19450163,2,4,6
19476379,2,0,2
19480787,2,1,3
19490385,2,0,2
19502521,2,0,2
19531282,2,0,2
19542622,2,1,3
19555923,2,0,2
19556943,2,34,36
19560291,2,3,5
19570075,2,0,2
19591755,2,2,4
19616818,2,3,5
19648893,2,5,7
19653756,2,5,7
19655223,2,2,4
19665701,2,5,7
19670199,2,0,2
19683903,2,2,4
19687335,2,8,10
19708258,2,3,5
19709405,2,0,2
19719897,2,0,2
19792329,2,12,14
19793718,2,9,11
19796634,2,1,3
19805053,2,0,2
19815513,2,0,2
19829556,2,0,2
19829868,2,8,10
19915883,2,28,30
19937350,2,11,13
19943471,2,5,7
19968779,2,0,2
19997235,2,0,2
20013536,2,16,18
20015012,2,7,9
20017902,2,2,4
20025680,2,2,4
20040915,2,1,3
20068341,2,0,2
20083388,2,2,4
20105334,2,0,2
20114089,2,5,7
20118327,2,0,2
20125105,2,1,3
20159240,2,0,2
20211023,2,16,18
20220628,2,0,2
20250840,2,0,2
20325951,2,4,6
20334113,2,2,4
20337612,2,1,3
20382472,2,2,4
20400847,2,0,2
20407560,2,6,8
20416371,2,0,2
20425092,2,13,15
20446073,2,1,3
20466483,2,2,4
20484064,2,3,5
20514687,2,1,3
20523223,2,0,2
20533352,2,37,39
20552958,2,0,2
20557204,2,2,4
20630125,2,0,2
20641983,2,12,14
20654315,2,0,2
20657733,2,0,2
20678488,2,0,2
20698136,2,5,7
20750084,2,0,2
20757672,2,0,2
20770921,2,11,13
20779973,2,0,2
20825532,2,3,5
20873152,2,0,2
20874924,2,1,3
20880227,2,0,2
20926610,2,0,2
20927246,2,0,2
20954907,2,6,8
20961162,2,5,7
20965070,2,0,2
20967126,2,11,13
21021175,2,0,2
21030701,2,1,3
21043872,2,6,8
21057665,2,1,3
21066156,2,2,4
21094901,2,6,8
21114843,2,1,3
21126461,2,2,4
21156319,2,1,3
21157496,2,0,2
21166646,2,1,3
21168184,2,5,7
21185672,2,0,2
21252062,2,0,2
21341136,2,1,3
21352349,2,23,25
21355917,2,0,2
21380185,2,6,8
21420388,2,0,2
21436718,2,0,2
21437892,2,12,14
21449520,2,0,2
21482462,2,7,9
21502998,2,0,2
21510246,2,0,2
21523154,2,1,3
21527720,2,13,15
21567842,2,16,18
21632362,2,1,3
21670225,2,5,7
21701510,2,1,3
21701893,2,0,2
21702005,2,1,3
21715369,2,20,22
21762025,2,64,66
21762765,2,2,4
21776462,2,2,4
21791254,2,1,3
21811025,2,71,73
21836683,2,3,5
21859823,2,17,19
21878016,2,0,2
21889372,2,0,2
21891644,2,0,2
21918526,2,1,3
21936124,2,0,2
21939876,2,0,2
21974005,2,1,3
22007227,2,0,2
22015760,2,1,3
22021233,2,0,2
22037626,2,1,3
22052271,2,1,3
22069437,2,0,2
22082801,2,3,5
22084427,2,2,4
22095997,2,8,10
22100294,2,2,4
22102626,2,0,2
22112812,2,29,31
22132563,2,0,2
22135526,2,0,2
22191892,2,0,2
22193407,2,0,2
22208079,2,1,3
22217391,2,0,2
22219736,2,0,2
22225649,2,6,8
22241659,2,0,2
22264896,2,1,3
22266756,2,84,86
22272027,2,0,2
22272119,2,0,2
22298974,2,0,2
22359597,2,1,3
22361385,2,2,4
22373938,2,0,2
22391697,2,6,8
22411682,2,7,9
22427133,2,5,7
22438370,2,0,2
22441888,2,0,2
22449800,2,1,3
22491678,2,1,3
22510084,2,0,2
22519674,2,0,2
22524932,2,1,3
22531740,2,0,2
22531743,2,0,2
22550730,2,0,2
22554389,2,9,11
22582096,2,7,9
22636966,2,0,2
22658326,2,20,22
22659659,2,0,2
22689076,2,0,2
22694791,2,0,2
22716810,2,1,3
22719579,2,0,2
22725846,2,0,2
22730293,2,4,6
22754163,2,5,7
22787172,2,0,2
22788127,2,2,4
22790079,2,0,2
22797991,2,0,2
22813666,2,0,2
22814381,2,8,10
22819351,2,61,63
22837004,2,2,4
22866347,2,1,3
22874660,2,0,2
22899978,2,0,2
22909879,2,0,2
22954683,2,3,5
22957748,2,19,21
22961333,2,5,7
22985033,2,2,4
22988800,2,3,5
23015458,2,18,20
23017830,2,4,6
23019284,2,0,2
23091876,2,0,2
23101078,2,42,44
23118511,2,46,48
23119053,2,0,2
23138621,2,1,3
23140412,2,15,17
23163431,2,0,2
23166750,2,10,12
23193980,2,0,2
23201655,2,0,2
23205372,2,14,16
23214900,2,0,2
23233309,2,0,2
23237571,2,0,2
23244810,2,1,3
23249152,2,0,2
23268858,2,0,2
23295013,2,3,5
23302870,2,0,2
23318600,2,12,14
23326668,2,115,117
23333469,2,0,2
23361434,2,0,2
23374284,2,0,2
23394574,2,0,2
23401684,2,0,2
23418450,2,0,2
23432327,2,0,2
23434686,2,1,3
23480929,2,3,5
23533955,2,50,52
23556562,2,3,5
23567394,2,0,2
23595987,2,0,2
23619366,2,11,13
23642307,2,0,2
23679172,2,0,2
23745304,2,24,26
23757335,2,1,3
23763190,2,8,10
23776215,2,1,3
23865214,2,0,2
23876551,2,0,2
23900201,2,0,2
23903501,2,0,2
23930673,2,10,12
23935607,2,5,7
23953095,2,14,16
23960476,2,34,36
24031034,2,1,3
24038210,2,2,4
24038849,2,0,2
24058650,2,0,2
24084962,2,0,2
24177856,2,2,4
24193289,2,10,12
24199481,2,0,2
24225002,2,0,2
24233192,2,0,2
24253651,2,0,2
24278162,2,5,7
24313531,2,0,2
24320608,2,0,2
24323837,2,13,15
24341390,2,0,2
24384295,2,1,3
24395289,2,0,2
24403880,2,4,6
24424549,2,5,7
24428699,2,17,19
24448091,2,0,2
24448995,2,0,2
24458577,2,0,2
24493424,2,4,6
24516009,2,0,2
24523817,2,0,2
24549269,2,2,4
24561848,2,0,2
24568674,2,13,15
24597757,2,6,8
24601119,2,0,2
24627307,2,1,3
24627574,2,2,4
24632311,2,1,3
24644495,2,1,3
24663858,2,6,8
24664169,2,0,2
24668126,2,1,3
24719821,2,5,7
24787531,2,0,2
24881388,2,6,8
24961764,2,1,3
24965555,2,3,5
25006567,2,0,2
25068152,2,1,3
25095418,2,0,2
25136621,2,0,2
25152237,2,0,2
25163960,2,1,3
25188904,2,0,2
25189696,2,2,4
25203720,2,0,2
25233674,2,0,2
25242962,2,1,3
25244071,2,2,4
25306344,2,0,2
25325196,2,0,2
25377589,2,8,10
25383162,2,0,2
25394410,2,0,2
25466006,2,0,2
25468892,2,0,2
25501991,2,0,2
25517387,2,1,3
25538996,2,0,2
25547248,2,1,3
25549372,2,39,41
25571108,2,0,2
25599299,2,4,6
25630143,2,99,101
25669608,2,18,20
25670074,2,0,2
25690215,2,0,2
25697851,2,1,3
25698593,2,0,2
25702314,2,5,7
25729666,2,0,2
25776509,2,1,3
25785889,2,19,21
25793079,2,11,13
25824177,2,0,2
25848783,2,0,2
25853124,2,7,9
25855350,2,3,5
25952311,2,0,2
25986587,2,1,3
25992637,2,2,4
26017920,2,0,2
26018268,2,8,10
26022578,2,0,2
26041560,2,0,2
26052294,2,0,2
26096058,2,0,2
26098361,2,25,27
26107517,2,11,13
26143304,2,0,2
26178161,2,0,2
26183828,2,91,93
26258609,2,8,10
26283896,2,0,2
26284918,2,1,3
26294408,2,0,2
26302350,2,5,7
26333311,2,0,2
26348896,2,22,24
26362666,2,7,9
26373407,2,0,2
26410675,2,0,2
26410697,2,2,4
26419461,2,2,4
26460275,2,7,9
26476496,2,0,2
26517833,2,31,33
26525500,2,0,2
26634828,2,0,2
26643906,2,10,12
26649679,2,0,2
26667294,2,28,30
26678668,2,4,6
26725528,2,0,2
26798931,2,1,3
26817992,2,0,2
26888767,2,0,2
26930849,2,0,2
27047844,2,1,3
27075685,2,0,2
27126680,2,1,3
27146048,2,1,3
27202607,2,0,2
27301308,2,3,5
27327609,2,1,3
27330727,2,4,6
27331622,2,0,2
27351102,2,0,2
27380810,2,0,2
27435920,2,0,2
27437326,2,5,7
27487279,2,7,9
27504517,2,0,2
27538677,2,0,2
27540852,2,2,4
27550771,2,23,25
27578383,2,1,3
27593924,2,3,5
27620244,2,0,2
27630031,2,0,2
27638362,2,3,5
27652816,2,1,3
27669463,2,1,3
27713709,2,4,6
27755788,2,1,3
27790250,2,2,4
27810354,2,0,2
27834920,2,5,7
27871616,2,0,2
27875413,2,3,5
27915028,2,0,2
27929084,2,18,20
27929731,2,0,2
27977424,2,0,2
28038154,2,0,2
28083728,2,0,2
28099935,2,5,7
28153253,2,2,4
28179267,2,0,2
28276398,2,6,8
28394995,2,5,7
28488157,2,1,3
28501207,2,0,2
28528503,2,7,9
28560301,2,11,13
28565298,2,0,2
28654635,2,4,6
28670599,2,47,49
28685107,2,0,2
28721195,2,11,13
28735121,2,1,3
28771426,2,0,2
28773667,2,0,2
28828684,2,0,2
28871109,2,0,2
28898751,2,3,5
28902856,2,3,5
28954795,2,1,3
28976488,2,1,3
29011922,2,0,2
29054320,2,13,15
29061688,2,9,11
29063267,2,0,2
29139456,2,1,3
29212386,2,0,2
29312445,2,0,2
29331650,2,0,2
29342722,2,10,12
29410550,2,3,5
29423722,2,1,3
29446831,2,0,2
29461591,2,0,2
29491980,2,0,2
29560963,2,1,3
29609559,2,0,2
29706364,2,1,3
29718709,2,1,3
29753405,2,4,6
29773705,2,1,3
29801410,2,0,2
29809459,2,0,2
29820085,2,0,2
29828626,2,0,2
29829448,2,2,4
29850803,2,2,4
29908890,2,4,6
29928441,2,1,3
30039119,2,18,20
30053181,2,10,12
30077043,2,80,82
30121447,2,1,3
30122900,2,1,3
30130584,2,1,3
30149199,2,0,2
30177220,2,2,4
30225323,2,0,2
30244661,2,2,4
30253126,2,1,3
30258886,2,1,3
30260724,2,1,3
30272877,2,2,4
30288442,2,22,24
30350654,2,1,3
30372129,2,1,3
30378270,2,2,4
30396049,2,0,2
30419982,2,0,2
30485880,2,0,2
30539458,2,0,2
30561797,2,0,2
30674865,2,8,10
30687343,2,36,38
30697593,2,13,15
30707930,2,1,3
30711324,2,3,5
30716418,2,6,8
30816766,2,0,2
30939927,2,0,2
30989063,2,0,2
31184038,2,1,3
31209212,2,1,3
31212830,2,35,37
31305682,2,0,2
31359855,2,25,27
31427959,2,3,5
31455732,2,0,2
31470144,2,0,2
31532083,2,7,9
31587991,2,0,2
31590834,2,38,40
31694751,2,0,2
31751473,2,5,7
31984488,2,0,2
32098141,2,0,2
32127745,2,0,2
32142456,2,0,2
32181565,2,0,2
32186001,2,0,2
32216660,2,1,3
32246938,2,0,2
32270078,2,16,18
32278745,2,0,2
32305647,2,13,15
32320953,2,8,10
32348189,2,0,2
32408826,2,2,4
32495131,2,0,2
32501037,2,0,2
32521090,2,0,2
32550363,2,0,2
32559677,2,0,2
32611731,2,0,2
32614203,2,0,2
32697667,2,20,22
32712472,2,0,2
32727390,2,0,2
32749642,2,19,21
32776870,2,2,4
32802782,2,0,2
32837910,2,1,3
32858128,2,0,2
32871086,2,5,7
32871723,2,7,9
32919476,2,0,2
32998961,2,0,2
33029226,2,55,57
33078365,2,2,4
33078366,2,0,2
33108216,2,0,2
33245396,2,3,5
33286514,2,9,11
33314299,2,0,2
33325720,2,1,3
33362346,2,6,8
33429467,2,1,3
33439763,2,1,3
33541236,2,1,3
33558901,2,0,2
33561651,2,7,9
33579408,2,14,16
33658771,2,1,3
33738369,2,0,2
33870312,2,18,20
33932871,2,0,2
34015298,2,2,4
34019261,2,19,21
34023470,2,23,25
34065088,2,0,2
34087797,2,0,2
34113126,2,4,6
34206025,2,0,2
34270503,2,0,2
34284291,2,216,218
34310945,2,26,28
34329771,2,0,2
34365624,2,4,6
34370438,2,11,13
34495061,2,0,2
34497220,2,81,83
34521981,2,0,2
34533138,2,6,8
34581942,2,2,4
34589546,2,0,2
34625187,2,0,2
34627140,2,0,2
34710971,2,1,3
34722136,2,88,90
34827336,2,0,2
34837940,2,0,2
34900333,2,4,6
34923556,2,0,2
34936244,2,1,3
34945011,2,1,3
34954325,2,0,2
34965405,2,1,3
34988016,2,2,4
34994083,2,0,2
35071910,2,6,8
35111933,2,4,6
35131713,2,68,70
35140696,2,1,3
35163540,2,5,7
35232519,2,0,2
35237985,2,0,2
35249292,2,0,2
35296051,2,0,2
35315838,2,1,3
35315865,2,8,10
35406370,2,1,3
35469303,2,0,2
35484869,2,0,2
35489151,2,0,2
35535969,2,3,5
35600300,2,0,2
35604537,2,0,2
35651309,2,1,3
35671627,2,0,2
35678543,2,14,16
35693806,2,3,5
35718381,2,3,5
35721928,2,2,4
35781456,2,0,2
35786732,2,0,2
35787602,2,0,2
35793755,2,0,2
35854467,2,0,2
35877493,2,0,2
35915049,2,0,2
35929099,2,0,2
35976562,2,0,2
35987891,2,2,4
36035075,2,0,2
36047500,2,0,2
36112012,2,0,2
36169320,2,1,3
36171449,2,0,2
36264117,2,1,3
36298390,2,0,2
36352774,2,1,3
36364155,2,83,85
36393084,2,0,2
36429119,2,22,24
36487440,2,3,5
36508223,2,0,2
36522654,2,4,6
36575728,2,0,2
36691351,2,10,12
36696940,2,3,5
36741893,2,0,2
36766221,2,0,2
36792977,2,0,2
36846781,2,0,2
36867412,2,0,2
36890646,2,9,11
36937742,2,20,22
36951068,2,1,3
36962541,2,2,4
36963915,2,0,2
37019973,2,1,3
37027573,2,23,25
37039388,2,5,7
37045982,2,0,2
37048488,2,6,8
37085781,2,2,4
37090930,2,0,2
37119594,2,0,2
37139784,2,8,10
37144024,2,0,2
37186686,2,0,2
37224667,2,0,2
37237811,2,1,3
37327431,2,3,5
37343353,2,0,2
37352536,2,2,4
37396883,2,0,2
37489184,2,1,3
37518055,2,0,2
37523430,2,3,5
37541713,2,0,2
37556637,2,9,11
37588418,2,8,10
37591959,2,2,4
37619827,2,2,4
37644486,2,0,2
37714164,2,0,2
37755854,2,0,2
37756671,2,0,2
37781331,2,4,6
37794539,2,1,3
37948238,2,0,2
37979301,2,0,2
37980141,2,1,3
38084610,2,10,12
38095981,2,0,2
38096946,2,24,26
38238826,2,0,2
38440435,2,6,8
38453610,2,0,2
38479378,2,0,2
38513257,2,0,2
38515699,2,3,5
38536251,2,0,2
38645535,2,0,2
38671038,2,0,2
38703154,2,0,2
38705789,2,80,82
38735395,2,0,2
38746682,2,0,2
38772269,2,7,9
38798614,2,10,12
38803980,2,1,3
38821802,2,0,2
38844596,2,1,3
38879930,2,2,4
39040820,2,2,4
39114893,2,0,2
39118822,2,0,2
39152178,2,2,4
39213003,2,0,2
39294556,2,14,16
39359425,2,9,11
39580670,2,11,13
39628819,2,32,34
39660033,2,2,4
39750025,2,1,3
39826290,2,6,8
39901155,2,4,6
39919174,2,1,3
39932890,2,0,2
39979971,2,75,77
40090549,2,10,12
40092310,2,0,2
40092446,2,2,4
40094317,2,11,13
40157053,2,0,2
40222918,2,0,2
40249930,2,1,3
40273633,2,0,2
40302696,2,1,3
40315806,2,24,26
40452468,2,0,2
40470502,2,0,2
40553221,2,0,2
40627145,2,2,4
40758369,2,0,2
40758396,2,2,4
40794187,2,1,3
40859278,2,1,3
40935194,2,0,2
41093376,2,0,2
41112857,2,2,4
41143180,2,2,4
41151669,2,0,2
41155845,2,23,25
41180510,2,0,2
41273470,2,15,17
41292032,2,0,2
41426892,2,0,2
41446355,2,0,2
41504983,2,0,2
41550422,2,1,3
41569458,2,2,4
41615720,2,0,2
41616474,2,0,2
41639367,2,3,5
41657437,2,0,2
41660913,2,0,2
41669035,2,94,96
41706498,2,8,10
41783533,2,0,2
41871672,2,0,2
42001921,2,0,2
42062583,2,2,4
42075271,2,0,2
42179239,2,0,2
42261611,2,15,17
42274360,2,0,2
42282134,2,0,2
42498454,2,1,3
42500289,2,0,2
42594892,2,3,5
42597178,2,3,5
42630116,2,0,2
42745231,2,0,2
42842577,2,2,4
42865469,2,5,7
42892907,2,0,2
42952336,2,0,2
42976766,2,2,4
43089397,2,1,3
43159308,2,0,2
43376436,2,1,3
43414451,2,0,2
43430073,2,0,2
43497473,2,14,16
43503903,2,1,3
43550862,2,11,13
43566423,2,111,113
43606672,2,0,2
43612346,2,2,4
43682477,2,1,3
43730427,2,4,6
43759688,2,0,2
43795367,2,1,3
43835528,2,3,5
44024055,2,9,11
44056598,2,3,5
44253771,2,1,3
44279901,2,1,3
44280832,2,0,2
44297119,2,3,5
44381001,2,6,8
44424185,2,26,28
44464707,2,0,2
44472379,2,0,2
44478009,2,1,3
44503208,2,0,2
44534605,2,0,2
44616199,2,0,2
44644109,2,0,2
44673506,2,2,4
44745807,2,0,2
44768267,2,0,2
44783795,2,0,2
44890901,2,0,2
44969014,2,0,2
44987402,2,0,2
45014285,2,2,4
45035272,2,0,2
45140397,2,0,2
45151571,2,20,22
45187064,2,0,2
45187234,2,0,2
45233830,2,1,3
45236243,2,0,2
45419522,2,0,2
45430464,2,0,2
45435064,2,2,4
45450913,2,1,3
45452049,2,0,2
45465019,2,0,2
45507227,2,12,14
45560415,2,0,2
45653809,2,0,2
45718856,2,0,2
45837279,2,0,2
45885069,2,0,2
45921206,2,0,2
45971263,2,1,3
46036981,2,0,2
46060947,2,0,2
46111679,2,3,5
46125631,2,0,2
46126350,2,0,2
46153365,2,16,18
46176204,2,0,2
46248132,2,0,2
46250763,2,10,12
46256463,2,0,2
46458101,2,3,5
46501166,2,3,5
46571401,2,2,4
46598985,2,0,2
46625714,2,0,2
46675749,2,4,6
46690844,2,0,2
46809129,2,2,4
46882943,2,1,3
46997682,2,0,2
47049375,2,0,2
47064527,2,1,3
47091549,2,5,7
47194408,2,0,2
47205910,2,1,3
47256341,2,3,5
47261735,2,0,2
47300062,2,0,2
47394472,2,0,2
47432229,2,1,3
47448886,2,0,2
47462545,2,0,2
47488239,2,34,36
47509481,2,0,2
47540202,2,0,2
47560961,2,3,5
47677431,2,17,19
47698043,2,1,3
47718238,2,0,2
47726356,2,2,4
47745048,2,1,3
47750999,2,0,2
47763428,2,8,10
47777322,2,0,2
47810617,2,0,2
47942641,2,0,2
47986037,2,22,24
48042591,2,0,2
48048466,2,0,2
48149942,2,1,3
48318776,2,0,2
48322923,2,0,2
48351587,2,0,2
48384484,2,2,4
48390222,2,6,8
48446584,2,1,3
48465189,2,0,2
48473220,2,5,7
48555816,2,25,27
48582054,2,0,2
48599652,2,9,11
48620492,2,0,2
48737488,2,1,3
48737905,2,0,2
48865471,2,0,2
48866806,2,2,4
48873781,2,0,2
48880692,2,1,3
48927720,2,1,3
48985590,2,0,2
49000905,2,0,2
49034876,2,0,2
49140012,2,0,2
49182711,2,0,2
49203300,2,6,8
49311814,2,0,2
49387891,2,0,2
49451743,2,0,2
49489343,2,6,8
49492561,2,0,2
49582983,2,0,2
49614966,2,2,4
49615673,2,0,2
49636316,2,1,3
49691856,2,0,2
49698134,2,15,17
49714829,2,0,2
49724928,2,8,10
49774300,2,0,2
49775941,2,13,15
49785761,2,4,6
49900127,2,0,2
49903556,2,0,2
49909854,2,0,2
49977395,2,0,2
50029467,2,0,2
50214499,2,8,10
50316840,2,0,2
50383168,2,33,35
50401467,2,53,55
50425675,2,0,2
50444781,2,2,4
50461204,2,2,4
50479421,2,0,2
50499897,2,0,2
50571724,2,7,9
50648768,2,47,49
50664739,2,4,6
50767626,2,0,2
50810558,2,1,3
50886298,2,0,2
50888768,2,14,16
50918314,2,0,2
50924139,2,0,2
51027531,2,0,2
51054367,2,2,4
51203205,2,7,9
51221938,2,0,2
51302727,2,0,2
51358709,2,0,2
51366890,2,8,10
51464059,2,1,3
51533698,2,0,2
51613169,2,1,3
51622866,2,1,3
51638400,2,0,2
51726612,2,0,2
51774404,2,1,3
51811582,2,1,3
51901121,2,0,2
51941030,2,0,2
52176091,2,8,10
52214665,2,0,2
52279659,2,2,4
52381097,2,2,4
52591964,2,4,6
52594178,2,4,6
52615219,2,1,3
52652394,2,0,2
52832886,2,101,103
53054150,2,5,7
53094130,2,9,11
53160005,2,0,2
53167791,2,2,4
53206359,2,2,4
53404625,2,1,3
53519198,2,12,14
53716625,2,0,2
53800608,2,0,2
53803235,2,0,2
53831819,2,2,4
53867581,2,0,2
53876198,2,2,4
53899870,2,0,2
54143577,2,3,5
54257758,2,0,2
54320137,2,1,3
54337094,2,3,5
54340013,2,0,2
54382606,2,12,14
54453877,2,0,2
54458114,2,0,2
54535749,2,0,2
54557714,2,0,2
54560384,2,0,2
54664274,2,2,4
54710387,2,4,6
54729876,2,13,15
54786180,2,0,2
54789956,2,3,5
54841013,2,2,4
54917192,2,0,2
54936699,2,0,2
54958492,2,0,2
55035511,2,0,2
55056285,2,0,2
55107768,2,17,19
55213845,2,2,4
55243074,2,0,2
55265126,2,0,2
55298492,2,1,3
55396121,2,3,5
55402306,2,0,2
55422474,2,2,4
55444181,2,0,2
55540820,2,0,2
55541335,2,0,2
55584750,2,13,15
55695259,2,0,2
55829110,2,0,2
55876528,2,0,2
55883048,2,0,2
55885884,2,6,8
56009189,2,8,10
56071652,2,0,2
56073991,2,0,2
56107478,2,1,3
56129554,2,0,2
56149176,2,8,10
56378719,2,0,2
56430145,2,3,5
56503427,2,0,2
56762271,2,0,2
56764409,2,10,12
56776436,2,1,3
56837679,2,0,2
56894163,2,7,9
56916759,2,0,2
56918276,2,0,2
56960344,2,0,2
57007390,2,30,32
57189208,2,0,2
57348656,2,0,2
57356987,2,1,3
57415181,2,0,2
57474976,2,1,3
57485638,2,16,18
57532786,2,0,2
57779843,2,0,2
57834024,2,8,10
57871519,2,6,8
57892088,2,3,5
57906766,2,0,2
57920499,2,0,2
57932141,2,0,2
58106804,2,1,3
58188416,2,0,2
58272227,2,8,10
58363619,2,0,2
58364442,2,1,3
58449142,2,1,3
58498669,2,1,3
58525290,2,0,2
58572674,2,2,4
58584852,2,0,2
58816836,2,0,2
58830662,2,6,8
58949711,2,0,2
58953271,2,2,4
59102666,2,2,4
59125662,2,4,6
59131737,2,3,5
59642573,2,15,17
59711640,2,1,3
59738112,2,0,2
59769244,2,1,3
59808387,2,0,2
60257586,2,4,6
60282224,2,0,2
60298259,2,0,2
60312649,2,0,2
60328284,2,0,2
60329930,2,0,2
60332172,2,0,2
60340219,2,0,2
60355875,2,0,2
60355886,2,0,2
60429918,2,0,2
60482549,2,0,2
60489918,2,2,4
60556835,2,0,2
60564487,2,0,2
60623733,2,0,2
60752092,2,0,2
60760063,2,0,2
60881515,2,0,2
60962197,2,0,2
61047718,2,0,2
61102961,2,1,3
61188650,2,0,2
61323307,2,4,6
61408055,2,1,3
61482424,2,0,2
61551372,2,0,2
61556910,2,2,4
61563154,2,0,2
61660491,2,0,2
61673391,2,0,2
61874755,2,0,2
62019002,2,0,2
62211438,2,0,2
62260299,2,3,5
62291474,2,0,2
62359763,2,1,3
62409474,2,4,6
62447206,2,0,2
62473360,2,1,3
62521085,2,0,2
62528972,2,0,2
62692433,2,0,2
62734246,2,3,5
62944231,2,0,2
62954710,2,0,2
62997851,2,21,23
63054567,2,4,6
63155490,2,0,2
63167432,2,0,2
63198594,2,0,2
63211776,2,1,3
63410034,2,0,2
63494019,2,0,2
63503742,2,2,4
63507170,2,0,2
63588123,2,1,3
63783327,2,1,3
63815087,2,0,2
63840738,2,0,2
64051666,2,0,2
64107720,2,0,2
64267017,2,1,3
64302479,2,1,3
64619482,2,3,5
64704431,2,8,10
64710196,2,1,3
64785956,2,0,2
64804024,2,0,2
65096854,2,0,2
65129573,2,16,18
65145308,2,43,45
65150072,2,0,2
65233495,2,5,7
65357124,2,2,4
65483539,2,2,4
65551087,2,6,8
65569424,2,1,3
65643136,2,0,2
65729358,2,0,2
65931664,2,4,6
65937980,2,21,23
65947030,2,1,3
65960438,2,1,3
66006900,2,1,3
66130124,2,8,10
66330365,2,0,2
66395248,2,2,4
66460054,2,0,2
66473977,2,0,2
66484955,2,0,2
66539222,2,26,28
66604368,2,0,2
66672175,2,10,12
66757019,2,0,2
66838943,2,0,2
66926691,2,0,2
67014233,2,4,6
67043051,2,3,5
67285720,2,1,3
67397666,2,1,3
67486822,2,5,7
67510328,2,0,2
67728677,2,0,2
67796882,2,0,2
67804096,2,0,2
67900447,2,0,2
67925075,2,3,5
67950946,2,0,2
68021407,2,0,2
68098473,2,0,2
68206184,2,0,2
68323065,2,0,2
68399255,2,0,2
68549082,2,0,2
68737346,2,0,2
68756996,2,0,2
68766132,2,0,2
68814089,2,0,2
68945574,2,0,2
69068417,2,21,23
69113701,2,0,2
69223388,2,0,2
69478782,2,0,2
69510973,2,13,15
69828708,2,7,9
69951135,2,10,12
69983588,2,14,16
70017958,2,0,2
70024235,2,0,2
70160557,2,0,2
70223991,2,0,2
70467283,2,0,2
70601683,2,4,6
70780573,2,0,2
71016353,2,0,2
71026317,2,4,6
71077875,2,0,2
71082732,2,1,3
71293306,2,0,2
71321637,2,1,3
71361477,2,0,2
71692635,2,0,2
71827774,2,7,9
71842978,2,6,8
71941709,2,3,5
72082126,2,0,2
72137283,2,0,2
72149753,2,0,2
72271059,2,1,3
72274796,2,6,8
72318172,2,0,2
72629842,2,0,2
72695708,2,17,19
72763332,2,0,2
72971567,2,3,5
73027215,2,0,2
73032528,2,0,2
73041094,2,0,2
73103223,2,1,3
73215575,2,48,50
73227909,2,21,23
73307828,2,6,8
73421873,2,0,2
73445737,2,0,2
73468980,2,2,4
73471550,2,2,4
73494048,2,6,8
73548109,2,0,2
73649018,2,0,2
73653813,2,0,2
73695522,2,1,3
73712131,2,1,3
73780581,2,0,2
73781866,2,0,2
73939509,2,0,2
74184169,2,0,2
74312167,2,1,3
74455922,2,0,2
74513747,2,0,2
74515829,2,2,4
74793385,2,6,8
74883325,2,0,2
74892076,2,0,2
75136638,2,0,2
75347215,2,16,18
75545199,2,6,8
75575621,2,0,2
75645420,2,0,2
75674386,2,1,3
75821795,2,0,2
75841783,2,5,7
75955321,2,0,2
75984040,2,0,2
76147467,2,27,29
76357575,2,3,5
76433131,2,0,2
76464380,2,5,7
76692832,2,2,4
76977981,2,3,5
76999647,2,7,9
77115909,2,0,2
77196907,2,0,2
77459878,2,1,3
77595696,2,1,3
77643330,2,1,3
77648903,2,0,2
77807698,2,1,3
77872376,2,5,7
78043007,2,7,9
78364606,2,4,6
78658452,2,0,2
78955305,2,0,2
78979964,2,1,3
79023814,2,3,5
79099144,2,0,2
79597193,2,29,31
79638980,2,0,2
79665172,2,0,2
79832616,2,2,4
79896087,2,0,2
80103181,2,6,8
80150372,2,0,2
80154366,2,0,2
80280391,2,0,2
80330381,2,40,42
80349805,2,1,3
80357329,2,1,3
80415454,2,25,27
80487334,2,0,2
80559164,2,0,2
80822943,2,0,2
80875957,2,9,11
80892718,2,0,2
80913494,2,0,2
80958433,2,2,4
80975326,2,5,7
81005220,2,1,3
81580600,2,0,2
81623306,2,19,21
81730778,2,2,4
81873339,2,1,3
81896444,2,0,2
81896712,2,1,3
81930440,2,32,34
82066520,2,0,2
82182044,2,0,2
82257426,2,0,2
82417062,2,6,8
82636302,2,0,2
82640311,2,0,2
82768000,2,2,4
82879012,2,0,2
82883323,2,0,2
82960709,2,3,5
83062906,2,0,2
83147551,2,9,11
83220403,2,0,2
83279280,2,0,2
83461486,2,0,2
83611178,2,4,6
83686103,2,2,4
83783442,2,5,7
83951784,2,0,2
84124051,2,12,14
84303941,2,0,2
84332830,2,0,2
84477345,2,1,3
84560996,2,0,2
84964287,2,1,3
85123459,2,0,2
85187630,2,1,3
85199704,2,2,4
85466292,2,0,2
85831602,2,1,3
85935544,2,29,31
85973013,2,1,3
86043661,2,0,2
86153871,2,0,2
86162047,2,0,2
86168634,2,11,13
86236295,2,1,3
86632471,2,0,2
86633572,2,10,12
86729690,2,0,2
86828409,2,1,3
86836396,2,0,2
86850567,2,60,62
87013061,2,0,2
87063371,2,2,4
87335508,2,0,2
87549962,2,0,2
88192949,2,4,6
88205229,2,0,2
88215673,2,0,2
88349691,2,0,2
88975055,2,0,2
89064742,2,0,2
89073167,2,0,2
89119205,2,0,2
89290474,2,0,2
89510960,2,4,6
89540911,2,0,2
89687558,2,0,2
90309273,2,0,2
90353966,2,4,6
90354742,2,0,2
90372501,2,0,2
90400428,2,0,2
90409047,2,11,13
90502714,2,0,2
90742892,2,1,3
91095392,2,0,2
91145888,2,2,4
91196670,2,3,5
91468670,2,0,2
91476671,2,1,3
91692157,2,1,3
91734908,2,2,4
92043036,2,3,5
92158974,2,1,3
92319048,2,1,3
92437791,2,0,2
92639365,2,0,2
92811584,2,27,29
92859761,2,0,2
93005010,2,0,2
93108995,2,71,73
93189340,2,0,2
93301623,2,2,4
93422483,2,0,2
93578331,2,0,2
93747129,2,1,3
93816184,2,4,6
93941060,2,0,2
94009089,2,1,3
94075733,2,0,2
94148589,2,0,2
94250506,2,1,3
94369786,2,1,3
94506443,2,0,2
94928182,2,1,3
95053140,2,54,56
95053673,2,3,5
95094897,2,0,2
95456171,2,2,4
95985203,2,0,2
96021927,2,0,2
96047966,2,0,2
96150467,2,0,2
96202034,2,0,2
96385482,2,13,15
96606026,2,0,2
96631740,2,2,4
96908686,2,5,7
97253667,2,5,7
97335227,2,4,6
97336428,2,0,2
97369485,2,8,10
97570587,2,0,2
97956775,2,15,17
97992278,2,0,2
98018878,2,1,3
98161549,2,0,2
98462716,2,1,3
98602018,2,0,2
98829263,2,1,3
99001624,2,0,2
99077447,2,1,3
99157266,2,1,3
99215935,2,1,3
99524848,2,0,2
99754861,2,2,4
100095388,2,0,2
100128822,2,8,10
100136358,2,4,6
100382568,2,0,2
100547855,2,1,3
100621507,2,0,2
100880543,2,22,24
101215899,2,0,2
101317993,2,0,2
101393030,2,0,2
101400537,2,100,102
101639373,2,0,2
101724619,2,0,2
101859314,2,3,5
101971989,2,1,3
101984908,2,0,2
102015931,2,7,9
102027325,2,0,2
102259828,2,0,2
102468204,2,0,2
102492728,2,0,2
102526551,2,0,2
102600230,2,0,2
102705887,2,0,2
102761744,2,2,4
102843654,2,2,4
102853572,2,5,7
102882477,2,0,2
102991077,2,0,2
103025846,2,0,2
103153133,2,1,3
103277461,2,0,2
103398578,2,1,3
103444009,2,0,2
103452911,2,0,2
103508045,2,1,3
103654311,2,6,8
103723466,2,2,4
103734063,2,17,19
103943859,2,1,3
104019023,2,5,7
104405120,2,0,2
104499404,2,1,3
104689187,2,0,2
104692306,2,7,9
105042098,2,14,16
105315648,2,3,5
105344608,2,0,2
105366463,2,0,2
105532715,2,1,3
105559609,2,6,8
105609284,2,0,2
105724783,2,7,9
105749171,2,0,2
105833144,2,2,4
105847404,2,0,2
105854662,2,0,2
105919067,2,0,2
105975090,2,0,2
106866331,2,0,2
106953286,2,1,3
107155690,2,2,4
107171660,2,0,2
107187119,2,1,3
107393089,2,0,2
108078631,2,0,2
108085039,2,0,2
108218097,2,0,2
108816051,2,0,2
108922042,2,0,2
108960723,2,0,2
108993687,2,0,2
109020929,2,7,9
109053312,2,0,2
109662929,2,0,2
109697622,2,0,2
109853149,2,0,2
109889262,2,56,58
110052548,2,13,15
110240911,2,0,2
110268906,2,0,2
110461969,2,7,9
110483833,2,0,2
110485164,2,0,2
110575440,2,1,3
110889836,2,0,2
110978547,2,0,2
111158040,2,0,2
111216929,2,7,9
111359305,2,0,2
111411054,2,0,2
111454976,2,1,3
111480411,2,4,6
111621125,2,0,2
111671137,2,0,2
111676962,2,0,2
111715139,2,3,5
111858408,2,0,2
111925514,2,0,2
111992008,2,0,2
112053119,2,0,2
112106465,2,0,2
112188776,2,1,3
112233838,2,0,2
112515194,2,0,2
112882003,2,4,6
112935452,2,0,2
113052602,2,0,2
113443154,2,0,2
113445037,2,0,2
113475315,2,70,72
113487810,2,0,2
113542931,2,0,2
113647797,2,3,5
113977903,2,0,2
114073708,2,1,3
114255340,2,1,3
114283823,2,0,2
114326949,2,0,2
114557557,2,1,3
114587474,2,24,26
114870265,2,8,10
114875939,2,1,3
114880756,2,1,3
115138819,2,0,2
115290430,2,4,6
115298881,2,0,2
115359136,2,9,11
115486411,2,0,2
115490625,2,1,3
115694587,2,137,139
116196209,2,1,3
116296025,2,0,2
116504600,2,6,8
116579860,2,46,48
116675421,2,0,2
117085537,2,5,7
117127526,2,0,2
117130050,2,3,5
117137621,2,0,2
117176660,2,0,2
117181647,2,0,2
117507629,2,3,5
117535239,2,2,4
118066385,2,84,86
118126070,2,0,2
118200142,2,0,2
118270159,2,0,2
118613680,2,0,2
118779189,2,2,4
118801588,2,3,5
119156473,2,0,2
119225266,2,1,3
119899411,2,0,2
119942944,2,0,2
119951917,2,0,2
120035760,2,34,36
120210091,2,0,2
120224339,2,17,19
120242530,2,0,2
121429129,2,0,2
121537837,2,0,2
121616820,2,1,3
121658831,2,0,2
121750760,2,0,2
121986863,2,0,2
122010547,2,0,2
122196385,2,0,2
122394071,2,1,3
122428400,2,0,2
122463907,2,1,3
122528167,2,1,3
122623274,2,0,2
122786819,2,0,2
122792000,2,1,3
122976118,2,0,2
123263532,2,0,2
123621508,2,4,6
123862900,2,0,2
123883717,2,0,2
123887519,2,4,6
123888453,2,0,2
124004051,2,0,2
124047753,2,1,3
124048120,2,0,2
124131730,2,0,2
124159546,2,1,3
124224354,2,2,4
124268782,2,0,2
124522562,2,0,2
124763921,2,55,57
124970082,2,0,2
125207319,2,1,3
125249358,2,1,3
125257191,2,0,2
125400853,2,10,12
125453969,2,12,14
125730512,2,17,19
126338104,2,0,2
126389466,2,9,11
126406217,2,2,4
126478215,2,0,2
126513928,2,4,6
126528611,2,4,6
126979246,2,1,3
127000251,2,0,2
127249982,2,3,5
127840651,2,2,4
128040074,2,23,25
128091413,2,0,2
128310170,2,0,2
128763056,2,3,5
128792205,2,1,3
128933504,2,0,2
129000249,2,18,20
129276729,2,3,5
129337996,2,0,2
129367359,2,5,7
129531185,2,0,2
129544278,2,0,2
129620964,2,0,2
129716321,2,16,18
129799673,2,0,2
130241217,2,0,2
130389439,2,0,2
130928523,2,15,17
130954029,2,0,2
131039234,2,7,9
131164361,2,15,17
131352377,2,0,2
131690690,2,1,3
131862466,2,0,2
131885614,2,4,6
131899701,2,0,2
131970532,2,0,2
132148812,2,2,4
132427459,2,0,2
132481500,2,1,3
132514023,2,1,3
132577759,2,0,2
132685567,2,0,2
132721599,2,0,2
133028016,2,0,2
133054578,2,0,2
133066103,2,0,2
133359100,2,0,2
133786771,2,3,5
134226845,2,5,7
134296707,2,9,11
134384957,2,0,2
134692586,2,0,2
134819422,2,0,2
135018244,2,0,2
135047004,2,1,3
135204272,2,6,8
135242865,2,0,2
135532415,2,1,3
135978929,2,1,3
136101639,2,0,2
136116131,2,0,2
136428334,2,0,2
136884541,2,3,5
137062412,2,1,3
137104194,2,0,2
137447314,2,1,3
137512422,2,6,8
137598845,2,3,5
137838706,2,0,2
138021709,2,3,5
138084028,2,0,2
138238607,2,5,7
138460164,2,19,21
138708271,2,0,2
138894742,2,7,9
138926491,2,12,14
138928154,2,2,4
139020934,2,0,2
139101213,2,1,3
139545790,2,0,2
139800583,2,0,2
140071984,2,0,2
140650581,2,0,2
140794884,2,0,2
140892160,2,0,2
141034081,2,0,2
141074065,2,0,2
141294600,2,0,2
141322048,2,0,2
141351622,2,0,2
141554260,2,0,2
141600987,2,27,29
141705442,2,0,2
141766209,2,2,4
142037705,2,0,2
142067572,2,1,3
142075953,2,21,23
142081557,2,2,4
142677138,2,0,2
142762833,2,1,3
142835169,2,1,3
143246253,2,3,5
143364337,2,0,2
143406263,2,0,2
143421310,2,0,2
143727241,2,0,2
143789061,2,6,8
143804107,2,12,14
143974363,2,57,59
144270833,2,71,73
144720791,2,0,2
144896138,2,0,2
144971337,2,23,25
145043347,2,1,3
145255648,2,5,7
145378262,2,48,50
145732109,2,3,5
146262179,2,34,36
146712559,2,18,20
146778936,2,0,2
146790012,2,0,2
146927444,2,0,2
147063628,2,0,2
147776880,2,19,21
147860813,2,0,2
147940111,2,5,7
147987757,2,4,6
148021324,2,0,2
148411256,2,0,2
148441872,2,0,2
148535894,2,24,26
148764351,2,0,2
149017795,2,0,2
149107574,2,0,2
149232416,2,3,5
149258219,2,0,2
149493761,2,0,2
149656428,2,0,2
149747910,2,0,2
149999666,2,0,2
150010373,2,0,2
150017845,2,0,2
150451674,2,0,2
151000889,2,9,11
151089390,2,0,2
151122105,2,0,2
151185187,2,10,12
151295449,2,0,2
151405084,2,0,2
151480000,2,1,3
151556996,2,13,15
151755285,2,2,4
152051108,2,0,2
152102571,2,0,2
152148763,2,15,17
152489292,2,0,2
152805586,2,1,3
153162994,2,2,4
153184399,2,0,2
153450230,2,0,2
153545487,2,0,2
153704310,2,0,2
153876973,2,11,13
153978973,2,0,2
154303710,2,2,4
154961968,2,0,2
155007941,2,44,46
155110440,2,0,2
155299127,2,0,2
155353519,2,18,20
155511965,2,0,2
155596997,2,7,9
155649060,2,0,2
155658772,2,2,4
156510989,2,0,2
156649614,2,0,2
156699423,2,1,3
156948869,2,5,7
157091035,2,1,3
157465303,2,0,2
158471931,2,18,20
158967637,2,0,2
159239671,2,0,2
159292313,2,8,10
159368689,2,1,3
159639066,2,0,2
159655623,2,0,2
159879911,2,0,2
159911529,2,1,3
159982953,2,0,2
160018783,2,0,2
160063119,2,18,20
160248836,2,0,2
160415080,2,0,2
160458487,2,5,7
160752583,2,7,9
160973426,2,0,2
161030827,2,1,3
161053860,2,52,54
161094215,2,0,2
161855475,2,3,5
162378377,2,0,2
162477050,2,1,3
163071838,2,1,3
163084215,2,0,2
163118087,2,1,3
163167459,2,0,2
163878760,2,0,2
163992557,2,0,2
164016345,2,0,2
164145361,2,0,2
164183337,2,11,13
164242701,2,0,2
164273824,2,3,5
164295551,2,1,3
164464159,2,6,8
164931390,2,0,2
165026086,2,22,24
165067277,2,7,9
165114641,2,48,50
165511377,2,6,8
165552032,2,0,2
165626652,2,0,2
165743260,2,2,4
165752428,2,1,3
165835168,2,0,2
166032957,2,1,3
166050665,2,0,2
166268505,2,1,3
166428518,2,2,4
166455908,2,0,2
166876574,2,1,3
167897109,2,0,2
167919182,2,0,2
168257373,2,0,2
168299093,2,1,3
168944428,2,3,5
169009149,2,1,3
169173525,2,0,2
169318063,2,0,2
169438604,2,1,3
169522353,2,0,2
169717184,2,11,13
169952426,2,0,2
170011443,2,5,7
170018822,2,0,2
170136927,2,12,14
170197342,2,0,2
170208476,2,2,4
170372845,2,0,2
170630574,2,2,4
170712219,2,0,2
170938030,2,0,2
171184200,2,0,2
171245049,2,3,5
171249174,2,0,2
171279362,2,3,5
171337349,2,0,2
171597677,2,0,2
171745835,2,51,53
172032623,2,29,31
172261647,2,2,4
172599106,2,0,2
172935502,2,2,4
173196965,2,10,12
173636963,2,0,2
173673231,2,1,3
173918406,2,0,2
174016889,2,0,2
174076329,2,0,2
174351771,2,9,11
174419290,2,4,6
174474796,2,2,4
174514245,2,0,2
174534175,2,0,2
174627919,2,1,3
174715313,2,0,2
174762380,2,0,2
175092567,2,0,2
175197754,2,0,2
175465639,2,0,2
175514162,2,1,3
175873793,2,0,2
175964378,2,1,3
176097415,2,0,2
176329975,2,0,2
176398351,2,3,5
176477406,2,3,5
176566330,2,0,2
176566455,2,1,3
176667927,2,0,2
176820879,2,0,2
176949287,2,1,3
177292093,2,0,2
177568437,2,0,2
177775299,2,0,2
177974542,2,38,40
178076140,2,5,7
178085978,2,2,4
178131248,2,0,2
178332153,2,11,13
178706211,2,5,7
179072322,2,0,2
179182531,2,0,2
179395539,2,0,2
179401866,2,0,2
179542744,2,0,2
179549301,2,0,2
179740261,2,42,44
179785566,2,10,12
179855659,2,0,2
180011973,2,0,2
180059703,2,3,5
180094577,2,1,3
180380522,2,1,3
180398773,2,15,17
180849540,2,1,3
181196054,2,0,2
181395586,2,0,2
181592661,2,0,2
181629161,2,0,2
182120000,2,0,2
182158825,2,0,2
182429488,2,6,8
182635115,2,0,2
182708802,2,0,2
182894056,2,12,14
183105501,2,4,6
183124848,2,0,2
183272026,2,0,2
183914087,2,3,5
184467972,2,9,11
184480925,2,0,2
184597706,2,1,3
184676117,2,0,2
184696262,2,0,2
184930401,2,3,5
185419724,2,0,2
185625870,2,0,2
185767067,2,3,5
185922593,2,0,2
186108527,2,0,2
186201324,2,0,2
186348637,2,0,2
186582233,2,9,11
186854140,2,0,2
187076235,2,0,2
187112248,2,0,2
187197896,2,0,2
187333523,2,0,2
187588743,2,1,3
187939611,2,0,2
188183113,2,1,3
188203794,2,1,3
188216061,2,0,2
188575714,2,1,3
188577034,2,0,2
189229910,2,2,4
189261413,2,29,31
189379716,2,0,2
189662629,2,1,3
189706382,2,0,2
189808982,2,0,2
189979297,2,0,2
190220669,2,4,6
190289834,2,2,4
190330402,2,0,2
190527476,2,0,2
190837942,2,7,9
190962362,2,0,2
191002845,2,2,4
191052555,2,0,2
191149170,2,0,2
191543688,2,0,2
191546705,2,8,10
191860870,2,0,2
192184630,2,7,9
192199947,2,2,4
192229988,2,0,2
192361787,2,2,4
192413483,2,1,3
192426807,2,0,2
192452385,2,4,6
192604327,2,0,2
192722154,2,2,4
192724847,2,2,4
192741815,2,0,2
192960178,2,0,2
193095422,2,0,2
193323820,2,0,2
193438058,2,0,2
193571821,2,0,2
193805154,2,0,2
193974400,2,0,2
193975782,2,0,2
194239124,2,0,2
194364576,2,0,2
194439964,2,0,2
195099619,2,2,4
195323673,2,0,2
195951523,2,0,2
196013046,2,1,3
196331731,2,1,3
196366626,2,0,2
196478923,2,0,2
196490371,2,0,2
196573660,2,0,2
196655273,2,3,5
196770471,2,0,2
196842270,2,1,3
196888750,2,2,4
197029721,2,0,2
197042537,2,2,4
197195159,2,0,2
197211761,2,0,2
197237293,2,35,37
197285495,2,27,29
197405973,2,0,2
197447489,2,0,2
197499879,2,0,2
197514472,2,2,4
198124252,2,0,2
198265466,2,1,3
198313261,2,0,2
198831961,2,0,2
198850644,2,0,2
198892733,2,1,3
199011855,2,1,3
199329478,2,0,2
199601800,2,87,89
199724717,2,0,2
199938696,2,3,5
200666525,2,0,2
200685045,2,0,2
200877508,2,10,12
200879753,2,1,3
200964745,2,161,163
201083078,2,1,3
201179196,2,0,2
201432865,2,0,2
201778797,2,0,2
201817947,2,0,2
202154984,2,2,4
202340670,2,0,2
202359470,2,7,9
202474798,2,0,2
202643200,2,0,2
202824134,2,1,3
202854478,2,0,2
203415949,2,45,47
203514488,2,3,5
203548057,2,0,2
203604563,2,2,4
203675491,2,0,2
204534066,2,124,126
204579616,2,1,3
204653280,2,66,68
204677860,2,0,2
204876816,2,24,26
205091914,2,4,6
205164018,2,0,2
205279606,2,0,2
205329588,2,1,3
205499036,2,0,2
205839399,2,0,2
206339841,2,1,3
206444633,2,7,9
206487352,2,5,7
206499058,2,0,2
206595216,2,0,2
206722953,2,0,2
206832958,2,0,2
206879448,2,4,6
207794625,2,3,5
208077015,2,26,28
208261417,2,0,2
208290586,2,3,5
208295718,2,0,2
208326964,2,0,2
208454621,2,1,3
208690651,2,0,2
209396337,2,1,3
209933250,2,0,2
210025962,2,1,3
210122060,2,0,2
210158518,2,0,2
210183323,2,0,2
210514996,2,0,2
210755379,2,12,14
210887250,2,0,2
211009285,2,1,3
211250713,2,6,8
211307304,2,0,2
211460593,2,0,2
211581971,2,0,2
211605978,2,2,4
211893377,2,11,13
212592916,2,0,2
212638517,2,0,2
212827723,2,0,2
213104292,2,33,35
213663897,2,2,4
213739922,2,0,2
213802653,2,0,2
213861803,2,1,3
213955691,2,0,2
214076162,2,2,4
214090957,2,1,3
214174937,2,0,2
214187580,2,1,3
214206294,2,3,5
214581968,2,2,4
214587705,2,0,2
214965877,2,0,2
215310458,2,0,2
215409054,2,1,3
215446326,2,2,4
215468535,2,3,5
215611871,2,6,8
215829030,2,0,2
216010124,2,0,2
216388389,2,0,2
216433448,2,0,2
216588075,2,0,2
216621878,2,7,9
216696619,2,0,2
216724218,2,0,2
216913264,2,0,2
217023496,2,0,2
217096464,2,0,2
217100313,2,0,2
217537648,2,0,2
217584499,2,5,7
217990551,2,6,8
218025719,2,0,2
218091012,2,0,2
218099000,2,0,2
218141673,2,0,2
218344471,2,0,2
218395004,2,0,2
219031179,2,2,4
219229287,2,0,2
219488834,2,0,2
219662594,2,0,2
219682475,2,0,2
220076540,2,7,9
220285903,2,0,2
220346553,2,0,2
220346850,2,1,3
220370123,2,0,2
220840580,2,1,3
221028149,2,0,2
221285353,2,0,2
221689934,2,0,2
221772216,2,1,3
221776217,2,2,4
222216539,2,5,7
222240984,2,0,2
222270535,2,1,3
222302677,2,2,4
222520608,2,0,2
222532228,2,4,6
222689740,2,3,5
222905766,2,1,3
222932914,2,0,2
223606821,2,0,2
224118460,2,0,2
224223972,2,0,2
224254847,2,0,2
224308725,2,1,3
224343703,2,0,2
224375842,2,0,2
224708983,2,1,3
224753107,2,0,2
225450171,2,0,2
225697415,2,3,5
225952381,2,0,2
225971312,2,0,2
225986680,2,1,3
226074681,2,4,6
226293968,2,0,2
226331461,2,0,2
226346459,2,0,2
226429352,2,1,3
226776411,2,2,4
226868997,2,0,2
226891084,2,2,4
227210573,2,0,2
227301906,2,2,4
227345093,2,0,2
227373977,2,16,18
227725341,2,0,2
227751231,2,0,2
227885776,2,0,2
228113621,2,0,2
228527938,2,2,4
228915951,2,34,36
228931560,2,7,9
228950242,2,13,15
229348540,2,0,2
229518601,2,90,92
229566294,2,0,2
229737319,2,0,2
229827617,2,0,2
229841284,2,4,6
229920613,2,2,4
230036214,2,0,2
230192635,2,5,7
230233575,2,0,2
230769228,2,0,2
231290286,2,0,2
231521378,2,8,10
231601400,2,0,2
231815020,2,1,3
232249578,2,0,2
232252552,2,1,3
232477609,2,3,5
232616152,2,17,19
232869373,2,5,7
232887115,2,0,2
233343509,2,0,2
233484761,2,12,14
233517905,2,0,2
233532495,2,0,2
233775855,2,0,2
234548424,2,3,5
235025638,2,0,2
235110656,2,0,2
235338203,2,32,34
235391593,2,0,2
235403138,2,0,2
235606046,2,1,3
235671129,2,1,3
235678381,2,2,4
235736369,2,0,2
235849325,2,7,9
235872193,2,0,2
236025474,2,0,2
236161375,2,0,2
236169650,2,0,2
236189005,2,0,2
236207072,2,0,2
236251268,2,0,2
236666920,2,0,2
236845562,2,1,3
236953673,2,0,2
237088574,2,0,2
237094342,2,0,2
237517427,2,2,4
237819615,2,0,2
238258141,2,0,2
238359126,2,2,4
238620467,2,22,24
238718282,2,0,2
238841834,2,3,5
238850015,2,0,2
238964227,2,0,2
239043505,2,0,2
239190457,2,0,2
239471657,2,0,2
239704355,2,16,18
239857777,2,27,29
239971286,2,0,2
240031930,2,1,3
240305861,2,7,9
240417403,2,35,37
240567108,2,1,3
240663096,2,5,7
240697075,2,20,22
240918224,2,0,2
241201438,2,15,17
241272963,2,0,2
241348393,2,9,11
241405108,2,3,5
241793407,2,2,4
241885795,2,0,2
241958105,2,0,2
242137063,2,7,9
242317127,2,0,2
242446038,2,0,2
242558190,2,2,4
242906591,2,0,2
242958904,2,24,26
242963110,2,1,3
243038474,2,5,7
243129384,2,0,2
243268045,2,1,3
243284050,2,0,2
243331278,2,175,177
243447702,2,0,2
243639047,2,0,2
243639402,2,35,37
243685805,2,0,2
243806101,2,1,3
244261108,2,8,10
244663587,2,5,7
244966099,2,0,2
244966902,2,0,2
244973666,2,2,4
245025428,2,18,20
245127021,2,0,2
245441097,2,4,6
245622076,2,0,2
245941967,2,0,2
246069206,2,9,11
246216912,2,0,2
246328494,2,5,7
246603066,2,1,3
246607289,2,0,2
246722425,2,0,2
246939630,2,11,13
246981694,2,1,3
247143987,2,0,2
247251969,2,0,2
247684341,2,0,2
247806555,2,3,5
247959776,2,2,4
247990005,2,0,2
248026545,2,0,2
248341854,2,0,2
248458312,2,0,2
248739284,2,13,15
248748998,2,0,2
248915848,2,0,2
248968663,2,0,2
249424032,2,7,9
249454322,2,0,2
249634536,2,1,3
249738177,2,0,2
249745453,2,0,2
249844021,2,6,8
250194416,2,0,2
250210601,2,1,3
250277561,2,36,38
250461234,2,0,2
250533381,2,0,2
250786273,2,1,3
250871810,2,0,2
250951895,2,0,2
250964763,2,3,5
251487577,2,0,2
251493077,2,5,7
251655340,2,0,2
251823723,2,5,7
251912882,2,0,2
251949523,2,0,2
252401599,2,1,3
252521771,2,0,2
252668368,2,0,2
252864170,2,1,3
252966637,2,7,9
253112666,2,0,2
253258167,2,10,12
253285890,2,1,3
253306038,2,3,5
253428532,2,11,13
253480717,2,0,2
253546222,2,0,2
253653624,2,1,3
253740939,2,0,2
254099520,2,4,6
254216470,2,0,2
254278756,2,0,2
254314901,2,0,2
254551595,2,0,2
254836859,2,8,10
254865798,2,4,6
255179519,2,0,2
255269018,2,28,30
255325854,2,0,2
255603140,2,0,2
255640383,2,0,2
256140757,2,0,2
256217733,2,0,2
256225219,2,0,2
256279398,2,0,2
256308480,2,2,4
257123996,2,5,7
257219396,2,0,2
257699482,2,46,48
258026081,2,47,49
258143439,2,0,2
258390373,2,0,2
258534270,2,3,5
258550964,2,0,2
258633117,2,0,2
258636866,2,7,9
259003928,2,4,6
259109644,2,0,2
259147714,2,0,2
259403222,2,0,2
259421736,2,0,2
259490295,2,61,63
259537321,2,0,2
259564527,2,0,2
259577625,2,0,2
259740598,2,0,2
259761195,2,0,2
260025426,2,0,2
260242070,2,0,2
260472621,2,0,2
260560359,2,0,2
260572639,2,2,4
260772564,2,0,2
261055816,2,0,2
261096925,2,0,2
261145070,2,0,2
261462277,2,0,2
261943953,2,0,2
262048371,2,0,2
262349771,2,12,14
262606743,2,0,2
262683865,2,4,6
262874236,2,3,5
263216178,2,0,2
263251988,2,0,2
263254029,2,0,2
263310916,2,3,5
263316788,2,0,2
263323635,2,0,2
263346336,2,0,2
263376660,2,17,19
263496106,2,4,6
263544397,2,0,2
263608284,2,1,3
263696280,2,2,4
263731089,2,0,2
263922326,2,0,2
263929108,2,0,2
264051339,2,0,2
264214675,2,0,2
264383384,2,4,6
264429757,2,13,15
264936596,2,0,2
265008987,2,0,2
265110044,2,0,2
265714407,2,0,2
265719691,2,0,2
265777213,2,0,2
265966037,2,0,2
266031982,2,0,2
266209233,2,2,4
266402015,2,3,5
266546063,2,0,2
266603022,2,0,2
266655848,2,0,2
266749157,2,5,7
266834648,2,3,5
267282474,2,4,6
267379197,2,0,2
267600841,2,12,14
267721977,2,8,10
267749411,2,0,2
267842250,2,36,38
268429567,2,30,32
268463179,2,4,6
268653902,2,0,2
268777060,2,0,2
268832554,2,0,2
269058519,2,0,2
269100664,2,6,8
269479912,2,0,2
269535760,2,0,2
269566390,2,0,2
269988007,2,1,3
270112547,2,0,2
270153494,2,0,2
270248054,2,0,2
270348298,2,0,2
270613457,2,10,12
271003200,2,1,3
271110741,2,1,3
271134055,2,0,2
271151507,2,0,2
271284486,2,0,2
271397818,2,0,2
271624785,2,0,2
271676493,2,11,13
271683341,2,0,2
271710808,2,0,2
271894649,2,0,2
271983748,2,0,2
272110718,2,0,2
272173769,2,8,10
272379353,2,0,2
272464509,2,2,4
272502663,2,0,2
272614288,2,2,4
272648974,2,0,2
272649647,2,5,7
272670300,2,0,2
273085080,2,0,2
273160040,2,2,4
273378102,2,0,2
273550069,2,0,2
273825758,2,0,2
274090769,2,5,7
274122713,2,0,2
274253919,2,10,12
274374183,2,0,2
274477867,2,0,2
274537655,2,0,2
274565646,2,5,7
274637491,2,0,2
274708938,2,1,3
274768241,2,9,11
274796492,2,4,6
274808764,2,0,2
274851603,2,0,2
275005312,2,0,2
275605366,2,0,2
275694486,2,0,2
275705000,2,1,3
275732175,2,44,46
276006479,2,1,3
276104649,2,0,2
276571696,2,8,10
276574172,2,0,2
276585456,2,0,2
276619089,2,0,2
276777392,2,0,2
276785622,2,0,2
277282047,2,0,2
277506971,2,0,2
277744933,2,0,2
277793442,2,0,2
277894708,2,0,2
277999049,2,0,2
278236063,2,0,2
278243355,2,0,2
278250174,2,0,2
278297689,2,0,2
278893844,2,2,4
279133142,2,0,2
279286428,2,1,3
280150032,2,0,2
280158384,2,2,4
280384716,2,0,2
280388554,2,0,2
280540636,2,0,2
280677214,2,0,2
281290563,2,0,2
281558748,2,1,3
281834755,2,0,2
281975802,2,0,2
282091188,2,0,2
282201296,2,0,2
282346571,2,0,2
282654434,2,7,9
282710228,2,41,43
282813843,2,9,11
282836622,2,0,2
282895229,2,7,9
283222019,2,0,2
283342056,2,1,3
283589843,2,0,2
284076960,2,0,2
284219418,2,0,2
284289494,2,0,2
284317432,2,0,2
284496384,2,0,2
284783877,2,7,9
285186497,2,0,2
285372191,2,0,2
285441571,2,0,2
285642534,2,5,7
285834495,2,0,2
285858834,2,0,2
285925478,2,2,4
286314316,2,0,2
286469588,2,1,3
286489732,2,0,2
287005849,2,0,2
287198003,2,0,2
287262068,2,0,2
287743594,2,0,2
287851174,2,9,11
287868732,2,9,11
288041411,2,18,20
288277167,2,1,3
288689548,2,5,7
288902601,2,12,14
288928512,2,3,5
288992384,2,0,2
289099894,2,14,16
289230515,2,0,2
289495860,2,0,2
289683492,2,0,2
290096341,2,0,2
290184444,2,1,3
290319629,2,4,6
290524469,2,0,2
290632502,2,0,2
290810286,2,8,10
290843302,2,0,2
290847074,2,0,2
291007562,2,0,2
291490081,2,3,5
291728804,2,0,2
291903954,2,20,22
292038619,2,2,4
292272990,2,76,78
292437185,2,0,2
292468351,2,4,6
292494864,2,0,2
292515758,2,0,2
292688751,2,0,2
293001765,2,0,2
293445832,2,22,24
293468474,2,3,5
293543641,2,0,2
293641010,2,6,8
293644644,2,0,2
293731542,2,4,6
293834510,2,0,2
294054606,2,1,3
294058435,2,0,2
294116508,2,0,2
294212675,2,1,3
294589325,2,1,3
294790792,2,0,2
294946027,2,0,2
295815228,2,0,2
295840281,2,0,2
295869525,2,0,2
296019070,2,0,2
296253096,2,0,2
296721949,2,1,3
296779066,2,1,3
296877797,2,0,2
297015736,2,0,2
297546385,2,8,10
297631958,2,1,3
297690193,2,4,6
297769542,2,1,3
297926266,2,0,2
298090959,2,3,5
298343889,2,0,2
298968040,2,0,2
300188131,2,0,2
300341625,2,0,2
300972481,2,8,10
301014412,2,0,2
301209831,2,9,11
301300430,2,0,2
301410220,2,0,2
301479373,2,1,3
301514936,2,3,5
301599766,2,0,2
301613161,2,0,2
301759090,2,0,2
301824832,2,1,3
301921401,2,0,2
302209106,2,0,2
302298015,2,0,2
302346908,2,114,116
302416276,2,0,2
302522483,2,0,2
302797746,2,0,2
303127485,2,0,2
303211553,2,0,2
303246692,2,0,2
303635804,2,7,9
303786892,2,4,6
304039720,2,0,2
304597683,2,0,2
305025804,2,1,3
305161409,2,1,3
305672664,2,0,2
305987067,2,0,2
306516780,2,0,2
307022378,2,0,2
307130381,2,0,2
307308209,2,0,2
307478223,2,0,2
308520123,2,2,4
308669882,2,4,6
308778138,2,0,2
308899152,2,0,2
309032458,2,0,2
309174244,2,0,2
309461851,2,0,2
309478340,2,0,2
309504580,2,3,5
309831556,2,0,2
310043443,2,2,4
310368633,2,0,2
310459697,2,0,2
310907559,2,1,3
311445939,2,0,2
311516033,2,21,23
311970867,2,0,2
312254991,2,0,2
312373111,2,0,2
312384063,2,2,4
312582218,2,0,2
312833734,2,0,2
313051421,2,1,3
313380539,2,0,2
313493138,2,0,2
313579398,2,0,2
313730702,2,32,34
314190961,2,0,2
314215559,2,1,3
314468797,2,9,11
314547401,2,11,13
314547496,2,0,2
315062407,2,0,2
315504266,2,0,2
315955129,2,0,2
316208642,2,15,17
316676316,2,0,2
316720641,2,1,3
316814356,2,0,2
316827079,2,0,2
316904716,2,0,2
317254236,2,0,2
317552915,2,1,3
317817273,2,3,5
317830240,2,1,3
317852431,2,0,2
317934141,2,0,2
318362292,2,0,2
318429297,2,2,4
318576019,2,0,2
318617789,2,1,3
318897110,2,0,2
318925520,2,0,2
319052739,2,1,3
319579028,2,0,2
319653073,2,0,2
319976759,2,0,2
319998587,2,0,2
320032458,2,0,2
320894404,2,0,2
321024461,2,30,32
321052552,2,0,2
321073488,2,0,2
321245121,2,0,2
321388638,2,1,3
321452942,2,53,55
321465751,2,0,2
321964248,2,3,5
321967654,2,14,16
322188504,2,0,2
322219037,2,7,9
322279613,2,0,2
322345001,2,0,2
322735335,2,6,8
322788499,2,0,2
323211718,2,0,2
323303143,2,0,2
324002806,2,7,9
324139511,2,5,7
324418696,2,0,2
324855392,2,0,2
325104532,2,0,2
325151460,2,0,2
325357449,2,15,17
325697157,2,10,12
325862777,2,7,9
325915534,2,0,2
325973050,2,0,2
326079212,2,1,3
326319661,2,1,3
326541524,2,0,2
326623754,2,18,20
326881762,2,62,64
326915244,2,1,3
326927880,2,1,3
327041202,2,3,5
327230946,2,0,2
327350247,2,0,2
327497267,2,0,2
327755591,2,1,3
327994948,2,0,2
328190896,2,1,3
328220889,2,1,3
328584734,2,10,12
328605837,2,0,2
328651328,2,1,3
328678586,2,0,2
328708063,2,2,4
328724888,2,0,2
328868617,2,0,2
328872922,2,0,2
329060214,2,0,2
329167924,2,0,2
329575736,2,2,4
329966600,2,32,34
330048553,2,0,2
330072048,2,0,2
330072972,2,4,6
330534146,2,0,2
330606743,2,0,2
330724595,2,0,2
331253116,2,0,2
331406813,2,22,24
331913979,2,1,3
331929278,2,1,3
331951488,2,6,8
332214778,2,1,3
332222148,2,0,2
332623938,2,0,2
332888157,2,0,2
332969379,2,0,2
333065305,2,2,4
333488499,2,3,5
333538831,2,9,11
333715643,2,0,2
333744554,2,0,2
333861798,2,0,2
334095331,2,0,2
334624117,2,3,5
334632076,2,0,2
334890757,2,0,2
334893364,2,16,18
335005143,2,0,2
335293686,2,7,9
335309857,2,0,2
335350290,2,0,2
335426737,2,3,5
335438512,2,0,2
335517892,2,1,3
335593292,2,7,9
335643550,2,0,2
336157306,2,9,11
336930396,2,4,6
337088364,2,7,9
337432986,2,0,2
337438684,2,4,6
337760097,2,1,3
338045174,2,0,2
338254828,2,0,2
338740511,2,0,2
339083472,2,4,6
339117930,2,0,2
339246375,2,5,7
339348186,2,0,2
339387432,2,0,2
339766869,2,0,2
339837407,2,0,2
339913534,2,0,2
340320154,2,0,2
340428751,2,0,2
340468150,2,0,2
340497276,2,0,2
340683368,2,4,6
340726856,2,0,2
340746141,2,0,2
340888859,2,0,2
341602491,2,10,12
341805227,2,5,7
341828997,2,0,2
341867027,2,2,4
342847221,2,0,2
342996178,2,1,3
343473332,2,0,2
343546234,2,6,8
343608622,2,0,2
343627453,2,12,14
343808457,2,0,2
343838107,2,0,2
343970818,2,0,2
344232045,2,1,3
344812667,2,8,10
344841425,2,0,2
344888334,2,0,2
344901573,2,0,2
344983372,2,0,2
345010925,2,1,3
345016420,2,34,36
345035453,2,37,39
345282673,2,0,2
345330992,2,0,2
345455112,2,4,6
345511631,2,0,2
345669823,2,0,2
345685294,2,0,2
346328849,2,0,2
346337516,2,0,2
346339018,2,48,50
346532435,2,4,6
346737271,2,0,2
346905146,2,1,3
347053514,2,0,2
347183541,2,0,2
347322165,2,9,11
347519849,2,1,3
347534990,2,0,2
347574326,2,0,2
347592816,2,0,2
347628000,2,0,2
347880292,2,0,2
348219347,2,0,2
348243955,2,0,2
348433950,2,2,4
348862535,2,0,2
349168615,2,0,2
349305915,2,0,2
349427898,2,0,2
349529945,2,6,8
349621705,2,0,2
349795261,2,0,2
349933661,2,0,2
350167818,2,10,12
350348767,2,0,2
350614788,2,2,4
350874814,2,0,2
351315869,2,0,2
351400120,2,9,11
351433890,2,0,2
351512459,2,1,3
351640346,2,0,2
351730076,2,0,2
351921185,2,0,2
351994845,2,0,2
352218498,2,0,2
352367157,2,0,2
352652343,2,5,7
352685477,2,3,5
352729313,2,0,2
353075162,2,0,2
353210692,2,0,2
353484475,2,0,2
353488216,2,2,4
353516383,2,0,2
353737179,2,0,2
354499885,2,7,9
354697101,2,0,2
355148678,2,0,2
355202542,2,0,2
355728751,2,17,19
355730680,2,0,2
355771775,2,0,2
356128650,2,0,2
357425652,2,0,2
357961200,2,0,2
358406817,2,0,2
358489917,2,8,10
358537980,2,0,2
358610010,2,0,2
359819588,2,0,2
360192282,2,0,2
360320296,2,3,5
360418183,2,0,2
360559289,2,0,2
360887816,2,0,2
361498497,2,3,5
361512988,2,0,2
361659023,2,0,2
362149323,2,31,33
362437916,2,0,2
362771405,2,0,2
362890507,2,0,2
363061428,2,0,2
363162881,2,0,2
363469298,2,2,4
363794949,2,0,2
363968664,2,0,2
364005318,2,0,2
364194053,2,3,5
364489423,2,0,2
365014074,2,1,3
365944961,2,0,2
366585225,2,0,2
367006568,2,0,2
367218289,2,2,4
367962727,2,2,4
368070942,2,1,3
368335643,2,13,15
368351397,2,0,2
368560223,2,0,2
369020298,2,0,2
369352400,2,0,2
369369070,2,0,2
369571463,2,0,2
369705920,2,0,2
370488128,2,0,2
370869802,2,1,3
371105155,2,0,2
371266391,2,0,2
371526187,2,0,2
371529507,2,0,2
371740458,2,0,2
371872026,2,0,2
371901242,2,3,5
371962353,2,0,2
371978408,2,1,3
372036119,2,2,4
372041712,2,0,2
372100937,2,1,3
372379454,2,0,2
372478864,2,0,2
372646451,2,0,2
373033461,2,2,4
373131942,2,0,2
373145851,2,0,2
373260286,2,30,32
373283132,2,2,4
373499013,2,0,2
373545427,2,6,8
373573582,2,0,2
373601625,2,2,4
373667727,2,0,2
374001462,2,0,2
374041135,2,0,2
374138602,2,10,12
374261392,2,1,3
374283231,2,1,3
374298219,2,0,2
374651419,2,0,2
374673775,2,58,60
374830971,2,5,7
374876476,2,0,2
375771603,2,0,2
376790381,2,0,2
377021501,2,0,2
377043561,2,0,2
377162832,2,0,2
377455876,2,0,2
377626218,2,0,2
377650276,2,0,2
378036328,2,0,2
378126181,2,2,4
378126778,2,0,2
378223718,2,0,2
378298356,2,2,4
378856675,2,0,2
378870351,2,1,3
379291395,2,0,2
379329076,2,0,2
379392631,2,0,2
379564192,2,0,2
379580556,2,0,2
380038270,2,9,11
380072188,2,0,2
380109737,2,1,3
380469541,2,0,2
380601943,2,0,2
380607398,2,0,2
380632052,2,0,2
380682592,2,1,3
380949039,2,24,26
381078471,2,5,7
381114903,2,0,2
381185418,2,0,2
381618515,2,0,2
381748059,2,0,2
381859593,2,0,2
382079464,2,0,2
382100372,2,0,2
382454800,2,3,5
383029034,2,0,2
383277317,2,0,2
383294284,2,79,81
383331639,2,0,2
383385447,2,6,8
383465756,2,0,2
383934900,2,0,2
384187577,2,0,2
384233102,2,5,7
384317226,2,0,2
384528262,2,18,20
384588279,2,0,2
384612596,2,11,13
384632711,2,1,3
384903405,2,0,2
384979447,2,0,2
385030138,2,0,2
385140254,2,0,2
385247322,2,0,2
385453786,2,0,2
385617137,2,0,2
385648976,2,0,2
385797341,2,0,2
386034701,2,3,5
386036080,2,0,2
386090786,2,0,2
386102578,2,25,27
386326268,2,0,2
386711843,2,0,2
386760225,2,1,3
386804503,2,1,3
387116008,2,18,20
387422287,2,0,2
387765512,2,0,2
388348314,2,1,3
388953994,2,0,2
389470429,2,2,4
389516094,2,1,3
389727116,2,1,3
389861495,2,0,2
390009714,2,0,2
390164649,2,3,5
390230379,2,0,2
390533335,2,5,7
390547556,2,7,9
390581131,2,7,9
391057503,2,0,2
391124546,2,0,2
391247059,2,0,2
391464226,2,8,10
391544447,2,42,44
391696274,2,1,3
391795121,2,0,2
392240958,2,0,2
392282617,2,0,2
392647078,2,0,2
392765317,2,0,2
392994519,2,0,2
393017714,2,0,2
393109867,2,0,2
393186059,2,8,10
393653861,2,0,2
394139038,2,1,3
394315460,2,0,2
394682462,2,0,2
395250756,2,0,2
395307943,2,0,2
395394840,2,1,3
395473463,2,0,2
395484189,2,1,3
396043963,2,0,2
396218442,2,0,2
396229995,2,0,2
396894164,2,0,2
396984793,2,0,2
397471420,2,3,5
397500827,2,1,3
397593353,2,1,3
397659786,2,0,2
397759508,2,1,3
398201237,2,0,2
398824766,2,0,2
398897431,2,4,6
399002403,2,8,10
399184212,2,2,4
399219301,2,0,2
399221791,2,0,2
399469139,2,0,2
399648746,2,34,36
399748718,2,0,2
400910775,2,0,2
401071244,2,0,2
401493768,2,0,2
401561641,2,0,2
401771162,2,28,30
401959601,2,0,2
402358586,2,0,2
402413259,2,0,2
402449407,2,0,2
402844554,2,0,2
403783818,2,10,12
403849149,2,2,4
403888647,2,0,2
403929282,2,0,2
404321828,2,7,9
404460410,2,4,6
404493171,2,5,7
404846338,2,1,3
404875213,2,1,3
405207928,2,0,2
405555155,2,0,2
405872575,2,0,2
406041472,2,0,2
406114131,2,1,3
406171016,2,4,6
406409560,2,0,2
406665617,2,0,2
406751527,2,28,30
407004470,2,4,6
408078011,2,2,4
408656830,2,0,2
408867251,2,0,2
408915090,2,0,2
408963949,2,0,2
409605880,2,8,10
409953320,2,1,3
410317301,2,0,2
410432698,2,0,2
410810987,2,0,2
410828784,2,0,2
410986068,2,0,2
412678195,2,0,2
412918723,2,0,2
413070329,2,3,5
413368459,2,5,7
413503321,2,1,3
413623876,2,0,2
413643225,2,2,4
413729818,2,0,2
413993392,2,0,2
414073598,2,0,2
414129834,2,0,2
414148059,2,0,2
414229208,2,0,2
414239235,2,3,5
414412006,2,7,9
414897938,2,2,4
415050550,2,0,2
415111363,2,0,2
415176405,2,83,85
415252985,2,0,2
415532798,2,2,4
415545153,2,0,2
415798824,2,0,2
415900763,2,0,2
416602633,2,3,5
416654046,2,0,2
416667702,2,0,2
417208964,2,125,127
417557187,2,0,2
417935598,2,0,2
418269736,2,1,3
418328659,2,0,2
418445741,2,0,2
418564714,2,0,2
418612597,2,1,3
418733004,2,0,2
419103327,2,7,9
419287862,2,0,2
419905792,2,0,2
419930249,2,0,2
420083874,2,0,2
420094330,2,0,2
420374546,2,0,2
420426010,2,0,2
420931932,2,0,2
421403944,2,1,3
422200018,2,0,2
422498000,2,0,2
422928277,2,0,2
422973903,2,0,2
423854767,2,0,2
424098061,2,0,2
424318034,2,1,3
424758801,2,0,2
425204803,2,2,4
425260396,2,15,17
425342323,2,0,2
425627161,2,0,2
426078171,2,0,2
426296388,2,0,2
426580897,2,0,2
426760553,2,0,2
427121266,2,0,2
427709444,2,0,2
427838013,2,0,2
427900160,2,0,2
427926529,2,0,2
427963457,2,0,2
428078273,2,1,3
428420599,2,0,2
428595667,2,3,5
428768918,2,1,3
428877231,2,0,2
428883455,2,0,2
429272717,2,1,3
429435147,2,0,2
429468186,2,0,2
430004813,2,0,2
430276091,2,0,2
430390627,2,0,2
430437851,2,0,2
431086184,2,0,2
431095265,2,0,2
431310372,2,2,4
432054538,2,0,2
432064754,2,0,2
432067574,2,0,2
432309577,2,0,2
432570561,2,0,2
432663293,2,2,4
432738210,2,0,2
433499213,2,0,2
433603449,2,1,3
433890626,2,0,2
433934607,2,0,2
434047875,2,0,2
434269162,2,1,3
434461134,2,0,2
435319705,2,0,2
435358969,2,0,2
435363943,2,0,2
435435062,2,0,2
435789874,2,0,2
436139359,2,0,2
436355727,2,0,2
436364902,2,0,2
436796988,2,0,2
436807142,2,1,3
436942508,2,3,5
437507293,2,0,2
437763516,2,0,2
437782454,2,0,2
438365593,2,0,2
438717538,2,1,3
439228341,2,0,2
439300403,2,0,2
439324393,2,0,2
439740258,2,1,3
439785790,2,0,2
440256362,2,0,2
440268012,2,0,2
440290073,2,0,2
440336268,2,2,4
440372706,2,35,37
441447400,2,0,2
441461703,2,1,3
441783154,2,0,2
442289156,2,0,2
442480428,2,0,2
442649949,2,6,8
443245458,2,0,2
443316920,2,0,2
443671074,2,0,2
443909195,2,0,2
444197346,2,0,2
444225252,2,6,8
444834307,2,0,2
444852888,2,0,2
444960718,2,0,2
445875749,2,0,2
445880830,2,0,2
445926838,2,1,3
446400829,2,0,2
446738627,2,0,2
447248678,2,0,2
447506599,2,0,2
447718700,2,0,2
448142012,2,7,9
448457746,2,0,2
448543265,2,0,2
449241822,2,0,2
449399440,2,0,2
450733067,2,1,3
450735849,2,1,3
450921524,2,13,15
451103923,2,2,4
451120217,2,0,2
451149366,2,0,2
451153126,2,0,2
451875843,2,0,2
452107568,2,1,3
452471922,2,1,3
452506416,2,0,2
452621105,2,0,2
452665144,2,0,2
452702086,2,0,2
452723224,2,1,3
452801620,2,0,2
453161783,2,4,6
453327331,2,0,2
453370609,2,0,2
453385090,2,1,3
453407913,2,18,20
453511327,2,0,2
454114771,2,0,2
454307399,2,0,2
454606104,2,0,2
455213121,2,0,2
455220438,2,0,2
455434242,2,0,2
455478288,2,0,2
455718962,2,0,2
455751568,2,0,2
456383038,2,0,2
456853520,2,0,2
456978105,2,0,2
457134680,2,0,2
457197906,2,0,2
457664731,2,1,3
458166936,2,2,4
458419013,2,2,4
458430196,2,15,17
458768756,2,0,2
458788764,2,5,7
458792938,2,10,12
458806419,2,0,2
459454101,2,0,2
459621192,2,11,13
459629583,2,0,2
459682741,2,0,2
459688324,2,0,2
459929541,2,0,2
460423713,2,0,2
460635191,2,0,2
460977654,2,0,2
461686420,2,2,4
461720060,2,5,7
462421836,2,0,2
463319901,2,0,2
463370598,2,1,3
463495421,2,0,2
463511716,2,0,2
464358304,2,0,2
464754405,2,0,2
464769373,2,1,3
464791310,2,0,2
464892258,2,1,3
465111148,2,0,2
465164003,2,1,3
465583780,2,0,2
465818037,2,0,2
465993873,2,0,2
466870769,2,0,2
466879335,2,5,7
467654914,2,0,2
468294875,2,0,2
468628823,2,0,2
468993872,2,0,2
469484667,2,7,9
469713385,2,3,5
469932950,2,0,2
470576174,2,0,2
470723559,2,0,2
470726943,2,54,56
470804872,2,0,2
470850720,2,0,2
471343530,2,0,2
471411690,2,0,2
471414589,2,0,2
471508034,2,0,2
471546419,2,0,2
471574555,2,0,2
471592068,2,1,3
471675818,2,3,5
472308972,2,0,2
472431999,2,0,2
472515859,2,17,19
472777969,2,0,2
472850865,2,0,2
472975980,2,0,2
473054244,2,1,3
473127344,2,0,2
473185117,2,0,2
473358959,2,0,2
473461572,2,0,2
473464602,2,1,3
473479952,2,0,2
473565025,2,12,14
474115232,2,0,2
474281575,2,0,2
474755598,2,0,2
474917204,2,4,6
475090830,2,0,2
475120000,2,1,3
475533565,2,0,2
476186272,2,0,2
476213663,2,0,2
476310766,2,1,3
476356883,2,0,2
476467094,2,0,2
476732456,2,3,5
477048139,2,0,2
477111103,2,2,4
477146859,2,0,2
477341274,2,0,2
477405956,2,0,2
477532742,2,0,2
477734625,2,0,2
477761583,2,0,2
477960113,2,2,4
478325517,2,2,4
479005246,2,0,2
479373693,2,0,2
479729555,2,0,2
479859735,2,1,3
479926160,2,0,2
480521817,2,0,2
481346386,2,0,2
481778345,2,0,2
482043594,2,0,2
482092987,2,1,3
482177360,2,0,2
482319564,2,7,9
482595199,2,1,3
482659595,2,2,4
483076902,2,2,4
483361124,2,0,2
483450448,2,0,2
483969513,2,0,2
484383203,2,1,3
484433480,2,0,2
485150190,2,0,2
485175498,2,0,2
485364212,2,0,2
485749158,2,1,3
486091791,2,0,2
486277575,2,0,2
486483376,2,0,2
487636923,2,3,5
487804016,2,0,2
487854862,2,0,2
487994424,2,0,2
488046435,2,1,3
488290527,2,0,2
488546287,2,0,2
488750838,2,0,2
488799600,2,13,15
489949478,2,0,2
490208425,2,0,2
490603778,2,0,2
490788493,2,0,2
490946441,2,4,6
491225365,2,2,4
491549642,2,0,2
491784444,2,0,2
492707698,2,0,2
492762935,2,0,2
493189485,2,0,2
493436504,2,0,2
493732370,2,5,7
494401428,2,7,9
494410337,2,0,2
494496716,2,1,3
495032335,2,0,2
495522438,2,0,2
496047763,2,9,11
496455019,2,0,2
496974569,2,0,2
497265429,2,0,2
497328891,2,0,2
497613819,2,6,8
497945305,2,0,2
498968763,2,1,3
499160195,2,0,2
499298530,2,0,2
499335821,2,0,2
500278617,2,2,4
500374269,2,0,2
500955077,2,0,2
500979021,2,0,2
501137249,2,0,2
501392817,2,0,2
501942948,2,4,6
502150253,2,0,2
503835655,2,0,2
504118626,2,0,2
504797143,2,0,2
504897651,2,0,2
504932893,2,0,2
505078586,2,0,2
505103050,2,1,3
505243735,2,0,2
505470796,2,5,7
505867056,2,0,2
506429053,2,1,3
506478692,2,0,2
506678232,2,0,2
508082768,2,0,2
508211004,2,0,2
508755821,2,0,2
509250349,2,0,2
509348757,2,26,28
509696506,2,0,2
509797735,2,1,3
510620192,2,0,2
511479719,2,0,2
512459340,2,1,3
512498711,2,0,2
512814104,2,0,2
513775722,2,13,15
513864386,2,1,3
514437128,2,0,2
514719126,2,0,2
514725574,2,0,2
514997523,2,1,3
515643290,2,11,13
515953474,2,0,2
515969373,2,27,29
516115677,2,0,2
516195669,2,31,33
516707871,2,0,2
517930227,2,0,2
517942019,2,0,2
518043012,2,0,2
518043939,2,14,16
518138067,2,1,3
518169799,2,0,2
518181149,2,0,2
518641297,2,1,3
518828743,2,0,2
519112303,2,0,2
519582295,2,0,2
519843371,2,1,3
520039848,2,0,2
520077932,2,4,6
520165198,2,0,2
520388961,2,0,2
520836673,2,0,2
521803821,2,0,2
521869396,2,1,3
522222488,2,1,3
522709518,2,0,2
522788050,2,0,2
523089621,2,0,2
523439793,2,21,23
523496496,2,11,13
523730458,2,0,2
524680534,2,0,2
524816493,2,7,9
524916657,2,0,2
525035401,2,1,3
525172387,2,0,2
525399046,2,0,2
525445526,2,2,4
525641368,2,0,2
525767833,2,0,2
525897133,2,1,3
526000287,2,4,6
526314347,2,0,2
526610523,2,0,2
526642776,2,2,4
527041602,2,15,17
527832439,2,0,2
528615281,2,0,2
528675042,2,0,2
528828787,2,0,2
528930143,2,0,2
529584742,2,0,2
529600847,2,0,2
529760866,2,0,2
529778173,2,0,2
529902246,2,2,4
531381788,2,9,11
531753835,2,0,2
531811720,2,0,2
531836732,2,0,2
531972192,2,0,2
532470877,2,0,2
532636929,2,0,2
532779460,2,2,4
532787594,2,0,2
532940934,2,0,2
533275706,2,1,3
533582843,2,0,2
533833243,2,0,2
534789515,2,6,8
535607356,2,0,2
535833722,2,30,32
535976909,2,0,2
537243989,2,0,2
537314214,2,0,2
537327467,2,0,2
537527953,2,1,3
537712583,2,0,2
538371816,2,2,4
538467434,2,2,4
538570597,2,23,25
538639867,2,0,2
538726668,2,4,6
538787226,2,0,2
539304637,2,0,2
539471220,2,0,2
540011996,2,3,5
540112780,2,0,2
540160989,2,0,2
540553659,2,1,3
540575373,2,1,3
540628749,2,6,8
541220277,2,1,3
541241845,2,0,2
541275949,2,0,2
541399134,2,0,2
541499063,2,1,3
541764461,2,0,2
541979062,2,0,2
542339235,2,0,2
542675438,2,0,2
542993760,2,0,2
543076474,2,0,2
543126181,2,1,3
543209508,2,0,2
543674529,2,0,2
543875276,2,0,2
544012988,2,5,7
544304386,2,0,2
544572724,2,0,2
544748061,2,0,2
545280966,2,0,2
545643280,2,1,3
546262986,2,0,2
546476549,2,37,39
547007760,2,0,2
547142836,2,0,2
547245887,2,1,3
547654112,2,0,2
547900791,2,0,2
548249031,2,7,9
549481375,2,0,2
549490712,2,1,3
550361773,2,0,2
550373320,2,37,39
550456178,2,5,7
550497388,2,1,3
550762158,2,0,2
550934472,2,0,2
551200721,2,3,5
551313172,2,0,2
551329806,2,0,2
551372332,2,113,115
551485810,2,0,2
551504670,2,0,2
551585520,2,0,2
551885169,2,0,2
552157759,2,4,6
552621458,2,2,4
553846211,2,0,2
554057633,2,0,2
554275797,2,5,7
554714523,2,1,3
555581996,2,0,2
555866443,2,0,2
556256860,2,3,5
556465338,2,0,2
556479935,2,0,2
556596737,2,0,2
557396432,2,0,2
557408330,2,0,2
557410202,2,0,2
557817579,2,0,2
557846162,2,24,26
557916334,2,0,2
559884899,2,1,3
560198159,2,1,3
560420437,2,1,3
560523819,2,0,2
560662754,2,0,2
561001762,2,0,2
561492261,2,0,2
561583269,2,0,2
561902266,2,5,7
561970498,2,0,2
562252893,2,2,4
562370664,2,0,2
562383308,2,0,2
562419999,2,3,5
562603474,2,0,2
564368350,2,11,13
564976987,2,0,2
565094293,2,3,5
565551564,2,0,2
566498973,2,0,2
566516709,2,0,2
566831256,2,0,2
567345835,2,0,2
567539169,2,2,4
567636574,2,11,13
567899750,2,0,2
568516050,2,0,2
568524151,2,0,2
568566074,2,0,2
569546005,2,8,10
569598335,2,1,3
570366065,2,0,2
570481845,2,2,4
570547481,2,0,2
570997344,2,0,2
571142680,2,1,3
571352961,2,1,3
571533105,2,0,2
572194455,2,0,2
572889036,2,0,2
572910406,2,6,8
572916925,2,0,2
573234084,2,3,5
573244635,2,4,6
573259476,2,1,3
574017058,2,0,2
574060708,2,0,2
574345139,2,0,2
574911627,2,0,2
575061204,2,0,2
575747486,2,2,4
575761641,2,0,2
576447628,2,0,2
576846473,2,0,2
576874857,2,0,2
577450846,2,2,4
577808775,2,4,6
577835845,2,1,3
577894182,2,11,13
578321883,2,0,2
578613484,2,0,2
579474545,2,33,35
579852349,2,9,11
579871412,2,78,80
579876161,2,17,19
579878248,2,17,19
580191779,2,4,6
580288876,2,0,2
581241345,2,0,2
581367526,2,0,2
581870726,2,0,2
582159696,2,0,2
582378986,2,0,2
582404940,2,0,2
583127483,2,0,2
583185402,2,0,2
583570131,2,0,2
583649520,2,0,2
583940240,2,4,6
583953494,2,1,3
583968920,2,0,2
584123572,2,1,3
584307166,2,1,3
584389352,2,8,10
584532234,2,0,2
584784407,2,0,2
584982511,2,0,2
585519746,2,0,2
585788694,2,0,2
585840548,2,0,2
586307103,2,1,3
586455829,2,0,2
586695336,2,0,2
586833751,2,0,2
587107096,2,0,2
587351226,2,0,2
587775402,2,0,2
587781450,2,0,2
587849478,2,5,7
588125997,2,5,7
588619840,2,1,3
588732207,2,7,9
588737569,2,0,2
588908433,2,2,4
589494145,2,0,2
589673643,2,1,3
589762826,2,4,6
590178524,2,3,5
590344219,2,3,5
590431139,2,3,5
591169299,2,5,7
591861856,2,1,3
594402451,2,1,3
594673276,2,0,2
595326357,2,0,2
595768014,2,0,2
595799978,2,0,2
595911174,2,0,2
596528853,2,48,50
596735345,2,0,2
598514283,2,0,2
598701017,2,0,2
598734826,2,0,2
598802590,2,1,3
598934359,2,0,2
599212658,2,0,2
599592758,2,150,152
599704350,2,0,2
599851722,2,0,2
600287527,2,0,2
600392208,2,0,2
600503639,2,3,5
600638083,2,1,3
600641891,2,0,2
600979200,2,0,2
601021985,2,2,4
601074162,2,0,2
601172972,2,0,2
602089650,2,0,2
602449513,2,4,6
602673974,2,0,2
602834681,2,0,2
602871353,2,0,2
603087747,2,0,2
603283025,2,0,2
603329260,2,0,2
603923041,2,31,33
604136708,2,0,2
605007310,2,1,3
605187131,2,0,2
605905564,2,0,2
605945975,2,0,2
605980046,2,0,2
606439008,2,41,43
607553103,2,0,2
607809054,2,0,2
608504982,2,0,2
608772115,2,0,2
608788963,2,1,3
609013067,2,0,2
609054736,2,0,2
610145929,2,0,2
610161866,2,0,2
610571404,2,0,2
610689845,2,0,2
610779358,2,0,2
610931727,2,0,2
611277990,2,0,2
611956481,2,0,2
612120673,2,0,2
612297082,2,0,2
612769925,2,0,2
613874818,2,0,2
613923436,2,0,2
614197117,2,0,2
614365077,2,4,6
614597914,2,0,2
614634704,2,0,2
614634742,2,2,4
614986100,2,0,2
615534948,2,0,2
615544907,2,0,2
615634780,2,0,2
615733239,2,0,2
616066573,2,0,2
616143918,2,0,2
616446660,2,0,2
616458683,2,22,24
616682778,2,0,2
617322995,2,0,2
617431371,2,1,3
617534354,2,0,2
617767191,2,5,7
617816730,2,0,2
617825073,2,35,37
618052821,2,0,2
618484903,2,0,2
618584235,2,1,3
619023862,2,1,3
619089258,2,0,2
619100381,2,0,2
619267636,2,0,2
619340149,2,0,2
619837506,2,18,20
619876080,2,0,2
620309171,2,0,2
620327637,2,0,2
620460259,2,5,7
620485750,2,8,10
620544423,2,17,19
620611483,2,0,2
620645569,2,1,3
620775717,2,0,2
620966587,2,0,2
621463911,2,0,2
621468996,2,21,23
622249753,2,0,2
622766575,2,0,2
623198116,2,0,2
623225879,2,0,2
623794918,2,3,5
624142404,2,0,2
624253829,2,0,2
624376674,2,0,2
624774427,2,11,13
624975363,2,0,2
625229072,2,0,2
625546695,2,0,2
625898313,2,0,2
626226959,2,0,2
626354357,2,0,2
626659639,2,0,2
626716268,2,0,2
626845548,2,0,2
627608977,2,0,2
627715456,2,0,2
628981072,2,0,2
629144773,2,0,2
629161818,2,0,2
629898681,2,0,2
630064089,2,0,2
630438602,2,0,2
630562100,2,0,2
630706763,2,10,12
630773403,2,0,2
631145276,2,0,2
631279708,2,0,2
631494194,2,0,2
631816366,2,0,2
632119874,2,0,2
632347405,2,0,2
632362956,2,0,2
632455074,2,0,2
632793529,2,1,3
633913421,2,2,4
633966623,2,0,2
633972408,2,50,52
634274768,2,22,24
634700211,2,3,5
634722562,2,0,2
634810301,2,0,2
634912392,2,0,2
635238084,2,0,2
635723948,2,9,11
636434377,2,0,2
636599936,2,19,21
636602792,2,9,11
636665082,2,36,38
637129237,2,1,3
637218876,2,0,2
637284025,2,4,6
637303118,2,0,2
700339777,2,1,3
700723050,2,31,33
701258111,2,8,10
701612912,2,2,4
701836814,2,0,2
702168266,2,0,2
704057644,2,0,2
704952570,2,18,20
707076013,2,0,2
707132776,2,0,2
707210756,2,15,17
707809446,2,0,2
708211100,2,0,2
708307981,2,0,2
709290341,2,0,2
709315100,2,0,2
709521655,2,24,26
709983576,2,1,3
710985480,2,0,2
710996754,2,1,3
711116378,2,0,2
711192812,2,0,2
711996407,2,1,3
712787119,2,17,19
713616628,2,0,2
715055206,2,1,3
715228825,2,10,12
715973127,2,1,3
716146946,2,0,2
716707620,2,0,2
716725957,2,0,2
718444236,2,0,2
718487389,2,0,2
718666860,2,0,2
718818558,2,0,2
719362796,2,0,2
720911684,2,0,2
721855952,2,0,2
722947674,2,14,16
723255211,2,2,4
723663031,2,0,2
724136238,2,0,2
725075832,2,0,2
725367684,2,0,2
726506916,2,0,2
726543253,2,0,2
726809792,2,0,2
728048323,2,4,6
729783218,2,0,2
730244006,2,0,2
731204742,2,0,2
732042865,2,0,2
732539580,2,0,2
732915888,2,1,3
733265461,2,0,2
733385203,2,0,2
733451022,2,0,2
735019422,2,0,2
736062678,2,1,3
737232126,2,7,9
737330616,2,0,2
737588660,2,2,4
738512046,2,2,4
739150746,2,2,4
739215787,2,0,2
739298731,2,0,2
740920470,2,4,6
741381475,2,0,2
742020926,2,0,2
742517287,2,0,2
742947103,2,4,6
743149370,2,0,2
744082452,2,0,2
744253518,2,0,2
744338276,2,0,2
744726008,2,3,5
745248356,2,0,2
746412380,2,0,2
747757680,2,4,6
748101098,2,0,2
748122990,2,0,2
749183748,2,0,2
750215064,2,0,2
751206314,2,0,2
751329602,2,1,3
751705897,2,0,2
751813572,2,0,2
752078192,2,2,4
752803826,2,1,3
755313499,2,0,2
755425237,2,1,3
755751559,2,1,3
755829115,2,12,14
755852694,2,42,44
755884291,2,0,2
756095948,2,0,2
756240828,2,0,2
756813450,2,0,2
756949772,2,2,4
757270447,2,0,2
758054623,2,0,2
758239644,2,0,2
759098060,2,1,3
759443978,2,0,2
759541952,2,3,5
761320712,2,1,3
762985064,2,0,2
763126172,2,0,2
763627830,2,7,9
764476890,2,1,3
766008188,2,10,12
766132800,2,3,5
766646666,2,0,2
767581315,2,0,2
768033134,2,1,3
768114732,2,1,3
769038992,2,0,2
771265748,2,0,2
771628238,2,0,2
772659860,2,0,2
774614126,2,0,2
779355458,2,1,3
780375846,2,4,6
780735704,2,5,7
780802255,2,0,2
781359752,2,8,10
781779162,2,0,2
781857175,2,28,30
782733648,2,0,2
784550269,2,0,2
786033955,2,1,3
787197728,2,0,2
787352840,2,0,2
788005932,2,0,2
788045611,2,1,3
788058554,2,0,2
788206657,2,0,2
789365244,2,11,13
789671180,2,0,2
790078980,2,0,2
790645802,2,0,2
790737018,2,15,17
792359947,2,0,2
792807205,2,2,4
793974546,2,22,24
796493114,2,41,43
796566313,2,0,2
796895119,2,0,2
797527482,2,0,2
798006661,2,0,2
798977636,2,1,3
799059019,2,0,2
800724559,2,0,2
801114176,2,0,2
801115910,2,0,2
801629904,2,2,4
801771348,2,0,2
801871916,2,0,2
802041914,2,1,3
802694136,2,106,108
805709276,2,0,2
806075419,2,1,3
806304476,2,0,2
806435438,2,9,11
807889344,2,0,2
807957037,2,3,5
809098482,2,0,2
809484055,2,7,9
809661944,2,2,4
809887021,2,5,7
810126996,2,0,2
810535520,2,0,2
810556008,2,0,2
810886350,2,8,10
811159314,2,0,2
811165122,2,0,2
811356452,2,0,2
811604010,2,0,2
811858381,2,17,19
812863092,2,0,2
812902183,2,0,2
813684102,2,0,2
813916423,2,0,2
814358418,2,0,2
814443992,2,10,12
815566380,2,3,5
816480408,2,0,2
816550878,2,0,2
816658735,2,0,2
817166696,2,0,2
818305568,2,0,2
819739788,2,9,11
819774414,2,0,2
819809856,2,0,2
820370688,2,2,4
820597014,2,10,12
822269983,2,0,2
822318182,2,9,11
822429432,2,0,2
822663973,2,1,3
823022586,2,0,2
824261245,2,0,2
824334727,2,0,2
825690090,2,3,5
826160174,2,0,2
827618384,2,3,5
828097458,2,0,2
828958231,2,0,2
829710272,2,0,2
829969501,2,1,3
831488154,2,3,5
831905911,2,0,2
833182464,2,10,12
835894628,2,0,2
836275021,2,0,2
836522306,2,0,2
836640187,2,8,10
836910416,2,0,2
837726396,2,0,2
838577412,2,1,3
839023550,2,0,2
840844440,2,3,5
840897667,2,0,2
843492458,2,0,2
843849716,2,0,2
843902546,2,0,2
844085474,2,0,2
844386798,2,0,2
844704811,2,4,6
845819990,2,0,2
845867918,2,1,3
847009344,2,2,4
848098368,2,0,2
848434886,2,9,11
848599800,2,0,2
848788526,2,0,2
849475530,2,0,2
849521965,2,0,2
850048514,2,0,2
850143984,2,0,2
850800331,2,0,2
851642136,2,2,4
853756748,2,0,2
853791866,2,10,12
855020682,2,1,3
855561408,2,0,2
856074224,2,0,2
856711969,2,2,4
856956782,2,0,2
858391585,2,0,2
858942456,2,0,2
859387057,2,1,3
860616026,2,0,2
860646619,2,0,2
860803369,2,1,3
861634554,2,0,2
861928392,2,0,2
862374578,2,0,2
865206576,2,1,3
865436508,2,0,2
865590798,2,0,2
866157062,2,0,2
867019993,2,52,54
867433136,2,0,2
870344262,2,0,2
871660705,2,0,2
871870586,2,0,2
872032051,2,0,2
872216179,2,1,3
872906970,2,0,2
874367360,2,0,2
874504310,2,0,2
874549405,2,0,2
874617270,2,0,2
874709941,2,1,3
874714124,2,0,2
874747374,2,0,2
874821091,2,1,3
874829737,2,0,2
876115183,2,0,2
876218460,2,0,2
876959605,2,6,8
877075249,2,9,11
877671313,2,6,8
877912404,2,0,2
879065539,2,10,12
882677060,2,1,3
883356475,2,2,4
885596407,2,0,2
885689940,2,0,2
885698071,2,0,2
885700159,2,0,2
885738362,2,0,2
885774666,2,0,2
885795433,2,0,2
885899647,2,0,2
885909877,2,0,2
885995240,2,0,2
886183075,2,0,2
887513180,2,0,2
888420325,2,0,2
888672024,2,5,7
889106137,2,12,14
889891044,2,12,14
891246133,2,16,18
891302821,2,0,2
892297790,2,1,3
893226348,2,0,2
893437940,2,0,2
894212066,2,0,2
894551101,2,1,3
895644630,2,0,2
898881511,2,0,2
899003766,2,11,13
899812514,2,0,2
899818962,2,0,2
900009812,2,2,4
900422131,2,0,2
900496652,2,0,2
900649855,2,0,2
901021910,2,0,2
901077996,2,11,13
901667341,2,3,5
901958768,2,0,2
902098932,2,0,2
903076261,2,17,19
903390710,2,0,2
904298647,2,17,19
904729868,2,0,2
904745582,2,0,2
905060592,2,0,2
905133974,2,0,2
905304163,2,0,2
905527525,2,4,6
907116512,2,0,2
907929618,2,5,7
908267138,2,0,2
910755810,2,3,5
911069618,2,0,2
911208331,2,0,2
911391806,2,27,29
911723090,2,2,4
913556318,2,0,2
913651933,2,3,5
913660250,2,0,2
914705360,2,0,2
915116917,2,0,2
915356900,2,12,14
915920282,2,0,2
916119991,2,0,2
916230955,2,0,2
916834944,2,2,4
917197254,2,7,9
917901427,2,0,2
918886052,2,2,4
920075616,2,0,2
920205902,2,2,4
920234150,2,0,2
921060774,2,0,2
921605508,2,0,2
922105339,2,0,2
922386368,2,0,2
922449692,2,0,2
922477748,2,1,3
924229166,2,2,4
924430916,2,0,2
926312430,2,6,8
928270069,2,0,2
928949262,2,3,5
929078468,2,0,2
929782800,2,0,2
930024914,2,0,2
930198985,2,0,2
930292716,2,0,2
930611120,2,0,2
930682916,2,0,2
931074517,2,0,2
931299361,2,2,4
931699274,2,0,2
932084786,2,0,2
932212483,2,0,2
932978486,2,0,2
933069031,2,0,2
933407251,2,1,3
933608498,2,3,5
933693476,2,1,3
934849460,2,0,2
935386124,2,0,2
935453274,2,0,2
935563615,2,0,2
935779562,2,3,5
936779328,2,0,2
937670515,2,6,8
937732080,2,1,3
938025637,2,0,2
938311849,2,0,2
938726071,2,0,2
939410138,2,12,14
940138705,2,0,2
940162501,2,2,4
940789609,2,0,2
941874120,2,0,2
942481458,2,1,3
942509630,2,0,2
944499846,2,0,2
947980322,2,5,7
948104532,2,7,9
950726556,2,0,2
954534565,2,3,5
954994441,2,0,2
955261363,2,0,2
956023519,2,0,2
956420654,2,0,2
957264102,2,0,2
961043287,2,0,2
961478844,2,1,3
961735778,2,0,2
961934473,2,0,2
962296951,2,0,2
963245000,2,0,2
963313098,2,0,2
963443042,2,0,2
963500502,2,0,2
963510204,2,0,2
965141484,2,0,2
966980227,2,0,2
968851441,2,0,2
971084462,2,0,2
972777685,2,0,2
973031016,2,0,2
973315880,2,0,2
974751620,2,0,2
975656262,2,46,48
975708379,2,3,5
976793737,2,0,2
977543089,2,0,2
978736735,2,0,2
979396218,2,0,2
979496046,2,0,2
983319266,2,0,2
983437124,2,0,2
983599580,2,0,2
985846790,2,0,2
986335885,2,0,2
987010957,2,0,2
988177634,2,0,2
988404216,2,0,2
990125064,2,0,2
990465847,2,1,3
991177016,2,1,3
992111965,2,0,2
992193380,2,0,2
993592579,2,4,6
995118398,2,0,2
995446226,2,1,3
995851280,2,5,7
995853188,2,0,2
996130537,2,0,2
996212894,2,6,8
998460043,2,0,2
1000942098,2,1,3
1002760320,2,1,3
1002862598,2,4,6
1003242050,2,0,2
1003378236,2,0,2
1004244764,2,0,2
1006081536,2,0,2
1008689520,2,0,2
1009756178,2,0,2
1011480529,2,0,2
1011805087,2,0,2
1012488631,2,0,2
1012894238,2,7,9
1014061423,2,0,2
1014249685,2,12,14
1014476474,2,0,2
1015385599,2,0,2
1016174184,2,0,2
1016636281,2,1,3
1017088381,2,0,2
1020014816,2,0,2
1020828164,2,0,2
1022107368,2,0,2
1022212892,2,0,2
1022927334,2,0,2
1025859013,2,10,12
1026598189,2,0,2
1029351247,2,0,2
1030829425,2,0,2
1031414395,2,0,2
1034602010,2,0,2
1035487243,2,0,2
1036726004,2,0,2
1037861028,2,2,4
1038243872,2,0,2
1039433196,2,0,2
1041400470,2,0,2
1042267028,2,0,2
1043011758,2,1,3
1043696545,2,0,2
1043813328,2,0,2
1044898676,2,1,3
1046101915,2,0,2
1046145163,2,0,2
1046618564,2,0,2
1048220658,2,3,5
1049049349,2,0,2
1053536258,2,0,2
1055491123,2,0,2
1055671802,2,0,2
1059012631,2,50,52
1059418621,2,0,2
1059686924,2,0,2
1060814845,2,0,2
1061201882,2,1,3
1061226630,2,0,2
1061423660,2,0,2
1061709823,2,0,2
1064119321,2,0,2
1064201528,2,1,3
1065739086,2,11,13
1066475688,2,0,2
1067590897,2,1,3
1069349582,2,3,5
1069706202,2,0,2
1069714362,2,40,42
1069837675,2,6,8
1070632298,2,0,2
1070692686,2,0,2
1071280824,2,0,2
1071810884,2,14,16
1071915631,2,0,2
1073051490,2,1,3
1077047929,2,0,2
1077943754,2,0,2
1082357078,2,0,2
1082865536,2,0,2
1084267398,2,0,2
1086755929,2,0,2
1087435956,2,0,2
1087883407,2,0,2
1088126762,2,2,4
1090466042,2,1,3
1090618254,2,0,2
1090681272,2,0,2
1090866056,2,0,2
1091124092,2,3,5
1092459554,2,1,3
1094361186,2,0,2
1095719474,2,0,2
1096939369,2,0,2
1097698130,2,0,2
1099640622,2,0,2
1099734522,2,0,2
1101704298,2,5,7
1102675910,2,12,14
1104692737,2,0,2
1105109168,2,1,3
1106842892,2,2,4
1107531284,2,0,2
1107739050,2,0,2
1107775207,2,1,3
1110642181,2,0,2
1110987691,2,0,2
1113344888,2,0,2
1113545408,2,0,2
1114390898,2,0,2
1115501100,2,85,87
1115562132,2,13,15
1120503236,2,0,2
1125337076,2,2,4
1125906912,2,20,22
1127256108,2,1,3
1128284827,2,0,2
1129076322,2,0,2
1130562336,2,0,2
1132030123,2,4,6
1132391474,2,0,2
1132427892,2,2,4
1132881972,2,12,14
1133610576,2,1,3
1134028386,2,0,2
1137468259,2,0,2
1138206272,2,75,77
1138304030,2,1,3
1138606874,2,0,2
1138775360,2,0,2
1138913270,2,1,3
1140039720,2,0,2
1140119654,2,0,2
1140895448,2,0,2
1141970689,2,0,2
1145614250,2,13,15
1146758078,2,0,2
1149096115,2,0,2
1150035013,2,0,2
1150041048,2,1,3
1150535910,2,0,2
1150896566,2,2,4
1151654136,2,0,2
1152263798,2,1,3
1152349736,2,0,2
1152860286,2,2,4
1154111378,2,9,11
1154538534,2,3,5
1154934108,2,0,2
1155798722,2,0,2
1155949339,2,0,2
1157168911,2,0,2
1157324904,2,0,2
1160398826,2,0,2
1160686598,2,0,2
1160692081,2,0,2
1161337274,2,0,2
1161414079,2,0,2
1165173890,2,0,2
1165407193,2,0,2
1165631808,2,0,2
1165819476,2,0,2
1167039055,2,43,45
1167422400,2,3,5
1167600860,2,0,2
1168303316,2,0,2
1170120361,2,0,2
1170711535,2,0,2
1171848354,2,1,3
1172417000,2,0,2
1173108769,2,1,3
1173294313,2,0,2
1174242762,2,0,2
1176618985,2,0,2
1181966660,2,0,2
1183014312,2,17,19
1183051423,2,0,2
1188294864,2,5,7
1188380772,2,244,246
1188845820,2,0,2
1191278580,2,51,53
1193830626,2,6,8
1195691024,2,0,2
1197294680,2,0,2
1197859748,2,0,2
1198915075,2,0,2
1200768786,2,0,2
1202875051,2,2,4
1205604222,2,0,2
1205710646,2,0,2
1206856242,2,0,2
1210375537,2,2,4
1210646653,2,40,42
1214278470,2,2,4
1214576701,2,0,2
1216243676,2,1,3
1216402297,2,0,2
1216852339,2,5,7
1219572384,2,0,2
1220107848,2,0,2
1222886635,2,0,2
1223466703,2,0,2
1223584116,2,1,3
1223784397,2,0,2
1225584402,2,0,2
1228710404,2,0,2
1231936753,2,0,2
1232499080,2,0,2
1234063308,2,0,2
1234996436,2,0,2
1239945181,2,0,2
1242079939,2,0,2
1243661485,2,0,2
1244750184,2,4,6
1246900826,2,34,36
1247745608,2,0,2
1247852473,2,0,2
1250618472,2,3,5
1252163330,2,0,2
1253909420,2,0,2
1255294398,2,41,43
1256136516,2,0,2
1258151748,2,4,6
1258450356,2,0,2
1260223170,2,4,6
1263285943,2,0,2
1264685701,2,0,2
1266274682,2,0,2
1267313646,2,1,3
1269566431,2,0,2
1269589626,2,0,2
1270012567,2,0,2
1271379187,2,0,2
1271791544,2,0,2
1272956688,2,0,2
1273117202,2,1,3
1273202712,2,4,6
1275620544,2,1,3
1275851376,2,0,2
1276274786,2,0,2
1276869883,2,1,3
1278616682,2,0,2
1278927588,2,1,3
1279066759,2,0,2
1279483484,2,1,3
1279811228,2,0,2
1280542297,2,0,2
1281660648,2,6,8
1281674359,2,0,2
1284265094,2,0,2
1285599894,2,0,2
1286390371,2,0,2
1286402252,2,0,2
1287144001,2,0,2
1287192638,2,0,2
1287506598,2,0,2
1287668414,2,0,2
1287706999,2,0,2
1287720228,2,0,2
1289627154,2,3,5
1290064778,2,0,2
1290086365,2,1,3
1292814367,2,0,2
1293751158,2,0,2
1295671075,2,2,4
1296429744,2,0,2
1296502742,2,0,2
1301279857,2,0,2
1303669248,2,0,2
1305332574,2,0,2
1306720638,2,0,2
1308219978,2,0,2
1308292158,2,1,3
1308447264,2,0,2
1310679096,2,2,4
1311297138,2,0,2
1312446648,2,11,13
1313930755,2,0,2
1315013377,2,5,7
1315642723,2,2,4
1315645386,2,0,2
1315818632,2,0,2
1316642034,2,0,2
1317807865,2,0,2
1318840760,2,62,64
1318966164,2,0,2
1319852330,2,0,2
1320228714,2,0,2
1321659559,2,4,6
1323054572,2,0,2
1323173424,2,1,3
1323835934,2,0,2
1325218238,2,7,9
1325684449,2,0,2
1325786184,2,0,2
1325906214,2,0,2
1328399958,2,0,2
1329790669,2,0,2
1330120332,2,0,2
1330247270,2,0,2
1330443013,2,0,2
1332630685,2,2,4
1334430691,2,0,2
1335929934,2,0,2
1337238115,2,0,2
1339835282,2,0,2
1340315996,2,0,2
1340384994,2,0,2
1340525928,2,0,2
1342554860,2,0,2
1343632100,2,1,3
1345707175,2,0,2
1345734018,2,1,3
1346296405,2,0,2
1346996612,2,0,2
1347394021,2,0,2
1347433824,2,0,2
1347577088,2,1,3
1347943243,2,7,9
1348016437,2,0,2
1348990304,2,0,2
1350528253,2,146,148
1353347065,2,0,2
1353569258,2,0,2
1353726102,2,0,2
1354444945,2,0,2
1354555434,2,0,2
1355306364,2,0,2
1355406758,2,11,13
1357764924,2,0,2
1358134471,2,9,11
1358297388,2,3,5
1360165650,2,0,2
1360181480,2,0,2
1360769478,2,0,2
1360822585,2,3,5
1361833118,2,7,9
1362738174,2,0,2
1363383025,2,7,9
1365069116,2,5,7
1365966151,2,10,12
1366530062,2,0,2
1366665859,2,0,2
1367800878,2,0,2
1368120350,2,0,2
1369702532,2,5,7
1370258384,2,1,3
1370439012,2,3,5
1370689956,2,0,2
1372668180,2,9,11
1374752815,2,2,4
1377631526,2,0,2
1378519171,2,0,2
1380677004,2,10,12
1382663652,2,0,2
1384615968,2,0,2
1385436320,2,0,2
1385537808,2,0,2
1385770087,2,0,2
1385925751,2,1,3
1386533192,2,0,2
1387715442,2,2,4
1390353091,2,0,2
1391015396,2,0,2
1391090496,2,0,2
1392799814,2,0,2
1394578368,2,2,4
1394657935,2,0,2
1395026497,2,6,8
1395303439,2,0,2
1395600319,2,1,3
1397313776,2,0,2
1397509826,2,0,2
1400459156,2,3,5
1400726738,2,0,2
1402991214,2,31,33
1403318802,2,1,3
1406270910,2,8,10
1406421060,2,0,2
1408446710,2,0,2
1409521471,2,0,2
1411759916,2,0,2
1416007532,2,2,4
1416995203,2,3,5
1418582743,2,1,3
1418763302,2,0,2
1419552835,2,0,2
1424145636,2,2,4
1425972247,2,11,13
1426325298,2,1,3
1428718188,2,0,2
1429380444,2,0,2
1429966902,2,0,2
1431770407,2,0,2
1431788521,2,26,28
1432431126,2,4,6
1434554412,2,0,2
1435577306,2,18,20
1435835767,2,0,2
1436138376,2,1,3
1436268397,2,0,2
1436512416,2,0,2
1437201187,2,0,2
1444713540,2,1,3
1445101183,2,0,2
1445554201,2,0,2
1445835991,2,0,2
1447711483,2,0,2
1449262243,2,0,2
1449980300,2,0,2
1450724610,2,2,4
1451287674,2,0,2
1452512222,2,0,2
1456103556,2,0,2
1456638925,2,0,2
1457547193,2,0,2
1462549886,2,0,2
1462992721,2,0,2
1462993464,2,1,3
1463238398,2,0,2
1468315423,2,0,2
1468496635,2,0,2
1468520424,2,0,2
1468545482,2,0,2
1470351072,2,2,4
1470415376,2,0,2
1470616130,2,0,2
1475428734,2,0,2
1477432891,2,0,2
1478609611,2,0,2
1480676761,2,0,2
1480757413,2,0,2
1483744693,2,14,16
1485357764,2,0,2
1486890522,2,0,2
1486932570,2,0,2
1487840984,2,1,3
1491094147,2,0,2
1494855932,2,0,2
1496017272,2,0,2
1499357226,2,6,8
1500739526,2,0,2
1503942360,2,0,2
1504066459,2,0,2
1505996544,2,0,2
1510674907,2,0,2
1513584420,2,0,2
1513616846,2,0,2
1513958744,2,102,104
1517681030,2,6,8
1518076123,2,2,4
1519344024,2,0,2
1519759543,2,1,3
1522335860,2,0,2
1522756567,2,0,2
1523741498,2,1,3
1525273760,2,0,2
1526118397,2,0,2
1528845500,2,0,2
1530674328,2,0,2
1533143322,2,0,2
1534008078,2,0,2
1534080878,2,0,2
1534107452,2,0,2
1536644642,2,0,2
1537636128,2,0,2
1538995524,2,5,7
1539374624,2,3,5
1539521695,2,0,2
1539582751,2,0,2
1539616603,2,2,4
1540904432,2,0,2
1541109186,2,0,2
1541316889,2,0,2
1541712684,2,1,3
1543913340,2,0,2
1546240171,2,15,17
1546333765,2,1,3
1546677751,2,0,2
1547176844,2,0,2
1549319371,2,0,2
1551892063,2,3,5
1552391180,2,0,2
1552785847,2,0,2
1553459383,2,0,2
1553569147,2,0,2
1554485352,2,1,3
1555752901,2,0,2
1556529385,2,0,2
1557151904,2,0,2
1560767340,2,0,2
1561651484,2,2,4
1563200262,2,0,2
1565734819,2,0,2
1566711182,2,0,2
1566855433,2,0,2
1567149176,2,0,2
1567558026,2,1,3
1569047424,2,12,14
1569355644,2,0,2
1572989544,2,1,3
1573601083,2,0,2
1573934581,2,0,2
1574094847,2,13,15
1575608342,2,0,2
1576033008,2,3,5
1576277406,2,1,3
1577896628,2,0,2
1578691928,2,0,2
1578868807,2,0,2
1581243024,2,4,6
1581301364,2,0,2
1581638240,2,4,6
1583168923,2,0,2
1583581070,2,18,20
1586061114,2,0,2
1586804930,2,78,80
1586941430,2,0,2
1588549668,2,0,2
1589371008,2,2,4
1592052703,2,0,2
1592358410,2,0,2
1592502890,2,0,2
1592533466,2,0,2
1593779827,2,70,72
1594395349,2,1,3
1595145768,2,0,2
1595768712,2,0,2
1597035144,2,0,2
1597680272,2,0,2
1598421271,2,0,2
1598774635,2,0,2
1601258078,2,5,7
1601622458,2,1,3
1601693970,2,0,2
1602142670,2,6,8
1602243937,2,0,2
1603865664,2,0,2
1604154602,2,0,2
1604663538,2,11,13
1604728908,2,0,2
1605246992,2,0,2
1609095385,2,8,10
1609752404,2,2,4
1609764757,2,0,2
1611187092,2,0,2
1611619975,2,0,2
1611863744,2,0,2
1612071392,2,3,5
1612085407,2,0,2
1613291521,2,0,2
1613448224,2,0,2
1613696286,2,0,2
1618037108,2,1,3
1619758747,2,0,2
1621060614,2,0,2
1621154893,2,1,3
1623270654,2,0,2
1624945795,2,0,2
1625848099,2,0,2
1626118490,2,0,2
1627091725,2,3,5
1629686749,2,3,5
1630373569,2,1,3
1630432616,2,2,4
1631585010,2,0,2
1631645671,2,2,4
1632897678,2,4,6
1633414405,2,1,3
1636740787,2,0,2
1638093528,2,0,2
1638435462,2,0,2
1638958146,2,0,2
1641175100,2,0,2
1642375280,2,0,2
1646251393,2,0,2
1646326525,2,11,13
1648541486,2,0,2
1649063466,2,0,2
1649291252,2,0,2
1650063654,2,0,2
1651104530,2,0,2
1651181504,2,5,7
1651905673,2,0,2
1651956559,2,0,2
1652003114,2,0,2
1653373490,2,0,2
1654061821,2,0,2
1654067186,2,0,2
1656276878,2,0,2
1656703020,2,0,2
1657010646,2,0,2
1657224132,2,0,2
1657447808,2,0,2
1657752720,2,3,5
1657998385,2,0,2
1658767051,2,5,7
1663574816,2,0,2
1663759057,2,0,2
1663858873,2,0,2
1666373516,2,0,2
1670178061,2,93,95
1670810706,2,7,9
1672268334,2,0,2
1673151475,2,0,2
1673265829,2,0,2
1673590572,2,0,2
1673723341,2,2,4
1674134408,2,0,2
1675172737,2,0,2
1678303964,2,1,3
1678952144,2,0,2
1679479543,2,0,2
1679579143,2,0,2
1681897634,2,17,19
1681954922,2,0,2
1684825004,2,0,2
1688583775,2,0,2
1689792552,2,0,2
1689820874,2,0,2
1691220398,2,4,6
1691371819,2,5,7
1691420486,2,0,2
1692073146,2,0,2
1694680190,2,1,3
1697404237,2,0,2
1697840138,2,0,2
1697984660,2,0,2
1699828380,2,3,5
1701198374,2,0,2
1701496831,2,0,2
1701928434,2,0,2
1702563895,2,0,2
1703010578,2,0,2
1703589674,2,0,2
1706815694,2,0,2
1707815582,2,0,2
1710228438,2,0,2
1711060064,2,0,2
1713500683,2,0,2
1713925422,2,0,2
1714399345,2,0,2
1715688398,2,0,2
1717348572,2,1,3
1717465081,2,0,2
1717863318,2,1,3
1719593449,2,0,2
1720093310,2,0,2
1724053988,2,1,3
1725431600,2,0,2
1725943771,2,1,3
1728701209,2,0,2
1728987451,2,1,3
1729015154,2,0,2
1729113156,2,0,2
1729327273,2,0,2
1729651728,2,0,2
1731261212,2,0,2
1734738025,2,0,2
1740386148,2,3,5
1771551787,2,0,2
1799176520,2,12,14
1833706832,2,0,2
1838274588,2,0,2
1849330669,2,1,3
1849996939,2,0,2
1850252708,2,0,2
1852854468,2,0,2
1853557202,2,0,2
1859259403,2,0,2
1862554166,2,0,2
1864237916,2,3,5
1866666912,2,0,2
1868878578,2,0,2
1873087020,2,0,2
1874167664,2,0,2
1875443521,2,2,4
1876535430,2,0,2
1877320165,2,0,2
1877785758,2,1,3
1879048723,2,0,2
1879513872,2,0,2
1883122603,2,0,2
1883189202,2,12,14
1883535787,2,1,3
1884174920,2,0,2
1885615632,2,0,2
1887451248,2,0,2
1888604280,2,0,2
1890498895,2,0,2
1894251264,2,1,3
1895908975,2,0,2
1900264484,2,0,2
1901600804,2,1,3
1901791717,2,0,2
1901949198,2,0,2
1902747512,2,1,3
1904241139,2,0,2
1904873047,2,83,85
1904916811,2,0,2
1905292321,2,0,2
1905779046,2,0,2
1908575102,2,0,2
1908855660,2,5,7
1909483010,2,37,39
1911610303,2,0,2
1911939955,2,0,2
1912298978,2,0,2
1912816225,2,1,3
1913520505,2,11,13
1915981417,2,1,3
1916074592,2,0,2
1916215399,2,0,2
1917080239,2,0,2
1917409801,2,0,2
1918224734,2,3,5
1920961962,2,0,2
1921870543,2,3,5
1923381960,2,0,2
1924515554,2,0,2
1924926288,2,3,5
1927482740,2,0,2
1928100738,2,0,2
1928689338,2,1,3
1928873292,2,0,2
1929009768,2,3,5
1929611234,2,0,2
1930935908,2,28,30
1931973289,2,0,2
1935191936,2,0,2
1936087124,2,0,2
1937708048,2,0,2
1937810113,2,0,2
1938849384,2,0,2
1939265706,2,0,2
1939530716,2,0,2
1942955048,2,0,2
1944710953,2,0,2
1945044936,2,0,2
1949772884,2,67,69
1950370597,2,0,2
1952441102,2,42,44
1953212582,2,0,2
1954192734,2,0,2
1954842048,2,4,6
1957304444,2,0,2
1957753537,2,27,29
1960977727,2,8,10
1962353390,2,5,7
1967230832,2,0,2
1967654654,2,5,7
1969585314,2,0,2
1969898736,2,1,3
1969905162,2,0,2
1970058560,2,0,2
1970401465,2,0,2
1971842455,2,1,3
1972495580,2,0,2
1972631497,2,1,3
1974888949,2,0,2
1975142690,2,0,2
1975600272,2,48,50
1976693792,2,1,3
1977419539,2,0,2
1977546860,2,2,4
1978482300,2,0,2
1979148698,2,0,2
2147583722,2,0,2
2148326197,2,2,4
2149082975,2,0,2
2150085458,2,0,2
2151780479,2,0,2
2153874512,2,1,3
2153989381,2,0,2
2154034514,2,0,2
2155060075,2,0,2
2156076502,2,0,2
2156530647,2,0,2
2157747912,2,2,4
2157953533,2,0,2
2158025009,2,0,2
2158074075,2,0,2
2158489802,2,0,2
2158829228,2,0,2
2159713320,2,0,2
2161776829,2,0,2
2161791686,2,0,2
2162038630,2,0,2
2162925782,2,1,3
2163034890,2,1,3
2163559891,2,0,2
2163668118,2,1,3
2163869204,2,1,3
2164285373,2,0,2
2164718192,2,0,2
2166521394,2,0,2
2167515762,2,0,2
2169414410,2,2,4
2170164997,2,11,13
2170420327,2,10,12
2170589837,2,0,2
2170762413,2,0,2
2171039461,2,2,4
2171481639,2,1,3
2171785590,2,3,5
2172003933,2,0,2
2172466750,2,0,2
2173625847,2,0,2
2173976769,2,0,2
2176420138,2,16,18
2176874390,2,0,2
2176983589,2,4,6
2177161530,2,0,2
2178109884,2,17,19
2178117630,2,0,2
2179030802,2,0,2
2180199332,2,0,2
2181212986,2,0,2
2183169840,2,187,189
2183610859,2,0,2
2183715312,2,2,4
2184026375,2,0,2
2185011252,2,0,2
2186206505,2,116,118
2186554418,2,4,6
2187122010,2,1,3
2187488605,2,0,2
2188868281,2,0,2
2188881566,2,0,2
2189384500,2,1,3
2191286720,2,0,2
2192847438,2,0,2
2193013159,2,0,2
2193180373,2,0,2
2194698103,2,0,2
2196221070,2,0,2
2196353185,2,0,2
2199706542,2,0,2
2200006633,2,5,7
2200075155,2,0,2
2200815929,2,6,8
2202072090,2,26,28
2202139686,2,0,2
2202393686,2,7,9
2202836550,2,0,2
2203723307,2,0,2
2204042140,2,0,2
2204352932,2,89,91
2205417928,2,0,2
2205992556,2,17,19
2206792528,2,0,2
2208596730,2,8,10
2209383527,2,0,2
2210884433,2,3,5
2211033042,2,0,2
2211328028,2,1,3
2211744080,2,10,12
2212797288,2,1,3
2213032538,2,0,2
2213226071,2,0,2
2213646552,2,0,2
2214781641,2,0,2
2214864427,2,0,2
2216202289,2,0,2
2216449752,2,0,2
2217010913,2,0,2
2217217380,2,0,2
2218105894,2,0,2
2223410780,2,0,2
2224752415,2,0,2
2225664156,2,0,2
2225785747,2,2,4
2226338638,2,0,2
2226365604,2,0,2
2226955817,2,0,2
2227381410,2,4,6
2228901961,2,0,2
2228956787,2,0,2
2230031627,2,0,2
2230818180,2,0,2
2230856623,2,0,2
2231864105,2,0,2
2232209154,2,0,2
2233040732,2,0,2
2233760206,2,0,2
2235484958,2,3,5
2238241386,2,42,44
2238336931,2,1,3
2238548166,2,0,2
2239968206,2,1,3
2240101658,2,1,3
2240784140,2,0,2
2242395001,2,2,4
2244078588,2,0,2
2244952729,2,0,2
2246003636,2,1,3
2246350868,2,5,7
2246820582,2,2,4
2248560175,2,0,2
2248828814,2,0,2
2249736392,2,0,2
2250013218,2,0,2
2251149442,2,0,2
2252004230,2,0,2
2252174142,2,8,10
2252505013,2,6,8
2252533686,2,0,2
2252657305,2,0,2
2254175780,2,0,2
2255765415,2,0,2
2256225164,2,0,2
2257878451,2,1,3
2258434929,2,0,2
2260189626,2,1,3
2260434301,2,0,2
2262164636,2,31,33
2263264302,2,2,4
2263275950,2,0,2
2263627314,2,1,3
2263683684,2,0,2
2264471817,2,0,2
2264818339,2,2,4
2264980638,2,0,2
2265269246,2,1,3
2266222370,2,0,2
2266355266,2,2,4
2266801856,2,0,2
2267353012,2,0,2
2269281278,2,0,2
2270756473,2,0,2
2271137279,2,0,2
2274840195,2,0,2
2275175137,2,0,2
2275363799,2,0,2
2275497012,2,0,2
2275879335,2,0,2
2278015470,2,0,2
2278039826,2,0,2
2280542503,2,0,2
2280720991,2,0,2
2280753096,2,0,2
2280826748,2,0,2
2280851768,2,3,5
2280873684,2,1,3
2282755789,2,0,2
2283608985,2,0,2
2283923979,2,0,2
2283999349,2,0,2
2285037488,2,0,2
2285492354,2,0,2
2285527866,2,0,2
2288460026,2,1,3
2289901704,2,1,3
2290265575,2,0,2
2290452146,2,0,2
2291548951,2,0,2
2291706296,2,29,31
2292525668,2,0,2
2293909729,2,1,3
2293960993,2,0,2
2293982810,2,0,2
2294673089,2,0,2
2295228457,2,0,2
2296263039,2,2,4
2296926547,2,0,2
2297714449,2,0,2
2297999119,2,0,2
2299262561,2,0,2
2299303603,2,0,2
2299710407,2,0,2
2299967833,2,1,3
2301973434,2,0,2
2301980588,2,0,2
2302121478,2,2,4
2302866931,2,0,2
2303866117,2,2,4
2305619029,2,0,2
2305668853,2,0,2
2306978267,2,0,2
2307131125,2,0,2
2308590024,2,0,2
2308687102,2,4,6
2309211962,2,0,2
2310109706,2,0,2
2310776714,2,0,2
2310804182,2,2,4
2310957528,2,6,8
2311855392,2,0,2
2313047202,2,1,3
2314458372,2,0,2
2314551289,2,1,3
2314797414,2,0,2
2316784530,2,0,2
2316990741,2,0,2
2317566139,2,1,3
2317756136,2,3,5
2318781801,2,1,3
2319111736,2,0,2
2319357169,2,0,2
2319533299,2,0,2
2320174645,2,1,3
2320252381,2,0,2
2321323622,2,0,2
2321621713,2,0,2
2321682552,2,0,2
2322968672,2,0,2
2323032366,2,0,2
2323065013,2,11,13
2323301029,2,0,2
2323674306,2,1,3
2324533507,2,0,2
2324572614,2,0,2
2324681041,2,0,2
2326734631,2,0,2
2327030616,2,3,5
2327333827,2,0,2
2327556380,2,1,3
2328913289,2,0,2
2329198069,2,0,2
2329268827,2,0,2
2329524312,2,0,2
2330531478,2,7,9
2330751858,2,0,2
2330766218,2,1,3
2332032848,2,0,2
2332259695,2,0,2
2333676370,2,0,2
2334452586,2,1,3
2334540276,2,0,2
2336743454,2,1,3
2337395271,2,0,2
2337583861,2,2,4
2337650863,2,0,2
2337720625,2,25,27
2338499696,2,0,2
2338703777,2,0,2
2338920056,2,0,2
2340503542,2,0,2
2340793592,2,0,2
2341169138,2,0,2
2341654764,2,0,2
2342309900,2,0,2
2343359041,2,0,2
2343713371,2,0,2
2344053038,2,0,2
2344375524,2,2,4
2345261653,2,1,3
2345420196,2,0,2
2346043406,2,1,3
2346633193,2,0,2
2347827646,2,0,2
2349347329,2,0,2
2349520022,2,0,2
2349602044,2,0,2
2350730257,2,0,2
2351051509,2,0,2
2351262416,2,0,2
2351579850,2,0,2
2351814946,2,0,2
2352343045,2,0,2
2352808687,2,0,2
2352896408,2,0,2
2353149565,2,0,2
2353417706,2,0,2
2354292684,2,23,25
2355225980,2,0,2
2355673748,2,0,2
2356893744,2,14,16
2357729873,2,4,6
2358747422,2,1,3
2359400970,2,0,2
2360763837,2,0,2
2362058912,2,0,2
2362813863,2,0,2
2363368370,2,0,2
2364605191,2,0,2
2365138974,2,1,3
2365368334,2,15,17
2365712001,2,0,2
2367441811,2,0,2
2367622051,2,0,2
2367660090,2,1,3
2367920593,2,0,2
2369051683,2,0,2
2369238721,2,0,2
2372373360,2,0,2
2372409406,2,0,2
2373708342,2,0,2
2374045351,2,0,2
2374090195,2,0,2
2374183495,2,0,2
2375356225,2,0,2
2375728898,2,16,18
2375851216,2,0,2
2376083268,2,28,30
2377421917,2,31,33
2379706187,2,0,2
2380197220,2,0,2
2380810644,2,0,2
2380958408,2,1,3
2381210558,2,2,4
2381778942,2,2,4
2382424129,2,0,2
2383105806,2,21,23
2384585316,2,0,2
2385571807,2,0,2
2385787629,2,0,2
2385841031,2,1,3
2385925604,2,0,2
2386055102,2,0,2
2386229700,2,1,3
2388362421,2,0,2
2388538481,2,0,2
2388947027,2,3,5
2389911306,2,0,2
2390753565,2,7,9
2391116803,2,0,2
2392179206,2,2,4
2392538892,2,0,2
2392878835,2,0,2
2394090523,2,0,2
2395335003,2,0,2
2395415778,2,0,2
2396178738,2,0,2
2396729874,2,0,2
2396823222,2,0,2
2398492339,2,0,2
2399312592,2,0,2
2400091090,2,0,2
2401973707,2,0,2
2403620577,2,0,2
2404992930,2,0,2
2405195382,2,0,2
2406095618,2,0,2
2408608816,2,0,2
2409269164,2,6,8
2411340332,2,13,15
2411407616,2,1,3
2412029999,2,0,2
2413261541,2,0,2
2414798474,2,4,6
2416034647,2,2,4
2418357162,2,0,2
2418816732,2,2,4
2419419883,2,0,2
2419580096,2,0,2
2419586070,2,0,2
2419765599,2,0,2
2420925877,2,0,2
2422790192,2,0,2
2422880286,2,0,2
2423922522,2,0,2
2424221617,2,0,2
2424312936,2,0,2
2424360776,2,0,2
2425890961,2,0,2
2425952018,2,0,2
2427795163,2,0,2
2428075466,2,0,2
2428267269,2,0,2
2428294278,2,0,2
2429027969,2,1,3
2429174006,2,1,3
2429333618,2,0,2
2429615682,2,6,8
2430819698,2,4,6
2430921329,2,0,2
2430961956,2,0,2
2431726593,2,0,2
2434340065,2,0,2
2435025128,2,0,2
2436389418,2,2,4
2437033163,2,0,2
2437120894,2,0,2
2437396919,2,0,2
2437458321,2,0,2
2437793369,2,0,2
2437918528,2,0,2
2437918871,2,0,2
2440564092,2,2,4
2444062076,2,0,2
2444134406,2,0,2
2445439937,2,0,2
2445787843,2,1,3
2446157744,2,0,2
2446321615,2,0,2
2446423243,2,0,2
2446463198,2,0,2
2446563606,2,0,2
2446691803,2,0,2
2447078173,2,2,4
2447161681,2,0,2
2447520073,2,0,2
2447749345,2,1,3
2447773280,2,0,2
2448401858,2,0,2
2448764035,2,0,2
2449125361,2,0,2
2449893301,2,0,2
2452725517,2,0,2
2453422550,2,2,4
2453578782,2,0,2
2455448328,2,0,2
2455470475,2,0,2
2456026801,2,2,4
2456920021,2,0,2
2457553538,2,0,2
2457945079,2,3,5
2458088595,2,1,3
2458308526,2,0,2
2458389349,2,0,2
2458675429,2,13,15
2459193944,2,12,14
2459757282,2,1,3
2460091700,2,6,8
2460270040,2,0,2
2461707871,2,0,2
2464948728,2,0,2
2465191292,2,0,2
2465332926,2,26,28
2465612849,2,0,2
2465954575,2,0,2
2468536482,2,0,2
2469781297,2,19,21
2470608762,2,0,2
2473833867,2,0,2
2474030935,2,0,2
2474660221,2,0,2
2475570090,2,0,2
2475575412,2,0,2
2475855262,2,0,2
2476523866,2,0,2
2476588595,2,0,2
2476867419,2,0,2
2477164653,2,0,2
2477463789,2,0,2
2477650625,2,0,2
2477667275,2,0,2
2478422408,2,0,2
2479037209,2,0,2
2479085623,2,7,9
2479142732,2,0,2
2479327846,2,0,2
2479341688,2,0,2
2479544801,2,0,2
2479604086,2,0,2
2479712105,2,0,2
2479872459,2,0,2
2480219073,2,0,2
2480365946,2,0,2
2480397593,2,0,2
2480650036,2,0,2
2481080062,2,0,2
2481326681,2,0,2
2482070613,2,0,2
2482119281,2,0,2
2482153162,2,0,2
2482304445,2,0,2
2482359161,2,0,2
2482461225,2,0,2
2482572263,2,0,2
2482621414,2,0,2
2482690976,2,1,3
2482789433,2,0,2
2483010143,2,6,8
2483073004,2,0,2
2483463777,2,0,2
2483477129,2,0,2
2483855467,2,0,2
2484685862,2,0,2
2484737256,2,0,2
2484759275,2,0,2
2484779489,2,0,2
2485706130,2,0,2
2486388027,2,0,2
2487155700,2,0,2
2487385852,2,0,2
2487565545,2,0,2
2487629891,2,0,2
2487943975,2,1,3
2488591591,2,0,2
2489433674,2,0,2
2489542695,2,0,2
2490077817,2,0,2
2490154446,2,0,2
2490206354,2,1,3
2490253644,2,0,2
2490349550,2,0,2
2491645663,2,0,2
2492223163,2,2,4
2493444796,2,0,2
2493621001,2,0,2
2494344307,2,0,2
2495613440,2,0,2
2496325980,2,1,3
2497009021,2,0,2
2497109599,2,1,3
2497535336,2,0,2
2499959042,2,0,2
2500039916,2,0,2
2500721814,2,1,3
2502904533,2,0,2
2502991319,2,1,3
2504648727,2,0,2
2505029461,2,0,2
2505217933,2,0,2
2505220368,2,29,31
2505724160,2,1,3
2507508378,2,2,4
2507563177,2,0,2
2507575169,2,2,4
2510682985,2,0,2
2511447529,2,0,2
2511759297,2,0,2
2513404060,2,0,2
2513442721,2,0,2
2514030480,2,0,2
2514655212,2,0,2
2514771818,2,0,2
2517885577,2,5,7
2518215038,2,0,2
2519318192,2,0,2
2519622823,2,1,3
2520207086,2,0,2
2521633626,2,0,2
2521757653,2,0,2
2521855688,2,2,4
2523690136,2,0,2
2524156707,2,0,2
2525242188,2,0,2
2525344782,2,1,3
2525488152,2,0,2
2526770815,2,0,2
2528064871,2,2,4
2529701729,2,44,46
2530725906,2,0,2
2530909491,2,0,2
2531430691,2,0,2
2531796766,2,4,6
2532578131,2,0,2
2535468931,2,0,2
2535637739,2,7,9
2536327098,2,0,2
2537833482,2,0,2
2538523522,2,0,2
2538785196,2,2,4
2540175896,2,4,6
2540266404,2,0,2
2540685386,2,0,2
2541571735,2,0,2
2541935533,2,1,3
2541996716,2,1,3
2542012027,2,16,18
2542399524,2,3,5
2543587104,2,0,2
2544079680,2,1,3
2544260539,2,0,2
2544918165,2,0,2
2545333307,2,1,3
2545358027,2,0,2
2546364782,2,0,2
2546919704,2,0,2
2547074780,2,1,3
2547556620,2,12,14
2547873956,2,0,2
2548863721,2,0,2
2549054360,2,0,2
2549112770,2,0,2
2550211729,2,1,3
2553345841,2,0,2
2553785636,2,0,2
2555209885,2,0,2
2555480804,2,0,2
2556779615,2,0,2
2557032477,2,0,2
2559494929,2,0,2
2559835307,2,0,2
2559894702,2,0,2
2560328419,2,12,14
2560367465,2,14,16
2560622059,2,2,4
2562182995,2,0,2
2562236263,2,2,4
2563020044,2,0,2
2565449815,2,0,2
2566213556,2,6,8
2566214600,2,0,2
2567294159,2,0,2
2568389720,2,1,3
2569593706,2,0,2
2571329660,2,1,3
2572169687,2,3,5
2572189626,2,1,3
2572442646,2,0,2
2573846862,2,0,2
2575491828,2,1,3
2576432274,2,0,2
2579331888,2,2,4
2579515332,2,2,4
2580423060,2,2,4
2582838590,2,1,3
2583340886,2,0,2
2584134931,2,0,2
2586301392,2,0,2
2586440857,2,0,2
2588094316,2,0,2
2588198468,2,0,2
2590857416,2,0,2
2591399174,2,0,2
2591649342,2,0,2
2592143102,2,3,5
2592261252,2,0,2
2593684536,2,0,2
2593879014,2,0,2
2594527914,2,0,2
2595029030,2,0,2
2595110214,2,1,3
2595184813,2,0,2
2595492206,2,0,2
2596305751,2,1,3
2596774856,2,0,2
2596962440,2,0,2
2597249792,2,0,2
2597808841,2,0,2
2598791120,2,0,2
2602514592,2,4,6
2603613942,2,2,4
2605398277,2,0,2
2607538345,2,0,2
2607648962,2,0,2
2608070411,2,13,15
2608268299,2,0,2
2609890750,2,0,2
2609979854,2,0,2
2610445729,2,0,2
2610554610,2,1,3
2611836033,2,1,3
2612802992,2,2,4
2613523892,2,0,2
2614051573,2,0,2
2614445940,2,0,2
2615148414,2,0,2
2615892324,2,0,2
2615911817,2,0,2
2617536156,2,0,2
2619857680,2,0,2
2624121545,2,4,6
2624264592,2,0,2
2629708486,2,1,3
2632853880,2,0,2
2633115983,2,0,2
2633822240,2,0,2
2634304187,2,0,2
2638180154,2,0,2
2638346847,2,1,3
2639033962,2,1,3
2639961698,2,1,3
2640418981,2,0,2
2641203313,2,0,2
2641625001,2,3,5
2642159621,2,0,2
2643164767,2,4,6
2646757956,2,0,2
2649173504,2,0,2
2649283908,2,0,2
2652051181,2,0,2
2652355848,2,0,2
2652997692,2,1,3
2654020789,2,0,2
2654396551,2,0,2
2654563061,2,0,2
2655707652,2,0,2
2657503075,2,0,2
2658388193,2,0,2
2659800486,2,1,3
2660611590,2,0,2
2660965685,2,2,4
2661460094,2,5,7
2663753666,2,0,2
2666945642,2,2,4
2667514699,2,0,2
2680317103,2,15,17
2680373133,2,0,2
2680942638,2,6,8
2682623970,2,0,2
2683508207,2,11,13
2684858818,2,1,3
2686500853,2,0,2
2688712276,2,8,10
2688930883,2,0,2
2689262541,2,0,2
2690473674,2,2,4
2691572364,2,0,2
2692836007,2,4,6
2693902116,2,0,2
2694130722,2,0,2
2694422640,2,0,2
2695145737,2,0,2
2695670885,2,0,2
2696722646,2,2,4
2696798761,2,0,2
2697760554,2,0,2
2699224042,2,0,2
2699690955,2,4,6
2700942848,2,0,2
2700979226,2,3,5
2701617788,2,0,2
2702036838,2,0,2
2703959709,2,0,2
2704027533,2,11,13
2704253960,2,1,3
2704965173,2,9,11
2707968578,2,1,3
2708212123,2,0,2
2708728903,2,1,3
2709365983,2,0,2
2710054328,2,1,3
2710469437,2,0,2
2710758615,2,0,2
2711855560,2,0,2
2714676739,2,0,2
2715439177,2,0,2
2716117372,2,0,2
2717227850,2,0,2
2717356128,2,2,4
2717369235,2,0,2
2717654320,2,3,5
2719051119,2,0,2
2719733397,2,8,10
2719943960,2,0,2
2721211433,2,0,2
2722651573,2,2,4
2722725572,2,4,6
2722790840,2,0,2
2724081613,2,9,11
2724715046,2,0,2
2727667763,2,0,2
2728162654,2,0,2
2728595333,2,1,3
2729026630,2,0,2
2729498718,2,0,2
2731097840,2,21,23
2731100354,2,0,2
2731665120,2,1,3
2732061252,2,0,2
2732907311,2,0,2
2733351438,2,0,2
2735184675,2,0,2
2736354195,2,0,2
2738115667,2,1,3
2738171816,2,0,2
2739145514,2,0,2
2739211615,2,0,2
2739803974,2,0,2
2740478799,2,0,2
2740695534,2,0,2
2740871178,2,0,2
2741532118,2,0,2
2741636707,2,0,2
2742780783,2,0,2
2742910869,2,0,2
2743871494,2,0,2
2744239570,2,0,2
2745247260,2,0,2
2745556368,2,1,3
2746056600,2,0,2
2749192625,2,0,2
2751648053,2,1,3
2753238146,2,0,2
2753289864,2,0,2
2753645832,2,0,2
2757362442,2,0,2
2757763052,2,0,2
2759186017,2,8,10
2760546520,2,0,2
2761485417,2,0,2
2763427354,2,0,2
2763559482,2,0,2
2765115363,2,0,2
2765869756,2,3,5
2766551769,2,0,2
2767154153,2,0,2
2771864213,2,0,2
2772309851,2,0,2
2777168127,2,0,2
2777264392,2,0,2
2778492821,2,0,2
2779734295,2,7,9
2779825870,2,0,2
2779940700,2,1,3
2781563384,2,0,2
2782194079,2,0,2
2786102511,2,0,2
2786151549,2,5,7
2786401795,2,1,3
2786565863,2,0,2
2786601092,2,0,2
2787240630,2,0,2
2787608953,2,0,2
2788534284,2,2,4
2788820609,2,0,2
2788951832,2,1,3
2789057352,2,0,2
2789327323,2,0,2
2790314135,2,0,2
2790507781,2,0,2
2790649899,2,2,4
2792078554,2,1,3
2793394509,2,1,3
2793486477,2,0,2
2796593863,2,2,4
2796851572,2,0,2
2797008744,2,9,11
2797288851,2,0,2
2798281280,2,0,2
2798609018,2,2,4
2798796198,2,0,2
2800804320,2,0,2
2800819081,2,21,23
2802142154,2,0,2
2802433545,2,0,2
2802599539,2,0,2
2802835280,2,0,2
2802970147,2,0,2
2804683120,2,0,2
2805552330,2,0,2
2806001857,2,0,2
2806424080,2,0,2
2806531210,2,8,10
2806748595,2,5,7
2807395473,2,0,2
2808738304,2,1,3
2809202099,2,2,4
2809419162,2,0,2
2811695024,2,0,2
2811793454,2,0,2
2811967884,2,0,2
2812304503,2,0,2
2814513012,2,0,2
2815269150,2,0,2
2815308828,2,1,3
2815654195,2,0,2
2816155573,2,0,2
2816185371,2,0,2
2816281908,2,0,2
2817299068,2,0,2
2817655230,2,0,2
2817668961,2,0,2
2817793928,2,0,2
2817833888,2,1,3
2818706358,2,2,4
2819181277,2,11,13
2820820335,2,0,2
2821373718,2,0,2
2821712699,2,0,2
2822530175,2,0,2
2822642309,2,1,3
2822898127,2,0,2
2824478089,2,0,2
2824639333,2,0,2
2825081904,2,0,2
2825334168,2,0,2
2825447443,2,0,2
2825493406,2,1,3
2826088265,2,3,5
2826353418,2,0,2
2826522992,2,3,5
2828410228,2,0,2
2828921299,2,0,2
2829135823,2,1,3
2830102334,2,2,4
2830623116,2,0,2
2830911591,2,0,2
2830916231,2,2,4
2831117775,2,1,3
2831521971,2,0,2
2831555624,2,0,2
2832236678,2,0,2
2832342387,2,0,2
2834256271,2,0,2
2834457902,2,61,63
2835393042,2,1,3
2835493783,2,0,2
2835705095,2,0,2
2836192543,2,0,2
2837374088,2,0,2
2838484188,2,0,2
2838904621,2,0,2
2839147340,2,0,2
2839405009,2,0,2
2839493257,2,6,8
2839930840,2,0,2
2842696426,2,0,2
2842819079,2,0,2
2842860578,2,1,3
2843069877,2,1,3
2843113073,2,0,2
2844778011,2,1,3
2844950509,2,1,3
2845898394,2,7,9
2846513372,2,1,3
2848130136,2,0,2
2848284100,2,0,2
2848834995,2,0,2
2851688899,2,2,4
2852315276,2,0,2
2852465826,2,0,2
2853378714,2,1,3
2853448607,2,0,2
2853755257,2,0,2
2854687332,2,0,2
2854755036,2,0,2
2855691456,2,4,6
2855991222,2,0,2
2857408831,2,0,2
2858083438,2,0,2
2859485213,2,0,2
2859752044,2,0,2
2860001231,2,0,2
2860012312,2,0,2
2860505689,2,0,2
2861626031,2,0,2
2862954465,2,0,2
2865596310,2,0,2
2865785392,2,0,2
2866493951,2,0,2
2867568874,2,1,3
2868550204,2,0,2
2869207752,2,1,3
2869319951,2,1,3
2869919802,2,33,35
2870986967,2,1,3
2871474796,2,0,2
2872616898,2,0,2
2873994934,2,0,2
2875597067,2,0,2
2875859317,2,0,2
2876029102,2,12,14
2876473186,2,0,2
2877804497,2,0,2
2877836424,2,0,2
2877961991,2,5,7
2878555322,2,0,2
2879625883,2,0,2
2880185320,2,1,3
2880355881,2,0,2
2880473223,2,0,2
2880778944,2,0,2
2881137610,2,0,2
2881230416,2,0,2
2881632377,2,0,2
2882244369,2,0,2
2882680517,2,0,2
2882709368,2,1,3
2883230169,2,0,2
2883574572,2,0,2
2883869593,2,10,12
2885666659,2,0,2
2886813699,2,0,2
2887044304,2,0,2
2887864161,2,0,2
2888504667,2,0,2
2888900836,2,0,2
2889899513,2,0,2
2889954368,2,0,2
2890326728,2,0,2
2891165157,2,0,2
2891517543,2,0,2
2893250261,2,0,2
2894678349,2,0,2
2894837410,2,0,2
2895059801,2,0,2
2895209637,2,1,3
2896352524,2,0,2
2896851554,2,2,4
2897686056,2,0,2
2897719928,2,0,2
2898008377,2,1,3
2898421303,2,1,3
2898934338,2,0,2
2899206433,2,1,3
2899541919,2,1,3
2899811081,2,5,7
2900136566,2,0,2
2900280418,2,0,2
2900321756,2,0,2
2900750352,2,0,2
2900851100,2,0,2
2901050897,2,0,2
2901322652,2,1,3
2901752605,2,0,2
2903285387,2,20,22
2903972472,2,0,2
2903992965,2,3,5
2904054106,2,0,2
2904100137,2,0,2
2905988871,2,0,2
2906441910,2,1,3
2908399255,2,0,2
2908877710,2,0,2
2910043611,2,13,15
2910353851,2,0,2
2910361817,2,0,2
2910428048,2,1,3
2913995192,2,0,2
2914496933,2,0,2
2914780695,2,0,2
2914946058,2,0,2
2914957457,2,0,2
2915012477,2,0,2
2916011770,2,2,4
2916216341,2,0,2
2916530488,2,0,2
2917193461,2,1,3
2917804221,2,0,2
2919116665,2,0,2
2919154939,2,0,2
2919600877,2,0,2
2920662627,2,0,2
2920726547,2,2,4
2921629612,2,0,2
2921842513,2,0,2
2921996832,2,5,7
2922528197,2,0,2
2923337346,2,3,5
2923596687,2,0,2
2924452428,2,0,2
2925039354,2,0,2
2926104222,2,0,2
2926176856,2,4,6
2927150978,2,0,2
2927164223,2,0,2
2927203016,2,0,2
2927851098,2,0,2
2929098031,2,0,2
2929444912,2,0,2
2932834124,2,0,2
2932997429,2,0,2
2935236687,2,0,2
2936548903,2,0,2
2936593675,2,0,2
2937365843,2,0,2
2937414098,2,0,2
2939030415,2,0,2
2939225553,2,0,2
2939245667,2,4,6
2939490339,2,0,2
2941283729,2,1,3
2941563700,2,0,2
2942076238,2,0,2
2942836979,2,0,2
2943674225,2,0,2
2945790506,2,0,2
2946554872,2,0,2
2947732005,2,0,2
2948663956,2,0,2
2949893219,2,0,2
2950393774,2,0,2
2950496735,2,2,4
2951061316,2,0,2
2951158335,2,0,2
2951462180,2,0,2
2952129633,2,0,2
2952847297,2,0,2
2952954225,2,3,5
2953302671,2,22,24
2953966608,2,0,2
2954278909,2,7,9
2954524250,2,0,2
2955320785,2,0,2
2955429834,2,3,5
2956387182,2,1,3
2959090154,2,0,2
2959305535,2,0,2
2959337179,2,0,2
2959542873,2,71,73
2959899483,2,0,2
2963158902,2,1,3
2964056381,2,0,2
2965653027,2,5,7
2965677412,2,0,2
2966131585,2,0,2
2966230157,2,0,2
2966434792,2,0,2
2967373553,2,0,2
2968366893,2,0,2
2969597038,2,10,12
2970634355,2,0,2
2970741159,2,0,2
2971017299,2,0,2
2971252589,2,0,2
2975581562,2,0,2
2975809056,2,1,3
2976798083,2,0,2
2977427187,2,0,2
2977492400,2,2,4
2977786804,2,0,2
2979304175,2,0,2
2981618948,2,6,8
2981722035,2,0,2
2982181481,2,0,2
2983440962,2,61,63
2984983659,2,0,2
2985114531,2,0,2
2986470481,2,0,2
2987887077,2,1,3
2991846536,2,0,2
2991940225,2,1,3
2992437157,2,0,2
2992460544,2,0,2
2993283168,2,0,2
2995038346,2,0,2
2995493200,2,0,2
2996440659,2,0,2
2996500845,2,0,2
2996633847,2,0,2
2998770320,2,0,2
2999332065,2,0,2
2999420409,2,0,2
2999422639,2,0,2
2999851369,2,0,2
3000707613,2,0,2
3000897119,2,0,2
3002019407,2,0,2
3002030633,2,0,2
3002768506,2,1,3
3003061051,2,0,2
3004292097,2,0,2
3005706568,2,6,8
3006008988,2,1,3
3006733257,2,2,4
3007139824,2,3,5
3007569629,2,0,2
3008416709,2,0,2
3009281826,2,0,2
3010794575,2,8,10
3011624190,2,0,2
3013772885,2,0,2
3013841396,2,7,9
3015940397,2,0,2
3016178213,2,0,2
3016380305,2,0,2
3016857114,2,27,29
3018008971,2,0,2
3018848002,2,0,2
3019128412,2,11,13
3019627560,2,7,9
3020052169,2,2,4
3020287255,2,2,4
3020398415,2,0,2
3020697605,2,3,5
3020900987,2,0,2
3021753146,2,0,2
3023256027,2,0,2
3023309373,2,2,4
3025850315,2,31,33
3028284024,2,0,2
3028433262,2,0,2
3028697209,2,0,2
3028813114,2,0,2
3029381121,2,0,2
3030182712,2,0,2
3031591401,2,0,2
3033552792,2,2,4
3033694220,2,0,2
3033871205,2,0,2
3033914770,2,0,2
3033948150,2,0,2
3034958937,2,0,2
3035243238,2,0,2
3037092217,2,1,3
3037640803,2,1,3
3038078693,2,1,3
3039132765,2,0,2
3040057560,2,0,2
3040899558,2,0,2
3042178195,2,0,2
3042535588,2,0,2
3042919764,2,0,2
3044002011,2,0,2
3044789076,2,13,15
3044981073,2,0,2
3045399321,2,0,2
3045594415,2,0,2
3045660777,2,0,2
3046707184,2,0,2
3046828880,2,0,2
3047250033,2,0,2
3047343780,2,55,57
3047396754,2,0,2
3047415994,2,0,2
3048022453,2,0,2
3048034495,2,6,8
3048242440,2,0,2
3049688713,2,0,2
3049897473,2,1,3
3050775464,2,0,2
3050898070,2,0,2
3051027667,2,0,2
3051121453,2,0,2
3051294457,2,0,2
3051341180,2,0,2
3051440023,2,0,2
3051629112,2,1,3
3052065576,2,0,2
3052115491,2,0,2
3052434953,2,0,2
3052482073,2,0,2
3052691810,2,0,2
3052699057,2,0,2
3053287981,2,0,2
3053470077,2,4,6
3053978610,2,17,19
3054102654,2,0,2
3054123678,2,0,2
3054184020,2,0,2
3054273128,2,0,2
3054407305,2,0,2
3054548370,2,0,2
3054578976,2,0,2
3055085058,2,1,3
3058883744,2,2,4
3059198033,2,0,2
3059465859,2,0,2
3059878987,2,0,2
3060238624,2,0,2
3060728561,2,1,3
3060742820,2,1,3
3060818966,2,2,4
3061410960,2,0,2
3061415159,2,1,3
3062055361,2,0,2
3062151319,2,0,2
3062473263,2,0,2
3063619538,2,6,8
3063623982,2,0,2
3063629509,2,10,12
3064173777,2,0,2
3064382901,2,0,2
3064443802,2,0,2
3064492144,2,0,2
3064734604,2,0,2
3064780882,2,0,2
3064817939,2,0,2
3064869879,2,0,2
3064904067,2,0,2
3064943999,2,0,2
3064951492,2,0,2
3064962335,2,0,2
3064969373,2,0,2
3064994206,2,0,2
3064994357,2,0,2
3065014918,2,0,2
3065106789,2,0,2
3065199952,2,0,2
3065273200,2,0,2
3065282404,2,0,2
3065303578,2,0,2
3065381057,2,0,2
3065394208,2,0,2
3065464661,2,0,2
3065608756,2,0,2
3065658527,2,0,2
3065666699,2,0,2
3065667501,2,0,2
3065809702,2,0,2
3065901671,2,0,2
3065913935,2,0,2
3065918375,2,0,2
3065929324,2,0,2
3065944780,2,0,2
3068166604,2,0,2
3068691727,2,0,2
3070430174,2,0,2
3070454969,2,0,2
3070524548,2,18,20
3071412587,2,0,2
3072522189,2,0,2
3072597987,2,0,2
3073529245,2,1,3
3074874226,2,0,2
3075524670,2,1,3
3076014264,2,49,51
3076288518,2,2,4
3077515383,2,5,7
3077658023,2,0,2
3078051943,2,1,3
3078643051,2,0,2
3079687618,2,0,2
3079976824,2,1,3
3082946713,2,0,2
3085415272,2,2,4
3085675037,2,1,3
3087248994,2,0,2
3090239352,2,10,12
3092120316,2,0,2
3092372145,2,0,2
3092765073,2,0,2
3092778671,2,0,2
3092961320,2,1,3
3093413105,2,0,2
3095091291,2,0,2
3096664049,2,0,2
3096743527,2,0,2
3096864830,2,0,2
3096912559,2,0,2
3097705401,2,0,2
3098105777,2,6,8
3100040713,2,1,3
3100057911,2,0,2
3100440830,2,0,2
3100465077,2,0,2
3101417859,2,1,3
3103552162,2,0,2
3103704744,2,0,2
3104802053,2,0,2
3105329027,2,0,2
3105362665,2,0,2
3105860936,2,21,23
3108507915,2,0,2
3109148991,2,3,5
3111414423,2,0,2
3112004763,2,2,4
3113357360,2,0,2
3115904499,2,0,2
3116145481,2,1,3
3116312032,2,2,4
3119269055,2,0,2
3121053468,2,0,2
3121465244,2,22,24
3121651429,2,19,21
3121980179,2,0,2
3121980275,2,0,2
3122595297,2,0,2
3126749047,2,0,2
3126786329,2,0,2
3129432383,2,0,2
3131111307,2,1,3
3131194185,2,0,2
3131469478,2,0,2
3131540780,2,1,3
3131644077,2,0,2
3132085020,2,0,2
3133175299,2,0,2
3135932851,2,0,2
3135992616,2,0,2
3139054526,2,0,2
3140149191,2,0,2
3140898179,2,0,2
3141141642,2,0,2
3141915315,2,0,2
3141942449,2,0,2
3142826402,2,4,6
3145752861,2,0,2
3146151338,2,0,2
3148490706,2,0,2
3149058553,2,2,4
3150064983,2,0,2
3151016726,2,0,2
3152819190,2,0,2
3153353848,2,0,2
3154545254,2,1,3
3156697613,2,0,2
3156923639,2,0,2
3157505279,2,0,2
3159393797,2,0,2
3160163262,2,2,4
3160568136,2,0,2
3161593204,2,1,3
3161624886,2,0,2
3161778229,2,0,2
3163008944,2,0,2
3165979228,2,0,2
3166302605,2,0,2
3167443719,2,0,2
3168631289,2,0,2
3171089598,2,0,2
3171317364,2,0,2
3171792893,2,0,2
3171811522,2,0,2
3174586607,2,0,2
3177022386,2,0,2
3177469693,2,3,5
3177578698,2,0,2
3178590102,2,0,2
3179219209,2,0,2
3179850712,2,0,2
3180697014,2,1,3
3180912644,2,0,2
3181240643,2,0,2
3181597951,2,0,2
3181750968,2,0,2
3183297362,2,2,4
3183459762,2,23,25
3184454064,2,1,3
3185009615,2,0,2
3187110882,2,0,2
3187239182,2,0,2
3188178385,2,0,2
3189178045,2,0,2
3189273218,2,3,5
3190248102,2,1,3
3191716442,2,0,2
3192367532,2,0,2
3192399324,2,0,2
3192460508,2,0,2
3192515768,2,0,2
3194726640,2,0,2
3195716689,2,0,2
3197336369,2,0,2
3197864269,2,0,2
3205755016,2,1,3
3206285452,2,0,2
3207636454,2,0,2
3208428053,2,1,3
3210875655,2,0,2
3217324555,2,6,8
3217694460,2,19,21
3221366523,2,2,4
3222079097,2,2,4
3222294081,2,2,4
3222610862,2,0,2
3222661634,2,0,2
3223994420,2,0,2
3224937576,2,0,2
3226219781,2,0,2
3226667365,2,0,2
3226702734,2,3,5
3227495570,2,23,25
3228200220,2,0,2
3228247246,2,0,2
3228657248,2,0,2
3228726070,2,0,2
3229174027,2,0,2
3229180261,2,2,4
3229247474,2,0,2
3229525485,2,0,2
3230112464,2,0,2
3230488129,2,0,2
3230742375,2,1,3
3230861347,2,0,2
3230928426,2,1,3
3230930205,2,8,10
3234869722,2,0,2
3235256730,2,0,2
3235505306,2,1,3
3235516740,2,1,3
3236183880,2,0,2
3240447818,2,1,3
3240732509,2,0,2
3241559628,2,0,2
3243463256,2,0,2
3243859832,2,0,2
3244310880,2,1,3
3244576999,2,1,3
3246025176,2,0,2
3246346912,2,1,3
3246390180,2,4,6
3246487723,2,0,2
3247370077,2,1,3
3247879000,2,0,2
3248407627,2,0,2
3248775767,2,0,2
3248933267,2,0,2
3249257897,2,2,4
3250206379,2,1,3
3250941487,2,4,6
3251679470,2,0,2
3252181490,2,0,2
3252896976,2,0,2
3253214641,2,4,6
3253961276,2,0,2
3254069726,2,0,2
3255769610,2,0,2
3256835910,2,0,2
3256988102,2,0,2
3257156227,2,0,2
3257458298,2,0,2
3257652738,2,0,2
3257751332,2,9,11
3257901379,2,0,2
3259375272,2,0,2
3260198118,2,0,2
3260346546,2,3,5
3260463162,2,0,2
3260466776,2,0,2
3260665729,2,2,4
3264899184,2,0,2
3265603201,2,2,4
3265742178,2,0,2
3269501682,2,0,2
3269706379,2,1,3
3270722959,2,4,6
3271279164,2,4,6
3271290469,2,4,6
3271379414,2,10,12
3272203904,2,0,2
3275058435,2,0,2
3276978139,2,0,2
3277614776,2,8,10
3278857945,2,0,2
3279003277,2,19,21
3281178223,2,0,2
3282749426,2,0,2
3284010013,2,5,7
3284932795,2,0,2
3286294395,2,0,2
3286675094,2,2,4
3287012310,2,0,2
3287765707,2,0,2
3288045372,2,7,9
3288310379,2,0,2
3288794417,2,0,2
3288945999,2,0,2
3289410964,2,2,4
3290324645,2,0,2
3291582691,2,0,2
3292255637,2,1,3
3292516747,2,0,2
3292757927,2,0,2
3293706442,2,0,2
3295761986,2,1,3
3296529246,2,1,3
3296541924,2,0,2
3296866729,2,0,2
3299822124,2,1,3
3300283765,2,0,2
3300548692,2,0,2
3302457848,2,0,2
3303085877,2,0,2
3305126211,2,0,2
3305439104,2,2,4
3305618743,2,2,4
3305943761,2,0,2
3306312404,2,5,7
3306317520,2,22,24
3307114679,2,2,4
3307219610,2,0,2
3307278866,2,0,2
3307383368,2,0,2
3308057935,2,0,2
3308471184,2,0,2
3308805646,2,0,2
3308946679,2,0,2
3309068555,2,0,2
3309285608,2,0,2
3309323125,2,0,2
3309566076,2,0,2
3309654696,2,26,28
3309916873,2,4,6
3309979352,2,0,2
3309980181,2,0,2
3310860606,2,34,36
3310969453,2,0,2
3311069719,2,6,8
3311392447,2,1,3
3311548767,2,0,2
3311586320,2,0,2
3311754342,2,1,3
3311911902,2,0,2
3312740186,2,0,2
3313533176,2,0,2
3315366207,2,3,5
3315467896,2,0,2
3315515327,2,0,2
3315561942,2,28,30
3315575948,2,0,2
3316109748,2,0,2
3316133191,2,1,3
3316512397,2,0,2
3317665330,2,0,2
3317982979,2,0,2
3318349257,2,0,2
3321048716,2,0,2
3322283202,2,2,4
3322518116,2,1,3
3324258531,2,0,2
3324926845,2,0,2
3325340894,2,0,2
3327909363,2,0,2
3328146983,2,1,3
3328253128,2,0,2
3328483474,2,4,6
3329951577,2,0,2
3330594254,2,0,2
3335804440,2,0,2
3337200275,2,0,2
3339138238,2,0,2
3339994332,2,0,2
3341453051,2,0,2
3341555488,2,1,3
3341558716,2,0,2
3341780653,2,4,6
3342204286,2,0,2
3343387330,2,2,4
3343504949,2,0,2
3343777992,2,0,2
3343917184,2,5,7
3344116174,2,0,2
3344129501,2,0,2
3344323574,2,0,2
3344336234,2,8,10
3344686594,2,0,2
3345292414,2,0,2
3347011595,2,0,2
3347186212,2,0,2
3347198428,2,0,2
3348196767,2,0,2
3349444032,2,1,3
3352028541,2,0,2
3352093024,2,0,2
3353186471,2,0,2
3354082858,2,0,2
3355914319,2,4,6
3356741259,2,1,3
3357945321,2,0,2
3359185563,2,0,2
3361325320,2,0,2
3363011465,2,0,2
3363373715,2,0,2
3366345658,2,0,2
3366374464,2,0,2
3366847575,2,6,8
3367468127,2,0,2
3368438705,2,0,2
3368807788,2,0,2
3368893751,2,0,2
3369465058,2,0,2
3370537180,2,0,2
3370836675,2,0,2
3371548708,2,1,3
3372776789,2,0,2
3374565387,2,0,2
3374923257,2,0,2
3377317894,2,2,4
3377468277,2,0,2
3377550379,2,2,4
3377630543,2,0,2
3379559194,2,0,2
3380572257,2,1,3
3380632595,2,0,2
3383364455,2,1,3
3383487892,2,0,2
3389770233,2,3,5
3389776469,2,0,2
3390203488,2,0,2
3390260751,2,0,2
3391152364,2,4,6
3391442841,2,0,2
3391656821,2,1,3
3394098082,2,0,2
3394152016,2,8,10
3394741149,2,10,12
3394926046,2,0,2
3394938437,2,1,3
3395535717,2,4,6
3396143585,2,2,4
3398734475,2,0,2
3399237433,2,0,2
3399515817,2,0,2
3402974865,2,0,2
3403675187,2,5,7
3404073167,2,0,2
3404667202,2,0,2
3406038969,2,5,7
3406268087,2,0,2
3407012453,2,1,3
3407467312,2,0,2
3408850114,2,0,2
3409141678,2,0,2
3410236204,2,0,2
3410634914,2,0,2
3411615088,2,0,2
3412136140,2,0,2
3413356163,2,0,2
3416925340,2,0,2
3418678497,2,9,11
3418980577,2,0,2
3419437185,2,0,2
3420789009,2,0,2
3421045907,2,0,2
3422259011,2,0,2
3422316065,2,1,3
3422445493,2,0,2
3423303951,2,1,3
3423670253,2,0,2
3424005053,2,2,4
3424777329,2,0,2
3431595003,2,0,2
3431959041,2,6,8
3433944579,2,0,2
3434421484,2,0,2
3436831809,2,0,2
3437706057,2,0,2
3440168716,2,0,2
3441317052,2,0,2
3443077038,2,0,2
3443933172,2,0,2
3446634255,2,0,2
3448312996,2,0,2
3450376333,2,10,12
3451487116,2,0,2
3470996714,2,0,2
3472749563,2,0,2
3473446641,2,0,2
3483818114,2,0,2
3487930035,2,0,2
3490815620,2,0,2
3492476055,2,0,2
3494730983,2,0,2
3494768430,2,3,5
3508360353,2,0,2
3509891489,2,0,2
3514970594,2,1,3
3526995317,2,0,2
3539315953,2,46,48
3542538498,2,0,2
3568822453,2,0,2
3569656157,2,0,2
3572533999,2,1,3
3580089737,2,0,2
3581777716,2,6,8
3586965492,2,0,2
3596340436,2,0,2
3596493375,2,0,2
3600855674,2,4,6
3606600622,2,0,2
3608334854,2,0,2
3610487352,2,2,4
3612102678,2,0,2
3618882193,2,18,20
3620868863,2,0,2
3622391961,2,0,2
3623812943,2,2,4
3624928215,2,0,2
3625387403,2,0,2
3630004155,2,0,2
3631556593,2,0,2
3639178340,2,0,2
3641161698,2,0,2
3641984838,2,0,2
3647060906,2,27,29
3647624422,2,0,2
3651106821,2,1,3
3653499856,2,0,2
3654222447,2,0,2
3654802880,2,1,3
3655960462,2,0,2
3666664101,2,0,2
3671167693,2,0,2
3672809777,2,1,3
3677306294,2,0,2
3679496955,2,0,2
3680451796,2,1,3
3680842755,2,14,16
3681354315,2,7,9
3682560615,2,0,2
3688557975,2,1,3
3688640720,2,61,63
3692934981,2,0,2
3697128803,2,0,2
3697633821,2,0,2
3701663717,2,0,2
3705969134,2,0,2
3707401095,2,4,6
3710517058,2,0,2
3712177695,2,0,2
3712329673,2,0,2
3715283544,2,1,3
3718042757,2,15,17
3722131698,2,1,3
3732499037,2,0,2
3734039116,2,0,2
3741114012,2,3,5
3742824258,2,0,2
3745077272,2,9,11
3750779249,2,63,65
3751989560,2,0,2
3752061313,2,1,3
3752217495,2,0,2
3753607872,2,0,2
3760243283,2,0,2
3760557134,2,0,2
3761373672,2,0,2
3762604933,2,24,26
3763300034,2,1,3
3766091958,2,4,6
3766963396,2,0,2
3771520233,2,0,2
3774476773,2,0,2
3777186254,2,0,2
3777579198,2,1,3
3780253521,2,0,2
3791920272,2,0,2
3795286092,2,7,9
3798262933,2,0,2
3798322521,2,0,2
3798391275,2,1,3
3806854215,2,8,10
3807828674,2,0,2
3808196833,2,1,3
3812960836,2,0,2
3816162317,2,0,2
3821926572,2,0,2
3822178574,2,45,47
3824392093,2,0,2
3824912379,2,0,2
3826705697,2,0,2
3828211992,2,1,3
3831179956,2,0,2
3837662720,2,0,2
3839649373,2,0,2
3842369489,2,62,64
3850427354,2,5,7
3858562154,2,0,2
3864655101,2,0,2
3867365475,2,0,2
3873249313,2,0,2
3875917473,2,0,2
3878272812,2,0,2
3881220825,2,1,3
3885726193,2,0,2
3885747383,2,0,2
3887703921,2,0,2
3888222194,2,0,2
3895094487,2,0,2
3897464233,2,15,17
3904790659,2,0,2
3905068345,2,1,3
3906310652,2,0,2
3906864984,2,1,3
3912450087,2,0,2
3918363689,2,0,2
3924984076,2,0,2
3927888987,2,0,2
3928739657,2,0,2
3931152375,2,0,2
3932065033,2,0,2
3934042817,2,0,2
3947972129,2,5,7
3948291094,2,0,2
3949626903,2,48,50
3950816657,2,48,50
3951043815,2,1,3
3954187155,2,0,2
3955586356,2,0,2
3959215155,2,0,2
3962516235,2,0,2
3963785541,2,0,2
3964800252,2,0,2
3984223033,2,0,2
3990343275,2,1,3
3991633452,2,1,3
3992622433,2,1,3
3994632083,2,0,2
3995462675,2,1,3
3999192737,2,1,3
4002636503,2,0,2
4003212705,2,0,2
4009560856,2,2,4
4012039336,2,0,2
4013183714,2,0,2
4013559843,2,0,2
4017149243,2,6,8
4023303378,2,0,2
4023746338,2,0,2
4027451601,2,0,2
4029203714,2,0,2
4038918509,2,0,2
4039272983,2,0,2
4039355056,2,0,2
4040407395,2,0,2
4040735949,2,0,2
4052690714,2,2,4
4057489881,2,0,2
4060049773,2,1,3
4064541252,2,3,5
4065725475,2,0,2
4065795081,2,0,2
4076003551,2,1,3
4082792540,2,1,3
4083848057,2,0,2
4086271932,2,0,2
4088681525,2,3,5
4093568853,2,0,2
4096859233,2,0,2
4100249835,2,0,2
4100614143,2,0,2
4104868512,2,0,2
4112279381,2,0,2
4114366092,2,1,3
4114929735,2,0,2
4117939516,2,3,5
4120520080,2,4,6
4122435233,2,0,2
4139509306,2,0,2
4142822315,2,0,2
4142846183,2,0,2
4143139342,2,4,6
4143443176,2,0,2
4151099867,2,3,5
4156246755,2,0,2
4160517853,2,0,2
4162900273,2,0,2
4163779632,2,24,26
4164611241,2,0,2
4168652174,2,0,2
4169494079,2,0,2
4169670975,2,0,2
4172438675,2,0,2
4179416182,2,0,2
4181336789,2,0,2
4185277395,2,1,3
4185297436,2,98,100
4187833097,2,0,2
4189726677,2,80,82
4190676952,2,83,85
4191155532,2,1,3
4191199337,2,2,4
4194298588,2,0,2
4196864241,2,0,2
4205376465,2,1,3
4210517074,2,0,2
4211324955,2,0,2
4213063301,2,0,2
4213266148,2,2,4
4217502078,2,0,2
4218118425,2,0,2
4218656961,2,0,2
4222098772,2,0,2
4226978463,2,0,2
4228678822,2,1,3
4228879213,2,2,4
4230052282,2,0,2
4230129673,2,0,2
4230260112,2,1,3
4236419712,2,0,2
4238116152,2,68,70
4240721114,2,1,3
4241156413,2,0,2
4244000956,2,2,4
4244620816,2,0,2
4244695337,2,0,2
4247224932,2,0,2
4247586388,2,0,2
4247660909,2,0,2
4250071217,2,0,2
4257473122,2,0,2
4261540693,2,0,2
4271542337,2,0,2
4275815472,2,0,2
4276880021,2,0,2
4280734823,2,2,4
4284235216,2,0,2
4284656357,2,0,2
4285726276,2,0,2
4287877893,2,0,2
4288899087,2,0,2
4292264657,2,0,2
4294618692,2,0,2
4307368879,2,0,2
4319735420,2,0,2
4321424537,2,0,2
4323670756,2,0,2
4325896289,2,1,3
4328551997,2,0,2
4329070399,2,0,2
4329847221,2,12,14
4329942136,2,2,4
4334214508,2,0,2
4343483897,2,0,2
4345784116,2,0,2
4345992555,2,0,2
4348551918,2,0,2
4363015217,2,0,2
4365668175,2,0,2
4367439148,2,0,2
4369675696,2,0,2
4376587653,2,2,4
4384519220,2,0,2
4386239236,2,0,2
4386976042,2,0,2
4389622583,2,0,2
4391985192,2,0,2
4392217332,2,0,2
4394475313,2,0,2
4396918036,2,0,2
4397275053,2,0,2
4397652557,2,0,2
4403595814,2,1,3
4408280534,2,0,2
4409782162,2,0,2
4414699213,2,0,2
4417074503,2,0,2
4423878855,2,0,2
4426507760,2,0,2
4432027545,2,0,2
4438528394,2,0,2
4440817880,2,0,2
4454096785,2,0,2
4455959842,2,1,3
4459712902,2,0,2
4460706432,2,0,2
4464342252,2,0,2
4468197143,2,0,2
4471009937,2,20,22
4472085989,2,0,2
4472461400,2,1,3
4475323312,2,0,2
4481384660,2,0,2
4483785620,2,0,2
4491049346,2,1,3
4496550393,2,4,6
4497623716,2,0,2
4498188976,2,0,2
4498960049,2,1,3
4501155257,2,0,2
4501950913,2,2,4
4512785839,2,0,2
4514651121,2,449,451
4515565932,2,0,2
4515647727,2,0,2
4539067160,2,0,2
4539609397,2,0,2
4541934202,2,0,2
4543795154,2,1,3
4546277661,2,1,3
4550433314,2,0,2
4551572548,2,0,2
4556038827,2,0,2
4557735612,2,0,2
4559037135,2,0,2
4561320386,2,1,3
4562056287,2,4,6
4569520486,2,0,2
4573591633,2,0,2
4575191953,2,2,4
4579781073,2,14,16
4592524156,2,0,2
4605081741,2,0,2
4605572180,2,0,2
4608690133,2,0,2
4617538697,2,0,2
4622059053,2,0,2
4624254088,2,0,2
4626381207,2,0,2
4627101433,2,0,2
4632465676,2,2,4
4640195127,2,0,2
4643849327,2,0,2
4646746409,2,0,2
4651631055,2,1,3
4658920480,2,2,4
4667047278,2,0,2
4669476614,2,0,2
4670931922,2,0,2
4672302414,2,1,3
4673923813,2,10,12
4680953894,2,0,2
4686302126,2,0,2
4687440084,2,29,31
4692045469,2,0,2
4693668584,2,0,2
4697664391,2,4,6
4699320912,2,0,2
4705359865,2,0,2
4705733840,2,0,2
4706270920,2,0,2
4706343433,2,0,2
4708836563,2,0,2
4714395709,2,0,2
4714884982,2,0,2
4715872316,2,1,3
4717038854,2,0,2
4717274450,2,2,4
4718911831,2,0,2
4719814736,2,0,2
4721019733,2,4,6
4724671282,2,0,2
4725385758,2,0,2
4726845792,2,2,4
4727129989,2,0,2
4729255105,2,0,2
4729656567,2,0,2
4729994436,2,0,2
4730175578,2,0,2
4730426095,2,0,2
4732126099,2,0,2
4732177036,2,5,7
4735266698,2,0,2
4736232312,2,1,3
4736787639,2,0,2
4739380057,2,0,2
4741387512,2,0,2
4741824258,2,0,2
4744403715,2,0,2
4745735986,2,17,19
4746303438,2,4,6
4746936437,2,0,2
4749697212,2,0,2
4750784256,2,0,2
4751087253,2,0,2
4751302147,2,0,2
4752634937,2,0,2
4752677491,2,6,8
4753970181,2,4,6
4756142059,2,0,2
4760931337,2,4,6
4761074377,2,2,4
4763317835,2,0,2
4764370453,2,0,2
4765060561,2,0,2
4765664479,2,0,2
4766025955,2,0,2
4768875064,2,0,2
4769676698,2,3,5
4770959472,2,1,3
4777549993,2,0,2
4779414109,2,1,3
4780848218,2,221,223
4781186593,2,0,2
4782847254,2,77,79
4782856836,2,0,2
4784208079,2,0,2
4786894806,2,1,3
4787270795,2,0,2
4788193763,2,0,2
4789262422,2,0,2
4790366212,2,0,2
4794654191,2,0,2
4799500158,2,13,15
4800569652,2,0,2
4806300637,2,0,2
4807982777,2,0,2
4808512945,2,0,2
4810372807,2,0,2
4810779616,2,0,2
4812356501,2,0,2
4815264615,2,0,2
4815355241,2,0,2
4817007673,2,0,2
4821420365,2,0,2
4822401844,2,1,3
4824481978,2,0,2
4825223057,2,0,2
4826215679,2,2,4
4826279171,2,2,4
4827531214,2,0,2
4827591450,2,1,3
4830723181,2,0,2
4831397327,2,0,2
4832583171,2,0,2
4833551093,2,0,2
4834484615,2,0,2
4836846593,2,0,2
4836857371,2,0,2
4837329521,2,0,2
4838866218,2,0,2
4839318568,2,0,2
4842611533,2,0,2
4843215192,2,0,2
4843320613,2,0,2
4843396468,2,0,2
4845753203,2,12,14
4846658542,2,0,2
4847894833,2,0,2
4848179471,2,1,3
4848636318,2,0,2
4851200811,2,0,2
4851966645,2,4,6
4852269269,2,0,2
4852385320,2,0,2
4852501628,2,0,2
4853948315,2,0,2
4854294411,2,1,3
4855496834,2,0,2
4858844735,2,4,6
4859396357,2,0,2
4860510948,2,0,2
4860660121,2,0,2
4861255287,2,0,2
4861932675,2,0,2
4865578521,2,8,10
4867349355,2,12,14
4868250071,2,0,2
4870069782,2,0,2
4870481595,2,0,2
4871223795,2,0,2
4871814608,2,0,2
4871829629,2,0,2
4872607311,2,0,2
4872929789,2,5,7
4873087192,2,0,2
4874417680,2,0,2
4875204435,2,0,2
4877601425,2,1,3
4878213179,2,0,2
4879554243,2,0,2
4879951774,2,6,8
4882180475,2,0,2
4882652068,2,0,2
4882808578,2,0,2
4883055043,2,1,3
4886475448,2,1,3
4886541159,2,0,2
4887213320,2,0,2
4888480347,2,0,2
4888820963,2,1,3
4889787070,2,0,2
4893028006,2,2,4
4893101728,2,0,2
4893195312,2,0,2
4893463036,2,0,2
4893700524,2,0,2
4894336715,2,0,2
4895512029,2,0,2
4895945561,2,0,2
4897205076,2,1,3
4898130953,2,1,3
4899938734,2,0,2
4902727518,2,0,2
4903168966,2,0,2
4903568173,2,0,2
4903872295,2,0,2
4904367652,2,2,4
4906517705,2,25,27
4907053099,2,0,2
4907140096,2,1,3
4909110493,2,0,2
4912823790,2,0,2
4916975827,2,0,2
4918285279,2,0,2
4920544893,2,4,6
4920941883,2,0,2
4922606108,2,0,2
4924651132,2,0,2
4928528027,2,0,2
695680576351834112,2,0,2
698323476625678336,2,0,2
698866607850807298,2,8,10
700414435215605760,2,0,2
700454036424802304,2,1,3
700545318912290816,2,0,2
700549806519767040,2,0,2
700903662743191552,2,0,2
701174617004765185,2,10,12
701284172774535168,2,0,2
701309024042487808,2,3,5
701489661823361026,2,0,2
701556562238828544,2,3,5
701579985656664064,2,2,4
701718104728965120,2,0,2
701776183780896771,2,0,2
701815232394633216,2,0,2
701856216167817216,2,0,2
701925213483630592,2,5,7
702071159765004293,2,0,2
702128508835860480,2,0,2
702168531480084480,2,3,5
702201788250738693,2,8,10
702231032511262721,2,4,6
702342453852901376,2,0,2
702366122713214980,2,0,2
702413616084082688,2,0,2
702614012798885888,2,1,3
702681365276401665,2,1,3
702728274682769408,2,0,2
702733797708595200,2,21,23
702737015624896512,2,1,3
702891243475304448,2,0,2
702909713164316672,2,0,2
702937177362026496,2,7,9
703076834364301312,2,0,2
703130761163976704,2,0,2
703209268489666561,2,0,2
703264172444745728,2,0,2
703275341133971456,2,4,6
703516862747959296,2,0,2
703538775603990528,2,0,2
703540128606777344,2,0,2
703553673813762048,2,0,2
703675854472159232,2,4,6
703696329327902720,2,1,3
703706177616666626,2,6,8
703722864596267008,2,0,2
703748819566116864,2,0,2
703767861928534017,2,1,3
703841471703584769,2,1,3
703888790847418368,2,0,2
703909685129289728,2,0,2
703969051588952064,2,0,2
704038983139926017,2,0,2
704049376436604929,2,0,2
704067218825310209,2,12,14
704075763901796352,2,5,7
704084200916385796,2,0,2
704087584474013696,2,0,2
704107089396895745,2,0,2
704129061891805185,2,0,2
704133132593790977,2,0,2
704137860580921345,2,0,2
704138348311527424,2,0,2
704141864832663552,2,0,2
704144182055534593,2,0,2
704209579631091713,2,8,10
704210563233128448,2,6,8
704234240599269377,2,0,2
704301718713049088,2,0,2
704373907034349568,2,0,2
704469311339962369,2,26,28
704512522989260800,2,0,2
704581921053880320,2,4,6
704669044436312065,2,0,2
704735189637984260,2,0,2
704814589498695681,2,0,2
704868264266969088,2,0,2
704870877553274880,2,5,7
704905084329656320,2,0,2
704917955163922432,2,0,2
704955348059160576,2,0,2
705077323683377152,2,1,3
705079728407977986,2,0,2
705100457539084288,2,3,5
705120731663831040,2,2,4
705123936351092737,2,10,12
705137822693527552,2,38,40
705139801821941763,2,1,3
705140392287580160,2,28,30
705144507780591616,2,25,27
705158011073875968,2,1,3
705385295827447809,2,0,2
705495134750826502,2,1,3
705522154285064194,2,16,18
705523478414413824,2,0,2
705528816555274240,2,2,4
705549529236557824,2,0,2
705568419320455168,2,0,2
705595635060350976,2,0,2
705607964007108609,2,1,3
705623408709505026,2,5,7
705663280673591296,2,0,2
705844678273314816,2,0,2
705884287652855808,2,0,2
705885291077304321,2,0,2
705907091592990721,2,0,2
705936824280043520,2,0,2
706043926512345088,2,0,2
706217703959355392,2,0,2
706304044650909696,2,0,2
706457950605484032,2,0,2
706744530645573632,2,0,2
706986903887867906,2,0,2
706990007874154497,2,50,52
706997843656105986,2,0,2
707005676921327616,2,0,2
707035567675072514,2,12,14
707043847482642433,2,0,2
707256793207054337,2,0,2
707416680993988608,2,0,2
707695235623624704,2,0,2
707701270526623744,2,0,2
707714646309019649,2,0,2
707809956381204483,2,1,3
707946321043431424,2,6,8
708042796834398209,2,0,2
708059541674528768,2,0,2
708144667116834816,2,2,4
708160961262133249,2,0,2
708265425998618625,2,0,2
708465520874541056,2,3,5
708761891536039936,2,0,2
708799545069707264,2,0,2
708840059831721984,2,0,2
708958722408767489,2,0,2
709040814891126784,2,0,2
709072269813923841,2,0,2
709080722351517696,2,0,2
709144349972566017,2,0,2
709197984387375104,2,0,2
709254774407843840,2,0,2
709414250226307072,2,1,3
709444059371143168,2,0,2
709689834802126848,2,0,2
709850507779571713,2,1,3
710069753990266880,2,6,8
710110277132484609,2,0,2
710470163057999872,2,1,3
710483390466805760,2,0,2
710521401996918784,2,0,2
710623282127577088,2,0,2
710634281731809280,2,0,2
710661901261221888,2,0,2
710815380231626752,2,9,11
710844442907910148,2,1,3
710911884510289920,2,0,2
710929228150083584,2,1,3
710954041115860996,2,0,2
710954785122471936,2,16,18
710959152168902656,2,19,21
710971457203867650,2,1,3
711034734105763840,2,6,8
711275127493758976,2,0,2
711310585716154369,2,0,2
711350073175711745,2,0,2
711375773609775104,2,0,2
711535560456847360,2,0,2
711614325706739716,2,2,4
711694960437895169,2,0,2
711743597394014208,2,0,2
711748012737994753,2,0,2
711896158709284864,2,2,4
711940117510955009,2,0,2
712032926414807040,2,0,2
712038776592318465,2,30,32
712066261094690817,2,0,2
712084494803734528,2,0,2
712122019978940416,2,1,3
712261406423457792,2,0,2
712326563941908480,2,0,2
712372813433208832,2,1,3
712560570822746112,2,1,3
712803072750317573,2,0,2
713092704444395520,2,0,2
713123020370370560,2,0,2
713161710689984512,2,1,3
713185487331192832,2,21,23
713329314670874624,2,13,15
713347859853258752,2,0,2
713350794096078848,2,0,2
713351264508227584,2,24,26
713404429387571201,2,4,6
713478052286693378,2,1,3
713582481832718337,2,0,2
713616372798914560,2,1,3
713833407659253761,2,0,2
713876059234525185,2,0,2
713934591015260160,2,0,2
713938249996218368,2,0,2
713973252109021185,2,24,26
714107736997408772,2,1,3
714192650451070976,2,0,2
714282153459187713,2,0,2
714297760028041216,2,31,33
714324023526621184,2,0,2
714395175737491458,2,13,15
714418486043258880,2,0,2
714423623390404608,2,2,4
714434474986102784,2,0,2
714446717194801152,2,0,2
714448431322890241,2,0,2
714448773951324161,2,0,2
714455172672577536,2,0,2
714586740040671233,2,0,2
714601841665781760,2,0,2
714661006664941568,2,0,2
714661158607831040,2,0,2
714840779714392064,2,0,2
714916688748277761,2,0,2
714983816700538884,2,0,2
714996216694579200,2,0,2
715030880423690240,2,0,2
715109342236839936,2,0,2
715216298616209408,2,0,2
715595990682742786,2,0,2
715598626349711360,2,2,4
715663040574689280,2,0,2
715746361640091650,2,0,2
715748414923911169,2,1,3
715757185976942593,2,0,2
715971384120369153,2,0,2
716010075664592896,2,0,2
716130787112792064,2,0,2
716371302882353152,2,0,2
716420000806899712,2,0,2
716514276379328513,2,0,2
716570359974268928,2,0,2
716597420683997184,2,0,2
716605032548982784,2,1,3
716678776336343040,2,4,6
716715471148552193,2,0,2
716755410703753217,2,0,2
716775444578705408,2,0,2
716785225691504640,2,1,3
716839405076484096,2,0,2
716959394286739456,2,0,2
717032687643529216,2,12,14
717124336042127360,2,25,27
717137542706040832,2,0,2
717170157047517185,2,0,2
717196323875848193,2,1,3
717355409514885121,2,0,2
717362268065939457,2,0,2
717412709579538432,2,1,3
717414106379259906,2,1,3
717454706256138240,2,0,2
717509661113597952,2,3,5
717528705178931200,2,11,13
717567466516385792,2,0,2
717723999736713217,2,19,21
717843896433315840,2,2,4
718081580762140672,2,1,3
718109550956576768,2,0,2
718133551711948801,2,4,6
718244035484381188,2,3,5
718489562952134657,2,0,2
718526064780320769,2,2,4
718558225071669248,2,0,2
718620656691187712,2,0,2
718952792132444160,2,3,5
719092423117389824,2,0,2
719253138864214016,2,0,2
719565042157502465,2,0,2
719629375411527685,2,0,2
719670834399416320,2,0,2
719679937649766400,2,0,2
719689560465227777,2,0,2
719725436519915521,2,0,2
719910002262175744,2,0,2
720264706536173568,2,0,2
720339645582577664,2,14,16
720413991965601792,2,0,2
720446894397333505,2,29,31
720495478140485632,2,0,2
720632424128884736,2,0,2
720658506295025666,2,3,5
720692027067904000,2,0,2
720761188443910147,2,19,21
720906534759350272,2,0,2
720980082844700672,2,0,2
721010331766509568,2,0,2
721042432381579264,2,0,2
721143953282576384,2,2,4
721428952854749185,2,0,2
721602575678750720,2,0,2
721697494158061568,2,6,8
721709260166434816,2,2,4
721730076585422850,2,0,2
721769733222227968,2,0,2
721908552613306370,2,2,4
721981861333987329,2,0,2
722029846357012480,2,0,2
722240527056248832,2,0,2
722250960056283136,2,0,2
722438106071375872,2,0,2
722473516512227328,2,0,2
722503151346065408,2,0,2
722528529716383744,2,0,2
722781325027975168,2,0,2
722807106156511232,2,0,2
722824963757977600,2,0,2
722918687032938496,2,4,6
722945734287495168,2,0,2
722966523933908992,2,0,2
723214446936657920,2,0,2
723334468614938624,2,0,2
723500086479691777,2,0,2
723650813424459776,2,0,2
723650936720265216,2,3,5
723716363467034629,2,0,2
723901035048116226,2,0,2
724309845764018177,2,0,2
724313984459894788,2,0,2
724333414720135168,2,0,2
724340810557362176,2,0,2
724343070469283840,2,0,2
724362454071955459,2,0,2
724586453007765504,2,1,3
724623388484972545,2,0,2
724667098639769600,2,0,2
724696487477805057,2,0,2
724755639147311105,2,25,27
724829104810385408,2,0,2
725018422560567296,2,0,2
725105930006880256,2,0,2
725124041024110592,2,1,3
725141807110197250,2,0,2
725384605986095104,2,0,2
725409645909671936,2,14,16
725415252926423040,2,0,2
725444264449073152,2,0,2
725469392549466112,2,1,3
725516281231872004,2,0,2
725795799179780097,2,0,2
725824782579716096,2,1,3
725929194123747328,2,0,2
726016547341225984,2,0,2
726078169107816448,2,0,2
726405146788290560,2,0,2
726448470798651392,2,0,2
726510266486280192,2,39,41
726534437156999168,2,2,4
726619656950304768,2,9,11
726646941233225728,2,1,3
726829246430105601,2,0,2
727070028454088704,2,0,2
727104075762913281,2,0,2
727146594357919744,2,0,2
727163904778985473,2,0,2
727199450855153664,2,0,2
727201401571540992,2,0,2
727358134952534016,2,0,2
727484509080289280,2,0,2
727485219398291456,2,0,2
727873297405317120,2,0,2
727962691201949698,2,0,2
728222198717091840,2,2,4
728245509685551105,2,1,3
728541609806184450,2,1,3
728601000005804032,2,0,2
728709191616110593,2,0,2
728740621398253569,2,6,8
728778904035450881,2,1,3
728789303753515008,2,15,17
728815969510957056,2,11,13
728969814153166848,2,97,99
728973395925307392,2,0,2
729263652038049792,2,0,2
729370266908938240,2,0,2
729376048840769536,2,0,2
729474086502580225,2,0,2
729478363660861440,2,0,2
729543947308142592,2,0,2
729575840850300928,2,0,2
729593512321163264,2,2,4
729956786019635200,2,0,2
730083899020283904,2,0,2
730120238478569472,2,0,2
730234810992463872,2,0,2
730342863075151873,2,0,2
730344214056284161,2,3,5
730398423988506624,2,0,2
730424090289385472,2,0,2
730543778428133376,2,0,2
730611932084998145,2,5,7
730692228729950209,2,0,2
730888314765578241,2,0,2
730893903327416321,2,0,2
730949484495036416,2,1,3
730999815232872449,2,2,4
731008806184882176,2,0,2
731172908916056064,2,0,2
731299073295142913,2,6,8
731444882741415936,2,0,2
731749880046206976,2,0,2
731901356890423296,2,0,2
732002990555439104,2,0,2
732012227029426176,2,2,4
732063259759517697,2,0,2
732119070523445248,2,0,2
732269422136688641,2,0,2
732687253496070144,2,0,2
732946777230442497,2,0,2
732996901176520704,2,0,2
733073830319685637,2,0,2
733082901391147008,2,1,3
733377904617394177,2,2,4
733404811253547009,2,8,10
733631853958180864,2,0,2
733835083728191489,2,0,2
734064857608257537,2,0,2
734186644635582464,2,0,2
734390230489419776,2,0,2
734430525205688320,2,0,2
734455282630295552,2,0,2
734568216748544000,2,0,2
734700769816006660,2,0,2
734830917563252737,2,0,2
734917991066959872,2,6,8
735354188230742016,2,0,2
735448400296976385,2,1,3
735507436325511169,2,1,3
735516341948538881,2,0,2
735525446490718213,2,0,2
735538971351080960,2,8,10
735543350552596480,2,0,2
735691163663900673,2,0,2
735696143468756993,2,0,2
735893687675150337,2,5,7
736019564828499969,2,0,2
736044702156226560,2,21,23
736057023150751744,2,4,6
736184726726152194,2,0,2
736351989156741120,2,1,3
736363368504819712,2,0,2
736448346957701120,2,0,2
736759168217059329,2,1,3
736922889400782850,2,0,2
737040638231842816,2,0,2
737144886592475136,2,0,2
737365629552996352,2,5,7
737399548654571520,2,0,2
737419483539705856,2,0,2
737645901016117248,2,0,2
737656328626311170,2,0,2
737841116180021248,2,0,2
737856722962927617,2,0,2
737937815221219328,2,0,2
738025896523759616,2,0,2
738046303104434176,2,0,2
738140839604457474,2,13,15
738187455535288320,2,0,2
738452528031891457,2,0,2
738458956453056513,2,0,2
738531771789103104,2,0,2
738540812762550274,2,0,2
738738130665254912,2,0,2
738747302655971328,2,0,2
738756840914325505,2,0,2
738824156414894080,2,0,2
738836922232111104,2,2,4
738839774513922048,2,0,2
738867692875218944,2,0,2
739121224941342721,2,0,2
739159400527626240,2,0,2
739264693252984834,2,1,3
739548162080309249,2,0,2
739728268195037184,2,0,2
739811325078016000,2,1,3
739860186890899456,2,0,2
739872689649778693,2,0,2
739884761997418497,2,0,2
739972791957659648,2,0,2
740002074922876928,2,0,2
740020822585249792,2,6,8
740258250977841153,2,0,2
740321960010227712,2,0,2
740381555592286209,2,0,2
740429177585848321,2,1,3
740511651510784000,2,0,2
740576809520115713,2,0,2
740888263397892096,2,0,2
740889146378625024,2,3,5
740996617222782977,2,4,6
741279105686077440,2,0,2
741292461893390339,2,0,2
741327720856981504,2,0,2
741335948022194176,2,12,14
741364457159282688,2,0,2
741418134381416448,2,0,2
741478816875307009,2,0,2
741539933115064320,2,0,2
741547073305088002,2,0,2
741650780063731712,2,0,2
741694425412292608,2,5,7
741779502032900097,2,0,2
741811089730457600,2,0,2
741845571401617408,2,0,2
741998638977712128,2,0,2
741999365120724992,2,2,4
742002424764862464,2,0,2
742024397003755520,2,0,2
742040696450867201,2,0,2
742045452506267648,2,0,2
742080666083295232,2,0,2
742089398418690048,2,16,18
742092088599269376,2,0,2
742140474442547200,2,0,2
742162900630966273,2,1,3
742183337616281601,2,25,27
742229319385128960,2,0,2
742341136581296128,2,0,2
742346894207295490,2,0,2
742520229675171840,2,0,2
742535054140833792,2,0,2
742583289278386176,2,234,236
742655407135543297,2,0,2
742777665849958400,2,0,2
742819031586119680,2,0,2
742871466132316160,2,82,84
742926376634830850,2,0,2
743027694972108800,2,1,3
743072152388149252,2,0,2
743212756078309380,2,0,2
743232429092024322,2,11,13
743242630113353728,2,0,2
743292662548045825,2,1,3
743482140181037056,2,2,4
744041629867204609,2,2,4
744305799380541441,2,3,5
744359248100917248,2,0,2
744448420933402624,2,0,2
744568080970432512,2,21,23
744643486603948032,2,0,2
744736051416162304,2,1,3
744926534411091968,2,0,2
744985205375700993,2,1,3
744997954478542848,2,0,2
745035117807173633,2,0,2
745133892579930113,2,1,3
745178444946759680,2,0,2
745319855042207744,2,0,2
745382325219778560,2,0,2
745397599847452673,2,0,2
745481364741361665,2,0,2
745775093318459393,2,0,2
745801714926755840,2,0,2
746082394000752641,2,0,2
746088922392911872,2,0,2
746108693838766080,2,0,2
746112359215751168,2,0,2
746122096191889408,2,0,2
746294245712068608,2,0,2
746296214073806848,2,0,2
747004932658626560,2,0,2
747014404345040897,2,0,2
747017527356755968,2,0,2
747135076564078595,2,0,2
747202211696906240,2,0,2
747203794719612928,2,0,2
747367524996685825,2,0,2
747511053638995968,2,0,2
747524654340968450,2,0,2
747937787526021120,2,0,2
748213939444420609,2,0,2
748327950072705024,2,1,3
748505520625987584,2,0,2
748556263055835136,2,0,2
748609148959531009,2,0,2
748687123662856192,2,2,4
748905308034994176,2,0,2
748917429955207169,2,0,2
749073050214293504,2,0,2
749249035064737792,2,0,2
749301266388439041,2,0,2
749302377010847744,2,0,2
749522691804233728,2,0,2
749568666535022594,2,0,2
749680857061986304,2,8,10
749834230171987968,2,0,2
749894094453899264,2,0,2
749995675585097728,2,0,2
750025459748876288,2,0,2
750144200029704193,2,0,2
750401139015901184,2,5,7
750467926201806848,2,0,2
750477751723909120,2,0,2
750482987964305408,2,9,11
750525461764055041,2,0,2
750637449588580353,2,0,2
750685911201882112,2,0,2
750719294908952576,2,0,2
750923649457254400,2,0,2
751028658605813760,2,0,2
751057749321060352,2,0,2
751069076026486788,2,2,4
751272193888100352,2,1,3
751465725907185664,2,0,2
751503558978199552,2,0,2
751517468561121281,2,1,3
751523506865655810,2,40,42
751543037986271232,2,0,2
751571983540768768,2,0,2
751785210052698112,2,0,2
751852641462919168,2,2,4
751885645258321920,2,0,2
751901890565341184,2,0,2
751987005546860544,2,0,2
752057542105108480,2,0,2
752096268097187840,2,0,2
752202937741373440,2,0,2
752362314234494976,2,0,2
752502516680568832,2,1,3
752516260655751168,2,0,2
752526507424219137,2,1,3
752528024612909057,2,0,2
752552116997218305,2,0,2
752664767295258624,2,0,2
752665572551364608,2,0,2
752669853199245312,2,0,2
752686875907948544,2,1,3
752763272235929600,2,0,2
752833948733112320,2,0,2
752938828118298624,2,1,3
753021093653409792,2,1,3
753044082537041920,2,2,4
753219410576416769,2,1,3
753316626838196224,2,0,2
753328737442115584,2,0,2
753365733975785472,2,0,2
753367211230781440,2,0,2
753401656239271936,2,0,2
753403363249692672,2,1,3
753419049107795968,2,0,2
753626962619281408,2,0,2
753650114699390976,2,0,2
753684036195876864,2,0,2
753691383618113536,2,0,2
753719778049687553,2,0,2
753737473616850944,2,0,2
753738680351600640,2,0,2
753764535115259904,2,0,2
753772841397522432,2,0,2
753772984620421121,2,0,2
753966493361143808,2,0,2
753982254968295424,2,1,3
754004502278209536,2,1,3
754036468524417024,2,2,4
754053533834567682,2,0,2
754123502177824768,2,0,2
754131554729857024,2,5,7
754198682317230080,2,0,2
754393868443979776,2,0,2
754421934683787264,2,0,2
754455369888305152,2,1,3
754658044588363776,2,0,2
754706170846281728,2,0,2
754711523528994816,2,0,2
754716966523330560,2,1,3
754746185747804160,2,0,2
754760431294615552,2,0,2
755024301502320640,2,0,2
755134436862197760,2,1,3
755144638617493508,2,1,3
755229354251153410,2,0,2
755337360988975105,2,8,10
755458817484320768,2,0,2
755593430936412160,2,0,2
755597096430997505,2,1,3
755602717389656064,2,1,3
755610782675660800,2,0,2
755645850936832000,2,0,2
755687226726547456,2,0,2
755719990028881921,2,0,2
755744711525171200,2,0,2
755753510369714176,2,2,4
755792892854009858,2,0,2
755840078467903490,2,10,12
755939394490556418,2,0,2
755947221217050625,2,3,5
755948118462468097,2,1,3
755970865184014336,2,0,2
756107484893437952,2,1,3
756168417623834624,2,18,20
756246728001675264,2,1,3
756250741174435840,2,0,2
756252241825333249,2,0,2
756293586992308224,2,1,3
756295120555769856,2,0,2
756303156397477889,2,0,2
756348364179050496,2,0,2
756351313559056389,2,1,3
756387035959660544,2,0,2
756389411353464832,2,0,2
756390628876021760,2,0,2
756391145811345408,2,0,2
756396603792056320,2,0,2
756398966829441025,2,0,2
756404452106629120,2,0,2
756459364848955392,2,5,7
756544410939232256,2,0,2
756552908334768128,2,0,2
756562093529116673,2,0,2
756565128737267712,2,2,4
756598956029796353,2,0,2
756599455894339585,2,0,2
756634682217803777,2,1,3
756671146393677824,2,4,6
756826936395964416,2,0,2
756857773044928512,2,0,2
756890961322573824,2,1,3
756989392103714816,2,0,2
757004432097677312,2,0,2
757022492053471233,2,0,2
757033958966112257,2,0,2
757042702492004352,2,1,3
757055197017313280,2,0,2
757079418984476677,2,1,3
757198786003361792,2,0,2
757230894725890048,2,0,2
757307771587010560,2,0,2
757307916026163200,2,0,2
757346439693500416,2,1,3
757356261210001409,2,0,2
757423198942195712,2,0,2
757506010865135617,2,0,2
757551974510235648,2,1,3
757583880165662720,2,0,2
757588256481546241,2,0,2
757602962415886336,2,8,10
757617961926586368,2,0,2
757679885452124160,2,0,2
757684768649601025,2,0,2
757738795043201024,2,0,2
757771559696076800,2,0,2
757776741511208960,2,0,2
757778956191870976,2,0,2
757784172010156032,2,81,83
757820807175245825,2,0,2
757884930969866240,2,1,3
757917416378671104,2,0,2
757928817449050113,2,1,3
757941192478724097,2,0,2
757991526156890112,2,0,2
758004253449486336,2,5,7
758013770736152577,2,0,2
758081349395906560,2,0,2
758090865403424769,2,0,2
758262837319966720,2,0,2
758282585210556416,2,0,2
758328545894502400,2,0,2
758388875509239808,2,0,2
758499884940926976,2,0,2
758592251358486529,2,0,2
758629484249702400,2,0,2
758681541039886336,2,1,3
758691922651254784,2,11,13
758733356695560193,2,0,2
758743899762372609,2,0,2
758805315718557700,2,0,2
758814072880050176,2,1,3
758819898818564097,2,1,3
758833474274856960,2,11,13
758849421056421888,2,0,2
758862626466082816,2,0,2
758891588026114048,2,15,17
758910423852683265,2,0,2
759010213391249408,2,0,2
759069017999024128,2,0,2
759076243257950208,2,7,9
759082503797772288,2,0,2
759086702799368192,2,9,11
759130143142977536,2,1,3
759157342319448064,2,0,2
759244864450097152,2,0,2
759317388647075840,2,0,2
759318430847758340,2,0,2
759421669173755905,2,0,2
759436841036705792,2,0,2
759484520844234752,2,0,2
759485350054068225,2,0,2
759492767949000704,2,3,5
759498813467799553,2,2,4
759504838468087808,2,0,2
759705374534565888,2,0,2
759719639601381376,2,0,2
759814292958875648,2,0,2
759821017737027584,2,0,2
759922000051605504,2,0,2
759967383855374336,2,0,2
760096466782212097,2,0,2
760167197574434821,2,0,2
760169393556824064,2,0,2
760397368915292160,2,0,2
760483485031272448,2,1,3
760484528926367744,2,0,2
760532695831150594,2,0,2
760564521425510400,2,0,2
760578562189557760,2,0,2
760594856230215680,2,2,4
760617748049358852,2,0,2
760634435595276288,2,0,2
760664262939291648,2,12,14
760805655942930432,2,3,5
760834494739775488,2,0,2
760872970696822784,2,0,2
760922828464152576,2,29,31
760961526849155072,2,1,3
760962059479707648,2,0,2
761052481115729921,2,1,3
761174847158382592,2,0,2
761188763347320832,2,0,2
761310999706083328,2,1,3
761341180550328320,2,1,3
761368033604562944,2,0,2
761404875175452672,2,1,3
761548643144982528,2,0,2
761628122055778305,2,0,2
761638232740081664,2,0,2
761932724101722112,2,0,2
761961438386597888,2,0,2
761964256535322624,2,0,2
761966902218403840,2,0,2
762013214624264193,2,3,5
762030625079500800,2,0,2
762062269979164672,2,7,9
762068060932935681,2,4,6
762273770832744452,2,2,4
762345989218893824,2,7,9
762346591923605505,2,0,2
762377149567283202,2,0,2
762428365336813570,2,0,2
762683090355494913,2,0,2
762744467371663360,2,28,30
762825938979594242,2,0,2
762834810096132096,2,0,2
763107871605264384,2,0,2
763134005231386624,2,2,4
763154381978034176,2,1,3
763195232645029888,2,0,2
763273408452886528,2,0,2
763389892059463680,2,0,2
763435282037284864,2,2,4
763441320652251136,2,45,47
763457933862588416,2,6,8
763461067171389440,2,16,18
763463702075019264,2,0,2
763764503867695105,2,0,2
763765398537900033,2,0,2
763868067617210369,2,0,2
763921271604195328,2,7,9
763936433509769216,2,1,3
763963240820768768,2,0,2
764100057054404608,2,0,2
764160521008451585,2,0,2
764163802086514688,2,0,2
764186105377857536,2,0,2
764222549840375808,2,1,3
764248840614449152,2,0,2
764257443325087744,2,0,2
764397747604688896,2,0,2
764429063595421696,2,1,3
764552272550301696,2,2,4
764553078368571392,2,0,2
764554920842371072,2,0,2
764594162343612416,2,0,2
764777672060837888,2,0,2
764792237133668352,2,1,3
764994755944148992,2,0,2
765108743541366784,2,0,2
765128877098229760,2,0,2
765195025928028160,2,0,2
765210721059741696,2,0,2
765310281736069120,2,0,2
765358821153923073,2,0,2
765551180273573888,2,0,2
765664939449077760,2,9,11
765685015841832962,2,0,2
765893587271880704,2,0,2
765930819357646848,2,1,3
765964581814632448,2,0,2
765966101272489984,2,0,2
766110303776112640,2,0,2
766136448831586304,2,0,2
766298362509418496,2,0,2
766304625746141184,2,0,2
766347963388026880,2,0,2
766446939823022082,2,13,15
766743703226507270,2,0,2
766760837549854720,2,0,2
766774558657359873,2,0,2
767103262474448896,2,0,2
767208434861273089,2,11,13
767462597339807744,2,0,2
767470705839452160,2,1,3
767549684541825024,2,2,4
767694225228107777,2,0,2
767761230832422912,2,3,5
767797256942710785,2,0,2
767862748705325058,2,1,3
767880722157895680,2,11,13
768354831799095296,2,0,2
768432999734075392,2,0,2
768461522318135297,2,0,2
768521274213568512,2,0,2
768632400930758656,2,1,3
768786846688083968,2,0,2
768790387968380933,2,33,35
768819155869003776,2,0,2
768868296838053888,2,0,2
768968871214669824,2,1,3
769071439207071746,2,13,15
769095942138101760,2,0,2
769165040314355712,2,0,2
769184762141507585,2,0,2
769345502332723200,2,1,3
769354608216977412,2,0,2
769705026747043844,2,0,2
769709312813957120,2,0,2
770311276010450944,2,4,6
770365220183216128,2,0,2
770407144357232640,2,0,2
770448409807511552,2,0,2
770464321709146112,2,0,2
770495347680505880,2,0,2
770743261812043776,2,0,2
770795594252111872,2,0,2
770843818472173568,2,5,7
771075259898351616,2,2,4
771090685671776256,2,1,3
771123608932454400,2,0,2
771164931764871168,2,1,3
771173751274614784,2,0,2
771327887916097536,2,0,2
771410409572139008,2,0,2
771410903065464833,2,0,2
771472487091671040,2,0,2
771529979846766592,2,0,2
771674160670052352,2,0,2
771683301006467072,2,0,2
771711666379685888,2,1,3
771716228272496641,2,1,3
771817232917794816,2,0,2
772066455563014144,2,0,2
772373105201340416,2,0,2
772507104619790336,2,0,2
772642223129112578,2,0,2
772652128145854464,2,0,2
772728282450108416,2,0,2
772810986176835584,2,0,2
772883196123852800,2,0,2
772884985489395712,2,15,17
773003748360785920,2,1,3
773032094809329664,2,0,2
773234038115106816,2,0,2
773301883024838658,2,0,2
773313477800759296,2,0,2
773374655910453248,2,0,2
773638088098770944,2,0,2
773649739992686596,2,3,5
773701111542910976,2,0,2
773792075586363392,2,3,5
773812239329624064,2,0,2
773872018873810944,2,0,2
773901970641920001,2,0,2
773971255758389248,2,0,2
774229183043993600,2,0,2
774270777210335232,2,0,2
774311368723984384,2,0,2
774342246141464576,2,0,2
774462499689234436,2,0,2
774501823478509569,2,0,2
774556408075341829,2,0,2
774622114729041920,2,1,3
774784558126424065,2,0,2
774858441609269248,2,0,2
774922557002772480,2,0,2
774993787324096512,2,0,2
775011331355258880,2,0,2
775137606543761408,2,0,2
775159965044518912,2,0,2
775286842383933440,2,0,2
775403438834327556,2,1,3
775406816201105408,2,0,2
775439549354876928,2,0,2
775534144050823169,2,2,4
775730442431369216,2,0,2
775733745470935040,2,0,2
775817466983227393,2,2,4
775914207871197184,2,0,2
776056461432528896,2,0,2
776094474711752704,2,0,2
776111734734159872,2,0,2
776191276475568128,2,0,2
776278236149981184,2,0,2
776436210952605696,2,0,2
776453781991092225,2,0,2
776506085121417217,2,1,3
776560861867573248,2,7,9
776766852030685188,2,0,2
776865781413928960,2,1,3
776895240980443136,2,0,2
776901248326983680,2,0,2
777095256076587009,2,0,2
777162291036893184,2,1,3
777166768779452416,2,0,2
777180641943097345,2,0,2
777284745122181120,2,0,2
777367161132253184,2,1,3
777383690368417792,2,0,2
777519376295600133,2,0,2
777522878665424897,2,0,2
777530423521996804,2,0,2
777540763924267010,2,0,2
777546052098527232,2,0,2
777549425396690945,2,0,2
777630714724360192,2,0,2
777717329492840448,2,0,2
777722314532290560,2,0,2
777874695681110016,2,0,2
777879358451093504,2,6,8
777882326734925824,2,0,2
777903356706717697,2,0,2
777970898976575488,2,6,8
778009789821546496,2,0,2
778011397015871488,2,4,6
778118186835316736,2,0,2
778380350137380864,2,1,3
778390289752784897,2,4,6
778393835722383360,2,0,2
778600537742651393,2,0,2
778624751451373568,2,0,2
778647274054414336,2,1,3
778697019300851712,2,0,2
778733900679884800,2,0,2
778748605473562624,2,0,2
778779308936396800,2,0,2
778796621920362496,2,0,2
778909006412800000,2,0,2
778942593803616256,2,2,4
779054131130601472,2,0,2
779080734111830016,2,0,2
779081886408728576,2,0,2
779161488191725568,2,0,2
779246779556651008,2,1,3
779261593771212800,2,0,2
779357628250152960,2,0,2
779482668882915329,2,0,2
779635720575082496,2,1,3
779661297927483392,2,0,2
779856929350938624,2,0,2
779858861792587776,2,4,6
779972158931939328,2,0,2
780034189454434304,2,0,2
780326103873359872,2,0,2
780438816834277376,2,0,2
780492014701928449,2,0,2
780499487441715204,2,0,2
780535023673815041,2,0,2
780558797500579841,2,5,7
780580392583651328,2,0,2
780583351895793665,2,0,2
780603988278292480,2,0,2
780763870340100096,2,0,2
780765508991721472,2,0,2
780767503974662144,2,0,2
780831685776580608,2,0,2
780969993034838016,2,0,2
781053561694199809,2,0,2
781067466810220545,2,0,2
781125345667715072,2,0,2
781155593113350146,2,3,5
781200180167094272,2,0,2
781215154340003840,2,0,2
781313016860143616,2,0,2
781478386027769856,2,0,2
781512064393097216,2,0,2
781625342851059712,2,0,2
781730142833913856,2,0,2
781788282724184064,2,0,2
781893869881397249,2,1,3
781975183519199232,2,0,2
781981907781169152,2,1,3
782079714592641024,2,0,2
782277910728171520,2,0,2
782327800099377152,2,0,2
782389245793009669,2,1,3
782427094215036928,2,8,10
782636289505931264,2,0,2
783234635241103360,2,4,6
783244949609324545,2,1,3
783395715347197953,2,0,2
783474580040146944,2,0,2
783563455529791488,2,0,2
783711020451782657,2,0,2
783722802364940288,2,0,2
783742052026560512,2,0,2
783868088638767104,2,0,2
783989235636396032,2,0,2
784018943514144768,2,0,2
784136939976822784,2,0,2
784142856432869376,2,0,2
784154967967838208,2,1,3
784156112853602304,2,0,2
784430112624304128,2,0,2
784452615686021120,2,2,4
784464342225981444,2,0,2
784508590719590404,2,2,4
784561902672314368,2,0,2
784603856399437824,2,0,2
784760839383359488,2,0,2
784766163632791552,2,0,2
784775999720452097,2,0,2
784937228212600833,2,0,2
784948795125542912,2,3,5
784960363133538304,2,0,2
784964068792733697,2,0,2
784982977201733633,2,0,2
785007397836247040,2,2,4
785129237711876105,2,0,2
785131486529789952,2,0,2
785136491752226816,2,0,2
785175839805739008,2,1,3
785201784163803136,2,1,3
785207513360715778,2,0,2
785226051244863488,2,0,2
785226081783648256,2,0,2
785249525627691008,2,0,2
785255436169515009,2,0,2
785265417073795072,2,0,2
785282998333607938,2,0,2
785301925457760256,2,0,2
785308119924563968,2,0,2
785312205197541377,2,0,2
785313115978272768,2,0,2
785331141230399488,2,0,2
785334690454659073,2,0,2
785376259740139522,2,0,2
785376573126021120,2,2,4
785432045724037120,2,0,2
785493524317732864,2,0,2
785519494152151041,2,0,2
785558438231232513,2,0,2
785560729042751489,2,0,2
785641537808007168,2,2,4
785641771015417856,2,0,2
785705194025652224,2,0,2
785768313276293120,2,0,2
785843729781428224,2,0,2
785863784732786689,2,4,6
785882579207462913,2,0,2
785898168110067713,2,0,2
785934221139337216,2,0,2
785943018092105728,2,0,2
785944461138333696,2,0,2
785951760397447168,2,0,2
785951986562715648,2,1,3
785986074556375041,2,0,2
786006118019444736,2,0,2
786068031273373700,2,0,2
786141061601038336,2,0,2
786181155938635776,2,1,3
786203928966762496,2,0,2
786359290642722816,2,0,2
786393960969187329,2,0,2
786395628326703104,2,0,2
786445548702142465,2,0,2
786621416808382464,2,0,2
786646732125896704,2,0,2
786698524884893696,2,0,2
786725287199379456,2,0,2
786731218758926336,2,0,2
786761849081593856,2,0,2
786789110060941312,2,0,2
786951951867142144,2,0,2
786976442366107648,2,3,5
787016084587180032,2,0,2
787170624162533376,2,1,3
787217370536259584,2,0,2
787353568630169604,2,0,2
787370083014279168,2,0,2
787395265393229824,2,25,27
787419113572433920,2,0,2
787468183762591744,2,3,5
787482169207762944,2,0,2
787603717579124736,2,0,2
787661976440832000,2,0,2
787669409104011265,2,1,3
787676857961357312,2,0,2
787682807111823361,2,1,3
787724977285926912,2,13,15
787743763682689024,2,0,2
787763416865865728,2,0,2
787782434515329024,2,0,2
787785304937758724,2,0,2
787808359898505216,2,0,2
787820209285500928,2,0,2
787852322365845504,2,1,3
787864392327045121,2,0,2
787907737166356480,2,0,2
787989253804425216,2,0,2
788028041473748992,2,0,2
788028469129121792,2,0,2
788029986473205760,2,0,2
788070599016980480,2,0,2
788091355469799424,2,1,3
788122908027531264,2,0,2
788164048168771585,2,0,2
788219466219921408,2,0,2
788396302342066176,2,0,2
788401636079132672,2,0,2
788525625120329729,2,0,2
788699801240084480,2,0,2
788727237625335809,2,0,2
788781328040878083,2,0,2
788800055608303616,2,0,2
788820383365410816,2,0,2
788865734948421636,2,0,2
788889562026127360,2,7,9
788896325463072768,2,0,2
788936997972873216,2,0,2
789075028511821825,2,3,5
789229043455361024,2,1,3
789256452707799040,2,0,2
789283035107647488,2,0,2
789344351679807488,2,0,2
789382994490368002,2,0,2
789420433732952064,2,0,2
789424757087281152,2,1,3
789454157652561922,2,0,2
789561195091165184,2,0,2
789612868228542464,2,0,2
789632317052432384,2,0,2
789677952707330049,2,0,2
789683974423646208,2,0,2
789910130519343104,2,0,2
789991492282621953,2,0,2
790181445125877760,2,0,2
790202460665151488,2,0,2
790225099949563908,2,0,2
790321568220057600,2,0,2
790426472204816384,2,0,2
790453858174504960,2,0,2
790658640311160833,2,0,2
790716480723746817,2,0,2
790739574959898624,2,0,2
790744747908272128,2,0,2
790894608842534912,2,0,2
791006950137954309,2,0,2
791053700424871936,2,0,2
791078759084466177,2,0,2
791136737372282880,2,0,2
791178104735662080,2,0,2
791244288185229312,2,0,2
791307588621180932,2,0,2
791334937098129412,2,0,2
791360109188354048,2,1,3
791490592207364096,2,5,7
791580128354660352,2,0,2
791643461560655876,2,0,2
791669672307339266,2,1,3
791704575958982656,2,0,2
791776031048892420,2,0,2
791853193017733120,2,0,2
791910768430100481,2,1,3
791958258353221632,2,0,2
791992688933478400,2,0,2
792066723633565697,2,0,2
792150296789078016,2,0,2
792165427384295425,2,0,2
792176487785005057,2,0,2
792184737368387584,2,0,2
792189964968656896,2,0,2
792210037183684608,2,0,2
792218417042378752,2,0,2
792400702396039169,2,1,3
792455185843060738,2,0,2
792484629479563264,2,5,7
792526250954878981,2,0,2
792733611200045056,2,4,6
792740064203771904,2,1,3
792817519094407168,2,1,3
792874124943233024,2,0,2
792874235337269249,2,0,2
792966372758216704,2,0,2
793243982990049281,2,1,3
793290509548748800,2,0,2
793465561116139520,2,0,2
793469563300110336,2,0,2
793548935445045249,2,0,2
793553201626746881,2,0,2
793573978187137025,2,0,2
793594092496130048,2,0,2
793661130149236736,2,1,3
793664739943542784,2,0,2
793678852669136896,2,0,2
793693038153461760,2,0,2
793747376246751232,2,0,2
793832394818138112,2,0,2
793835688860856320,2,0,2
793859476575096832,2,0,2
793875861615185920,2,0,2
793881024979619840,2,0,2
793894212685139968,2,0,2
793899953466658816,2,1,3
793928059560656897,2,0,2
793967939305308160,2,0,2
793971294282792960,2,0,2
794094508782841856,2,0,2
794220538478489600,2,1,3
794239321180110848,2,0,2
794243301750640640,2,0,2
794280252096782336,2,0,2
794460532329676800,2,1,3
794524384111136768,2,0,2
794574735841566720,2,0,2
794578634048536576,2,0,2
794586708838846464,2,0,2
794596046412267520,2,0,2
794622551594930176,2,1,3
794681933435465728,2,0,2
794723562242342912,2,0,2
794739148712185856,2,0,2
794769772202393601,2,1,3
795030548293046272,2,1,3
795081371593089024,2,0,2
795104230411374592,2,0,2
795107471564140547,2,0,2
795113409842774016,2,0,2
795208156888449024,2,0,2
795337536512098304,2,0,2
795365043634311168,2,0,2
795468503142776832,2,1,3
795482561443168256,2,1,3
795523584416501760,2,0,2
795637892257292288,2,0,2
795677278659297280,2,0,2
795682486005231616,2,0,2
795691322573201408,2,0,2
795743566555389952,2,0,2
795763430082875393,2,0,2
795772473115611136,2,0,2
795775560924463104,2,0,2
795825999955062784,2,0,2
796054993778380801,2,0,2
796108407715622912,2,0,2
796141355529441280,2,0,2
796204749406216192,2,0,2
796237330449334272,2,0,2
796242551296626688,2,0,2
796271442832879616,2,0,2
796287114782605312,2,0,2
796298454549020673,2,1,3
796300975858401281,2,5,7
796361118147104768,2,0,2
796384012663160832,2,0,2
796421273119322114,2,0,2
796451053784862720,2,0,2
796454811357089792,2,4,6
796458978699943936,2,0,2
796467951134212100,2,0,2
796499580279877632,2,0,2
796507182955200513,2,0,2
796517004232499201,2,0,2
796555949775486977,2,0,2
796673078738698240,2,0,2
796695912554856449,2,0,2
796735697331912704,2,0,2
796742056983019520,2,0,2
796760381767159808,2,0,2
796775807855099904,2,0,2
796784249722519552,2,2,4
796794408612036612,2,0,2
796803674005794816,2,0,2
796834428735590400,2,1,3
796847164794114048,2,0,2
796874952842612737,2,2,4
796883425135382528,2,0,2
796909297473060864,2,2,4
796932881457311744,2,0,2
797003325795205120,2,0,2
797035640391139328,2,1,3
797136732995153920,2,0,2
797155036182630400,2,1,3
797190216025051136,2,0,2
797209237080383488,2,0,2
797212547300659202,2,0,2
797272927062388740,2,0,2
797336404967583744,2,0,2
797355068911591426,2,0,2
797397072127225856,2,0,2
797401979614064640,2,0,2
797480530602299392,2,0,2
797576025815261185,2,3,5
797623769258934273,2,0,2
797736295703285760,2,0,2
797807769357258752,2,0,2
797824003553554432,2,0,2
797846556573433856,2,0,2
797852482865156097,2,0,2
797854322318929920,2,0,2
797859460807086080,2,0,2
797942683436220416,2,0,2
798083745291108352,2,0,2
798148181842239488,2,0,2
798150875332145154,2,0,2
798177061806411776,2,0,2
798201503483711488,2,0,2
798314166515683328,2,0,2
798315314840739840,2,0,2
798348968036106240,2,0,2
798500345391390722,2,0,2
798572603292184576,2,0,2
798732844805869568,2,2,4
798792575696060418,2,0,2
798962138505154560,2,1,3
799997020643688448,2,0,2
800078070262566912,2,0,2
801136233695051776,2,2,4
802142399300509698,2,5,7
802550499950018560,2,2,4
803020988258471936,2,0,2
803673835820220417,2,2,4
803898255276994560,2,0,2
804194296232558592,2,0,2
804918305538588672,2,0,2
805054643038552068,2,89,91
805439366558412800,2,0,2
806160320658079744,2,0,2
806948806512230400,2,0,2
807622153646411776,2,0,2
807709443383324672,2,0,2
808347738161065985,2,6,8
812135885328236551,2,0,2
813941383241367552,2,2,4
1737,1,1,2
10221,1,9,10
10466,1,2,3
17673,1,0,1
20503,1,0,1
34853,1,1,2
598583,1,6,7
620333,1,6,7
645043,1,3,4
688273,1,2,3
709313,1,5,6
717133,1,12,13
725323,1,0,1
743493,1,1,2
754976,1,1,2
755086,1,1,2
755504,1,6,7
758424,1,0,1
763300,1,125,126
772286,1,13,14
787169,1,2,3
795789,1,15,16
802225,1,0,1
811829,1,2,3
814304,1,0,1
818805,1,7,8
821978,1,5,6
936401,1,0,1
1039121,1,21,22
1049171,1,5,6
1062161,1,11,12
1137881,1,3,4
1164421,1,1,2
1192641,1,4,5
1219681,1,0,1
1270191,1,3,4
1325181,1,7,8
1402021,1,2,3
1483231,1,0,1
1550671,1,8,9
1586871,1,2,3
1652821,1,16,17
1676421,1,9,10
1681961,1,6,7
1691121,1,0,1
1711701,1,0,1
1731811,1,1,2
1746801,1,6,7
1772741,1,5,6
1787311,1,23,24
1790991,1,1,2
1826971,1,1,2
1827761,1,0,1
2020351,1,10,11
2139581,1,3,4
2317801,1,1,2
2719961,1,81,82
2881611,1,1,2
2890101,1,2,3
2896671,1,1,2
2910971,1,6,7
2974291,1,0,1
3101811,1,11,12
3287161,1,0,1
3371601,1,0,1
3487151,1,1,2
3649091,1,3,4
3669591,1,20,21
3744281,1,11,12
4078501,1,4,5
4099171,1,1,2
4212591,1,0,1
4429011,1,1,2
4830311,1,3,4
5353802,1,6,7
5357042,1,0,1
5406692,1,3,4
5438022,1,4,5
5526652,1,8,9
5570452,1,2,3
5618832,1,1,2
5659662,1,2,3
5698172,1,0,1
5729842,1,1,2
5749112,1,18,19
5818212,1,0,1
5879192,1,11,12
5910722,1,5,6
5912292,1,0,1
6019932,1,0,1
6045252,1,4,5
6091402,1,2,3
6093632,1,4,5
6108862,1,2,3
6122152,1,4,5
6122782,1,0,1
6164342,1,0,1
6265442,1,0,1
6268652,1,0,1
6361842,1,0,1
6375932,1,11,12
6413162,1,0,1
6413902,1,0,1
6429502,1,4,5
6453622,1,2,3
6529442,1,12,13
6627762,1,2,3
6649832,1,1,2
6699552,1,3,4
6701212,1,1,2
6729502,1,0,1
6804822,1,0,1
6810562,1,13,14
6967252,1,4,5
7010872,1,9,10
7027112,1,1,2
7059772,1,1,2
7068462,1,15,16
7092232,1,15,16
7114202,1,7,8
7115632,1,1,2
7181672,1,1,2
7213362,1,2,3
7240262,1,0,1
7244602,1,5,6
7259302,1,7,8
7333642,1,0,1
7381232,1,79,80
7386512,1,3,4
7395552,1,4,5
7418592,1,0,1
7471842,1,1,2
7477172,1,1,2
7530762,1,0,1
7572652,1,0,1
7600282,1,3,4
7673682,1,2,3
7701252,1,0,1
7703052,1,16,17
7720332,1,1,2
7749152,1,5,6
7764332,1,1,2
7777572,1,3,4
7848212,1,0,1
7851422,1,1,2
7886112,1,0,1
7892442,1,0,1
7920212,1,0,1
7953342,1,0,1
8107382,1,0,1
8114362,1,3,4
8172972,1,11,12
8249862,1,0,1
8273772,1,0,1
8395482,1,2,3
8474102,1,5,6
8483062,1,1,2
8519692,1,1,2
8551612,1,3,4
8556472,1,0,1
8558902,1,3,4
8668432,1,16,17
8689222,1,0,1
8690902,1,8,9
8819552,1,1,2
8973442,1,1,2
9032512,1,0,1
9073062,1,0,1
9176812,1,0,1
9191852,1,0,1
9263412,1,0,1
9297262,1,5,6
9478302,1,1,2
9507342,1,0,1
9596682,1,7,8
9607062,1,0,1
9611372,1,8,9
9630972,1,2,3
9642742,1,0,1
9735672,1,29,30
9749012,1,7,8
9786032,1,11,12
9840392,1,7,8
10001212,1,6,7
10102222,1,1,2
10136872,1,0,1
10160482,1,0,1
10191202,1,0,1
10254082,1,0,1
10322132,1,18,19
10323402,1,2,3
10416652,1,5,6
10430402,1,0,1
10501812,1,1,2
10529322,1,8,9
10544232,1,1,2
10568722,1,2,3
10670632,1,0,1
10701082,1,0,1
10753312,1,2,3
10776252,1,11,12
10825952,1,3,4
11012752,1,1,2
11228322,1,8,9
11323062,1,0,1
11324652,1,0,1
11344462,1,3,4
11345742,1,0,1
11391512,1,2,3
11445802,1,0,1
11592952,1,0,1
11648012,1,0,1
11670602,1,2,3
11682952,1,0,1
11754812,1,0,1
11761582,1,0,1
11797632,1,5,6
11798672,1,0,1
11848962,1,0,1
11862072,1,1,2
11876322,1,3,4
11921402,1,0,1
12004852,1,22,23
12065432,1,0,1
12201582,1,4,5
12316952,1,0,1
12423332,1,0,1
12435272,1,1,2
12530232,1,0,1
12636832,1,0,1
12708032,1,0,1
12733902,1,2,3
12799152,1,1,2
12834972,1,6,7
12842642,1,0,1
12864992,1,9,10
12922462,1,3,4
12961652,1,0,1
13077312,1,3,4
13086542,1,0,1
13102242,1,3,4
13115052,1,1,2
13179482,1,0,1
13185272,1,1,2
13234112,1,2,3
13283252,1,0,1
13320092,1,5,6
13415972,1,0,1
13463262,1,1,2
13575602,1,6,7
13586232,1,1,2
13604612,1,38,39
13707152,1,3,4
13744242,1,4,5
13786542,1,2,3
13846862,1,0,1
14053449,1,17,18
14068645,1,1,2
14075541,1,6,7
14083693,1,7,8
14087585,1,0,1
14087599,1,4,5
14098734,1,30,31
14109848,1,0,1
14110996,1,2,3
14111470,1,2,3
14115228,1,12,13
14116074,1,3,4
14119997,1,0,1
14120050,1,1,2
14120197,1,6,7
14123154,1,0,1
14133154,1,9,10
14133760,1,7,8
14138114,1,1,2
14139884,1,0,1
14148091,1,0,1
14155986,1,0,1
14164268,1,0,1
14165525,1,8,9
14165779,1,2,3
14187282,1,2,3
14191589,1,10,11
14199108,1,0,1
14206388,1,2,3
14207017,1,2,3
14207890,1,0,1
14215322,1,5,6
14218312,1,2,3
14222126,1,0,1
14229632,1,48,49
14233285,1,0,1
14239907,1,0,1
14246644,1,2,3
14249833,1,0,1
14250908,1,1,2
14254343,1,2,3
14255402,1,0,1
14259241,1,1,2
14270650,1,4,5
14293032,1,4,5
14300123,1,2,3
14301229,1,0,1
14304887,1,0,1
14325452,1,6,7
14327247,1,2,3
14327678,1,0,1
14328069,1,1,2
14329662,1,0,1
14338274,1,4,5
14347014,1,17,18
14348670,1,0,1
14360516,1,6,7
14365762,1,1,2
14365983,1,1,2
14381877,1,0,1
14383251,1,0,1
14391550,1,1,2
14395910,1,3,4
14398647,1,1,2
14402269,1,8,9
14404082,1,0,1
14412533,1,4,5
14414872,1,0,1
14415005,1,1,2
14417310,1,12,13
14425179,1,6,7
14429755,1,2,3
14432950,1,0,1
14434298,1,2,3
14447840,1,0,1
14458518,1,0,1
14468118,1,1,2
14475067,1,2,3
14475647,1,2,3
14485322,1,26,27
14485579,1,2,3
14485802,1,0,1
14502380,1,0,1
14503633,1,1,2
14513100,1,0,1
14525172,1,1,2
14526041,1,2,3
14526194,1,0,1
14526858,1,0,1
14526877,1,3,4
14531651,1,0,1
14534382,1,7,8
14536430,1,0,1
14538268,1,61,62
14541872,1,0,1
14542976,1,0,1
14544571,1,0,1
14547309,1,1,2
14548890,1,1,2
14549486,1,34,35
14552965,1,0,1
14554959,1,9,10
14558855,1,3,4
14564858,1,1,2
14566792,1,8,9
14566995,1,3,4
14570028,1,3,4
14572422,1,0,1
14573415,1,0,1
14574162,1,58,59
14574951,1,0,1
14578564,1,2,3
14593296,1,0,1
14608764,1,54,55
14615214,1,2,3
14621479,1,0,1
14629939,1,0,1
14632610,1,5,6
14641787,1,0,1
14649234,1,0,1
14652906,1,0,1
14654121,1,3,4
14654231,1,3,4
14654901,1,0,1
14669549,1,2,3
14671518,1,0,1
14678264,1,1,2
14691845,1,7,8
14697079,1,2,3
14699724,1,0,1
14702074,1,0,1
14702504,1,0,1
14705216,1,4,5
14707322,1,19,20
14708466,1,0,1
14711395,1,2,3
14714496,1,0,1
14717914,1,0,1
14733264,1,3,4
14745916,1,0,1
14749319,1,0,1
14766559,1,1,2
14767563,1,0,1
14768656,1,0,1
14774552,1,0,1
14775050,1,20,21
14781971,1,0,1
14785495,1,5,6
14787331,1,20,21
14789146,1,17,18
14791307,1,3,4
14791311,1,0,1
14792497,1,1,2
14802899,1,0,1
14811111,1,8,9
14812437,1,0,1
14815420,1,3,4
14821723,1,1,2
14824763,1,6,7
14830349,1,1,2
14841020,1,1,2
14846641,1,1,2
14847441,1,6,7
14863886,1,0,1
14866363,1,0,1
14867598,1,0,1
14873767,1,0,1
14876670,1,1,2
14881017,1,2,3
14887632,1,0,1
14909405,1,7,8
14912419,1,1,2
14928677,1,0,1
14940354,1,3,4
14944682,1,3,4
14947595,1,1,2
14955576,1,0,1
14958150,1,0,1
14960658,1,2,3
14960844,1,0,1
14961008,1,0,1
14964459,1,0,1
14969374,1,0,1
14977045,1,0,1
14977152,1,1,2
14986841,1,25,26
14987379,1,5,6
14989473,1,5,6
14990801,1,0,1
14992464,1,2,3
14993191,1,0,1
14996706,1,3,4
14997156,1,20,21
14999393,1,2,3
15006126,1,1,2
15019616,1,1,2
15021854,1,0,1
15024983,1,0,1
15026755,1,22,23
15027151,1,0,1
15036408,1,4,5
15039009,1,2,3
15046640,1,1,2
15047326,1,2,3
15048944,1,34,35
15067826,1,1,2
15075835,1,4,5
15075885,1,11,12
15082105,1,2,3
15087024,1,0,1
15103056,1,26,27
15109312,1,3,4
15111876,1,8,9
15112978,1,0,1
15122176,1,6,7
15140422,1,0,1
15142606,1,5,6
15153843,1,2,3
15164070,1,0,1
15170902,1,3,4
15174190,1,9,10
15186189,1,0,1
15194195,1,3,4
15203926,1,4,5
15221733,1,0,1
15223328,1,0,1
15228493,1,0,1
15234546,1,1,2
15236573,1,4,5
15256790,1,0,1
15259662,1,2,3
15265392,1,1,2
15267925,1,3,4
15277487,1,8,9
15283606,1,0,1
15291560,1,0,1
15303063,1,0,1
15304326,1,0,1
15312805,1,0,1
15315325,1,0,1
15328031,1,2,3
15329159,1,0,1
15347925,1,0,1
15358651,1,0,1
15358710,1,7,8
15378365,1,2,3
15381023,1,2,3
15382034,1,1,2
15382980,1,0,1
15383318,1,13,14
15383688,1,0,1
15384793,1,0,1
15400044,1,0,1
15400522,1,0,1
15405523,1,0,1
15408476,1,2,3
15408769,1,0,1
15413220,1,0,1
15418895,1,0,1
15419731,1,0,1
15423378,1,0,1
15424449,1,0,1
15425471,1,0,1
15427846,1,0,1
15435104,1,1,2
15437195,1,5,6
15444711,1,2,3
15446531,1,4,5
15453154,1,0,1
15456529,1,0,1
15457581,1,9,10
15477283,1,0,1
15477303,1,0,1
15480029,1,12,13
15490533,1,11,12
15495117,1,7,8
15496157,1,2,3
15497454,1,0,1
15502132,1,0,1
15523287,1,4,5
15563882,1,0,1
15568860,1,0,1
15569348,1,0,1
15576928,1,13,14
15580570,1,5,6
15582291,1,0,1
15588456,1,1,2
15588945,1,0,1
15594266,1,3,4
15604914,1,15,16
15621026,1,0,1
15628127,1,0,1
15634050,1,0,1
15636658,1,0,1
15648567,1,2,3
15648677,1,0,1
15650397,1,1,2
15655665,1,17,18
15664775,1,8,9
15665455,1,0,1
15665623,1,0,1
15666463,1,2,3
15680627,1,0,1
15681817,1,0,1
15682492,1,3,4
15686175,1,0,1
15689207,1,0,1
15691612,1,0,1
15693446,1,0,1
15694971,1,1,2
15699021,1,0,1
15699801,1,2,3
15707229,1,0,1
15721702,1,0,1
15723433,1,0,1
15729628,1,0,1
15731259,1,12,13
15739485,1,11,12
15741261,1,0,1
15741545,1,0,1
15745908,1,11,12
15747034,1,0,1
15760262,1,0,1
15761592,1,0,1
15765108,1,20,21
15766780,1,2,3
15768688,1,0,1
15770620,1,0,1
15771631,1,0,1
15778901,1,0,1
15790927,1,5,6
15791902,1,3,4
15800009,1,0,1
15800897,1,3,4
15801372,1,2,3
15802389,1,0,1
15805105,1,0,1
15809934,1,0,1
15812846,1,0,1
15814618,1,0,1
15819729,1,4,5
15828747,1,0,1
15829574,1,5,6
15837659,1,7,8
15843023,1,1,2
15844488,1,2,3
15846999,1,7,8
15857836,1,3,4
15860579,1,0,1
15872935,1,1,2
15874822,1,1,2
15881414,1,0,1
15891116,1,0,1
15891653,1,1,2
15893354,1,2,3
15908631,1,2,3
15917225,1,8,9
15922626,1,1,2
15924344,1,0,1
15938350,1,3,4
15941247,1,0,1
15944116,1,1,2
15946280,1,5,6
15946493,1,7,8
15964350,1,9,10
15974935,1,9,10
15983455,1,1,2
15985333,1,7,8
15985545,1,0,1
15986474,1,0,1
15987376,1,20,21
15989625,1,0,1
15990298,1,1,2
15997652,1,0,1
15997746,1,2,3
16006323,1,1,2
16012783,1,1,2
16017195,1,13,14
16017822,1,0,1
16018777,1,44,45
16025774,1,8,9
16031631,1,2,3
16031640,1,40,41
16032135,1,3,4
16032777,1,2,3
16037479,1,2,3
16054206,1,0,1
16058182,1,0,1
16073639,1,118,119
16076328,1,2,3
16083185,1,0,1
16084074,1,2,3
16090559,1,8,9
16093070,1,0,1
16098365,1,7,8
16102376,1,0,1
16111057,1,18,19
16112120,1,2,3
16116457,1,3,4
16117237,1,1,2
16124215,1,5,6
16129704,1,10,11
16130623,1,0,1
16131717,1,1,2
16136895,1,1,2
16138853,1,3,4
16143206,1,0,1
16148005,1,0,1
16153317,1,1,2
16164155,1,4,5
16172966,1,0,1
16174702,1,16,17
16181537,1,18,19
16197726,1,0,1
16198497,1,0,1
16205677,1,6,7
16207341,1,3,4
16208086,1,22,23
16212799,1,26,27
16215602,1,17,18
16225571,1,3,4
16226005,1,13,14
16226435,1,10,11
16240174,1,0,1
16241078,1,13,14
16243317,1,0,1
16247032,1,0,1
16263018,1,2,3
16263791,1,1,2
16267717,1,3,4
16272844,1,9,10
16274552,1,1,2
16277974,1,0,1
16279125,1,1,2
16296203,1,0,1
16298862,1,0,1
16302376,1,0,1
16314465,1,16,17
16329666,1,5,6
16331855,1,1,2
16332326,1,2,3
16333273,1,2,3
16336119,1,0,1
16336140,1,0,1
16337670,1,0,1
16340092,1,4,5
16343260,1,14,15
16345682,1,8,9
16351005,1,3,4
16351191,1,2,3
16353245,1,2,3
16356201,1,6,7
16357757,1,0,1
16359176,1,0,1
16359486,1,10,11
16362574,1,1,2
16364644,1,3,4
16364781,1,2,3
16369206,1,0,1
16378093,1,5,6
16379909,1,25,26
16383617,1,1,2
16391986,1,0,1
16392266,1,1,2
16395066,1,0,1
16404954,1,0,1
16406600,1,9,10
16424596,1,0,1
16438083,1,0,1
16441933,1,2,3
16454598,1,6,7
16455330,1,0,1
16456733,1,0,1
16458650,1,0,1
16459001,1,15,16
16462029,1,1,2
16463676,1,6,7
16463981,1,0,1
16469711,1,1,2
16473691,1,2,3
16473790,1,3,4
16474465,1,1,2
16476647,1,12,13
16478325,1,0,1
16479874,1,5,6
16481893,1,12,13
16489159,1,3,4
16492861,1,2,3
16505411,1,12,13
16514757,1,0,1
16515382,1,0,1
16516557,1,2,3
16526295,1,2,3
16526794,1,1,2
16535535,1,0,1
16536476,1,0,1
16545081,1,0,1
16549005,1,0,1
16558837,1,2,3
16560737,1,0,1
16565243,1,0,1
16566808,1,3,4
16577723,1,1,2
16581570,1,0,1
16583986,1,3,4
16584668,1,1,2
16591349,1,0,1
16591710,1,0,1
16599623,1,1,2
16601566,1,4,5
16602052,1,15,16
16618278,1,12,13
16623113,1,48,49
16626690,1,1,2
16647735,1,1,2
16656127,1,0,1
16664012,1,0,1
16664850,1,0,1
16673485,1,1,2
16679887,1,0,1
16700221,1,3,4
16706169,1,9,10
16707857,1,58,59
16709178,1,6,7
16710230,1,1,2
16721086,1,0,1
16725276,1,3,4
16744372,1,14,15
16744496,1,5,6
16746723,1,0,1
16753122,1,0,1
16773608,1,5,6
16788737,1,2,3
16790718,1,5,6
16793196,1,9,10
16796668,1,0,1
16797551,1,2,3
16799241,1,1,2
16806592,1,0,1
16812059,1,5,6
16813992,1,18,19
16819713,1,3,4
16828819,1,2,3
16834207,1,2,3
16834348,1,1,2
16840716,1,0,1
16855608,1,1,2
16855888,1,1,2
16858134,1,0,1
16865583,1,23,24
16865671,1,0,1
16868472,1,0,1
16869803,1,0,1
16874038,1,0,1
16874223,1,0,1
16876752,1,5,6
16880274,1,0,1
16882450,1,0,1
16883288,1,0,1
16889306,1,0,1
16894344,1,0,1
16897555,1,0,1
16898702,1,5,6
16906308,1,2,3
16912954,1,0,1
16942732,1,2,3
16961879,1,0,1
16981465,1,3,4
16988085,1,0,1
16991114,1,4,5
16992766,1,7,8
17001490,1,4,5
17002673,1,0,1
17002903,1,0,1
17004629,1,11,12
17012502,1,0,1
17016516,1,0,1
17022355,1,0,1
17025874,1,0,1
17027632,1,6,7
17037383,1,1,2
17041906,1,10,11
17043217,1,1,2
17044848,1,0,1
17044902,1,2,3
17054818,1,0,1
17055129,1,4,5
17072698,1,1,2
17079503,1,4,5
17094747,1,0,1
17108474,1,1,2
17117462,1,0,1
17130131,1,0,1
17141163,1,8,9
17142689,1,8,9
17145862,1,12,13
17147341,1,3,4
17147436,1,0,1
17147972,1,0,1
17159211,1,5,6
17163481,1,3,4
17169157,1,1,2
17176716,1,0,1
17197717,1,21,22
17199087,1,1,2
17207064,1,3,4
17211604,1,0,1
17223391,1,3,4
17224806,1,1,2
17238361,1,3,4
17244070,1,1,2
17257950,1,0,1
17267142,1,2,3
17267592,1,0,1
17273110,1,0,1
17277972,1,0,1
17282699,1,4,5
17289147,1,1,2
17327054,1,8,9
17327256,1,12,13
17358422,1,0,1
17367246,1,1,2
17368513,1,0,1
17368825,1,0,1
17377456,1,0,1
17400747,1,2,3
17408007,1,5,6
17410206,1,0,1
17417070,1,0,1
17424952,1,0,1
17435315,1,0,1
17441664,1,11,12
17447524,1,0,1
17449688,1,0,1
17452338,1,27,28
17473360,1,0,1
17475637,1,2,3
17477622,1,1,2
17492377,1,14,15
17494297,1,0,1
17503876,1,0,1
17508305,1,0,1
17512866,1,1,2
17518040,1,18,19
17521435,1,17,18
17522884,1,0,1
17527237,1,10,11
17528868,1,0,1
17529242,1,0,1
17539405,1,0,1
17559704,1,3,4
17570448,1,1,2
17583317,1,0,1
17595133,1,0,1
17614452,1,1,2
17618943,1,0,1
17625434,1,9,10
17633646,1,3,4
17639126,1,0,1
17668502,1,11,12
17671557,1,0,1
17675405,1,7,8
17681869,1,50,51
17692894,1,0,1
17693461,1,0,1
17717430,1,2,3
17736232,1,5,6
17736978,1,2,3
17738295,1,3,4
17738802,1,0,1
17739728,1,1,2
17743167,1,0,1
17749086,1,2,3
17756054,1,4,5
17757642,1,10,11
17760789,1,12,13
17760951,1,1,2
17765336,1,2,3
17769262,1,0,1
17770553,1,0,1
17774220,1,0,1
17781206,1,2,3
17785741,1,1,2
17798627,1,1,2
17801414,1,0,1
17818921,1,0,1
17821552,1,0,1
17839296,1,1,2
17841403,1,0,1
17844692,1,29,30
17845574,1,0,1
17847906,1,3,4
17850912,1,0,1
17851886,1,0,1
17858072,1,0,1
17860474,1,15,16
17866831,1,2,3
17869689,1,0,1
17872402,1,0,1
17877944,1,0,1
17890544,1,18,19
17893073,1,3,4
17903154,1,1,2
17903155,1,1,2
17904132,1,0,1
17906346,1,1,2
17921404,1,2,3
17924012,1,0,1
17924258,1,2,3
17926425,1,0,1
17926842,1,6,7
17934912,1,4,5
17937043,1,1,2
17941504,1,11,12
17944423,1,6,7
17948947,1,0,1
17956502,1,0,1
17958364,1,0,1
17964884,1,0,1
17968882,1,3,4
17971747,1,4,5
17985482,1,10,11
17985565,1,4,5
17993908,1,0,1
18002867,1,0,1
18008931,1,0,1
18025353,1,0,1
18029837,1,0,1
18052599,1,6,7
18056097,1,0,1
18059424,1,4,5
18060399,1,0,1
18061294,1,0,1
18068341,1,0,1
18074560,1,0,1
18075443,1,0,1
18086309,1,4,5
18091968,1,0,1
18111280,1,6,7
18116303,1,0,1
18122941,1,23,24
18124830,1,2,3
18137655,1,1,2
18142658,1,0,1
18143449,1,1,2
18143695,1,0,1
18145927,1,0,1
18160619,1,0,1
18163186,1,0,1
18170860,1,0,1
18190202,1,0,1
18191382,1,1,2
18195424,1,1,2
18195551,1,1,2
18196811,1,0,1
18200549,1,0,1
18200888,1,3,4
18202240,1,0,1
18210635,1,1,2
18224920,1,0,1
18225367,1,5,6
18231735,1,0,1
18243223,1,0,1
18246630,1,0,1
18249279,1,0,1
18249297,1,7,8
18255911,1,6,7
18257579,1,0,1
18258508,1,10,11
18261628,1,4,5
18290170,1,1,2
18299928,1,0,1
18301360,1,3,4
18314234,1,0,1
18319546,1,8,9
18324199,1,4,5
18334031,1,1,2
18335424,1,1,2
18338331,1,0,1
18344654,1,1,2
18346062,1,2,3
18346966,1,4,5
18359602,1,0,1
18367081,1,0,1
18368976,1,0,1
18373853,1,2,3
18373898,1,0,1
18374159,1,0,1
18382184,1,1,2
18392095,1,0,1
18393982,1,12,13
18400525,1,1,2
18401772,1,0,1
18402226,1,5,6
18410119,1,0,1
18412499,1,0,1
18416673,1,1,2
18418348,1,0,1
18420857,1,0,1
18422575,1,0,1
18422973,1,1,2
18429083,1,0,1
18432087,1,0,1
18445181,1,0,1
18458063,1,1,2
18458953,1,5,6
18460479,1,0,1
18464266,1,10,11
18465519,1,8,9
18467251,1,0,1
18472424,1,1,2
18478067,1,5,6
18479820,1,23,24
18490463,1,0,1
18494981,1,1,2
18497982,1,0,1
18505500,1,0,1
18510073,1,0,1
18510396,1,0,1
18514659,1,1,2
18516303,1,2,3
18527971,1,1,2
18528086,1,0,1
18533000,1,0,1
18534569,1,0,1
18538833,1,20,21
18539652,1,3,4
18541176,1,0,1
18543258,1,1,2
18545878,1,2,3
18547023,1,0,1
18547695,1,0,1
18571798,1,0,1
18587165,1,12,13
18606294,1,0,1
18608619,1,0,1
18611635,1,2,3
18612440,1,2,3
18613689,1,0,1
18616891,1,0,1
18618463,1,2,3
18625807,1,2,3
18629331,1,1,2
18638852,1,1,2
18641724,1,1,2
18642171,1,1,2
18646561,1,2,3
18652879,1,6,7
18653324,1,1,2
18655847,1,1,2
18658644,1,0,1
18663625,1,0,1
18678196,1,34,35
18688121,1,0,1
18703271,1,0,1
18711934,1,4,5
18723269,1,0,1
18725923,1,1,2
18731677,1,2,3
18738047,1,2,3
18772999,1,0,1
18774140,1,16,17
18778401,1,0,1
18780713,1,0,1
18787732,1,0,1
18800527,1,0,1
18802895,1,0,1
18804231,1,2,3
18810536,1,0,1
18827511,1,2,3
18834557,1,2,3
18842785,1,0,1
18853454,1,1,2
18854072,1,1,2
18871716,1,6,7
18890736,1,0,1
18891961,1,1,2
18893580,1,1,2
18895276,1,5,6
18907423,1,0,1
18913137,1,0,1
18914379,1,1,2
18925057,1,2,3
18941168,1,3,4
18942393,1,1,2
18960672,1,2,3
18961988,1,1,2
18983673,1,11,12
18998877,1,0,1
19003777,1,0,1
19008298,1,1,2
19026735,1,4,5
19030941,1,0,1
19031466,1,3,4
19031731,1,4,5
19040537,1,0,1
19044132,1,0,1
19069406,1,0,1
19070298,1,1,2
19070347,1,0,1
19074802,1,1,2
19083393,1,0,1
19084455,1,1,2
19084928,1,1,2
19086367,1,1,2
19091728,1,0,1
19093999,1,0,1
19095909,1,0,1
19097047,1,2,3
19107878,1,7,8
19120657,1,0,1
19122350,1,1,2
19123162,1,0,1
19127931,1,7,8
19145560,1,2,3
19149096,1,0,1
19160985,1,0,1
19166136,1,4,5
19167833,1,0,1
19168381,1,1,2
19171764,1,0,1
19173370,1,3,4
19175654,1,1,2
19182617,1,1,2
19184998,1,19,20
19188132,1,1,2
19190291,1,0,1
19202733,1,0,1
19204812,1,6,7
19212154,1,1,2
19215223,1,1,2
19216060,1,1,2
19216545,1,0,1
19235902,1,1,2
19241544,1,0,1
19241940,1,0,1
19245863,1,12,13
19255147,1,2,3
19262570,1,0,1
19272465,1,0,1
19277842,1,0,1
19287545,1,0,1
19296516,1,0,1
19299983,1,1,2
19301877,1,0,1
19314238,1,0,1
19316932,1,0,1
19320565,1,0,1
19326132,1,0,1
19338425,1,0,1
19340122,1,0,1
19340399,1,0,1
19351111,1,13,14
19353949,1,1,2
19360517,1,0,1
19360717,1,4,5
19363969,1,0,1
19371321,1,0,1
19377646,1,0,1
19381857,1,0,1
19399396,1,13,14
19412308,1,3,4
19412957,1,0,1
19439467,1,1,2
19463496,1,0,1
19473108,1,0,1
19474957,1,22,23
19475210,1,0,1
19496624,1,0,1
19499232,1,0,1
19500186,1,0,1
19506923,1,0,1
19519397,1,0,1
19534310,1,1,2
19543692,1,1,2
19561082,1,3,4
19567744,1,0,1
19576003,1,1,2
19578967,1,1,2
19579930,1,0,1
19592654,1,1,2
19596419,1,7,8
19633055,1,1,2
19637303,1,9,10
19667628,1,16,17
19669543,1,10,11
19689142,1,3,4
19692075,1,0,1
19721743,1,15,16
19736128,1,19,20
19738104,1,0,1
19740146,1,0,1
19741858,1,0,1
19743660,1,0,1
19744645,1,0,1
19745594,1,0,1
19749935,1,0,1
19769739,1,2,3
19770492,1,6,7
19792780,1,9,10
19792812,1,0,1
19794140,1,1,2
19805682,1,25,26
19822126,1,0,1
19825632,1,4,5
19828037,1,4,5
19852413,1,0,1
19867378,1,0,1
19875463,1,2,3
19880390,1,0,1
19884030,1,0,1
19889946,1,0,1
19894417,1,0,1
19894607,1,1,2
19905367,1,0,1
19910867,1,1,2
19912776,1,4,5
19914971,1,0,1
19921539,1,0,1
19922927,1,1,2
19925071,1,0,1
19928319,1,0,1
19929618,1,0,1
19933219,1,0,1
19946101,1,0,1
19953165,1,0,1
19954278,1,2,3
19974017,1,0,1
19974228,1,0,1
19984237,1,2,3
20005118,1,0,1
20041312,1,6,7
20060120,1,6,7
20068902,1,0,1
20099177,1,8,9
20117914,1,3,4
20140564,1,6,7
20159694,1,0,1
20159761,1,0,1
20162847,1,0,1
20175792,1,0,1
20181248,1,14,15
20186637,1,0,1
20190741,1,22,23
20195838,1,2,3
20198631,1,2,3
20201620,1,2,3
20213446,1,1,2
20227816,1,0,1
20230811,1,1,2
20236381,1,13,14
20246921,1,2,3
20273523,1,0,1
20283294,1,2,3
20284566,1,0,1
20287322,1,0,1
20297129,1,1,2
20310264,1,5,6
20316473,1,0,1
20332563,1,9,10
20365947,1,0,1
20368293,1,2,3
20370761,1,0,1
20380415,1,0,1
20384339,1,1,2
20384343,1,0,1
20395038,1,2,3
20397364,1,0,1
20399843,1,0,1
20404344,1,0,1
20409780,1,0,1
20410334,1,1,2
20412312,1,0,1
20423830,1,0,1
20427072,1,0,1
20433598,1,21,22
20435295,1,2,3
20435361,1,1,2
20439358,1,0,1
20455267,1,0,1
20462827,1,10,11
20483317,1,0,1
20486767,1,0,1
20490232,1,1,2
20494522,1,19,20
20498232,1,1,2
20504043,1,1,2
20526032,1,0,1
20558805,1,0,1
20561765,1,8,9
20594201,1,0,1
20611428,1,1,2
20616741,1,3,4
20617622,1,0,1
20617913,1,1,2
20625069,1,0,1
20638279,1,3,4
20645953,1,2,3
20647617,1,0,1
20652877,1,0,1
20653249,1,0,1
20654231,1,0,1
20664587,1,2,3
20676977,1,1,2
20686713,1,1,2
20690163,1,0,1
20728256,1,2,3
20733046,1,3,4
20756490,1,6,7
20778382,1,0,1
20782345,1,0,1
20790976,1,0,1
20806289,1,0,1
20819456,1,2,3
20823571,1,3,4
20829672,1,4,5
20833515,1,1,2
20854637,1,1,2
20863949,1,0,1
20867110,1,3,4
20886428,1,0,1
20888453,1,0,1
20904610,1,0,1
20907258,1,1,2
20924775,1,13,14
20926233,1,1,2
20931953,1,3,4
20941837,1,5,6
20948709,1,2,3
20950220,1,0,1
20986136,1,0,1
20992556,1,7,8
20998570,1,0,1
21018743,1,0,1
21028120,1,2,3
21031401,1,4,5
21032053,1,3,4
21047872,1,0,1
21049677,1,2,3
21057124,1,10,11
21069531,1,0,1
21080252,1,2,3
21084399,1,1,2
21089102,1,0,1
21089816,1,1,2
21093915,1,5,6
21100413,1,10,11
21107070,1,0,1
21130327,1,1,2
21138801,1,0,1
21147712,1,7,8
21165173,1,2,3
21174380,1,1,2
21181059,1,0,1
21191623,1,0,1
21202336,1,0,1
21205578,1,14,15
21218111,1,10,11
21223571,1,5,6
21233472,1,0,1
21233973,1,3,4
21251726,1,1,2
21255452,1,0,1
21275055,1,1,2
21279354,1,0,1
21279755,1,0,1
21288323,1,1,2
21288738,1,1,2
21310678,1,2,3
21321887,1,1,2
21326212,1,0,1
21328006,1,4,5
21334978,1,0,1
21337922,1,0,1
21340979,1,1,2
21343878,1,1,2
21348611,1,4,5
21352373,1,11,12
21366777,1,0,1
21366842,1,0,1
21367585,1,1,2
21368340,1,1,2
21378826,1,0,1
21381986,1,0,1
21401901,1,1,2
21407972,1,1,2
21409631,1,2,3
21411188,1,5,6
21418209,1,0,1
21431389,1,0,1
21435251,1,0,1
21448679,1,1,2
21462274,1,1,2
21469938,1,0,1
21484149,1,1,2
21484891,1,1,2
21491212,1,1,2
21499713,1,1,2
21513572,1,0,1
21514429,1,2,3
21517042,1,1,2
21518890,1,0,1
21523946,1,0,1
21526984,1,0,1
21529233,1,0,1
21553731,1,1,2
21563711,1,12,13
21566744,1,7,8
21569253,1,2,3
21604781,1,0,1
21606066,1,0,1
21609735,1,0,1
21626875,1,10,11
21638911,1,0,1
21665313,1,0,1
21675196,1,0,1
21677170,1,0,1
21712325,1,0,1
21713136,1,0,1
21729414,1,0,1
21765914,1,12,13
21766547,1,3,4
21769802,1,0,1
21777308,1,1,2
21779263,1,2,3
21780708,1,3,4
21787983,1,4,5
21791103,1,0,1
21791956,1,0,1
21792170,1,5,6
21807222,1,0,1
21826777,1,2,3
21834075,1,0,1
21840564,1,0,1
21842365,1,0,1
21843361,1,0,1
21852065,1,1,2
21870280,1,0,1
21875625,1,2,3
21876825,1,0,1
21878907,1,2,3
21891509,1,0,1
21918727,1,2,3
21926014,1,3,4
21927175,1,0,1
21934107,1,2,3
21947773,1,2,3
21966831,1,0,1
21967402,1,10,11
21985976,1,0,1
22002428,1,0,1
22013487,1,0,1
22013997,1,0,1
22015798,1,2,3
22019929,1,46,47
22020011,1,0,1
22064941,1,0,1
22076619,1,8,9
22079857,1,2,3
22082580,1,1,2
22109303,1,7,8
22109714,1,8,9
22110730,1,0,1
22111533,1,1,2
22113161,1,1,2
22154826,1,1,2
22162353,1,3,4
22164019,1,3,4
22165060,1,0,1
22166737,1,14,15
22173678,1,1,2
22173850,1,42,43
22174136,1,9,10
22191111,1,0,1
22195623,1,1,2
22208940,1,8,9
22210296,1,0,1
22216382,1,0,1
22224210,1,0,1
22231310,1,0,1
22237760,1,2,3
22239939,1,0,1
22252399,1,0,1
22259528,1,0,1
22274107,1,0,1
22278303,1,7,8
22278466,1,13,14
22282306,1,9,10
22282936,1,11,12
22286774,1,0,1
22293499,1,23,24
22299591,1,0,1
22320192,1,1,2
22320619,1,0,1
22326517,1,0,1
22328926,1,0,1
22369602,1,2,3
22381552,1,41,42
22412777,1,0,1
22423227,1,0,1
22436200,1,1,2
22438684,1,0,1
22446832,1,6,7
22450026,1,14,15
22451920,1,0,1
22454663,1,50,51
22456215,1,1,2
22456617,1,0,1
22469677,1,0,1
22471250,1,0,1
22477858,1,0,1
22499697,1,0,1
22510348,1,0,1
22513829,1,2,3
22514042,1,5,6
22517345,1,0,1
22528086,1,1,2
22529575,1,0,1
22532355,1,9,10
22538827,1,0,1
22550612,1,0,1
22558532,1,0,1
22563522,1,0,1
22567734,1,3,4
22584755,1,7,8
22590419,1,0,1
22601553,1,0,1
22637043,1,0,1
22656089,1,85,86
22662094,1,17,18
22663344,1,1,2
22669065,1,0,1
22685766,1,2,3
22688127,1,0,1
22693066,1,0,1
22695788,1,0,1
22713319,1,0,1
22716721,1,3,4
22717211,1,0,1
22718320,1,0,1
22721715,1,4,5
22770745,1,0,1
22772972,1,1,2
22783771,1,7,8
22787565,1,0,1
22803645,1,1,2
22816033,1,4,5
22817038,1,12,13
22818997,1,74,75
22840677,1,3,4
22841956,1,2,3
22847048,1,0,1
22847928,1,0,1
22851978,1,0,1
22866042,1,6,7
22872223,1,1,2
22876661,1,3,4
22879254,1,5,6
22885743,1,4,5
22886569,1,0,1
22887655,1,0,1
22888505,1,0,1
22893666,1,0,1
22924291,1,6,7
22927595,1,0,1
22942585,1,6,7
22947304,1,0,1
22954156,1,9,10
22964563,1,0,1
22976263,1,0,1
22979875,1,0,1
22993097,1,0,1
23010941,1,0,1
23011496,1,0,1
23013274,1,4,5
23013929,1,0,1
23024214,1,0,1
23060198,1,4,5
23069326,1,0,1
23081980,1,0,1
23094875,1,27,28
23094898,1,0,1
23096821,1,0,1
23097082,1,0,1
23103690,1,0,1
23104561,1,0,1
23108803,1,32,33
23116696,1,2,3
23121122,1,1,2
23133323,1,0,1
23136288,1,1,2
23139130,1,2,3
23142089,1,0,1
23142250,1,3,4
23146830,1,2,3
23170707,1,0,1
23172411,1,2,3
23190653,1,0,1
23209832,1,1,2
23212803,1,1,2
23223249,1,0,1
23231812,1,2,3
23236250,1,0,1
23244246,1,6,7
23246458,1,23,24
23255658,1,0,1
23262108,1,0,1
23263526,1,48,49
23263803,1,0,1
23265436,1,0,1
23268215,1,12,13
23268772,1,0,1
23270800,1,0,1
23275915,1,2,3
23276965,1,0,1
23283857,1,9,10
23292129,1,1,2
23353063,1,32,33
23355723,1,0,1
23365523,1,4,5
23365704,1,0,1
23366167,1,0,1
23372897,1,9,10
23373048,1,1,2
23378758,1,8,9
23396023,1,1,2
23402105,1,0,1
23404794,1,43,44
23407386,1,0,1
23411802,1,0,1
23431439,1,0,1
23455765,1,1,2
23465352,1,5,6
23468714,1,12,13
23470623,1,1,2
23476814,1,0,1
23488753,1,0,1
23511468,1,19,20
23512407,1,0,1
23518293,1,22,23
23521636,1,0,1
23523846,1,0,1
23534834,1,1,2
23535446,1,0,1
23543520,1,1,2
23573289,1,0,1
23574017,1,1,2
23575584,1,0,1
23576850,1,0,1
23592516,1,14,15
23593890,1,0,1
23610294,1,0,1
23613751,1,3,4
23639107,1,0,1
23645988,1,1,2
23651270,1,0,1
23656286,1,0,1
23658399,1,48,49
23696410,1,0,1
23697168,1,3,4
23698960,1,1,2
23703611,1,2,3
23705178,1,1,2
23709034,1,0,1
23710027,1,4,5
23721445,1,0,1
23723818,1,1,2
23745072,1,2,3
23751066,1,0,1
23759670,1,0,1
23779089,1,0,1
23786365,1,7,8
23786964,1,0,1
23808789,1,2,3
23809237,1,0,1
23810701,1,4,5
23831682,1,6,7
23836779,1,2,3
23857408,1,0,1
23860063,1,0,1
23866650,1,0,1
23869453,1,4,5
23896022,1,2,3
23901543,1,0,1
23905084,1,0,1
23911073,1,2,3
23913426,1,0,1
23923340,1,0,1
23938315,1,0,1
23949317,1,3,4
23954775,1,8,9
23967078,1,1,2
23968696,1,0,1
23978162,1,5,6
23990686,1,0,1
23994921,1,0,1
24003640,1,1,2
24008419,1,16,17
24020993,1,14,15
24047138,1,2,3
24073578,1,0,1
24181873,1,0,1
24223629,1,1,2
24232048,1,0,1
24232365,1,2,3
24247270,1,35,36
24257724,1,3,4
24283002,1,0,1
24289307,1,2,3
24289534,1,0,1
24310365,1,0,1
24318010,1,0,1
24321917,1,1,2
24332665,1,0,1
24345412,1,3,4
24369960,1,3,4
24373203,1,3,4
24382468,1,2,3
24390914,1,0,1
24411159,1,2,3
24417059,1,9,10
24424705,1,0,1
24431892,1,1,2
24443355,1,3,4
24451835,1,0,1
24494715,1,0,1
24496176,1,0,1
24500507,1,0,1
24512455,1,1,2
24519450,1,0,1
24519517,1,0,1
24522463,1,0,1
24528410,1,1,2
24529390,1,0,1
24536405,1,0,1
24546276,1,4,5
24551741,1,1,2
24573654,1,11,12
24579517,1,2,3
24597843,1,0,1
24624133,1,0,1
24657656,1,0,1
24659718,1,1,2
24670481,1,3,4
24678755,1,3,4
24681762,1,0,1
24711989,1,0,1
24712908,1,0,1
24722016,1,4,5
24729040,1,1,2
24735971,1,1,2
24738370,1,0,1
24743443,1,0,1
24751921,1,7,8
24762751,1,1,2
24769507,1,2,3
24770797,1,0,1
24772220,1,0,1
24787270,1,4,5
24794048,1,0,1
24794580,1,0,1
24800161,1,0,1
24810739,1,2,3
24816117,1,0,1
24818048,1,0,1
24823181,1,9,10
24823530,1,0,1
24835543,1,0,1
24841823,1,0,1
24847692,1,0,1
24858030,1,0,1
24879011,1,10,11
24888689,1,0,1
24898174,1,0,1
24908953,1,9,10
24916779,1,3,4
24925840,1,2,3
24984627,1,2,3
24988632,1,0,1
25006299,1,0,1
25019797,1,0,1
25054029,1,7,8
25064635,1,0,1
25072242,1,0,1
25080367,1,0,1
25085059,1,0,1
25097255,1,0,1
25101055,1,0,1
25102996,1,0,1
25103567,1,1,2
25108868,1,0,1
25110591,1,1,2
25111829,1,2,3
25137741,1,0,1
25167738,1,6,7
25175771,1,0,1
25190025,1,0,1
25192844,1,0,1
25200555,1,0,1
25221139,1,3,4
25223278,1,0,1
25229365,1,0,1
25240793,1,0,1
25252022,1,0,1
25282419,1,0,1
25294071,1,0,1
25298198,1,10,11
25300555,1,5,6
25310891,1,4,5
25312899,1,2,3
25314816,1,0,1
25324805,1,1,2
25334802,1,4,5
25335524,1,17,18
25343700,1,7,8
25345839,1,6,7
25355041,1,1,2
25385002,1,3,4
25397681,1,0,1
25406218,1,0,1
25414643,1,0,1
25417425,1,0,1
25420277,1,0,1
25425901,1,0,1
25443065,1,5,6
25443536,1,2,3
25443684,1,10,11
25455092,1,7,8
25460751,1,0,1
25463136,1,0,1
25479816,1,0,1
25484126,1,1,2
25493985,1,0,1
25501664,1,0,1
25508228,1,0,1
25508553,1,0,1
25516749,1,0,1
25541650,1,0,1
25553965,1,0,1
25562825,1,2,3
25574804,1,0,1
25576837,1,1,2
25578842,1,1,2
25579281,1,0,1
25591678,1,0,1
25604635,1,0,1
25607265,1,1,2
25636430,1,0,1
25641158,1,2,3
25649018,1,1,2
25695263,1,0,1
25699543,1,0,1
25702664,1,0,1
25725545,1,0,1
25769477,1,0,1
25770236,1,4,5
25780913,1,3,4
25789834,1,10,11
25799938,1,0,1
25805428,1,0,1
25857027,1,0,1
25858054,1,3,4
25861291,1,0,1
25869917,1,0,1
25881247,1,1,2
25881288,1,0,1
25888191,1,0,1
25904468,1,4,5
25910871,1,3,4
25910972,1,1,2
25911927,1,0,1
25919236,1,0,1
25920524,1,0,1
25928003,1,1,2
25971880,1,1,2
25972006,1,12,13
25978296,1,1,2
25989214,1,0,1
25995991,1,0,1
25999956,1,2,3
26029427,1,0,1
26055562,1,0,1
26055577,1,0,1
26063722,1,1,2
26080109,1,0,1
26093726,1,0,1
26108846,1,0,1
26120009,1,1,2
26120621,1,0,1
26125564,1,0,1
26130664,1,0,1
26134087,1,1,2
26134399,1,0,1
26139064,1,1,2
26139638,1,0,1
26140039,1,0,1
26140889,1,4,5
26159147,1,1,2
26186655,1,23,24
26196749,1,0,1
26225949,1,1,2
26227812,1,1,2
26230848,1,0,1
26240763,1,0,1
26306441,1,5,6
26319737,1,14,15
26321824,1,3,4
26341474,1,0,1
26347220,1,0,1
26353699,1,7,8
26362473,1,87,88
26369166,1,0,1
26370513,1,10,11
26377398,1,0,1
26395709,1,0,1
26399354,1,0,1
26402448,1,3,4
26404159,1,0,1
26411293,1,0,1
26413056,1,0,1
26413971,1,0,1
26423417,1,8,9
26443360,1,0,1
26448738,1,0,1
26468007,1,0,1
26477112,1,0,1
26503233,1,0,1
26526984,1,0,1
26527182,1,0,1
26580562,1,6,7
26593203,1,0,1
26597770,1,0,1
26612058,1,2,3
26615889,1,0,1
26640856,1,3,4
26646312,1,0,1
26646631,1,0,1
26650759,1,0,1
26656309,1,0,1
26667492,1,8,9
26696528,1,0,1
26719784,1,0,1
26719862,1,0,1
26750287,1,0,1
26773041,1,0,1
26789312,1,0,1
26807180,1,1,2
26812154,1,0,1
26822709,1,35,36
26830022,1,0,1
26834634,1,0,1
26836092,1,1,2
26887791,1,8,9
26893680,1,0,1
26906084,1,0,1
26934715,1,0,1
26937621,1,0,1
26951168,1,1,2
26960113,1,3,4
26985227,1,1,2
26985403,1,29,30
26985795,1,0,1
26994092,1,2,3
27008603,1,0,1
27017563,1,4,5
27025146,1,0,1
27046785,1,2,3
27051804,1,0,1
27053930,1,0,1
27140554,1,23,24
27172186,1,0,1
27174094,1,0,1
27182288,1,1,2
27191230,1,0,1
27201623,1,17,18
27224807,1,0,1
27245818,1,0,1
27290462,1,0,1
27299157,1,4,5
27300836,1,7,8
27303069,1,0,1
27306551,1,0,1
27311925,1,3,4
27313044,1,1,2
27342279,1,0,1
27345982,1,0,1
27355033,1,0,1
27366958,1,0,1
27379401,1,2,3
27387180,1,0,1
27436262,1,2,3
27447312,1,0,1
27493883,1,7,8
27501773,1,4,5
27553316,1,0,1
27561545,1,0,1
27570467,1,1,2
27596237,1,2,3
27602245,1,5,6
27608285,1,0,1
27628568,1,0,1
27662785,1,0,1
27680392,1,14,15
27682432,1,10,11
27689886,1,0,1
27694973,1,0,1
27701623,1,0,1
27725264,1,0,1
27733980,1,1,2
27783848,1,1,2
27787061,1,0,1
27815788,1,0,1
27820161,1,0,1
27820823,1,0,1
27835424,1,1,2
27843452,1,0,1
27863586,1,0,1
27867758,1,5,6
27876956,1,1,2
27879364,1,1,2
27893109,1,0,1
27908283,1,5,6
27911472,1,0,1
27913100,1,1,2
27917773,1,0,1
27918426,1,1,2
27928821,1,29,30
27952096,1,0,1
27952164,1,10,11
27962775,1,0,1
27968064,1,3,4
27978669,1,0,1
28002449,1,0,1
28034545,1,0,1
28042966,1,1,2
28054681,1,0,1
28056787,1,15,16
28119472,1,0,1
28127520,1,0,1
28129938,1,1,2
28138476,1,0,1
28146121,1,2,3
28160934,1,0,1
28166481,1,0,1
28169427,1,2,3
28181063,1,0,1
28200864,1,0,1
28204155,1,0,1
28245390,1,0,1
28246439,1,1,2
28250754,1,1,2
28260472,1,0,1
28262061,1,0,1
28302031,1,4,5
28304594,1,0,1
28321877,1,0,1
28385768,1,10,11
28389585,1,1,2
28397563,1,0,1
28403500,1,0,1
28422952,1,0,1
28456695,1,0,1
28471479,1,1,2
28471938,1,1,2
28525991,1,0,1
28555579,1,3,4
28586375,1,0,1
28603554,1,4,5
28643323,1,0,1
28645793,1,1,2
28705002,1,0,1
28708683,1,0,1
28723571,1,0,1
28727201,1,0,1
28727413,1,4,5
28739801,1,0,1
28762550,1,0,1
28768787,1,0,1
28838979,1,0,1
28859732,1,0,1
28865483,1,10,11
28901698,1,0,1
28906100,1,1,2
28908693,1,7,8
28910636,1,0,1
28914720,1,2,3
28915687,1,0,1
28915772,1,0,1
28917301,1,3,4
28926547,1,15,16
28938948,1,0,1
28947061,1,0,1
28947808,1,0,1
28988977,1,0,1
29008075,1,0,1
29015670,1,9,10
29094252,1,8,9
29096933,1,0,1
29101624,1,3,4
29105582,1,0,1
29109182,1,10,11
29126755,1,7,8
29157656,1,5,6
29221767,1,2,3
29236288,1,0,1
29262306,1,0,1
29304617,1,18,19
29317141,1,0,1
29317322,1,0,1
29325869,1,0,1
29326599,1,0,1
29335327,1,0,1
29337164,1,0,1
29339798,1,2,3
29361495,1,0,1
29381613,1,165,166
29384930,1,1,2
29403634,1,20,21
29404570,1,0,1
29469971,1,0,1
29485163,1,0,1
29529220,1,2,3
29547995,1,0,1
29592523,1,0,1
29597581,1,0,1
29604515,1,1,2
29614894,1,0,1
29627747,1,0,1
29628877,1,2,3
29632119,1,0,1
29640261,1,0,1
29707786,1,0,1
29728994,1,1,2
29765591,1,0,1
29767292,1,0,1
29777806,1,11,12
29779504,1,2,3
29787468,1,0,1
29807861,1,21,22
29824485,1,10,11
29828293,1,0,1
29833210,1,0,1
29860285,1,1,2
29902198,1,0,1
29902409,1,4,5
29924184,1,1,2
29968859,1,1,2
30002471,1,0,1
30011952,1,0,1
30013010,1,5,6
30021755,1,0,1
30041528,1,0,1
30068482,1,1,2
30090344,1,0,1
30095588,1,6,7
30131376,1,0,1
30150430,1,0,1
30167812,1,0,1
30175937,1,0,1
30209116,1,1,2
30240712,1,7,8
30241424,1,0,1
30268282,1,1,2
30269169,1,0,1
30276857,1,9,10
30279325,1,0,1
30295820,1,19,20
30303783,1,1,2
30317139,1,2,3
30333109,1,0,1
30345353,1,0,1
30348123,1,1,2
30359797,1,0,1
30373009,1,0,1
30390612,1,1,2
30395133,1,0,1
30398142,1,14,15
30414145,1,0,1
30419937,1,0,1
30435538,1,0,1
30453594,1,0,1
30457138,1,4,5
30460316,1,1,2
30471638,1,1,2
30478990,1,13,14
30518472,1,0,1
30528336,1,1,2
30532499,1,0,1
30559248,1,7,8
30580266,1,1,2
30604070,1,0,1
30623465,1,1,2
30668569,1,0,1
30673476,1,0,1
30685245,1,0,1
30700026,1,0,1
30716518,1,3,4
30742952,1,0,1
30770118,1,0,1
30835428,1,1,2
30853624,1,0,1
30853907,1,0,1
30863902,1,0,1
30865171,1,0,1
30878783,1,1,2
30890753,1,3,4
30907701,1,8,9
31016872,1,2,3
31031937,1,0,1
31056977,1,0,1
31069618,1,4,5
31077933,1,6,7
31096591,1,0,1
31111732,1,1,2
31119062,1,18,19
31133746,1,5,6
31144303,1,0,1
31148690,1,1,2
31164549,1,0,1
31176419,1,0,1
31176803,1,0,1
31204694,1,0,1
31220624,1,0,1
31226093,1,2,3
31229726,1,0,1
31230042,1,0,1
31277249,1,1,2
31286567,1,0,1
31290464,1,2,3
31310008,1,0,1
31337013,1,0,1
31339252,1,0,1
31358425,1,0,1
31359323,1,3,4
31414992,1,0,1
31423823,1,4,5
31429565,1,0,1
31446260,1,0,1
31457509,1,0,1
31481618,1,2,3
31489708,1,0,1
31507996,1,0,1
31508992,1,0,1
31509026,1,3,4
31522613,1,0,1
31534584,1,0,1
31540720,1,5,6
31562965,1,0,1
31575283,1,0,1
31587664,1,8,9
31589948,1,0,1
31619514,1,0,1
31672187,1,0,1
31674023,1,0,1
31683274,1,0,1
31794591,1,0,1
31794619,1,0,1
31875744,1,2,3
31876443,1,0,1
31988111,1,8,9
31990747,1,0,1
31992478,1,12,13
32040596,1,0,1
32120379,1,0,1
32207715,1,2,3
32217059,1,1,2
32230895,1,0,1
32232539,1,5,6
32256414,1,16,17
32278002,1,0,1
32286479,1,0,1
32294529,1,14,15
32307468,1,0,1
32377320,1,0,1
32384796,1,1,2
32411838,1,2,3
32436929,1,21,22
32440073,1,1,2
32452933,1,6,7
32489614,1,46,47
32500911,1,0,1
32505791,1,0,1
32563268,1,0,1
32578044,1,39,40
32614251,1,0,1
32620287,1,9,10
32623493,1,24,25
32646385,1,0,1
32674744,1,3,4
32704682,1,1,2
32737926,1,28,29
32740523,1,0,1
32776450,1,1,2
32799259,1,0,1
32842145,1,0,1
32845894,1,1,2
32850927,1,0,1
32885631,1,16,17
32895294,1,28,29
32899913,1,0,1
32911473,1,0,1
32915252,1,4,5
32932428,1,4,5
32933288,1,0,1
32947145,1,2,3
32964450,1,0,1
33029207,1,10,11
33032993,1,0,1
33073064,1,0,1
33122564,1,0,1
33130079,1,0,1
33138115,1,0,1
33142727,1,0,1
33164956,1,0,1
33203065,1,0,1
33206035,1,3,4
33227746,1,0,1
33235960,1,1,2
33235973,1,0,1
33241745,1,5,6
33278652,1,0,1
33295859,1,0,1
33310509,1,0,1
33322049,1,9,10
33322926,1,0,1
33334918,1,0,1
33339106,1,0,1
33348270,1,0,1
33351880,1,5,6
33352576,1,0,1
33355957,1,0,1
33373494,1,3,4
33375866,1,0,1
33377027,1,17,18
33380871,1,0,1
33393905,1,0,1
33396474,1,0,1
33401510,1,0,1
33420142,1,0,1
33425958,1,1,2
33515362,1,0,1
33540385,1,2,3
33546493,1,3,4
33547469,1,0,1
33582392,1,0,1
33610152,1,0,1
33610655,1,0,1
33620643,1,0,1
33622022,1,7,8
33624839,1,1,2
33669123,1,0,1
33714487,1,1,2
33725847,1,0,1
33735615,1,0,1
33761906,1,0,1
33774559,1,0,1
33838330,1,1,2
33851549,1,0,1
33890834,1,0,1
33911072,1,0,1
33914769,1,8,9
33953802,1,1,2
33985729,1,0,1
33988195,1,9,10
34003535,1,45,46
34027879,1,0,1
34035514,1,5,6
34040526,1,3,4
34068972,1,1,2
34092386,1,2,3
34123611,1,16,17
34132231,1,1,2
34161849,1,0,1
34168518,1,12,13
34170615,1,3,4
34186329,1,0,1
34200388,1,0,1
34267127,1,0,1
34278601,1,0,1
34326808,1,0,1
34327225,1,8,9
34354758,1,4,5
34390758,1,1,2
34403412,1,0,1
34412958,1,0,1
34415663,1,0,1
34423085,1,0,1
34467867,1,0,1
34487135,1,2,3
34492853,1,9,10
34515090,1,5,6
34515806,1,0,1
34521445,1,0,1
34534972,1,0,1
34615751,1,0,1
34640041,1,0,1
34652855,1,2,3
34668069,1,0,1
34676737,1,0,1
34754703,1,0,1
34761502,1,0,1
34828221,1,1,2
34846769,1,2,3
34849900,1,0,1
34873714,1,0,1
34886325,1,0,1
34889095,1,0,1
34891724,1,0,1
34907388,1,0,1
34948512,1,0,1
34949467,1,0,1
34951165,1,0,1
34952847,1,1,2
34984875,1,0,1
35011765,1,8,9
35035671,1,0,1
35068430,1,0,1
35069310,1,0,1
35108346,1,2,3
35127656,1,0,1
35142114,1,10,11
35153740,1,5,6
35170640,1,0,1
35187041,1,1,2
35207611,1,2,3
35216869,1,0,1
35226891,1,4,5
35227551,1,2,3
35243441,1,0,1
35267635,1,0,1
35280529,1,0,1
35287196,1,2,3
35304791,1,2,3
35366139,1,0,1
35366599,1,0,1
35370962,1,0,1
35372207,1,0,1
35376667,1,0,1
35395312,1,0,1
35408870,1,12,13
35414007,1,0,1
35416617,1,1,2
35428115,1,2,3
35463810,1,1,2
35472475,1,0,1
35482012,1,8,9
35488045,1,2,3
35492358,1,0,1
35556727,1,0,1
35573524,1,0,1
35589278,1,0,1
35627430,1,0,1
35629669,1,0,1
35646104,1,0,1
35664564,1,1,2
35681425,1,2,3
35703571,1,1,2
35736077,1,0,1
35738213,1,0,1
35746830,1,0,1
35780205,1,4,5
35793326,1,0,1
35798110,1,0,1
35800878,1,3,4
35821850,1,17,18
35831704,1,3,4
35840293,1,0,1
35855848,1,0,1
35858021,1,0,1
35867620,1,0,1
35877325,1,0,1
35901579,1,0,1
35914740,1,0,1
35939955,1,0,1
35944882,1,0,1
35958864,1,0,1
35973126,1,1,2
35997743,1,0,1
36009933,1,0,1
36013401,1,0,1
36091201,1,0,1
36096392,1,1,2
36114255,1,1,2
36129216,1,5,6
36131115,1,0,1
36158425,1,1,2
36185506,1,0,1
36194167,1,0,1
36199946,1,0,1
36203518,1,0,1
36208449,1,3,4
36213249,1,0,1
36228219,1,0,1
36264166,1,0,1
36265397,1,1,2
36278771,1,0,1
36282084,1,0,1
36300648,1,2,3
36316066,1,0,1
36399470,1,0,1
36430025,1,0,1
36432179,1,4,5
36451365,1,4,5
36461607,1,0,1
36465802,1,1,2
36484718,1,0,1
36533962,1,6,7
36548558,1,0,1
36551218,1,0,1
36569343,1,0,1
36575716,1,0,1
36579278,1,0,1
36604147,1,0,1
36616915,1,0,1
36617968,1,0,1
36631460,1,1,2
36653459,1,2,3
36678591,1,4,5
36687239,1,0,1
36689271,1,0,1
36702855,1,0,1
36713935,1,0,1
36720204,1,0,1
36735913,1,6,7
36749125,1,0,1
36762213,1,0,1
36778886,1,0,1
36794689,1,0,1
36801083,1,0,1
36809882,1,0,1
36822138,1,0,1
36823165,1,0,1
36828566,1,0,1
36862188,1,0,1
36864284,1,0,1
36884457,1,1,2
36892209,1,0,1
36907204,1,1,2
36952185,1,0,1
36973780,1,0,1
36982043,1,0,1
36989735,1,1,2
37004368,1,0,1
37026575,1,8,9
37035189,1,5,6
37040726,1,0,1
37046611,1,1,2
37074254,1,5,6
37085243,1,0,1
37091616,1,2,3
37099323,1,0,1
37104187,1,0,1
37112859,1,0,1
37120752,1,0,1
37133060,1,2,3
37185115,1,0,1
37270824,1,0,1
37272774,1,0,1
37283140,1,0,1
37287226,1,1,2
37312370,1,0,1
37313606,1,0,1
37315362,1,0,1
37340661,1,0,1
37343743,1,0,1
37352307,1,0,1
37383703,1,0,1
37396748,1,0,1
37404802,1,0,1
37433050,1,0,1
37447142,1,1,2
37449396,1,4,5
37453693,1,0,1
37505963,1,0,1
37520943,1,0,1
37525099,1,0,1
37529864,1,0,1
37546095,1,0,1
37560752,1,0,1
37575256,1,0,1
37591918,1,0,1
37605100,1,0,1
37665288,1,0,1
37670126,1,0,1
37689666,1,39,40
37689796,1,0,1
37692033,1,1,2
37701511,1,21,22
37725551,1,5,6
37728422,1,0,1
37746495,1,0,1
37752366,1,5,6
37766674,1,0,1
37781635,1,0,1
37796893,1,0,1
37859019,1,0,1
37863826,1,0,1
37915293,1,30,31
37940975,1,2,3
37942261,1,0,1
37953510,1,3,4
37972880,1,1,2
37978055,1,0,1
37989014,1,0,1
37996968,1,0,1
37998935,1,0,1
38012607,1,3,4
38053011,1,0,1
38058846,1,0,1
38064381,1,0,1
38065138,1,0,1
38070336,1,7,8
38071134,1,0,1
38073977,1,1,2
38178825,1,1,2
38192081,1,0,1
38223548,1,0,1
38234694,1,0,1
38241210,1,29,30
38253488,1,0,1
38257916,1,0,1
38258834,1,0,1
38294282,1,0,1
38309484,1,4,5
38336713,1,2,3
38345242,1,0,1
38353411,1,0,1
38359821,1,1,2
38372567,1,0,1
38372916,1,3,4
38381658,1,0,1
38387275,1,0,1
38389952,1,0,1
38545970,1,0,1
38557677,1,1,2
38571345,1,2,3
38593897,1,0,1
38667530,1,0,1
38679583,1,0,1
38746993,1,1,2
38780337,1,0,1
38803988,1,0,1
38812371,1,2,3
38857156,1,30,31
38867284,1,0,1
38874128,1,0,1
38889227,1,0,1
38920141,1,3,4
38942803,1,57,58
38971431,1,4,5
38977910,1,0,1
38979446,1,2,3
39060895,1,0,1
39079415,1,0,1
39091931,1,0,1
39095099,1,0,1
39096101,1,0,1
39104665,1,0,1
39120346,1,0,1
39171348,1,6,7
39199978,1,0,1
39204285,1,1,2
39245720,1,15,16
39264471,1,0,1
39298029,1,0,1
39324127,1,14,15
39354492,1,0,1
39356283,1,0,1
39364191,1,0,1
39371894,1,1,2
39399111,1,0,1
39421059,1,214,215
39463710,1,0,1
39510746,1,2,3
39544134,1,0,1
39576272,1,5,6
39584114,1,0,1
39614065,1,0,1
39670226,1,0,1
39688234,1,0,1
39697461,1,0,1
39804445,1,0,1
39822071,1,0,1
39850620,1,0,1
39876310,1,0,1
39896544,1,1,2
39953737,1,0,1
39988740,1,6,7
40134492,1,0,1
40140509,1,0,1
40153298,1,3,4
40161284,1,0,1
40163323,1,0,1
40184810,1,0,1
40204201,1,0,1
40244005,1,0,1
40288690,1,187,188
40298256,1,4,5
40314298,1,1,2
40327401,1,0,1
40348202,1,0,1
40349132,1,6,7
40364949,1,0,1
40369209,1,0,1
40381745,1,1,2
40392048,1,1,2
40442268,1,0,1
40460595,1,0,1
40462270,1,3,4
40478088,1,28,29
40503983,1,0,1
40524984,1,0,1
40532641,1,0,1
40604613,1,5,6
40651605,1,0,1
40661912,1,0,1
40678252,1,0,1
40692081,1,0,1
40715019,1,0,1
40718928,1,1,2
40736947,1,0,1
40737398,1,0,1
40751005,1,1,2
40754133,1,0,1
40762950,1,0,1
40764088,1,0,1
40842960,1,0,1
40879099,1,0,1
40882422,1,0,1
40885123,1,1,2
40885285,1,3,4
40940008,1,0,1
40947459,1,0,1
40949526,1,0,1
40969480,1,2,3
41000089,1,0,1
41025124,1,0,1
41080444,1,0,1
41120844,1,0,1
41145673,1,1,2
41185952,1,7,8
41205522,1,0,1
41210470,1,0,1
41212351,1,0,1
41214375,1,0,1
41289323,1,6,7
41308568,1,0,1
41360166,1,0,1
41415261,1,0,1
41430441,1,0,1
41442147,1,0,1
41472536,1,0,1
41474891,1,3,4
41501466,1,2,3
41508971,1,0,1
41509524,1,0,1
41517512,1,3,4
41537809,1,7,8
41538152,1,0,1
41572045,1,0,1
41587246,1,0,1
41598204,1,0,1
41613498,1,19,20
41614323,1,0,1
41620493,1,15,16
41626673,1,10,11
41710769,1,0,1
41715997,1,0,1
41727824,1,0,1
41762806,1,0,1
41792327,1,0,1
41809725,1,0,1
41829529,1,0,1
41845354,1,0,1
41852226,1,0,1
41883859,1,0,1
41899093,1,0,1
41911002,1,0,1
41973047,1,1,2
41981824,1,0,1
41984111,1,44,45
41991230,1,0,1
41993250,1,0,1
42073861,1,0,1
42099430,1,0,1
42102154,1,4,5
42117648,1,0,1
42119471,1,0,1
42142578,1,4,5
42143406,1,0,1
42158651,1,1,2
42178149,1,0,1
42191282,1,0,1
42198561,1,3,4
42245932,1,14,15
42281279,1,1,2
42295734,1,0,1
42303228,1,0,1
42316487,1,0,1
42324605,1,2,3
42339698,1,0,1
42400054,1,1,2
42410275,1,0,1
42452565,1,0,1
42462638,1,15,16
42472565,1,0,1
42499983,1,8,9
42516958,1,0,1
42608018,1,1,2
42623839,1,0,1
42638129,1,0,1
42648302,1,0,1
42660266,1,0,1
42719751,1,0,1
42798606,1,1,2
42802872,1,2,3
42819475,1,0,1
42869677,1,0,1
42876918,1,0,1
42880295,1,0,1
42951934,1,0,1
42962298,1,4,5
42978116,1,0,1
43011119,1,0,1
43016290,1,0,1
43029399,1,0,1
43034074,1,0,1
43056218,1,0,1
43071747,1,0,1
43081971,1,0,1
43087461,1,0,1
43110680,1,0,1
43122467,1,0,1
43149599,1,0,1
43176795,1,23,24
43182407,1,4,5
43183642,1,0,1
43195174,1,6,7
43196584,1,0,1
43232298,1,1,2
43239422,1,4,5
43276395,1,0,1
43281182,1,3,4
43289622,1,0,1
43295068,1,0,1
43303317,1,0,1
43306669,1,0,1
43308194,1,0,1
43314890,1,0,1
43315666,1,0,1
43378629,1,42,43
43437074,1,0,1
43439588,1,6,7
43440702,1,2,3
43456153,1,0,1
43480909,1,0,1
43485991,1,0,1
43486092,1,0,1
43545148,1,1,2
43551514,1,14,15
43581352,1,4,5
43595131,1,0,1
43620520,1,0,1
43623328,1,0,1
43635770,1,0,1
43638560,1,0,1
43646880,1,0,1
43647178,1,0,1
43661765,1,0,1
43676031,1,18,19
43701039,1,0,1
43715752,1,0,1
43721839,1,3,4
43756976,1,3,4
43782842,1,0,1
43797990,1,3,4
43865544,1,0,1
43868864,1,13,14
43979178,1,0,1
44008317,1,1,2
44053328,1,0,1
44114066,1,0,1
44123067,1,0,1
44124641,1,0,1
44260462,1,2,3
44282893,1,0,1
44327104,1,0,1
44340706,1,7,8
44391036,1,0,1
44422849,1,0,1
44433368,1,0,1
44437765,1,0,1
44442709,1,0,1
44450516,1,0,1
44495316,1,11,12
44504679,1,0,1
44505164,1,0,1
44509416,1,0,1
44519801,1,0,1
44525060,1,0,1
44565667,1,0,1
44603448,1,9,10
44640366,1,0,1
44660804,1,1,2
44711678,1,0,1
44719369,1,1,2
44728855,1,0,1
44736538,1,0,1
44748394,1,0,1
44752689,1,3,4
44848240,1,0,1
44852773,1,0,1
44866971,1,0,1
44883533,1,1,2
44889833,1,0,1
44903052,1,0,1
44903491,1,3,4
44946668,1,0,1
44953772,1,0,1
45003755,1,0,1
45026124,1,1,2
45049873,1,0,1
45056461,1,0,1
45063023,1,2,3
45063353,1,0,1
45112163,1,0,1
45127500,1,0,1
45164101,1,0,1
45174676,1,0,1
45197416,1,2,3
45206882,1,11,12
45212090,1,0,1
45219849,1,1,2
45228317,1,0,1
45312958,1,0,1
45318784,1,2,3
45325314,1,0,1
45389877,1,0,1
45401380,1,5,6
45402151,1,0,1
45412721,1,0,1
45442618,1,0,1
45456187,1,6,7
45473167,1,0,1
45480297,1,2,3
45506800,1,0,1
45528338,1,0,1
45532640,1,0,1
45625039,1,0,1
45635584,1,0,1
45637269,1,2,3
45649295,1,34,35
45669657,1,0,1
45672107,1,0,1
45688112,1,0,1
45694984,1,2,3
45715862,1,0,1
45751277,1,0,1
45755141,1,1,2
45784925,1,0,1
45803871,1,0,1
45806977,1,0,1
45819332,1,8,9
45860990,1,0,1
45888550,1,0,1
45941679,1,0,1
45994122,1,0,1
46017566,1,0,1
46026167,1,0,1
46036963,1,0,1
46040019,1,0,1
46059944,1,1,2
46102631,1,0,1
46137819,1,0,1
46144229,1,0,1
46154707,1,4,5
46206714,1,0,1
46250392,1,1,2
46254270,1,0,1
46258454,1,0,1
46263664,1,0,1
46279629,1,0,1
46308779,1,0,1
46460758,1,0,1
46494175,1,0,1
46521288,1,0,1
46522603,1,6,7
46549482,1,3,4
46627315,1,0,1
46644427,1,1,2
46655229,1,0,1
46661127,1,0,1
46723892,1,0,1
46734290,1,22,23
46788665,1,0,1
46790391,1,2,3
46794513,1,0,1
46795678,1,0,1
46799923,1,0,1
46822887,1,10,11
46833486,1,0,1
46836569,1,0,1
46848406,1,1,2
46861738,1,4,5
46881744,1,0,1
46916472,1,13,14
46920276,1,0,1
46966133,1,7,8
47009747,1,14,15
47032125,1,1,2
47040449,1,0,1
47088899,1,0,1
47094039,1,25,26
47095671,1,0,1
47102050,1,3,4
47102208,1,0,1
47133511,1,0,1
47137282,1,0,1
47151764,1,0,1
47156660,1,1,2
47210097,1,2,3
47210765,1,1,2
47214021,1,0,1
47222812,1,15,16
47225141,1,13,14
47229485,1,1,2
47270300,1,1,2
47273533,1,0,1
47274526,1,10,11
47275919,1,12,13
47327277,1,0,1
47333618,1,0,1
47335093,1,5,6
47338560,1,2,3
47344392,1,0,1
47359903,1,0,1
47382822,1,0,1
47398326,1,1,2
47401956,1,2,3
47407494,1,0,1
47409706,1,0,1
47417442,1,2,3
47432053,1,0,1
47462001,1,0,1
47467321,1,1,2
47530761,1,6,7
47531619,1,3,4
47535549,1,1,2
47595040,1,0,1
47632905,1,3,4
47645758,1,15,16
47654624,1,0,1
47708841,1,0,1
47749019,1,2,3
47753449,1,0,1
47760206,1,0,1
47770873,1,0,1
47788802,1,0,1
47804693,1,0,1
47819787,1,0,1
47831055,1,45,46
47836005,1,1,2
47845726,1,0,1
47846078,1,0,1
47871790,1,0,1
47928644,1,19,20
47942936,1,0,1
47958650,1,0,1
47975328,1,0,1
48072526,1,2,3
48076871,1,0,1
48089061,1,0,1
48105771,1,7,8
48130421,1,0,1
48139533,1,0,1
48143086,1,0,1
48211058,1,2,3
48229519,1,0,1
48229558,1,21,22
48233383,1,1,2
48236127,1,0,1
48239765,1,7,8
48253577,1,0,1
48254999,1,6,7
48266859,1,33,34
48268158,1,0,1
48329227,1,0,1
48347681,1,1,2
48354744,1,0,1
48376033,1,0,1
48406342,1,3,4
48415072,1,0,1
48433168,1,0,1
48434594,1,1,2
48467880,1,0,1
48495906,1,3,4
48514692,1,4,5
48532958,1,0,1
48546115,1,0,1
48591898,1,0,1
48604363,1,0,1
48662217,1,0,1
48700214,1,1,2
48709593,1,0,1
48731024,1,0,1
48759622,1,0,1
48765768,1,0,1
48878200,1,0,1
48883553,1,0,1
48889603,1,0,1
48896766,1,0,1
48901889,1,0,1
48911154,1,0,1
48911550,1,0,1
48940099,1,0,1
48946583,1,0,1
49003176,1,2,3
49011650,1,0,1
49023843,1,0,1
49049557,1,0,1
49066841,1,0,1
49076180,1,0,1
49107700,1,0,1
49110768,1,0,1
49113314,1,0,1
49115265,1,0,1
49128529,1,0,1
49128933,1,3,4
49130613,1,0,1
49143632,1,0,1
49148921,1,0,1
49151094,1,2,3
49154020,1,0,1
49154057,1,1,2
49191959,1,0,1
49196387,1,5,6
49208091,1,0,1
49226976,1,3,4
49298923,1,0,1
49379886,1,26,27
49396734,1,0,1
49465042,1,0,1
49465619,1,4,5
49468746,1,0,1
49517482,1,1,2
49525963,1,0,1
49527047,1,3,4
49530226,1,1,2
49540175,1,0,1
49560239,1,2,3
49568898,1,0,1
49608459,1,3,4
49613609,1,0,1
49613619,1,2,3
49619321,1,0,1
49630464,1,0,1
49648967,1,0,1
49649691,1,0,1
49662919,1,0,1
49691929,1,0,1
49704371,1,0,1
49715720,1,2,3
49720860,1,0,1
49733784,1,0,1
49752088,1,0,1
49752491,1,0,1
49754245,1,0,1
49772158,1,0,1
49792744,1,0,1
49796529,1,2,3
49797407,1,2,3
49799944,1,0,1
49819709,1,0,1
49846163,1,0,1
49851795,1,0,1
49871948,1,0,1
49877285,1,0,1
49880968,1,0,1
49925262,1,0,1
49929266,1,0,1
49967362,1,0,1
49991414,1,0,1
50014110,1,0,1
50026653,1,0,1
50122794,1,0,1
50127545,1,6,7
50131059,1,0,1
50142106,1,0,1
50154909,1,0,1
50156040,1,2,3
50171969,1,0,1
50184343,1,3,4
50192733,1,1,2
50218117,1,0,1
50229897,1,1,2
50246172,1,1,2
50307783,1,0,1
50311960,1,0,1
50320622,1,0,1
50321754,1,0,1
50337556,1,0,1
50365399,1,3,4
50391712,1,1,2
50394523,1,0,1
50402199,1,0,1
50409534,1,0,1
50412264,1,0,1
50425831,1,0,1
50434143,1,0,1
50436208,1,3,4
50512696,1,0,1
50528222,1,13,14
50574380,1,4,5
50602919,1,0,1
50614339,1,0,1
50667536,1,7,8
50671687,1,0,1
50737284,1,0,1
50767571,1,0,1
50781624,1,0,1
50823546,1,0,1
50836865,1,0,1
50841788,1,0,1
50873816,1,0,1
51016551,1,0,1
51019674,1,0,1
51025656,1,22,23
51041737,1,3,4
51045572,1,0,1
51052537,1,0,1
51054423,1,0,1
51091226,1,1,2
51096321,1,1,2
51098842,1,0,1
51123791,1,1,2
51142239,1,0,1
51145345,1,0,1
51183399,1,0,1
51230489,1,0,1
51237897,1,0,1
51237936,1,0,1
51253014,1,0,1
51260407,1,0,1
51285161,1,2,3
51295331,1,0,1
51308934,1,0,1
51335358,1,0,1
51357917,1,0,1
51414745,1,23,24
51416602,1,0,1
51516927,1,1,2
51522406,1,0,1
51553482,1,0,1
51584008,1,1,2
51601321,1,0,1
51613357,1,0,1
51645769,1,1,2
51661207,1,0,1
51728851,1,186,187
51757406,1,0,1
51773203,1,10,11
51790887,1,0,1
51808737,1,0,1
51814262,1,0,1
51912109,1,0,1
52008994,1,0,1
52046421,1,0,1
52089534,1,0,1
52107740,1,1,2
52159362,1,0,1
52191159,1,3,4
52210342,1,0,1
52264415,1,0,1
52264581,1,0,1
52281568,1,0,1
52292419,1,1,2
52292970,1,0,1
52303569,1,0,1
52333707,1,0,1
52412414,1,0,1
52419525,1,0,1
52428027,1,0,1
52440479,1,0,1
52443922,1,0,1
52522232,1,40,41
52548332,1,0,1
52575708,1,0,1
52587635,1,0,1
52623529,1,10,11
52672301,1,1,2
52700448,1,1,2
52717844,1,1,2
52772666,1,0,1
52794540,1,0,1
52846023,1,0,1
52879677,1,0,1
52887193,1,1,2
52887739,1,27,28
52898594,1,1,2
52942448,1,0,1
52950761,1,0,1
52950933,1,0,1
52960369,1,0,1
53033099,1,0,1
53048586,1,0,1
53079577,1,0,1
53099737,1,0,1
53122288,1,0,1
53128506,1,4,5
53135390,1,0,1
53135691,1,2,3
53151672,1,0,1
53152678,1,1,2
53165116,1,1,2
53215308,1,0,1
53238423,1,0,1
53282102,1,33,34
53352471,1,5,6
53363405,1,0,1
53400286,1,0,1
53437187,1,1,2
53452791,1,1,2
53490475,1,3,4
53502252,1,0,1
53503202,1,70,71
53530138,1,0,1
53544498,1,3,4
53585110,1,27,28
53606937,1,15,16
53644053,1,0,1
53668078,1,1,2
53675641,1,0,1
53686349,1,1,2
53693802,1,5,6
53755847,1,3,4
53783292,1,0,1
53786975,1,0,1
53893939,1,0,1
53903008,1,0,1
53903471,1,0,1
53919246,1,3,4
53924827,1,0,1
53937281,1,56,57
53940360,1,0,1
53945662,1,0,1
53959055,1,0,1
54001150,1,0,1
54032913,1,0,1
54063075,1,0,1
54068729,1,0,1
54111268,1,5,6
54158042,1,0,1
54167119,1,0,1
54182891,1,5,6
54183302,1,0,1
54226637,1,0,1
54237979,1,0,1
54259093,1,0,1
54267644,1,0,1
54307047,1,1,2
54328745,1,0,1
54342579,1,33,34
54373896,1,3,4
54386101,1,28,29
54393177,1,0,1
54412449,1,0,1
54419050,1,0,1
54421476,1,0,1
54441016,1,0,1
54526970,1,0,1
54551498,1,0,1
54554348,1,0,1
54575429,1,0,1
54577514,1,2,3
54598362,1,1,2
54648674,1,0,1
54696945,1,10,11
54705636,1,4,5
54710910,1,0,1
54718581,1,0,1
54742843,1,1,2
54802674,1,0,1
54860610,1,0,1
54937278,1,0,1
54941426,1,13,14
54945432,1,12,13
54965493,1,0,1
55048390,1,0,1
55064920,1,1,2
55108278,1,4,5
55120512,1,0,1
55242766,1,14,15
55282772,1,0,1
55312926,1,5,6
55321904,1,1,2
55323377,1,0,1
55355013,1,0,1
55361253,1,0,1
55376631,1,0,1
55388358,1,3,4
55452082,1,0,1
55469179,1,0,1
55471113,1,0,1
55488463,1,3,4
55491668,1,0,1
55497191,1,0,1
55509865,1,0,1
55544802,1,0,1
55581432,1,0,1
55586077,1,0,1
55594970,1,0,1
55634617,1,11,12
55728746,1,0,1
55805650,1,0,1
55811493,1,0,1
55866269,1,1,2
55882740,1,0,1
55891751,1,0,1
55892483,1,7,8
55901777,1,4,5
55953100,1,0,1
56005973,1,5,6
56053946,1,0,1
56065323,1,0,1
56071924,1,0,1
56079423,1,0,1
56121059,1,1,2
56163373,1,0,1
56166755,1,10,11
56178593,1,1,2
56193384,1,0,1
56199771,1,0,1
56264375,1,0,1
56266834,1,1,2
56352779,1,0,1
56366000,1,1,2
56375624,1,1,2
56382371,1,1,2
56386483,1,0,1
56406240,1,0,1
56430724,1,0,1
56446042,1,0,1
56481647,1,0,1
56514919,1,48,49
56521191,1,0,1
56526010,1,0,1
56527457,1,0,1
56547104,1,0,1
56570756,1,0,1
56608733,1,0,1
56680028,1,0,1
56696978,1,0,1
56698684,1,2,3
56724832,1,3,4
56798488,1,0,1
56817212,1,0,1
56817707,1,0,1
56868166,1,0,1
56894737,1,0,1
56937357,1,0,1
56978361,1,0,1
57003573,1,0,1
57004576,1,0,1
57027744,1,0,1
57042327,1,0,1
57112883,1,0,1
57147727,1,1,2
57184910,1,0,1
57224871,1,1,2
57227034,1,0,1
57303171,1,6,7
57354595,1,0,1
57393062,1,0,1
57420720,1,0,1
57429677,1,4,5
57437201,1,0,1
57437252,1,4,5
57465181,1,0,1
57480741,1,0,1
57482207,1,0,1
57485794,1,0,1
57493364,1,0,1
57497888,1,0,1
57553466,1,2,3
57559357,1,0,1
57572404,1,0,1
57715109,1,0,1
57743659,1,45,46
57787282,1,1,2
57805931,1,0,1
57812098,1,0,1
57828749,1,2,3
57894621,1,0,1
57971827,1,0,1
57972636,1,0,1
58006972,1,0,1
58074876,1,3,4
58108906,1,0,1
58108915,1,1,2
58123213,1,0,1
58222658,1,0,1
58237800,1,0,1
58241455,1,0,1
58338316,1,0,1
58352165,1,0,1
58357621,1,0,1
58408124,1,0,1
58416147,1,0,1
58480597,1,0,1
58529612,1,0,1
58656937,1,0,1
58685588,1,1,2
58686784,1,0,1
58727162,1,0,1
58814012,1,0,1
58828610,1,0,1
58844108,1,2,3
58876394,1,0,1
58888286,1,0,1
58915291,1,0,1
58937437,1,0,1
58946057,1,3,4
58964788,1,5,6
58996766,1,0,1
59027328,1,0,1
59191511,1,0,1
59220577,1,5,6
59224109,1,0,1
59242017,1,4,5
59287415,1,0,1
59331128,1,1,2
59349945,1,0,1
59356867,1,0,1
59361010,1,7,8
59425665,1,0,1
59550206,1,5,6
59553022,1,0,1
59574807,1,0,1
59620421,1,0,1
59646346,1,0,1
59674605,1,0,1
59680239,1,0,1
59684261,1,7,8
59746019,1,0,1
59785806,1,0,1
59812461,1,1,2
59814858,1,0,1
59826169,1,1,2
59849085,1,0,1
59860741,1,1,2
59875882,1,2,3
59881991,1,0,1
59928359,1,1,2
60032981,1,1,2
60065194,1,1,2
60107028,1,0,1
60108392,1,0,1
60122725,1,0,1
60135551,1,0,1
60207798,1,0,1
60246606,1,1,2
60262357,1,0,1
60296618,1,11,12
60345122,1,6,7
60345136,1,1,2
60358810,1,0,1
60360311,1,10,11
60367174,1,1,2
60399607,1,0,1
60485127,1,0,1
60544792,1,0,1
60573615,1,3,4
60582277,1,0,1
60725527,1,2,3
60763286,1,3,4
60878686,1,0,1
60941123,1,2,3
61001300,1,2,3
61012512,1,29,30
61016265,1,0,1
61038629,1,6,7
61116420,1,2,3
61120737,1,0,1
61125767,1,0,1
61163172,1,0,1
61211686,1,2,3
61321879,1,4,5
61347672,1,1,2
61370373,1,0,1
61388496,1,0,1
61412543,1,0,1
61435173,1,0,1
61462546,1,1,2
61468396,1,0,1
61474528,1,2,3
61478524,1,0,1
61537171,1,15,16
61541580,1,2,3
61553479,1,0,1
61602154,1,9,10
61623195,1,0,1
61648692,1,6,7
61664442,1,0,1
61687504,1,0,1
61690642,1,0,1
61703582,1,0,1
61719753,1,0,1
61746740,1,0,1
61781602,1,0,1
61788662,1,1,2
61837634,1,0,1
61843359,1,2,3
61846629,1,0,1
61859888,1,1,2
61890821,1,0,1
61913710,1,0,1
61943717,1,0,1
62033816,1,0,1
62071463,1,1,2
62075528,1,0,1
62144996,1,0,1
62195462,1,16,17
62205219,1,0,1
62272401,1,0,1
62276078,1,0,1
62305118,1,1,2
62315768,1,0,1
62455717,1,1,2
62513049,1,0,1
62582415,1,0,1
62604922,1,1,2
62630673,1,0,1
62635649,1,0,1
62687349,1,0,1
62697366,1,0,1
62857729,1,0,1
62868527,1,0,1
62899415,1,5,6
62908025,1,17,18
62918505,1,0,1
62946398,1,1,2
62950732,1,0,1
62969736,1,0,1
62993454,1,1,2
63029750,1,0,1
63080343,1,0,1
63136068,1,0,1
63139887,1,0,1
63149872,1,7,8
63159224,1,7,8
63190578,1,0,1
63212141,1,0,1
63217972,1,0,1
63251769,1,1,2
63294630,1,5,6
63319644,1,0,1
63324615,1,1,2
63382418,1,0,1
63397902,1,0,1
63476910,1,4,5
63477793,1,1,2
63649416,1,0,1
63655480,1,0,1
63672796,1,0,1
63713866,1,19,20
63749608,1,1,2
63774674,1,1,2
63774808,1,3,4
63810828,1,0,1
63819427,1,0,1
63856201,1,0,1
63856642,1,0,1
63893458,1,14,15
63912960,1,0,1
64039086,1,0,1
64041947,1,0,1
64083338,1,0,1
64133822,1,0,1
64172342,1,0,1
64200758,1,0,1
64254642,1,0,1
64257328,1,1,2
64271998,1,0,1
64276590,1,0,1
64279537,1,0,1
64280705,1,0,1
64287766,1,0,1
64290964,1,2,3
64302962,1,108,109
64317441,1,0,1
64334450,1,0,1
64339259,1,0,1
64415341,1,0,1
64449350,1,5,6
64468446,1,0,1
64503565,1,1,2
64689870,1,0,1
64813290,1,16,17
64817108,1,0,1
64830211,1,0,1
64871190,1,5,6
64912564,1,0,1
64926349,1,2,3
64941571,1,0,1
64960410,1,4,5
65221878,1,0,1
65270783,1,0,1
65363177,1,0,1
65373321,1,1,2
65404941,1,4,5
65466158,1,5,6
65476777,1,39,40
65531343,1,0,1
65550672,1,0,1
65650510,1,0,1
65659927,1,25,26
65699541,1,0,1
65707379,1,0,1
65711741,1,0,1
65730921,1,0,1
65765643,1,0,1
65774767,1,1,2
65782673,1,0,1
65810061,1,0,1
65833723,1,0,1
65909235,1,0,1
65987956,1,0,1
66003071,1,0,1
66032222,1,11,12
66058589,1,0,1
66101412,1,0,1
66105838,1,3,4
66109042,1,2,3
66165992,1,1,2
66167625,1,0,1
66232446,1,0,1
66284799,1,8,9
66301173,1,0,1
66476079,1,0,1
66560547,1,0,1
66575037,1,0,1
66581334,1,0,1
66584271,1,0,1
66601975,1,39,40
66634122,1,0,1
66662429,1,11,12
66680078,1,0,1
66716796,1,0,1
66776059,1,24,25
66802837,1,0,1
66858007,1,0,1
66891899,1,0,1
66906245,1,3,4
66937347,1,0,1
66964514,1,0,1
67005678,1,1,2
67011750,1,0,1
67012797,1,0,1
67066342,1,0,1
67093606,1,1,2
67161382,1,0,1
67181051,1,0,1
67212927,1,1,2
67215892,1,0,1
67262147,1,0,1
67263737,1,0,1
67379491,1,0,1
67473741,1,0,1
67543297,1,0,1
67622912,1,0,1
67630908,1,0,1
67716519,1,0,1
67728942,1,2,3
67735898,1,0,1
67788569,1,1,2
67820033,1,0,1
67857107,1,0,1
67878927,1,0,1
67886396,1,0,1
67962152,1,0,1
67995524,1,2,3
68015084,1,1,2
68035038,1,1,2
68071014,1,24,25
68099998,1,0,1
68168693,1,3,4
68206737,1,0,1
68226471,1,9,10
68272171,1,0,1
68327554,1,0,1
68429015,1,0,1
68464692,1,0,1
68489534,1,4,5
68589777,1,0,1
68611923,1,3,4
68632373,1,0,1
68724894,1,0,1
68730528,1,10,11
68801460,1,2,3
68853013,1,0,1
68875777,1,1,2
68906714,1,0,1
68993180,1,1,2
69158081,1,3,4
69181949,1,0,1
69200472,1,0,1
69334073,1,1,2
69359874,1,0,1
69361136,1,0,1
69440021,1,0,1
69451035,1,0,1
69454714,1,0,1
69559684,1,2,3
69570394,1,0,1
69579596,1,0,1
69639919,1,0,1
69643440,1,0,1
69715706,1,7,8
69786672,1,0,1
69837428,1,1,2
69866186,1,0,1
69877838,1,0,1
69894773,1,0,1
70043966,1,0,1
70065830,1,0,1
70135018,1,0,1
70144495,1,18,19
70241038,1,4,5
70327558,1,3,4
70421986,1,12,13
70452119,1,0,1
70469649,1,0,1
70528473,1,0,1
70529790,1,0,1
70538266,1,3,4
70720488,1,0,1
70747569,1,0,1
70791223,1,0,1
70791487,1,0,1
70797421,1,0,1
70878753,1,0,1
70956577,1,0,1
71042980,1,0,1
71061604,1,0,1
71087963,1,0,1
71100748,1,0,1
71108357,1,0,1
71125618,1,0,1
71142835,1,0,1
71254037,1,0,1
71266596,1,4,5
71281199,1,0,1
71310014,1,0,1
71403966,1,7,8
71424670,1,2,3
71454840,1,0,1
71463325,1,0,1
71519333,1,13,14
71554273,1,1,2
71578705,1,1,2
71615184,1,2,3
71636806,1,0,1
71678053,1,0,1
71770285,1,1,2
71866555,1,0,1
71913254,1,6,7
71983149,1,0,1
72002064,1,0,1
72461495,1,0,1
72480899,1,0,1
72532466,1,0,1
72591730,1,2,3
72597747,1,0,1
72609763,1,0,1
72678732,1,2,3
72724285,1,0,1
72740492,1,0,1
72750421,1,29,30
72891097,1,0,1
72896280,1,3,4
72908837,1,4,5
72951936,1,0,1
72952542,1,1,2
72963141,1,0,1
73007812,1,11,12
73032567,1,1,2
73171523,1,11,12
73199746,1,2,3
73274497,1,0,1
73290704,1,0,1
73310195,1,0,1
73402469,1,5,6
73432163,1,1,2
73465964,1,0,1
73513613,1,0,1
73546459,1,0,1
73684056,1,0,1
73748227,1,0,1
73791927,1,0,1
73887400,1,0,1
73901619,1,0,1
74020768,1,1,2
74085754,1,6,7
74177189,1,0,1
74209221,1,7,8
74236340,1,0,1
74241914,1,5,6
74255905,1,0,1
74257510,1,1,2
74258609,1,1,2
74329820,1,0,1
74349589,1,0,1
74358484,1,0,1
74434632,1,0,1
74455557,1,0,1
74476959,1,0,1
74641729,1,0,1
74652090,1,0,1
74660955,1,0,1
74723931,1,0,1
74781639,1,3,4
74863916,1,1,2
74895105,1,1,2
74905193,1,30,31
75071173,1,0,1
75102228,1,0,1
75138843,1,0,1
75157645,1,0,1
75191028,1,1,2
75264060,1,6,7
75283334,1,3,4
75430442,1,0,1
75446868,1,0,1
75635050,1,0,1
75691203,1,4,5
75723772,1,0,1
75753880,1,0,1
75896584,1,2,3
75932390,1,0,1
75939860,1,2,3
75982537,1,5,6
76000172,1,3,4
76027332,1,2,3
76044100,1,2,3
76181125,1,1,2
76192178,1,0,1
76229476,1,4,5
76277733,1,0,1
76279333,1,0,1
76370090,1,0,1
76375132,1,0,1
76412685,1,0,1
76423403,1,0,1
76425894,1,0,1
76458623,1,0,1
76530794,1,0,1
76573727,1,0,1
76612724,1,1,2
76695467,1,0,1
76732040,1,0,1
76770277,1,0,1
76789722,1,0,1
76794937,1,1,2
76815926,1,0,1
76853737,1,0,1
76888698,1,1,2
77043671,1,0,1
77099392,1,0,1
77117694,1,0,1
77167261,1,1,2
77286821,1,0,1
77299913,1,0,1
77316995,1,0,1
77319633,1,27,28
77394815,1,0,1
77487918,1,0,1
77542133,1,0,1
77561703,1,0,1
77582890,1,13,14
77589316,1,0,1
77619885,1,0,1
77635649,1,0,1
77652342,1,0,1
77656382,1,0,1
77812433,1,0,1
77829431,1,0,1
77847082,1,0,1
77860363,1,0,1
77868412,1,0,1
77916482,1,0,1
78052785,1,0,1
78194485,1,13,14
78204823,1,0,1
78245206,1,0,1
78256390,1,0,1
78280437,1,0,1
78291632,1,10,11
78400475,1,16,17
78478776,1,0,1
78502767,1,1,2
78507634,1,0,1
78523300,1,1,2
78640563,1,0,1
78902002,1,14,15
78928135,1,0,1
79010825,1,0,1
79046742,1,0,1
79068591,1,1,2
79093454,1,0,1
79106655,1,0,1
79143966,1,0,1
79154950,1,0,1
79377017,1,2,3
79389338,1,2,3
79435415,1,0,1
79641643,1,0,1
79699927,1,6,7
79762434,1,0,1
79813710,1,0,1
79871519,1,0,1
79937023,1,0,1
79961794,1,0,1
80047569,1,0,1
80174785,1,0,1
80255886,1,0,1
80347984,1,0,1
80363721,1,0,1
80382189,1,0,1
80398991,1,3,4
80428640,1,0,1
80441144,1,0,1
80456456,1,0,1
80458579,1,0,1
80538826,1,0,1
80619457,1,17,18
80697098,1,0,1
80728751,1,0,1
80740053,1,0,1
80827005,1,0,1
80879577,1,0,1
80992470,1,0,1
80993125,1,0,1
80997068,1,0,1
81034740,1,0,1
81131076,1,3,4
81134192,1,1,2
81167713,1,0,1
81247670,1,0,1
81362304,1,5,6
81367359,1,0,1
81387169,1,0,1
81458596,1,0,1
81482674,1,2,3
81523937,1,6,7
81615454,1,0,1
81647976,1,0,1
81726937,1,0,1
81828283,1,0,1
81863380,1,0,1
81927440,1,0,1
81993298,1,0,1
81999362,1,0,1
82002302,1,0,1
82113859,1,0,1
82123606,1,0,1
82154889,1,0,1
82193985,1,0,1
82372330,1,0,1
82375983,1,0,1
82389170,1,0,1
82391708,1,0,1
82467940,1,0,1
82728582,1,0,1
82757944,1,0,1
82878359,1,0,1
82878935,1,0,1
82909160,1,30,31
82911978,1,0,1
82930239,1,0,1
82933885,1,0,1
83095406,1,0,1
83112392,1,5,6
83119514,1,0,1
83144511,1,12,13
83248841,1,3,4
83283233,1,0,1
83285934,1,0,1
83376951,1,0,1
83412824,1,0,1
83436654,1,0,1
83617835,1,0,1
83641466,1,54,55
83676136,1,2,3
83734711,1,0,1
83780691,1,0,1
83860499,1,7,8
83891922,1,0,1
83902025,1,0,1
83904534,1,0,1
83947010,1,0,1
83954496,1,0,1
83964850,1,0,1
84139739,1,0,1
84147605,1,3,4
84210850,1,3,4
84427455,1,1,2
84428059,1,0,1
84448921,1,0,1
84605662,1,0,1
84647468,1,0,1
84650505,1,0,1
84691240,1,0,1
84697337,1,0,1
84748460,1,0,1
84756143,1,0,1
84761084,1,0,1
84823872,1,0,1
84896837,1,17,18
84900217,1,3,4
84900689,1,0,1
85132406,1,0,1
85177223,1,0,1
85188855,1,2,3
85193319,1,0,1
85205957,1,0,1
85311417,1,0,1
85333883,1,0,1
85405824,1,3,4
85406676,1,0,1
85478085,1,0,1
85482187,1,0,1
85591282,1,0,1
85626523,1,0,1
85631149,1,0,1
85676534,1,0,1
85698646,1,0,1
85758461,1,0,1
85772641,1,0,1
85834587,1,8,9
85849661,1,0,1
85862406,1,1,2
85945829,1,0,1
85967550,1,0,1
86026202,1,0,1
86026819,1,0,1
86117782,1,0,1
86325010,1,0,1
86327801,1,6,7
86377557,1,9,10
86393925,1,0,1
86401759,1,0,1
86439617,1,0,1
86449610,1,2,3
86683466,1,0,1
86765768,1,4,5
86775045,1,1,2
86870256,1,0,1
86892924,1,1,2
86911192,1,4,5
86991456,1,1,2
87048152,1,0,1
87204450,1,1,2
87210400,1,4,5
87266900,1,0,1
87282354,1,0,1
87301577,1,35,36
87322215,1,0,1
87651801,1,0,1
87729162,1,0,1
87734221,1,1,2
87755941,1,0,1
87797730,1,4,5
87823414,1,0,1
87832130,1,0,1
87929711,1,0,1
88028404,1,1,2
88035985,1,0,1
88037434,1,0,1
88101055,1,3,4
88102183,1,1,2
88104770,1,0,1
88303986,1,31,32
88499592,1,0,1
88640222,1,3,4
88684815,1,0,1
88715127,1,2,3
88805348,1,0,1
88805559,1,0,1
88869948,1,0,1
88930761,1,0,1
88932795,1,0,1
88934626,1,6,7
88968082,1,22,23
88979306,1,0,1
88981425,1,0,1
88983444,1,4,5
89002253,1,2,3
89028308,1,0,1
89085547,1,0,1
89108721,1,3,4
89220865,1,2,3
89224181,1,0,1
89254960,1,8,9
89287747,1,1,2
89292407,1,1,2
89319367,1,0,1
89320872,1,1,2
89465785,1,54,55
89484399,1,1,2
89534187,1,0,1
89595486,1,0,1
89603846,1,2,3
89650481,1,1,2
89669135,1,0,1
89707879,1,0,1
89835497,1,0,1
89965401,1,0,1
90028390,1,0,1
90100316,1,0,1
90215573,1,0,1
90222798,1,2,3
90301205,1,0,1
90301744,1,0,1
90343284,1,0,1
90360929,1,2,3
90402402,1,0,1
90478926,1,4,5
90560710,1,0,1
90570374,1,0,1
90571954,1,0,1
90650937,1,0,1
90659071,1,0,1
90698037,1,0,1
90748536,1,0,1
90775089,1,1,2
90790110,1,0,1
90835375,1,0,1
90870501,1,0,1
90915392,1,0,1
90941575,1,0,1
90958636,1,0,1
90959139,1,20,21
90960162,1,1,2
90962171,1,0,1
90976096,1,1,2
90992943,1,2,3
91107178,1,0,1
91123177,1,0,1
91130774,1,0,1
91169177,1,1,2
91229107,1,1,2
91231229,1,9,10
91250429,1,0,1
91311254,1,0,1
91359384,1,1,2
91370281,1,1,2
91481258,1,1,2
91578999,1,0,1
91604886,1,0,1
91613155,1,0,1
91628904,1,7,8
91667281,1,0,1
91699590,1,0,1
91710104,1,0,1
91747560,1,0,1
91750428,1,0,1
91762941,1,0,1
91779163,1,3,4
91799915,1,0,1
91849655,1,0,1
91860450,1,1,2
91969309,1,0,1
92052553,1,0,1
92117705,1,2,3
92183836,1,0,1
92394887,1,1,2
92537643,1,0,1
92575511,1,5,6
92595011,1,0,1
92672222,1,0,1
92680363,1,0,1
92699470,1,1,2
92756124,1,0,1
92787310,1,1,2
92790817,1,0,1
92794556,1,0,1
92822346,1,0,1
92867252,1,4,5
92911863,1,1,2
92929112,1,0,1
93034100,1,0,1
93054226,1,0,1
93066289,1,0,1
93073927,1,0,1
93082954,1,0,1
93151421,1,0,1
93214452,1,0,1
93262060,1,0,1
93268784,1,0,1
93298134,1,1,2
93303916,1,0,1
93425075,1,0,1
93429412,1,17,18
93442164,1,0,1
93531074,1,1,2
93580079,1,0,1
93583928,1,57,58
93670049,1,0,1
93700000,1,0,1
93711290,1,0,1
93832771,1,0,1
93846843,1,0,1
93846866,1,0,1
93935912,1,0,1
93964892,1,0,1
93969907,1,3,4
93977088,1,0,1
93980452,1,0,1
94102395,1,0,1
94120963,1,0,1
94146914,1,7,8
94187179,1,0,1
94188479,1,0,1
94225349,1,0,1
94248202,1,14,15
94259953,1,0,1
94311814,1,0,1
94410620,1,31,32
94418149,1,0,1
94446030,1,0,1
94483109,1,0,1
94523171,1,0,1
94568609,1,5,6
94594814,1,3,4
94651023,1,0,1
94787314,1,0,1
94858093,1,0,1
94990079,1,1,2
95031164,1,0,1
95060571,1,0,1
95121059,1,0,1
95257413,1,0,1
95318326,1,6,7
95381098,1,0,1
95393444,1,1,2
95464210,1,0,1
95478373,1,1,2
95619295,1,0,1
95658425,1,0,1
95675734,1,0,1
95710519,1,2,3
95811758,1,1,2
95819409,1,0,1
95913925,1,0,1
95916910,1,0,1
95980170,1,0,1
96012070,1,1,2
96105882,1,0,1
96165218,1,0,1
96196635,1,0,1
96247630,1,0,1
96370473,1,0,1
96485543,1,0,1
96485708,1,1,2
96489626,1,0,1
96503835,1,0,1
96630820,1,7,8
96670183,1,0,1
96695481,1,0,1
96783069,1,24,25
96887812,1,0,1
96902500,1,0,1
97034895,1,0,1
97060835,1,1,2
97098184,1,1,2
97146662,1,0,1
97273575,1,30,31
97329818,1,0,1
97389063,1,0,1
97474565,1,0,1
97509255,1,0,1
97538244,1,0,1
97558653,1,1,2
97728144,1,0,1
97843021,1,1,2
97853931,1,0,1
97957384,1,4,5
98006937,1,16,17
98013302,1,0,1
98042577,1,2,3
98224763,1,0,1
98236593,1,0,1
98245509,1,0,1
98258907,1,0,1
98263537,1,0,1
98361433,1,0,1
98415032,1,0,1
98415050,1,0,1
98647690,1,0,1
98832738,1,0,1
99070362,1,0,1
99135558,1,0,1
99136355,1,0,1
99137030,1,0,1
99184495,1,0,1
99316325,1,0,1
99324467,1,0,1
99423443,1,0,1
99523081,1,0,1
99561818,1,0,1
99579410,1,0,1
99584939,1,1,2
99616341,1,0,1
99623855,1,0,1
99667832,1,0,1
99851516,1,0,1
99944454,1,0,1
100061304,1,0,1
100083329,1,0,1
100085105,1,0,1
100121870,1,0,1
100214237,1,0,1
100302888,1,7,8
100330971,1,0,1
100353089,1,1,2
100368424,1,1,2
100369330,1,0,1
100421516,1,2,3
100467390,1,1,2
100519052,1,0,1
100565578,1,0,1
100602870,1,0,1
100640481,1,1,2
100656954,1,4,5
100678032,1,0,1
100682917,1,0,1
100684781,1,9,10
100827645,1,0,1
100906725,1,0,1
100913736,1,0,1
100939433,1,0,1
101040161,1,5,6
101087169,1,0,1
101155873,1,0,1
101203560,1,6,7
101214835,1,0,1
101292110,1,0,1
101350987,1,0,1
101425380,1,0,1
101551006,1,6,7
101559992,1,1,2
101657195,1,1,2
101713043,1,0,1
101753129,1,0,1
101935648,1,0,1
101948366,1,0,1
101960646,1,4,5
102012784,1,0,1
102036068,1,0,1
102135741,1,0,1
102158788,1,1,2
102171691,1,17,18
102267578,1,1,2
102286721,1,0,1
102417382,1,0,1
102518622,1,0,1
102526614,1,0,1
102631705,1,0,1
102697962,1,0,1
102700850,1,0,1
102737521,1,0,1
102749469,1,0,1
102809785,1,1,2
102905612,1,2,3
102908297,1,0,1
102980515,1,1,2
102991291,1,0,1
103016417,1,0,1
103050908,1,2,3
103054218,1,0,1
103071400,1,2,3
103172039,1,4,5
103207787,1,0,1
103211070,1,3,4
103309339,1,46,47
103320288,1,0,1
103383132,1,0,1
103406869,1,0,1
103556588,1,1,2
103665949,1,0,1
103688732,1,1,2
103697347,1,0,1
103809396,1,0,1
103910472,1,0,1
103915955,1,0,1
103920297,1,6,7
103971714,1,0,1
103974690,1,0,1
104037382,1,10,11
104163004,1,0,1
104248138,1,4,5
104310036,1,0,1
104335833,1,0,1
104342504,1,17,18
104351806,1,0,1
104369678,1,0,1
104435392,1,4,5
104580782,1,3,4
104641157,1,0,1
104736190,1,0,1
104742248,1,0,1
104768201,1,0,1
104769865,1,0,1
104904540,1,0,1
104944611,1,6,7
104948573,1,0,1
104957642,1,18,19
105148135,1,2,3
105202145,1,2,3
105254338,1,0,1
105342112,1,1,2
105363606,1,0,1
105393023,1,1,2
105544125,1,0,1
105549188,1,0,1
105662032,1,0,1
105795669,1,1,2
105821694,1,80,81
105893781,1,0,1
105899273,1,0,1
105995576,1,0,1
105998664,1,0,1
106151803,1,0,1
106224818,1,0,1
106225300,1,0,1
106228835,1,0,1
106239684,1,1,2
106246857,1,241,242
106255504,1,0,1
106323127,1,0,1
106391688,1,0,1
106520746,1,0,1
106580732,1,18,19
106588190,1,2,3
106591943,1,0,1
106740497,1,0,1
106795625,1,0,1
106850590,1,0,1
106942163,1,10,11
106956692,1,3,4
107131502,1,0,1
107189397,1,1,2
107203059,1,0,1
107217872,1,1,2
107475104,1,0,1
107509029,1,0,1
107623527,1,0,1
107804844,1,0,1
107827162,1,0,1
107828155,1,0,1
107948347,1,0,1
107952808,1,0,1
108059280,1,0,1
108067032,1,14,15
108070653,1,2,3
108130081,1,2,3
108371702,1,2,3
108401622,1,3,4
108462428,1,0,1
108641464,1,0,1
108688186,1,0,1
108722628,1,0,1
108726852,1,26,27
108738601,1,0,1
108820968,1,3,4
108975069,1,0,1
109007218,1,1,2
109019294,1,0,1
109052943,1,0,1
109083201,1,0,1
109108012,1,0,1
109134336,1,0,1
109154340,1,0,1
109191656,1,1,2
109257354,1,0,1
109344661,1,0,1
109397153,1,4,5
109535426,1,3,4
109536111,1,0,1
109656095,1,4,5
109681326,1,0,1
109731224,1,1,2
109733806,1,0,1
109829171,1,2,3
109987139,1,0,1
110008908,1,0,1
110091649,1,0,1
110161764,1,0,1
110262004,1,0,1
110283763,1,1,2
110353297,1,2,3
110425052,1,0,1
110479029,1,7,8
110524893,1,0,1
110560001,1,0,1
110627704,1,1,2
110649698,1,1,2
110701773,1,0,1
110739961,1,0,1
110744544,1,92,93
110767360,1,0,1
110861428,1,0,1
110869293,1,0,1
110883315,1,0,1
110918669,1,0,1
110929265,1,0,1
111049455,1,0,1
111085615,1,0,1
111169635,1,0,1
111181240,1,2,3
111185971,1,0,1
111278519,1,0,1
111408445,1,0,1
111422849,1,0,1
111444948,1,1,2
111462911,1,0,1
111464269,1,1,2
111492979,1,0,1
111561268,1,12,13
111607490,1,0,1
111664302,1,1,2
111671217,1,0,1
111677152,1,1,2
111747914,1,0,1
111858434,1,0,1
111873647,1,0,1
111894446,1,0,1
111935889,1,4,5
111949712,1,0,1
111957826,1,0,1
112047805,1,3,4
112101797,1,0,1
112106216,1,0,1
112143051,1,0,1
112154368,1,0,1
112237548,1,0,1
112271342,1,0,1
112276221,1,0,1
112308134,1,2,3
112328119,1,6,7
112337228,1,0,1
112535777,1,0,1
112598847,1,0,1
112722257,1,7,8
112736661,1,0,1
112896120,1,0,1
112952846,1,0,1
113039512,1,0,1
113045219,1,0,1
113125790,1,0,1
113161575,1,0,1
113264808,1,0,1
113289545,1,0,1
113316081,1,0,1
113316158,1,5,6
113367795,1,0,1
113413467,1,0,1
113442620,1,0,1
113532468,1,0,1
113600037,1,0,1
113691567,1,0,1
113723734,1,0,1
113775363,1,0,1
113894836,1,0,1
114019214,1,0,1
114055876,1,0,1
114064663,1,0,1
114216960,1,0,1
114261877,1,1,2
114275521,1,0,1
114305189,1,0,1
114333618,1,2,3
114513278,1,0,1
114530740,1,0,1
114614685,1,0,1
114712681,1,1,2
114848865,1,0,1
114951955,1,1,2
114954667,1,137,138
115085422,1,0,1
115164268,1,0,1
115190271,1,0,1
115249814,1,0,1
115304914,1,0,1
115442677,1,1,2
115458748,1,12,13
115510618,1,1,2
115523807,1,0,1
115585454,1,0,1
115603919,1,16,17
115686742,1,0,1
115705981,1,0,1
115774717,1,0,1
115997625,1,0,1
116023512,1,1,2
116056218,1,0,1
116111140,1,0,1
116197291,1,3,4
116265605,1,1,2
116276390,1,0,1
116293681,1,0,1
116314524,1,2,3
116317899,1,14,15
116368024,1,1,2
116376470,1,0,1
116448443,1,0,1
116488329,1,0,1
116489863,1,0,1
116513640,1,0,1
116523616,1,0,1
116609849,1,0,1
116616450,1,0,1
116636362,1,1,2
116835438,1,1,2
116835497,1,8,9
116836132,1,0,1
116880409,1,0,1
116901789,1,0,1
116943108,1,0,1
116949893,1,0,1
116957262,1,14,15
116981777,1,0,1
116994249,1,0,1
117061780,1,0,1
117155939,1,6,7
117173664,1,3,4
117182705,1,0,1
117230405,1,0,1
117248283,1,1,2
117249181,1,0,1
117260851,1,0,1
117396227,1,1,2
117433532,1,8,9
117450420,1,7,8
117478295,1,5,6
117489899,1,1,2
117529976,1,5,6
117538312,1,0,1
117583404,1,0,1
117602839,1,1,2
117626533,1,1,2
117672538,1,0,1
117736729,1,0,1
117798012,1,0,1
117883274,1,2,3
117899448,1,1,2
117930784,1,0,1
117945664,1,2,3
117965095,1,3,4
117983479,1,32,33
117992242,1,0,1
118070080,1,0,1
118088038,1,0,1
118100909,1,1,2
118171564,1,0,1
118183574,1,20,21
118187578,1,0,1
118194249,1,0,1
118225437,1,0,1
118278429,1,0,1
118296304,1,7,8
118353943,1,0,1
118388768,1,0,1
118405885,1,1,2
118425164,1,0,1
118480093,1,0,1
118526277,1,0,1
118604746,1,1,2
118680476,1,14,15
118715535,1,0,1
118751813,1,0,1
118806312,1,0,1
118814915,1,27,28
118834477,1,0,1
118866069,1,0,1
118886100,1,2,3
118935793,1,3,4
118937916,1,2,3
119001448,1,4,5
119011652,1,0,1
119129389,1,1,2
119193878,1,0,1
119199083,1,4,5
119272630,1,0,1
119385234,1,0,1
119435136,1,1,2
119478728,1,0,1
119495434,1,0,1
119504665,1,0,1
119528515,1,1,2
119565439,1,0,1
119577801,1,6,7
119590590,1,1,2
119616407,1,5,6
119618571,1,8,9
119803351,1,0,1
119841079,1,3,4
119862382,1,0,1
119934805,1,2,3
119951930,1,0,1
120010863,1,3,4
120033641,1,0,1
120130381,1,1,2
120143145,1,0,1
120216237,1,0,1
120232682,1,2,3
120255089,1,0,1
120322647,1,0,1
120349036,1,1,2
120350474,1,0,1
120446057,1,0,1
120547457,1,5,6
120660365,1,13,14
120746938,1,0,1
120788445,1,0,1
120838314,1,3,4
120844922,1,0,1
120884070,1,0,1
120886394,1,0,1
120888892,1,0,1
120920056,1,0,1
120939036,1,2,3
121183687,1,1,2
121209850,1,0,1
121225219,1,1,2
121526995,1,0,1
121549273,1,0,1
121621810,1,0,1
121723519,1,0,1
121795959,1,0,1
121816305,1,0,1
121853848,1,1,2
121959883,1,0,1
121984354,1,0,1
122160643,1,4,5
122213332,1,0,1
122216052,1,3,4
122222191,1,0,1
122255833,1,12,13
122296389,1,0,1
122425966,1,12,13
122499059,1,0,1
122509396,1,0,1
122567822,1,45,46
122692605,1,2,3
122697145,1,0,1
122785328,1,0,1
122808569,1,0,1
122869234,1,0,1
122887563,1,0,1
123011380,1,1,2
123013053,1,0,1
123030966,1,0,1
123047642,1,2,3
123098952,1,0,1
123125338,1,0,1
123271149,1,0,1
123298275,1,12,13
123361352,1,0,1
123404346,1,0,1
123449865,1,0,1
123460626,1,0,1
123635625,1,6,7
123637373,1,0,1
123713643,1,0,1
123784691,1,1,2
123798040,1,2,3
123871255,1,0,1
123881599,1,0,1
123960176,1,0,1
123971640,1,1,2
124128351,1,0,1
124155753,1,0,1
124279716,1,2,3
124616666,1,0,1
124631538,1,0,1
124660886,1,1,2
124666453,1,12,13
124684616,1,0,1
124726283,1,0,1
124782655,1,0,1
124852615,1,24,25
124873492,1,1,2
124896323,1,1,2
124953507,1,0,1
125057062,1,0,1
125078426,1,0,1
125138459,1,0,1
125142769,1,0,1
125233917,1,0,1
125235440,1,0,1
125300761,1,0,1
125402592,1,0,1
125442657,1,4,5
125449779,1,0,1
125479153,1,0,1
125550876,1,0,1
125584347,1,0,1
125702173,1,1,2
125740528,1,0,1
125743800,1,0,1
125782457,1,0,1
126100168,1,0,1
126107399,1,0,1
126149561,1,0,1
126150567,1,3,4
126158614,1,6,7
126221730,1,5,6
126362868,1,0,1
126374651,1,1,2
126424248,1,0,1
126546728,1,0,1
126632528,1,0,1
126645742,1,1,2
126695687,1,0,1
126701303,1,0,1
126717731,1,0,1
126750875,1,0,1
126825921,1,0,1
126880310,1,0,1
127048645,1,3,4
127125266,1,2,3
127135774,1,11,12
127292982,1,0,1
127407232,1,0,1
127777766,1,0,1
127882772,1,2,3
127974589,1,5,6
128367675,1,0,1
128461899,1,0,1
128549428,1,0,1
128566329,1,0,1
128578541,1,0,1
128627725,1,0,1
128721081,1,0,1
128754060,1,0,1
128796218,1,0,1
128843692,1,0,1
128849093,1,0,1
128895705,1,2,3
128978964,1,0,1
129057534,1,1,2
129160971,1,0,1
129173194,1,0,1
129193908,1,0,1
129196135,1,2,3
129218817,1,0,1
129221241,1,8,9
129261769,1,0,1
129337657,1,0,1
129473946,1,1,2
129795615,1,0,1
129805651,1,5,6
129833909,1,0,1
129839282,1,0,1
129849699,1,0,1
130050012,1,0,1
130162893,1,0,1
130292442,1,0,1
130322544,1,0,1
130405648,1,0,1
130435497,1,7,8
130840776,1,3,4
130864747,1,0,1
130932445,1,0,1
130943007,1,0,1
130948526,1,0,1
131024613,1,16,17
131058670,1,6,7
131076253,1,4,5
131149139,1,0,1
131162084,1,0,1
131189735,1,0,1
131201772,1,12,13
131274066,1,0,1
131289500,1,38,39
131315858,1,0,1
131535809,1,1,2
131564630,1,0,1
131603443,1,4,5
131665095,1,0,1
131725363,1,1,2
131808826,1,121,122
131922167,1,0,1
131970877,1,0,1
131996719,1,45,46
132025576,1,0,1
132232127,1,0,1
132287508,1,1,2
132338987,1,8,9
132358760,1,0,1
132387050,1,7,8
132397529,1,0,1
132404380,1,0,1
132543317,1,0,1
132619312,1,3,4
132639505,1,0,1
132655615,1,0,1
132679362,1,0,1
132691676,1,0,1
132807900,1,0,1
132824209,1,0,1
132918716,1,0,1
132940038,1,0,1
132974295,1,3,4
133026112,1,0,1
133064079,1,0,1
133089453,1,0,1
133130740,1,2,3
133132341,1,13,14
133175056,1,1,2
133350966,1,0,1
133355434,1,0,1
133393762,1,0,1
133473525,1,0,1
133509428,1,0,1
133509710,1,2,3
133530331,1,0,1
133545127,1,0,1
133551473,1,0,1
133587169,1,94,95
133603883,1,1,2
133609928,1,3,4
133767110,1,0,1
133769800,1,0,1
133807727,1,1,2
133844973,1,0,1
133912719,1,0,1
134103729,1,0,1
134245108,1,0,1
134264221,1,0,1
134305621,1,0,1
134518223,1,0,1
134587063,1,0,1
134594576,1,0,1
134602560,1,0,1
134633616,1,0,1
134642498,1,2,3
134658918,1,0,1
134681241,1,0,1
134825971,1,0,1
134861819,1,0,1
134899505,1,0,1
134981514,1,2,3
135017508,1,0,1
135070864,1,0,1
135215413,1,0,1
135359378,1,0,1
135498437,1,2,3
135549841,1,0,1
135557861,1,0,1
135721233,1,2,3
135726453,1,0,1
135954615,1,0,1
135960554,1,0,1
136014982,1,3,4
136066823,1,0,1
136260955,1,0,1
136277094,1,0,1
136353747,1,0,1
136391056,1,0,1
136398069,1,2,3
136485543,1,0,1
136526229,1,0,1
136604134,1,1,2
136619873,1,1,2
136746764,1,3,4
136819526,1,0,1
136824311,1,0,1
136829070,1,2,3
136855837,1,0,1
137116167,1,0,1
137474474,1,0,1
137521303,1,0,1
137543147,1,0,1
137616796,1,1,2
137803672,1,0,1
137819167,1,0,1
137823869,1,6,7
137824881,1,0,1
137838954,1,0,1
137869548,1,0,1
137928346,1,0,1
137931823,1,0,1
138017947,1,0,1
138066805,1,0,1
138135441,1,0,1
138145548,1,0,1
138153345,1,29,30
138331342,1,0,1
138332821,1,0,1
138459947,1,0,1
138494590,1,1,2
138518329,1,14,15
138594716,1,6,7
138655457,1,0,1
138759540,1,0,1
138801953,1,0,1
138831539,1,2,3
138978758,1,0,1
138984489,1,0,1
139315992,1,0,1
139426177,1,0,1
139541238,1,0,1
139541550,1,0,1
139573206,1,0,1
139577559,1,1,2
139578419,1,0,1
139592317,1,0,1
139652955,1,0,1
139675829,1,0,1
139802405,1,0,1
139812545,1,0,1
139840395,1,0,1
139932552,1,0,1
140059407,1,0,1
140088382,1,0,1
140104311,1,10,11
140120211,1,0,1
140206517,1,2,3
140281942,1,3,4
140285620,1,1,2
140358387,1,0,1
140484037,1,0,1
140588684,1,7,8
140600605,1,0,1
140665322,1,1,2
140806388,1,0,1
140896934,1,0,1
140900943,1,0,1
140992804,1,1,2
141012832,1,0,1
141070609,1,0,1
141121598,1,0,1
141300131,1,0,1
141362233,1,0,1
141469746,1,0,1
141472442,1,0,1
141475304,1,6,7
141507141,1,0,1
141555730,1,0,1
141591606,1,0,1
141644346,1,0,1
141747872,1,0,1
141800402,1,3,4
141831246,1,2,3
141839820,1,0,1
142043915,1,2,3
142076224,1,0,1
142084205,1,0,1
142152486,1,0,1
142338483,1,0,1
142354046,1,7,8
142419430,1,0,1
142431656,1,0,1
142437065,1,0,1
142490217,1,4,5
142491056,1,0,1
142508134,1,0,1
142569979,1,0,1
142574005,1,0,1
142789309,1,0,1
142835385,1,0,1
142862073,1,1,2
143186191,1,0,1
143191025,1,0,1
143212424,1,0,1
143267674,1,1,2
143343522,1,0,1
143386913,1,0,1
143511022,1,0,1
143543829,1,1,2
143575632,1,0,1
143610870,1,0,1
143611436,1,1,2
143681070,1,0,1
143817755,1,3,4
143819270,1,1,2
143855236,1,0,1
143861192,1,0,1
143899948,1,0,1
143904970,1,0,1
144194063,1,0,1
144252831,1,0,1
144498933,1,0,1
144564702,1,2,3
144565817,1,3,4
144683539,1,2,3
144773286,1,0,1
144977888,1,0,1
144997077,1,1,2
145047597,1,0,1
145142176,1,0,1
145175463,1,0,1
145253653,1,2,3
145271964,1,13,14
145504644,1,2,3
145531930,1,0,1
145568110,1,0,1
145634744,1,1,2
145922696,1,0,1
145979984,1,0,1
146134724,1,10,11
146166029,1,12,13
146314167,1,6,7
146459837,1,0,1
146546615,1,10,11
146585071,1,4,5
146591129,1,0,1
146610864,1,1,2
146612698,1,0,1
146667810,1,0,1
146677390,1,0,1
146798765,1,0,1
146820239,1,0,1
146930627,1,14,15
147064468,1,0,1
147068404,1,0,1
147125096,1,0,1
147204221,1,0,1
147292336,1,0,1
147370171,1,0,1
147399749,1,9,10
147406404,1,5,6
147438072,1,0,1
147587361,1,3,4
147615169,1,1,2
147708405,1,0,1
147801603,1,1,2
147836003,1,0,1
147933136,1,0,1
147992403,1,0,1
148001962,1,0,1
148073281,1,0,1
148173793,1,1,2
148224785,1,0,1
148296324,1,0,1
148320153,1,0,1
148362624,1,1,2
148394035,1,0,1
148404022,1,1,2
148407656,1,1,2
148410106,1,0,1
148461480,1,4,5
148477171,1,0,1
148480933,1,4,5
148584448,1,9,10
148609737,1,0,1
148662837,1,0,1
148810257,1,0,1
148841270,1,0,1
148949123,1,1,2
148951641,1,0,1
149055030,1,0,1
149110770,1,1,2
149139906,1,0,1
149163834,1,1,2
149225875,1,2,3
149347679,1,0,1
149390888,1,0,1
149473535,1,0,1
149482508,1,0,1
149602171,1,0,1
149656460,1,4,5
149705838,1,0,1
149858466,1,5,6
149893525,1,1,2
150057144,1,0,1
150092469,1,4,5
150131856,1,14,15
150148564,1,0,1
150404352,1,5,6
150498989,1,0,1
150505749,1,0,1
150668348,1,0,1
150879474,1,0,1
151061471,1,0,1
151085278,1,1,2
151201122,1,0,1
151201999,1,0,1
151237970,1,7,8
151291453,1,0,1
151331955,1,0,1
151385023,1,0,1
151395064,1,1,2
151412386,1,0,1
151452741,1,0,1
151525945,1,0,1
151540581,1,0,1
151670618,1,0,1
151737979,1,0,1
151999173,1,0,1
152006067,1,0,1
152035306,1,0,1
152093597,1,0,1
152130363,1,0,1
152310483,1,0,1
152616146,1,1,2
152736244,1,5,6
152805197,1,2,3
152987313,1,0,1
153016803,1,2,3
153119253,1,4,5
153162301,1,3,4
153175066,1,0,1
153183339,1,3,4
153183471,1,0,1
153310221,1,0,1
153417699,1,0,1
153536060,1,1,2
153553346,1,6,7
153569667,1,0,1
153840929,1,0,1
153892454,1,3,4
153909707,1,10,11
153952806,1,1,2
153970726,1,4,5
153972100,1,9,10
153974526,1,4,5
154162436,1,0,1
154175791,1,0,1
154288596,1,0,1
154507880,1,0,1
154569662,1,2,3
154679152,1,7,8
154838061,1,0,1
154846741,1,0,1
155008874,1,0,1
155026435,1,0,1
155102463,1,3,4
155318387,1,1,2
155342137,1,0,1
155375322,1,0,1
155424380,1,0,1
155647072,1,2,3
155668728,1,0,1
155717054,1,0,1
156078235,1,0,1
156140361,1,0,1
156234010,1,0,1
156339863,1,0,1
156364475,1,0,1
156370763,1,6,7
156411676,1,0,1
156743030,1,0,1
156752849,1,4,5
156761500,1,0,1
156766418,1,1,2
156806933,1,0,1
156840296,1,0,1
156896768,1,0,1
156903324,1,0,1
156998739,1,0,1
157047806,1,0,1
157066064,1,10,11
157066213,1,0,1
157192744,1,0,1
157334760,1,0,1
157375861,1,7,8
157379784,1,0,1
157463832,1,10,11
157626299,1,1,2
157636386,1,0,1
157662677,1,1,2
157782277,1,0,1
157872049,1,1,2
158146936,1,0,1
158202801,1,3,4
158383944,1,0,1
158421759,1,0,1
158464744,1,0,1
158498603,1,0,1
158571954,1,0,1
158583915,1,0,1
158696504,1,0,1
158750629,1,0,1
158784656,1,1,2
158843883,1,0,1
158893369,1,4,5
158899671,1,0,1
158915381,1,0,1
158964977,1,0,1
158968850,1,1,2
158986535,1,0,1
159023130,1,0,1
159065451,1,14,15
159124943,1,0,1
159133248,1,0,1
159179291,1,0,1
159212496,1,0,1
159270290,1,0,1
159451293,1,1,2
159507594,1,0,1
159580701,1,0,1
159607541,1,0,1
159673355,1,0,1
159684111,1,0,1
159711713,1,0,1
160010824,1,1,2
160086857,1,0,1
160127231,1,1,2
160234973,1,0,1
160237816,1,0,1
160255385,1,0,1
160329925,1,0,1
160386314,1,0,1
160414550,1,1,2
160419860,1,0,1
160450413,1,0,1
160469618,1,0,1
160499164,1,0,1
160612503,1,0,1
160738401,1,0,1
160755650,1,0,1
160773185,1,0,1
160892550,1,0,1
160947863,1,16,17
161045789,1,0,1
161153697,1,0,1
161190375,1,0,1
161239582,1,0,1
161386823,1,0,1
161387406,1,0,1
161402665,1,0,1
161450622,1,1,2
161491151,1,16,17
161536183,1,0,1
161647103,1,1,2
161743963,1,0,1
161947755,1,1,2
162076168,1,0,1
162162668,1,0,1
162257022,1,0,1
162283268,1,0,1
162437895,1,0,1
162442185,1,0,1
162559451,1,0,1
162596804,1,3,4
162603790,1,0,1
162613995,1,8,9
162969504,1,9,10
163162922,1,0,1
163301786,1,0,1
163395561,1,0,1
163575434,1,2,3
163590902,1,6,7
163608126,1,0,1
163707826,1,0,1
163753588,1,0,1
163775583,1,0,1
163802557,1,0,1
164016768,1,0,1
164251635,1,0,1
164321801,1,0,1
164364901,1,0,1
164368949,1,2,3
164405753,1,0,1
164471280,1,2,3
164498067,1,0,1
164532568,1,0,1
164549886,1,0,1
164552337,1,0,1
164678630,1,2,3
164709956,1,0,1
164830292,1,0,1
164914180,1,2,3
164917115,1,0,1
164936563,1,1,2
164969574,1,1,2
165020784,1,4,5
165029624,1,0,1
165051689,1,0,1
165159820,1,3,4
165185776,1,15,16
165288986,1,0,1
165437962,1,0,1
165565949,1,0,1
165585083,1,0,1
165666911,1,1,2
165702350,1,0,1
165724865,1,0,1
165768549,1,7,8
165819524,1,0,1
165876910,1,0,1
165895146,1,0,1
165918439,1,0,1
166027777,1,8,9
166028904,1,1,2
166032231,1,0,1
166059565,1,0,1
166137946,1,0,1
166140507,1,0,1
166189771,1,10,11
166293995,1,0,1
166338248,1,0,1
166511427,1,0,1
166551125,1,0,1
166598459,1,0,1
166641521,1,0,1
166722392,1,0,1
166722934,1,21,22
166734905,1,0,1
166783145,1,0,1
166810110,1,2,3
166866262,1,0,1
166916613,1,0,1
166929034,1,0,1
166949118,1,2,3
167039186,1,0,1
167069628,1,1,2
167270623,1,11,12
167273001,1,0,1
167333751,1,2,3
167399649,1,1,2
167416263,1,16,17
167488100,1,0,1
167495161,1,2,3
167507427,1,0,1
167518667,1,1,2
167645934,1,0,1
167673022,1,68,69
167681084,1,0,1
167701330,1,0,1
167787520,1,0,1
167929540,1,2,3
168003545,1,0,1
168065810,1,0,1
168290603,1,0,1
168295477,1,0,1
168327631,1,0,1
168347810,1,0,1
168361267,1,0,1
168386863,1,0,1
168400912,1,0,1
168406532,1,0,1
168508680,1,1,2
168660600,1,0,1
168691937,1,5,6
168714510,1,0,1
168716300,1,0,1
168731371,1,0,1
168736977,1,0,1
168745148,1,0,1
168879691,1,0,1
168898735,1,0,1
168903891,1,0,1
168943590,1,0,1
169106334,1,0,1
169128885,1,0,1
169184245,1,0,1
169212615,1,0,1
169380760,1,0,1
169549065,1,0,1
169592236,1,0,1
169647275,1,0,1
169748456,1,0,1
169775701,1,10,11
169820175,1,0,1
169846687,1,6,7
169964909,1,0,1
169966847,1,0,1
169969300,1,1,2
170109353,1,0,1
170145239,1,0,1
170240096,1,0,1
170284796,1,17,18
170395745,1,0,1
170474789,1,0,1
170475440,1,0,1
170479523,1,0,1
170489297,1,0,1
170515650,1,0,1
170529042,1,0,1
170564973,1,0,1
170821579,1,36,37
170840653,1,0,1
170885608,1,1,2
171114864,1,0,1
171118997,1,1,2
171227200,1,2,3
171279883,1,0,1
171353487,1,0,1
171537494,1,5,6
171677031,1,0,1
171749917,1,0,1
171908920,1,1,2
171931407,1,1,2
171983136,1,5,6
172015054,1,0,1
172138697,1,6,7
172365427,1,0,1
172373894,1,8,9
172411191,1,0,1
172434834,1,0,1
172533762,1,4,5
172565308,1,9,10
172596787,1,0,1
172726694,1,0,1
172747125,1,0,1
173015641,1,0,1
173282434,1,2,3
173289084,1,0,1
173406247,1,0,1
173427869,1,1,2
173516959,1,0,1
173626345,1,0,1
173774813,1,7,8
173827598,1,0,1
173867007,1,0,1
173895991,1,0,1
174102086,1,4,5
174128977,1,0,1
174153015,1,2,3
174447029,1,0,1
174463828,1,0,1
174489344,1,0,1
174507325,1,0,1
174531349,1,2,3
174580015,1,0,1
174737823,1,1,2
174741230,1,0,1
174743948,1,0,1
174754091,1,8,9
174866202,1,0,1
174873393,1,7,8
174880946,1,0,1
174986262,1,0,1
175069988,1,0,1
175080322,1,0,1
175130206,1,0,1
175170481,1,0,1
175609595,1,0,1
175642356,1,0,1
176036131,1,0,1
176044176,1,0,1
176150510,1,0,1
176191027,1,0,1
176224382,1,0,1
176302369,1,0,1
176417473,1,11,12
176499432,1,0,1
176505638,1,0,1
176513066,1,3,4
176668631,1,0,1
176849941,1,0,1
176903025,1,0,1
176990778,1,1,2
176999514,1,0,1
177016431,1,0,1
177278137,1,0,1
177280352,1,0,1
177338829,1,2,3
177415385,1,8,9
177426319,1,0,1
177445338,1,1,2
177513640,1,0,1
177539744,1,1,2
177540571,1,4,5
177615457,1,4,5
177667102,1,6,7
177667747,1,0,1
177706961,1,0,1
177775798,1,0,1
177786636,1,2,3
177787786,1,0,1
177861124,1,1,2
177873581,1,4,5
177885944,1,0,1
177979609,1,0,1
177994120,1,0,1
178023214,1,0,1
178063062,1,0,1
178074496,1,6,7
178078114,1,0,1
178081614,1,0,1
178110583,1,0,1
178156668,1,0,1
178198952,1,0,1
178214241,1,0,1
178275321,1,4,5
178544519,1,0,1
178556719,1,0,1
178580445,1,0,1
178596923,1,1,2
178735002,1,1,2
178797346,1,0,1
178974933,1,75,76
179168193,1,0,1
179218353,1,4,5
179502768,1,4,5
179521723,1,0,1
179583128,1,1,2
179613338,1,0,1
179637256,1,1,2
179688161,1,1,2
179719188,1,0,1
179769938,1,0,1
179776468,1,0,1
179781714,1,0,1
179797147,1,0,1
180084439,1,1,2
180134634,1,12,13
180175386,1,1,2
180302490,1,0,1
180337525,1,2,3
180369692,1,1,2
180399911,1,1,2
180423001,1,1,2
180443064,1,0,1
180999227,1,0,1
181041683,1,31,32
181132382,1,0,1
181310964,1,0,1
181395652,1,2,3
181581097,1,0,1
181697257,1,0,1
181721832,1,1,2
181802245,1,0,1
181859696,1,25,26
181901208,1,0,1
181940846,1,0,1
181985406,1,0,1
182006304,1,0,1
182057170,1,9,10
182064555,1,0,1
182091616,1,0,1
182182978,1,7,8
182185275,1,0,1
182189367,1,0,1
182302250,1,0,1
182366156,1,0,1
182410367,1,0,1
182537700,1,1,2
182677131,1,0,1
182704586,1,1,2
182811167,1,0,1
182883013,1,0,1
182997383,1,2,3
183007779,1,0,1
183027334,1,0,1
183083951,1,0,1
183099788,1,0,1
183338295,1,1,2
183451318,1,0,1
183493148,1,1,2
183495134,1,0,1
183522332,1,0,1
183626159,1,5,6
183748458,1,0,1
183751195,1,0,1
183776872,1,0,1
183778200,1,0,1
183801393,1,0,1
184009137,1,0,1
184044440,1,0,1
184047829,1,0,1
184055292,1,0,1
184200276,1,1,2
184208116,1,1,2
184217892,1,6,7
184235028,1,0,1
184507702,1,0,1
184674078,1,4,5
184675507,1,1,2
184889011,1,1,2
184921805,1,0,1
184933639,1,0,1
184993525,1,1,2
185040519,1,0,1
185136519,1,0,1
185315252,1,1,2
185379795,1,0,1
185424453,1,0,1
185517599,1,0,1
185543251,1,0,1
185597128,1,0,1
185691885,1,0,1
185797813,1,0,1
185824578,1,7,8
185846304,1,0,1
185953301,1,0,1
186145606,1,0,1
186182045,1,0,1
186192922,1,0,1
186272781,1,0,1
186275403,1,0,1
186293608,1,0,1
186402426,1,0,1
186421918,1,6,7
186457433,1,4,5
186498144,1,0,1
186521639,1,3,4
186541863,1,2,3
186591605,1,0,1
186676980,1,3,4
186677561,1,1,2
187005803,1,0,1
187174501,1,0,1
187212488,1,0,1
187288184,1,8,9
187305245,1,7,8
187316309,1,30,31
187323053,1,0,1
187396018,1,4,5
187573578,1,0,1
187670760,1,0,1
187686745,1,0,1
187742984,1,0,1
187772701,1,0,1
188092633,1,0,1
188105034,1,0,1
188289863,1,0,1
188304920,1,0,1
188498645,1,0,1
188531293,1,0,1
188542389,1,0,1
188567692,1,0,1
188579708,1,0,1
188846727,1,0,1
189012308,1,0,1
189194425,1,19,20
189240906,1,0,1
189249671,1,0,1
189429931,1,8,9
189460217,1,1,2
189570457,1,60,61
189666878,1,0,1
189698307,1,0,1
189737936,1,7,8
189744243,1,0,1
189771382,1,0,1
190085139,1,2,3
190137315,1,0,1
190300274,1,0,1
190363156,1,10,11
190371162,1,5,6
190503976,1,4,5
190522793,1,2,3
190680831,1,0,1
190708351,1,15,16
190709146,1,0,1
190729105,1,0,1
190776963,1,0,1
190874097,1,7,8
190889540,1,0,1
191044973,1,2,3
191162512,1,0,1
191192573,1,0,1
191285137,1,1,2
191307190,1,0,1
191310830,1,0,1
191583479,1,0,1
191637473,1,1,2
191825698,1,0,1
191902197,1,0,1
191925680,1,1,2
191929910,1,0,1
192033515,1,0,1
192054425,1,0,1
192226090,1,0,1
192307090,1,3,4
192326912,1,0,1
192326916,1,2,3
192407120,1,0,1
192586669,1,0,1
192625772,1,2,3
192725928,1,0,1
192736375,1,0,1
192785081,1,5,6
192795744,1,0,1
192962967,1,5,6
192971151,1,0,1
193067648,1,0,1
193154004,1,0,1
193164536,1,0,1
193192630,1,18,19
193347753,1,0,1
193352925,1,0,1
193368469,1,0,1
193656926,1,0,1
193719000,1,5,6
193798827,1,0,1
193835072,1,2,3
193852467,1,0,1
194037315,1,2,3
194080193,1,0,1
194094047,1,0,1
194214753,1,1,2
194222492,1,1,2
194307254,1,0,1
194693024,1,0,1
194697219,1,0,1
194713458,1,1,2
194729547,1,1,2
194808605,1,0,1
194981709,1,2,3
195024959,1,2,3
195057780,1,0,1
195071552,1,1,2
195082648,1,0,1
195143023,1,0,1
195191706,1,0,1
195222930,1,0,1
195299014,1,3,4
195343756,1,0,1
195365329,1,0,1
195447075,1,0,1
195549029,1,0,1
195635112,1,0,1
195832457,1,0,1
195846700,1,0,1
195859173,1,0,1
195866014,1,0,1
195945432,1,1,2
195948852,1,0,1
195970177,1,0,1
196043534,1,0,1
196059131,1,9,10
196064677,1,0,1
196173815,1,0,1
196242450,1,0,1
196302861,1,0,1
196335985,1,0,1
196434610,1,0,1
196523713,1,0,1
196631240,1,2,3
196880532,1,1,2
197176188,1,3,4
197357769,1,0,1
197471767,1,0,1
197561283,1,0,1
197614625,1,7,8
197640600,1,0,1
197650075,1,0,1
197674821,1,0,1
197707580,1,0,1
197774655,1,0,1
198020726,1,0,1
198024145,1,0,1
198167870,1,0,1
198290808,1,0,1
198294763,1,0,1
198393635,1,1,2
198444812,1,27,28
198448558,1,0,1
198465414,1,1,2
198649320,1,5,6
198677064,1,0,1
198716147,1,2,3
198716730,1,0,1
198785906,1,0,1
198886475,1,1,2
198968880,1,1,2
199158762,1,0,1
199223555,1,1,2
199343185,1,0,1
199500170,1,0,1
199646970,1,0,1
199742999,1,0,1
199760324,1,0,1
199772445,1,2,3
200005497,1,7,8
200187798,1,0,1
200339582,1,0,1
200437950,1,1,2
200452894,1,0,1
200481407,1,6,7
200534193,1,1,2
200570899,1,0,1
200743464,1,1,2
200831749,1,0,1
200883695,1,3,4
200922197,1,0,1
200926926,1,43,44
201029703,1,0,1
201101927,1,0,1
201362547,1,3,4
201381795,1,0,1
201476153,1,0,1
201531985,1,1,2
201534189,1,0,1
201647882,1,0,1
201650805,1,3,4
201804606,1,1,2
201814200,1,1,2
201935600,1,0,1
201984862,1,2,3
202475716,1,2,3
202508052,1,0,1
202564039,1,0,1
202612229,1,0,1
202705636,1,5,6
202721769,1,0,1
202766626,1,0,1
202833471,1,0,1
202861846,1,0,1
202910392,1,28,29
202924368,1,5,6
203240268,1,0,1
203301970,1,0,1
203342579,1,0,1
203642481,1,1,2
203727586,1,0,1
203738741,1,0,1
203779830,1,1,2
203810008,1,2,3
203970118,1,0,1
204086093,1,0,1
204126681,1,0,1
204179527,1,0,1
204188167,1,0,1
204313381,1,0,1
204316322,1,0,1
204426172,1,0,1
204444000,1,0,1
204507937,1,0,1
204569810,1,0,1
204584844,1,1,2
205018754,1,0,1
205257007,1,3,4
205309138,1,0,1
205394133,1,0,1
205396992,1,0,1
205600474,1,5,6
205795789,1,0,1
205851870,1,0,1
206007039,1,9,10
206014745,1,0,1
206411478,1,0,1
206439333,1,0,1
206527461,1,0,1
206749148,1,1,2
206829095,1,0,1
206863303,1,0,1
206909203,1,0,1
207305891,1,27,28
207579675,1,1,2
207658841,1,0,1
207714874,1,0,1
207794083,1,7,8
208088019,1,1,2
208123495,1,0,1
208204941,1,18,19
208262176,1,0,1
208354728,1,4,5
208448520,1,1,2
208572289,1,1,2
208704812,1,2,3
208794075,1,0,1
208828684,1,1,2
208996041,1,2,3
209190326,1,1,2
209693045,1,0,1
209698892,1,0,1
209701746,1,0,1
209767257,1,2,3
210044281,1,0,1
210244337,1,0,1
210247333,1,0,1
210378646,1,6,7
210504723,1,0,1
210541966,1,0,1
210582564,1,1,2
210664957,1,0,1
210674859,1,0,1
210757707,1,0,1
210941177,1,0,1
210995975,1,0,1
211185400,1,0,1
211197275,1,0,1
211238519,1,0,1
211295496,1,0,1
211310245,1,0,1
211314817,1,0,1
211394162,1,0,1
211717504,1,0,1
211726289,1,4,5
211785295,1,3,4
211882018,1,6,7
211952096,1,0,1
211956152,1,0,1
211971228,1,2,3
211976691,1,0,1
211981618,1,0,1
212006432,1,0,1
212073483,1,3,4
212087151,1,0,1
212095325,1,0,1
212100163,1,5,6
212113777,1,0,1
212214113,1,0,1
212283856,1,0,1
212293770,1,0,1
212448502,1,0,1
212450936,1,2,3
212463932,1,1,2
212466669,1,8,9
212499255,1,0,1
212667684,1,3,4
212669026,1,0,1
212737792,1,0,1
212950064,1,0,1
213002883,1,3,4
213067601,1,0,1
213110367,1,0,1
213114512,1,0,1
213136084,1,0,1
213227473,1,0,1
213245511,1,0,1
213253856,1,1,2
213787139,1,0,1
213890729,1,0,1
213925384,1,2,3
214052034,1,0,1
214085245,1,0,1
214300183,1,0,1
214349554,1,2,3
214388663,1,0,1
214668356,1,2,3
214699325,1,0,1
214770574,1,0,1
214860840,1,1,2
214982106,1,0,1
215034808,1,0,1
215053640,1,0,1
215116340,1,0,1
215128930,1,0,1
215167379,1,7,8
215174108,1,1,2
215212556,1,0,1
215303440,1,0,1
215311129,1,5,6
215363148,1,0,1
215367707,1,1,2
215404049,1,0,1
215405289,1,11,12
215456667,1,1,2
215475487,1,2,3
215515095,1,0,1
215520403,1,0,1
215661562,1,0,1
215700800,1,0,1
216053887,1,0,1
216055632,1,0,1
216109505,1,0,1
216138010,1,5,6
216222385,1,0,1
216371472,1,0,1
216440383,1,21,22
216443883,1,0,1
216444107,1,0,1
216455116,1,0,1
216482868,1,2,3
216515058,1,0,1
216561239,1,1,2
216701425,1,0,1
216713920,1,1,2
216730940,1,0,1
216920146,1,0,1
216924464,1,0,1
216944689,1,0,1
216945183,1,7,8
216950387,1,0,1
216952188,1,0,1
217040843,1,0,1
217104004,1,0,1
217116027,1,0,1
217202966,1,0,1
217219408,1,1,2
217258690,1,0,1
217294690,1,3,4
217401485,1,0,1
217415977,1,0,1
217418435,1,2,3
217434435,1,0,1
217508770,1,0,1
217570542,1,0,1
217586813,1,0,1
217657448,1,1,2
217860164,1,0,1
217899318,1,0,1
217976219,1,33,34
217976387,1,0,1
218063694,1,3,4
218137954,1,0,1
218191558,1,0,1
218250063,1,0,1
218274605,1,0,1
218277549,1,0,1
218284934,1,0,1
218329423,1,0,1
218337228,1,0,1
218609579,1,0,1
218642907,1,0,1
218692001,1,1,2
218706279,1,0,1
218739344,1,0,1
218768847,1,0,1
218776096,1,0,1
218805018,1,0,1
219018822,1,0,1
219024597,1,0,1
219035018,1,1,2
219039478,1,0,1
219101050,1,0,1
219109699,1,0,1
219124080,1,0,1
219413447,1,0,1
219518419,1,5,6
219704386,1,0,1
219780265,1,0,1
219857570,1,9,10
219860109,1,6,7
219870800,1,0,1
220014433,1,0,1
220115609,1,8,9
220172089,1,10,11
220475110,1,2,3
220570141,1,1,2
220718151,1,0,1
220863206,1,23,24
220927038,1,0,1
221185593,1,0,1
221221061,1,15,16
221235692,1,2,3
221237637,1,0,1
221501817,1,0,1
221534128,1,11,12
221607718,1,1,2
221769589,1,0,1
221880663,1,0,1
222125504,1,0,1
222211043,1,0,1
222253514,1,7,8
222377113,1,1,2
222500236,1,0,1
222510305,1,1,2
222520203,1,0,1
222534065,1,1,2
222573189,1,1,2
222594288,1,0,1
222636929,1,2,3
222768412,1,1,2
222809856,1,0,1
222901797,1,10,11
222905481,1,2,3
222948144,1,1,2
223162337,1,0,1
223240986,1,0,1
223241945,1,0,1
223414388,1,10,11
223421850,1,0,1
223539048,1,0,1
223563394,1,0,1
223584890,1,30,31
223600513,1,0,1
223700330,1,0,1
223863542,1,0,1
223895029,1,1,2
223918786,1,1,2
223927431,1,0,1
224044418,1,0,1
224080016,1,0,1
224739714,1,5,6
224909420,1,0,1
224932552,1,0,1
225062917,1,0,1
225068517,1,0,1
225100513,1,0,1
225199065,1,1,2
225211037,1,4,5
225265639,1,9,10
225276237,1,1,2
225407035,1,5,6
225426588,1,0,1
225468159,1,0,1
225478057,1,2,3
225485709,1,0,1
225529556,1,0,1
225576664,1,1,2
225615244,1,0,1
225717183,1,4,5
225728952,1,0,1
225963552,1,1,2
225963950,1,0,1
225998236,1,5,6
226001750,1,0,1
226082720,1,2,3
226126961,1,0,1
226163030,1,0,1
226182568,1,0,1
226264533,1,0,1
226543662,1,0,1
226545575,1,4,5
226700683,1,3,4
226731024,1,0,1
226790434,1,0,1
226987363,1,0,1
226995875,1,0,1
227032525,1,0,1
227080068,1,0,1
227134580,1,0,1
227149400,1,0,1
227285606,1,0,1
227367372,1,0,1
227517044,1,16,17
227517207,1,4,5
227521364,1,0,1
227545189,1,0,1
227548634,1,39,40
227555454,1,2,3
227607845,1,0,1
227636059,1,0,1
227729848,1,0,1
227842014,1,0,1
227898986,1,0,1
227929431,1,13,14
228028831,1,0,1
228042722,1,12,13
228071611,1,0,1
228092471,1,2,3
228142556,1,0,1
228155409,1,0,1
228216042,1,0,1
228241659,1,0,1
228417299,1,6,7
228477177,1,0,1
228678846,1,0,1
228747346,1,1,2
228876112,1,1,2
228976697,1,0,1
229274657,1,0,1
229282922,1,0,1
229371906,1,0,1
229499409,1,1,2
229527376,1,1,2
229552944,1,0,1
229558485,1,2,3
229619563,1,0,1
229639952,1,0,1
229675816,1,0,1
229924764,1,0,1
230020758,1,4,5
230076055,1,0,1
230295792,1,0,1
230357316,1,0,1
230532672,1,0,1
230714973,1,2,3
230915285,1,0,1
230916956,1,0,1
230925187,1,0,1
230935406,1,8,9
230941070,1,0,1
230973438,1,0,1
230989107,1,0,1
231070829,1,0,1
231072702,1,0,1
231146309,1,0,1
231185031,1,0,1
231257304,1,2,3
231258210,1,0,1
231262172,1,0,1
231280290,1,3,4
231349901,1,1,2
231395024,1,0,1
231463685,1,0,1
231496361,1,0,1
231522038,1,0,1
231671251,1,1,2
231760566,1,0,1
231853167,1,0,1
231918973,1,0,1
232023805,1,9,10
232037005,1,0,1
232043440,1,1,2
232054498,1,2,3
232094857,1,0,1
232170798,1,0,1
232236797,1,0,1
232269432,1,5,6
232363438,1,0,1
232472411,1,5,6
232477577,1,0,1
232593522,1,0,1
232599594,1,2,3
232630784,1,0,1
232676772,1,0,1
232695523,1,0,1
232792077,1,2,3
232837431,1,0,1
232925414,1,0,1
232930432,1,0,1
233033031,1,33,34
233034081,1,0,1
233056911,1,0,1
233071488,1,29,30
233396623,1,0,1
233505125,1,0,1
233579576,1,23,24
233659384,1,0,1
233775670,1,2,3
233810133,1,0,1
233842041,1,0,1
234020918,1,0,1
234132202,1,0,1
234177911,1,1,2
234209822,1,0,1
234268439,1,0,1
234280222,1,3,4
234538478,1,0,1
234585765,1,0,1
234621397,1,0,1
234632829,1,2,3
234684092,1,1,2
234842545,1,3,4
234868205,1,0,1
234874671,1,0,1
235095524,1,1,2
235119556,1,0,1
235167475,1,5,6
235168247,1,0,1
235321018,1,0,1
235409101,1,6,7
235416800,1,0,1
235471179,1,0,1
235576739,1,0,1
235629516,1,0,1
235640408,1,0,1
235643932,1,13,14
235697284,1,18,19
235743285,1,0,1
235788472,1,1,2
236081780,1,0,1
236117866,1,0,1
236150246,1,0,1
236176357,1,0,1
236193550,1,9,10
236203029,1,0,1
236315785,1,0,1
236383742,1,0,1
236412458,1,2,3
236423473,1,5,6
236533274,1,0,1
236533542,1,0,1
236539447,1,0,1
236569136,1,0,1
236670101,1,2,3
236670373,1,31,32
236706105,1,8,9
236728688,1,17,18
236782905,1,0,1
236845774,1,0,1
236920576,1,0,1
236957297,1,1,2
237011601,1,0,1
237060182,1,0,1
237096257,1,0,1
237145865,1,0,1
237267810,1,0,1
237324246,1,0,1
237380619,1,0,1
237386856,1,1,2
237423241,1,1,2
237446676,1,8,9
237457665,1,2,3
237480935,1,0,1
237504727,1,0,1
237624558,1,5,6
237703339,1,0,1
237754931,1,0,1
237820048,1,0,1
237838941,1,6,7
237846562,1,1,2
237848041,1,1,2
237878247,1,2,3
237889819,1,0,1
237895537,1,26,27
237951034,1,3,4
238014381,1,0,1
238024382,1,0,1
238036062,1,0,1
238038393,1,0,1
238073008,1,4,5
238124096,1,0,1
238268991,1,0,1
238314976,1,0,1
238315131,1,0,1
238348214,1,5,6
238378016,1,0,1
238396414,1,0,1
238496100,1,0,1
238578668,1,0,1
238598466,1,0,1
238629540,1,0,1
238653569,1,1,2
238672212,1,0,1
238726380,1,0,1
238739017,1,0,1
238764543,1,0,1
238786165,1,0,1
238906960,1,0,1
239050404,1,0,1
239068683,1,0,1
239091629,1,0,1
239140810,1,6,7
239146579,1,0,1
239148532,1,0,1
239156591,1,0,1
239178048,1,0,1
239186996,1,0,1
239239211,1,1,2
239241015,1,0,1
239253682,1,0,1
239336273,1,3,4
239337314,1,0,1
239390706,1,0,1
239423053,1,0,1
239429605,1,0,1
239539339,1,0,1
239565894,1,0,1
239568097,1,0,1
239630063,1,1,2
239643103,1,0,1
239923831,1,0,1
239945390,1,0,1
239945612,1,0,1
239973154,1,0,1
240016585,1,0,1
240136983,1,0,1
240152618,1,0,1
240194114,1,0,1
240214926,1,0,1
240325016,1,0,1
240426992,1,0,1
240528105,1,27,28
240555023,1,0,1
240764712,1,0,1
240818448,1,2,3
240828648,1,0,1
240851608,1,0,1
240904415,1,2,3
240930508,1,0,1
240962097,1,0,1
241198110,1,0,1
241205526,1,0,1
241235211,1,0,1
241265761,1,0,1
241280143,1,3,4
241284091,1,14,15
241437365,1,0,1
241442394,1,1,2
241450072,1,0,1
241500822,1,1,2
241651011,1,0,1
241660914,1,0,1
241774966,1,0,1
241777785,1,0,1
241927437,1,0,1
242177436,1,0,1
242392613,1,0,1
242490675,1,0,1
242563876,1,0,1
242601076,1,0,1
242835742,1,0,1
242883699,1,0,1
242903028,1,1,2
242913108,1,0,1
242941165,1,0,1
242957292,1,19,20
242974038,1,0,1
242997256,1,0,1
243014309,1,0,1
243211601,1,1,2
243228715,1,0,1
243274648,1,1,2
243315649,1,1,2
243321587,1,0,1
243338872,1,13,14
243357541,1,0,1
243360369,1,0,1
243364534,1,1,2
243397721,1,0,1
243477155,1,0,1
243628114,1,0,1
243768929,1,0,1
243787041,1,3,4
243838561,1,0,1
243995583,1,0,1
244020184,1,0,1
244099926,1,0,1
244101015,1,0,1
244134525,1,0,1
244170872,1,2,3
244192891,1,6,7
244193517,1,0,1
244234667,1,0,1
244246812,1,0,1
244267346,1,6,7
244355853,1,0,1
244372772,1,4,5
244556705,1,0,1
244570612,1,0,1
244689835,1,0,1
244696253,1,0,1
244699773,1,0,1
244726507,1,0,1
244746226,1,0,1
244802006,1,0,1
244929211,1,0,1
244951927,1,0,1
244977545,1,2,3
245030299,1,0,1
245084571,1,0,1
245104959,1,0,1
245137472,1,0,1
245277633,1,0,1
245302898,1,0,1
245480590,1,1,2
245604349,1,0,1
245646825,1,0,1
245892162,1,0,1
245904935,1,0,1
245917255,1,2,3
245940956,1,0,1
245955273,1,0,1
245957031,1,0,1
245972561,1,2,3
246068248,1,13,14
246078098,1,0,1
246108117,1,3,4
246115479,1,0,1
246159235,1,0,1
246231102,1,0,1
246294938,1,0,1
246367402,1,0,1
246485153,1,0,1
246565746,1,8,9
246583214,1,1,2
246825552,1,0,1
246861122,1,0,1
246869675,1,0,1
246875107,1,3,4
246913363,1,0,1
247058251,1,0,1
247077770,1,0,1
247150896,1,0,1
247185130,1,0,1
247196761,1,0,1
247445388,1,0,1
247465755,1,0,1
247498145,1,2,3
247530626,1,2,3
247540559,1,0,1
247606488,1,10,11
247606981,1,0,1
247619566,1,1,2
247818489,1,0,1
247901276,1,0,1
247927245,1,0,1
247968838,1,2,3
247993506,1,0,1
248074055,1,0,1
248113897,1,0,1
248325263,1,0,1
248326821,1,0,1
248405654,1,1,2
248740056,1,50,51
248749696,1,0,1
248824550,1,0,1
248878127,1,0,1
248916840,1,0,1
248922943,1,0,1
248951531,1,0,1
249248140,1,0,1
249343513,1,0,1
249410324,1,0,1
249439009,1,0,1
249471796,1,0,1
249482670,1,0,1
249551759,1,0,1
249568835,1,0,1
249683508,1,0,1
249719823,1,0,1
249764715,1,0,1
249795455,1,0,1
249814924,1,3,4
249910876,1,0,1
249912519,1,0,1
250136795,1,0,1
250212211,1,1,2
250301337,1,1,2
250423752,1,1,2
250430636,1,0,1
250450985,1,1,2
250482308,1,8,9
250553204,1,0,1
250591980,1,0,1
250721439,1,0,1
250740723,1,0,1
250749599,1,0,1
250785739,1,0,1
250788932,1,0,1
250819035,1,9,10
250843549,1,1,2
250853910,1,0,1
250908667,1,7,8
250947879,1,4,5
250964031,1,8,9
251000014,1,3,4
251013879,1,1,2
251106916,1,1,2
251137282,1,1,2
251180516,1,0,1
251240048,1,0,1
251256836,1,0,1
251400353,1,21,22
251408570,1,10,11
251592441,1,0,1
251635952,1,0,1
251757284,1,8,9
251766011,1,14,15
251807086,1,0,1
251922176,1,0,1
251933260,1,1,2
252057939,1,1,2
252208542,1,0,1
252229317,1,0,1
252337900,1,0,1
252398267,1,7,8
252718102,1,0,1
252736075,1,0,1
252763273,1,0,1
252797422,1,0,1
253058223,1,0,1
253256703,1,0,1
253280304,1,0,1
253290635,1,0,1
253316481,1,16,17
253372558,1,0,1
253442984,1,3,4
253533965,1,0,1
253582663,1,0,1
253785951,1,0,1
253813697,1,1,2
253837359,1,0,1
253850552,1,0,1
253925457,1,0,1
254099297,1,0,1
254180840,1,0,1
254202681,1,0,1
254212321,1,1,2
254277877,1,0,1
254366356,1,0,1
254413369,1,0,1
254450921,1,0,1
254538281,1,0,1
254681572,1,1,2
254687792,1,0,1
254735576,1,0,1
254780487,1,0,1
254897802,1,0,1
254925901,1,0,1
255003698,1,0,1
255071229,1,0,1
255095370,1,0,1
255175001,1,0,1
255206819,1,0,1
255252647,1,0,1
255272188,1,2,3
255371567,1,0,1
255545487,1,0,1
255604222,1,0,1
255727997,1,0,1
255730230,1,0,1
255746206,1,4,5
255774921,1,0,1
255830406,1,0,1
255874837,1,1,2
255915736,1,0,1
256029314,1,0,1
256111023,1,0,1
256117745,1,0,1
256129869,1,0,1
256135801,1,0,1
256165095,1,0,1
256203293,1,1,2
256318037,1,5,6
256326880,1,0,1
256532676,1,4,5
256540769,1,15,16
256556486,1,6,7
256594315,1,0,1
256618011,1,0,1
256618806,1,0,1
256662058,1,0,1
256703147,1,0,1
256822347,1,0,1
256835750,1,0,1
257079286,1,0,1
257099176,1,0,1
257137709,1,0,1
257403533,1,1,2
257460481,1,0,1
257536666,1,9,10
257605261,1,0,1
257684145,1,1,2
257700705,1,0,1
257716901,1,1,2
257735479,1,0,1
257744913,1,2,3
257757520,1,0,1
257805061,1,0,1
257939651,1,1,2
257942180,1,0,1
258084734,1,0,1
258095068,1,0,1
258163163,1,0,1
258171853,1,0,1
258273903,1,0,1
258405038,1,0,1
258475085,1,0,1
258506236,1,0,1
258523496,1,0,1
258605061,1,0,1
258634854,1,0,1
258655260,1,0,1
258685662,1,8,9
258810790,1,5,6
258935692,1,0,1
259045163,1,2,3
259071734,1,3,4
259081610,1,1,2
259119533,1,0,1
259164204,1,0,1
259252751,1,18,19
259380837,1,1,2
259391268,1,0,1
259444765,1,1,2
259468026,1,0,1
259488414,1,0,1
259575386,1,0,1
259677592,1,0,1
259691167,1,0,1
259878689,1,0,1
259911275,1,0,1
259919575,1,0,1
259939623,1,0,1
260023751,1,0,1
260036406,1,7,8
260054645,1,0,1
260063114,1,0,1
260067425,1,0,1
260082138,1,0,1
260240585,1,0,1
260274220,1,0,1
260290494,1,1,2
260407392,1,0,1
260411556,1,0,1
260436479,1,1,2
260443202,1,0,1
260462391,1,19,20
260479582,1,0,1
260482771,1,0,1
260487316,1,2,3
260490258,1,0,1
260550335,1,0,1
260562348,1,0,1
260566751,1,0,1
260639245,1,0,1
260851548,1,1,2
260893699,1,1,2
260897819,1,0,1
260903907,1,0,1
260936034,1,0,1
261073401,1,1,2
261269381,1,0,1
261389010,1,3,4
261427735,1,0,1
261493700,1,0,1
261517101,1,0,1
261533748,1,0,1
261538504,1,0,1
261543026,1,0,1
261554992,1,0,1
261637006,1,0,1
261743206,1,0,1
261759178,1,0,1
261767917,1,0,1
261781065,1,2,3
261785617,1,0,1
261787446,1,0,1
261797790,1,1,2
261798805,1,1,2
261820388,1,0,1
261883982,1,0,1
261903280,1,0,1
261934753,1,0,1
261961890,1,0,1
261982289,1,0,1
261982397,1,0,1
261986487,1,0,1
261993645,1,0,1
261997174,1,0,1
262001571,1,0,1
262032543,1,2,3
262189318,1,0,1
262197638,1,0,1
262248071,1,0,1
262291126,1,0,1
262435023,1,0,1
262509952,1,4,5
262612121,1,1,2
262617306,1,0,1
262649311,1,0,1
262735312,1,0,1
262795092,1,1,2
262802877,1,0,1
262856460,1,5,6
262897040,1,0,1
263119969,1,0,1
263146270,1,0,1
263162623,1,0,1
263193990,1,1,2
263237386,1,0,1
263387804,1,1,2
263413148,1,0,1
263433398,1,1,2
263444550,1,0,1
263447273,1,0,1
263551027,1,0,1
263641248,1,0,1
263699858,1,5,6
263809335,1,53,54
263921358,1,0,1
263942559,1,0,1
263943736,1,0,1
263962014,1,1,2
264058436,1,0,1
264110123,1,0,1
264194021,1,0,1
264228546,1,0,1
264331316,1,0,1
264411867,1,0,1
264417769,1,0,1
264470355,1,2,3
264504352,1,0,1
264507492,1,0,1
264530695,1,0,1
264555624,1,1,2
264565063,1,0,1
264569951,1,0,1
264607156,1,0,1
264720242,1,12,13
264862915,1,2,3
264988416,1,0,1
264993543,1,0,1
265000411,1,2,3
265100622,1,0,1
265109510,1,0,1
265125249,1,0,1
265154042,1,1,2
265221764,1,0,1
265348883,1,1,2
265366726,1,0,1
265478225,1,0,1
265506483,1,0,1
265689996,1,1,2
265759855,1,0,1
265864302,1,0,1
265871378,1,0,1
265916969,1,0,1
265951489,1,5,6
266009819,1,0,1
266067473,1,0,1
266083892,1,0,1
266222825,1,0,1
266292594,1,1,2
266333262,1,0,1
266365104,1,0,1
266375026,1,1,2
266384324,1,0,1
266395401,1,0,1
266451950,1,8,9
266614886,1,0,1
266699188,1,0,1
266767202,1,0,1
266777609,1,0,1
266807228,1,0,1
266843862,1,0,1
266860108,1,0,1
266941793,1,0,1
266950244,1,0,1
266991644,1,0,1
267175425,1,0,1
267212656,1,0,1
267303665,1,7,8
267359596,1,0,1
267412080,1,0,1
267565565,1,0,1
267787769,1,0,1
267893502,1,0,1
267914921,1,2,3
267915933,1,1,2
267921322,1,0,1
267970861,1,0,1
267990501,1,0,1
268018496,1,1,2
268018876,1,0,1
268051233,1,0,1
268175644,1,1,2
268363445,1,0,1
268518478,1,0,1
268534647,1,0,1
268611887,1,0,1
268620927,1,0,1
268808802,1,0,1
268926882,1,0,1
268959464,1,0,1
269315178,1,1,2
269329352,1,0,1
269375933,1,0,1
269448653,1,3,4
269535951,1,1,2
269654415,1,0,1
269692794,1,0,1
269817219,1,0,1
269841892,1,2,3
269869996,1,0,1
269906619,1,0,1
269928106,1,0,1
269956795,1,1,2
270030418,1,0,1
270079490,1,0,1
270245532,1,0,1
270260963,1,0,1
270310164,1,0,1
270310777,1,1,2
270326634,1,1,2
270395906,1,0,1
270474413,1,3,4
270487539,1,0,1
270523420,1,0,1
270537755,1,1,2
270570651,1,3,4
270638799,1,0,1
271139517,1,0,1
271250564,1,0,1
271399786,1,0,1
271464768,1,0,1
271524852,1,0,1
271531352,1,0,1
271541890,1,0,1
271586450,1,24,25
271628037,1,5,6
271743356,1,2,3
271883062,1,0,1
271991719,1,0,1
272016373,1,0,1
272102515,1,0,1
272191856,1,0,1
272192505,1,0,1
272208444,1,0,1
272254924,1,0,1
272290745,1,6,7
272391555,1,0,1
272518702,1,0,1
272616388,1,0,1
272624758,1,0,1
272642804,1,13,14
272654011,1,5,6
272780734,1,0,1
272914386,1,2,3
273094408,1,0,1
273200636,1,9,10
273245969,1,0,1
273454454,1,0,1
273514824,1,0,1
273660032,1,0,1
273732335,1,0,1
273795258,1,0,1
273842391,1,0,1
273875023,1,0,1
273977275,1,0,1
273979951,1,0,1
274032684,1,7,8
274135701,1,1,2
274176512,1,0,1
274181342,1,0,1
274200999,1,0,1
274214510,1,1,2
274263703,1,43,44
274268289,1,0,1
274297569,1,0,1
274310300,1,1,2
274513907,1,0,1
274579128,1,0,1
274592219,1,0,1
274605114,1,1,2
274653331,1,0,1
274682242,1,0,1
274732203,1,0,1
274791620,1,0,1
274810786,1,0,1
274818295,1,7,8
274820991,1,0,1
274834486,1,0,1
275046299,1,1,2
275148673,1,0,1
275170369,1,0,1
275218718,1,0,1
275224483,1,0,1
275272990,1,0,1
275274156,1,1,2
275341202,1,0,1
275373051,1,5,6
275373293,1,0,1
275384366,1,0,1
275384552,1,1,2
275474052,1,0,1
275542249,1,4,5
275676779,1,1,2
275835145,1,0,1
275981993,1,0,1
276027723,1,0,1
276106955,1,0,1
276133649,1,0,1
276398199,1,0,1
276486228,1,4,5
276531741,1,0,1
276951165,1,0,1
277026654,1,0,1
277092918,1,0,1
277096343,1,0,1
277127112,1,0,1
277134231,1,0,1
277164044,1,0,1
277169595,1,0,1
277250283,1,1,2
277286682,1,0,1
277318129,1,0,1
277430585,1,0,1
277468009,1,2,3
277473643,1,2,3
277562784,1,2,3
277573711,1,0,1
277650963,1,0,1
277667674,1,0,1
277718934,1,0,1
277738704,1,0,1
277745062,1,0,1
277795241,1,0,1
277800866,1,1,2
277833197,1,0,1
277838801,1,0,1
277840711,1,0,1
277873578,1,0,1
277899020,1,0,1
278076667,1,5,6
278102111,1,26,27
278142785,1,0,1
278220223,1,0,1
278274229,1,0,1
278392845,1,0,1
278400862,1,1,2
278412895,1,0,1
278431595,1,0,1
278486427,1,0,1
278653664,1,3,4
278682691,1,0,1
278743828,1,0,1
278809190,1,0,1
278828808,1,0,1
278855246,1,0,1
279024097,1,0,1
279052901,1,1,2
279108030,1,2,3
279142389,1,1,2
279185783,1,0,1
279187483,1,0,1
279236565,1,0,1
279275750,1,0,1
279288157,1,0,1
279316281,1,0,1
279329541,1,1,2
279362090,1,0,1
279375564,1,8,9
279530398,1,0,1
279660360,1,5,6
279775332,1,0,1
279861780,1,0,1
279931933,1,0,1
279971447,1,0,1
280220095,1,0,1
280245989,1,0,1
280254672,1,0,1
280263981,1,0,1
280292588,1,0,1
280326048,1,2,3
280348707,1,0,1
280519679,1,0,1
280543911,1,0,1
280665647,1,0,1
280760376,1,0,1
280761766,1,0,1
280771438,1,0,1
281145529,1,0,1
281149312,1,0,1
281216964,1,0,1
281318360,1,0,1
281387863,1,1,2
281405477,1,7,8
281534990,1,0,1
281566410,1,1,2
281671321,1,0,1
281711714,1,0,1
281962398,1,0,1
281979948,1,0,1
281982516,1,0,1
282234390,1,0,1
282307654,1,0,1
282516181,1,0,1
282584884,1,1,2
282692746,1,0,1
282766161,1,0,1
282857632,1,4,5
283007645,1,0,1
283009759,1,0,1
283014660,1,0,1
283014832,1,0,1
283084993,1,0,1
283093391,1,0,1
283096366,1,0,1
283099916,1,0,1
283115154,1,0,1
283123486,1,0,1
283139604,1,2,3
283149906,1,1,2
283155422,1,0,1
283192199,1,0,1
283224878,1,0,1
283227464,1,0,1
283288592,1,0,1
283345351,1,0,1
283456904,1,0,1
283458231,1,0,1
283462791,1,0,1
283468280,1,0,1
283591731,1,0,1
283622983,1,1,2
283658183,1,0,1
283737289,1,0,1
283758815,1,0,1
283771572,1,0,1
283796971,1,0,1
283851532,1,1,2
283887465,1,3,4
284056728,1,0,1
284177974,1,1,2
284191919,1,0,1
284206390,1,0,1
284212544,1,0,1
284247834,1,7,8
284292399,1,0,1
284309334,1,0,1
284366950,1,2,3
284399372,1,0,1
284401823,1,0,1
284406043,1,0,1
284409740,1,0,1
284495442,1,0,1
284679240,1,0,1
284838899,1,5,6
284852127,1,0,1
284855823,1,0,1
284871024,1,0,1
285060919,1,0,1
285161385,1,1,2
285214853,1,0,1
285279193,1,0,1
285335006,1,0,1
285343383,1,0,1
285490827,1,0,1
285576278,1,0,1
285591334,1,0,1
285659997,1,0,1
285698343,1,0,1
285735538,1,0,1
285737462,1,1,2
285851296,1,0,1
286183314,1,0,1
286305718,1,2,3
286373198,1,0,1
286411852,1,1,2
286418882,1,0,1
286430569,1,1,2
286469195,1,0,1
286499909,1,0,1
286788459,1,0,1
286829085,1,0,1
286847072,1,0,1
286851091,1,0,1
286900084,1,0,1
286939320,1,0,1
287028413,1,0,1
287031582,1,0,1
287133014,1,0,1
287273053,1,3,4
287319431,1,0,1
287357414,1,17,18
287513345,1,0,1
287628755,1,2,3
287651995,1,0,1
287742921,1,0,1
287755950,1,4,5
287898902,1,0,1
287904016,1,0,1
288030141,1,0,1
288031884,1,0,1
288127916,1,0,1
288142150,1,0,1
288169151,1,0,1
288324786,1,0,1
288351362,1,0,1
288412231,1,0,1
288468721,1,0,1
288478431,1,0,1
288491333,1,0,1
288583506,1,0,1
288608967,1,1,2
288613671,1,0,1
288617088,1,4,5
288818576,1,10,11
288858719,1,0,1
288892379,1,4,5
288910352,1,0,1
288994953,1,2,3
289094611,1,0,1
289127830,1,0,1
289241528,1,0,1
289340506,1,0,1
289381777,1,0,1
289400983,1,1,2
289444868,1,0,1
289492051,1,0,1
289532746,1,0,1
289551489,1,0,1
289551542,1,0,1
289612859,1,0,1
289665497,1,0,1
289692450,1,0,1
289771420,1,0,1
289776641,1,0,1
289779446,1,0,1
289786995,1,0,1
289927947,1,0,1
289972154,1,0,1
289980087,1,0,1
290127872,1,1,2
290243294,1,0,1
290291440,1,0,1
290314669,1,0,1
290480325,1,0,1
290482415,1,0,1
290489841,1,0,1
290498876,1,0,1
290510908,1,0,1
290757764,1,0,1
290778286,1,0,1
290850051,1,0,1
290858785,1,0,1
290893618,1,0,1
290903388,1,0,1
291207929,1,0,1
291273061,1,0,1
291306747,1,0,1
291328216,1,2,3
291369930,1,1,2
291457259,1,0,1
291460029,1,3,4
291509786,1,1,2
291513513,1,0,1
291528847,1,0,1
291540248,1,0,1
291712960,1,0,1
291743799,1,0,1
291755275,1,0,1
291799212,1,0,1
292073624,1,0,1
292075391,1,0,1
292083708,1,0,1
292125867,1,0,1
292132102,1,0,1
292137104,1,2,3
292151687,1,0,1
292421051,1,0,1
292444688,1,2,3
292469599,1,0,1
292677129,1,21,22
292683054,1,0,1
292781839,1,0,1
293120159,1,0,1
293124119,1,0,1
293199352,1,0,1
293207617,1,0,1
293228729,1,0,1
293290073,1,0,1
293572272,1,0,1
293612180,1,0,1
293639982,1,0,1
293733888,1,0,1
293741565,1,0,1
293849142,1,0,1
293862942,1,1,2
293887573,1,1,2
293910792,1,0,1
294065266,1,0,1
294092912,1,0,1
294104757,1,0,1
294183414,1,0,1
294246919,1,6,7
294299279,1,0,1
294299582,1,0,1
294444192,1,6,7
294585605,1,0,1
294639526,1,4,5
294763153,1,0,1
294902627,1,0,1
294906274,1,0,1
294908387,1,1,2
295258422,1,0,1
295656424,1,0,1
295765785,1,0,1
295776112,1,0,1
295888405,1,0,1
295891100,1,0,1
295936563,1,0,1
295993828,1,0,1
296005114,1,0,1
296005196,1,0,1
296043409,1,9,10
296271758,1,6,7
296351141,1,0,1
296369118,1,0,1
296371878,1,0,1
296385642,1,1,2
296418295,1,0,1
296493253,1,0,1
296554936,1,0,1
296623381,1,0,1
296848450,1,6,7
296879153,1,0,1
296889004,1,0,1
296889870,1,0,1
296908298,1,0,1
297072465,1,0,1
297092924,1,0,1
297204912,1,0,1
297310839,1,1,2
297429813,1,0,1
297444842,1,0,1
297522925,1,0,1
297553656,1,1,2
297636411,1,0,1
297690526,1,0,1
297738645,1,0,1
297783114,1,0,1
297914658,1,0,1
297945279,1,1,2
298012402,1,10,11
298121595,1,0,1
298179699,1,11,12
298231124,1,0,1
298268181,1,0,1
298377540,1,0,1
298386719,1,0,1
298410759,1,1,2
298588396,1,0,1
298596865,1,1,2
298714257,1,0,1
298723573,1,1,2
298733766,1,0,1
298785477,1,0,1
298847424,1,0,1
298848794,1,0,1
298991691,1,0,1
299098987,1,14,15
299217560,1,0,1
299275153,1,10,11
299286458,1,0,1
299368666,1,0,1
299387909,1,0,1
299414803,1,1,2
299440489,1,1,2
299493712,1,0,1
299511833,1,0,1
299662325,1,0,1
299672902,1,2,3
299713202,1,0,1
299735756,1,1,2
299743698,1,0,1
299758482,1,0,1
299802277,1,5,6
299935073,1,0,1
300032968,1,0,1
300229313,1,0,1
300248494,1,0,1
300472324,1,0,1
300485264,1,0,1
300548413,1,2,3
300575583,1,0,1
300576661,1,0,1
300603336,1,0,1
300622413,1,0,1
300627553,1,2,3
300658422,1,0,1
300685131,1,3,4
300978332,1,0,1
300985520,1,0,1
301121712,1,0,1
301133926,1,0,1
301158109,1,0,1
301222013,1,0,1
301226884,1,1,2
301393506,1,0,1
301458322,1,2,3
301489138,1,3,4
301621294,1,0,1
301685209,1,0,1
301739675,1,0,1
301829555,1,0,1
301923548,1,0,1
301967972,1,0,1
302044030,1,2,3
302067213,1,1,2
302216238,1,0,1
302232463,1,0,1
302339036,1,3,4
302564487,1,0,1
302592461,1,1,2
302835162,1,0,1
302841499,1,0,1
302850221,1,0,1
302864583,1,0,1
302879829,1,0,1
302955206,1,1,2
302971976,1,0,1
303012082,1,3,4
303076621,1,0,1
303088330,1,0,1
303088923,1,0,1
303099977,1,0,1
303211253,1,0,1
303250431,1,1,2
303392740,1,0,1
303496807,1,0,1
303532533,1,0,1
303593765,1,0,1
303613758,1,0,1
303827969,1,0,1
303871919,1,0,1
303896279,1,1,2
304039904,1,0,1
304052431,1,0,1
304056206,1,0,1
304096209,1,0,1
304278655,1,0,1
304279418,1,0,1
304444544,1,0,1
304522788,1,6,7
304608372,1,0,1
304695261,1,9,10
304702181,1,0,1
304732689,1,8,9
304918521,1,0,1
304997453,1,2,3
305032704,1,0,1
305091744,1,0,1
305179737,1,0,1
305314839,1,0,1
305396295,1,0,1
305546509,1,0,1
305604929,1,0,1
305645601,1,0,1
305647235,1,0,1
305652022,1,0,1
305722908,1,0,1
305768302,1,0,1
305815277,1,0,1
306173459,1,0,1
306238232,1,0,1
306460480,1,0,1
306991777,1,0,1
307021035,1,0,1
307096065,1,1,2
307119706,1,1,2
307159509,1,0,1
307170550,1,1,2
307182282,1,0,1
307328942,1,0,1
307571430,1,0,1
307594362,1,0,1
307668510,1,0,1
307802930,1,0,1
307855381,1,0,1
307883924,1,0,1
307964713,1,0,1
308000918,1,3,4
308073827,1,0,1
308107390,1,0,1
308121391,1,0,1
308252243,1,0,1
308435257,1,0,1
308683078,1,0,1
308756390,1,0,1
308759465,1,22,23
308817742,1,0,1
308826164,1,0,1
308835568,1,0,1
308861849,1,0,1
308873813,1,0,1
308883894,1,1,2
308992926,1,1,2
309213767,1,3,4
309261602,1,0,1
309309571,1,0,1
309317361,1,2,3
309355065,1,3,4
309394060,1,0,1
309404281,1,1,2
309500245,1,0,1
309696235,1,0,1
309839674,1,1,2
309866092,1,0,1
309869612,1,0,1
309897961,1,1,2
309925786,1,1,2
310025091,1,0,1
310099325,1,0,1
310109265,1,0,1
310318460,1,0,1
310318463,1,0,1
310476518,1,0,1
310494578,1,0,1
310610932,1,0,1
310667888,1,0,1
310688816,1,1,2
310791762,1,0,1
310862456,1,0,1
310866704,1,0,1
310910593,1,0,1
311130359,1,0,1
311167475,1,20,21
311413211,1,0,1
311495093,1,0,1
311511470,1,0,1
311618496,1,0,1
311625448,1,0,1
311789069,1,0,1
311807993,1,0,1
311827804,1,0,1
311839282,1,0,1
311848599,1,0,1
311934581,1,0,1
312068757,1,0,1
312194003,1,1,2
312198403,1,0,1
312266159,1,2,3
312328605,1,3,4
312330612,1,0,1
312336521,1,2,3
312351684,1,0,1
312390292,1,0,1
312585375,1,0,1
312598857,1,0,1
312653402,1,1,2
312662267,1,0,1
312793268,1,1,2
312793455,1,0,1
312879922,1,4,5
312886970,1,0,1
312933590,1,0,1
312935039,1,0,1
312950467,1,0,1
312961126,1,0,1
313003526,1,8,9
313125620,1,0,1
313131500,1,0,1
313138879,1,1,2
313289449,1,0,1
313348275,1,1,2
313373279,1,0,1
313440222,1,0,1
313441672,1,0,1
313460087,1,16,17
313523444,1,8,9
313528740,1,0,1
313587323,1,0,1
313591162,1,9,10
313667824,1,0,1
313668505,1,0,1
313984673,1,0,1
314060058,1,10,11
314077742,1,0,1
314111909,1,8,9
314167150,1,0,1
314178992,1,20,21
314199268,1,0,1
314262575,1,0,1
314425515,1,0,1
314514047,1,0,1
314606018,1,0,1
314669283,1,0,1
314764043,1,6,7
314867508,1,0,1
314890742,1,1,2
314953626,1,0,1
314977760,1,0,1
314978245,1,0,1
315054960,1,0,1
315255233,1,0,1
315307074,1,0,1
315333095,1,0,1
315343622,1,0,1
315364012,1,0,1
315484358,1,0,1
315508974,1,0,1
315562481,1,0,1
315651428,1,0,1
315869500,1,0,1
315916204,1,0,1
315974190,1,0,1
316011637,1,0,1
316021277,1,0,1
316141418,1,0,1
316155534,1,0,1
316158676,1,0,1
316225663,1,0,1
316406522,1,0,1
316601001,1,0,1
316611631,1,0,1
316628845,1,5,6
316629502,1,0,1
316655145,1,0,1
316692309,1,1,2
316798252,1,0,1
316805661,1,2,3
316836513,1,0,1
316891390,1,9,10
316904648,1,1,2
316940806,1,0,1
317126349,1,3,4
317181941,1,0,1
317212237,1,0,1
317477329,1,0,1
317515134,1,0,1
317581173,1,0,1
317589116,1,0,1
317589768,1,2,3
317651472,1,0,1
317697133,1,0,1
317801405,1,0,1
318002336,1,0,1
318010032,1,0,1
318101031,1,0,1
318222678,1,0,1
318273272,1,1,2
318486969,1,0,1
318524639,1,0,1
318532779,1,0,1
318584963,1,3,4
318661346,1,0,1
318697688,1,1,2
318708136,1,0,1
318727766,1,0,1
318761159,1,0,1
318766190,1,6,7
318813745,1,0,1
318859707,1,0,1
319166804,1,0,1
319211532,1,0,1
319232265,1,0,1
319277209,1,0,1
319347569,1,0,1
319524201,1,0,1
319582566,1,0,1
319651639,1,0,1
319777415,1,5,6
319795405,1,0,1
319861725,1,2,3
319866979,1,0,1
319906784,1,1,2
319940596,1,0,1
319957172,1,0,1
319988773,1,0,1
320117409,1,0,1
320180852,1,2,3
320226413,1,0,1
320271791,1,3,4
320343799,1,0,1
320361389,1,0,1
320445957,1,0,1
320475654,1,0,1
320487586,1,0,1
320531479,1,0,1
320536361,1,0,1
320581121,1,2,3
320588325,1,0,1
320737012,1,0,1
320764163,1,0,1
320840934,1,0,1
320910540,1,0,1
320934665,1,0,1
321082871,1,9,10
321161871,1,0,1
321448437,1,0,1
321536860,1,0,1
321722199,1,0,1
321738992,1,0,1
321761384,1,0,1
321808050,1,0,1
321964501,1,0,1
322010071,1,1,2
322020543,1,0,1
322081123,1,0,1
322088560,1,0,1
322211070,1,0,1
322433558,1,2,3
322436484,1,0,1
322493917,1,0,1
322629769,1,0,1
322711016,1,0,1
322748291,1,0,1
322752668,1,0,1
322868425,1,0,1
322966404,1,0,1
322978655,1,4,5
322990288,1,0,1
323024295,1,0,1
323027322,1,0,1
323033586,1,0,1
323052074,1,0,1
323294768,1,0,1
323440005,1,0,1
323459523,1,0,1
323481433,1,0,1
323503408,1,0,1
323513388,1,0,1
323537375,1,0,1
323585228,1,0,1
323648894,1,0,1
323839080,1,1,2
323927095,1,0,1
323936341,1,0,1
323981895,1,0,1
324052285,1,0,1
324081719,1,0,1
324330397,1,1,2
324363969,1,1,2
324376022,1,16,17
324451889,1,0,1
324589036,1,0,1
324831635,1,6,7
324993685,1,25,26
325015093,1,0,1
325086564,1,2,3
325124630,1,0,1
325139852,1,2,3
325165126,1,7,8
325194605,1,0,1
325224983,1,1,2
325308158,1,0,1
325311998,1,0,1
325314653,1,1,2
325326206,1,0,1
325414795,1,0,1
325434012,1,0,1
325547395,1,0,1
325558225,1,0,1
325665436,1,0,1
325754557,1,0,1
325996119,1,0,1
326006771,1,3,4
326219276,1,0,1
326309847,1,0,1
326331130,1,0,1
326360024,1,0,1
326363158,1,0,1
326412173,1,8,9
326451243,1,0,1
326534863,1,0,1
326560603,1,5,6
326725211,1,0,1
326815839,1,0,1
326816818,1,0,1
327104262,1,0,1
327108430,1,1,2
327111989,1,0,1
327135316,1,0,1
327149000,1,0,1
327189011,1,0,1
327226763,1,0,1
327381081,1,0,1
327444846,1,0,1
327644498,1,37,38
327720880,1,0,1
327728018,1,0,1
327769909,1,0,1
327965868,1,0,1
327974877,1,0,1
328000878,1,0,1
328013133,1,0,1
328124841,1,0,1
328161017,1,0,1
328181354,1,1,2
328184941,1,0,1
328209091,1,23,24
328269522,1,0,1
328309473,1,0,1
328458128,1,0,1
328487218,1,0,1
328515911,1,0,1
328525439,1,0,1
328582359,1,0,1
328585707,1,0,1
328622406,1,0,1
328649475,1,0,1
328665240,1,0,1
328844693,1,3,4
328870469,1,0,1
328878512,1,0,1
328914261,1,0,1
329099920,1,0,1
329154926,1,0,1
329175293,1,0,1
329197812,1,0,1
329236251,1,0,1
329240945,1,0,1
329253114,1,0,1
329352762,1,0,1
329387899,1,1,2
329389862,1,0,1
329434171,1,0,1
329471497,1,0,1
329483776,1,0,1
329672285,1,0,1
329724745,1,0,1
329788601,1,2,3
329811848,1,1,2
329830704,1,2,3
329916009,1,0,1
329997197,1,0,1
330138339,1,24,25
330196856,1,0,1
330234803,1,0,1
330344088,1,0,1
330398768,1,19,20
330421281,1,0,1
330485862,1,0,1
330499833,1,0,1
330513534,1,0,1
330574021,1,1,2
330750228,1,0,1
330794830,1,1,2
331082317,1,0,1
331126870,1,0,1
331313205,1,0,1
331385373,1,0,1
331483885,1,0,1
331584972,1,9,10
331591571,1,0,1
331613723,1,0,1
331645566,1,0,1
331647395,1,0,1
331720602,1,0,1
331824237,1,0,1
331866902,1,0,1
331876861,1,0,1
331883484,1,0,1
331903071,1,0,1
331921914,1,0,1
331942284,1,0,1
331945592,1,1,2
331972325,1,0,1
331988415,1,0,1
331991898,1,0,1
332023066,1,0,1
332264734,1,0,1
332372849,1,0,1
332428171,1,0,1
332453452,1,0,1
332460823,1,0,1
332516996,1,0,1
332541190,1,0,1
332583281,1,0,1
332626214,1,0,1
332739810,1,0,1
332947260,1,4,5
333137036,1,0,1
333137934,1,0,1
333141226,1,17,18
333194905,1,0,1
333360826,1,0,1
333446491,1,0,1
333515601,1,0,1
333523921,1,0,1
333652061,1,0,1
333691569,1,0,1
333728166,1,0,1
333764595,1,1,2
333808242,1,0,1
333817463,1,2,3
333858252,1,0,1
333880777,1,0,1
334068241,1,0,1
334087520,1,0,1
334122579,1,0,1
334349982,1,0,1
334390100,1,0,1
334412798,1,0,1
334429950,1,0,1
334468906,1,0,1
334477424,1,0,1
334483437,1,0,1
334491019,1,0,1
334765767,1,0,1
334777508,1,0,1
334789487,1,13,14
334863843,1,0,1
334958809,1,2,3
334964629,1,0,1
335083717,1,0,1
335090557,1,11,12
335294921,1,0,1
335420083,1,0,1
335543574,1,0,1
335687018,1,0,1
336053893,1,0,1
336070087,1,0,1
336077103,1,0,1
336093727,1,0,1
336105291,1,6,7
336130457,1,3,4
336162205,1,0,1
336177046,1,0,1
336293275,1,3,4
336303286,1,0,1
336355580,1,0,1
336371114,1,0,1
336458153,1,1,2
336521643,1,7,8
336685348,1,0,1
336787300,1,0,1
336801194,1,6,7
336963601,1,0,1
337182162,1,0,1
337469809,1,0,1
337512815,1,0,1
337513725,1,0,1
337564411,1,0,1
337662486,1,0,1
337707805,1,4,5
337814390,1,0,1
337832775,1,0,1
337838535,1,0,1
337919526,1,0,1
337980345,1,0,1
337985481,1,0,1
338037930,1,3,4
338069983,1,0,1
338093272,1,1,2
338115767,1,0,1
338176306,1,2,3
338242347,1,0,1
338497604,1,0,1
338604053,1,1,2
338609893,1,0,1
338681128,1,1,2
338681181,1,1,2
338761770,1,0,1
338778662,1,0,1
339057012,1,0,1
339109827,1,0,1
339137803,1,0,1
339182006,1,0,1
339187646,1,0,1
339232255,1,0,1
339250681,1,0,1
339278740,1,0,1
339306432,1,0,1
339358015,1,0,1
339425674,1,1,2
339443969,1,0,1
339464142,1,0,1
339508985,1,0,1
339518550,1,0,1
339709790,1,0,1
339716510,1,0,1
339775143,1,0,1
339799190,1,0,1
339927438,1,0,1
339950746,1,0,1
340051771,1,0,1
340084012,1,0,1
340097425,1,0,1
340132130,1,0,1
340152279,1,0,1
340190969,1,0,1
340319046,1,0,1
340326586,1,3,4
340332672,1,0,1
340444048,1,0,1
340461414,1,0,1
340499901,1,5,6
340518511,1,5,6
340606505,1,0,1
340620760,1,0,1
340667339,1,0,1
340707165,1,0,1
341102882,1,0,1
341172121,1,3,4
341214275,1,0,1
341259728,1,0,1
341384767,1,0,1
341442516,1,0,1
341589523,1,0,1
341654914,1,0,1
341673946,1,0,1
341680511,1,0,1
341744476,1,1,2
341811938,1,3,4
341849303,1,0,1
341931500,1,4,5
341974036,1,1,2
342076466,1,0,1
342100939,1,0,1
342109957,1,0,1
342276310,1,0,1
342293893,1,0,1
342367975,1,0,1
342400293,1,0,1
342590024,1,0,1
342609242,1,0,1
342610268,1,0,1
342746039,1,1,2
342795033,1,4,5
342893331,1,26,27
342943558,1,1,2
342985824,1,0,1
343106719,1,0,1
343165846,1,0,1
343177767,1,0,1
343251837,1,0,1
343393456,1,0,1
343577780,1,0,1
343619274,1,0,1
343626708,1,1,2
343705109,1,0,1
343732577,1,0,1
343736636,1,0,1
343766414,1,0,1
343833611,1,0,1
343849601,1,0,1
343913791,1,31,32
343991767,1,6,7
344011051,1,9,10
344073844,1,0,1
344287178,1,2,3
344361464,1,0,1
344471499,1,0,1
344477870,1,0,1
344479379,1,0,1
344771532,1,1,2
344805898,1,0,1
344834909,1,0,1
344835352,1,0,1
344842879,1,0,1
344848697,1,0,1
344918312,1,0,1
344958602,1,0,1
344964888,1,0,1
345036542,1,0,1
345038818,1,0,1
345043235,1,0,1
345049836,1,0,1
345051943,1,0,1
345075357,1,1,2
345131107,1,0,1
345134734,1,14,15
345140069,1,0,1
345156771,1,0,1
345186113,1,0,1
345275528,1,1,2
345299892,1,0,1
345393358,1,1,2
345400919,1,0,1
345428637,1,0,1
345439173,1,0,1
345491351,1,1,2
345564376,1,0,1
345570651,1,0,1
345642379,1,0,1
345673913,1,0,1
345684795,1,1,2
345729676,1,0,1
345745135,1,0,1
345745234,1,1,2
345769801,1,0,1
345983663,1,0,1
346027631,1,0,1
346063756,1,0,1
346185701,1,0,1
346214948,1,0,1
346233086,1,0,1
346302035,1,0,1
346392320,1,0,1
346423848,1,3,4
346504535,1,0,1
346603767,1,0,1
346624233,1,0,1
346635221,1,0,1
346727379,1,0,1
346728114,1,0,1
346864026,1,0,1
346965788,1,0,1
346998270,1,1,2
347004794,1,0,1
347039559,1,1,2
347058376,1,0,1
347187901,1,0,1
347299406,1,1,2
347356289,1,0,1
347364301,1,35,36
347378617,1,0,1
347380064,1,0,1
347650967,1,9,10
347655714,1,0,1
347698346,1,0,1
348071775,1,0,1
348144125,1,0,1
348213222,1,0,1
348273607,1,0,1
348276098,1,18,19
348495523,1,0,1
348509790,1,0,1
348581211,1,0,1
348585493,1,1,2
348606448,1,0,1
348658250,1,0,1
348674113,1,8,9
348737821,1,0,1
348751158,1,0,1
348774888,1,0,1
348784963,1,0,1
348799891,1,0,1
348816608,1,0,1
348820641,1,1,2
348843207,1,0,1
348844072,1,0,1
348847011,1,0,1
348868771,1,1,2
348876207,1,5,6
348888459,1,0,1
348922533,1,0,1
348998306,1,1,2
349052097,1,0,1
349074650,1,0,1
349128307,1,1,2
349185776,1,0,1
349210460,1,1,2
349216659,1,0,1
349296243,1,0,1
349327826,1,0,1
349344646,1,0,1
349433219,1,0,1
349555564,1,0,1
349684570,1,0,1
349784188,1,0,1
349831649,1,0,1
349851265,1,0,1
349859689,1,0,1
349893588,1,1,2
349899766,1,0,1
349977397,1,0,1
350037761,1,0,1
350047058,1,19,20
350380248,1,0,1
350479244,1,0,1
350541771,1,0,1
350598917,1,0,1
350601147,1,2,3
350616605,1,0,1
350623816,1,0,1
350651284,1,0,1
350669765,1,0,1
350681524,1,0,1
350719289,1,0,1
350746547,1,8,9
350754709,1,0,1
350810955,1,0,1
350861914,1,0,1
350880677,1,0,1
350998154,1,0,1
350998176,1,14,15
351013921,1,0,1
351058351,1,0,1
351150129,1,0,1
351308590,1,0,1
351365319,1,0,1
351383442,1,1,2
351404662,1,0,1
351411435,1,2,3
351651052,1,1,2
351872594,1,2,3
351885967,1,0,1
351973957,1,3,4
352021830,1,1,2
352094180,1,5,6
352098875,1,0,1
352229235,1,0,1
352433892,1,0,1
352564011,1,0,1
352613894,1,2,3
352770433,1,0,1
352778487,1,0,1
352865030,1,0,1
352976493,1,0,1
352984129,1,1,2
353022633,1,4,5
353053596,1,0,1
353138274,1,0,1
353179077,1,1,2
353244763,1,1,2
353276968,1,0,1
353307069,1,0,1
353328781,1,0,1
353345310,1,0,1
353405696,1,2,3
353416611,1,0,1
353494520,1,0,1
353506752,1,2,3
353559810,1,0,1
353602229,1,0,1
353710127,1,0,1
353749879,1,0,1
354046451,1,0,1
354067485,1,0,1
354123071,1,0,1
354162870,1,0,1
354302959,1,1,2
354323495,1,13,14
354411860,1,0,1
354609847,1,0,1
354636141,1,2,3
354643968,1,0,1
354685287,1,0,1
355012948,1,2,3
355295146,1,0,1
355295957,1,3,4
355332420,1,0,1
355383499,1,0,1
355395464,1,1,2
355425521,1,0,1
355490927,1,0,1
355575119,1,0,1
355650488,1,0,1
355712809,1,0,1
355740487,1,2,3
355838648,1,1,2
355918876,1,0,1
355946516,1,0,1
355947205,1,0,1
356189242,1,0,1
356275500,1,0,1
356302373,1,7,8
356320338,1,0,1
356403720,1,0,1
356406876,1,0,1
356448152,1,0,1
356572427,1,0,1
356617838,1,0,1
356636365,1,0,1
356640949,1,0,1
356650623,1,0,1
356859394,1,20,21
356875331,1,0,1
357022781,1,0,1
357045885,1,0,1
357077881,1,0,1
357096060,1,0,1
357110377,1,2,3
357132949,1,1,2
357207035,1,0,1
357210087,1,0,1
357356617,1,0,1
357480513,1,0,1
357625948,1,5,6
357639699,1,2,3
357846022,1,1,2
357880441,1,0,1
357910024,1,0,1
357944072,1,0,1
357964649,1,3,4
357976649,1,0,1
357978762,1,0,1
358100065,1,0,1
358203746,1,0,1
358224885,1,0,1
358404527,1,0,1
358432869,1,7,8
358443709,1,2,3
358534436,1,0,1
358551514,1,0,1
358881520,1,0,1
358887334,1,0,1
358956885,1,0,1
359000293,1,0,1
359005156,1,0,1
359048698,1,0,1
359050579,1,0,1
359056239,1,0,1
359504780,1,0,1
359534640,1,1,2
359550805,1,0,1
359590742,1,0,1
359597581,1,0,1
359666922,1,0,1
359690061,1,4,5
359691195,1,0,1
359694097,1,0,1
359836904,1,0,1
359848396,1,0,1
359923590,1,29,30
360007466,1,0,1
360183119,1,0,1
360228506,1,0,1
360301620,1,0,1
360340123,1,0,1
360551248,1,0,1
360834645,1,0,1
360860210,1,0,1
361009672,1,0,1
361030487,1,9,10
361078124,1,9,10
361185707,1,0,1
361259063,1,0,1
361281354,1,0,1
361490629,1,0,1
361542894,1,0,1
361544024,1,0,1
361559020,1,0,1
361584433,1,2,3
361608632,1,0,1
361747326,1,2,3
361818540,1,1,2
362147857,1,0,1
362178749,1,0,1
362188621,1,0,1
362262713,1,0,1
362264486,1,3,4
362278729,1,1,2
362304241,1,0,1
362364103,1,0,1
362379718,1,0,1
362457180,1,0,1
362530912,1,0,1
362735406,1,2,3
362770218,1,0,1
362898968,1,0,1
362976156,1,0,1
363108319,1,5,6
363125155,1,0,1
363136639,1,0,1
363322414,1,0,1
363380552,1,0,1
363476475,1,2,3
363726985,1,0,1
363893840,1,0,1
363970472,1,0,1
364034254,1,0,1
364034447,1,0,1
364057579,1,0,1
364074540,1,0,1
364231820,1,0,1
364309124,1,0,1
364312931,1,1,2
364574679,1,0,1
364589145,1,0,1
364629796,1,0,1
364689448,1,0,1
364855696,1,0,1
365045293,1,0,1
365165135,1,0,1
365230211,1,0,1
365239070,1,0,1
365247829,1,0,1
365271596,1,0,1
365276791,1,0,1
365333310,1,0,1
365441202,1,0,1
365477048,1,0,1
365488806,1,0,1
365492456,1,12,13
365625014,1,0,1
365678797,1,0,1
365770683,1,0,1
365804195,1,3,4
365891102,1,1,2
366023549,1,3,4
366068102,1,0,1
366189323,1,0,1
366191955,1,0,1
366198672,1,2,3
366216510,1,0,1
366227725,1,0,1
366356839,1,0,1
366445886,1,0,1
366476245,1,0,1
366766267,1,0,1
366939894,1,0,1
366943003,1,19,20
366978548,1,1,2
367005180,1,0,1
367131160,1,0,1
367161820,1,0,1
367186898,1,0,1
367261921,1,0,1
367315791,1,0,1
367482974,1,0,1
367486716,1,0,1
367498881,1,0,1
367625184,1,0,1
367777578,1,0,1
367792486,1,0,1
367819216,1,0,1
367884270,1,0,1
367885022,1,1,2
367925884,1,0,1
368017030,1,0,1
368085418,1,7,8
368092319,1,0,1
368137707,1,0,1
368168099,1,2,3
368192278,1,1,2
368367509,1,0,1
368373115,1,0,1
368432761,1,0,1
368433206,1,1,2
368482835,1,2,3
368545928,1,0,1
368554418,1,1,2
368604012,1,0,1
368634169,1,0,1
368667857,1,0,1
368733448,1,0,1
368735686,1,0,1
368751986,1,1,2
368957786,1,0,1
369122626,1,0,1
369174743,1,0,1
369277009,1,0,1
369299069,1,0,1
369419443,1,0,1
369459091,1,0,1
369598329,1,0,1
369615035,1,2,3
369652026,1,0,1
369768332,1,20,21
369774608,1,0,1
369855354,1,0,1
370119556,1,0,1
370454046,1,7,8
370511296,1,0,1
370528877,1,0,1
370561261,1,0,1
370946633,1,0,1
370951200,1,2,3
371045058,1,0,1
371050325,1,0,1
371069341,1,8,9
371137369,1,0,1
371221937,1,0,1
371270642,1,0,1
371380836,1,0,1
371392608,1,0,1
371437601,1,0,1
371472670,1,0,1
371482880,1,2,3
371495430,1,0,1
371593978,1,0,1
371646780,1,0,1
371654048,1,1,2
371864433,1,242,243
371940546,1,0,1
371953577,1,0,1
372022309,1,1,2
372043962,1,0,1
372055424,1,1,2
372293211,1,0,1
372293349,1,0,1
372373392,1,0,1
372533915,1,0,1
372536101,1,1,2
372547704,1,0,1
372558886,1,0,1
372596657,1,58,59
372607995,1,0,1
372689668,1,10,11
372763011,1,0,1
372872290,1,0,1
372982499,1,0,1
372992455,1,0,1
373072904,1,3,4
373131001,1,0,1
373141513,1,2,3
373305440,1,0,1
373339107,1,0,1
373385530,1,0,1
373493038,1,0,1
373533486,1,8,9
373564351,1,5,6
373573632,1,0,1
373591086,1,0,1
373624350,1,0,1
373640680,1,3,4
373653718,1,0,1
373662988,1,0,1
373729429,1,1,2
373934991,1,0,1
374071150,1,0,1
374104962,1,3,4
374240792,1,5,6
374299998,1,0,1
374314417,1,0,1
374327063,1,15,16
374413913,1,0,1
374506072,1,0,1
374634685,1,0,1
374703448,1,0,1
374789604,1,0,1
374824552,1,0,1
374912996,1,0,1
374919767,1,0,1
374997769,1,0,1
375097230,1,0,1
375275232,1,0,1
375283843,1,0,1
375403627,1,0,1
375454975,1,0,1
375473165,1,0,1
375473747,1,0,1
375515321,1,0,1
375694853,1,0,1
375745438,1,0,1
375757315,1,0,1
375772899,1,0,1
375809866,1,0,1
375814270,1,1,2
375885941,1,0,1
375895295,1,0,1
375918793,1,0,1
375936112,1,2,3
375958560,1,0,1
375970056,1,3,4
376000912,1,0,1
376018100,1,0,1
376023464,1,1,2
376330895,1,7,8
376350321,1,0,1
376360709,1,0,1
376368318,1,1,2
376558834,1,3,4
376711992,1,0,1
377230919,1,0,1
377243387,1,0,1
377326583,1,0,1
377417073,1,0,1
377465952,1,0,1
377549304,1,0,1
377613982,1,0,1
377626072,1,0,1
377658566,1,0,1
377662931,1,0,1
377699543,1,0,1
377747781,1,0,1
377770115,1,0,1
377778958,1,7,8
377779515,1,0,1
377797120,1,0,1
377803487,1,0,1
378123228,1,2,3
378202699,1,0,1
378223394,1,0,1
378242163,1,1,2
378283990,1,0,1
378312737,1,1,2
378350988,1,0,1
378355314,1,0,1
378528717,1,0,1
378763824,1,0,1
378796071,1,0,1
378853174,1,0,1
378907573,1,0,1
378952385,1,0,1
378967325,1,0,1
378971589,1,0,1
378971921,1,0,1
378992300,1,0,1
379142804,1,0,1
379225042,1,7,8
379328978,1,0,1
379400351,1,0,1
379433842,1,0,1
379456907,1,0,1
379457099,1,2,3
379478675,1,0,1
379509291,1,0,1
379890280,1,0,1
380004722,1,0,1
380024432,1,0,1
380060155,1,10,11
380087033,1,0,1
380155012,1,0,1
380155452,1,0,1
380371763,1,0,1
380390554,1,1,2
380485171,1,1,2
380582277,1,0,1
380590516,1,0,1
380601843,1,0,1
380626297,1,0,1
380626696,1,0,1
380659758,1,0,1
380674967,1,1,2
380718806,1,0,1
380832485,1,0,1
380884761,1,0,1
380925009,1,0,1
380956057,1,0,1
381016446,1,2,3
381054502,1,16,17
381111087,1,0,1
381153066,1,0,1
381197281,1,0,1
381204778,1,0,1
381210241,1,0,1
381228910,1,0,1
381296668,1,0,1
381309954,1,0,1
381312482,1,0,1
381524068,1,0,1
381549497,1,0,1
381715099,1,0,1
381717264,1,0,1
381724755,1,0,1
381776419,1,0,1
381779920,1,0,1
381793391,1,1,2
381793641,1,0,1
381809023,1,0,1
381864284,1,0,1
381885825,1,0,1
381903901,1,0,1
381929213,1,0,1
382001518,1,0,1
382232554,1,0,1
382266630,1,0,1
382280140,1,0,1
382285647,1,0,1
382290824,1,0,1
382346717,1,0,1
382359163,1,0,1
382437021,1,0,1
382438357,1,1,2
382651379,1,0,1
382707745,1,0,1
382787622,1,0,1
382877147,1,0,1
382945665,1,0,1
383196706,1,0,1
383303182,1,0,1
383804081,1,0,1
383891309,1,0,1
384007261,1,0,1
384067924,1,4,5
384127947,1,0,1
384209319,1,0,1
384447735,1,3,4
384477439,1,0,1
384481484,1,0,1
384573928,1,0,1
384635467,1,0,1
384639218,1,1,2
384669092,1,0,1
384695895,1,0,1
384728194,1,2,3
384743193,1,0,1
384861951,1,0,1
384872360,1,0,1
384883666,1,0,1
384898536,1,0,1
385005398,1,1,2
385045733,1,2,3
385117198,1,2,3
385129931,1,0,1
385148875,1,0,1
385198325,1,0,1
385402810,1,0,1
385652976,1,0,1
385678932,1,0,1
385687829,1,0,1
385694766,1,0,1
385722608,1,0,1
385925051,1,0,1
385977332,1,4,5
386022683,1,0,1
386026832,1,27,28
386148012,1,16,17
386190778,1,5,6
386317611,1,0,1
386348146,1,0,1
386473601,1,0,1
386563872,1,16,17
386659067,1,0,1
386794821,1,0,1
386802986,1,0,1
386873590,1,1,2
386895887,1,1,2
386914622,1,0,1
387065013,1,0,1
387084669,1,0,1
387183085,1,0,1
387263979,1,0,1
387272925,1,0,1
387384423,1,0,1
387407567,1,2,3
387448671,1,0,1
387527691,1,0,1
387552721,1,0,1
387573416,1,0,1
387600165,1,11,12
387667189,1,0,1
387728379,1,11,12
387813776,1,0,1
387845056,1,0,1
387876936,1,4,5
387986600,1,0,1
388006092,1,0,1
388015488,1,0,1
388083379,1,0,1
388125842,1,0,1
388177953,1,0,1
388283486,1,0,1
388410299,1,0,1
388479343,1,8,9
388509978,1,0,1
388591557,1,0,1
388633428,1,104,105
388644214,1,0,1
388652893,1,0,1
388664756,1,1,2
388942337,1,0,1
389101095,1,1,2
389218284,1,5,6
389219984,1,1,2
389225891,1,0,1
389236116,1,3,4
389236289,1,0,1
389244855,1,0,1
389265865,1,0,1
389401683,1,0,1
389440116,1,0,1
389500414,1,0,1
389500604,1,0,1
389585313,1,0,1
389734036,1,0,1
389738857,1,0,1
389769403,1,0,1
389772212,1,0,1
389813793,1,1,2
389830731,1,0,1
389838528,1,0,1
389838823,1,5,6
389853466,1,0,1
389862087,1,1,2
389868554,1,0,1
389881023,1,0,1
390188367,1,1,2
390196178,1,1,2
390214973,1,0,1
390354256,1,0,1
390406793,1,2,3
390456846,1,2,3
390463675,1,0,1
390463837,1,0,1
390501666,1,0,1
390515761,1,0,1
390518266,1,0,1
390626775,1,1,2
390631206,1,0,1
390704970,1,0,1
390804804,1,0,1
390912788,1,0,1
390914510,1,10,11
390918963,1,0,1
391111980,1,0,1
391326180,1,1,2
391414658,1,0,1
391616623,1,9,10
391669236,1,0,1
391811388,1,0,1
391844137,1,0,1
392087391,1,0,1
392094086,1,1,2
392105902,1,0,1
392217281,1,0,1
392238808,1,0,1
392263004,1,0,1
392342654,1,0,1
392362750,1,1,2
392398746,1,3,4
392420400,1,1,2
392475378,1,0,1
392519973,1,0,1
392680872,1,0,1
392731985,1,0,1
392756226,1,0,1
392822551,1,0,1
392878552,1,0,1
392903474,1,0,1
392954840,1,0,1
393019104,1,0,1
393048602,1,0,1
393059716,1,0,1
393070931,1,2,3
393072863,1,0,1
393183131,1,0,1
393277954,1,0,1
393325107,1,0,1
393510923,1,0,1
393583393,1,0,1
393625359,1,0,1
393640431,1,0,1
393685943,1,1,2
393750645,1,1,2
393765134,1,0,1
393771822,1,1,2
393773752,1,0,1
393783701,1,0,1
393795446,1,0,1
393837571,1,15,16
393858940,1,6,7
394145272,1,0,1
394147560,1,0,1
394170444,1,1,2
394196827,1,0,1
394221567,1,1,2
394224037,1,0,1
394384166,1,0,1
394453355,1,0,1
394466622,1,4,5
394900362,1,0,1
394909311,1,0,1
394940909,1,0,1
394961572,1,0,1
394962128,1,0,1
394993470,1,0,1
395023502,1,0,1
395074527,1,11,12
395122695,1,0,1
395304226,1,2,3
395438164,1,0,1
395617911,1,0,1
395710220,1,0,1
395720570,1,0,1
395844583,1,0,1
395945919,1,0,1
395996468,1,0,1
396036120,1,2,3
396113134,1,0,1
396135050,1,0,1
396136156,1,0,1
396148023,1,10,11
396162283,1,0,1
396275287,1,0,1
396292392,1,2,3
396296970,1,0,1
396608522,1,0,1
396651716,1,0,1
396680419,1,0,1
396740319,1,1,2
396906520,1,0,1
396919331,1,0,1
396941761,1,0,1
396977165,1,0,1
397314194,1,0,1
397336114,1,0,1
397378873,1,0,1
397463881,1,0,1
397494703,1,13,14
397505195,1,0,1
397610485,1,0,1
397767373,1,0,1
398163602,1,0,1
398293420,1,0,1
398316763,1,0,1
398404442,1,0,1
398411515,1,0,1
398480281,1,0,1
399117497,1,5,6
399124853,1,0,1
399175789,1,1,2
399203483,1,0,1
399479421,1,18,19
399596991,1,1,2
399637451,1,0,1
399763037,1,0,1
399769421,1,0,1
400132178,1,0,1
400212386,1,0,1
400231913,1,0,1
400249644,1,0,1
400257066,1,0,1
400296522,1,0,1
400360169,1,5,6
400404032,1,0,1
400438678,1,0,1
400843175,1,0,1
400911272,1,0,1
400940984,1,0,1
400946737,1,0,1
401110679,1,0,1
401137733,1,0,1
401160964,1,0,1
401282064,1,0,1
401445464,1,0,1
401449297,1,0,1
401456246,1,0,1
401670237,1,0,1
401688772,1,0,1
401742937,1,5,6
401830190,1,0,1
401843668,1,0,1
401847894,1,2,3
401963055,1,0,1
402051329,1,0,1
402271995,1,0,1
402321276,1,0,1
402423581,1,1,2
402508753,1,0,1
402873103,1,0,1
402879955,1,0,1
402986104,1,0,1
403016154,1,5,6
403072745,1,1,2
403084593,1,0,1
403105950,1,0,1
403147497,1,0,1
403369351,1,0,1
403470749,1,1,2
403509817,1,0,1
403537746,1,0,1
403567856,1,0,1
403587573,1,3,4
403652763,1,0,1
403760604,1,0,1
403786913,1,5,6
403842344,1,0,1
403975290,1,3,4
404109105,1,0,1
404161455,1,0,1
404191976,1,0,1
404237796,1,0,1
404263395,1,0,1
404266157,1,0,1
404280316,1,0,1
404352003,1,0,1
404377138,1,0,1
404448011,1,0,1
404552390,1,0,1
404641264,1,0,1
404665403,1,0,1
404677909,1,4,5
404961794,1,1,2
405024139,1,0,1
405035648,1,0,1
405048954,1,0,1
405088752,1,0,1
405098776,1,0,1
405105756,1,0,1
405238956,1,0,1
405740335,1,0,1
405756677,1,2,3
405925045,1,0,1
405979190,1,0,1
405981722,1,2,3
406085102,1,6,7
406106291,1,0,1
406419800,1,0,1
406530891,1,0,1
406565704,1,0,1
406586751,1,0,1
406591782,1,1,2
406616566,1,1,2
406652595,1,0,1
406688138,1,0,1
406700691,1,0,1
406794648,1,0,1
406850093,1,0,1
406901233,1,0,1
406908349,1,1,2
406934469,1,0,1
407064154,1,0,1
407091772,1,5,6
407153412,1,0,1
407156725,1,0,1
407411497,1,0,1
407440492,1,0,1
407458445,1,0,1
407475101,1,0,1
407766846,1,0,1
407844567,1,0,1
407918013,1,0,1
408066026,1,1,2
408091224,1,0,1
408129717,1,0,1
408138631,1,1,2
408139899,1,14,15
408321258,1,0,1
408451327,1,0,1
408569295,1,15,16
408570531,1,3,4
408653642,1,0,1
408846697,1,0,1
408906528,1,1,2
408930799,1,1,2
409079688,1,0,1
409322091,1,0,1
409348400,1,0,1
409390451,1,1,2
409559685,1,0,1
409600225,1,3,4
409606580,1,0,1
409655126,1,0,1
410165667,1,0,1
410213228,1,0,1
410330847,1,0,1
410373823,1,0,1
410377862,1,0,1
410472318,1,1,2
410491220,1,1,2
410568939,1,0,1
410749628,1,0,1
411005307,1,0,1
411063496,1,0,1
411096374,1,0,1
411096612,1,0,1
411149313,1,0,1
411156968,1,0,1
411159608,1,0,1
411177940,1,0,1
411221397,1,0,1
411284773,1,0,1
411645768,1,0,1
411652446,1,0,1
411653598,1,0,1
411738965,1,0,1
411750941,1,0,1
411835594,1,0,1
411866306,1,0,1
411896496,1,0,1
411911019,1,0,1
411942934,1,0,1
411956525,1,0,1
412021808,1,0,1
412022731,1,0,1
412247563,1,0,1
412253623,1,0,1
412283744,1,0,1
412343028,1,32,33
412448035,1,2,3
412450422,1,0,1
412465069,1,0,1
412478040,1,0,1
412478314,1,0,1
412512214,1,0,1
412565234,1,1,2
412585212,1,0,1
412632120,1,0,1
412641236,1,6,7
412657985,1,0,1
412685577,1,0,1
412698565,1,1,2
412708889,1,0,1
412773248,1,0,1
412888233,1,0,1
412918693,1,0,1
413035473,1,0,1
413178104,1,0,1
413287515,1,0,1
413343110,1,0,1
413398638,1,0,1
413399704,1,0,1
413515673,1,0,1
413529976,1,12,13
413596013,1,1,2
413604321,1,0,1
413635226,1,0,1
413653507,1,0,1
413660239,1,1,2
413672240,1,0,1
413674207,1,0,1
413752616,1,0,1
413998222,1,0,1
414010550,1,0,1
414027389,1,0,1
414049378,1,0,1
414129530,1,0,1
414187483,1,0,1
414236244,1,0,1
414261170,1,0,1
414326930,1,0,1
414329713,1,0,1
414427177,1,1,2
414457314,1,0,1
414482455,1,0,1
414514378,1,0,1
414525639,1,0,1
414699283,1,0,1
414732970,1,0,1
414761506,1,0,1
414762385,1,1,2
414853156,1,1,2
414958220,1,0,1
414962189,1,8,9
415049241,1,0,1
415089873,1,14,15
415096339,1,0,1
415105535,1,0,1
415119628,1,0,1
415214656,1,2,3
415242491,1,2,3
415246554,1,0,1
415474076,1,0,1
415572541,1,1,2
415876512,1,0,1
415882402,1,0,1
415951838,1,0,1
415973220,1,2,3
415977298,1,3,4
416051069,1,0,1
416182599,1,0,1
416374246,1,0,1
416385245,1,0,1
416620544,1,0,1
416635867,1,0,1
416682922,1,0,1
416701027,1,17,18
416718873,1,0,1
416774839,1,0,1
416795275,1,0,1
417125834,1,1,2
417129567,1,0,1
417410252,1,0,1
417539409,1,0,1
417547191,1,0,1
417549927,1,1,2
417558241,1,0,1
417587465,1,0,1
417606167,1,1,2
417607687,1,0,1
417649013,1,0,1
417672859,1,1,2
417767675,1,1,2
417885373,1,0,1
418219136,1,0,1
418222116,1,0,1
418274833,1,0,1
418354664,1,1,2
418378973,1,0,1
418389641,1,9,10
418424443,1,0,1
418440964,1,0,1
418937985,1,0,1
418951802,1,0,1
418984552,1,0,1
419099217,1,0,1
419120526,1,0,1
419186888,1,0,1
419199177,1,2,3
419251613,1,0,1
419266591,1,1,2
419320475,1,2,3
419461773,1,0,1
419526681,1,0,1
419606586,1,0,1
419633768,1,0,1
419739609,1,22,23
419782079,1,0,1
419951447,1,8,9
419988663,1,0,1
420040172,1,0,1
420087425,1,0,1
420096811,1,0,1
420158340,1,0,1
420440460,1,0,1
420446172,1,0,1
420730517,1,10,11
420866889,1,0,1
420984347,1,0,1
421152181,1,0,1
421353490,1,0,1
421382559,1,0,1
421455301,1,0,1
421509275,1,0,1
421844945,1,0,1
421867501,1,0,1
421971443,1,0,1
422007048,1,0,1
422016533,1,30,31
422152578,1,0,1
422231518,1,0,1
422250416,1,0,1
422295842,1,0,1
422320204,1,0,1
422321219,1,0,1
422733708,1,0,1
422791894,1,0,1
422979134,1,0,1
422983086,1,0,1
422990312,1,0,1
423073455,1,0,1
423146352,1,0,1
423156918,1,0,1
423203383,1,0,1
423585641,1,0,1
423619106,1,0,1
423667636,1,1,2
423674655,1,0,1
423677730,1,1,2
423722290,1,0,1
423767216,1,0,1
423801683,1,0,1
423810046,1,0,1
423833347,1,0,1
423896495,1,1,2
423908947,1,0,1
423910527,1,0,1
423912101,1,0,1
423970161,1,0,1
424210801,1,9,10
424231159,1,0,1
424238803,1,0,1
424320462,1,0,1
424579970,1,1,2
424726650,1,0,1
424730006,1,4,5
424906212,1,0,1
424958683,1,0,1
425247511,1,0,1
425284396,1,0,1
425291835,1,0,1
425331219,1,0,1
425437376,1,0,1
425441056,1,0,1
425449619,1,0,1
425481408,1,0,1
425846518,1,2,3
426013739,1,0,1
426127663,1,0,1
426143531,1,0,1
426200369,1,0,1
426217105,1,0,1
426225236,1,0,1
426279402,1,0,1
426287605,1,0,1
426291371,1,0,1
426368187,1,0,1
426401279,1,1,2
426641910,1,1,2
426706200,1,0,1
426713083,1,0,1
426739685,1,0,1
426825447,1,0,1
426898838,1,0,1
426948942,1,0,1
427036686,1,0,1
427077633,1,0,1
427098581,1,0,1
427130650,1,0,1
427148150,1,0,1
427156771,1,0,1
427201752,1,0,1
427526292,1,0,1
427541105,1,17,18
427699589,1,2,3
427746843,1,1,2
427759141,1,0,1
427769433,1,0,1
427855590,1,0,1
427861368,1,0,1
427878481,1,0,1
427879442,1,0,1
427891370,1,0,1
427916595,1,1,2
428181970,1,0,1
428332685,1,0,1
428372596,1,0,1
428455083,1,0,1
428467437,1,0,1
428479737,1,0,1
428483212,1,0,1
428519411,1,0,1
428553286,1,0,1
428588368,1,0,1
428638836,1,0,1
428645771,1,0,1
428697182,1,0,1
428713538,1,1,2
428720114,1,4,5
428742372,1,0,1
429020640,1,0,1
429042925,1,0,1
429419431,1,0,1
429480306,1,0,1
429502447,1,0,1
429514504,1,0,1
429958290,1,10,11
429997023,1,0,1
430046235,1,0,1
430155437,1,0,1
430157414,1,0,1
430213428,1,0,1
430234234,1,0,1
430377965,1,0,1
430389844,1,0,1
430399569,1,0,1
430439152,1,0,1
430462118,1,0,1
430777761,1,3,4
430883294,1,0,1
430978466,1,2,3
430996272,1,0,1
430999947,1,0,1
431029719,1,0,1
431032614,1,0,1
431056105,1,0,1
431072335,1,0,1
431074892,1,0,1
431081568,1,0,1
431094962,1,0,1
431136380,1,0,1
431151963,1,0,1
431170638,1,0,1
431214016,1,0,1
431241903,1,10,11
431719534,1,0,1
431987899,1,0,1
432075617,1,0,1
432166104,1,2,3
432334811,1,0,1
432392198,1,0,1
432495804,1,0,1
432959860,1,0,1
433034888,1,2,3
433164496,1,0,1
433178437,1,0,1
433361035,1,0,1
433383738,1,0,1
433534915,1,0,1
433540701,1,0,1
433563989,1,0,1
433587087,1,0,1
433598722,1,0,1
433599645,1,68,69
433657594,1,0,1
433666417,1,0,1
433716609,1,0,1
433734946,1,0,1
433735204,1,0,1
433754475,1,0,1
433789612,1,0,1
433811299,1,0,1
433819546,1,0,1
433820631,1,0,1
433961416,1,0,1
433986251,1,0,1
433998565,1,0,1
434028010,1,0,1
434467801,1,1,2
434485725,1,2,3
434556905,1,0,1
434569485,1,0,1
434621274,1,0,1
434626652,1,5,6
434653934,1,1,2
434681043,1,0,1
434759376,1,0,1
434859977,1,0,1
434882698,1,0,1
434903120,1,0,1
434927833,1,0,1
435068664,1,0,1
435156592,1,0,1
435276387,1,1,2
435288584,1,0,1
435288692,1,0,1
435317145,1,1,2
435365335,1,0,1
435423089,1,0,1
435431947,1,0,1
435486317,1,0,1
435619278,1,14,15
435853580,1,0,1
436032031,1,0,1
436033956,1,0,1
436050850,1,0,1
436106053,1,0,1
436126565,1,0,1
436151280,1,2,3
436237255,1,1,2
436343562,1,0,1
436351349,1,4,5
436395260,1,0,1
436407665,1,0,1
436431804,1,1,2
436758636,1,0,1
436828680,1,0,1
436877128,1,2,3
437102167,1,0,1
437153190,1,0,1
437182404,1,0,1
437213695,1,0,1
437223803,1,4,5
437900106,1,0,1
437948048,1,0,1
437957450,1,0,1
437973381,1,0,1
437991696,1,0,1
437995483,1,0,1
438013170,1,0,1
438021838,1,0,1
438022448,1,0,1
438034598,1,6,7
438045199,1,0,1
438092905,1,0,1
438159563,1,0,1
438192594,1,1,2
438207990,1,1,2
438213306,1,5,6
438298098,1,0,1
438343543,1,1,2
438564603,1,0,1
438716873,1,0,1
438733125,1,0,1
438830613,1,1,2
438842492,1,0,1
438843965,1,20,21
439457849,1,2,3
439523292,1,0,1
439563352,1,1,2
439607640,1,0,1
439607821,1,0,1
439644618,1,0,1
439712808,1,0,1
440259859,1,0,1
440283269,1,0,1
440348129,1,0,1
440456414,1,0,1
440523471,1,8,9
440536587,1,0,1
440587652,1,0,1
440707033,1,0,1
440854388,1,1,2
441011532,1,10,11
441182470,1,0,1
441310213,1,0,1
441366496,1,0,1
441412211,1,0,1
441572163,1,0,1
441732577,1,0,1
442096929,1,0,1
442099361,1,0,1
442113642,1,0,1
442153586,1,5,6
442311995,1,0,1
442421809,1,0,1
442453209,1,0,1
442500780,1,0,1
442573012,1,0,1
442838722,1,3,4
442847397,1,1,2
442954816,1,0,1
443078259,1,2,3
443199063,1,1,2
443251758,1,0,1
443268393,1,0,1
443295480,1,0,1
443301260,1,0,1
443349273,1,9,10
443359368,1,0,1
443409869,1,0,1
443422725,1,1,2
443431297,1,0,1
443484749,1,0,1
443790460,1,0,1
444163892,1,0,1
444190880,1,0,1
444199029,1,0,1
444239012,1,2,3
444240716,1,0,1
444242700,1,0,1
444264858,1,1,2
444306375,1,0,1
444307400,1,0,1
444373558,1,5,6
444494191,1,0,1
444534532,1,2,3
444801223,1,0,1
444824513,1,0,1
444864956,1,0,1
444871805,1,0,1
445090859,1,4,5
445118346,1,3,4
445203216,1,0,1
445231892,1,0,1
445238104,1,0,1
445306735,1,0,1
445798959,1,0,1
445813829,1,2,3
445825188,1,0,1
445871011,1,0,1
445898049,1,0,1
445960228,1,0,1
445988384,1,0,1
446482970,1,0,1
446567152,1,0,1
446608224,1,0,1
446636842,1,0,1
446682274,1,1,2
446692633,1,0,1
446711783,1,0,1
446753357,1,0,1
446770722,1,0,1
446845424,1,0,1
446921977,1,0,1
447245252,1,0,1
447247405,1,0,1
447285774,1,0,1
447404558,1,0,1
447422941,1,0,1
447440226,1,0,1
447501865,1,0,1
447589871,1,0,1
447756718,1,0,1
447815795,1,0,1
447908937,1,0,1
447976966,1,0,1
448012665,1,1,2
448346927,1,1,2
448379342,1,0,1
448563006,1,0,1
448583651,1,0,1
448597174,1,0,1
448984349,1,9,10
448995450,1,0,1
449125746,1,0,1
449202333,1,0,1
449246025,1,1,2
449348652,1,1,2
449358826,1,0,1
449364390,1,0,1
449381662,1,0,1
449398966,1,0,1
449451484,1,8,9
449707583,1,0,1
449898337,1,0,1
449918321,1,1,2
449996115,1,0,1
450028867,1,0,1
450232581,1,0,1
450269128,1,0,1
450306949,1,1,2
450383427,1,0,1
450413786,1,0,1
450931864,1,0,1
451048368,1,58,59
451267719,1,2,3
451614839,1,5,6
451657323,1,0,1
451658910,1,0,1
451758078,1,0,1
451803478,1,0,1
451824836,1,0,1
451838763,1,0,1
451857422,1,0,1
451878763,1,0,1
451925816,1,1,2
451938018,1,0,1
451953435,1,0,1
451967996,1,0,1
452255192,1,1,2
452302481,1,0,1
452388345,1,3,4
452560460,1,0,1
452572233,1,0,1
452589580,1,0,1
452629948,1,0,1
452667963,1,0,1
452702944,1,0,1
452753341,1,0,1
452781706,1,0,1
452804798,1,0,1
453085305,1,0,1
453286696,1,0,1
453290743,1,0,1
453328842,1,0,1
453403949,1,0,1
453445348,1,0,1
453454007,1,5,6
453468498,1,0,1
453473029,1,2,3
453484260,1,1,2
453581304,1,0,1
453610884,1,0,1
453638618,1,0,1
453647419,1,22,23
453662658,1,0,1
453682387,1,0,1
453769632,1,0,1
454038991,1,0,1
454078919,1,0,1
454118850,1,1,2
454146824,1,0,1
454165932,1,0,1
454261283,1,0,1
454554784,1,0,1
454561998,1,9,10
454571514,1,5,6
454600944,1,0,1
454737080,1,0,1
454823962,1,0,1
454937485,1,0,1
455029743,1,0,1
455114369,1,0,1
455198636,1,0,1
455288130,1,2,3
455314129,1,0,1
455324158,1,0,1
455403788,1,0,1
455407176,1,2,3
455420356,1,0,1
455764826,1,1,2
455906676,1,8,9
455957400,1,10,11
456078608,1,0,1
456097390,1,0,1
456140824,1,0,1
456248396,1,0,1
456275583,1,0,1
456291006,1,0,1
456356216,1,0,1
456359171,1,0,1
456372394,1,0,1
456627114,1,5,6
456636296,1,0,1
456641123,1,0,1
456729830,1,0,1
456741388,1,0,1
456761281,1,1,2
456918633,1,0,1
456940663,1,0,1
456958503,1,0,1
457027063,1,0,1
457033984,1,7,8
457034517,1,0,1
457121458,1,4,5
457158932,1,0,1
457177564,1,0,1
457232684,1,1,2
457253031,1,0,1
457321980,1,0,1
457370019,1,0,1
457591802,1,0,1
457951869,1,0,1
457993790,1,0,1
458035990,1,0,1
458102640,1,1,2
458354702,1,0,1
458376252,1,0,1
458447385,1,0,1
458627047,1,0,1
458631504,1,0,1
458633578,1,0,1
458663127,1,0,1
458681509,1,0,1
458717263,1,0,1
458718538,1,0,1
458748113,1,0,1
458863169,1,1,2
458880599,1,4,5
458918637,1,0,1
459297669,1,1,2
459445951,1,0,1
459471970,1,0,1
459512823,1,1,2
459547879,1,0,1
459620923,1,0,1
459741651,1,0,1
459785216,1,0,1
459875425,1,0,1
460078859,1,0,1
460115975,1,0,1
460388905,1,0,1
460472639,1,0,1
460501883,1,0,1
460661931,1,0,1
460670936,1,0,1
461242851,1,0,1
461281625,1,3,4
461428958,1,0,1
461509742,1,0,1
461530558,1,0,1
461561303,1,2,3
461613762,1,0,1
461659105,1,0,1
461666686,1,0,1
461670396,1,0,1
461672663,1,0,1
461677069,1,0,1
461678218,1,7,8
461735467,1,0,1
462242243,1,0,1
462336279,1,1,2
462340264,1,0,1
462496008,1,0,1
462498153,1,0,1
462540367,1,23,24
462549182,1,1,2
462550353,1,0,1
462568440,1,0,1
462586479,1,1,2
462618998,1,0,1
462688932,1,0,1
463041100,1,0,1
463061109,1,2,3
463111385,1,0,1
463180828,1,0,1
463209349,1,0,1
463262805,1,0,1
463272032,1,0,1
463273533,1,0,1
463304710,1,0,1
463428840,1,0,1
463452627,1,0,1
463469505,1,0,1
463495619,1,0,1
463515189,1,1,2
463604667,1,0,1
463609896,1,0,1
463728324,1,0,1
463765807,1,0,1
463910349,1,0,1
464186237,1,1,2
464238794,1,0,1
464267920,1,0,1
464273380,1,0,1
464291736,1,0,1
464342122,1,0,1
464364861,1,0,1
464370519,1,0,1
464377480,1,1,2
464380216,1,0,1
464383218,1,0,1
464391175,1,0,1
464392144,1,0,1
464490846,1,0,1
464622544,1,0,1
464733982,1,51,52
464780665,1,0,1
464784344,1,0,1
464964324,1,0,1
464974212,1,0,1
465015147,1,0,1
465139983,1,4,5
465157432,1,0,1
465637743,1,0,1
465677066,1,0,1
465693274,1,0,1
465711006,1,0,1
465721032,1,3,4
465796664,1,0,1
465824469,1,0,1
465849619,1,0,1
465879722,1,0,1
465902676,1,0,1
465995363,1,0,1
466001423,1,0,1
466013336,1,0,1
466085575,1,0,1
466111336,1,0,1
466156229,1,0,1
466175810,1,0,1
466202347,1,0,1
466204469,1,0,1
466280151,1,0,1
466419545,1,0,1
466577815,1,0,1
466595342,1,0,1
466812181,1,0,1
466857558,1,0,1
466874779,1,0,1
466918657,1,0,1
467011172,1,4,5
467062729,1,0,1
467083422,1,0,1
467145332,1,0,1
467289196,1,0,1
467320294,1,0,1
467408550,1,0,1
467480518,1,0,1
467523002,1,0,1
467528011,1,0,1
467533080,1,0,1
467760781,1,0,1
467917676,1,0,1
467969236,1,0,1
468019713,1,0,1
468033262,1,0,1
468138071,1,0,1
468525454,1,2,3
468662899,1,0,1
468710504,1,0,1
468767005,1,0,1
468782243,1,3,4
468820371,1,0,1
468822271,1,0,1
468841627,1,0,1
468913026,1,0,1
468939949,1,0,1
468944331,1,0,1
468971589,1,0,1
468976040,1,2,3
469279154,1,1,2
469299856,1,0,1
469539174,1,2,3
469654645,1,0,1
469656032,1,8,9
469657591,1,0,1
469726511,1,0,1
469844391,1,0,1
469872848,1,2,3
469943191,1,0,1
469957032,1,0,1
469974314,1,0,1
469977339,1,0,1
470277881,1,18,19
470312938,1,40,41
470401822,1,0,1
470698595,1,0,1
470749643,1,0,1
470776863,1,2,3
470779275,1,0,1
470796989,1,1,2
470847932,1,3,4
471251079,1,0,1
471380237,1,1,2
471569291,1,0,1
471593798,1,0,1
471622718,1,1,2
471635217,1,0,1
471648820,1,6,7
471674278,1,0,1
471683987,1,0,1
471709157,1,0,1
471777660,1,0,1
471785950,1,0,1
471790983,1,0,1
471808342,1,0,1
471845306,1,23,24
471890944,1,0,1
471949123,1,0,1
472012840,1,0,1
472114298,1,0,1
472133924,1,0,1
472149682,1,0,1
472250000,1,0,1
472325545,1,0,1
472396868,1,0,1
472426021,1,0,1
472508480,1,0,1
472512564,1,0,1
472516069,1,0,1
472595625,1,0,1
472606279,1,1,2
472718633,1,0,1
472750647,1,0,1
472970979,1,0,1
473113324,1,0,1
473226781,1,0,1
473228407,1,1,2
473272369,1,0,1
473290942,1,0,1
473303213,1,3,4
473358499,1,0,1
473447943,1,0,1
473511599,1,0,1
473528538,1,0,1
473590107,1,0,1
473637671,1,1,2
473720431,1,1,2
474053883,1,0,1
474090556,1,0,1
474267881,1,0,1
474307568,1,10,11
474361437,1,0,1
474421144,1,0,1
474427348,1,0,1
474460857,1,0,1
474513521,1,0,1
474536822,1,1,2
474547532,1,1,2
474550715,1,0,1
474575286,1,0,1
474581384,1,0,1
474605238,1,0,1
474627665,1,0,1
474679167,1,1,2
475158479,1,0,1
475404591,1,2,3
475482108,1,0,1
475666907,1,0,1
475878622,1,0,1
476010529,1,0,1
476182197,1,0,1
476205853,1,0,1
476314173,1,0,1
476318662,1,0,1
476379364,1,0,1
476395427,1,0,1
476477151,1,0,1
476541121,1,0,1
476689474,1,0,1
476750353,1,0,1
476905687,1,0,1
476968149,1,1,2
477007590,1,12,13
477087064,1,0,1
477129695,1,0,1
477132865,1,0,1
477134257,1,0,1
477302158,1,2,3
477333944,1,0,1
477470779,1,0,1
477477231,1,0,1
477633850,1,0,1
477703895,1,0,1
477787815,1,0,1
477972981,1,0,1
477984157,1,0,1
478052816,1,0,1
478129767,1,6,7
478166180,1,0,1
478223332,1,0,1
478328582,1,0,1
478349805,1,0,1
478393874,1,0,1
478477023,1,1,2
478738553,1,2,3
479168766,1,2,3
479376780,1,0,1
479411875,1,0,1
479857934,1,0,1
479868951,1,0,1
479890509,1,0,1
479894296,1,1,2
479954790,1,1,2
479980927,1,0,1
480014162,1,0,1
480027465,1,0,1
480084274,1,0,1
480091632,1,0,1
480346730,1,0,1
480638215,1,2,3
480727430,1,0,1
480780024,1,0,1
480811227,1,0,1
480828218,1,19,20
480894306,1,0,1
480942748,1,0,1
480962126,1,0,1
481372063,1,0,1
481439295,1,0,1
481449065,1,0,1
481587301,1,0,1
481594796,1,0,1
481596282,1,0,1
481674161,1,0,1
481734005,1,0,1
481736929,1,0,1
481762002,1,0,1
481812524,1,1,2
482100988,1,0,1
482210633,1,0,1
482398592,1,0,1
482449204,1,0,1
482526805,1,0,1
483170821,1,0,1
483214174,1,0,1
483251297,1,0,1
483266806,1,3,4
483361976,1,0,1
483485593,1,0,1
483533283,1,0,1
483536630,1,0,1
483537153,1,0,1
483554666,1,0,1
483578292,1,0,1
483770933,1,0,1
483941589,1,0,1
484053604,1,0,1
484226439,1,0,1
484367218,1,7,8
484374725,1,0,1
484399952,1,24,25
484402049,1,0,1
484512347,1,0,1
484746559,1,0,1
485004883,1,0,1
485037129,1,0,1
485041032,1,0,1
485077273,1,0,1
485078684,1,0,1
485099326,1,1,2
485144676,1,0,1
485151348,1,0,1
485202022,1,0,1
485315252,1,0,1
485373564,1,0,1
485390727,1,0,1
485429227,1,0,1
485593241,1,0,1
485770611,1,0,1
485796235,1,0,1
485892765,1,0,1
485939951,1,0,1
486091574,1,2,3
486107491,1,0,1
486129723,1,0,1
486549335,1,0,1
486846321,1,7,8
487116993,1,0,1
487154639,1,0,1
487191112,1,0,1
487241432,1,0,1
487273049,1,0,1
487495818,1,0,1
487571866,1,0,1
487787524,1,6,7
487893692,1,0,1
487999907,1,0,1
488160639,1,0,1
488413738,1,0,1
488433144,1,0,1
488574112,1,0,1
488696954,1,4,5
488717088,1,0,1
488829795,1,0,1
488833365,1,0,1
488894915,1,1,2
488901285,1,0,1
489071292,1,0,1
489135681,1,0,1
489161352,1,0,1
489314626,1,0,1
489330910,1,0,1
489441903,1,0,1
489532795,1,0,1
489569315,1,13,14
489620845,1,0,1
489750492,1,0,1
489913199,1,0,1
489949360,1,0,1
490081019,1,0,1
490308634,1,0,1
490390041,1,0,1
490621703,1,0,1
490660182,1,7,8
490679648,1,1,2
490687333,1,3,4
490741994,1,0,1
490838903,1,0,1
490844630,1,0,1
490853974,1,0,1
490885007,1,5,6
490897919,1,0,1
490909807,1,0,1
490960680,1,0,1
491360460,1,0,1
491368655,1,0,1
491378066,1,0,1
491704813,1,0,1
491756289,1,0,1
491788477,1,0,1
491840227,1,7,8
491859345,1,0,1
491862235,1,0,1
491869028,1,0,1
491907531,1,0,1
491940040,1,0,1
492034179,1,0,1
492109234,1,0,1
492305696,1,0,1
492317581,1,0,1
492548374,1,0,1
492611183,1,0,1
492628722,1,0,1
492747146,1,0,1
492804722,1,0,1
493276747,1,0,1
493513528,1,0,1
493552879,1,0,1
493624650,1,1,2
493645733,1,0,1
493838967,1,0,1
494316666,1,0,1
494332877,1,0,1
494344393,1,0,1
494467936,1,0,1
494481454,1,0,1
494571385,1,17,18
494595994,1,0,1
494636036,1,0,1
494763113,1,6,7
494768905,1,1,2
494906863,1,0,1
495099837,1,0,1
495207188,1,0,1
495223893,1,3,4
495397174,1,0,1
495465172,1,0,1
495514345,1,0,1
495525784,1,0,1
495534991,1,0,1
495591569,1,0,1
495608750,1,0,1
495633213,1,0,1
495635604,1,0,1
495744723,1,0,1
495789385,1,0,1
495917922,1,0,1
495973045,1,0,1
496018831,1,0,1
496069969,1,0,1
496166593,1,13,14
496458256,1,0,1
496458867,1,0,1
496623959,1,0,1
496654450,1,0,1
496668868,1,0,1
496698032,1,0,1
497133751,1,0,1
497239737,1,11,12
497343565,1,12,13
497376917,1,0,1
497417754,1,0,1
497432711,1,6,7
497479341,1,0,1
497514980,1,0,1
497524310,1,0,1
497565139,1,2,3
497806561,1,0,1
497825722,1,0,1
497825968,1,0,1
497837548,1,0,1
497875661,1,0,1
498125238,1,0,1
498225879,1,0,1
498282665,1,1,2
498321549,1,0,1
498376138,1,1,2
498407327,1,2,3
498426475,1,0,1
498483722,1,0,1
498486390,1,0,1
498552868,1,0,1
498560170,1,0,1
498889977,1,0,1
498986997,1,6,7
499117595,1,0,1
499233189,1,0,1
499272004,1,0,1
499292808,1,1,2
499327665,1,85,86
499436238,1,0,1
499448402,1,0,1
499481848,1,0,1
499786122,1,0,1
499816950,1,0,1
499990211,1,0,1
500087620,1,0,1
500108488,1,0,1
500217926,1,8,9
500245809,1,0,1
500384030,1,0,1
500402725,1,0,1
500448610,1,0,1
500739425,1,0,1
500824647,1,0,1
500958779,1,0,1
501091857,1,0,1
501112914,1,0,1
501328867,1,0,1
501360278,1,1,2
501369104,1,0,1
501398001,1,4,5
501405242,1,0,1
501410293,1,0,1
501426025,1,0,1
501456423,1,10,11
501477910,1,0,1
501893910,1,1,2
501998212,1,0,1
502026606,1,1,2
502208875,1,0,1
502291880,1,0,1
502354910,1,0,1
502368920,1,1,2
502475865,1,2,3
502529104,1,0,1
502884242,1,0,1
503025588,1,10,11
503064439,1,0,1
503074382,1,0,1
503335089,1,0,1
503518532,1,0,1
503579882,1,0,1
503637386,1,0,1
503855929,1,0,1
503876586,1,4,5
504554887,1,0,1
504851144,1,0,1
504945898,1,0,1
504991266,1,0,1
505057481,1,0,1
505124246,1,0,1
505143412,1,0,1
505187003,1,0,1
505321652,1,2,3
505591140,1,0,1
505836931,1,0,1
505914946,1,3,4
506033683,1,4,5
506096384,1,0,1
506174186,1,2,3
506343027,1,0,1
506396977,1,2,3
506426162,1,0,1
506479289,1,0,1
506498124,1,1,2
506533151,1,0,1
506582750,1,0,1
506664150,1,0,1
506680795,1,0,1
506726764,1,0,1
506785887,1,0,1
506790744,1,0,1
506794010,1,1,2
506825560,1,0,1
506857251,1,0,1
506943829,1,72,73
507352043,1,0,1
507618692,1,0,1
507825665,1,0,1
507850695,1,0,1
507911131,1,0,1
508008539,1,0,1
508769785,1,6,7
508816367,1,0,1
508953310,1,0,1
509235616,1,0,1
509336582,1,0,1
509402545,1,1,2
509543510,1,0,1
509569081,1,0,1
509613097,1,0,1
509755838,1,0,1
509894255,1,0,1
510679846,1,1,2
511004027,1,0,1
511061773,1,0,1
511083115,1,0,1
511147962,1,0,1
511300243,1,0,1
511435006,1,0,1
511505534,1,0,1
512135401,1,0,1
512317118,1,5,6
512465557,1,99,100
512525774,1,1,2
512601505,1,0,1
512655524,1,0,1
512661784,1,0,1
512693874,1,0,1
512695439,1,0,1
512833496,1,0,1
513128225,1,0,1
513292028,1,0,1
513350361,1,0,1
513366951,1,0,1
513533148,1,0,1
513595240,1,0,1
513825629,1,0,1
513834326,1,0,1
513834970,1,0,1
513923943,1,0,1
513994063,1,0,1
514082636,1,0,1
514190624,1,0,1
514206631,1,0,1
514406036,1,0,1
514440388,1,0,1
514811639,1,1,2
514842923,1,0,1
514996430,1,0,1
515235697,1,0,1
515478389,1,0,1
515525398,1,3,4
515791810,1,0,1
515854734,1,1,2
515865901,1,0,1
515986754,1,0,1
516043393,1,0,1
516069317,1,1,2
516093277,1,0,1
516138193,1,0,1
516170860,1,0,1
516447380,1,2,3
516530553,1,0,1
516636730,1,0,1
516757173,1,0,1
516791472,1,0,1
517013326,1,0,1
517060849,1,0,1
517165384,1,0,1
517655237,1,0,1
517758708,1,0,1
517784675,1,2,3
517811074,1,0,1
517811435,1,0,1
517888694,1,0,1
517938441,1,0,1
518018426,1,0,1
518069787,1,0,1
518081166,1,0,1
518084804,1,0,1
518108458,1,0,1
518155704,1,0,1
518179503,1,0,1
518229723,1,2,3
518697925,1,0,1
518709000,1,0,1
518905741,1,0,1
519003924,1,0,1
519075341,1,0,1
519114479,1,0,1
519128342,1,0,1
519128356,1,0,1
519168082,1,8,9
519321360,1,0,1
519550050,1,0,1
519620018,1,0,1
519664780,1,2,3
519670147,1,0,1
519836942,1,1,2
520020573,1,0,1
520042653,1,2,3
520128391,1,0,1
520193464,1,0,1
520410021,1,0,1
520540424,1,0,1
520644820,1,0,1
520695798,1,5,6
520892193,1,0,1
520926069,1,0,1
520931927,1,3,4
520933228,1,0,1
520969854,1,0,1
521004792,1,0,1
521096884,1,19,20
521183213,1,0,1
521423709,1,0,1
521668111,1,0,1
521744285,1,0,1
521750943,1,5,6
521817111,1,7,8
521927795,1,0,1
522066958,1,0,1
522161802,1,3,4
522201237,1,6,7
522405121,1,0,1
522429084,1,0,1
522499595,1,0,1
522531967,1,0,1
522593875,1,4,5
522623831,1,0,1
522644616,1,1,2
522654406,1,0,1
522800679,1,0,1
523615755,1,0,1
523632645,1,0,1
523671779,1,3,4
523753071,1,0,1
523928400,1,0,1
523974451,1,0,1
524007762,1,0,1
524151803,1,0,1
524444604,1,0,1
524510111,1,0,1
524529415,1,0,1
524830749,1,1,2
524865774,1,0,1
524954979,1,0,1
525033141,1,0,1
525150203,1,0,1
525622834,1,2,3
525628926,1,0,1
525827471,1,0,1
525836130,1,0,1
525896891,1,1,2
525998738,1,0,1
526051729,1,0,1
526093718,1,0,1
526525770,1,0,1
526823306,1,0,1
527073023,1,0,1
527151033,1,0,1
527460489,1,0,1
527462730,1,0,1
527519412,1,0,1
527639987,1,0,1
527643792,1,0,1
527652969,1,7,8
527804333,1,0,1
527891105,1,0,1
527921859,1,0,1
528180688,1,0,1
528283242,1,0,1
528629420,1,0,1
528770656,1,0,1
528794879,1,0,1
528977925,1,0,1
528983483,1,0,1
528992352,1,0,1
529075450,1,0,1
529524580,1,0,1
529543444,1,0,1
529548903,1,0,1
529560157,1,1,2
529634224,1,0,1
529679453,1,0,1
529688942,1,0,1
529769419,1,0,1
529964292,1,3,4
529977327,1,0,1
530832116,1,2,3
530862068,1,0,1
530871626,1,0,1
530930553,1,0,1
531194664,1,0,1
531229094,1,0,1
531233298,1,46,47
531237954,1,0,1
531400016,1,0,1
531529183,1,0,1
531714021,1,0,1
531717096,1,0,1
531732213,1,0,1
531733123,1,0,1
531793957,1,0,1
531819488,1,2,3
531951192,1,0,1
531959784,1,0,1
532109000,1,0,1
532261338,1,0,1
532368706,1,0,1
532527902,1,0,1
532690100,1,2,3
532732780,1,0,1
532754681,1,0,1
532765624,1,0,1
532772693,1,0,1
532796634,1,0,1
532898881,1,11,12
533043589,1,0,1
533282156,1,2,3
533302708,1,0,1
533321347,1,0,1
533335631,1,0,1
533363833,1,0,1
533445959,1,0,1
533524222,1,0,1
533577580,1,0,1
534327789,1,2,3
534396125,1,0,1
534452132,1,0,1
534486394,1,0,1
534577219,1,1,2
534642440,1,5,6
534668142,1,0,1
534679109,1,0,1
534804442,1,0,1
534826529,1,0,1
534870030,1,0,1
534884819,1,1,2
534945787,1,0,1
534948459,1,0,1
535079024,1,7,8
535107412,1,0,1
535107906,1,0,1
535477232,1,0,1
535596061,1,0,1
535680304,1,2,3
535712425,1,0,1
535788905,1,0,1
535866328,1,1,2
535918372,1,0,1
535944424,1,0,1
535962017,1,0,1
535973949,1,1,2
535993853,1,0,1
536049939,1,0,1
536269467,1,0,1
536310418,1,0,1
536484518,1,0,1
536542073,1,0,1
536553630,1,0,1
536641934,1,0,1
536721306,1,0,1
536751768,1,0,1
536942865,1,0,1
537433628,1,0,1
537487691,1,8,9
537696954,1,0,1
537734363,1,0,1
537778748,1,0,1
537832861,1,0,1
538038183,1,0,1
538304939,1,1,2
538591208,1,0,1
538656880,1,0,1
538671065,1,0,1
538672722,1,0,1
538888378,1,0,1
539030585,1,0,1
539195721,1,0,1
539275890,1,1,2
539462591,1,0,1
539602823,1,0,1
539625660,1,0,1
539702145,1,0,1
539710665,1,0,1
539899661,1,1,2
539948804,1,0,1
539981230,1,0,1
540127192,1,0,1
540173505,1,1,2
540243542,1,0,1
540285901,1,0,1
540295061,1,5,6
540296450,1,0,1
540411359,1,0,1
540437118,1,0,1
540438184,1,0,1
540476253,1,0,1
540482921,1,0,1
540534904,1,0,1
540796640,1,0,1
540917735,1,0,1
540966457,1,6,7
541022306,1,0,1
541176656,1,1,2
541375566,1,1,2
541446063,1,0,1
541845484,1,0,1
541908807,1,0,1
542206611,1,0,1
542378745,1,1,2
542381349,1,0,1
542714567,1,0,1
542846403,1,5,6
543028480,1,14,15
543038080,1,0,1
543097909,1,0,1
543216473,1,0,1
543577556,1,0,1
543595530,1,14,15
543700872,1,0,1
543946890,1,0,1
543968127,1,0,1
544058178,1,0,1
544213107,1,15,16
544691112,1,1,2
544725888,1,0,1
544751945,1,0,1
544819255,1,0,1
544837812,1,0,1
544840500,1,0,1
544867331,1,4,5
545009353,1,0,1
545082612,1,0,1
545203772,1,0,1
545387817,1,0,1
545418296,1,0,1
545436877,1,0,1
545453917,1,0,1
545475844,1,2,3
545965600,1,0,1
546015455,1,2,3
546116911,1,0,1
546204221,1,0,1
546305533,1,1,2
546383386,1,0,1
546400919,1,0,1
546470845,1,0,1
546482973,1,0,1
546540157,1,0,1
546815595,1,0,1
547037533,1,0,1
547069389,1,0,1
547113947,1,1,2
547136809,1,0,1
547145503,1,0,1
547158347,1,0,1
547308353,1,0,1
547317369,1,1,2
547336380,1,0,1
547459055,1,0,1
547520229,1,0,1
547615079,1,2,3
547717579,1,0,1
547739074,1,0,1
547753852,1,0,1
547849237,1,6,7
547864562,1,0,1
547985293,1,0,1
547989204,1,0,1
548038578,1,6,7
548044429,1,0,1
548046967,1,0,1
548110023,1,11,12
548198437,1,0,1
548209638,1,0,1
548648049,1,0,1
548657123,1,0,1
548706366,1,0,1
548741960,1,0,1
548759157,1,0,1
548804354,1,0,1
548935426,1,0,1
548991558,1,0,1
549180302,1,0,1
549248840,1,0,1
549280205,1,0,1
549353583,1,1,2
549367327,1,78,79
549457231,1,0,1
549466837,1,0,1
549534203,1,0,1
549565612,1,0,1
549566729,1,0,1
549640604,1,0,1
549644120,1,0,1
549658504,1,0,1
549669657,1,0,1
549698291,1,0,1
549770642,1,0,1
550145855,1,0,1
550158870,1,0,1
550285019,1,3,4
550459515,1,1,2
550534681,1,0,1
550617260,1,0,1
550622146,1,0,1
550751443,1,0,1
550818572,1,0,1
550890613,1,2,3
551133300,1,0,1
551133341,1,2,3
551319139,1,0,1
551339541,1,0,1
551465340,1,0,1
551527380,1,0,1
551550270,1,0,1
551577276,1,0,1
552026412,1,0,1
552150476,1,2,3
552265582,1,0,1
552360388,1,0,1
552680798,1,0,1
552986061,1,0,1
553006088,1,0,1
553038407,1,0,1
553156514,1,0,1
553166953,1,0,1
553177273,1,0,1
553179280,1,0,1
553209635,1,0,1
553303061,1,0,1
553538641,1,0,1
553603316,1,0,1
553690400,1,6,7
553761451,1,0,1
553803409,1,6,7
553822388,1,0,1
553868541,1,2,3
553882701,1,0,1
553923380,1,1,2
553946392,1,0,1
554140677,1,1,2
554559778,1,0,1
554615420,1,0,1
554676313,1,0,1
554795962,1,0,1
554849027,1,0,1
554886462,1,0,1
555321360,1,4,5
555445964,1,0,1
555479097,1,0,1
555504754,1,0,1
555505431,1,0,1
555540137,1,0,1
555601944,1,0,1
555627337,1,0,1
556180427,1,0,1
556250187,1,0,1
556330756,1,0,1
556346002,1,2,3
556403235,1,0,1
556415101,1,0,1
556417595,1,0,1
556435398,1,0,1
556527657,1,0,1
556536285,1,0,1
556911573,1,0,1
556962295,1,1,2
557054364,1,0,1
557134034,1,1,2
557149347,1,0,1
557225794,1,0,1
557295751,1,0,1
557346172,1,0,1
557377597,1,0,1
557384619,1,0,1
557403384,1,0,1
557459898,1,0,1
557614924,1,0,1
557945241,1,0,1
557965009,1,0,1
558020266,1,0,1
558048476,1,0,1
558070986,1,0,1
558128365,1,0,1
558131517,1,0,1
558185992,1,0,1
558253722,1,0,1
558319107,1,0,1
558685306,1,0,1
558742753,1,0,1
558899747,1,1,2
558925682,1,1,2
558978972,1,0,1
558994034,1,0,1
559026457,1,2,3
559094414,1,0,1
559124569,1,0,1
559161505,1,0,1
559602933,1,2,3
559681926,1,3,4
559688651,1,30,31
559822346,1,0,1
560004103,1,0,1
560013706,1,0,1
560153673,1,0,1
560154652,1,0,1
560318773,1,0,1
560523300,1,0,1
560596598,1,0,1
560636042,1,0,1
560782335,1,18,19
560872124,1,0,1
561202796,1,0,1
561241019,1,0,1
561404280,1,0,1
561490278,1,0,1
561595402,1,0,1
561623791,1,0,1
561736110,1,0,1
561743292,1,3,4
561991252,1,0,1
562024166,1,0,1
562079234,1,0,1
562311384,1,0,1
562336204,1,0,1
562817504,1,0,1
562967657,1,0,1
562974266,1,1,2
563240607,1,0,1
563292608,1,0,1
563838704,1,0,1
563971132,1,0,1
564011576,1,0,1
564073890,1,0,1
564086507,1,1,2
564274133,1,0,1
564274797,1,0,1
564511791,1,0,1
564537476,1,2,3
564656140,1,1,2
565008398,1,0,1
565050704,1,0,1
565055857,1,0,1
565063247,1,0,1
565110113,1,3,4
565145796,1,4,5
565154732,1,0,1
565214466,1,0,1
565568156,1,0,1
565837253,1,10,11
565900499,1,0,1
565964261,1,0,1
565968955,1,14,15
565997179,1,1,2
566097819,1,0,1
566515950,1,9,10
566522715,1,0,1
566620679,1,2,3
566682549,1,20,21
566842316,1,0,1
566886663,1,0,1
567303589,1,0,1
567322123,1,0,1
567444911,1,0,1
567507895,1,3,4
567523439,1,0,1
567598212,1,0,1
567690238,1,0,1
567697812,1,1,2
567810656,1,4,5
567821308,1,0,1
567968367,1,0,1
568022600,1,0,1
568195380,1,0,1
568455744,1,0,1
568651562,1,2,3
568831783,1,1,2
568856381,1,0,1
569185432,1,0,1
569203468,1,2,3
569418815,1,0,1
569696649,1,0,1
569752164,1,0,1
570054085,1,0,1
570219533,1,0,1
570380337,1,0,1
570460788,1,0,1
570576141,1,0,1
570954699,1,0,1
570962113,1,0,1
571078853,1,0,1
571459906,1,0,1
571595961,1,0,1
571671348,1,2,3
572012056,1,0,1
572055363,1,0,1
572099662,1,0,1
572119468,1,0,1
572132543,1,1,2
572138913,1,0,1
572162573,1,0,1
572188302,1,1,2
572825681,1,0,1
572918424,1,0,1
572951588,1,2,3
573149452,1,0,1
573280267,1,0,1
573287061,1,0,1
573393164,1,0,1
573955146,1,0,1
574024165,1,9,10
574077292,1,0,1
574239184,1,0,1
574399147,1,0,1
574490389,1,1,2
574526535,1,0,1
574569344,1,0,1
574611834,1,0,1
574701848,1,0,1
574774025,1,9,10
574979600,1,0,1
575110326,1,0,1
575509738,1,1,2
575586273,1,0,1
575590636,1,0,1
575698060,1,2,3
575718401,1,3,4
575798155,1,0,1
575830617,1,0,1
575889548,1,0,1
575916150,1,0,1
575983493,1,1,2
576004334,1,5,6
576045804,1,0,1
576046927,1,0,1
576242526,1,1,2
576253719,1,4,5
576320485,1,0,1
576322936,1,0,1
576526553,1,0,1
576552875,1,3,4
576623169,1,0,1
576649650,1,14,15
576677039,1,0,1
576714571,1,0,1
576736653,1,0,1
576768151,1,0,1
577010294,1,0,1
577399700,1,1,2
577522338,1,0,1
577526312,1,4,5
577528972,1,3,4
577557755,1,0,1
577558967,1,0,1
577709250,1,0,1
577723177,1,0,1
578142831,1,0,1
578245066,1,0,1
578258555,1,1,2
578297922,1,0,1
578343766,1,0,1
578555238,1,0,1
578626280,1,0,1
578642240,1,0,1
578657920,1,0,1
578772861,1,0,1
578813056,1,0,1
579176805,1,0,1
579194867,1,0,1
579343278,1,0,1
579384193,1,0,1
579434144,1,2,3
579439153,1,0,1
579456513,1,0,1
579538740,1,0,1
579802621,1,1,2
579942548,1,0,1
579964074,1,0,1
580026045,1,0,1
580045479,1,0,1
580173870,1,0,1
580223849,1,4,5
580246503,1,0,1
580312160,1,1,2
580319400,1,0,1
580447960,1,8,9
580457981,1,1,2
580463283,1,0,1
580715061,1,27,28
580850407,1,0,1
580879555,1,0,1
580889551,1,0,1
581091023,1,19,20
581191198,1,0,1
581227789,1,0,1
581234377,1,0,1
581249375,1,0,1
581298161,1,0,1
581325430,1,0,1
581348976,1,0,1
581363005,1,3,4
581414703,1,3,4
581438207,1,0,1
581586486,1,0,1
581632623,1,0,1
581659694,1,0,1
581866178,1,0,1
581872262,1,3,4
581894610,1,0,1
582444261,1,238,239
582490539,1,0,1
582657001,1,1,2
582700637,1,0,1
582829522,1,1,2
583130237,1,0,1
583238735,1,0,1
583266692,1,1,2
583362716,1,0,1
583366414,1,0,1
583904348,1,0,1
583960216,1,0,1
584093235,1,0,1
584109183,1,0,1
584169252,1,0,1
584324948,1,0,1
584434846,1,0,1
584861430,1,0,1
584984159,1,1,2
585124708,1,0,1
585172516,1,0,1
585293611,1,3,4
585353423,1,0,1
585362693,1,0,1
585509557,1,8,9
585935290,1,0,1
585997592,1,0,1
586493995,1,1,2
586542951,1,9,10
586976360,1,13,14
587007176,1,0,1
587048685,1,0,1
587069745,1,0,1
587132514,1,0,1
587139725,1,0,1
587168654,1,0,1
587677124,1,0,1
587677648,1,0,1
587760625,1,0,1
587817016,1,0,1
587825968,1,1,2
587894045,1,0,1
587991214,1,0,1
588172580,1,0,1
588180335,1,0,1
588285037,1,0,1
588514796,1,0,1
588587293,1,0,1
588610741,1,0,1
588621710,1,0,1
588650019,1,0,1
588797235,1,0,1
588982715,1,0,1
589205592,1,0,1
589297737,1,1,2
589351541,1,15,16
589420318,1,0,1
589480602,1,0,1
589492130,1,0,1
589500806,1,0,1
589570072,1,0,1
590086360,1,0,1
590147286,1,0,1
590208141,1,0,1
590476856,1,0,1
590575429,1,0,1
590579238,1,1,2
590968510,1,0,1
591085144,1,0,1
591362673,1,0,1
591508566,1,2,3
591511350,1,0,1
591867691,1,1,2
592104691,1,0,1
592315540,1,0,1
592344085,1,0,1
592344488,1,0,1
592373333,1,10,11
592441524,1,0,1
592842109,1,0,1
593057336,1,0,1
593336531,1,1,2
593700012,1,2,3
593994474,1,0,1
594063063,1,1,2
594116718,1,28,29
594186924,1,0,1
594218558,1,0,1
594285941,1,0,1
594425643,1,0,1
594793962,1,0,1
594944036,1,0,1
595018072,1,1,2
595115278,1,0,1
595150633,1,0,1
595457631,1,0,1
595784908,1,0,1
595827435,1,4,5
595846127,1,0,1
595853689,1,0,1
595869865,1,0,1
595906382,1,0,1
595942944,1,0,1
595996023,1,0,1
596144678,1,7,8
596311249,1,2,3
596365987,1,0,1
596609289,1,0,1
596698190,1,0,1
596733974,1,1,2
596767134,1,0,1
596895232,1,1,2
597010562,1,1,2
597025677,1,0,1
597219629,1,5,6
597609565,1,0,1
597907130,1,0,1
597914409,1,0,1
597959934,1,0,1
598083956,1,0,1
598396543,1,0,1
598420805,1,0,1
598504364,1,0,1
598519289,1,1,2
598624948,1,0,1
598655835,1,0,1
598689108,1,0,1
598723666,1,0,1
598744180,1,0,1
598813780,1,2,3
598817544,1,0,1
598822866,1,0,1
598940827,1,1,2
599034459,1,0,1
599163835,1,0,1
599265539,1,0,1
599660311,1,0,1
599799558,1,0,1
600013955,1,0,1
600124948,1,0,1
600135977,1,0,1
600143518,1,0,1
600544905,1,0,1
600589079,1,0,1
600648246,1,0,1
600671154,1,0,1
600734790,1,0,1
600739567,1,0,1
601037501,1,1,2
601064827,1,0,1
601249300,1,0,1
601304935,1,0,1
601320272,1,0,1
601598139,1,0,1
601980068,1,0,1
602112659,1,0,1
602310535,1,0,1
602393092,1,0,1
602517366,1,0,1
602541225,1,0,1
602651326,1,0,1
602891506,1,0,1
602986776,1,0,1
603008354,1,0,1
603263016,1,0,1
603275513,1,3,4
603490603,1,0,1
603549409,1,3,4
603715489,1,0,1
603805493,1,0,1
603820909,1,3,4
603891688,1,0,1
603927964,1,0,1
604146429,1,0,1
604235867,1,0,1
604249300,1,0,1
604311870,1,0,1
604675495,1,0,1
604724930,1,0,1
604940737,1,3,4
604945232,1,0,1
604967499,1,0,1
605051433,1,0,1
605226861,1,0,1
605475177,1,0,1
605479756,1,0,1
605594425,1,0,1
605634886,1,0,1
605812843,1,0,1
605889893,1,2,3
605919031,1,0,1
605948071,1,0,1
606017703,1,0,1
606034920,1,0,1
606357672,1,0,1
606405026,1,0,1
606545302,1,0,1
606732631,1,0,1
606778234,1,0,1
606811947,1,2,3
606985756,1,1,2
607106176,1,0,1
607159517,1,0,1
607305892,1,3,4
607540804,1,0,1
607544129,1,0,1
607557900,1,0,1
607684851,1,0,1
607724593,1,2,3
607748559,1,0,1
607763116,1,0,1
607839844,1,0,1
608389720,1,0,1
608420888,1,0,1
608433158,1,0,1
608437408,1,0,1
608441363,1,0,1
608442715,1,0,1
608483872,1,0,1
608500797,1,0,1
608505126,1,0,1
608667413,1,2,3
608817322,1,8,9
609022568,1,0,1
609130298,1,0,1
610385634,1,3,4
610406365,1,0,1
610460203,1,0,1
610509806,1,1,2
610550068,1,0,1
610617794,1,0,1
610651787,1,0,1
610700140,1,0,1
610865290,1,0,1
610887556,1,0,1
611038336,1,0,1
611092288,1,0,1
611096284,1,0,1
611108385,1,0,1
611178115,1,0,1
611194894,1,0,1
611224053,1,0,1
611230911,1,0,1
611305743,1,0,1
611490036,1,26,27
611816381,1,0,1
611848070,1,0,1
611884343,1,0,1
612115197,1,1,2
612121633,1,0,1
612151875,1,2,3
612252902,1,2,3
612367788,1,0,1
612386327,1,0,1
612497418,1,0,1
612520755,1,0,1
612693663,1,0,1
612755128,1,0,1
612759839,1,0,1
612898763,1,0,1
612972910,1,0,1
613075080,1,0,1
613089895,1,6,7
613114273,1,0,1
613149011,1,0,1
613202157,1,0,1
613258464,1,0,1
613276012,1,22,23
613320136,1,0,1
613326720,1,0,1
613371573,1,0,1
613466541,1,0,1
613488927,1,0,1
613554748,1,0,1
613566526,1,0,1
613569273,1,0,1
613587887,1,0,1
613608665,1,0,1
613659009,1,0,1
613731939,1,1,2
613816524,1,0,1
613830142,1,0,1
613859098,1,0,1
613878978,1,0,1
613904546,1,0,1
613919109,1,0,1
613960527,1,0,1
613967641,1,0,1
613968190,1,1,2
613998582,1,0,1
614000708,1,0,1
614039798,1,0,1
614045433,1,0,1
614096914,1,14,15
614158530,1,0,1
614260204,1,0,1
614277543,1,0,1
614401947,1,1,2
614555954,1,0,1
614585101,1,0,1
614585173,1,0,1
614675883,1,0,1
614725979,1,0,1
614762114,1,0,1
614766479,1,0,1
614789691,1,0,1
614838789,1,3,4
614906361,1,0,1
614917907,1,0,1
614939122,1,1,2
615070166,1,0,1
615105980,1,0,1
615126008,1,0,1
615131428,1,0,1
615177066,1,0,1
615210566,1,0,1
615244051,1,0,1
615268935,1,0,1
615292394,1,0,1
615395548,1,0,1
615427629,1,0,1
615479073,1,0,1
615627410,1,14,15
615634134,1,0,1
615645997,1,0,1
615685192,1,0,1
615731461,1,0,1
615746119,1,0,1
615792448,1,0,1
615806991,1,0,1
615895787,1,0,1
615909372,1,0,1
615934167,1,0,1
615942457,1,0,1
616014563,1,0,1
616041089,1,0,1
616052791,1,0,1
616138397,1,9,10
616170108,1,0,1
616179301,1,0,1
616189287,1,0,1
616362461,1,0,1
616364489,1,0,1
616423656,1,14,15
616442896,1,0,1
616482072,1,0,1
616542378,1,0,1
616582514,1,0,1
616637185,1,0,1
616804020,1,0,1
616968949,1,0,1
617000324,1,0,1
617003817,1,0,1
617051243,1,0,1
617064836,1,0,1
617164362,1,0,1
617205882,1,0,1
617211104,1,0,1
617236339,1,0,1
617255487,1,0,1
617358335,1,0,1
617398802,1,0,1
617427133,1,0,1
617454734,1,0,1
617517639,1,8,9
617520178,1,4,5
617541104,1,0,1
617543636,1,0,1
617555383,1,0,1
617621745,1,0,1
617635558,1,0,1
617638054,1,1,2
617702434,1,0,1
617709054,1,0,1
617759964,1,0,1
617793112,1,0,1
617831001,1,0,1
617854798,1,32,33
617858238,1,0,1
617858499,1,0,1
618384616,1,0,1
618391933,1,1,2
618416407,1,0,1
618455510,1,0,1
618473474,1,0,1
618476728,1,0,1
618488596,1,0,1
618559056,1,0,1
618630233,1,0,1
618671819,1,0,1
618696756,1,0,1
618706625,1,0,1
618730237,1,0,1
618755546,1,0,1
618786317,1,0,1
618787400,1,0,1
618805855,1,0,1
618840131,1,0,1
618856528,1,0,1
618885047,1,0,1
618889980,1,0,1
618894767,1,0,1
618940582,1,0,1
618957395,1,0,1
618959273,1,0,1
618976141,1,0,1
618999760,1,0,1
619013948,1,0,1
619079408,1,0,1
619111238,1,0,1
619111996,1,0,1
619119518,1,0,1
619168415,1,0,1
619189932,1,0,1
619209933,1,0,1
619297318,1,0,1
619301701,1,0,1
619352796,1,0,1
619402875,1,0,1
619406917,1,0,1
619433818,1,0,1
619493573,1,1,2
619553495,1,0,1
619798621,1,0,1
620042741,1,0,1
620075132,1,0,1
620484999,1,5,6
620568318,1,0,1
620650049,1,0,1
620994839,1,0,1
621076173,1,0,1
621385278,1,0,1
621464573,1,0,1
621465215,1,0,1
621526700,1,0,1
622172274,1,0,1
622249381,1,1,2
622297812,1,0,1
622375707,1,12,13
622478398,1,0,1
622522359,1,0,1
622870417,1,0,1
623026222,1,0,1
623094484,1,0,1
623132586,1,0,1
623201665,1,0,1
623302250,1,0,1
623376291,1,0,1
623501931,1,0,1
623787895,1,0,1
624091714,1,0,1
624112314,1,2,3
624169923,1,0,1
624186223,1,1,2
624199768,1,0,1
624264606,1,2,3
624286480,1,0,1
624315751,1,0,1
624567126,1,0,1
624852252,1,11,12
624952362,1,0,1
624959107,1,0,1
624976992,1,1,2
625023652,1,0,1
625350616,1,0,1
625479510,1,18,19
625606959,1,0,1
626041143,1,0,1
626066611,1,0,1
626074814,1,0,1
626083614,1,0,1
626107164,1,2,3
626181787,1,0,1
626183670,1,0,1
626402144,1,3,4
626409733,1,4,5
626768825,1,2,3
626857428,1,0,1
626919165,1,0,1
627001855,1,0,1
627002522,1,0,1
627072557,1,0,1
627189408,1,0,1
627363601,1,0,1
627465701,1,0,1
627552505,1,8,9
627670780,1,0,1
627674747,1,0,1
627801395,1,0,1
627945776,1,0,1
628027557,1,1,2
628599231,1,0,1
628797827,1,0,1
628915557,1,0,1
629197834,1,0,1
629369330,1,1,2
629423992,1,0,1
629426176,1,0,1
629552947,1,0,1
629647483,1,0,1
629689403,1,0,1
629740079,1,0,1
629917409,1,0,1
630258974,1,0,1
630394456,1,0,1
630518888,1,4,5
630528406,1,0,1
630647847,1,9,10
630668817,1,0,1
630784840,1,0,1
630832318,1,3,4
631027504,1,0,1
631098207,1,1,2
631109702,1,0,1
631135371,1,0,1
631204213,1,0,1
631291724,1,0,1
631457307,1,1,2
631606784,1,0,1
631647574,1,0,1
631680513,1,0,1
631695998,1,0,1
631704732,1,8,9
631707115,1,0,1
631716080,1,0,1
631717335,1,0,1
631892576,1,0,1
631951943,1,0,1
631980841,1,0,1
631999609,1,0,1
632114242,1,3,4
632196600,1,0,1
632265288,1,0,1
632286050,1,0,1
632338884,1,1,2
632431820,1,6,7
632510441,1,0,1
632521619,1,0,1
632573937,1,0,1
632592226,1,0,1
632609918,1,0,1
633015465,1,0,1
633090146,1,0,1
633106875,1,0,1
633167811,1,0,1
633304936,1,0,1
633372806,1,2,3
633459593,1,0,1
633462256,1,1,2
633537082,1,0,1
633540325,1,0,1
633566522,1,0,1
633756910,1,0,1
633821086,1,0,1
633995289,1,0,1
634042390,1,0,1
634106096,1,0,1
634113072,1,0,1
634170042,1,5,6
634235342,1,0,1
634716993,1,0,1
634817098,1,0,1
634891069,1,0,1
634920563,1,0,1
634931321,1,0,1
634946470,1,0,1
634981299,1,3,4
635002286,1,0,1
635049051,1,0,1
635056358,1,1,2
635067801,1,0,1
635110931,1,0,1
635258913,1,0,1
635449460,1,0,1
635539574,1,0,1
635732725,1,0,1
635758930,1,0,1
635863078,1,0,1
636265148,1,0,1
636508290,1,0,1
636642759,1,1,2
636773742,1,0,1
636797283,1,0,1
637127576,1,0,1
637143130,1,0,1
637212323,1,0,1
637260826,1,0,1
637290737,1,0,1
637369141,1,0,1
637413543,1,0,1
700005206,1,0,1
700110661,1,0,1
700111031,1,0,1
700131445,1,0,1
700232540,1,0,1
700585127,1,0,1
700611775,1,0,1
700672799,1,0,1
701023170,1,5,6
701470365,1,0,1
701740966,1,0,1
701825647,1,0,1
701949307,1,0,1
702049535,1,1,2
702372955,1,0,1
702505561,1,0,1
702623987,1,0,1
703171865,1,0,1
703616342,1,0,1
703726364,1,0,1
703869363,1,0,1
704062351,1,1,2
704095867,1,0,1
704229361,1,23,24
704879725,1,0,1
705690618,1,3,4
705790112,1,0,1
705876062,1,0,1
705939786,1,0,1
705973075,1,0,1
706298768,1,0,1
706334160,1,0,1
706419509,1,0,1
706922733,1,0,1
707301260,1,2,3
707939791,1,0,1
708314495,1,0,1
708486010,1,0,1
708522042,1,0,1
708547743,1,0,1
708723064,1,0,1
708770888,1,0,1
709140913,1,0,1
709144993,1,6,7
709459327,1,0,1
709579251,1,1,2
709719018,1,0,1
709988176,1,0,1
710016314,1,0,1
710289131,1,0,1
710393903,1,0,1
711229446,1,0,1
711266287,1,0,1
711704664,1,0,1
711734688,1,6,7
711750008,1,0,1
711784935,1,0,1
711823909,1,0,1
711826315,1,0,1
712591118,1,0,1
712729874,1,0,1
712806392,1,0,1
712987278,1,0,1
712994198,1,0,1
713103947,1,0,1
713171498,1,1,2
713290266,1,0,1
713324136,1,0,1
713748836,1,0,1
713781036,1,0,1
714298183,1,0,1
714556171,1,0,1
714716130,1,1,2
714721235,1,0,1
714793779,1,0,1
714972354,1,3,4
715136468,1,0,1
715185692,1,0,1
715230380,1,0,1
715357778,1,0,1
715479965,1,0,1
715755824,1,2,3
716175014,1,0,1
716303367,1,0,1
716483658,1,0,1
716616177,1,0,1
716813053,1,75,76
716822580,1,0,1
716893538,1,2,3
716978995,1,0,1
717020725,1,0,1
717075582,1,1,2
717227520,1,0,1
717277464,1,0,1
717452900,1,0,1
718194142,1,0,1
718447858,1,0,1
718705266,1,0,1
718987815,1,0,1
719197450,1,0,1
719212117,1,1,2
719220217,1,0,1
719351942,1,0,1
719487638,1,0,1
719696482,1,0,1
719825959,1,0,1
720399032,1,0,1
720511662,1,14,15
720901208,1,0,1
721171921,1,1,2
721208256,1,0,1
721216495,1,1,2
721316096,1,0,1
721355708,1,0,1
721539937,1,0,1
722229458,1,0,1
722246678,1,0,1
722670864,1,0,1
722684492,1,0,1
722713742,1,0,1
722964954,1,0,1
723026413,1,0,1
723081270,1,0,1
723548257,1,0,1
724276512,1,0,1
724323512,1,1,2
724395564,1,2,3
724422877,1,0,1
724725618,1,0,1
724996952,1,0,1
725129119,1,0,1
725292612,1,0,1
726161732,1,0,1
726442202,1,1,2
726552295,1,0,1
726560900,1,1,2
726727314,1,0,1
726928614,1,0,1
727064280,1,0,1
727068145,1,0,1
727229088,1,0,1
727299558,1,1,2
727305428,1,0,1
727327428,1,0,1
727389204,1,0,1
727553688,1,0,1
727592911,1,0,1
727854336,1,1,2
727888712,1,3,4
728286943,1,0,1
728360077,1,0,1
728948750,1,0,1
729145303,1,0,1
729262112,1,1,2
729265706,1,0,1
729285332,1,0,1
729308238,1,0,1
729448838,1,0,1
729650288,1,0,1
729687198,1,0,1
729962941,1,0,1
730584762,1,0,1
730726622,1,0,1
731014651,1,0,1
731028878,1,0,1
731057174,1,0,1
731091086,1,0,1
731264851,1,0,1
731347050,1,0,1
731350160,1,0,1
731707548,1,0,1
731978155,1,0,1
732053953,1,0,1
732086509,1,0,1
732170934,1,0,1
732332478,1,0,1
732707162,1,0,1
733051081,1,0,1
733172330,1,0,1
733383385,1,0,1
733738645,1,0,1
733763462,1,0,1
733791847,1,0,1
733818062,1,0,1
733973737,1,0,1
734099352,1,0,1
734788795,1,7,8
734821255,1,0,1
735421608,1,1,2
735430068,1,0,1
735712422,1,0,1
735752492,1,0,1
735820664,1,0,1
736811803,1,0,1
737200693,1,0,1
737289236,1,1,2
737503014,1,0,1
737572579,1,0,1
737629868,1,0,1
737685451,1,0,1
738137527,1,0,1
738205477,1,0,1
738530070,1,0,1
738671598,1,0,1
738783259,1,0,1
738825158,1,0,1
739309368,1,0,1
739343149,1,0,1
739517756,1,0,1
739736028,1,0,1
739881588,1,2,3
740504760,1,0,1
740539938,1,0,1
741132403,1,0,1
741234554,1,0,1
741308624,1,9,10
741486000,1,0,1
741648841,1,0,1
741797203,1,2,3
741969834,1,6,7
743037487,1,0,1
743340726,1,0,1
743715210,1,0,1
743966172,1,0,1
744056540,1,0,1
744061548,1,0,1
744286159,1,0,1
744704570,1,0,1
745483446,1,0,1
745565353,1,0,1
745612938,1,0,1
745937478,1,0,1
746072754,1,0,1
746099648,1,1,2
746213490,1,0,1
746283834,1,0,1
746402281,1,0,1
746484920,1,0,1
746513214,1,0,1
746933064,1,0,1
746943120,1,0,1
747469652,1,0,1
747565428,1,0,1
747866178,1,3,4
748100863,1,0,1
748115683,1,0,1
748273914,1,0,1
748801772,1,0,1
748942099,1,0,1
749120108,1,0,1
749241462,1,120,121
749318682,1,0,1
749342287,1,0,1
750089408,1,15,16
750180235,1,0,1
750192324,1,0,1
750273834,1,0,1
750311269,1,0,1
750472406,1,0,1
750512815,1,0,1
750590250,1,0,1
750644798,1,0,1
750685584,1,0,1
751155842,1,2,3
751211412,1,0,1
751504778,1,0,1
751647506,1,0,1
751774458,1,0,1
751889702,1,0,1
751963993,1,0,1
752143010,1,0,1
752163186,1,0,1
752385482,1,0,1
752465461,1,0,1
752820835,1,0,1
753301531,1,3,4
753705978,1,0,1
753870584,1,0,1
753931428,1,0,1
753934206,1,3,4
754155224,1,0,1
754194373,1,0,1
754316376,1,0,1
754416690,1,36,37
755857602,1,0,1
756387018,1,0,1
757033212,1,0,1
757506486,1,1,2
757563008,1,0,1
757645346,1,0,1
757693256,1,1,2
757817186,1,0,1
757848888,1,0,1
757935444,1,0,1
757963934,1,0,1
758011598,1,0,1
758088366,1,0,1
758403139,1,0,1
758429534,1,0,1
759344592,1,10,11
759604478,1,0,1
759651110,1,0,1
759735811,1,0,1
759871291,1,0,1
760054381,1,0,1
760279057,1,0,1
760414892,1,0,1
760581882,1,0,1
760617000,1,0,1
760942904,1,0,1
761613030,1,2,3
761778661,1,3,4
762187632,1,0,1
762544146,1,0,1
762611490,1,0,1
762615570,1,0,1
762621186,1,10,11
762691795,1,0,1
762843590,1,0,1
763008997,1,0,1
763108327,1,0,1
763697155,1,0,1
764188868,1,0,1
764212106,1,6,7
764732220,1,0,1
764870378,1,0,1
764899034,1,1,2
764927611,1,0,1
764986886,1,0,1
765584526,1,1,2
765693996,1,0,1
765945714,1,0,1
765986096,1,0,1
766035786,1,0,1
766444778,1,1,2
766460960,1,0,1
766515284,1,2,3
766922190,1,0,1
767569206,1,0,1
767971580,1,0,1
768044436,1,0,1
768077899,1,0,1
768128246,1,0,1
768546782,1,1,2
768663331,1,0,1
769121946,1,0,1
769370028,1,0,1
769647157,1,0,1
769869541,1,0,1
769968188,1,0,1
770297436,1,0,1
770352763,1,0,1
770519790,1,0,1
770598560,1,0,1
770769805,1,1,2
770807210,1,0,1
771271886,1,0,1
771811358,1,0,1
771999330,1,0,1
772270218,1,0,1
772361186,1,0,1
772362709,1,0,1
772481360,1,0,1
774226706,1,0,1
774331446,1,0,1
774354512,1,0,1
774567853,1,0,1
774643068,1,0,1
774996180,1,5,6
775275638,1,0,1
775613588,1,0,1
775888904,1,0,1
775981700,1,0,1
776016116,1,1,2
776390101,1,0,1
776596082,1,0,1
776736866,1,1,2
777511700,1,0,1
777600510,1,0,1
777973063,1,0,1
778457743,1,0,1
778533930,1,0,1
778968685,1,0,1
779142210,1,0,1
779303688,1,0,1
779474474,1,2,3
779478162,1,1,2
779532620,1,0,1
779567384,1,0,1
779603977,1,0,1
779732827,1,0,1
781291734,1,0,1
781551228,1,0,1
781759056,1,0,1
781874634,1,1,2
782014088,1,0,1
782255359,1,0,1
782310421,1,1,2
782764104,1,4,5
782777360,1,0,1
782908854,1,0,1
783265849,1,0,1
783481446,1,0,1
783594025,1,0,1
783625982,1,0,1
783735174,1,0,1
783934634,1,0,1
784261346,1,37,38
785032668,1,0,1
785089753,1,0,1
785181109,1,0,1
785423851,1,0,1
785971374,1,0,1
787311228,1,0,1
787654602,1,0,1
787816724,1,0,1
787889478,1,0,1
787925594,1,3,4
787940347,1,0,1
788219444,1,0,1
788222533,1,0,1
788391470,1,0,1
789529812,1,0,1
789987985,1,0,1
789991057,1,0,1
790291098,1,0,1
790511286,1,0,1
790763492,1,0,1
791800159,1,0,1
792055573,1,0,1
792157525,1,6,7
792387284,1,0,1
792480798,1,0,1
792608634,1,3,4
792940398,1,0,1
793021207,1,0,1
793261322,1,0,1
793894892,1,10,11
794154884,1,0,1
794381108,1,1,2
794541402,1,0,1
794658343,1,0,1
794796907,1,0,1
795113100,1,7,8
795302137,1,0,1
796663968,1,3,4
796691784,1,0,1
796866018,1,13,14
796868059,1,0,1
797177364,1,0,1
797221861,1,0,1
797345269,1,0,1
797426137,1,0,1
797437579,1,0,1
797482897,1,27,28
797660934,1,0,1
798063962,1,0,1
798511447,1,0,1
798669768,1,0,1
798813079,1,0,1
798825960,1,0,1
798933842,1,33,34
799246934,1,0,1
799299750,1,1,2
800690532,1,0,1
800787145,1,2,3
801021541,1,0,1
801150326,1,0,1
801218119,1,0,1
801411656,1,0,1
801473004,1,0,1
801495018,1,0,1
801575952,1,1,2
801797388,1,1,2
801839617,1,0,1
802959002,1,3,4
803059159,1,0,1
803243234,1,0,1
803406674,1,0,1
803437669,1,0,1
803699088,1,0,1
803707212,1,0,1
803715816,1,1,2
803820350,1,0,1
803921318,1,0,1
803955697,1,0,1
804429331,1,0,1
804985490,1,0,1
805001388,1,0,1
805018484,1,0,1
805045237,1,1,2
805179518,1,0,1
805241832,1,0,1
805444693,1,0,1
805819772,1,0,1
805821642,1,0,1
805863200,1,0,1
805886532,1,0,1
806093582,1,0,1
807154116,1,0,1
807515293,1,0,1
808067522,1,0,1
808077654,1,0,1
808303453,1,0,1
809087762,1,0,1
809115114,1,2,3
809414239,1,0,1
809837228,1,1,2
810042996,1,0,1
810169159,1,0,1
810248118,1,0,1
810887786,1,0,1
811160953,1,0,1
811735604,1,0,1
811741909,1,3,4
811916588,1,0,1
811976184,1,0,1
812016294,1,1,2
812031750,1,0,1
812156118,1,0,1
812196438,1,7,8
812202194,1,0,1
812627268,1,0,1
812962442,1,0,1
813024588,1,0,1
813311743,1,1,2
813313549,1,0,1
813661298,1,4,5
813703873,1,5,6
814255015,1,0,1
814328724,1,0,1
815770850,1,0,1
815825604,1,0,1
816053659,1,0,1
816277159,1,0,1
816648793,1,0,1
817460539,1,0,1
818219226,1,0,1
818584716,1,0,1
818665442,1,0,1
818699318,1,1,2
819902803,1,0,1
820176060,1,2,3
820663458,1,0,1
820834014,1,0,1
821037780,1,0,1
821271307,1,0,1
821526438,1,0,1
822304219,1,0,1
822411456,1,0,1
822481213,1,2,3
822598346,1,0,1
823008589,1,14,15
823337647,1,0,1
823786040,1,2,3
823798670,1,0,1
823809344,1,0,1
823827516,1,0,1
823972206,1,0,1
824039654,1,0,1
824255958,1,0,1
824371736,1,7,8
824419134,1,3,4
824625097,1,0,1
825190279,1,0,1
825418242,1,0,1
825467936,1,0,1
826027896,1,0,1
826108939,1,0,1
826170654,1,0,1
826200774,1,0,1
826214383,1,0,1
826219915,1,0,1
826341258,1,4,5
826556521,1,11,12
826591772,1,0,1
827261234,1,0,1
827439163,1,0,1
827599675,1,0,1
827797970,1,0,1
828002220,1,0,1
828136472,1,0,1
828719214,1,0,1
829016173,1,0,1
829554001,1,1,2
829742012,1,0,1
829904526,1,0,1
830122476,1,0,1
830231857,1,0,1
830250702,1,0,1
830424194,1,0,1
830462006,1,3,4
830607607,1,3,4
831171307,1,4,5
831453583,1,6,7
831811190,1,0,1
831848780,1,15,16
832038644,1,1,2
832231855,1,0,1
832325491,1,0,1
832402662,1,0,1
832704312,1,0,1
833120196,1,0,1
833711960,1,10,11
834113010,1,0,1
834208796,1,0,1
834223994,1,0,1
834317545,1,0,1
834418855,1,0,1
834535122,1,0,1
834777241,1,0,1
834812120,1,0,1
835045224,1,3,4
835725428,1,0,1
835789248,1,0,1
836004678,1,0,1
836037032,1,1,2
836113483,1,0,1
836462089,1,5,6
836593099,1,0,1
836635309,1,0,1
836692092,1,5,6
836703865,1,0,1
836817168,1,0,1
837047395,1,0,1
837786872,1,0,1
837813552,1,0,1
838122260,1,0,1
838166197,1,8,9
838220604,1,0,1
838512607,1,0,1
838628564,1,0,1
838771182,1,0,1
838802420,1,4,5
838877144,1,0,1
838953462,1,0,1
839830837,1,0,1
840077911,1,3,4
840323964,1,0,1
840345384,1,0,1
840455521,1,0,1
840731546,1,5,6
840752330,1,0,1
840979206,1,0,1
841137704,1,0,1
841191541,1,1,2
841937101,1,0,1
842460240,1,0,1
842671123,1,0,1
842797261,1,0,1
842825756,1,0,1
842969142,1,0,1
843337472,1,3,4
843488239,1,0,1
843640537,1,0,1
843859621,1,0,1
844169970,1,9,10
844202102,1,0,1
844346408,1,0,1
844447148,1,1,2
844739486,1,0,1
844945388,1,0,1
845937032,1,0,1
846092402,1,0,1
846202009,1,0,1
846281797,1,0,1
846302288,1,0,1
846344521,1,0,1
846368077,1,0,1
846631862,1,1,2
847455732,1,0,1
847682648,1,0,1
847691972,1,11,12
847802563,1,0,1
847846712,1,0,1
847904502,1,0,1
848085672,1,0,1
848201545,1,0,1
848218568,1,0,1
848354899,1,0,1
849059065,1,0,1
849316532,1,0,1
849408834,1,2,3
849703669,1,0,1
849969558,1,3,4
850302320,1,0,1
850418113,1,0,1
850521804,1,0,1
850550839,1,0,1
851437026,1,0,1
851542442,1,1,2
851663120,1,0,1
851853205,1,1,2
852301178,1,0,1
852716214,1,0,1
853350110,1,9,10
853561418,1,4,5
853676599,1,1,2
853741386,1,0,1
853818115,1,0,1
853826328,1,6,7
854524945,1,0,1
854671369,1,0,1
854949756,1,0,1
855378696,1,0,1
855524894,1,7,8
856693190,1,0,1
856718436,1,0,1
856872222,1,0,1
857054084,1,0,1
857137652,1,0,1
857163127,1,0,1
857201900,1,0,1
857212926,1,0,1
858224725,1,0,1
858708794,1,0,1
858823106,1,0,1
859034240,1,0,1
859341907,1,0,1
860044386,1,0,1
860208876,1,0,1
860262439,1,0,1
860361666,1,0,1
860449447,1,0,1
860599554,1,0,1
860633688,1,0,1
860668735,1,1,2
860671866,1,0,1
860672616,1,1,2
860712752,1,18,19
860765576,1,6,7
860874709,1,0,1
860896830,1,0,1
861083684,1,0,1
861160723,1,0,1
861322069,1,11,12
861621913,1,0,1
861751454,1,1,2
861945354,1,0,1
861976254,1,0,1
862071500,1,0,1
862155468,1,1,2
862271000,1,0,1
862333346,1,0,1
862403414,1,0,1
862408974,1,0,1
862420494,1,4,5
863464345,1,1,2
863532764,1,0,1
863638501,1,0,1
864058542,1,23,24
864679208,1,0,1
864878497,1,0,1
864999900,1,0,1
865077199,1,0,1
865209350,1,14,15
865249879,1,1,2
865545234,1,0,1
865770098,1,0,1
866090784,1,0,1
866165774,1,0,1
866495551,1,0,1
866641202,1,0,1
866718954,1,0,1
866722190,1,0,1
866725526,1,0,1
866843726,1,0,1
866970385,1,13,14
867143532,1,0,1
867195662,1,0,1
867530774,1,0,1
867725665,1,0,1
868091251,1,0,1
868176589,1,0,1
868652822,1,0,1
868746176,1,0,1
868801026,1,0,1
868950108,1,0,1
869017735,1,0,1
870065852,1,1,2
870450452,1,0,1
870650550,1,0,1
870691879,1,0,1
870773864,1,0,1
870854814,1,0,1
871434601,1,1,2
871562012,1,0,1
872091782,1,0,1
872099815,1,0,1
872295926,1,0,1
872354214,1,0,1
872433660,1,0,1
872560658,1,34,35
872670499,1,0,1
872725897,1,0,1
872729299,1,0,1
872741106,1,0,1
872805715,1,2,3
872966828,1,0,1
873171698,1,0,1
874033944,1,0,1
874139012,1,3,4
874219957,1,0,1
874638590,1,0,1
874699670,1,0,1
874707770,1,0,1
874812324,1,0,1
875468538,1,0,1
875492785,1,0,1
875846353,1,0,1
876006139,1,0,1
876171486,1,0,1
876185586,1,0,1
876260911,1,0,1
876604129,1,10,11
876891283,1,0,1
877951201,1,1,2
877983134,1,0,1
878355709,1,7,8
879181273,1,6,7
879980174,1,0,1
880137716,1,0,1
880255674,1,0,1
880298935,1,1,2
880338188,1,0,1
880445330,1,0,1
880456062,1,50,51
880461840,1,0,1
880553600,1,0,1
880678754,1,1,2
881088888,1,5,6
881269448,1,0,1
881349480,1,0,1
881378682,1,0,1
881433840,1,7,8
881582005,1,0,1
882050786,1,0,1
882562254,1,0,1
883170080,1,0,1
883207501,1,0,1
883276614,1,0,1
883401708,1,1,2
883421496,1,1,2
883500955,1,4,5
883512648,1,0,1
884877242,1,0,1
885009715,1,0,1
885122048,1,0,1
885146616,1,0,1
885173964,1,6,7
885265748,1,0,1
885637524,1,0,1
885682176,1,0,1
885729326,1,0,1
885775148,1,0,1
885823694,1,20,21
885825972,1,0,1
885851161,1,0,1
885972421,1,7,8
886026313,1,49,50
886551302,1,0,1
886552928,1,0,1
886954692,1,0,1
887088799,1,1,2
887208354,1,0,1
887666250,1,0,1
887809214,1,0,1
887888688,1,0,1
888704456,1,77,78
888947432,1,0,1
889233584,1,0,1
889897838,1,0,1
890002484,1,2,3
890005586,1,0,1
890056536,1,0,1
890083860,1,0,1
891463382,1,0,1
891709160,1,0,1
891906949,1,0,1
892006718,1,0,1
892059852,1,0,1
892177309,1,0,1
892445370,1,5,6
892758164,1,0,1
892862366,1,0,1
893559324,1,0,1
893844752,1,2,3
893941412,1,0,1
894067710,1,0,1
894473654,1,4,5
894518162,1,0,1
894539474,1,0,1
896065986,1,2,3
896145806,1,0,1
896148452,1,8,9
896525809,1,0,1
896751240,1,1,2
896842176,1,0,1
897918552,1,0,1
898776127,1,0,1
898875722,1,6,7
898883640,1,0,1
898952996,1,0,1
898968140,1,0,1
899067475,1,1,2
899301812,1,0,1
900156840,1,0,1
900474780,1,7,8
900642594,1,0,1
900888781,1,0,1
901497331,1,0,1
902149578,1,0,1
902259738,1,5,6
902633658,1,0,1
902733704,1,0,1
902747526,1,0,1
902987556,1,0,1
903009728,1,20,21
903171019,1,0,1
903255950,1,0,1
903922142,1,82,83
905100738,1,4,5
905433998,1,2,3
906262886,1,1,2
906623318,1,0,1
906688382,1,0,1
906739914,1,2,3
906893636,1,0,1
906908328,1,4,5
906996692,1,0,1
907104852,1,0,1
907164049,1,0,1
907183776,1,0,1
907259160,1,0,1
907499029,1,0,1
907856581,1,0,1
908391865,1,1,2
908394097,1,0,1
908452873,1,0,1
908716195,1,3,4
909231608,1,0,1
910200060,1,0,1
910545457,1,0,1
910553604,1,0,1
910678134,1,0,1
910754568,1,0,1
911401351,1,0,1
911435952,1,0,1
911506050,1,0,1
911595302,1,0,1
911675292,1,0,1
911726988,1,0,1
912413304,1,0,1
912602870,1,2,3
913033651,1,23,24
913539860,1,0,1
913577798,1,4,5
913614374,1,0,1
913720711,1,0,1
914199120,1,1,2
914898043,1,3,4
914961048,1,1,2
914998062,1,0,1
915264085,1,0,1
915461004,1,0,1
915557131,1,0,1
915910364,1,0,1
916033244,1,0,1
916082196,1,0,1
917350111,1,1,2
917363412,1,0,1
917363497,1,42,43
917616738,1,0,1
917790619,1,16,17
919168566,1,1,2
919901521,1,0,1
920003852,1,0,1
920047230,1,0,1
920060156,1,0,1
920250942,1,0,1
920332298,1,0,1
921069384,1,0,1
921288205,1,0,1
921506742,1,11,12
921795492,1,0,1
922355114,1,0,1
922415316,1,0,1
922442124,1,0,1
922523148,1,0,1
923390167,1,0,1
923424194,1,0,1
923624148,1,3,4
923642467,1,1,2
923735149,1,0,1
923775205,1,0,1
924024985,1,0,1
924324631,1,0,1
924360938,1,0,1
924393528,1,0,1
924442291,1,1,2
924456050,1,0,1
924893161,1,0,1
925538612,1,7,8
926267311,1,0,1
926479111,1,0,1
926496558,1,0,1
927114774,1,1,2
927946604,1,1,2
928154222,1,0,1
928212404,1,0,1
928220095,1,0,1
928289425,1,0,1
928624675,1,0,1
928684176,1,0,1
928724114,1,0,1
929563970,1,0,1
929747274,1,0,1
929752218,1,0,1
929909054,1,0,1
929958378,1,1,2
930287881,1,0,1
930449804,1,0,1
930745987,1,0,1
930818634,1,0,1
930856736,1,0,1
930868184,1,0,1
930939146,1,0,1
931011697,1,0,1
931083716,1,2,3
931101589,1,0,1
931122476,1,0,1
931307143,1,0,1
931473620,1,18,19
932181733,1,0,1
932288172,1,0,1
932928338,1,0,1
932973098,1,0,1
933022495,1,1,2
933608377,1,0,1
933681649,1,0,1
934119132,1,0,1
934592606,1,0,1
934689576,1,0,1
934766706,1,0,1
935060935,1,0,1
935207252,1,1,2
935307474,1,0,1
935426341,1,0,1
935564706,1,0,1
935773885,1,0,1
935817169,1,0,1
935879468,1,0,1
936004760,1,0,1
936177295,1,1,2
936945751,1,0,1
937453657,1,4,5
937618381,1,0,1
937682474,1,23,24
938001786,1,0,1
938044356,1,0,1
938081718,1,0,1
938219876,1,0,1
938269976,1,0,1
938377836,1,0,1
938489083,1,2,3
939328976,1,0,1
939346932,1,0,1
939499387,1,0,1
939610644,1,0,1
939738750,1,0,1
939769027,1,0,1
940036166,1,1,2
940102777,1,0,1
940175665,1,0,1
940635187,1,0,1
940836073,1,0,1
940839385,1,3,4
941224903,1,0,1
941227472,1,7,8
941235336,1,0,1
941523230,1,0,1
942008574,1,0,1
942647012,1,0,1
942661520,1,0,1
942773424,1,0,1
942951187,1,0,1
943389476,1,21,22
943919372,1,2,3
944633856,1,0,1
944875898,1,0,1
945079987,1,0,1
945249896,1,0,1
945338880,1,0,1
946160906,1,0,1
946313574,1,0,1
946461547,1,0,1
946872812,1,0,1
947037229,1,0,1
947079092,1,0,1
948026834,1,0,1
949032752,1,0,1
950244998,1,0,1
950445272,1,0,1
950720556,1,0,1
950883344,1,21,22
950951286,1,0,1
950987149,1,1,2
950996292,1,0,1
951145124,1,0,1
951565404,1,0,1
952015555,1,0,1
952595724,1,0,1
953176878,1,5,6
953404430,1,0,1
953554358,1,0,1
953692033,1,0,1
953850037,1,0,1
953960132,1,0,1
954279488,1,0,1
954479858,1,0,1
954582788,1,0,1
954641972,1,0,1
954704682,1,0,1
954848574,1,0,1
955626091,1,1,2
955672891,1,0,1
956639821,1,0,1
957611893,1,0,1
957773028,1,0,1
958737980,1,23,24
958936134,1,0,1
958966537,1,0,1
959018846,1,1,2
959211374,1,0,1
959846156,1,0,1
959985764,1,0,1
960288626,1,0,1
960586711,1,0,1
960598507,1,0,1
961120855,1,0,1
961235252,1,5,6
961523707,1,0,1
961616131,1,0,1
961683535,1,0,1
961721822,1,0,1
961759813,1,0,1
961781743,1,0,1
962244914,1,0,1
962822958,1,0,1
963145339,1,13,14
963297229,1,1,2
963623792,1,0,1
964651795,1,0,1
965375035,1,1,2
965610234,1,0,1
966572641,1,0,1
966740490,1,0,1
966810818,1,0,1
967107174,1,0,1
967141465,1,0,1
967187036,1,0,1
967373478,1,0,1
967513490,1,0,1
967843051,1,1,2
968035351,1,0,1
968214727,1,0,1
968410350,1,0,1
968453364,1,0,1
968618671,1,37,38
968777028,1,0,1
969030606,1,0,1
969444756,1,0,1
969518358,1,0,1
969526554,1,0,1
969838459,1,1,2
970730880,1,0,1
970740674,1,0,1
971089998,1,0,1
971248272,1,0,1
971376432,1,0,1
972301435,1,0,1
972862028,1,0,1
973311192,1,0,1
973709516,1,0,1
974897539,1,1,2
974935556,1,0,1
975031022,1,7,8
975446412,1,0,1
976204117,1,0,1
976559744,1,2,3
976589803,1,0,1
976653578,1,5,6
976834550,1,0,1
976901094,1,0,1
976951561,1,0,1
976958844,1,0,1
976999452,1,2,3
977010265,1,0,1
977084750,1,0,1
977229350,1,0,1
977377880,1,0,1
977405179,1,0,1
977406672,1,0,1
977482315,1,0,1
977619834,1,8,9
977753461,1,0,1
978292663,1,0,1
978338100,1,0,1
978787610,1,5,6
978916034,1,0,1
978999283,1,0,1
979475744,1,0,1
979633526,1,0,1
980007637,1,0,1
981046758,1,0,1
981050209,1,0,1
981754076,1,0,1
981764179,1,0,1
981802260,1,3,4
982203487,1,0,1
982439250,1,0,1
983682534,1,0,1
983735718,1,0,1
983769319,1,0,1
983875345,1,0,1
984238579,1,0,1
984716844,1,6,7
984784022,1,0,1
984804222,1,0,1
984939480,1,0,1
985851331,1,0,1
987096680,1,0,1
987479365,1,0,1
987613814,1,0,1
987771168,1,0,1
987801546,1,1,2
987966402,1,0,1
988151023,1,1,2
989572099,1,6,7
989580720,1,0,1
989860736,1,0,1
989929992,1,0,1
990085447,1,0,1
990320934,1,0,1
990365682,1,0,1
990373567,1,0,1
990961849,1,0,1
991250676,1,0,1
991390057,1,0,1
991910209,1,0,1
992240592,1,0,1
992257201,1,0,1
992268674,1,0,1
992282077,1,0,1
992289804,1,0,1
992400835,1,0,1
992951540,1,0,1
993190820,1,6,7
993691032,1,0,1
993800743,1,50,51
994014505,1,0,1
994114106,1,0,1
994236494,1,3,4
994329523,1,0,1
994637239,1,4,5
996108511,1,0,1
996521480,1,0,1
996522439,1,0,1
996784555,1,8,9
997707163,1,0,1
998111190,1,0,1
998265320,1,0,1
998602902,1,0,1
998659356,1,2,3
999492614,1,0,1
1000138237,1,0,1
1000486322,1,0,1
1000593379,1,0,1
1001853674,1,0,1
1002037116,1,0,1
1002988182,1,0,1
1003327958,1,0,1
1003392823,1,0,1
1003697563,1,4,5
1004026993,1,6,7
1004703319,1,0,1
1004975959,1,0,1
1005008256,1,0,1
1005186956,1,0,1
1005403578,1,5,6
1005835320,1,7,8
1006378050,1,0,1
1006766682,1,0,1
1006828502,1,0,1
1006959433,1,0,1
1007251651,1,0,1
1007264060,1,1,2
1007270731,1,0,1
1007908321,1,0,1
1008132133,1,0,1
1008456702,1,0,1
1008700580,1,1,2
1009193036,1,1,2
1009740216,1,0,1
1009970874,1,0,1
1010232998,1,0,1
1011412993,1,3,4
1011889118,1,31,32
1011947341,1,6,7
1012079557,1,0,1
1012519105,1,0,1
1012527242,1,0,1
1013302326,1,0,1
1013353628,1,0,1
1013471072,1,0,1
1013549725,1,0,1
1013886516,1,0,1
1014072990,1,0,1
1014153535,1,0,1
1016407884,1,0,1
1016408995,1,0,1
1017486866,1,0,1
1018575648,1,0,1
1018767013,1,0,1
1018799658,1,0,1
1019722404,1,1,2
1020240162,1,0,1
1020690678,1,0,1
1020735240,1,0,1
1020817297,1,0,1
1020942283,1,0,1
1022520354,1,0,1
1022564893,1,5,6
1023070302,1,0,1
1023189146,1,0,1
1023203281,1,25,26
1023204948,1,0,1
1023287312,1,2,3
1023537955,1,0,1
1023555666,1,10,11
1023680377,1,0,1
1023696499,1,0,1
1023703579,1,1,2
1023725318,1,0,1
1024263169,1,1,2
1024309812,1,0,1
1024598382,1,0,1
1025157415,1,3,4
1025200278,1,0,1
1026651848,1,1,2
1026767786,1,0,1
1027290252,1,0,1
1027497510,1,0,1
1027530452,1,0,1
1027544636,1,0,1
1027549734,1,0,1
1027643618,1,17,18
1027777225,1,0,1
1027850478,1,0,1
1027913366,1,0,1
1028041303,1,0,1
1028447786,1,0,1
1028897996,1,0,1
1029281503,1,2,3
1029409135,1,0,1
1029433478,1,0,1
1029561404,1,0,1
1029611364,1,0,1
1029698088,1,0,1
1029764929,1,5,6
1029768895,1,0,1
1029879152,1,0,1
1030957776,1,0,1
1031027586,1,2,3
1031342630,1,15,16
1031422854,1,5,6
1031714167,1,0,1
1033176013,1,0,1
1033433580,1,0,1
1033632037,1,0,1
1033843388,1,0,1
1034059482,1,0,1
1035115898,1,0,1
1035181674,1,0,1
1035417768,1,0,1
1035564186,1,0,1
1035662497,1,0,1
1035956395,1,45,46
1036263548,1,1,2
1036571305,1,0,1
1037031822,1,9,10
1037054137,1,1,2
1037633358,1,32,33
1037912198,1,0,1
1038046633,1,0,1
1038247788,1,0,1
1038793874,1,0,1
1038873961,1,0,1
1039687591,1,3,4
1039937906,1,0,1
1040007576,1,1,2
1040151571,1,0,1
1040175984,1,0,1
1040201636,1,0,1
1040599351,1,0,1
1041092198,1,1,2
1041101966,1,0,1
1041110846,1,0,1
1041908167,1,1,2
1043702106,1,0,1
1043839590,1,1,2
1043886318,1,0,1
1043921508,1,0,1
1043937374,1,0,1
1045032811,1,0,1
1045314505,1,0,1
1045704703,1,0,1
1046001414,1,1,2
1046086842,1,0,1
1046156922,1,0,1
1046178841,1,0,1
1046317070,1,0,1
1047347689,1,0,1
1047842785,1,0,1
1048178654,1,0,1
1048553485,1,0,1
1048638301,1,0,1
1048768314,1,0,1
1048969651,1,1,2
1048970125,1,0,1
1049040930,1,1,2
1049453966,1,0,1
1049590524,1,0,1
1049851838,1,44,45
1050264343,1,9,10
1051000728,1,0,1
1051157689,1,0,1
1051470870,1,0,1
1051526647,1,0,1
1051614434,1,2,3
1052197638,1,0,1
1053548754,1,0,1
1053901746,1,0,1
1053951564,1,0,1
1054129117,1,0,1
1055078894,1,0,1
1055715144,1,2,3
1055858887,1,1,2
1056071892,1,0,1
1056486510,1,0,1
1056585638,1,2,3
1056623736,1,0,1
1056903685,1,0,1
1057022552,1,0,1
1058659153,1,4,5
1058825928,1,0,1
1058905208,1,0,1
1058912070,1,4,5
1058927491,1,0,1
1059182941,1,0,1
1059524298,1,0,1
1059622694,1,0,1
1060982604,1,0,1
1061172590,1,4,5
1061342840,1,0,1
1061593800,1,1,2
1061640438,1,0,1
1061853404,1,0,1
1061869248,1,0,1
1062041365,1,0,1
1062204847,1,0,1
1062609175,1,0,1
1063702867,1,0,1
1064552270,1,0,1
1064566166,1,0,1
1064910271,1,0,1
1064929668,1,0,1
1064936652,1,0,1
1065041960,1,36,37
1066488912,1,0,1
1066616678,1,0,1
1066657927,1,0,1
1066982792,1,0,1
1067057438,1,0,1
1067178396,1,0,1
1067286354,1,0,1
1067302153,1,0,1
1068700262,1,1,2
1069040479,1,0,1
1069310856,1,0,1
1069350876,1,0,1
1069381038,1,0,1
1069672248,1,0,1
1069790318,1,0,1
1069862533,1,0,1
1069963843,1,0,1
1069992097,1,7,8
1071255042,1,0,1
1071393769,1,3,4
1071887564,1,0,1
1071915931,1,0,1
1072545488,1,0,1
1072940611,1,30,31
1073489377,1,1,2
1074257725,1,2,3
1074414578,1,16,17
1074695221,1,0,1
1074738020,1,1,2
1075007628,1,0,1
1075212768,1,0,1
1075429928,1,0,1
1075486716,1,0,1
1075533751,1,0,1
1076190428,1,0,1
1077804966,1,0,1
1077929959,1,0,1
1078007575,1,2,3
1078188086,1,14,15
1078268827,1,0,1
1078461812,1,0,1
1078538989,1,0,1
1078627118,1,0,1
1079529684,1,0,1
1081316864,1,0,1
1081357285,1,0,1
1081488636,1,0,1
1081548811,1,0,1
1082213216,1,0,1
1084203997,1,0,1
1084245990,1,0,1
1084468364,1,0,1
1085110052,1,0,1
1085539585,1,0,1
1086311502,1,0,1
1086519206,1,0,1
1086548798,1,0,1
1086603308,1,7,8
1086626124,1,0,1
1087269877,1,0,1
1087581278,1,0,1
1087741308,1,0,1
1087807093,1,0,1
1087814676,1,0,1
1088081023,1,0,1
1089260611,1,0,1
1090099826,1,8,9
1090455294,1,0,1
1090516105,1,0,1
1090969770,1,0,1
1091583102,1,0,1
1092246614,1,2,3
1092285990,1,2,3
1092446305,1,0,1
1093136443,1,0,1
1093601887,1,0,1
1093614313,1,0,1
1093913418,1,0,1
1093937593,1,0,1
1094363900,1,0,1
1096757522,1,0,1
1097003994,1,0,1
1099007347,1,2,3
1099725727,1,0,1
1100104346,1,0,1
1101965832,1,0,1
1102375332,1,0,1
1102485763,1,0,1
1102614620,1,0,1
1102963376,1,0,1
1104646644,1,0,1
1104816812,1,0,1
1104839761,1,0,1
1104987361,1,4,5
1105147148,1,0,1
1105363267,1,0,1
1105529294,1,0,1
1105792310,1,3,4
1106675641,1,0,1
1106689147,1,0,1
1106855286,1,28,29
1107029167,1,0,1
1107669662,1,0,1
1107740761,1,0,1
1107742862,1,0,1
1108223725,1,0,1
1109067350,1,2,3
1109600209,1,0,1
1110039476,1,0,1
1110358981,1,0,1
1110405902,1,0,1
1110418602,1,0,1
1110524263,1,0,1
1111109918,1,0,1
1111427094,1,0,1
1111860486,1,0,1
1112473182,1,0,1
1112627653,1,0,1
1112868014,1,0,1
1113125816,1,0,1
1114150058,1,0,1
1114763755,1,0,1
1114951117,1,0,1
1115030996,1,3,4
1115574830,1,0,1
1115829522,1,0,1
1115899033,1,0,1
1115900336,1,0,1
1115943487,1,0,1
1116312343,1,1,2
1116915092,1,0,1
1116968862,1,4,5
1117763095,1,7,8
1117962944,1,0,1
1118031644,1,0,1
1118161848,1,1,2
1118189725,1,0,1
1118236610,1,0,1
1120341751,1,0,1
1120537310,1,67,68
1120957232,1,0,1
1121138324,1,0,1
1122115938,1,0,1
1122192223,1,0,1
1122232928,1,0,1
1122493076,1,0,1
1122977761,1,0,1
1123605792,1,0,1
1123779361,1,1,2
1124051113,1,0,1
1125296510,1,0,1
1125780061,1,0,1
1126098710,1,0,1
1126372711,1,0,1
1126721888,1,0,1
1126806636,1,2,3
1126909489,1,0,1
1126938426,1,0,1
1126945902,1,0,1
1127701964,1,0,1
1128136518,1,0,1
1128262452,1,0,1
1128754860,1,0,1
1128897685,1,1,2
1129061479,1,0,1
1129154552,1,1,2
1129416319,1,0,1
1129458060,1,0,1
1129581109,1,1,2
1129661774,1,0,1
1129677722,1,0,1
1129713583,1,0,1
1129915550,1,1,2
1130500364,1,0,1
1130567605,1,0,1
1130880686,1,0,1
1131416532,1,0,1
1131634638,1,2,3
1132370203,1,1,2
1132677643,1,0,1
1132887198,1,0,1
1133668411,1,0,1
1134258559,1,0,1
1135284163,1,0,1
1135393758,1,0,1
1135421960,1,0,1
1135422572,1,0,1
1135471008,1,0,1
1136713831,1,0,1
1138515276,1,0,1
1140963654,1,0,1
1141594722,1,0,1
1142760956,1,0,1
1142810071,1,0,1
1143191910,1,0,1
1144589838,1,0,1
1145628114,1,0,1
1145922578,1,0,1
1146247664,1,0,1
1146434054,1,5,6
1146787800,1,0,1
1146902000,1,0,1
1147164374,1,0,1
1148000395,1,0,1
1149407934,1,1,2
1149694885,1,0,1
1149802802,1,0,1
1151458201,1,0,1
1151684011,1,0,1
1151880834,1,0,1
1152183398,1,0,1
1152395600,1,17,18
1152426302,1,0,1
1152435163,1,0,1
1152464839,1,0,1
1152498145,1,0,1
1152604309,1,0,1
1152647407,1,0,1
1152810830,1,0,1
1152822031,1,0,1
1152846696,1,0,1
1152947712,1,0,1
1153771644,1,0,1
1153794835,1,0,1
1154355518,1,0,1
1154511324,1,0,1
1154703445,1,0,1
1155208591,1,0,1
1155871958,1,0,1
1155915620,1,0,1
1155934939,1,0,1
1155986010,1,0,1
1156132880,1,0,1
1156366434,1,0,1
1156470320,1,1,2
1157143663,1,4,5
1157409836,1,0,1
1157578711,1,0,1
1157589517,1,0,1
1157591942,1,0,1
1158236310,1,0,1
1158343814,1,0,1
1158629472,1,0,1
1158634008,1,0,1
1161094236,1,0,1
1161586526,1,0,1
1161629029,1,2,3
1161751752,1,0,1
1161783026,1,0,1
1162407068,1,0,1
1163483814,1,0,1
1163636443,1,0,1
1164321320,1,0,1
1164678464,1,0,1
1164771475,1,0,1
1164807397,1,0,1
1164820832,1,0,1
1165447214,1,0,1
1166075414,1,1,2
1167101066,1,0,1
1167509108,1,0,1
1167545688,1,0,1
1169093844,1,0,1
1169140291,1,0,1
1169506860,1,0,1
1170080588,1,0,1
1170862669,1,3,4
1171131348,1,0,1
1171424539,1,0,1
1172278158,1,0,1
1172768838,1,0,1
1172878806,1,0,1
1173016188,1,72,73
1173225679,1,2,3
1173290388,1,0,1
1173575173,1,0,1
1173617888,1,0,1
1173713341,1,0,1
1173855078,1,1,2
1174097395,1,0,1
1175190336,1,0,1
1175461693,1,1,2
1176536580,1,0,1
1176590557,1,0,1
1176693038,1,0,1
1176702553,1,0,1
1176963986,1,0,1
1177105188,1,0,1
1177164313,1,61,62
1177215114,1,0,1
1179717230,1,0,1
1180294045,1,0,1
1180839613,1,0,1
1180854360,1,0,1
1181124217,1,7,8
1181981708,1,0,1
1182651103,1,0,1
1182973909,1,42,43
1183229401,1,0,1
1183618099,1,0,1
1183645340,1,0,1
1184264436,1,5,6
1184442554,1,0,1
1184506722,1,0,1
1184633814,1,0,1
1186729844,1,0,1
1187095567,1,0,1
1187257172,1,0,1
1187731459,1,2,3
1187827254,1,0,1
1187985518,1,2,3
1188281468,1,0,1
1188549559,1,12,13
1188703446,1,0,1
1189112119,1,1,2
1189195650,1,0,1
1189628401,1,0,1
1189958814,1,0,1
1191147193,1,0,1
1191317522,1,0,1
1191893407,1,0,1
1192049725,1,0,1
1192111291,1,0,1
1192506295,1,2,3
1192520870,1,0,1
1193308286,1,2,3
1194952273,1,0,1
1194976963,1,0,1
1195344582,1,4,5
1195440200,1,0,1
1195590906,1,0,1
1197166399,1,0,1
1199403612,1,0,1
1199491579,1,0,1
1199547158,1,8,9
1199611622,1,2,3
1199753743,1,0,1
1201063968,1,0,1
1201568532,1,0,1
1202060100,1,0,1
1202213178,1,0,1
1202606011,1,0,1
1202815862,1,0,1
1204106311,1,0,1
1204832299,1,1,2
1205321509,1,0,1
1205345930,1,0,1
1205932645,1,0,1
1206140018,1,0,1
1206185732,1,0,1
1206204710,1,0,1
1206879247,1,0,1
1207578805,1,0,1
1208562032,1,0,1
1209057487,1,17,18
1209799262,1,0,1
1210021777,1,0,1
1210029901,1,0,1
1210591171,1,13,14
1210841917,1,0,1
1211555472,1,0,1
1212675348,1,0,1
1213081574,1,2,3
1213179745,1,0,1
1213288621,1,0,1
1213990818,1,0,1
1214175799,1,0,1
1214582460,1,7,8
1214969994,1,0,1
1216162105,1,0,1
1216410960,1,0,1
1216667011,1,0,1
1216962002,1,0,1
1219271910,1,0,1
1220147221,1,0,1
1220179914,1,3,4
1220444108,1,0,1
1221662432,1,0,1
1222049490,1,0,1
1222115934,1,7,8
1222377378,1,1,2
1222774016,1,0,1
1222803882,1,1,2
1222952786,1,0,1
1222981764,1,0,1
1223338801,1,0,1
1223434682,1,0,1
1223439110,1,0,1
1223486288,1,0,1
1223554518,1,0,1
1223569238,1,2,3
1223763494,1,0,1
1223859218,1,0,1
1223919068,1,0,1
1224893010,1,8,9
1225147285,1,0,1
1225336950,1,0,1
1225691011,1,0,1
1225722697,1,0,1
1226181242,1,0,1
1226327708,1,0,1
1226528660,1,0,1
1226576334,1,0,1
1227323636,1,0,1
1227528806,1,0,1
1227834416,1,0,1
1228236613,1,0,1
1228357454,1,0,1
1229068082,1,0,1
1232124529,1,0,1
1232342641,1,0,1
1232431050,1,0,1
1232467596,1,0,1
1232576514,1,0,1
1232955438,1,1,2
1233761515,1,0,1
1236200648,1,0,1
1236750614,1,0,1
1237076059,1,0,1
1237126249,1,0,1
1237265527,1,0,1
1238751979,1,0,1
1238825958,1,0,1
1239072139,1,9,10
1239875760,1,0,1
1239925705,1,0,1
1240203006,1,0,1
1240377594,1,0,1
1240571851,1,0,1
1241668471,1,0,1
1241849287,1,7,8
1242194564,1,0,1
1242247633,1,0,1
1242297566,1,0,1
1242336774,1,0,1
1242605568,1,0,1
1242611298,1,0,1
1242727056,1,0,1
1243911776,1,0,1
1244060600,1,0,1
1244709858,1,17,18
1244786641,1,0,1
1244896429,1,0,1
1244932207,1,0,1
1245042404,1,0,1
1245084134,1,0,1
1246282128,1,0,1
1246689349,1,0,1
1246841900,1,0,1
1246937125,1,0,1
1247235961,1,0,1
1247257898,1,0,1
1247762641,1,0,1
1247870666,1,0,1
1247950308,1,0,1
1247951370,1,0,1
1249246646,1,0,1
1250403535,1,0,1
1250614100,1,0,1
1251522193,1,0,1
1251726854,1,0,1
1251767720,1,0,1
1252041013,1,0,1
1252204670,1,0,1
1252736072,1,1,2
1252969357,1,0,1
1253201232,1,0,1
1253405240,1,0,1
1253458777,1,0,1
1255075556,1,0,1
1255448166,1,0,1
1255550402,1,0,1
1255621969,1,0,1
1255798728,1,0,1
1255852976,1,0,1
1256122058,1,1,2
1256316871,1,3,4
1256397870,1,0,1
1257157231,1,0,1
1257245570,1,0,1
1258220696,1,0,1
1258392842,1,11,12
1258419186,1,0,1
1258738538,1,0,1
1259559439,1,0,1
1260199910,1,0,1
1262772546,1,0,1
1263110184,1,2,3
1263257862,1,0,1
1263345200,1,1,2
1263452131,1,0,1
1263488491,1,0,1
1263544249,1,0,1
1263745368,1,0,1
1264371828,1,0,1
1264928161,1,0,1
1265304829,1,0,1
1266551677,1,0,1
1266667238,1,1,2
1267301382,1,0,1
1267494606,1,0,1
1268126316,1,3,4
1268155291,1,0,1
1268420155,1,9,10
1268438581,1,0,1
1268571054,1,0,1
1269342870,1,0,1
1269901164,1,0,1
1270403629,1,0,1
1270410307,1,0,1
1270626349,1,0,1
1270695013,1,1,2
1271025590,1,1,2
1271042394,1,0,1
1271421144,1,0,1
1272306600,1,0,1
1272626335,1,0,1
1272642870,1,4,5
1272850484,1,0,1
1273635122,1,0,1
1273730839,1,0,1
1273992044,1,0,1
1275182359,1,2,3
1275602743,1,0,1
1275830455,1,0,1
1275830563,1,8,9
1276174411,1,0,1
1276239662,1,0,1
1276250496,1,3,4
1276286516,1,0,1
1276315184,1,0,1
1276650637,1,0,1
1277434903,1,0,1
1277790576,1,0,1
1278447512,1,0,1
1278465306,1,0,1
1278557966,1,0,1
1278973044,1,29,30
1279059498,1,0,1
1279353391,1,0,1
1281610380,1,0,1
1281949872,1,0,1
1282014338,1,10,11
1282562156,1,0,1
1282683962,1,0,1
1284270122,1,0,1
1284287208,1,0,1
1284418495,1,0,1
1284700026,1,0,1
1284904110,1,0,1
1285094034,1,0,1
1285530516,1,0,1
1285910928,1,0,1
1285955552,1,0,1
1286146100,1,0,1
1286446596,1,0,1
1286868019,1,0,1
1287022874,1,0,1
1287579739,1,0,1
1289513515,1,0,1
1289710524,1,0,1
1290020972,1,0,1
1290037860,1,7,8
1290336313,1,0,1
1290340495,1,0,1
1291625395,1,0,1
1291688851,1,0,1
1292227848,1,0,1
1292271025,1,0,1
1292942611,1,5,6
1292975978,1,0,1
1293195908,1,0,1
1293641047,1,0,1
1295728213,1,9,10
1295908140,1,0,1
1295966095,1,0,1
1296085086,1,0,1
1296105319,1,1,2
1296125136,1,0,1
1296974197,1,1,2
1297531717,1,0,1
1297648069,1,0,1
1300183842,1,4,5
1300738880,1,0,1
1300877491,1,0,1
1302171356,1,0,1
1304343799,1,0,1
1304465947,1,0,1
1305556297,1,4,5
1306245326,1,0,1
1306314722,1,0,1
1307278160,1,0,1
1308846589,1,0,1
1309065434,1,0,1
1309120315,1,0,1
1310264029,1,2,3
1310320722,1,0,1
1310542020,1,0,1
1310952450,1,0,1
1311047029,1,10,11
1311740166,1,5,6
1312650744,1,0,1
1314370926,1,0,1
1315175378,1,0,1
1315374206,1,0,1
1315569343,1,0,1
1315723932,1,0,1
1317209479,1,0,1
1317595136,1,5,6
1318630254,1,0,1
1318730994,1,0,1
1318931731,1,2,3
1319179255,1,0,1
1319203154,1,0,1
1320261757,1,0,1
1320335846,1,0,1
1320758360,1,5,6
1321170750,1,0,1
1321492686,1,0,1
1321534375,1,0,1
1321616094,1,1,2
1321693196,1,0,1
1321843789,1,4,5
1321903140,1,0,1
1322132988,1,0,1
1322685416,1,1,2
1322749267,1,4,5
1322887746,1,1,2
1323022424,1,0,1
1323211873,1,0,1
1323631722,1,0,1
1323703807,1,0,1
1323712789,1,1,2
1324511486,1,2,3
1324706540,1,0,1
1324796978,1,14,15
1325152819,1,0,1
1325788501,1,1,2
1326185786,1,0,1
1326593832,1,9,10
1327241454,1,0,1
1328096300,1,0,1
1328151283,1,2,3
1328407309,1,0,1
1328800880,1,0,1
1329621386,1,1,2
1329817428,1,0,1
1330089505,1,0,1
1330604954,1,0,1
1330628820,1,0,1
1330848342,1,0,1
1331812969,1,0,1
1331852593,1,3,4
1332077161,1,1,2
1332245678,1,0,1
1332522288,1,1,2
1332648078,1,0,1
1332875600,1,0,1
1332893328,1,1,2
1333032907,1,0,1
1333220114,1,0,1
1334301475,1,0,1
1334362478,1,0,1
1334569291,1,0,1
1334659567,1,0,1
1334721571,1,0,1
1334747546,1,0,1
1334772666,1,0,1
1334879203,1,0,1
1335036794,1,0,1
1335465493,1,0,1
1335500755,1,0,1
1335733808,1,1,2
1336028126,1,0,1
1336921423,1,0,1
1337182236,1,0,1
1337367710,1,0,1
1337387131,1,0,1
1337523140,1,1,2
1337853854,1,0,1
1337904289,1,0,1
1339327807,1,0,1
1339691472,1,0,1
1340030994,1,0,1
1340185608,1,6,7
1340752244,1,0,1
1341471026,1,0,1
1341746767,1,0,1
1342174633,1,0,1
1342406816,1,0,1
1342460424,1,0,1
1342522992,1,0,1
1342769718,1,0,1
1343083453,1,0,1
1343753077,1,0,1
1344305209,1,30,31
1344572136,1,2,3
1344725485,1,0,1
1344756536,1,0,1
1345029140,1,0,1
1345538628,1,0,1
1345616456,1,0,1
1345831225,1,7,8
1346600790,1,1,2
1346900839,1,0,1
1347215418,1,0,1
1347396588,1,0,1
1347599706,1,0,1
1347654158,1,0,1
1347704640,1,0,1
1347910052,1,0,1
1347935018,1,0,1
1348244106,1,0,1
1348327302,1,11,12
1349089591,1,0,1
1349454619,1,1,2
1349511222,1,0,1
1349972749,1,0,1
1350036306,1,0,1
1350237667,1,0,1
1350427808,1,0,1
1350707557,1,0,1
1351004197,1,13,14
1351620541,1,0,1
1351886539,1,0,1
1352900569,1,0,1
1353044863,1,0,1
1353045306,1,0,1
1353401988,1,0,1
1354185794,1,0,1
1355443350,1,0,1
1355493535,1,0,1
1355920783,1,0,1
1356218888,1,0,1
1356716594,1,0,1
1356913268,1,2,3
1356932797,1,0,1
1357258934,1,0,1
1357739948,1,1,2
1357892316,1,8,9
1358234035,1,0,1
1358250986,1,0,1
1359042271,1,4,5
1359279560,1,0,1
1359532466,1,0,1
1359549002,1,0,1
1359672908,1,0,1
1360094042,1,2,3
1360153596,1,0,1
1360486214,1,0,1
1360501562,1,0,1
1360522050,1,0,1
1360620829,1,0,1
1360637324,1,0,1
1360903723,1,0,1
1360925083,1,0,1
1361037710,1,1,2
1362840392,1,0,1
1362841448,1,0,1
1362961388,1,1,2
1362997818,1,0,1
1363555850,1,1,2
1364642244,1,0,1
1364834630,1,0,1
1364842116,1,0,1
1365018254,1,0,1
1365114008,1,0,1
1365165390,1,0,1
1365230282,1,0,1
1365405596,1,0,1
1365629082,1,9,10
1365782034,1,0,1
1366065578,1,0,1
1366105285,1,0,1
1366266294,1,0,1
1366290577,1,6,7
1366360956,1,0,1
1367116628,1,7,8
1367602410,1,0,1
1367842062,1,1,2
1368053684,1,0,1
1368353814,1,0,1
1368847292,1,0,1
1369439413,1,0,1
1369832287,1,0,1
1369856804,1,0,1
1370120395,1,0,1
1370364511,1,0,1
1370900198,1,0,1
1370946446,1,0,1
1371206042,1,0,1
1371706364,1,0,1
1373060030,1,0,1
1373091786,1,0,1
1373334182,1,0,1
1373476321,1,0,1
1374074077,1,0,1
1374437742,1,0,1
1374790224,1,2,3
1375196688,1,0,1
1375257613,1,0,1
1375789568,1,0,1
1375794307,1,1,2
1376155932,1,1,2
1376560616,1,0,1
1376561450,1,0,1
1376881916,1,0,1
1377377474,1,0,1
1377620420,1,0,1
1378056072,1,7,8
1378495266,1,0,1
1380119239,1,0,1
1380565256,1,0,1
1380753061,1,4,5
1381679798,1,0,1
1382547744,1,0,1
1382709679,1,0,1
1382991440,1,0,1
1383036158,1,2,3
1383259370,1,0,1
1383313525,1,0,1
1384203126,1,0,1
1384797854,1,0,1
1385530874,1,0,1
1385608369,1,0,1
1385694146,1,0,1
1385861262,1,6,7
1386105943,1,0,1
1386156193,1,3,4
1386821876,1,0,1
1386864978,1,0,1
1387297622,1,0,1
1387573058,1,0,1
1387773918,1,0,1
1388045436,1,0,1
1388271078,1,0,1
1388532222,1,0,1
1388943902,1,0,1
1389588673,1,0,1
1389888505,1,0,1
1390507742,1,0,1
1390990824,1,0,1
1391772038,1,0,1
1392043436,1,0,1
1393207129,1,0,1
1393286984,1,0,1
1393311842,1,0,1
1393421844,1,4,5
1393449294,1,0,1
1393451119,1,3,4
1393461691,1,1,2
1393994718,1,0,1
1394774503,1,0,1
1394993720,1,3,4
1395958154,1,0,1
1396887990,1,1,2
1397392195,1,0,1
1397825786,1,0,1
1398290905,1,0,1
1398389190,1,0,1
1398542305,1,0,1
1398736676,1,0,1
1398754898,1,0,1
1398759560,1,136,137
1398855734,1,0,1
1399338691,1,0,1
1400269056,1,0,1
1400296506,1,0,1
1401139082,1,0,1
1401170766,1,0,1
1401283974,1,0,1
1402058580,1,1,2
1402099903,1,0,1
1402270153,1,0,1
1402574874,1,0,1
1403268324,1,0,1
1403435034,1,0,1
1403932538,1,0,1
1405231326,1,0,1
1405309777,1,0,1
1405613454,1,0,1
1405973330,1,0,1
1406185772,1,0,1
1406588750,1,0,1
1408345447,1,0,1
1408448659,1,0,1
1408665450,1,0,1
1408753184,1,0,1
1409092458,1,0,1
1409108803,1,0,1
1409120744,1,0,1
1409132414,1,0,1
1410048950,1,1,2
1410419798,1,0,1
1410505039,1,0,1
1410656035,1,0,1
1410783780,1,3,4
1411053104,1,0,1
1412160763,1,30,31
1413189434,1,0,1
1413525390,1,0,1
1413622279,1,1,2
1413734624,1,0,1
1414052004,1,0,1
1414980961,1,0,1
1415037116,1,0,1
1415995603,1,0,1
1416105282,1,3,4
1416395384,1,0,1
1416649153,1,0,1
1416775164,1,0,1
1416935965,1,0,1
1417154450,1,0,1
1417193834,1,3,4
1417494906,1,0,1
1418664222,1,0,1
1418918544,1,0,1
1419147042,1,0,1
1419186452,1,7,8
1419636200,1,0,1
1419724207,1,0,1
1419846296,1,0,1
1419920082,1,0,1
1421515423,1,1,2
1422243691,1,0,1
1422343452,1,1,2
1423322641,1,0,1
1423696837,1,0,1
1423866806,1,0,1
1424111700,1,0,1
1424960708,1,0,1
1425898723,1,11,12
1426271282,1,0,1
1426364527,1,2,3
1426484334,1,0,1
1426631498,1,0,1
1426639423,1,0,1
1427040900,1,0,1
1428092959,1,1,2
1428677389,1,0,1
1429036027,1,0,1
1429561466,1,0,1
1429607790,1,0,1
1429783322,1,2,3
1430367806,1,3,4
1431732181,1,1,2
1431890406,1,2,3
1431920761,1,0,1
1434378326,1,0,1
1435894410,1,8,9
1436047818,1,0,1
1436170316,1,0,1
1436297353,1,0,1
1436387929,1,0,1
1436750762,1,0,1
1436760882,1,0,1
1436960107,1,0,1
1437274274,1,0,1
1437533449,1,0,1
1437678642,1,0,1
1438267482,1,0,1
1438292940,1,0,1
1438742467,1,1,2
1439173304,1,0,1
1439913216,1,0,1
1440026906,1,0,1
1440066967,1,0,1
1440725329,1,0,1
1440873980,1,0,1
1441217592,1,0,1
1442058072,1,0,1
1442214408,1,0,1
1442260866,1,0,1
1442595758,1,0,1
1442643660,1,0,1
1443610214,1,0,1
1444183386,1,0,1
1444300153,1,0,1
1444442844,1,0,1
1444525500,1,0,1
1444799468,1,0,1
1444869572,1,0,1
1444932991,1,0,1
1444934610,1,0,1
1445411276,1,0,1
1446899778,1,0,1
1447743788,1,0,1
1447788079,1,0,1
1449009691,1,0,1
1449343861,1,3,4
1449517760,1,0,1
1449575527,1,1,2
1449772669,1,0,1
1449998204,1,0,1
1450159045,1,0,1
1450210909,1,0,1
1450387410,1,2,3
1452252499,1,0,1
1452401774,1,1,2
1452952076,1,3,4
1453085888,1,0,1
1453381074,1,2,3
1454146327,1,0,1
1454274205,1,0,1
1454332086,1,0,1
1454488878,1,1,2
1455432643,1,0,1
1455505123,1,0,1
1455574105,1,1,2
1456533710,1,1,2
1456852255,1,0,1
1457006184,1,10,11
1457096371,1,0,1
1457448582,1,0,1
1457836952,1,0,1
1457951460,1,1,2
1458343699,1,0,1
1458474110,1,0,1
1459263914,1,0,1
1459449356,1,0,1
1459525490,1,0,1
1460305141,1,0,1
1460795006,1,9,10
1460964902,1,0,1
1462026006,1,0,1
1462171854,1,0,1
1462213400,1,0,1
1462324429,1,0,1
1463234894,1,0,1
1463472696,1,0,1
1463541673,1,20,21
1463816394,1,0,1
1464460771,1,0,1
1464629118,1,0,1
1465450662,1,0,1
1465827270,1,0,1
1465918748,1,0,1
1465923001,1,0,1
1466170338,1,0,1
1466579718,1,0,1
1467357492,1,0,1
1467432649,1,0,1
1467738080,1,9,10
1467796519,1,0,1
1467808118,1,0,1
1467979164,1,0,1
1468568558,1,0,1
1468845272,1,0,1
1468947013,1,0,1
1470219450,1,0,1
1470958045,1,0,1
1471159890,1,0,1
1472571781,1,0,1
1472767362,1,0,1
1472786593,1,0,1
1472957100,1,0,1
1473077186,1,0,1
1473528288,1,0,1
1473568320,1,0,1
1475240492,1,1,2
1475340008,1,1,2
1475437591,1,0,1
1476058352,1,0,1
1477224776,1,0,1
1477697948,1,0,1
1478326970,1,0,1
1478360545,1,0,1
1478393562,1,0,1
1478768088,1,3,4
1478804335,1,0,1
1478847212,1,0,1
1479559561,1,1,2
1479887881,1,2,3
1480208600,1,0,1
1480463642,1,0,1
1481073642,1,0,1
1481325733,1,0,1
1482317839,1,0,1
1482356186,1,0,1
1482825356,1,0,1
1483053277,1,0,1
1483425114,1,0,1
1483618496,1,0,1
1484073703,1,0,1
1485120193,1,0,1
1485773706,1,0,1
1485828128,1,5,6
1486493480,1,0,1
1487086063,1,0,1
1487996952,1,0,1
1488024356,1,0,1
1488355226,1,0,1
1488779364,1,0,1
1488893934,1,0,1
1489284691,1,0,1
1489335859,1,4,5
1490729713,1,0,1
1490781439,1,0,1
1490929940,1,0,1
1490939281,1,0,1
1491368012,1,2,3
1491543289,1,0,1
1491770197,1,0,1
1492343814,1,0,1
1493165586,1,0,1
1493672972,1,1,2
1493930180,1,10,11
1494108895,1,0,1
1494719953,1,0,1
1495880346,1,0,1
1495975435,1,5,6
1496111664,1,2,3
1496348120,1,0,1
1496403914,1,7,8
1496909269,1,0,1
1497031124,1,0,1
1497312055,1,0,1
1498403850,1,0,1
1498492806,1,0,1
1498571880,1,3,4
1498912549,1,0,1
1499114946,1,11,12
1499206465,1,0,1
1501496244,1,1,2
1506157549,1,1,2
1506194455,1,0,1
1507072549,1,1,2
1507110583,1,0,1
1507241024,1,0,1
1507761374,1,0,1
1508213172,1,0,1
1508410711,1,0,1
1511633233,1,0,1
1511726120,1,7,8
1512132302,1,0,1
1512295046,1,0,1
1512494304,1,0,1
1513006658,1,0,1
1514388198,1,2,3
1514586925,1,1,2
1514754378,1,13,14
1515831528,1,0,1
1515908005,1,0,1
1516900555,1,0,1
1516956493,1,0,1
1517528552,1,0,1
1517605531,1,1,2
1517854183,1,15,16
1517895067,1,0,1
1518157458,1,0,1
1518397128,1,0,1
1518857420,1,0,1
1519682707,1,0,1
1520669994,1,0,1
1520799152,1,2,3
1521123260,1,0,1
1521213607,1,0,1
1521238356,1,3,4
1522725212,1,0,1
1522812469,1,0,1
1523284266,1,0,1
1523500760,1,0,1
1523763619,1,0,1
1524828596,1,0,1
1524960600,1,0,1
1525215300,1,0,1
1526864863,1,14,15
1527532836,1,0,1
1528241000,1,0,1
1528686728,1,0,1
1529011994,1,0,1
1529146658,1,0,1
1529213922,1,0,1
1529680669,1,0,1
1530010346,1,0,1
1531525988,1,169,170
1532135701,1,0,1
1532175576,1,3,4
1532567672,1,0,1
1532699894,1,0,1
1532777114,1,0,1
1534309873,1,0,1
1534534015,1,0,1
1534691744,1,0,1
1535005507,1,0,1
1535234418,1,0,1
1535486215,1,0,1
1535538062,1,0,1
1535842010,1,0,1
1535883205,1,0,1
1536617431,1,0,1
1537490804,1,3,4
1537541180,1,2,3
1537603038,1,0,1
1537644374,1,0,1
1538679618,1,0,1
1538869537,1,0,1
1539489720,1,0,1
1540607102,1,0,1
1540796455,1,0,1
1541754792,1,1,2
1542307050,1,2,3
1542416172,1,0,1
1543635811,1,1,2
1543892166,1,0,1
1543936286,1,1,2
1544225748,1,0,1
1544947429,1,0,1
1545933570,1,7,8
1546803079,1,0,1
1547266274,1,0,1
1547894173,1,0,1
1548178472,1,1,2
1548446377,1,0,1
1548689551,1,0,1
1548737539,1,0,1
1549058492,1,3,4
1550357083,1,0,1
1550497057,1,0,1
1550962118,1,0,1
1551035946,1,1,2
1551752168,1,0,1
1552049420,1,0,1
1552196366,1,0,1
1553267965,1,1,2
1553650352,1,0,1
1553676794,1,0,1
1553805284,1,0,1
1554184982,1,0,1
1554387871,1,0,1
1554904376,1,0,1
1556192384,1,0,1
1556361764,1,0,1
1556797788,1,0,1
1556951137,1,0,1
1556958427,1,0,1
1557003331,1,0,1
1557026666,1,0,1
1558345142,1,0,1
1559109876,1,0,1
1559392482,1,0,1
1559523470,1,0,1
1559534599,1,0,1
1559999077,1,0,1
1560088860,1,0,1
1560867782,1,0,1
1561206283,1,0,1
1561381489,1,1,2
1561732376,1,3,4
1561771934,1,0,1
1561817036,1,0,1
1562219508,1,0,1
1562272220,1,0,1
1562318832,1,0,1
1562396526,1,0,1
1562852479,1,0,1
1563141013,1,0,1
1563299498,1,0,1
1563531902,1,53,54
1563776910,1,0,1
1565827435,1,1,2
1566805129,1,0,1
1567391334,1,3,4
1567721155,1,0,1
1567990712,1,0,1
1568731766,1,0,1
1568779057,1,0,1
1568877193,1,0,1
1569364716,1,0,1
1569554954,1,0,1
1569578118,1,0,1
1570672825,1,0,1
1570852488,1,0,1
1571278213,1,0,1
1571679320,1,2,3
1571919355,1,0,1
1572084937,1,0,1
1572417146,1,0,1
1573475672,1,0,1
1573806572,1,0,1
1573905823,1,0,1
1574275399,1,0,1
1574992788,1,0,1
1575699774,1,0,1
1576145754,1,0,1
1576507188,1,0,1
1576897908,1,0,1
1577334998,1,0,1
1577940336,1,0,1
1578124182,1,0,1
1578921254,1,0,1
1579089020,1,0,1
1579257787,1,5,6
1579809553,1,0,1
1580293854,1,0,1
1580488638,1,0,1
1580753359,1,0,1
1581793861,1,0,1
1582011942,1,0,1
1582241208,1,0,1
1583383477,1,1,2
1584522895,1,0,1
1585449962,1,0,1
1586253757,1,0,1
1586415445,1,2,3
1586914352,1,0,1
1587338516,1,0,1
1588198946,1,0,1
1588238480,1,0,1
1588968378,1,6,7
1589379134,1,0,1
1589402784,1,0,1
1589465053,1,0,1
1589653326,1,0,1
1589818950,1,1,2
1589914476,1,7,8
1590015859,1,0,1
1590091100,1,0,1
1590606961,1,0,1
1591368109,1,0,1
1591616647,1,17,18
1591628202,1,0,1
1591661234,1,0,1
1591674679,1,1,2
1591982952,1,0,1
1592148780,1,0,1
1592386176,1,0,1
1592422136,1,0,1
1592729551,1,0,1
1592731968,1,0,1
1592991781,1,0,1
1593282708,1,10,11
1593444110,1,0,1
1593649753,1,0,1
1593685339,1,0,1
1593878312,1,0,1
1593925212,1,0,1
1594972596,1,0,1
1595032411,1,0,1
1595065908,1,0,1
1595067812,1,1,2
1596062574,1,0,1
1596624132,1,0,1
1596955555,1,2,3
1596996019,1,0,1
1597247641,1,0,1
1597254774,1,0,1
1597366052,1,0,1
1597691378,1,0,1
1597784690,1,0,1
1599113538,1,0,1
1599266138,1,0,1
1599553915,1,0,1
1599584178,1,0,1
1599599251,1,0,1
1599677563,1,0,1
1599776012,1,0,1
1600106641,1,0,1
1600366603,1,0,1
1601153377,1,0,1
1601375792,1,1,2
1601393774,1,1,2
1601451013,1,0,1
1601474245,1,1,2
1601498833,1,0,1
1601792796,1,0,1
1602172922,1,0,1
1602240110,1,0,1
1602428564,1,0,1
1602681804,1,12,13
1603201297,1,0,1
1603818494,1,0,1
1603986625,1,0,1
1604375522,1,0,1
1604401010,1,0,1
1604852011,1,0,1
1605159529,1,0,1
1605957452,1,0,1
1606265510,1,0,1
1606344974,1,10,11
1606652941,1,0,1
1607102954,1,0,1
1607999059,1,0,1
1608338893,1,0,1
1608560858,1,0,1
1609071360,1,0,1
1609096598,1,0,1
1609187456,1,3,4
1609563697,1,0,1
1609768970,1,0,1
1610445739,1,0,1
1611059000,1,0,1
1611406926,1,0,1
1611433686,1,0,1
1611608696,1,1,2
1612056084,1,0,1
1612142772,1,0,1
1612880636,1,0,1
1613100216,1,0,1
1613601134,1,0,1
1613640781,1,0,1
1613672408,1,0,1
1613815177,1,1,2
1613919042,1,1,2
1613958560,1,0,1
1613976876,1,0,1
1615048730,1,1,2
1615390332,1,1,2
1615877396,1,1,2
1615926037,1,0,1
1617134130,1,0,1
1617141373,1,0,1
1617875179,1,0,1
1618346611,1,0,1
1618499112,1,0,1
1618603262,1,0,1
1619031493,1,0,1
1619222257,1,14,15
1619398555,1,0,1
1619699882,1,0,1
1619938807,1,0,1
1621205677,1,0,1
1621681970,1,0,1
1622291822,1,0,1
1623747896,1,0,1
1624383158,1,1,2
1624384520,1,0,1
1624932019,1,0,1
1624994768,1,0,1
1625017784,1,1,2
1625497741,1,0,1
1625539790,1,0,1
1625607110,1,9,10
1625872430,1,0,1
1625883722,1,0,1
1626202572,1,1,2
1626215852,1,0,1
1626284348,1,0,1
1626382375,1,0,1
1626751933,1,1,2
1626849218,1,0,1
1627924561,1,0,1
1629014994,1,0,1
1629441680,1,0,1
1629720582,1,0,1
1631140573,1,2,3
1631703188,1,0,1
1631775086,1,0,1
1631798630,1,0,1
1632139969,1,0,1
1632221347,1,0,1
1633188014,1,0,1
1634381168,1,0,1
1635327870,1,0,1
1636513296,1,1,2
1636645297,1,0,1
1636898437,1,0,1
1637039239,1,17,18
1637148314,1,0,1
1638927296,1,18,19
1639159327,1,0,1
1639395961,1,14,15
1639435477,1,1,2
1639732068,1,0,1
1639744687,1,0,1
1640239711,1,0,1
1640314184,1,4,5
1641076052,1,0,1
1641192589,1,0,1
1641326696,1,0,1
1641751412,1,0,1
1641825937,1,0,1
1642271892,1,0,1
1642965704,1,0,1
1643427236,1,0,1
1643545752,1,0,1
1643789833,1,0,1
1643800386,1,0,1
1644165067,1,0,1
1644297510,1,0,1
1645535912,1,0,1
1645727234,1,0,1
1646301787,1,0,1
1646364187,1,0,1
1647075434,1,0,1
1648162908,1,0,1
1648214011,1,0,1
1648273694,1,0,1
1648634071,1,2,3
1648641464,1,0,1
1648773462,1,0,1
1648894448,1,0,1
1648964318,1,0,1
1649023478,1,0,1
1649075905,1,1,2
1649088205,1,0,1
1649372178,1,0,1
1649383596,1,0,1
1649397632,1,0,1
1650153091,1,3,4
1650257054,1,0,1
1651404948,1,0,1
1651905098,1,4,5
1652381144,1,0,1
1652595750,1,0,1
1653445536,1,0,1
1653636535,1,0,1
1654276650,1,1,2
1654544282,1,0,1
1654671162,1,0,1
1655408449,1,0,1
1655688265,1,0,1
1655797988,1,0,1
1656181614,1,0,1
1656385495,1,0,1
1656611101,1,1,2
1656820524,1,0,1
1656851204,1,0,1
1657176602,1,0,1
1657833709,1,0,1
1657837856,1,0,1
1658701892,1,0,1
1658956112,1,10,11
1659063007,1,0,1
1659177522,1,0,1
1659187603,1,0,1
1659357368,1,0,1
1659411462,1,0,1
1659430501,1,3,4
1659488563,1,0,1
1659678253,1,0,1
1660796666,1,0,1
1661090436,1,0,1
1661109638,1,0,1
1661144808,1,0,1
1661813256,1,0,1
1661916248,1,0,1
1663017961,1,2,3
1663135333,1,0,1
1665227306,1,2,3
1665279385,1,2,3
1665288823,1,0,1
1665614066,1,0,1
1665957133,1,0,1
1666030405,1,0,1
1666349059,1,0,1
1666956062,1,0,1
1667712062,1,0,1
1668105456,1,0,1
1668177566,1,3,4
1668847454,1,0,1
1669299858,1,0,1
1669541587,1,0,1
1670149272,1,0,1
1670475326,1,0,1
1671613182,1,60,61
1671714132,1,0,1
1672312446,1,0,1
1673281885,1,1,2
1673324432,1,0,1
1673865013,1,9,10
1674004442,1,0,1
1674022274,1,2,3
1674097027,1,0,1
1674307260,1,3,4
1674309853,1,0,1
1674371106,1,85,86
1674546415,1,1,2
1676420449,1,0,1
1676647772,1,0,1
1676895474,1,0,1
1677143568,1,0,1
1678096718,1,0,1
1678123254,1,0,1
1678180759,1,0,1
1678792254,1,2,3
1678923234,1,0,1
1679002826,1,2,3
1679446933,1,1,2
1680495127,1,0,1
1680997585,1,0,1
1681587734,1,1,2
1681677841,1,0,1
1681803338,1,0,1
1682121170,1,3,4
1682127457,1,0,1
1682139096,1,4,5
1682156766,1,0,1
1682288748,1,0,1
1682426083,1,0,1
1682662404,1,10,11
1683710208,1,0,1
1684456122,1,0,1
1684469948,1,12,13
1684670372,1,4,5
1684773674,1,1,2
1685235608,1,0,1
1686495649,1,0,1
1686850128,1,0,1
1686856597,1,0,1
1687106010,1,0,1
1687302440,1,0,1
1687928131,1,0,1
1688675810,1,0,1
1689046208,1,0,1
1689202490,1,0,1
1689301800,1,0,1
1689934068,1,4,5
1690186524,1,0,1
1690334310,1,0,1
1691434746,1,0,1
1691541824,1,4,5
1692109110,1,0,1
1692410311,1,0,1
1692882079,1,0,1
1694319481,1,0,1
1694827645,1,0,1
1695162631,1,0,1
1695234566,1,0,1
1695312344,1,0,1
1695599899,1,0,1
1695722822,1,0,1
1696382280,1,0,1
1696535870,1,3,4
1697268019,1,0,1
1697599813,1,0,1
1697630430,1,0,1
1697755261,1,0,1
1697909671,1,0,1
1699030302,1,0,1
1699752740,1,0,1
1700080669,1,0,1
1700499702,1,0,1
1700536106,1,1,2
1700546924,1,0,1
1700766462,1,0,1
1700815891,1,0,1
1700918756,1,0,1
1701868584,1,0,1
1703306378,1,0,1
1703391480,1,0,1
1705876284,1,11,12
1706101310,1,0,1
1706107621,1,2,3
1706196672,1,0,1
1706917651,1,0,1
1707082909,1,1,2
1707248929,1,0,1
1707980071,1,0,1
1708727593,1,0,1
1708819075,1,9,10
1708852302,1,0,1
1709186287,1,2,3
1709471798,1,0,1
1710266720,1,0,1
1710705968,1,2,3
1710756439,1,0,1
1710760957,1,0,1
1710820386,1,0,1
1711154838,1,0,1
1711561663,1,0,1
1712514991,1,0,1
1712974824,1,0,1
1713007837,1,0,1
1713456254,1,0,1
1713590449,1,0,1
1713984559,1,0,1
1714261309,1,0,1
1714649329,1,0,1
1715199553,1,0,1
1715742450,1,0,1
1715923154,1,0,1
1716033678,1,0,1
1716403723,1,2,3
1716775975,1,0,1
1716849668,1,0,1
1716863484,1,0,1
1717194584,1,13,14
1717408074,1,0,1
1717974824,1,0,1
1718704256,1,0,1
1718901722,1,0,1
1719482792,1,0,1
1719670268,1,0,1
1719798668,1,2,3
1720548516,1,1,2
1720759087,1,0,1
1720799773,1,1,2
1720858112,1,0,1
1720858657,1,0,1
1723086444,1,1,2
1723087028,1,0,1
1723339351,1,1,2
1723938434,1,0,1
1724056231,1,0,1
1725078577,1,0,1
1725338658,1,0,1
1725584222,1,0,1
1725835598,1,0,1
1726268778,1,0,1
1727052505,1,0,1
1727155310,1,2,3
1728404168,1,10,11
1729065025,1,0,1
1729788391,1,0,1
1729937208,1,0,1
1730200988,1,0,1
1730515046,1,0,1
1732659349,1,0,1
1733293656,1,0,1
1733398962,1,0,1
1733635310,1,0,1
1733753431,1,0,1
1734974215,1,0,1
1735127905,1,1,2
1736518854,1,0,1
1740448560,1,2,3
1750538718,1,0,1
1756656276,1,0,1
1758644114,1,0,1
1766955266,1,0,1
1773079526,1,0,1
1777392384,1,0,1
1802485614,1,0,1
1829544865,1,0,1
1832243125,1,1,2
1833224178,1,0,1
1834672734,1,0,1
1835368356,1,0,1
1837706515,1,0,1
1838720516,1,0,1
1842870649,1,0,1
1848987498,1,1,2
1849307420,1,0,1
1850955356,1,0,1
1851111061,1,1,2
1851354788,1,2,3
1852310388,1,7,8
1852397791,1,0,1
1852550730,1,0,1
1852910202,1,0,1
1853036239,1,0,1
1854715123,1,0,1
1854946778,1,17,18
1855252122,1,0,1
1855579754,1,0,1
1855611330,1,0,1
1857437510,1,0,1
1857683034,1,0,1
1858451203,1,0,1
1858544510,1,0,1
1859014448,1,0,1
1859070366,1,3,4
1859321100,1,0,1
1860215052,1,0,1
1861413494,1,1,2
1861910383,1,0,1
1862081720,1,0,1
1862356604,1,38,39
1862730259,1,25,26
1863304993,1,0,1
1863591786,1,1,2
1864353433,1,0,1
1864631480,1,0,1
1864675525,1,1,2
1864997695,1,0,1
1865322721,1,0,1
1865633582,1,0,1
1866509810,1,0,1
1866619902,1,0,1
1867728698,1,0,1
1868287897,1,0,1
1868380964,1,0,1
1868810166,1,0,1
1869337411,1,0,1
1869955608,1,0,1
1870053566,1,0,1
1870102094,1,0,1
1871890988,1,0,1
1872266736,1,0,1
1872570132,1,0,1
1873539488,1,61,62
1873583209,1,0,1
1873976750,1,0,1
1874199709,1,0,1
1875605521,1,0,1
1877001882,1,2,3
1877096528,1,0,1
1877560188,1,0,1
1880691048,1,0,1
1881090745,1,1,2
1881710886,1,0,1
1881859568,1,0,1
1883041224,1,0,1
1883329818,1,0,1
1885069621,1,0,1
1885163791,1,0,1
1885370658,1,2,3
1886837924,1,2,3
1887310218,1,0,1
1887655615,1,0,1
1887791989,1,0,1
1887925453,1,0,1
1888985053,1,0,1
1890396774,1,0,1
1890938713,1,0,1
1891034155,1,0,1
1891061130,1,2,3
1891997473,1,0,1
1892044838,1,0,1
1892341753,1,0,1
1894025826,1,0,1
1894034425,1,0,1
1894609981,1,0,1
1894642346,1,0,1
1895139991,1,0,1
1895173556,1,0,1
1895377302,1,0,1
1895442145,1,0,1
1895662256,1,0,1
1895835331,1,0,1
1895983010,1,1,2
1896003954,1,0,1
1896349093,1,32,33
1896700574,1,0,1
1896865520,1,0,1
1897371876,1,0,1
1898532325,1,0,1
1898554333,1,1,2
1899263677,1,3,4
1899405938,1,0,1
1900285116,1,0,1
1900294686,1,7,8
1900301652,1,0,1
1900475016,1,0,1
1900597956,1,0,1
1901886308,1,0,1
1901892181,1,0,1
1902060830,1,0,1
1902084210,1,0,1
1902110306,1,0,1
1902385729,1,0,1
1902417420,1,0,1
1902480788,1,0,1
1902546302,1,0,1
1902815888,1,0,1
1904203434,1,0,1
1904846282,1,0,1
1905467376,1,0,1
1905496435,1,0,1
1905682303,1,1,2
1906113362,1,0,1
1906351926,1,0,1
1906489050,1,1,2
1907058972,1,34,35
1907366678,1,0,1
1907735288,1,0,1
1908652334,1,0,1
1908798451,1,0,1
1909410433,1,0,1
1909480190,1,0,1
1909834284,1,1,2
1909837531,1,0,1
1911025411,1,0,1
1911521378,1,0,1
1912113685,1,0,1
1912913244,1,0,1
1913906587,1,0,1
1914426272,1,16,17
1915108694,1,0,1
1915126328,1,0,1
1915364948,1,0,1
1915544545,1,0,1
1915738219,1,23,24
1916385757,1,0,1
1917358111,1,0,1
1917542490,1,54,55
1917611604,1,0,1
1918027106,1,0,1
1918048327,1,0,1
1918075178,1,0,1
1918219664,1,0,1
1918312327,1,0,1
1918411489,1,0,1
1918456824,1,0,1
1918504556,1,1,2
1918562120,1,7,8
1920513392,1,0,1
1920646830,1,0,1
1921379689,1,0,1
1921399458,1,4,5
1921721731,1,1,2
1921856168,1,0,1
1921996062,1,0,1
1922737681,1,2,3
1923514062,1,0,1
1923919028,1,1,2
1923996253,1,0,1
1924753776,1,1,2
1924847064,1,2,3
1924882758,1,0,1
1925029728,1,0,1
1925089040,1,0,1
1925169348,1,0,1
1925472391,1,0,1
1925610770,1,0,1
1927175232,1,0,1
1927228381,1,0,1
1928239664,1,0,1
1928766386,1,0,1
1928825262,1,0,1
1929031195,1,0,1
1929060571,1,0,1
1929160178,1,0,1
1929355770,1,0,1
1930181618,1,0,1
1930566822,1,0,1
1931094272,1,0,1
1931195258,1,0,1
1931403996,1,0,1
1931494634,1,3,4
1931803916,1,8,9
1931854772,1,21,22
1932979070,1,0,1
1933708392,1,0,1
1933995565,1,0,1
1935100699,1,0,1
1935724428,1,0,1
1936008260,1,0,1
1936114898,1,0,1
1936134264,1,0,1
1937305506,1,0,1
1938305636,1,2,3
1939133383,1,0,1
1939315908,1,0,1
1939480944,1,0,1
1939505810,1,0,1
1939536996,1,0,1
1939867296,1,0,1
1940800728,1,0,1
1941008899,1,0,1
1942008438,1,1,2
1942203938,1,0,1
1942204669,1,0,1
1942379437,1,0,1
1942442941,1,0,1
1942633370,1,0,1
1943982198,1,0,1
1945519531,1,0,1
1945678944,1,0,1
1946859253,1,0,1
1946963936,1,0,1
1947349627,1,0,1
1947874440,1,0,1
1947916776,1,0,1
1947993600,1,3,4
1948071248,1,0,1
1948081904,1,0,1
1948175006,1,0,1
1948634347,1,7,8
1948646232,1,2,3
1949324754,1,0,1
1950378288,1,0,1
1950563802,1,0,1
1952414288,1,0,1
1954238832,1,0,1
1954415862,1,0,1
1954781460,1,0,1
1955105953,1,0,1
1957287222,1,0,1
1960376359,1,1,2
1961457846,1,0,1
1961617784,1,9,10
1962855390,1,0,1
1963045296,1,2,3
1963511864,1,0,1
1963650049,1,0,1
1963728985,1,0,1
1963759670,1,0,1
1963766724,1,0,1
1964929694,1,0,1
1965347185,1,0,1
1965423770,1,0,1
1965478220,1,0,1
1965574562,1,0,1
1965810643,1,0,1
1965887192,1,0,1
1965994326,1,0,1
1966893660,1,0,1
1966923656,1,0,1
1967238823,1,0,1
1967780749,1,0,1
1967813294,1,0,1
1968119467,1,0,1
1969156118,1,0,1
1969165453,1,0,1
1969325215,1,0,1
1969338259,1,0,1
1969412742,1,0,1
1969435255,1,0,1
1969481317,1,0,1
1969501650,1,0,1
1969502502,1,0,1
1969530739,1,0,1
1969536618,1,0,1
1969572716,1,0,1
1969629956,1,0,1
1969664648,1,0,1
1969873165,1,0,1
1969922623,1,0,1
1969941955,1,0,1
1969952401,1,0,1
1970087960,1,0,1
1970219023,1,0,1
1970235565,1,0,1
1970251165,1,0,1
1970315587,1,0,1
1970318724,1,0,1
1970341957,1,0,1
1970662152,1,0,1
1970687046,1,0,1
1970747455,1,0,1
1970763451,1,0,1
1970803105,1,0,1
1971361428,1,0,1
1971498091,1,0,1
1972166641,1,0,1
1972372632,1,0,1
1972620289,1,0,1
1972731896,1,0,1
1972732117,1,0,1
1973093035,1,0,1
1973201971,1,0,1
1973365933,1,0,1
1973464434,1,0,1
1973561418,1,0,1
1973659578,1,0,1
1973682984,1,0,1
1973707651,1,0,1
1973854848,1,0,1
1973903486,1,0,1
1974177403,1,0,1
1974232129,1,0,1
1974256267,1,0,1
1974375337,1,0,1
1974413916,1,0,1
1974437310,1,0,1
1974966498,1,0,1
1975107109,1,0,1
1975224049,1,2,3
1975294400,1,0,1
1975355185,1,0,1
1975440230,1,0,1
1975449078,1,0,1
1975706748,1,0,1
1975865462,1,0,1
1975908979,1,0,1
1975964761,1,0,1
1976113447,1,0,1
1976460590,1,0,1
1976578334,1,0,1
1976621365,1,0,1
1976669744,1,0,1
1976856596,1,0,1
1977112286,1,0,1
1977134648,1,0,1
1977255822,1,0,1
1977352944,1,0,1
1977366986,1,0,1
1977516830,1,0,1
1977562105,1,0,1
1977608419,1,0,1
1977616891,1,0,1
1977850986,1,0,1
1977874406,1,0,1
1978680043,1,0,1
1978945711,1,0,1
1979452844,1,0,1
2147518284,1,0,1
2147550622,1,0,1
2147572012,1,2,3
2147829488,1,0,1
2148364768,1,0,1
2148427104,1,0,1
2148883237,1,0,1
2149482784,1,0,1
2149530750,1,0,1
2149553514,1,0,1
2149931162,1,0,1
2150133456,1,1,2
2150180564,1,1,2
2150794934,1,0,1
2151242460,1,0,1
2151341340,1,0,1
2151444996,1,0,1
2151595764,1,1,2
2151609932,1,0,1
2151699396,1,0,1
2151825148,1,0,1
2151871294,1,0,1
2152468368,1,0,1
2152575379,1,0,1
2153803963,1,0,1
2153899855,1,1,2
2154028386,1,0,1
2154032420,1,0,1
2154102961,1,0,1
2154645606,1,0,1
2154771370,1,0,1
2155226365,1,0,1
2155277970,1,0,1
2155581331,1,0,1
2155902861,1,5,6
2156108192,1,0,1
2156191582,1,0,1
2156269174,1,0,1
2156409850,1,0,1
2157653297,1,0,1
2157796081,1,0,1
2157881817,1,0,1
2157883613,1,0,1
2157932159,1,0,1
2157933911,1,0,1
2157957800,1,0,1
2157980342,1,0,1
2158519177,1,0,1
2159092004,1,0,1
2159490722,1,0,1
2159681749,1,0,1
2159745935,1,0,1
2159897628,1,0,1
2160199430,1,8,9
2161348633,1,0,1
2161435765,1,0,1
2162239931,1,0,1
2163482235,1,0,1
2163672083,1,1,2
2163803062,1,0,1
2163818153,1,0,1
2163942483,1,0,1
2164057442,1,1,2
2164227147,1,0,1
2164246397,1,0,1
2164361439,1,0,1
2164855568,1,0,1
2165104459,1,0,1
2165733529,1,0,1
2165849766,1,4,5
2167049949,1,0,1
2167146478,1,0,1
2167831410,1,0,1
2167938952,1,8,9
2168089231,1,0,1
2168131011,1,0,1
2168879532,1,0,1
2168885630,1,1,2
2168886610,1,0,1
2169784285,1,0,1
2169914716,1,0,1
2170209896,1,1,2
2170295381,1,0,1
2170375340,1,8,9
2170976839,1,0,1
2171629063,1,0,1
2171895410,1,0,1
2171968148,1,0,1
2172129883,1,0,1
2172462565,1,0,1
2172485739,1,0,1
2172585968,1,0,1
2172607636,1,0,1
2172632484,1,0,1
2172768016,1,0,1
2173088761,1,9,10
2173297192,1,0,1
2174147073,1,0,1
2174564868,1,0,1
2174599339,1,0,1
2174966440,1,10,11
2174990397,1,4,5
2175226721,1,0,1
2176481388,1,0,1
2176516137,1,0,1
2176836014,1,3,4
2176866343,1,0,1
2177124729,1,9,10
2177301242,1,0,1
2177332616,1,0,1
2177878212,1,0,1
2177891422,1,0,1
2178243152,1,0,1
2178474662,1,0,1
2178659408,1,0,1
2178945481,1,0,1
2178996485,1,0,1
2179033077,1,1,2
2179136886,1,0,1
2180006304,1,0,1
2180697888,1,0,1
2180769757,1,0,1
2180889031,1,0,1
2181059881,1,0,1
2181087356,1,0,1
2181167591,1,0,1
2181199634,1,0,1
2181239851,1,1,2
2181349225,1,1,2
2181412655,1,0,1
2181441271,1,0,1
2181565255,1,2,3
2181745331,1,0,1
2182525103,1,0,1
2183144723,1,0,1
2183165196,1,1057,1058
2183242404,1,0,1
2183333094,1,0,1
2183539060,1,0,1
2183577155,1,1,2
2183878805,1,1,2
2183941423,1,0,1
2184267265,1,0,1
2184742136,1,0,1
2184756721,1,0,1
2184949388,1,1,2
2185274887,1,2,3
2185916746,1,0,1
2187841501,1,2,3
2188083406,1,0,1
2188102348,1,0,1
2188840763,1,0,1
2189174772,1,0,1
2189626087,1,1,2
2189707399,1,0,1
2189906048,1,0,1
2190585876,1,0,1
2190828416,1,0,1
2191113733,1,0,1
2191255526,1,0,1
2191643570,1,0,1
2192297193,1,0,1
2192741799,1,0,1
2192775337,1,0,1
2193206563,1,1,2
2193300163,1,0,1
2193618024,1,0,1
2194277762,1,0,1
2194278636,1,0,1
2194297071,1,0,1
2194635519,1,0,1
2194664888,1,0,1
2194752300,1,8,9
2195066569,1,0,1
2195125573,1,0,1
2195294828,1,0,1
2195348432,1,15,16
2195405061,1,0,1
2195871972,1,0,1
2196380910,1,0,1
2196703578,1,0,1
2196785540,1,1,2
2196948835,1,0,1
2198477401,1,0,1
2198522839,1,0,1
2198568131,1,2,3
2198834860,1,0,1
2199619564,1,0,1
2199646552,1,0,1
2200721044,1,0,1
2200989412,1,1,2
2201190719,1,0,1
2201521351,1,1,2
2201663558,1,0,1
2202061155,1,0,1
2202438696,1,0,1
2203886875,1,0,1
2203905157,1,1,2
2203924210,1,0,1
2204101872,1,0,1
2204512002,1,0,1
2204633481,1,0,1
2205050101,1,0,1
2205101779,1,1,2
2205391063,1,0,1
2205449065,1,0,1
2206459016,1,0,1
2206498391,1,0,1
2206609151,1,0,1
2206664561,1,0,1
2206714681,1,4,5
2207314680,1,1,2
2207468155,1,0,1
2207682140,1,0,1
2207733494,1,0,1
2207862946,1,0,1
2208116260,1,0,1
2208212988,1,0,1
2208552288,1,0,1
2208565800,1,0,1
2209305542,1,3,4
2209859718,1,0,1
2210545814,1,0,1
2210897143,1,0,1
2211131618,1,0,1
2211176040,1,0,1
2211428662,1,0,1
2211779426,1,0,1
2212472492,1,5,6
2212958682,1,0,1
2213471305,1,1,2
2213472157,1,0,1
2213506638,1,0,1
2213621054,1,1,2
2214133986,1,1,2
2214232400,1,4,5
2214378655,1,0,1
2214419972,1,0,1
2214718268,1,0,1
2214835206,1,0,1
2214953870,1,2,3
2215116109,1,0,1
2215174271,1,0,1
2216065928,1,0,1
2216289257,1,0,1
2216485698,1,0,1
2216553905,1,0,1
2216668019,1,0,1
2216690361,1,0,1
2217354948,1,1,2
2217478028,1,0,1
2218157534,1,0,1
2218313071,1,0,1
2218482119,1,0,1
2218579428,1,0,1
2218738329,1,0,1
2218747818,1,0,1
2218771566,1,0,1
2218882111,1,0,1
2219014926,1,0,1
2219759333,1,0,1
2220053515,1,0,1
2220432540,1,0,1
2220497180,1,0,1
2220906733,1,19,20
2221754814,1,0,1
2221866235,1,0,1
2222051714,1,0,1
2222248950,1,5,6
2222441868,1,0,1
2222877594,1,0,1
2222957947,1,0,1
2223420974,1,2,3
2223520681,1,0,1
2223824683,1,0,1
2223890358,1,6,7
2223932808,1,0,1
2223996198,1,1,2
2224040881,1,2,3
2224578961,1,0,1
2224610510,1,0,1
2225193372,1,1,2
2225696113,1,0,1
2226050830,1,0,1
2227066652,1,0,1
2227266997,1,0,1
2227380924,1,0,1
2227401772,1,0,1
2227449841,1,17,18
2227458382,1,0,1
2227558582,1,0,1
2228060470,1,5,6
2228383754,1,1,2
2228772458,1,0,1
2228815568,1,1,2
2228964631,1,0,1
2229419343,1,0,1
2229479049,1,0,1
2229549205,1,0,1
2230657362,1,1,2
2230657633,1,0,1
2230842774,1,0,1
2231555156,1,0,1
2231715235,1,7,8
2231751703,1,0,1
2232012188,1,0,1
2232214076,1,0,1
2232241106,1,0,1
2232299720,1,0,1
2232891259,1,0,1
2233138248,1,0,1
2233548573,1,1,2
2233742546,1,1,2
2233937998,1,0,1
2233985274,1,0,1
2234467100,1,0,1
2235153295,1,0,1
2235222374,1,2,3
2235380054,1,0,1
2235389184,1,0,1
2235577840,1,0,1
2235714604,1,6,7
2236428912,1,4,5
2236577855,1,0,1
2236648082,1,0,1
2236668037,1,0,1
2236703096,1,0,1
2236717758,1,0,1
2236718172,1,0,1
2236815888,1,0,1
2238018198,1,0,1
2238490908,1,2,3
2238502458,1,0,1
2238559117,1,3,4
2239021130,1,3,4
2239791186,1,0,1
2239881529,1,0,1
2240222575,1,0,1
2240741437,1,0,1
2241616412,1,0,1
2241637458,1,0,1
2241746773,1,0,1
2241774485,1,0,1
2242008119,1,1,2
2242446540,1,0,1
2242991072,1,1,2
2243233595,1,1,2
2243626662,1,0,1
2244675805,1,0,1
2244693121,1,0,1
2244986244,1,0,1
2245022335,1,0,1
2245129890,1,0,1
2245135140,1,0,1
2245251273,1,0,1
2245317206,1,0,1
2245317437,1,0,1
2245340539,1,0,1
2245378123,1,0,1
2245681599,1,2,3
2246588210,1,1,2
2247263405,1,0,1
2247828834,1,0,1
2247912528,1,0,1
2247918728,1,0,1
2248161966,1,0,1
2248182513,1,0,1
2248324153,1,0,1
2248336688,1,0,1
2249131928,1,0,1
2249152327,1,1,2
2249636695,1,3,4
2249782302,1,0,1
2250623795,1,0,1
2250791246,1,0,1
2251059566,1,0,1
2251127139,1,0,1
2251475660,1,0,1
2251593352,1,0,1
2252224257,1,0,1
2252610474,1,0,1
2252862077,1,0,1
2252933251,1,0,1
2253147947,1,11,12
2253585527,1,0,1
2253747373,1,0,1
2253994969,1,0,1
2254175688,1,0,1
2254590306,1,0,1
2255205902,1,0,1
2255610974,1,0,1
2255632925,1,0,1
2255942712,1,0,1
2256575739,1,1,2
2256670407,1,0,1
2256688170,1,0,1
2257323021,1,0,1
2257458324,1,0,1
2257632756,1,0,1
2258091781,1,0,1
2258158993,1,0,1
2258487454,1,0,1
2258921275,1,2,3
2259167788,1,0,1
2259294921,1,0,1
2259449690,1,0,1
2260872098,1,0,1
2260936946,1,0,1
2261600366,1,0,1
2261647549,1,0,1
2261739642,1,0,1
2261953317,1,0,1
2262100846,1,0,1
2262173522,1,0,1
2262399078,1,0,1
2262496056,1,0,1
2262535247,1,0,1
2262612856,1,0,1
2263424239,1,5,6
2263532827,1,0,1
2263698919,1,0,1
2263785420,1,0,1
2263839080,1,0,1
2264348486,1,0,1
2264544906,1,0,1
2265022412,1,0,1
2265227667,1,7,8
2265279241,1,0,1
2266245320,1,0,1
2266337227,1,0,1
2266408584,1,0,1
2267314316,1,0,1
2267761294,1,0,1
2268189391,1,0,1
2268398407,1,0,1
2268669818,1,0,1
2269301083,1,0,1
2269309171,1,2,3
2269500007,1,0,1
2269561615,1,0,1
2269805239,1,0,1
2269922359,1,0,1
2269935379,1,0,1
2270122484,1,0,1
2270656566,1,9,10
2271228614,1,0,1
2271358198,1,0,1
2271722550,1,0,1
2272018618,1,0,1
2272451622,1,0,1
2272642274,1,0,1
2273157291,1,0,1
2273312945,1,0,1
2273363690,1,1,2
2273741413,1,0,1
2273826973,1,0,1
2274178327,1,0,1
2274719514,1,0,1
2275160989,1,0,1
2275550440,1,12,13
2275613128,1,2,3
2276359646,1,0,1
2276513094,1,1,2
2276640450,1,0,1
2277125998,1,0,1
2277405098,1,0,1
2278208677,1,0,1
2278259582,1,0,1
2278290234,1,0,1
2278302711,1,0,1
2278344374,1,0,1
2278741273,1,0,1
2278750910,1,0,1
2279362758,1,0,1
2279460956,1,1,2
2279577554,1,0,1
2279585546,1,0,1
2279596879,1,0,1
2279736006,1,1,2
2279935060,1,0,1
2279980675,1,0,1
2280028475,1,0,1
2280196700,1,0,1
2280359762,1,0,1
2280699385,1,1,2
2281087256,1,0,1
2281094539,1,0,1
2281135927,1,0,1
2281269751,1,0,1
2281308318,1,0,1
2281453446,1,0,1
2281473875,1,0,1
2281510308,1,0,1
2281746967,1,0,1
2281972608,1,2,3
2282236865,1,0,1
2282245355,1,0,1
2282379414,1,0,1
2282393299,1,0,1
2282637858,1,4,5
2282734354,1,0,1
2282835950,1,0,1
2283183913,1,0,1
2283421083,1,0,1
2283691014,1,0,1
2283733698,1,1,2
2283953300,1,0,1
2284162824,1,0,1
2284206176,1,0,1
2284377278,1,0,1
2284472866,1,0,1
2284829835,1,1,2
2285020929,1,0,1
2285233954,1,0,1
2285791483,1,0,1
2285834275,1,0,1
2285867372,1,3,4
2285885305,1,0,1
2286310717,1,1,2
2286819656,1,0,1
2287403754,1,0,1
2287647437,1,1,2
2287763941,1,0,1
2288229030,1,0,1
2288323473,1,0,1
2288600166,1,1,2
2288843754,1,0,1
2288866068,1,0,1
2289296201,1,0,1
2290164565,1,0,1
2290165734,1,0,1
2290229629,1,0,1
2290431722,1,15,16
2290538540,1,0,1
2290547239,1,1,2
2290701265,1,0,1
2291016141,1,0,1
2291389303,1,1,2
2291393365,1,0,1
2291822834,1,0,1
2292075036,1,0,1
2292113672,1,0,1
2292644101,1,0,1
2292821192,1,0,1
2293174026,1,2,3
2293255824,1,0,1
2293320074,1,0,1
2293442796,1,0,1
2293453814,1,0,1
2293672346,1,0,1
2293808547,1,0,1
2294018366,1,0,1
2294564108,1,0,1
2294765000,1,0,1
2295190232,1,0,1
2295265904,1,0,1
2295530510,1,0,1
2295738366,1,4,5
2296186746,1,2,3
2296454820,1,0,1
2296798585,1,1,2
2296829551,1,0,1
2297310252,1,0,1
2297345660,1,0,1
2297380796,1,0,1
2297400744,1,0,1
2297908818,1,0,1
2298214291,1,0,1
2298337369,1,0,1
2298435038,1,0,1
2298696864,1,0,1
2298805182,1,2,3
2298914774,1,0,1
2298927451,1,0,1
2299054200,1,2,3
2299080074,1,0,1
2299096703,1,0,1
2299842067,1,0,1
2300056662,1,0,1
2300590830,1,0,1
2300639641,1,0,1
2300845477,1,2,3
2300875772,1,0,1
2301486477,1,0,1
2301506084,1,0,1
2301807860,1,0,1
2301887695,1,1,2
2301954198,1,55,56
2302331402,1,0,1
2302420044,1,0,1
2302515477,1,2,3
2302652785,1,0,1
2302878213,1,0,1
2303446560,1,2,3
2303502293,1,0,1
2303628265,1,0,1
2303653441,1,0,1
2303754450,1,0,1
2303779699,1,1,2
2303803082,1,0,1
2304420160,1,0,1
2304437349,1,0,1
2305015868,1,0,1
2305162430,1,0,1
2305356307,1,1,2
2305426722,1,0,1
2305461146,1,0,1
2305728055,1,0,1
2305755044,1,2,3
2305815296,1,0,1
2305896055,1,1,2
2305965739,1,0,1
2306042770,1,0,1
2306160673,1,1,2
2306659878,1,0,1
2307144349,1,0,1
2307220706,1,0,1
2307390163,1,0,1
2307614792,1,0,1
2307734018,1,2,3
2307743324,1,1,2
2307851701,1,0,1
2307953677,1,0,1
2308265716,1,15,16
2308550895,1,1,2
2308821341,1,1,2
2309198515,1,0,1
2309224927,1,0,1
2309635476,1,0,1
2309725387,1,0,1
2310502494,1,0,1
2310557052,1,0,1
2310688963,1,0,1
2310726425,1,0,1
2310882427,1,0,1
2310919691,1,0,1
2311005987,1,0,1
2311076796,1,0,1
2311193425,1,0,1
2311605883,1,0,1
2311966147,1,0,1
2311982818,1,6,7
2312178433,1,0,1
2312577068,1,0,1
2312602272,1,0,1
2312812213,1,0,1
2312875070,1,0,1
2312955083,1,0,1
2313054957,1,0,1
2313131281,1,0,1
2313248855,1,0,1
2313814508,1,0,1
2314178713,1,0,1
2314315680,1,0,1
2314443192,1,1,2
2314480388,1,43,44
2314616166,1,0,1
2314626656,1,0,1
2314701895,1,0,1
2314991095,1,0,1
2315957215,1,0,1
2316362184,1,0,1
2316461462,1,0,1
2317425030,1,0,1
2318084239,1,0,1
2318124930,1,0,1
2318133067,1,0,1
2318140218,1,10,11
2318195058,1,0,1
2318680806,1,0,1
2318719317,1,0,1
2318926372,1,0,1
2319053521,1,0,1
2319200715,1,0,1
2319229194,1,0,1
2319291591,1,0,1
2319354828,1,1,2
2319617520,1,0,1
2320046354,1,5,6
2320081199,1,0,1
2320127366,1,0,1
2320245122,1,1,2
2320283100,1,1,2
2320683319,1,0,1
2321082527,1,0,1
2321177648,1,1,2
2321284455,1,0,1
2321568247,1,0,1
2322075213,1,0,1
2322208836,1,0,1
2322793165,1,0,1
2322794731,1,0,1
2322911209,1,0,1
2322983243,1,0,1
2323154155,1,0,1
2323234975,1,0,1
2324078166,1,0,1
2324568644,1,0,1
2324672564,1,0,1
2325270459,1,0,1
2325684121,1,1,2
2326278977,1,0,1
2326309104,1,0,1
2326314594,1,0,1
2326666844,1,0,1
2327236751,1,0,1
2327397535,1,0,1
2327505090,1,0,1
2327651298,1,0,1
2327685612,1,1,2
2327890693,1,0,1
2328087564,1,0,1
2328182282,1,4,5
2328714525,1,22,23
2328722705,1,0,1
2329104925,1,2,3
2329252777,1,0,1
2329340414,1,0,1
2329342900,1,1,2
2329421372,1,0,1
2329429418,1,0,1
2329490905,1,0,1
2329608440,1,0,1
2329774907,1,0,1
2330110409,1,0,1
2330855270,1,0,1
2331011791,1,0,1
2331027776,1,0,1
2331058123,1,0,1
2331100648,1,0,1
2331197754,1,0,1
2331209359,1,1,2
2331281468,1,0,1
2332352369,1,0,1
2332413540,1,0,1
2332546254,1,0,1
2332617303,1,4,5
2332950523,1,0,1
2333107180,1,0,1
2333154194,1,0,1
2333178462,1,0,1
2334005558,1,0,1
2334108378,1,6,7
2335018539,1,0,1
2335215768,1,0,1
2335455912,1,3,4
2335550514,1,0,1
2336012724,1,0,1
2336027681,1,0,1
2336795832,1,1,2
2337183690,1,0,1
2337255468,1,0,1
2337416828,1,0,1
2338220575,1,0,1
2338793334,1,0,1
2338848523,1,0,1
2338850408,1,0,1
2338992306,1,0,1
2339360882,1,32,33
2339685247,1,0,1
2339763222,1,0,1
2339804629,1,0,1
2339879479,1,0,1
2340115278,1,0,1
2340551011,1,0,1
2341135320,1,0,1
2341500108,1,0,1
2341868523,1,0,1
2342104352,1,1,2
2342144243,1,0,1
2342566417,1,1,2
2342635239,1,0,1
2342942514,1,2,3
2342957688,1,0,1
2343645643,1,0,1
2343675607,1,0,1
2343890755,1,3,4
2343999781,1,0,1
2344187971,1,0,1
2344391046,1,0,1
2344502826,1,0,1
2345016364,1,0,1
2345043440,1,0,1
2345107855,1,0,1
2345412266,1,0,1
2345550072,1,0,1
2345596856,1,0,1
2345656496,1,0,1
2345750090,1,0,1
2345813826,1,11,12
2345893719,1,0,1
2345968962,1,1,2
2346028675,1,0,1
2346092665,1,0,1
2346199114,1,0,1
2346238706,1,0,1
2346289832,1,0,1
2346635239,1,0,1
2347332685,1,0,1
2347548969,1,0,1
2348012801,1,0,1
2348036061,1,0,1
2348117236,1,0,1
2348265044,1,0,1
2348782789,1,2,3
2348963042,1,0,1
2349035834,1,5,6
2349046526,1,0,1
2349065176,1,7,8
2349344545,1,0,1
2349720316,1,0,1
2350170582,1,0,1
2350366152,1,0,1
2350476979,1,0,1
2350604496,1,1,2
2350828927,1,2,3
2350890408,1,0,1
2350944752,1,0,1
2351048120,1,0,1
2351379527,1,0,1
2352668808,1,0,1
2352674515,1,0,1
2352806449,1,0,1
2353303112,1,0,1
2353476753,1,0,1
2353775537,1,0,1
2353926764,1,0,1
2354127674,1,0,1
2354215126,1,0,1
2354232221,1,0,1
2354437033,1,0,1
2355412068,1,0,1
2355460812,1,4,5
2355576174,1,0,1
2355668419,1,0,1
2355788853,1,0,1
2355819341,1,0,1
2356203992,1,0,1
2356564722,1,0,1
2356726004,1,0,1
2357243907,1,0,1
2357359466,1,0,1
2357477689,1,0,1
2357823105,1,0,1
2357837262,1,0,1
2358081853,1,0,1
2358286248,1,1,2
2358416959,1,0,1
2358645936,1,0,1
2358664884,1,0,1
2358748797,1,0,1
2359725325,1,0,1
2359997684,1,0,1
2360094613,1,2,3
2360312341,1,0,1
2360751740,1,0,1
2361050455,1,0,1
2361235141,1,0,1
2361481892,1,0,1
2361619915,1,1,2
2362001521,1,0,1
2362043421,1,0,1
2362190473,1,0,1
2362327993,1,0,1
2362831658,1,1,2
2363404764,1,6,7
2363436115,1,0,1
2363493596,1,0,1
2363510766,1,0,1
2363605911,1,0,1
2363867307,1,0,1
2364038506,1,7,8
2364324050,1,0,1
2364384266,1,0,1
2364415092,1,0,1
2364586963,1,4,5
2364735758,1,0,1
2364748268,1,0,1
2365707194,1,0,1
2365830201,1,5,6
2365916626,1,0,1
2365938056,1,8,9
2365943947,1,0,1
2365971226,1,1,2
2366356748,1,0,1
2366580896,1,0,1
2366861148,1,0,1
2367034499,1,0,1
2367373415,1,0,1
2367397081,1,0,1
2367766522,1,0,1
2367859014,1,0,1
2367889791,1,0,1
2368249428,1,0,1
2368406815,1,0,1
2369659952,1,0,1
2369675449,1,0,1
2370103471,1,0,1
2370305122,1,1,2
2370360593,1,0,1
2370793248,1,0,1
2370952560,1,0,1
2371061588,1,0,1
2371085306,1,0,1
2371141946,1,0,1
2371304412,1,0,1
2371383216,1,0,1
2371575876,1,1,2
2371605681,1,0,1
2372220556,1,0,1
2372236566,1,0,1
2373821628,1,0,1
2374132945,1,1,2
2374390404,1,2,3
2374536614,1,0,1
2374678862,1,2,3
2375699683,1,0,1
2376466938,1,0,1
2376917669,1,0,1
2377152409,1,0,1
2377333862,1,0,1
2377786598,1,0,1
2378041974,1,0,1
2378808181,1,0,1
2379138104,1,0,1
2379394502,1,1,2
2379552618,1,0,1
2379891169,1,0,1
2379942960,1,0,1
2380366799,1,0,1
2380500026,1,0,1
2380809426,1,0,1
2380947919,1,3,4
2380990544,1,0,1
2381215086,1,0,1
2381674159,1,0,1
2381743112,1,0,1
2381993293,1,0,1
2382852233,1,0,1
2382906432,1,0,1
2382943154,1,0,1
2382993985,1,0,1
2383100821,1,0,1
2383167355,1,0,1
2383968661,1,0,1
2384114215,1,0,1
2384345690,1,0,1
2384529750,1,1,2
2384540286,1,0,1
2384595494,1,0,1
2385064642,1,0,1
2385436670,1,0,1
2385447744,1,0,1
2385883111,1,0,1
2385916412,1,0,1
2386408153,1,0,1
2386661376,1,1,2
2386996739,1,0,1
2387675328,1,1,2
2387776244,1,0,1
2388059510,1,4,5
2388122664,1,0,1
2388729236,1,0,1
2389462359,1,0,1
2389968102,1,0,1
2390167831,1,0,1
2390445806,1,0,1
2390636869,1,1,2
2390641609,1,0,1
2391372274,1,0,1
2391449161,1,0,1
2391468612,1,7,8
2391609504,1,0,1
2391999510,1,4,5
2392258573,1,0,1
2392557478,1,0,1
2393094212,1,0,1
2393243141,1,1,2
2393286044,1,0,1
2393301553,1,1,2
2393524176,1,0,1
2393598374,1,7,8
2393612634,1,0,1
2393666598,1,0,1
2394528930,1,0,1
2394899978,1,0,1
2395418091,1,0,1
2396020078,1,0,1
2396477814,1,1,2
2396667402,1,0,1
2396812352,1,0,1
2396849574,1,2,3
2397013254,1,0,1
2398165660,1,1,2
2398330916,1,1,2
2398381947,1,10,11
2398473426,1,0,1
2398495921,1,2,3
2398596104,1,0,1
2398946198,1,2,3
2399319578,1,0,1
2399927947,1,0,1
2400125449,1,0,1
2400328944,1,0,1
2400532464,1,0,1
2400681912,1,0,1
2400702406,1,0,1
2400728343,1,0,1
2400932792,1,0,1
2401117104,1,0,1
2401912711,1,0,1
2402087335,1,0,1
2402181180,1,13,14
2402275670,1,0,1
2402329212,1,18,19
2402375846,1,0,1
2402622236,1,1,2
2402639334,1,0,1
2402666976,1,0,1
2402815494,1,0,1
2405227376,1,16,17
2405787620,1,0,1
2406021914,1,1,2
2406140200,1,0,1
2406329521,1,0,1
2406405077,1,0,1
2407010399,1,0,1
2407287778,1,2,3
2407516110,1,0,1
2407878882,1,0,1
2407986138,1,0,1
2408009922,1,0,1
2408195185,1,0,1
2408846915,1,0,1
2409011491,1,0,1
2409234829,1,0,1
2409440642,1,0,1
2409504870,1,0,1
2409506570,1,0,1
2409946098,1,0,1
2410108776,1,0,1
2411097412,1,0,1
2411185025,1,0,1
2411318390,1,0,1
2411341303,1,1,2
2411635081,1,0,1
2411776251,1,0,1
2411788975,1,0,1
2411836742,1,0,1
2411917806,1,1,2
2411980100,1,0,1
2412559675,1,0,1
2412711704,1,1,2
2413374481,1,0,1
2413697916,1,0,1
2414904835,1,0,1
2415150834,1,0,1
2415157352,1,0,1
2416334342,1,0,1
2416596681,1,1,2
2416850030,1,1,2
2417727884,1,0,1
2417818089,1,0,1
2417914946,1,0,1
2418000679,1,0,1
2418260737,1,0,1
2418470360,1,0,1
2418964952,1,0,1
2419257936,1,0,1
2419341168,1,1,2
2419743931,1,0,1
2420169368,1,0,1
2420872921,1,0,1
2421189324,1,0,1
2422986619,1,0,1
2423091918,1,0,1
2423239889,1,0,1
2423620221,1,0,1
2423876183,1,0,1
2424473414,1,0,1
2424580177,1,0,1
2425676161,1,0,1
2425743516,1,0,1
2425808928,1,0,1
2425845006,1,1,2
2426503920,1,0,1
2426736382,1,0,1
2427693884,1,1,2
2427941170,1,0,1
2429268635,1,2,3
2429284708,1,0,1
2429292523,1,0,1
2429486605,1,0,1
2429647765,1,44,45
2429751168,1,2,3
2429870795,1,0,1
2429957493,1,0,1
2430030837,1,0,1
2430047892,1,5,6
2430281964,1,0,1
2430755347,1,50,51
2430755432,1,1,2
2430805014,1,0,1
2430897000,1,12,13
2431092120,1,1,2
2431719561,1,2,3
2432343730,1,0,1
2432425280,1,4,5
2432797422,1,0,1
2433004597,1,0,1
2433174316,1,0,1
2434535047,1,0,1
2434566646,1,0,1
2434615261,1,5,6
2434638188,1,0,1
2434667474,1,1,2
2434804626,1,0,1
2434974276,1,0,1
2435749682,1,0,1
2435999683,1,5,6
2436006246,1,18,19
2436018229,1,0,1
2436093369,1,0,1
2436124960,1,0,1
2436161375,1,0,1
2436211180,1,0,1
2436458305,1,0,1
2436508347,1,1,2
2436562433,1,0,1
2436605492,1,0,1
2436786304,1,0,1
2436791620,1,0,1
2436901803,1,0,1
2436906603,1,0,1
2436929139,1,0,1
2437022194,1,0,1
2437061715,1,0,1
2437130927,1,0,1
2437163757,1,0,1
2437249036,1,0,1
2437265741,1,0,1
2437297722,1,6,7
2437316069,1,0,1
2437458123,1,0,1
2437474424,1,0,1
2437478308,1,0,1
2437514601,1,0,1
2437572073,1,0,1
2437633911,1,0,1
2437649554,1,0,1
2437694064,1,0,1
2437694397,1,0,1
2437704597,1,0,1
2437797115,1,0,1
2437802608,1,0,1
2437809832,1,0,1
2437878070,1,0,1
2437932843,1,0,1
2437972270,1,0,1
2438016779,1,0,1
2438076904,1,0,1
2438105607,1,0,1
2438374135,1,0,1
2438377076,1,0,1
2438637643,1,0,1
2438945339,1,0,1
2439281298,1,0,1
2439554934,1,0,1
2439588188,1,1,2
2439642619,1,0,1
2439760898,1,0,1
2440211070,1,0,1
2440330676,1,0,1
2440427107,1,1,2
2440607372,1,0,1
2440678873,1,0,1
2440821308,1,0,1
2441127229,1,0,1
2441498174,1,0,1
2441691565,1,0,1
2441816096,1,0,1
2442031368,1,10,11
2442603668,1,0,1
2442649328,1,0,1
2443054884,1,1,2
2443743352,1,0,1
2444335614,1,0,1
2444521872,1,0,1
2444582023,1,0,1
2444726587,1,0,1
2444804174,1,0,1
2444977688,1,0,1
2445174892,1,0,1
2445631016,1,0,1
2445895308,1,0,1
2445896867,1,0,1
2446070268,1,0,1
2446180548,1,0,1
2446232767,1,0,1
2446400550,1,0,1
2446411368,1,0,1
2446433971,1,0,1
2446543087,1,0,1
2446621070,1,0,1
2446680474,1,0,1
2446899540,1,0,1
2447279666,1,0,1
2447518122,1,0,1
2447539196,1,0,1
2447622097,1,0,1
2447722070,1,0,1
2447767705,1,0,1
2447942785,1,0,1
2447951586,1,0,1
2448137372,1,0,1
2448154496,1,0,1
2448285355,1,0,1
2448304416,1,0,1
2448350612,1,0,1
2448423372,1,0,1
2448493909,1,0,1
2448562835,1,0,1
2448714732,1,0,1
2448793315,1,0,1
2448800396,1,0,1
2448862620,1,0,1
2448888578,1,0,1
2448907476,1,0,1
2448982350,1,0,1
2449008422,1,0,1
2449083157,1,0,1
2449202028,1,0,1
2449220306,1,0,1
2449356212,1,0,1
2449364791,1,0,1
2449376011,1,0,1
2449401205,1,0,1
2449426584,1,0,1
2449559671,1,0,1
2449589828,1,0,1
2449660249,1,0,1
2449666512,1,0,1
2449750086,1,0,1
2449841641,1,4,5
2450024628,1,0,1
2450086700,1,0,1
2450540017,1,0,1
2451432723,1,1,2
2451460784,1,0,1
2451486355,1,0,1
2451783416,1,0,1
2451799248,1,8,9
2451843236,1,0,1
2452462448,1,0,1
2455135561,1,0,1
2455491403,1,3,4
2455718852,1,0,1
2455729939,1,0,1
2455917404,1,1,2
2456099938,1,1,2
2456161687,1,1,2
2456514738,1,0,1
2457447397,1,0,1
2457493537,1,0,1
2457845918,1,4,5
2457975062,1,10,11
2458378504,1,0,1
2458562172,1,0,1
2458894599,1,0,1
2458976628,1,7,8
2459044454,1,0,1
2459373836,1,0,1
2459400854,1,0,1
2459735754,1,0,1
2460699565,1,0,1
2461340482,1,0,1
2461686302,1,0,1
2462724143,1,0,1
2463114020,1,0,1
2463263574,1,0,1
2463267687,1,0,1
2463588936,1,0,1
2463674251,1,0,1
2463820162,1,4,5
2463840893,1,0,1
2463946196,1,0,1
2464106245,1,0,1
2464849796,1,0,1
2465117035,1,1,2
2465273143,1,0,1
2465351827,1,0,1
2465595446,1,0,1
2465827227,1,0,1
2466313914,1,0,1
2466629764,1,0,1
2466715867,1,0,1
2466771244,1,0,1
2466928506,1,0,1
2468018324,1,0,1
2468200909,1,0,1
2468325541,1,0,1
2468508500,1,0,1
2468860735,1,0,1
2469092594,1,0,1
2469253332,1,0,1
2469550022,1,0,1
2469581167,1,0,1
2469808868,1,0,1
2469874147,1,0,1
2470062194,1,0,1
2470074420,1,0,1
2470181738,1,0,1
2470258452,1,0,1
2470942150,1,0,1
2471400222,1,0,1
2471704418,1,0,1
2471770819,1,0,1
2471801095,1,0,1
2472674776,1,0,1
2473074110,1,0,1
2473138058,1,30,31
2473245108,1,0,1
2473301186,1,0,1
2473304534,1,0,1
2473473961,1,0,1
2473473979,1,0,1
2473580227,1,0,1
2473916204,1,1,2
2474222856,1,0,1
2474810709,1,0,1
2474882645,1,0,1
2475009110,1,2,3
2475069568,1,0,1
2475105981,1,0,1
2475121763,1,0,1
2475148089,1,0,1
2475152069,1,0,1
2475159387,1,0,1
2475160694,1,0,1
2475195693,1,0,1
2475230163,1,0,1
2475275723,1,0,1
2475290199,1,0,1
2475325307,1,1,2
2475335469,1,0,1
2475350133,1,0,1
2475362014,1,0,1
2475377315,1,0,1
2475382249,1,0,1
2475388133,1,0,1
2475464746,1,0,1
2475525177,1,1,2
2475585681,1,0,1
2475592168,1,0,1
2475606877,1,0,1
2475647463,1,0,1
2475703623,1,0,1
2475755221,1,0,1
2475782110,1,0,1
2475864910,1,0,1
2475882370,1,0,1
2476015941,1,0,1
2476056665,1,0,1
2476056959,1,0,1
2476106152,1,0,1
2476144203,1,0,1
2476181583,1,0,1
2476186295,1,0,1
2476187605,1,0,1
2476211333,1,0,1
2476242449,1,1,2
2476339917,1,0,1
2476362488,1,0,1
2476364699,1,0,1
2476383724,1,0,1
2476456577,1,0,1
2476500791,1,0,1
2476526735,1,0,1
2476632905,1,0,1
2476640146,1,0,1
2476644970,1,0,1
2476671081,1,0,1
2476722141,1,0,1
2477000943,1,1,2
2477077611,1,0,1
2477129332,1,0,1
2477136551,1,0,1
2477198633,1,0,1
2477315788,1,0,1
2477370298,1,2,3
2477401360,1,0,1
2477533458,1,0,1
2477586016,1,0,1
2477621808,1,0,1
2477625307,1,0,1
2477714987,1,0,1
2477717151,1,0,1
2477813829,1,0,1
2477816686,1,0,1
2478036428,1,0,1
2478120029,1,0,1
2478189418,1,0,1
2478193972,1,0,1
2479088146,1,0,1
2479349964,1,0,1
2479353544,1,0,1
2479373915,1,0,1
2479426611,1,0,1
2479462078,1,0,1
2479481697,1,0,1
2479516378,1,0,1
2479617874,1,0,1
2479643357,1,0,1
2479646992,1,0,1
2479790517,1,0,1
2479865666,1,0,1
2479892236,1,0,1
2479954092,1,0,1
2480029601,1,0,1
2480178294,1,0,1
2480183572,1,0,1
2480248461,1,1,2
2480384267,1,0,1
2480385027,1,0,1
2480403136,1,0,1
2480420435,1,0,1
2480458763,1,0,1
2480459633,1,0,1
2480640951,1,0,1
2480690064,1,0,1
2480752634,1,1,2
2480767015,1,0,1
2480849889,1,0,1
2480902264,1,0,1
2480913603,1,0,1
2480952462,1,9,10
2480955596,1,2,3
2481004406,1,0,1
2481051838,1,0,1
2481100563,1,0,1
2481169107,1,0,1
2481219441,1,0,1
2481277348,1,0,1
2481281250,1,0,1
2481435381,1,0,1
2481573615,1,1,2
2481600112,1,0,1
2481661726,1,0,1
2481872249,1,0,1
2482067433,1,0,1
2482078877,1,0,1
2482274009,1,13,14
2482438689,1,0,1
2482447043,1,0,1
2482448757,1,0,1
2482519689,1,0,1
2482557798,1,0,1
2482680097,1,0,1
2482763279,1,0,1
2482785341,1,0,1
2482795279,1,1,2
2482981234,1,0,1
2482996498,1,0,1
2483024403,1,0,1
2483118523,1,0,1
2483127220,1,0,1
2483207804,1,0,1
2483428204,1,0,1
2483492205,1,0,1
2483561429,1,0,1
2483563449,1,0,1
2483589779,1,0,1
2483635331,1,0,1
2483640424,1,0,1
2483763659,1,0,1
2483853995,1,0,1
2483979892,1,0,1
2484136955,1,1,2
2484164164,1,0,1
2484275555,1,0,1
2484423801,1,0,1
2484442090,1,0,1
2484461727,1,0,1
2484470439,1,0,1
2484547871,1,0,1
2484583187,1,0,1
2484663222,1,0,1
2484737872,1,0,1
2484786603,1,0,1
2484796726,1,0,1
2484797267,1,0,1
2484859504,1,0,1
2484905019,1,0,1
2484938475,1,0,1
2484974639,1,0,1
2485048277,1,0,1
2485086531,1,0,1
2485086821,1,0,1
2485110023,1,0,1
2485142683,1,0,1
2485223751,1,0,1
2485228275,1,0,1
2485272334,1,0,1
2485351504,1,0,1
2485363937,1,0,1
2485395225,1,0,1
2485537899,1,0,1
2485556500,1,0,1
2485562903,1,0,1
2485569887,1,0,1
2485662357,1,0,1
2485706325,1,0,1
2485748483,1,0,1
2485862411,1,0,1
2485885720,1,0,1
2485900450,1,0,1
2485930552,1,0,1
2485965707,1,0,1
2486011503,1,0,1
2486063806,1,1,2
2486093402,1,0,1
2486107049,1,0,1
2486287181,1,0,1
2486447117,1,0,1
2486452257,1,0,1
2486518570,1,0,1
2486702342,1,0,1
2486710666,1,0,1
2486753002,1,0,1
2486796687,1,0,1
2486857341,1,0,1
2486938139,1,0,1
2486979971,1,0,1
2486984391,1,0,1
2487081951,1,1,2
2487085126,1,0,1
2487093351,1,0,1
2487160335,1,0,1
2487220485,1,0,1
2487364678,1,0,1
2487413812,1,0,1
2487420359,1,0,1
2487467717,1,0,1
2487572129,1,0,1
2488503151,1,0,1
2488762948,1,0,1
2488829749,1,0,1
2489048276,1,0,1
2489538123,1,0,1
2489594001,1,0,1
2489690235,1,0,1
2489839234,1,0,1
2489917855,1,0,1
2490029651,1,0,1
2490065708,1,0,1
2490106053,1,0,1
2490187702,1,0,1
2490245101,1,0,1
2490396271,1,0,1
2490457058,1,0,1
2490630056,1,3,4
2490737150,1,0,1
2490751030,1,0,1
2490863162,1,0,1
2491712360,1,0,1
2491776920,1,0,1
2491839942,1,0,1
2491981634,1,1,2
2492476716,1,0,1
2493129204,1,0,1
2493281642,1,9,10
2493411552,1,0,1
2494184966,1,0,1
2494987526,1,0,1
2495370812,1,0,1
2495477954,1,0,1
2495597232,1,0,1
2495656237,1,1,2
2496435338,1,0,1
2496436669,1,0,1
2497301419,1,0,1
2497307677,1,0,1
2497464073,1,0,1
2497667695,1,0,1
2497741470,1,0,1
2498448922,1,0,1
2498642397,1,0,1
2498940353,1,0,1
2499702596,1,0,1
2499755419,1,0,1
2499851904,1,0,1
2499853356,1,0,1
2500477296,1,0,1
2500486447,1,0,1
2500880110,1,0,1
2502233962,1,0,1
2503118504,1,0,1
2503428137,1,0,1
2503608080,1,0,1
2504212468,1,0,1
2504661380,1,0,1
2504938173,1,0,1
2504947580,1,0,1
2505330512,1,0,1
2505676309,1,0,1
2505727418,1,0,1
2505852589,1,0,1
2505922556,1,0,1
2506087081,1,8,9
2506163900,1,0,1
2507796601,1,0,1
2507914664,1,0,1
2508049801,1,0,1
2508436472,1,0,1
2508592166,1,0,1
2508723740,1,0,1
2508780644,1,4,5
2508995208,1,2,3
2510206474,1,0,1
2510349409,1,0,1
2510887129,1,0,1
2510938651,1,0,1
2511191570,1,1,2
2511229272,1,0,1
2511543540,1,0,1
2512484635,1,0,1
2512931762,1,0,1
2514644275,1,0,1
2515341855,1,4,5
2515677135,1,0,1
2515681837,1,0,1
2515845916,1,0,1
2516309946,1,0,1
2516415421,1,0,1
2516616586,1,0,1
2516778509,1,0,1
2516920894,1,0,1
2517245875,1,1,2
2518144656,1,1,2
2518289209,1,0,1
2519896486,1,0,1
2519921673,1,0,1
2520657649,1,1,2
2520684529,1,15,16
2520892458,1,0,1
2521359854,1,0,1
2521826402,1,0,1
2521943161,1,0,1
2523358471,1,0,1
2523471720,1,2,3
2523599390,1,0,1
2524329466,1,0,1
2525415169,1,0,1
2525468940,1,0,1
2525608439,1,2,3
2525745296,1,0,1
2526017160,1,0,1
2526701431,1,0,1
2526811762,1,0,1
2527210003,1,0,1
2528163456,1,0,1
2528545844,1,1,2
2528617992,1,0,1
2528692792,1,0,1
2529241149,1,0,1
2529680302,1,1,2
2530336184,1,2,3
2530866276,1,4,5
2530908612,1,0,1
2531004270,1,0,1
2531019978,1,0,1
2531282089,1,0,1
2531366659,1,0,1
2531448399,1,0,1
2531628074,1,0,1
2532113238,1,0,1
2532992522,1,0,1
2533498836,1,0,1
2533782121,1,0,1
2534506841,1,1,2
2534558471,1,0,1
2535063891,1,0,1
2535190835,1,0,1
2535888966,1,0,1
2536221508,1,0,1
2536561231,1,0,1
2537631614,1,0,1
2537738990,1,0,1
2537968098,1,0,1
2538044195,1,0,1
2538120490,1,0,1
2538133727,1,7,8
2538171246,1,0,1
2538509802,1,0,1
2538923713,1,0,1
2540062788,1,0,1
2540377030,1,0,1
2540593328,1,0,1
2540739840,1,0,1
2541445677,1,0,1
2541872018,1,4,5
2542214976,1,0,1
2542320878,1,0,1
2542529448,1,1,2
2542529666,1,23,24
2542810797,1,0,1
2543600188,1,0,1
2543683674,1,0,1
2543825128,1,0,1
2543860874,1,1,2
2544019591,1,0,1
2544282893,1,0,1
2544609709,1,0,1
2544746757,1,0,1
2545329566,1,0,1
2546055657,1,0,1
2546236655,1,0,1
2546431054,1,0,1
2546521435,1,0,1
2546695478,1,0,1
2546849954,1,0,1
2546940422,1,0,1
2547030157,1,0,1
2547127850,1,0,1
2547172656,1,0,1
2547283860,1,0,1
2547339189,1,0,1
2547974111,1,0,1
2548434319,1,0,1
2548576177,1,0,1
2548764804,1,0,1
2548857085,1,0,1
2548989871,1,0,1
2549649834,1,0,1
2550031892,1,0,1
2550636080,1,4,5
2550732637,1,0,1
2550862200,1,0,1
2550987278,1,0,1
2551706367,1,1,2
2551779528,1,0,1
2551840170,1,0,1
2551976245,1,0,1
2553021390,1,1,2
2553345522,1,0,1
2553454196,1,0,1
2553666115,1,0,1
2554486765,1,1,2
2554893830,1,0,1
2555151984,1,0,1
2555181392,1,4,5
2555238984,1,0,1
2555292013,1,0,1
2555753952,1,0,1
2556187021,1,0,1
2556325991,1,0,1
2556379797,1,0,1
2556773213,1,0,1
2556906780,1,1,2
2557411400,1,0,1
2559396780,1,0,1
2559465857,1,0,1
2559688163,1,0,1
2560527047,1,0,1
2560741457,1,0,1
2561517024,1,0,1
2561728285,1,0,1
2561875472,1,0,1
2562243979,1,0,1
2562506614,1,1,2
2562652654,1,0,1
2562811681,1,0,1
2563352680,1,0,1
2563471195,1,0,1
2563516510,1,0,1
2563948903,1,1,2
2564008303,1,1,2
2564120978,1,0,1
2564284786,1,0,1
2565204978,1,0,1
2565307443,1,0,1
2565328599,1,0,1
2565478507,1,0,1
2565524322,1,3,4
2565668196,1,2,3
2565690086,1,2,3
2565889071,1,0,1
2566134747,1,0,1
2566500840,1,0,1
2566882376,1,0,1
2567063794,1,1,2
2567158295,1,1,2
2567280551,1,0,1
2567498707,1,0,1
2567885010,1,2,3
2568199458,1,0,1
2568584899,1,0,1
2568950327,1,0,1
2569261434,1,0,1
2569499008,1,5,6
2569531993,1,0,1
2569641502,1,0,1
2569805833,1,0,1
2570078735,1,0,1
2570104414,1,0,1
2570695418,1,1,2
2571126849,1,0,1
2571192979,1,0,1
2571419360,1,2,3
2571509455,1,0,1
2571514874,1,0,1
2571556160,1,0,1
2572648312,1,1,2
2573093409,1,1,2
2573145268,1,0,1
2573859030,1,2,3
2574533926,1,0,1
2574631024,1,0,1
2574632838,1,2,3
2575415197,1,0,1
2575453375,1,0,1
2576415471,1,0,1
2577000648,1,0,1
2577172592,1,0,1
2577184314,1,0,1
2577598225,1,0,1
2577767600,1,0,1
2577810160,1,0,1
2577906932,1,0,1
2578478492,1,0,1
2579008119,1,0,1
2579023121,1,0,1
2579079284,1,0,1
2579340648,1,0,1
2579621095,1,0,1
2580078103,1,0,1
2580306517,1,0,1
2580368012,1,0,1
2580397909,1,0,1
2580917466,1,0,1
2580953076,1,0,1
2581108053,1,2,3
2581254006,1,0,1
2581467288,1,0,1
2583011341,1,0,1
2583301431,1,0,1
2583326106,1,2,3
2583794616,1,0,1
2584372549,1,1,2
2584469544,1,0,1
2585438764,1,0,1
2586506586,1,0,1
2586536426,1,0,1
2587819700,1,1,2
2588291197,1,0,1
2588379372,1,0,1
2588560850,1,0,1
2588916278,1,0,1
2589003921,1,0,1
2589354816,1,0,1
2589770954,1,0,1
2590151517,1,0,1
2590167397,1,0,1
2590629630,1,0,1
2591898026,1,1,2
2592310626,1,0,1
2592342907,1,0,1
2592461694,1,0,1
2592736694,1,0,1
2592815799,1,0,1
2593216745,1,0,1
2593336251,1,0,1
2593448748,1,0,1
2593528701,1,0,1
2594027228,1,0,1
2594936204,1,0,1
2595156171,1,1,2
2595370003,1,1,2
2595687833,1,0,1
2596032888,1,0,1
2596152405,1,4,5
2596327553,1,0,1
2596535933,1,0,1
2596717521,1,0,1
2597715355,1,0,1
2597761913,1,0,1
2598139242,1,0,1
2598254934,1,0,1
2598819505,1,0,1
2599000871,1,0,1
2599743379,1,0,1
2599832760,1,0,1
2599843089,1,10,11
2599935764,1,6,7
2600219737,1,5,6
2600512601,1,2,3
2600774276,1,8,9
2601339795,1,0,1
2602247181,1,0,1
2602640756,1,0,1
2603716520,1,0,1
2604026826,1,0,1
2604273244,1,0,1
2606281992,1,0,1
2606387190,1,0,1
2606596747,1,0,1
2606690623,1,0,1
2606803873,1,1,2
2607022147,1,0,1
2607787352,1,0,1
2608332316,1,0,1
2608842540,1,0,1
2609463888,1,1,2
2610286401,1,0,1
2610726536,1,0,1
2611063453,1,0,1
2611995509,1,0,1
2612041296,1,0,1
2612574318,1,0,1
2612661090,1,0,1
2612950070,1,0,1
2613131610,1,0,1
2613317159,1,3,4
2613392574,1,0,1
2614347396,1,0,1
2616388940,1,0,1
2616488844,1,0,1
2616893484,1,0,1
2617034743,1,0,1
2617078644,1,0,1
2617593818,1,1,2
2617707633,1,0,1
2618845746,1,0,1
2619284896,1,3,4
2620187280,1,0,1
2620606120,1,0,1
2621432962,1,0,1
2622746129,1,0,1
2626320126,1,0,1
2626645203,1,0,1
2628534651,1,0,1
2629690046,1,0,1
2630244740,1,0,1
2631891160,1,0,1
2633198596,1,2,3
2633293305,1,0,1
2634862518,1,0,1
2635603495,1,1,2
2635740725,1,0,1
2635919640,1,0,1
2636440015,1,0,1
2636801118,1,0,1
2637162002,1,0,1
2638237156,1,0,1
2639518901,1,0,1
2639549164,1,0,1
2639570808,1,0,1
2640203205,1,0,1
2641258137,1,0,1
2642231496,1,0,1
2644237637,1,0,1
2644719294,1,3,4
2645229696,1,0,1
2645266328,1,1,2
2646211340,1,0,1
2646477270,1,0,1
2646574200,1,0,1
2647178945,1,0,1
2648639243,1,0,1
2648912607,1,0,1
2649274586,1,0,1
2649605396,1,0,1
2649829068,1,0,1
2651065493,1,0,1
2651754651,1,0,1
2651806537,1,0,1
2651919946,1,0,1
2652581839,1,8,9
2652722733,1,0,1
2652984649,1,0,1
2653443709,1,0,1
2654200334,1,1,2
2654372454,1,0,1
2654526394,1,0,1
2654827142,1,0,1
2654875748,1,4,5
2654914176,1,0,1
2654983420,1,2,3
2655071250,1,0,1
2655072836,1,0,1
2655459143,1,0,1
2655528877,1,0,1
2657237361,1,0,1
2657714922,1,0,1
2658243187,1,3,4
2658432267,1,0,1
2658674855,1,0,1
2659120218,1,1,2
2659740307,1,0,1
2659745516,1,0,1
2659940348,1,0,1
2660869345,1,0,1
2662601656,1,0,1
2663431610,1,2,3
2663460144,1,12,13
2664043381,1,0,1
2664478831,1,0,1
2664482746,1,0,1
2664742579,1,0,1
2665962581,1,0,1
2666038983,1,0,1
2666110525,1,0,1
2668535712,1,0,1
2669000081,1,0,1
2669247091,1,0,1
2669595194,1,0,1
2669710035,1,0,1
2669822744,1,0,1
2670132458,1,0,1
2670313866,1,1,2
2670612703,1,0,1
2671691102,1,0,1
2673838622,1,0,1
2674525781,1,1,2
2674645300,1,0,1
2675031920,1,0,1
2675038670,1,0,1
2675076079,1,12,13
2676252509,1,0,1
2676531046,1,0,1
2676647084,1,0,1
2677302398,1,0,1
2677988648,1,1,2
2678056264,1,0,1
2678479572,1,0,1
2678915983,1,0,1
2679042799,1,0,1
2680247552,1,0,1
2680491590,1,0,1
2681193721,1,1,2
2681211972,1,0,1
2681292428,1,0,1
2682119500,1,0,1
2682311691,1,0,1
2682441043,1,0,1
2683048640,1,0,1
2683596830,1,0,1
2683599333,1,0,1
2683863025,1,0,1
2684162833,1,0,1
2685126610,1,0,1
2685246518,1,1,2
2686019000,1,0,1
2686143776,1,0,1
2687616024,1,0,1
2687727145,1,0,1
2687774276,1,0,1
2687986302,1,0,1
2688426386,1,2,3
2688869186,1,0,1
2689024243,1,0,1
2690362825,1,0,1
2690920802,1,0,1
2691182624,1,0,1
2691192957,1,0,1
2691208152,1,9,10
2691365461,1,0,1
2691565404,1,1,2
2691605790,1,1,2
2691820086,1,0,1
2692218947,1,0,1
2692591587,1,0,1
2692910600,1,0,1
2693172618,1,5,6
2694402733,1,1,2
2694693374,1,0,1
2694854215,1,0,1
2695199428,1,0,1
2695648812,1,0,1
2695708901,1,0,1
2698388455,1,0,1
2699025454,1,2,3
2699926484,1,0,1
2701586372,1,0,1
2702508214,1,0,1
2704120332,1,0,1
2704290132,1,0,1
2704447022,1,1,2
2704691892,1,0,1
2704698362,1,0,1
2705219183,1,0,1
2705288509,1,0,1
2705425206,1,1,2
2706110948,1,0,1
2707007011,1,0,1
2707322971,1,0,1
2707362120,1,1,2
2707651648,1,0,1
2707898303,1,0,1
2707991740,1,0,1
2708217920,1,0,1
2708334516,1,0,1
2708395040,1,0,1
2709596113,1,5,6
2709836450,1,0,1
2710131698,1,0,1
2712087292,1,0,1
2712124622,1,0,1
2712200395,1,0,1
2712467880,1,5,6
2712511380,1,0,1
2712642749,1,0,1
2712833052,1,1,2
2713145977,1,0,1
2713200490,1,0,1
2713430689,1,0,1
2713446434,1,0,1
2713478598,1,0,1
2713623678,1,0,1
2713638917,1,0,1
2714421441,1,0,1
2714562239,1,0,1
2714736302,1,2,3
2714824026,1,1,2
2714845517,1,0,1
2715120529,1,4,5
2715123070,1,0,1
2715271531,1,3,4
2715622453,1,0,1
2715826107,1,1,2
2716322263,1,0,1
2717251146,1,0,1
2717391452,1,3,4
2717880840,1,0,1
2718144140,1,0,1
2718200131,1,1,2
2718205451,1,0,1
2718602167,1,0,1
2718738445,1,0,1
2719153606,1,0,1
2719301726,1,1,2
2719748736,1,0,1
2719783984,1,0,1
2719861540,1,0,1
2719865484,1,0,1
2720119468,1,0,1
2720389919,1,0,1
2720468619,1,0,1
2720511614,1,0,1
2721521370,1,0,1
2721728971,1,0,1
2721821476,1,0,1
2722174602,1,0,1
2722530026,1,1,2
2722594130,1,0,1
2722914505,1,0,1
2723129951,1,0,1
2723304707,1,0,1
2723319269,1,0,1
2723425713,1,0,1
2723500354,1,0,1
2723723072,1,0,1
2723735572,1,1,2
2723765348,1,0,1
2724160184,1,0,1
2724718075,1,1,2
2725281764,1,2,3
2725359217,1,0,1
2725424409,1,0,1
2725533658,1,1,2
2725585411,1,0,1
2726047340,1,8,9
2726101382,1,1,2
2726973539,1,0,1
2727173245,1,0,1
2727267044,1,0,1
2727324019,1,0,1
2727776201,1,0,1
2727857087,1,0,1
2728290256,1,0,1
2728306096,1,0,1
2728333028,1,1,2
2728574975,1,0,1
2728872442,1,0,1
2729433057,1,0,1
2729587721,1,0,1
2730034800,1,4,5
2730285579,1,0,1
2730550162,1,4,5
2730555168,1,0,1
2730745842,1,0,1
2731159703,1,0,1
2731241712,1,14,15
2731294525,1,0,1
2731707190,1,0,1
2732394345,1,0,1
2732873325,1,0,1
2733298744,1,0,1
2733694897,1,0,1
2733729027,1,0,1
2734216235,1,0,1
2734218134,1,0,1
2734836958,1,0,1
2735098071,1,0,1
2735572783,1,0,1
2735650034,1,0,1
2735780693,1,0,1
2735982470,1,0,1
2736037056,1,0,1
2736157204,1,0,1
2736207512,1,4,5
2736690362,1,0,1
2736858227,1,0,1
2737184300,1,0,1
2737235716,1,0,1
2738291034,1,0,1
2738315472,1,0,1
2738394813,1,0,1
2738477151,1,6,7
2738728104,1,0,1
2740173239,1,0,1
2740244189,1,0,1
2740268980,1,0,1
2740361853,1,1,2
2740471097,1,0,1
2741037213,1,0,1
2741482903,1,0,1
2741994840,1,0,1
2742017153,1,19,20
2742438696,1,0,1
2742446495,1,3,4
2742726467,1,0,1
2742737046,1,0,1
2742760203,1,0,1
2742804301,1,0,1
2742844683,1,0,1
2742992297,1,0,1
2743357531,1,3,4
2743558061,1,0,1
2743613675,1,1,2
2743837147,1,0,1
2744966963,1,0,1
2744977184,1,0,1
2745330567,1,0,1
2745398830,1,0,1
2745742732,1,0,1
2745804818,1,20,21
2745839013,1,0,1
2745879848,1,0,1
2746172020,1,0,1
2746348043,1,0,1
2746624915,1,0,1
2746782055,1,0,1
2747048628,1,0,1
2747091424,1,0,1
2747782399,1,0,1
2748676779,1,0,1
2748685071,1,1,2
2749200394,1,0,1
2749340847,1,0,1
2749345839,1,0,1
2750114049,1,8,9
2750141821,1,0,1
2750161890,1,1,2
2750305467,1,18,19
2750425251,1,0,1
2750446625,1,0,1
2750763693,1,0,1
2751120856,1,0,1
2751182199,1,0,1
2751226938,1,0,1
2751352396,1,1,2
2751584081,1,0,1
2751717160,1,0,1
2751821696,1,0,1
2751878031,1,1,2
2752272622,1,0,1
2752273808,1,0,1
2752639408,1,0,1
2752933503,1,1,2
2753516394,1,1,2
2753862120,1,0,1
2754011765,1,0,1
2754924746,1,0,1
2754998127,1,0,1
2755337365,1,0,1
2755407486,1,0,1
2755871530,1,9,10
2755973768,1,0,1
2756275393,1,9,10
2756387053,1,1,2
2756808618,1,2,3
2756816942,1,0,1
2757032467,1,0,1
2757152245,1,0,1
2757160765,1,0,1
2757291225,1,0,1
2757519841,1,0,1
2757826419,1,0,1
2757909425,1,0,1
2758817231,1,0,1
2759000263,1,0,1
2759210288,1,0,1
2759507261,1,0,1
2759519345,1,0,1
2759684117,1,3,4
2759688031,1,0,1
2759697131,1,0,1
2759756342,1,0,1
2759792975,1,0,1
2760068066,1,0,1
2760122216,1,9,10
2760397502,1,0,1
2760729988,1,0,1
2760856717,1,4,5
2761049378,1,0,1
2761172439,1,0,1
2761173080,1,0,1
2761190343,1,0,1
2761562775,1,0,1
2762172891,1,0,1
2762270476,1,0,1
2762318283,1,0,1
2762676700,1,0,1
2763265168,1,1,2
2763279917,1,0,1
2763408086,1,0,1
2763550259,1,0,1
2763956657,1,0,1
2764117203,1,0,1
2764158549,1,0,1
2764302244,1,0,1
2764400057,1,0,1
2764537071,1,0,1
2764843884,1,1,2
2765315729,1,0,1
2765627885,1,0,1
2765656225,1,7,8
2765834608,1,0,1
2765873917,1,0,1
2766547777,1,0,1
2766745965,1,0,1
2766860540,1,4,5
2766958748,1,0,1
2766993342,1,5,6
2767288192,1,0,1
2767343101,1,0,1
2767396456,1,0,1
2768318739,1,0,1
2768406328,1,0,1
2769143947,1,0,1
2769915163,1,0,1
2770034435,1,0,1
2770406704,1,9,10
2770889094,1,1,2
2771604016,1,0,1
2771793543,1,7,8
2772014399,1,3,4
2772168395,1,0,1
2772264890,1,2,3
2772539782,1,0,1
2773356000,1,3,4
2773620281,1,0,1
2773663614,1,0,1
2773896588,1,0,1
2774071715,1,0,1
2774270693,1,0,1
2774426073,1,0,1
2774475430,1,0,1
2774969625,1,0,1
2775552484,1,1,2
2775626191,1,0,1
2775654486,1,0,1
2775684726,1,0,1
2777331664,1,0,1
2777339263,1,0,1
2777445126,1,0,1
2777843108,1,0,1
2777948984,1,0,1
2778230251,1,0,1
2778680064,1,0,1
2778968979,1,0,1
2779222935,1,0,1
2779307352,1,2,3
2779650107,1,0,1
2781104846,1,2,3
2781374564,1,0,1
2781385486,1,0,1
2781643060,1,0,1
2781655571,1,0,1
2781855323,1,0,1
2782049981,1,7,8
2782414626,1,0,1
2784154341,1,0,1
2784404520,1,0,1
2784758673,1,0,1
2785312085,1,0,1
2785764141,1,0,1
2786154154,1,0,1
2786194011,1,0,1
2786223669,1,0,1
2786231786,1,0,1
2786259512,1,0,1
2786690382,1,0,1
2787255884,1,0,1
2787800134,1,0,1
2787946425,1,0,1
2788137101,1,0,1
2788184157,1,5,6
2788451056,1,0,1
2788751377,1,0,1
2788783322,1,0,1
2789213152,1,0,1
2789421859,1,0,1
2789649916,1,0,1
2789741739,1,1,2
2789924141,1,0,1
2789994348,1,1,2
2790361134,1,16,17
2790409250,1,0,1
2790466996,1,0,1
2790763692,1,21,22
2790916968,1,0,1
2790970963,1,0,1
2791314781,1,0,1
2791406556,1,1,2
2791630587,1,1,2
2791720643,1,0,1
2791863621,1,1,2
2791866119,1,1,2
2792191896,1,1,2
2792623189,1,2,3
2792638268,1,2,3
2792658790,1,12,13
2792681689,1,0,1
2792706291,1,10,11
2792791597,1,0,1
2792916099,1,28,29
2792973522,1,0,1
2793154655,1,0,1
2793285113,1,0,1
2793362344,1,0,1
2794015771,1,1,2
2794634298,1,1,2
2794849039,1,0,1
2794993828,1,0,1
2795242319,1,5,6
2795458499,1,0,1
2796462309,1,0,1
2797131408,1,0,1
2797631709,1,0,1
2797758762,1,0,1
2797973269,1,0,1
2798334883,1,0,1
2798682932,1,0,1
2798698056,1,0,1
2799212939,1,0,1
2799248075,1,2,3
2799689653,1,0,1
2799971880,1,0,1
2800048336,1,10,11
2800199558,1,0,1
2800300097,1,1,2
2800486102,1,0,1
2800522958,1,0,1
2800712009,1,0,1
2800771502,1,0,1
2801270976,1,0,1
2801759478,1,0,1
2801835317,1,0,1
2801997687,1,0,1
2802153233,1,5,6
2802557352,1,0,1
2802925481,1,0,1
2803227054,1,0,1
2803946238,1,0,1
2804171844,1,0,1
2804332645,1,8,9
2804696922,1,0,1
2804890223,1,0,1
2805303975,1,0,1
2805742906,1,1,2
2805977024,1,0,1
2806304954,1,0,1
2806305406,1,0,1
2806356798,1,6,7
2807103602,1,3,4
2807820696,1,0,1
2808055427,1,0,1
2808292308,1,0,1
2808396675,1,0,1
2809866566,1,1,2
2809903260,1,0,1
2810115834,1,0,1
2810288305,1,0,1
2810632999,1,0,1
2811421229,1,0,1
2811977973,1,0,1
2812150069,1,0,1
2812188553,1,0,1
2812300411,1,1,2
2813658297,1,0,1
2813847428,1,0,1
2814099085,1,0,1
2814126056,1,0,1
2814987070,1,15,16
2815370161,1,23,24
2815747198,1,0,1
2816638404,1,1,2
2816676375,1,0,1
2816842381,1,0,1
2817739484,1,0,1
2817837942,1,0,1
2818193145,1,0,1
2818194726,1,0,1
2818445484,1,2,3
2818565778,1,44,45
2818609838,1,0,1
2818856963,1,0,1
2819999687,1,0,1
2820048763,1,0,1
2820054681,1,0,1
2820120503,1,0,1
2820234422,1,2,3
2820329981,1,0,1
2820601293,1,0,1
2820892554,1,0,1
2821261955,1,0,1
2821460831,1,0,1
2821714066,1,0,1
2822223817,1,0,1
2822335862,1,0,1
2822342239,1,2,3
2822661586,1,0,1
2822951071,1,0,1
2823108055,1,0,1
2823178165,1,0,1
2823254639,1,4,5
2823410928,1,1,2
2823691096,1,0,1
2824029850,1,0,1
2824187566,1,1,2
2824323865,1,0,1
2824456549,1,0,1
2825109845,1,0,1
2825771548,1,0,1
2826444462,1,0,1
2826629662,1,0,1
2826841393,1,41,42
2827076611,1,0,1
2827299613,1,2,3
2827380227,1,0,1
2827758939,1,0,1
2828323410,1,0,1
2828731642,1,2,3
2828841171,1,0,1
2829223290,1,0,1
2829261194,1,0,1
2829438561,1,0,1
2829458972,1,0,1
2829704204,1,0,1
2829757680,1,0,1
2829818213,1,0,1
2829834748,1,1,2
2830583421,1,0,1
2830706181,1,0,1
2830777574,1,0,1
2830833496,1,2,3
2830920687,1,0,1
2830934229,1,0,1
2831103692,1,0,1
2831133927,1,0,1
2831580859,1,4,5
2831785580,1,0,1
2831806752,1,0,1
2832229256,1,0,1
2832256298,1,0,1
2832519906,1,0,1
2832583525,1,16,17
2832808863,1,0,1
2832918040,1,0,1
2832977503,1,0,1
2833572990,1,0,1
2834218306,1,0,1
2834373692,1,0,1
2834386567,1,0,1
2834547926,1,0,1
2834791828,1,0,1
2835183370,1,0,1
2835271136,1,0,1
2836049781,1,0,1
2836403190,1,2,3
2837026836,1,0,1
2837166594,1,0,1
2837548060,1,0,1
2838036245,1,0,1
2838392270,1,0,1
2838687015,1,6,7
2838759789,1,0,1
2838834232,1,0,1
2839086446,1,0,1
2839157637,1,0,1
2839302205,1,0,1
2839398203,1,0,1
2839509366,1,0,1
2839635200,1,0,1
2839782715,1,0,1
2840027777,1,0,1
2840715129,1,0,1
2840793743,1,0,1
2840812827,1,0,1
2840842204,1,1,2
2841747221,1,34,35
2841988902,1,0,1
2841991235,1,2,3
2842106791,1,0,1
2842362940,1,0,1
2842493639,1,1,2
2842507499,1,1,2
2843729153,1,0,1
2843894693,1,0,1
2844706973,1,0,1
2845101614,1,0,1
2845212308,1,2,3
2845480494,1,0,1
2845490405,1,0,1
2845590365,1,0,1
2845990493,1,1,2
2846009506,1,0,1
2846043988,1,0,1
2846758753,1,0,1
2847170990,1,0,1
2847242681,1,1,2
2847261427,1,0,1
2847623817,1,1,2
2847684048,1,0,1
2847707523,1,0,1
2847883879,1,6,7
2848665761,1,0,1
2849003256,1,0,1
2849177778,1,0,1
2849389824,1,0,1
2849560347,1,2,3
2849891278,1,0,1
2850273322,1,15,16
2850793766,1,0,1
2850897283,1,0,1
2851095096,1,0,1
2851319186,1,0,1
2851330159,1,2,3
2851536534,1,0,1
2852313374,1,0,1
2852772347,1,2,3
2852993131,1,8,9
2853126689,1,0,1
2853761638,1,0,1
2854559281,1,0,1
2854667042,1,0,1
2854680126,1,0,1
2855180305,1,0,1
2855286571,1,0,1
2855330746,1,0,1
2855566250,1,0,1
2855578462,1,0,1
2856255431,1,0,1
2857254499,1,0,1
2857278242,1,0,1
2857404438,1,0,1
2857655039,1,0,1
2857662815,1,0,1
2857939193,1,0,1
2858660438,1,0,1
2858671154,1,0,1
2858934772,1,0,1
2858960541,1,0,1
2859047038,1,0,1
2859319325,1,10,11
2859591152,1,0,1
2861295648,1,0,1
2861706744,1,0,1
2861719300,1,0,1
2861795482,1,0,1
2861899293,1,37,38
2862730957,1,0,1
2862777294,1,0,1
2862963052,1,0,1
2863191625,1,0,1
2863772851,1,0,1
2864075611,1,0,1
2864941574,1,0,1
2865044511,1,0,1
2865492248,1,1,2
2865515144,1,0,1
2865637964,1,0,1
2865692053,1,0,1
2865795508,1,0,1
2866202223,1,0,1
2866318558,1,0,1
2867317885,1,1,2
2867407552,1,0,1
2867874876,1,0,1
2868048552,1,0,1
2868123715,1,0,1
2868216187,1,5,6
2868444104,1,0,1
2868502095,1,3,4
2869585153,1,1,2
2869629617,1,0,1
2869671609,1,0,1
2869971737,1,2,3
2870108029,1,0,1
2870862382,1,0,1
2870917845,1,8,9
2871529024,1,0,1
2871564522,1,0,1
2871615438,1,0,1
2871880259,1,2,3
2872117927,1,0,1
2872227523,1,0,1
2872342779,1,0,1
2872408416,1,0,1
2872751843,1,0,1
2873164176,1,0,1
2873570141,1,0,1
2873783284,1,0,1
2874055789,1,0,1
2874137801,1,0,1
2874658866,1,0,1
2875227179,1,0,1
2875629118,1,0,1
2875673600,1,0,1
2875804296,1,0,1
2875824379,1,0,1
2876101865,1,0,1
2876606429,1,0,1
2876790249,1,17,18
2876969645,1,0,1
2877001698,1,0,1
2877013490,1,0,1
2877041269,1,0,1
2877105185,1,0,1
2877177964,1,3,4
2877180399,1,0,1
2877192318,1,0,1
2877229989,1,0,1
2877408155,1,0,1
2877500551,1,0,1
2877545495,1,1,2
2877574913,1,12,13
2877581281,1,0,1
2879389090,1,0,1
2879774671,1,0,1
2880143600,1,0,1
2880197625,1,1,2
2880217635,1,0,1
2880355509,1,0,1
2880789230,1,0,1
2881352316,1,0,1
2881470998,1,0,1
2881542126,1,0,1
2881821226,1,0,1
2882064027,1,0,1
2882073551,1,0,1
2882171349,1,0,1
2882901041,1,0,1
2882907295,1,1,2
2883522070,1,0,1
2883699910,1,0,1
2883928229,1,1,2
2884079413,1,0,1
2884131376,1,0,1
2884918305,1,1,2
2884997799,1,0,1
2885130111,1,1,2
2885429729,1,0,1
2885439577,1,0,1
2885467638,1,0,1
2885603504,1,7,8
2885628011,1,0,1
2885979065,1,0,1
2886025295,1,0,1
2886510775,1,2,3
2886818969,1,0,1
2886879235,1,0,1
2886930071,1,0,1
2887405971,1,9,10
2887924157,1,0,1
2887945615,1,0,1
2887966823,1,3,4
2887970618,1,0,1
2887970810,1,0,1
2887974154,1,0,1
2888271393,1,0,1
2888654477,1,0,1
2888722614,1,0,1
2888795253,1,2,3
2888900388,1,0,1
2888945236,1,0,1
2889003413,1,1,2
2889564454,1,0,1
2889592688,1,0,1
2890038293,1,0,1
2890217768,1,0,1
2890352953,1,0,1
2890415114,1,0,1
2890429285,1,0,1
2891225869,1,0,1
2891392489,1,0,1
2891572515,1,0,1
2892261292,1,0,1
2892439689,1,0,1
2892927304,1,0,1
2893051418,1,0,1
2893326379,1,0,1
2893639715,1,0,1
2894249860,1,0,1
2894787058,1,0,1
2895200341,1,1,2
2895237762,1,0,1
2895266054,1,0,1
2895329900,1,0,1
2895362447,1,0,1
2895449179,1,0,1
2895685422,1,0,1
2896423078,1,0,1
2896447227,1,0,1
2896890507,1,0,1
2896911929,1,0,1
2897051695,1,0,1
2897214721,1,0,1
2897478604,1,0,1
2897698694,1,0,1
2898827612,1,9,10
2899017161,1,2,3
2899213480,1,0,1
2899218757,1,0,1
2899270131,1,16,17
2899655800,1,0,1
2899773662,1,57,58
2899843170,1,0,1
2899860795,1,0,1
2900042914,1,0,1
2900224612,1,0,1
2900330885,1,0,1
2900657499,1,0,1
2900846738,1,0,1
2901072780,1,0,1
2901217938,1,0,1
2901264640,1,0,1
2901385751,1,0,1
2901399218,1,0,1
2901422925,1,0,1
2901467580,1,0,1
2901577803,1,0,1
2902099254,1,0,1
2902117801,1,0,1
2902340443,1,0,1
2902423493,1,0,1
2902626029,1,0,1
2902918701,1,0,1
2903058267,1,0,1
2903123943,1,0,1
2903205898,1,14,15
2903228946,1,0,1
2903269091,1,0,1
2903783646,1,0,1
2903874260,1,0,1
2903912279,1,1,2
2903954867,1,0,1
2904067269,1,7,8
2904243545,1,1,2
2904361677,1,0,1
2904536310,1,0,1
2904541768,1,0,1
2904576598,1,0,1
2905170395,1,0,1
2905294798,1,1,2
2905456339,1,0,1
2905693782,1,0,1
2905714206,1,0,1
2906106948,1,0,1
2906383873,1,4,5
2906391236,1,0,1
2906952316,1,0,1
2907017349,1,0,1
2907094833,1,0,1
2907141286,1,3,4
2907187959,1,0,1
2907274564,1,0,1
2907521684,1,19,20
2907643158,1,2,3
2907652652,1,0,1
2908099359,1,0,1
2908381651,1,0,1
2908455393,1,0,1
2909026497,1,0,1
2909338527,1,0,1
2909549533,1,0,1
2909561541,1,0,1
2909586302,1,0,1
2909731363,1,1,2
2909823385,1,2,3
2909957811,1,6,7
2909977509,1,0,1
2910303766,1,0,1
2910475212,1,0,1
2910565459,1,0,1
2910616267,1,0,1
2910932531,1,0,1
2911322408,1,0,1
2911427359,1,0,1
2911683948,1,0,1
2911828067,1,0,1
2912382214,1,0,1
2912825730,1,0,1
2913012811,1,1,2
2913058993,1,0,1
2913252575,1,0,1
2913373838,1,0,1
2913745175,1,0,1
2913824620,1,0,1
2913979860,1,0,1
2914106283,1,2,3
2914348238,1,0,1
2914406821,1,0,1
2914635244,1,0,1
2914918522,1,6,7
2915087832,1,0,1
2915250714,1,0,1
2915519533,1,0,1
2915542435,1,2,3
2915567274,1,0,1
2915610291,1,1,2
2915742057,1,0,1
2915850097,1,0,1
2916014183,1,0,1
2916158142,1,0,1
2916261725,1,0,1
2916653715,1,0,1
2916672881,1,0,1
2916880565,1,0,1
2917807347,1,0,1
2917901176,1,0,1
2917908906,1,0,1
2917919120,1,0,1
2918022872,1,0,1
2918160452,1,10,11
2918518443,1,0,1
2918907194,1,0,1
2919050657,1,0,1
2919189777,1,0,1
2919229007,1,0,1
2919935013,1,0,1
2919991874,1,0,1
2920006195,1,0,1
2920197430,1,0,1
2920475121,1,0,1
2920515091,1,0,1
2920605569,1,0,1
2920692923,1,0,1
2920716521,1,0,1
2920759605,1,12,13
2920833734,1,0,1
2921055672,1,0,1
2921370657,1,0,1
2921453326,1,0,1
2921732512,1,0,1
2922093884,1,0,1
2922151934,1,0,1
2922250781,1,0,1
2922275924,1,0,1
2922333777,1,0,1
2923104648,1,0,1
2923180405,1,0,1
2923491745,1,0,1
2923711813,1,0,1
2924290678,1,2,3
2924367191,1,0,1
2924412184,1,0,1
2924426359,1,0,1
2924795732,1,1,2
2925394462,1,0,1
2925553732,1,23,24
2925589431,1,0,1
2925766126,1,0,1
2926482373,1,0,1
2926823584,1,0,1
2927813462,1,0,1
2928160526,1,0,1
2928677669,1,0,1
2929443931,1,0,1
2929481348,1,0,1
2929919972,1,0,1
2930228690,1,0,1
2930376374,1,5,6
2930987087,1,0,1
2931029238,1,0,1
2931294825,1,0,1
2931327899,1,0,1
2931331440,1,3,4
2931446462,1,0,1
2931508935,1,0,1
2931911388,1,0,1
2932249127,1,0,1
2932405131,1,1,2
2932549026,1,0,1
2932787626,1,0,1
2933159481,1,5,6
2934604870,1,13,14
2934668866,1,0,1
2934771758,1,0,1
2935134782,1,0,1
2935146224,1,0,1
2935718642,1,0,1
2935809686,1,0,1
2936358564,1,1,2
2936410170,1,0,1
2936436328,1,0,1
2936790121,1,0,1
2937154584,1,3,4
2937453279,1,0,1
2937601203,1,0,1
2937612091,1,0,1
2937629120,1,0,1
2938361783,1,1,2
2938378342,1,0,1
2938697922,1,0,1
2938747324,1,0,1
2938795990,1,0,1
2938902102,1,0,1
2938928403,1,0,1
2939106394,1,0,1
2939472161,1,0,1
2939645367,1,0,1
2939782917,1,0,1
2940081228,1,0,1
2940144208,1,0,1
2940919941,1,0,1
2941108755,1,0,1
2941199511,1,0,1
2941369234,1,0,1
2941447671,1,0,1
2941484147,1,0,1
2941505829,1,0,1
2941994281,1,0,1
2941998620,1,0,1
2942279217,1,0,1
2942367792,1,0,1
2942651595,1,0,1
2942686474,1,62,63
2942936427,1,0,1
2943113099,1,0,1
2943170275,1,13,14
2943172932,1,0,1
2943195980,1,0,1
2943313846,1,0,1
2943703539,1,0,1
2944147784,1,1,2
2944287801,1,0,1
2944494037,1,0,1
2944761628,1,0,1
2945173074,1,0,1
2946190162,1,0,1
2946488022,1,0,1
2946509128,1,0,1
2946656895,1,0,1
2947271494,1,0,1
2948349856,1,0,1
2948424873,1,0,1
2948466101,1,0,1
2948623225,1,0,1
2949058242,1,3,4
2949083782,1,24,25
2949185543,1,3,4
2949743435,1,0,1
2949834628,1,0,1
2949932069,1,0,1
2950020489,1,0,1
2950462409,1,0,1
2951121619,1,0,1
2951428219,1,0,1
2951585092,1,0,1
2952155632,1,0,1
2952228969,1,0,1
2952568080,1,0,1
2952578141,1,0,1
2952719366,1,1,2
2953806610,1,0,1
2953966429,1,0,1
2953970284,1,0,1
2954308245,1,0,1
2954374072,1,0,1
2954614130,1,1,2
2954800080,1,3,4
2955158787,1,7,8
2955311432,1,0,1
2955393696,1,0,1
2955827571,1,1,2
2956119682,1,0,1
2956817138,1,0,1
2957314156,1,0,1
2957599924,1,0,1
2957734127,1,4,5
2957919442,1,0,1
2957956329,1,0,1
2958082411,1,0,1
2958897154,1,0,1
2958956861,1,1,2
2959101153,1,0,1
2959262913,1,0,1
2959484801,1,0,1
2959487175,1,0,1
2959751800,1,1,2
2959864587,1,0,1
2959898403,1,0,1
2959983289,1,0,1
2960421171,1,0,1
2960637632,1,0,1
2960901641,1,1,2
2960970563,1,0,1
2961394595,1,1,2
2961491878,1,0,1
2962290883,1,0,1
2962616771,1,0,1
2962652528,1,0,1
2963179442,1,0,1
2963225014,1,0,1
2963483214,1,0,1
2963633155,1,0,1
2964728894,1,0,1
2964906321,1,4,5
2964938091,1,0,1
2965004549,1,0,1
2965224203,1,0,1
2965234444,1,0,1
2965305622,1,1,2
2965312217,1,0,1
2965339271,1,2,3
2965485898,1,0,1
2966038233,1,0,1
2966070040,1,0,1
2966200155,1,0,1
2966589118,1,3,4
2967058883,1,1,2
2967114333,1,0,1
2967156466,1,0,1
2967194934,1,24,25
2967544548,1,30,31
2967954321,1,0,1
2967999067,1,0,1
2968221261,1,0,1
2968275952,1,0,1
2968459052,1,0,1
2968616182,1,0,1
2968621085,1,0,1
2968774547,1,4,5
2968913511,1,0,1
2968943452,1,0,1
2969361701,1,0,1
2969957457,1,0,1
2970013319,1,0,1
2970216495,1,0,1
2970306881,1,0,1
2970550578,1,0,1
2970637414,1,0,1
2970791775,1,6,7
2971001375,1,0,1
2971123475,1,0,1
2972239329,1,66,67
2972417650,1,0,1
2972902514,1,0,1
2973005400,1,0,1
2973494129,1,0,1
2973707829,1,1,2
2973727366,1,0,1
2973812044,1,3,4
2973866331,1,0,1
2974053675,1,0,1
2974581828,1,0,1
2975014912,1,0,1
2975068362,1,0,1
2975503087,1,0,1
2975669439,1,11,12
2976491998,1,0,1
2976655870,1,0,1
2976801226,1,0,1
2977235671,1,0,1
2977381147,1,0,1
2977803096,1,0,1
2978150277,1,0,1
2978307659,1,0,1
2978344544,1,0,1
2978378638,1,0,1
2978595959,1,0,1
2978757184,1,1,2
2979242392,1,0,1
2980379628,1,2,3
2980544703,1,0,1
2980558821,1,0,1
2980783930,1,0,1
2980970341,1,0,1
2981440714,1,0,1
2982059596,1,0,1
2982105537,1,69,70
2983084240,1,1,2
2983127176,1,2,3
2983144261,1,0,1
2983345111,1,1,2
2983348738,1,0,1
2983430400,1,0,1
2983487109,1,0,1
2983689916,1,0,1
2983945431,1,1,2
2984031913,1,1,2
2984283478,1,0,1
2984292923,1,0,1
2984745493,1,0,1
2984916544,1,0,1
2985191021,1,0,1
2985195204,1,0,1
2986634483,1,0,1
2986738389,1,0,1
2987248281,1,0,1
2987377127,1,0,1
2987445857,1,0,1
2987636403,1,0,1
2987867026,1,0,1
2988082695,1,0,1
2988147341,1,1,2
2988153053,1,0,1
2988175907,1,0,1
2988188133,1,0,1
2988237292,1,0,1
2988984687,1,0,1
2989013504,1,0,1
2989165685,1,0,1
2989715365,1,0,1
2990387409,1,0,1
2990526944,1,0,1
2990602806,1,0,1
2991151037,1,0,1
2991173133,1,0,1
2991528965,1,0,1
2992406288,1,0,1
2992660682,1,2,3
2993272191,1,0,1
2993497779,1,0,1
2993724252,1,2,3
2993747767,1,2,3
2993826366,1,0,1
2993885629,1,0,1
2993981121,1,0,1
2994253312,1,0,1
2994271967,1,1,2
2994534441,1,0,1
2995219129,1,0,1
2995319264,1,0,1
2996066742,1,3,4
2996260664,1,0,1
2996516962,1,1,2
2996969002,1,0,1
2997036333,1,0,1
2997483876,1,0,1
2997966732,1,0,1
2998158105,1,0,1
2998320646,1,0,1
2998706627,1,0,1
2999122431,1,0,1
2999184193,1,1,2
2999494097,1,0,1
2999770005,1,0,1
2999812782,1,0,1
3000086907,1,1,2
3000159406,1,1,2
3000440035,1,0,1
3000530467,1,0,1
3000770735,1,0,1
3001490559,1,0,1
3001663627,1,0,1
3001806686,1,0,1
3002178832,1,0,1
3002347967,1,0,1
3002370795,1,0,1
3002546818,1,0,1
3002642385,1,0,1
3002826837,1,0,1
3003086586,1,0,1
3003101895,1,0,1
3003406377,1,1,2
3003585164,1,3,4
3003678845,1,0,1
3003683453,1,0,1
3003887955,1,0,1
3003899247,1,0,1
3004030876,1,0,1
3004595017,1,0,1
3004707485,1,0,1
3004857089,1,0,1
3004979800,1,1,2
3005496744,1,0,1
3005532926,1,0,1
3005686086,1,0,1
3005693467,1,0,1
3005952009,1,0,1
3006289449,1,0,1
3007001917,1,0,1
3007915774,1,0,1
3008570054,1,0,1
3008803809,1,1,2
3009018731,1,1,2
3009028571,1,0,1
3009098915,1,0,1
3009376464,1,1,2
3009557456,1,0,1
3009631898,1,0,1
3009744983,1,0,1
3009897502,1,1,2
3010345375,1,0,1
3010453813,1,5,6
3010505106,1,0,1
3010599051,1,0,1
3010707198,1,0,1
3010759153,1,2,3
3010777755,1,0,1
3010888085,1,0,1
3011477051,1,0,1
3011501357,1,1,2
3011549521,1,2,3
3011687482,1,0,1
3011801593,1,0,1
3012382040,1,1,2
3012512023,1,0,1
3012723176,1,0,1
3012752967,1,1,2
3012968112,1,0,1
3013422394,1,0,1
3013455521,1,0,1
3013891273,1,0,1
3013915792,1,0,1
3014227095,1,0,1
3014388777,1,0,1
3014976275,1,0,1
3015047969,1,0,1
3015483725,1,0,1
3016004982,1,0,1
3016010058,1,0,1
3016017195,1,0,1
3016488429,1,1,2
3016772082,1,0,1
3017318501,1,0,1
3017612346,1,1,2
3018718277,1,2,3
3018759040,1,0,1
3018803003,1,0,1
3019064331,1,0,1
3019358423,1,0,1
3019844289,1,0,1
3019949760,1,0,1
3019967583,1,0,1
3019984493,1,0,1
3020073401,1,2,3
3020309085,1,8,9
3020426401,1,0,1
3020657228,1,0,1
3020688650,1,0,1
3020698906,1,1,2
3020849373,1,0,1
3021016396,1,0,1
3022077115,1,2,3
3022079691,1,0,1
3022286539,1,0,1
3022737594,1,0,1
3022849609,1,0,1
3023047794,1,0,1
3023070806,1,0,1
3023231351,1,0,1
3023288967,1,76,77
3023331881,1,0,1
3023827565,1,0,1
3024048095,1,2,3
3024070697,1,0,1
3024408677,1,0,1
3024418426,1,0,1
3024516930,1,0,1
3024782527,1,0,1
3024837786,1,0,1
3025527455,1,0,1
3026539959,1,32,33
3027012789,1,0,1
3027172822,1,0,1
3027212455,1,0,1
3027870298,1,0,1
3028175141,1,0,1
3028415961,1,0,1
3028834210,1,0,1
3028950903,1,0,1
3029021253,1,3,4
3029146353,1,0,1
3029160508,1,0,1
3029163311,1,0,1
3029388316,1,0,1
3029448203,1,0,1
3029729586,1,0,1
3030972982,1,0,1
3031233983,1,0,1
3031756859,1,0,1
3031913707,1,0,1
3031926490,1,4,5
3031964314,1,0,1
3031984080,1,0,1
3032000047,1,0,1
3032138059,1,0,1
3032155881,1,0,1
3032387464,1,0,1
3032938501,1,0,1
3033075347,1,0,1
3033083909,1,0,1
3033263315,1,3,4
3033573190,1,0,1
3034027064,1,0,1
3034685881,1,3,4
3034999125,1,0,1
3035006914,1,0,1
3035034799,1,6,7
3035120268,1,0,1
3035150393,1,0,1
3035172730,1,0,1
3035639895,1,0,1
3035660783,1,0,1
3035833108,1,21,22
3036250006,1,0,1
3036350715,1,0,1
3036571078,1,1,2
3036711101,1,0,1
3037028130,1,23,24
3037274244,1,0,1
3037275388,1,0,1
3037509513,1,0,1
3037509737,1,0,1
3037779296,1,0,1
3037834583,1,0,1
3037861444,1,0,1
3038012147,1,0,1
3038457369,1,3,4
3038469415,1,0,1
3038475750,1,0,1
3038650699,1,0,1
3038857544,1,0,1
3039883441,1,0,1
3039970669,1,0,1
3040427929,1,0,1
3040801568,1,0,1
3040921283,1,1,2
3040987923,1,1,2
3041318446,1,0,1
3041436005,1,0,1
3041526010,1,0,1
3041545491,1,0,1
3041583610,1,0,1
3042199164,1,0,1
3042221912,1,8,9
3042265626,1,0,1
3042299737,1,0,1
3042365528,1,0,1
3042989264,1,0,1
3043184686,1,0,1
3043289152,1,3,4
3043528101,1,0,1
3043713686,1,0,1
3044706388,1,0,1
3044923076,1,0,1
3045000835,1,0,1
3045115597,1,0,1
3045201840,1,0,1
3045400420,1,4,5
3046303649,1,0,1
3046515632,1,0,1
3046604422,1,2,3
3046685862,1,0,1
3047188742,1,0,1
3047202776,1,0,1
3047211832,1,0,1
3047434392,1,0,1
3047461758,1,0,1
3047477116,1,0,1
3047493012,1,0,1
3047563831,1,0,1
3047804856,1,0,1
3047866833,1,0,1
3047884093,1,0,1
3048134718,1,0,1
3048155477,1,1,2
3048246504,1,0,1
3048598943,1,0,1
3048617796,1,0,1
3048636564,1,0,1
3048785210,1,0,1
3049205199,1,0,1
3049348795,1,0,1
3049771629,1,0,1
3049961252,1,0,1
3050411297,1,3,4
3050688438,1,0,1
3050742040,1,0,1
3051005147,1,0,1
3051091818,1,0,1
3051131390,1,0,1
3051158323,1,0,1
3051165588,1,0,1
3051188912,1,0,1
3051222198,1,0,1
3051330240,1,0,1
3051331977,1,0,1
3051389226,1,0,1
3051723228,1,0,1
3051743191,1,0,1
3051744234,1,0,1
3051773430,1,0,1
3051805368,1,0,1
3051825553,1,0,1
3051828648,1,0,1
3051859520,1,0,1
3051912034,1,0,1
3052013616,1,0,1
3052051070,1,0,1
3052128500,1,0,1
3052336651,1,0,1
3052448324,1,0,1
3052455127,1,0,1
3052507339,1,0,1
3052508142,1,0,1
3052617594,1,0,1
3052793780,1,0,1
3053022211,1,0,1
3053065057,1,0,1
3053211188,1,0,1
3053349685,1,0,1
3053354392,1,0,1
3053376336,1,0,1
3053756779,1,0,1
3053788838,1,0,1
3053907535,1,0,1
3054094609,1,0,1
3054167959,1,1,2
3054168428,1,0,1
3054209895,1,0,1
3054261031,1,0,1
3054322832,1,0,1
3054407593,1,0,1
3054443526,1,0,1
3054466292,1,0,1
3054499762,1,0,1
3054503951,1,0,1
3054577271,1,1,2
3054583740,1,0,1
3054657499,1,0,1
3054734448,1,0,1
3054836899,1,0,1
3054842888,1,0,1
3054877910,1,0,1
3056583173,1,0,1
3057954007,1,0,1
3059254678,1,0,1
3059281318,1,2,3
3059334035,1,0,1
3059883792,1,0,1
3060072082,1,0,1
3060539244,1,0,1
3060606488,1,0,1
3062239493,1,0,1
3062315919,1,0,1
3062631131,1,0,1
3062641378,1,0,1
3062717435,1,0,1
3062906469,1,0,1
3063075652,1,0,1
3063510357,1,0,1
3063533672,1,0,1
3063578235,1,0,1
3063714487,1,4,5
3063880745,1,0,1
3063919348,1,0,1
3064298309,1,0,1
3064363155,1,0,1
3064407069,1,0,1
3064418765,1,0,1
3064455388,1,0,1
3064610177,1,0,1
3064648613,1,0,1
3064658116,1,0,1
3064685973,1,0,1
3064694901,1,0,1
3064702815,1,0,1
3064705083,1,0,1
3064772134,1,0,1
3064773820,1,0,1
3064810547,1,0,1
3064880973,1,0,1
3064882334,1,0,1
3064888607,1,0,1
3064924961,1,0,1
3064942168,1,0,1
3064945737,1,0,1
3064981091,1,0,1
3065011361,1,0,1
3065027801,1,0,1
3065031184,1,0,1
3065043136,1,0,1
3065079651,1,0,1
3065112311,1,0,1
3065126753,1,0,1
3065130627,1,0,1
3065150963,1,0,1
3065181238,1,0,1
3065182600,1,1,2
3065199167,1,0,1
3065215569,1,0,1
3065217033,1,0,1
3065231871,1,0,1
3065256267,1,0,1
3065267207,1,0,1
3065305133,1,0,1
3065316058,1,0,1
3065352351,1,0,1
3065353185,1,0,1
3065369243,1,0,1
3065371913,1,0,1
3065399320,1,0,1
3065409748,1,0,1
3065413539,1,0,1
3065451455,1,0,1
3065498289,1,0,1
3065505844,1,0,1
3065507182,1,0,1
3065527708,1,0,1
3065529141,1,0,1
3065549789,1,0,1
3065566157,1,1,2
3065580449,1,0,1
3065619183,1,0,1
3065625450,1,0,1
3065650275,1,0,1
3065660747,1,0,1
3065676921,1,0,1
3065677366,1,0,1
3065690921,1,0,1
3065699997,1,0,1
3065703413,1,0,1
3065704115,1,0,1
3065708523,1,0,1
3065717787,1,0,1
3065718945,1,0,1
3065721929,1,0,1
3065724160,1,0,1
3065741422,1,0,1
3065744507,1,0,1
3065747867,1,0,1
3065752023,1,0,1
3065770199,1,0,1
3065770353,1,0,1
3065778911,1,0,1
3065779973,1,0,1
3065780200,1,0,1
3065785935,1,1,2
3065805473,1,0,1
3065813619,1,0,1
3065816038,1,0,1
3065829503,1,0,1
3065829651,1,0,1
3065836108,1,0,1
3065848684,1,0,1
3065852891,1,0,1
3065858051,1,0,1
3065860234,1,0,1
3065865009,1,0,1
3065868472,1,0,1
3065873326,1,0,1
3065875185,1,0,1
3065877975,1,0,1
3065878199,1,0,1
3065878697,1,0,1
3065888464,1,0,1
3065902241,1,0,1
3065905726,1,0,1
3065907437,1,0,1
3065909879,1,0,1
3065927932,1,0,1
3065940118,1,0,1
3065946964,1,1,2
3065948884,1,0,1
3065955166,1,0,1
3065956924,1,0,1
3065959624,1,0,1
3065989265,1,0,1
3066236543,1,0,1
3066455956,1,0,1
3066686825,1,0,1
3066832981,1,0,1
3066978124,1,0,1
3067223453,1,0,1
3067228531,1,0,1
3067349743,1,0,1
3067685731,1,0,1
3068728464,1,0,1
3068864107,1,0,1
3068949485,1,0,1
3070468767,1,0,1
3070764531,1,0,1
3071531680,1,0,1
3071566300,1,0,1
3071850667,1,3,4
3071989768,1,0,1
3072459989,1,25,26
3073809062,1,0,1
3074230573,1,0,1
3074927585,1,0,1
3075302174,1,0,1
3075467281,1,2,3
3075657543,1,0,1
3075719913,1,0,1
3075843553,1,0,1
3075964151,1,0,1
3076111561,1,0,1
3076868272,1,0,1
3077246834,1,0,1
3077608613,1,0,1
3078762377,1,2,3
3079145701,1,0,1
3079849018,1,3,4
3080308762,1,0,1
3080461433,1,0,1
3080698290,1,0,1
3080771328,1,0,1
3081227250,1,0,1
3081276986,1,0,1
3081552667,1,0,1
3082925560,1,0,1
3083229328,1,0,1
3083350340,1,0,1
3083581552,1,0,1
3084647165,1,0,1
3084650644,1,0,1
3084842651,1,0,1
3085454489,1,0,1
3086316416,1,1,2
3087439556,1,0,1
3087540285,1,0,1
3088600429,1,0,1
3089140684,1,0,1
3090044279,1,0,1
3090527560,1,0,1
3091269338,1,0,1
3091444382,1,0,1
3091669635,1,0,1
3091768709,1,0,1
3091900759,1,0,1
3092228788,1,0,1
3092260011,1,0,1
3092563396,1,0,1
3092591571,1,0,1
3093683335,1,0,1
3093873776,1,0,1
3094908458,1,0,1
3095845541,1,0,1
3096197139,1,1,2
3096765870,1,0,1
3097027345,1,0,1
3097368934,1,0,1
3098428667,1,0,1
3098432640,1,1,2
3098473819,1,0,1
3098524258,1,0,1
3098890162,1,0,1
3099484032,1,0,1
3100810649,1,1,2
3101996466,1,0,1
3102044217,1,0,1
3102398327,1,0,1
3102472862,1,0,1
3103071266,1,0,1
3104495336,1,0,1
3105028147,1,1,2
3105352238,1,0,1
3105364077,1,0,1
3105836029,1,0,1
3106688243,1,0,1
3106949893,1,1,2
3107067643,1,0,1
3107673643,1,0,1
3107711448,1,0,1
3107716620,1,0,1
3107912356,1,0,1
3108812707,1,0,1
3109015684,1,0,1
3109224305,1,0,1
3109269087,1,0,1
3110801057,1,10,11
3111496845,1,0,1
3112000848,1,0,1
3112044022,1,0,1
3112052554,1,0,1
3112434610,1,0,1
3112485521,1,0,1
3112621480,1,0,1
3112717914,1,2,3
3113062169,1,0,1
3113342544,1,0,1
3113452056,1,0,1
3113590537,1,0,1
3114239426,1,2,3
3114343853,1,0,1
3115875292,1,0,1
3116504009,1,0,1
3116611336,1,0,1
3116955718,1,0,1
3118832304,1,0,1
3119354603,1,0,1
3119712682,1,0,1
3120422458,1,0,1
3121695264,1,0,1
3121785585,1,0,1
3122219217,1,0,1
3122487777,1,0,1
3122614374,1,0,1
3122629226,1,0,1
3122650774,1,1,2
3122689411,1,0,1
3123088372,1,29,30
3123891849,1,0,1
3123971965,1,0,1
3124591131,1,2,3
3124856075,1,0,1
3124933325,1,0,1
3125011143,1,0,1
3126475427,1,0,1
3126965878,1,0,1
3127362827,1,0,1
3127608731,1,2,3
3128661380,1,1,2
3129556459,1,0,1
3129944188,1,0,1
3130635850,1,0,1
3130919615,1,88,89
3131076533,1,0,1
3131124364,1,0,1
3131169148,1,0,1
3131196005,1,0,1
3131353456,1,0,1
3131369782,1,0,1
3131519624,1,0,1
3131537668,1,2,3
3131611887,1,0,1
3132681004,1,0,1
3133275722,1,0,1
3133666626,1,0,1
3133990041,1,0,1
3134037938,1,0,1
3134073339,1,0,1
3134354112,1,0,1
3135252634,1,0,1
3135613169,1,0,1
3138260060,1,0,1
3138573783,1,0,1
3139147969,1,0,1
3139253484,1,0,1
3139621382,1,2,3
3140029801,1,0,1
3140214850,1,0,1
3140400355,1,0,1
3140470333,1,0,1
3140595469,1,0,1
3140621532,1,0,1
3140748788,1,0,1
3140880662,1,0,1
3140908674,1,0,1
3141303693,1,0,1
3141885411,1,0,1
3142653999,1,0,1
3143076391,1,0,1
3143230010,1,0,1
3143802437,1,0,1
3144151043,1,0,1
3145474467,1,1,2
3145512866,1,1,2
3145564244,1,0,1
3145916417,1,0,1
3145920843,1,0,1
3146204134,1,0,1
3146684388,1,0,1
3147246073,1,0,1
3147456042,1,1,2
3148739466,1,0,1
3148811982,1,0,1
3148847930,1,0,1
3148901299,1,3,4
3149176337,1,0,1
3149457188,1,1,2
3150050422,1,0,1
3150123649,1,0,1
3150151147,1,0,1
3150176834,1,0,1
3150220332,1,11,12
3150266508,1,1,2
3150713532,1,0,1
3151630539,1,0,1
3151644035,1,0,1
3151720422,1,0,1
3151877551,1,3,4
3152118762,1,0,1
3152158328,1,0,1
3153110259,1,0,1
3153898533,1,2,3
3153963392,1,9,10
3154100120,1,0,1
3154314141,1,0,1
3154372850,1,0,1
3156816818,1,7,8
3157219778,1,0,1
3157444563,1,0,1
3157671825,1,0,1
3158173165,1,0,1
3158492423,1,0,1
3159298564,1,0,1
3159579924,1,0,1
3159801347,1,9,10
3160092012,1,0,1
3160301141,1,0,1
3161023999,1,0,1
3161121705,1,0,1
3161599719,1,0,1
3161602502,1,0,1
3161854130,1,0,1
3162153746,1,0,1
3162889147,1,0,1
3163246308,1,1,2
3164194149,1,0,1
3164371908,1,0,1
3164453826,1,0,1
3164486004,1,0,1
3164707532,1,0,1
3164792695,1,0,1
3165810168,1,2,3
3165998402,1,0,1
3166023404,1,26,27
3166231752,1,0,1
3166991089,1,19,20
3167058077,1,13,14
3167128131,1,0,1
3167313634,1,0,1
3167515000,1,0,1
3167741856,1,0,1
3170366621,1,0,1
3170426574,1,5,6
3170964015,1,0,1
3171347802,1,0,1
3171373273,1,0,1
3171555132,1,0,1
3171685513,1,26,27
3171710430,1,0,1
3171729400,1,0,1
3171899339,1,0,1
3172685867,1,0,1
3173949645,1,0,1
3174590574,1,0,1
3176301956,1,0,1
3176398313,1,0,1
3177551443,1,0,1
3177939774,1,0,1
3179437112,1,0,1
3179736830,1,0,1
3179842955,1,0,1
3179915986,1,0,1
3180878012,1,1,2
3180953282,1,5,6
3181493828,1,0,1
3181568273,1,0,1
3181714020,1,1,2
3181735356,1,0,1
3181956325,1,1,2
3182152928,1,0,1
3182220284,1,0,1
3182775558,1,0,1
3183282239,1,0,1
3183520439,1,1,2
3183579916,1,0,1
3183616213,1,0,1
3183906038,1,0,1
3184083853,1,0,1
3184462936,1,0,1
3184567378,1,0,1
3184726405,1,0,1
3184726826,1,0,1
3185404560,1,0,1
3185936427,1,1,2
3186605436,1,1,2
3186788058,1,0,1
3186934534,1,64,65
3187273370,1,0,1
3187571219,1,0,1
3187848737,1,5,6
3188011471,1,5,6
3188107750,1,0,1
3188306700,1,0,1
3188461563,1,0,1
3189010888,1,0,1
3189499542,1,0,1
3190999660,1,0,1
3191084275,1,0,1
3191237548,1,0,1
3191367083,1,0,1
3191547089,1,0,1
3191693130,1,0,1
3192411142,1,0,1
3192475400,1,16,17
3192487465,1,0,1
3192659427,1,0,1
3192766663,1,0,1
3194205199,1,0,1
3194457716,1,0,1
3194707844,1,0,1
3194818131,1,0,1
3195622220,1,2,3
3197390607,1,0,1
3197583997,1,0,1
3197649422,1,0,1
3197771592,1,0,1
3197779291,1,0,1
3197821518,1,0,1
3198089216,1,0,1
3198244935,1,0,1
3199108473,1,0,1
3199239731,1,0,1
3200302555,1,0,1
3200909997,1,0,1
3201051405,1,0,1
3201113458,1,0,1
3201561760,1,1,2
3204687447,1,0,1
3205068753,1,0,1
3205220381,1,0,1
3207107709,1,1,2
3207161375,1,0,1
3207232684,1,2,3
3207461152,1,2,3
3207522927,1,0,1
3208036114,1,1,2
3208658418,1,0,1
3209021753,1,3,4
3212918993,1,0,1
3213953968,1,11,12
3214580729,1,0,1
3214643433,1,0,1
3215848560,1,0,1
3216616958,1,0,1
3217790524,1,0,1
3219844437,1,0,1
3219947916,1,1,2
3219968346,1,0,1
3220596264,1,0,1
3220705908,1,0,1
3220916611,1,0,1
3221095651,1,5,6
3221113490,1,1,2
3221279982,1,1,2
3221283046,1,0,1
3221498424,1,0,1
3221703299,1,0,1
3221796475,1,7,8
3221830627,1,1,2
3222494839,1,0,1
3222534654,1,6,7
3222757136,1,0,1
3222909799,1,0,1
3223005274,1,0,1
3223239390,1,8,9
3223624928,1,0,1
3223772982,1,0,1
3224573149,1,0,1
3224709112,1,0,1
3224862973,1,4,5
3224863030,1,0,1
3224910764,1,0,1
3225668363,1,0,1
3225722943,1,0,1
3226120367,1,0,1
3226125382,1,0,1
3226127629,1,0,1
3226168330,1,0,1
3226254849,1,0,1
3226307596,1,0,1
3226389063,1,0,1
3226465698,1,0,1
3226603871,1,0,1
3226662912,1,0,1
3226823395,1,26,27
3227019684,1,0,1
3227162960,1,0,1
3227408298,1,0,1
3227965316,1,0,1
3228447231,1,0,1
3228517474,1,1,2
3228564666,1,0,1
3228629410,1,0,1
3228640905,1,0,1
3228834167,1,0,1
3228843807,1,0,1
3229039009,1,11,12
3229101408,1,0,1
3229165436,1,0,1
3229312378,1,0,1
3229410235,1,0,1
3229460923,1,0,1
3229496968,1,0,1
3229834781,1,0,1
3230087148,1,0,1
3230193128,1,0,1
3230376385,1,0,1
3230581501,1,1,2
3230702017,1,0,1
3230720105,1,0,1
3231045458,1,0,1
3231323977,1,0,1
3231327293,1,0,1
3231332426,1,0,1
3231865519,1,0,1
3231878076,1,0,1
3231951218,1,0,1
3232269276,1,0,1
3233118721,1,5,6
3233153232,1,0,1
3233578592,1,2,3
3234183659,1,0,1
3234330568,1,0,1
3234585647,1,0,1
3235205204,1,0,1
3235360826,1,0,1
3235445305,1,0,1
3235962534,1,0,1
3236511499,1,0,1
3236521686,1,0,1
3236523812,1,2,3
3236589895,1,7,8
3236693637,1,0,1
3236698460,1,0,1
3236984783,1,1,2
3237246585,1,6,7
3237397310,1,0,1
3237798185,1,1,2
3237953169,1,0,1
3238191162,1,0,1
3238281008,1,1,2
3239003284,1,1,2
3239012254,1,1,2
3239301886,1,0,1
3239465253,1,0,1
3239514501,1,0,1
3239816191,1,0,1
3239847600,1,0,1
3239940652,1,1,2
3239947259,1,0,1
3240142224,1,0,1
3240185057,1,0,1
3240517783,1,0,1
3240581412,1,0,1
3240746607,1,5,6
3240990981,1,0,1
3241065539,1,0,1
3241931810,1,3,4
3241984329,1,0,1
3242096608,1,0,1
3242339223,1,0,1
3242427071,1,0,1
3242743395,1,0,1
3242819018,1,0,1
3242860205,1,0,1
3243503809,1,0,1
3243528802,1,0,1
3243825207,1,0,1
3244010243,1,1,2
3244043888,1,0,1
3244075424,1,0,1
3244566380,1,0,1
3244733209,1,14,15
3245356483,1,0,1
3245395564,1,0,1
3245498546,1,0,1
3245511757,1,0,1
3246164604,1,0,1
3246386281,1,20,21
3246395550,1,0,1
3246478940,1,0,1
3246542488,1,3,4
3246911913,1,9,10
3247077859,1,0,1
3247531118,1,0,1
3247929665,1,1,2
3248630013,1,0,1
3248691361,1,5,6
3249992329,1,0,1
3250163005,1,0,1
3250726092,1,3,4
3252066963,1,0,1
3252118139,1,0,1
3252730549,1,0,1
3252847892,1,0,1
3253047127,1,0,1
3253054884,1,0,1
3253056193,1,0,1
3253149374,1,1,2
3253921395,1,0,1
3254398964,1,0,1
3254777569,1,0,1
3254890561,1,0,1
3255061710,1,0,1
3255253097,1,0,1
3255713833,1,0,1
3255951123,1,19,20
3256762422,1,0,1
3256910497,1,0,1
3257048503,1,0,1
3257493996,1,0,1
3257940770,1,0,1
3258031089,1,0,1
3258299016,1,0,1
3258490158,1,0,1
3258605666,1,0,1
3259658840,1,0,1
3260095424,1,2,3
3260203669,1,0,1
3260339101,1,4,5
3260773844,1,0,1
3261837632,1,0,1
3263027016,1,0,1
3263274484,1,3,4
3263688377,1,0,1
3264248057,1,0,1
3266351988,1,0,1
3266657148,1,1,2
3266813234,1,0,1
3267193837,1,1,2
3268484252,1,0,1
3268767380,1,0,1
3269955146,1,0,1
3270109362,1,17,18
3270292280,1,0,1
3270450403,1,0,1
3270691068,1,0,1
3272841955,1,0,1
3272915850,1,0,1
3273536767,1,0,1
3273930834,1,0,1
3274962374,1,0,1
3275047310,1,0,1
3275163810,1,2,3
3275244188,1,1,2
3276449154,1,0,1
3277148569,1,0,1
3277398804,1,0,1
3277592832,1,0,1
3277743252,1,0,1
3278055896,1,0,1
3278076264,1,0,1
3278110310,1,0,1
3278353603,1,0,1
3278671938,1,0,1
3279238608,1,0,1
3279533178,1,0,1
3279667957,1,0,1
3280055866,1,0,1
3280184334,1,0,1
3280254072,1,0,1
3280907082,1,1,2
3281277655,1,0,1
3281338363,1,0,1
3281358942,1,0,1
3281726886,1,0,1
3282025843,1,0,1
3282644526,1,0,1
3282709518,1,0,1
3282785736,1,0,1
3282795510,1,0,1
3283399686,1,0,1
3283613148,1,1,2
3283811719,1,1,2
3283906727,1,0,1
3284060906,1,0,1
3284796619,1,2,3
3285705822,1,0,1
3285975517,1,0,1
3286537375,1,0,1
3287589577,1,0,1
3288066408,1,7,8
3288170222,1,0,1
3288347239,1,0,1
3288513350,1,5,6
3289112503,1,1,2
3289220141,1,0,1
3289562545,1,0,1
3289625461,1,0,1
3289940898,1,0,1
3290019119,1,0,1
3290214292,1,1,2
3290275786,1,1,2
3290293391,1,2,3
3290712024,1,0,1
3290831809,1,0,1
3290963754,1,0,1
3291093486,1,0,1
3291106129,1,3,4
3291193873,1,1,2
3291250602,1,0,1
3291388097,1,0,1
3291710667,1,0,1
3291753758,1,39,40
3291755589,1,0,1
3291793433,1,0,1
3291831526,1,0,1
3292606704,1,0,1
3293191066,1,0,1
3293356187,1,0,1
3294292061,1,0,1
3294295415,1,0,1
3294470199,1,0,1
3294783495,1,0,1
3294798467,1,0,1
3295041561,1,0,1
3295224437,1,2,3
3295477099,1,0,1
3295943761,1,0,1
3295985095,1,2,3
3296002967,1,0,1
3296455645,1,0,1
3296772538,1,0,1
3296789650,1,0,1
3297026886,1,0,1
3297487107,1,0,1
3297611669,1,0,1
3298050839,1,2,3
3298172888,1,0,1
3298238536,1,1,2
3298252493,1,0,1
3298542574,1,0,1
3298847143,1,0,1
3298889245,1,8,9
3298932044,1,0,1
3298990284,1,0,1
3299026488,1,0,1
3299419268,1,0,1
3299484550,1,0,1
3299716605,1,0,1
3299736718,1,0,1
3299755298,1,0,1
3299789463,1,0,1
3299836245,1,0,1
3299917608,1,0,1
3300065650,1,0,1
3300155828,1,1,2
3300218308,1,0,1
3300261465,1,0,1
3300309662,1,0,1
3300404053,1,0,1
3300632671,1,0,1
3300747818,1,0,1
3300762127,1,1,2
3300786044,1,0,1
3300942849,1,5,6
3301017456,1,0,1
3301031618,1,0,1
3301056919,1,0,1
3301537451,1,0,1
3302166970,1,0,1
3302220857,1,0,1
3302308683,1,0,1
3302335069,1,0,1
3302453535,1,0,1
3302485373,1,3,4
3302507319,1,0,1
3302658656,1,0,1
3302742852,1,42,43
3302903156,1,0,1
3303241115,1,0,1
3303328961,1,0,1
3303404466,1,0,1
3303436103,1,0,1
3303444667,1,0,1
3303664726,1,0,1
3303838303,1,1,2
3304463817,1,0,1
3304666087,1,0,1
3304922123,1,0,1
3304924118,1,0,1
3305358298,1,0,1
3305402991,1,0,1
3305493821,1,0,1
3305518004,1,0,1
3305577727,1,13,14
3305789183,1,1,2
3305795997,1,0,1
3306049078,1,0,1
3306120248,1,0,1
3306248044,1,0,1
3306340801,1,0,1
3306424132,1,2,3
3306485329,1,0,1
3306745701,1,0,1
3306846124,1,0,1
3306979323,1,0,1
3307215363,1,0,1
3307329461,1,0,1
3307420336,1,0,1
3308068920,1,0,1
3308262632,1,1,2
3308268990,1,0,1
3308406583,1,0,1
3308409952,1,0,1
3308971896,1,0,1
3309024781,1,0,1
3309518556,1,0,1
3309991820,1,4,5
3310111899,1,1,2
3310669366,1,0,1
3310678936,1,1,2
3311295429,1,1,2
3311661188,1,0,1
3311876328,1,0,1
3311876826,1,0,1
3312015750,1,0,1
3312029739,1,1,2
3312160931,1,0,1
3312179912,1,0,1
3312629267,1,0,1
3312631694,1,53,54
3312648675,1,0,1
3312658938,1,0,1
3312950960,1,0,1
3313382002,1,0,1
3313437354,1,0,1
3313502051,1,0,1
3313638392,1,1,2
3313909025,1,0,1
3313986272,1,0,1
3314658222,1,0,1
3314776957,1,0,1
3315113737,1,0,1
3316263486,1,0,1
3316310243,1,0,1
3316510275,1,0,1
3316796588,1,3,4
3317030610,1,0,1
3317346687,1,0,1
3317384177,1,0,1
3317406101,1,0,1
3318205292,1,0,1
3318306769,1,0,1
3318372754,1,0,1
3318735101,1,0,1
3318753174,1,0,1
3318794109,1,0,1
3318998106,1,34,35
3319134495,1,1,2
3319454363,1,0,1
3319588848,1,0,1
3319597627,1,0,1
3320058653,1,0,1
3320110749,1,0,1
3320207248,1,0,1
3320721216,1,0,1
3321513304,1,5,6
3321556340,1,9,10
3321702396,1,0,1
3321747794,1,0,1
3321764384,1,0,1
3322182915,1,0,1
3323048857,1,0,1
3323336308,1,0,1
3323353626,1,0,1
3323569945,1,0,1
3323828883,1,0,1
3323937285,1,0,1
3324141298,1,0,1
3324195262,1,5,6
3324561251,1,3,4
3324603194,1,0,1
3324868524,1,0,1
3325133651,1,1,2
3325635355,1,0,1
3325831325,1,0,1
3326189320,1,0,1
3326641650,1,0,1
3326678716,1,0,1
3326948909,1,0,1
3327684014,1,0,1
3327695246,1,0,1
3327715310,1,0,1
3327913984,1,0,1
3328140333,1,0,1
3328298343,1,9,10
3328349277,1,0,1
3328472361,1,0,1
3328740051,1,2,3
3328816767,1,0,1
3329941709,1,0,1
3331044929,1,0,1
3331465217,1,0,1
3331467220,1,0,1
3331898824,1,0,1
3331918745,1,0,1
3332073706,1,63,64
3332175724,1,5,6
3332535160,1,0,1
3332565572,1,0,1
3332663452,1,0,1
3332748759,1,0,1
3333161057,1,0,1
3334457898,1,0,1
3334834672,1,0,1
3335686317,1,0,1
3335988855,1,0,1
3337287965,1,0,1
3337988021,1,0,1
3337990633,1,0,1
3338771421,1,0,1
3339391640,1,0,1
3339497032,1,0,1
3340100567,1,0,1
3341024598,1,0,1
3341193400,1,2,3
3341870494,1,0,1
3342133443,1,0,1
3342557175,1,0,1
3342794289,1,1,2
3343140674,1,0,1
3344005587,1,80,81
3344559215,1,0,1
3344716949,1,0,1
3345364455,1,0,1
3345521567,1,0,1
3345661089,1,0,1
3345692235,1,0,1
3345831022,1,0,1
3345907727,1,0,1
3345987839,1,0,1
3346143255,1,0,1
3346278028,1,0,1
3346351833,1,0,1
3346364163,1,0,1
3347131228,1,0,1
3347513867,1,7,8
3347884287,1,0,1
3348183730,1,0,1
3348618184,1,0,1
3350217801,1,0,1
3350523700,1,0,1
3351320123,1,0,1
3351339963,1,0,1
3351486586,1,0,1
3352025087,1,0,1
3352350761,1,11,12
3352481380,1,0,1
3352530665,1,0,1
3353254623,1,0,1
3353518395,1,0,1
3353604197,1,0,1
3353877494,1,0,1
3354094930,1,0,1
3354337877,1,1,2
3354486075,1,0,1
3355849324,1,15,16
3356288603,1,0,1
3356575847,1,0,1
3356664502,1,2,3
3356729105,1,0,1
3357533482,1,0,1
3358429634,1,0,1
3359185379,1,0,1
3359745173,1,1,2
3360309797,1,0,1
3360332235,1,34,35
3361028788,1,0,1
3361367379,1,1,2
3362521349,1,0,1
3364060573,1,0,1
3365097412,1,0,1
3365274193,1,4,5
3366145475,1,0,1
3366152746,1,0,1
3366413771,1,0,1
3366423171,1,0,1
3366464950,1,0,1
3366483731,1,0,1
3366733102,1,0,1
3366768497,1,0,1
3366811553,1,0,1
3366859522,1,0,1
3367196601,1,0,1
3367337872,1,0,1
3367861529,1,0,1
3368287660,1,1,2
3368550545,1,0,1
3368810654,1,0,1
3369466971,1,0,1
3369925937,1,2,3
3370966227,1,0,1
3371195458,1,0,1
3371282686,1,0,1
3371319790,1,0,1
3371448095,1,0,1
3371534769,1,0,1
3371564589,1,2,3
3372845602,1,0,1
3373985171,1,0,1
3373986586,1,0,1
3374155210,1,0,1
3374411691,1,0,1
3374651741,1,0,1
3375013047,1,0,1
3375089893,1,0,1
3375422393,1,0,1
3375782925,1,1,2
3376184097,1,0,1
3376424532,1,0,1
3376667685,1,0,1
3377141952,1,2,3
3377166171,1,0,1
3377690026,1,0,1
3378018814,1,0,1
3378028228,1,0,1
3379356935,1,0,1
3379486624,1,2,3
3379487183,1,0,1
3379557028,1,0,1
3380780321,1,0,1
3381017134,1,0,1
3381133485,1,0,1
3381224181,1,0,1
3381522543,1,0,1
3382348751,1,0,1
3382462396,1,0,1
3382554568,1,0,1
3382939869,1,0,1
3383281131,1,0,1
3383662367,1,1,2
3384176780,1,8,9
3384569067,1,0,1
3384585868,1,0,1
3384704452,1,0,1
3384804783,1,0,1
3384859763,1,0,1
3385121559,1,0,1
3385333011,1,3,4
3385583872,1,0,1
3385640472,1,2,3
3387228254,1,0,1
3387241053,1,0,1
3387458302,1,2,3
3387652570,1,0,1
3388826745,1,1,2
3388939631,1,0,1
3389510987,1,3,4
3389712738,1,0,1
3390094858,1,0,1
3390597879,1,0,1
3390715247,1,0,1
3390768645,1,0,1
3391767821,1,0,1
3393287091,1,0,1
3393897732,1,0,1
3395379493,1,4,5
3395866577,1,4,5
3395995005,1,0,1
3396468671,1,0,1
3397267229,1,0,1
3397307374,1,0,1
3398169862,1,0,1
3398563153,1,0,1
3398837230,1,0,1
3398851288,1,0,1
3399008399,1,0,1
3399560535,1,0,1
3400319873,1,0,1
3400353891,1,0,1
3400682890,1,0,1
3400745705,1,0,1
3401497234,1,28,29
3401533601,1,2,3
3402287493,1,0,1
3402343913,1,0,1
3403169733,1,1,2
3403235237,1,0,1
3403270749,1,1,2
3403417937,1,2,3
3403526481,1,0,1
3404327651,1,0,1
3404593518,1,0,1
3404780759,1,1,2
3404812007,1,2,3
3406049139,1,0,1
3406292631,1,0,1
3406575232,1,0,1
3407030105,1,0,1
3407273603,1,0,1
3407369205,1,2,3
3407417992,1,0,1
3407539078,1,1,2
3407643046,1,0,1
3408262787,1,9,10
3408674489,1,0,1
3408794954,1,0,1
3408856277,1,0,1
3409037398,1,7,8
3409567588,1,0,1
3410010688,1,0,1
3410444921,1,0,1
3410502844,1,0,1
3410746624,1,1,2
3410954838,1,0,1
3411453447,1,0,1
3412553643,1,0,1
3412901950,1,0,1
3413529935,1,0,1
3413598225,1,0,1
3413762631,1,0,1
3415372090,1,4,5
3415775554,1,0,1
3416255806,1,0,1
3416328506,1,0,1
3416488763,1,0,1
3416718411,1,1,2
3416800834,1,6,7
3417105225,1,0,1
3417841583,1,0,1
3418863072,1,0,1
3418871422,1,0,1
3420189821,1,0,1
3420701591,1,0,1
3420844275,1,0,1
3421092303,1,0,1
3421390634,1,0,1
3421441474,1,0,1
3421451331,1,0,1
3421901692,1,0,1
3422860869,1,0,1
3422942533,1,0,1
3423107207,1,0,1
3424062443,1,0,1
3424717246,1,0,1
3425154995,1,0,1
3426959379,1,22,23
3426994972,1,0,1
3427053874,1,0,1
3428067466,1,0,1
3428247161,1,28,29
3428561229,1,0,1
3429054952,1,0,1
3429189233,1,4,5
3429289156,1,0,1
3429417077,1,0,1
3429785020,1,0,1
3430512500,1,0,1
3430796243,1,0,1
3430826871,1,0,1
3430997110,1,0,1
3431476061,1,0,1
3431937473,1,0,1
3432792993,1,0,1
3432942274,1,0,1
3433106727,1,1,2
3433150361,1,0,1
3433174935,1,0,1
3433282768,1,0,1
3433545315,1,0,1
3433588753,1,1,2
3434259851,1,0,1
3434336895,1,0,1
3435779307,1,0,1
3435958755,1,0,1
3436044119,1,0,1
3436103473,1,0,1
3436141041,1,0,1
3436181123,1,0,1
3437563007,1,0,1
3437633267,1,0,1
3438256246,1,0,1
3439714925,1,0,1
3441864072,1,4,5
3442821553,1,0,1
3443515454,1,0,1
3446121316,1,0,1
3446868922,1,0,1
3448477757,1,1,2
3449232202,1,0,1
3449939419,1,2,3
3450018201,1,0,1
3450394820,1,0,1
3450855133,1,0,1
3450960433,1,0,1
3452727199,1,0,1
3455803212,1,0,1
3459274514,1,2,3
3460778774,1,2,3
3461318294,1,0,1
3463056747,1,0,1
3465152656,1,4,5
3467610743,1,1,2
3468552383,1,0,1
3471435567,1,0,1
3472610174,1,8,9
3472911554,1,0,1
3474191495,1,1,2
3474782129,1,0,1
3474891743,1,0,1
3477490822,1,0,1
3480251534,1,0,1
3482419337,1,0,1
3484664788,1,0,1
3486303913,1,0,1
3486573612,1,0,1
3486920416,1,0,1
3487496653,1,0,1
3491868137,1,1,2
3491953577,1,0,1
3492548060,1,0,1
3492735506,1,0,1
3496374193,1,0,1
3496376477,1,0,1
3498876858,1,0,1
3505069643,1,0,1
3505118488,1,0,1
3505838295,1,0,1
3508117395,1,0,1
3509943373,1,0,1
3510851959,1,0,1
3513781933,1,1,2
3515738421,1,0,1
3516639799,1,0,1
3517835113,1,0,1
3519055577,1,0,1
3519285912,1,0,1
3519434294,1,1,2
3519528737,1,0,1
3519750552,1,0,1
3520509974,1,0,1
3521483052,1,0,1
3521992872,1,1,2
3522297852,1,0,1
3522888137,1,0,1
3523674617,1,0,1
3523743202,1,0,1
3525879496,1,0,1
3526188680,1,0,1
3528428901,1,0,1
3528752428,1,0,1
3532891032,1,0,1
3536340736,1,0,1
3536505550,1,0,1
3536801356,1,1,2
3538521917,1,0,1
3540069227,1,0,1
3540176540,1,5,6
3543340815,1,0,1
3543902893,1,0,1
3544485258,1,0,1
3545585843,1,0,1
3545644217,1,0,1
3546269960,1,0,1
3546374433,1,0,1
3547081757,1,0,1
3549223402,1,2,3
3549567017,1,8,9
3549986413,1,0,1
3550431554,1,0,1
3554534952,1,0,1
3558348802,1,0,1
3560322135,1,0,1
3560774897,1,0,1
3561795374,1,0,1
3571750096,1,0,1
3573064336,1,0,1
3574939532,1,6,7
3576425832,1,0,1
3580199775,1,0,1
3581229616,1,1,2
3581459715,1,0,1
3582539237,1,0,1
3583384572,1,0,1
3584100257,1,0,1
3584722334,1,0,1
3586370295,1,0,1
3587445913,1,0,1
3587927658,1,0,1
3588258974,1,0,1
3590785162,1,36,37
3591015445,1,0,1
3592425975,1,0,1
3593576055,1,0,1
3595367414,1,0,1
3596305518,1,0,1
3600445877,1,0,1
3606079335,1,1,2
3609904392,1,0,1
3611797517,1,0,1
3612833313,1,0,1
3613359978,1,0,1
3616077433,1,0,1
3618037037,1,0,1
3618048560,1,5,6
3618476476,1,19,20
3621082823,1,0,1
3623197272,1,0,1
3626898317,1,0,1
3630858192,1,0,1
3630969552,1,0,1
3631649954,1,0,1
3631665139,1,0,1
3632241072,1,0,1
3632510114,1,2,3
3636809176,1,0,1
3637250481,1,0,1
3641786714,1,0,1
3642901272,1,0,1
3644611454,1,0,1
3645267735,1,0,1
3648307885,1,0,1
3650660842,1,0,1
3650767933,1,0,1
3653130915,1,0,1
3653844088,1,0,1
3654061634,1,1,2
3654666734,1,0,1
3659092103,1,3,4
3662833997,1,0,1
3663156510,1,0,1
3665287647,1,0,1
3665859792,1,0,1
3667821077,1,0,1
3668075663,1,0,1
3668710822,1,0,1
3673354214,1,0,1
3675408916,1,0,1
3678050781,1,0,1
3679508478,1,0,1
3679744823,1,11,12
3679764017,1,5,6
3679810815,1,7,8
3680718199,1,0,1
3684616394,1,0,1
3686878156,1,0,1
3687874233,1,0,1
3689294732,1,0,1
3691974736,1,0,1
3692392523,1,0,1
3695549117,1,1,2
3696208873,1,0,1
3699195972,1,0,1
3699792734,1,0,1
3700487181,1,20,21
3702956549,1,0,1
3704686458,1,0,1
3707328736,1,0,1
3710208135,1,0,1
3711018737,1,0,1
3711037874,1,0,1
3711812832,1,0,1
3712155805,1,0,1
3713151016,1,2,3
3715180813,1,2,3
3716618716,1,0,1
3716844494,1,0,1
3718469452,1,0,1
3719883095,1,1,2
3721213758,1,0,1
3722200997,1,0,1
3722626695,1,0,1
3727022832,1,0,1
3728285477,1,0,1
3729294556,1,0,1
3731656992,1,0,1
3732183076,1,0,1
3732464652,1,0,1
3733574357,1,0,1
3737420239,1,0,1
3739291762,1,0,1
3742325177,1,8,9
3744122594,1,0,1
3744178528,1,0,1
3745110853,1,0,1
3745224254,1,0,1
3745406772,1,0,1
3745542857,1,0,1
3747664756,1,1,2
3748778357,1,0,1
3748948158,1,0,1
3749764221,1,0,1
3750844554,1,0,1
3752399115,1,0,1
3755775017,1,0,1
3756402077,1,0,1
3756773614,1,0,1
3761320094,1,0,1
3762765732,1,0,1
3765582199,1,2,3
3765696742,1,0,1
3766739116,1,0,1
3775433413,1,0,1
3775783453,1,10,11
3782665701,1,0,1
3783323236,1,0,1
3784923615,1,0,1
3785327297,1,0,1
3787652054,1,1,2
3788238312,1,0,1
3788776992,1,0,1
3789083355,1,0,1
3789363915,1,0,1
3796329435,1,0,1
3799018755,1,0,1
3801101117,1,0,1
3803010435,1,0,1
3803323993,1,0,1
3805062556,1,0,1
3806914693,1,2,3
3808154474,1,0,1
3809016435,1,1,2
3813756192,1,0,1
3819084429,1,0,1
3819271639,1,0,1
3819650114,1,0,1
3820479553,1,14,15
3820932017,1,0,1
3822288376,1,0,1
3825968584,1,2,3
3827665994,1,0,1
3828333849,1,7,8
3829943476,1,0,1
3833502679,1,0,1
3833631413,1,0,1
3833785673,1,2,3
3834610396,1,0,1
3837839957,1,0,1
3838501635,1,0,1
3839612537,1,0,1
3841762820,1,0,1
3842918712,1,1,2
3846889943,1,0,1
3849011836,1,0,1
3851815349,1,51,52
3851855472,1,0,1
3852320957,1,0,1
3853452193,1,0,1
3853700372,1,0,1
3853832351,1,3,4
3854595442,1,0,1
3854644815,1,0,1
3854778493,1,1,2
3857993685,1,0,1
3864445213,1,0,1
3864844869,1,0,1
3866441233,1,0,1
3867589821,1,0,1
3871337363,1,0,1
3871491748,1,3,4
3874522282,1,0,1
3876882687,1,2,3
3877133834,1,0,1
3877480154,1,0,1
3880076001,1,0,1
3881684123,1,0,1
3882823272,1,1,2
3885445214,1,0,1
3885886939,1,0,1
3887068880,1,3,4
3889004603,1,0,1
3889218614,1,0,1
3891292213,1,0,1
3891356356,1,0,1
3891580212,1,0,1
3894505666,1,0,1
3894920351,1,0,1
3895883337,1,0,1
3898304356,1,0,1
3899296996,1,0,1
3901022675,1,0,1
3901040541,1,0,1
3901363755,1,31,32
3903346112,1,1,2
3904880614,1,0,1
3905131408,1,0,1
3905787376,1,2,3
3906360860,1,0,1
3906932015,1,0,1
3906940032,1,0,1
3908100692,1,6,7
3910405396,1,1,2
3911147153,1,1,2
3915977123,1,2,3
3916463416,1,0,1
3919150883,1,0,1
3920352207,1,0,1
3920999537,1,0,1
3923280869,1,0,1
3926846353,1,0,1
3929871214,1,0,1
3929874111,1,4,5
3930619103,1,0,1
3931479017,1,0,1
3933552499,1,0,1
3936157455,1,0,1
3940013292,1,1,2
3940137873,1,0,1
3940229234,1,1,2
3940581501,1,8,9
3942258568,1,0,1
3942690134,1,0,1
3947754373,1,0,1
3949231276,1,0,1
3950299215,1,1,2
3950390183,1,0,1
3950410756,1,0,1
3950522368,1,6,7
3950851582,1,0,1
3951188487,1,0,1
3951293543,1,0,1
3951313216,1,0,1
3951849862,1,0,1
3952516460,1,0,1
3956063183,1,0,1
3957557609,1,1,2
3958262103,1,0,1
3958672933,1,0,1
3960541516,1,1,2
3964148652,1,0,1
3964657918,1,0,1
3965151045,1,1,2
3972335303,1,0,1
3973458072,1,0,1
3974895142,1,0,1
3976319675,1,3,4
3979283333,1,0,1
3980293000,1,0,1
3981026592,1,1,2
3982004879,1,1,2
3982129399,1,0,1
3982292849,1,0,1
3982767622,1,0,1
3987441148,1,0,1
3989161409,1,0,1
3990854195,1,0,1
3991728132,1,0,1
3995303596,1,1,2
3995331792,1,0,1
3996151037,1,0,1
3996224114,1,0,1
3997340662,1,0,1
3997433903,1,0,1
3998340123,1,0,1
3999047129,1,0,1
3999302173,1,0,1
4003351702,1,0,1
4003788496,1,7,8
4004268178,1,3,4
4004493133,1,0,1
4005054995,1,0,1
4005628092,1,2,3
4006437725,1,0,1
4007435412,1,0,1
4007694499,1,8,9
4011400893,1,0,1
4011860957,1,0,1
4012359742,1,5,6
4013218330,1,2,3
4014902112,1,0,1
4014968232,1,1,2
4017426442,1,0,1
4018619002,1,0,1
4019538526,1,0,1
4024809735,1,0,1
4024921694,1,1,2
4025030253,1,0,1
4025634016,1,1,2
4025671307,1,0,1
4026225035,1,0,1
4027386333,1,0,1
4028941827,1,0,1
4032176903,1,0,1
4032489202,1,2,3
4034749444,1,0,1
4035620367,1,0,1
4035665661,1,0,1
4037282898,1,0,1
4039667352,1,0,1
4040713155,1,0,1
4042107983,1,1,2
4042628353,1,0,1
4042965143,1,0,1
4043012877,1,4,5
4045419413,1,0,1
4048457493,1,0,1
4048796433,1,0,1
4049180838,1,0,1
4049919014,1,0,1
4052351865,1,0,1
4053927801,1,0,1
4056097517,1,0,1
4056105455,1,0,1
4057005497,1,0,1
4057045577,1,0,1
4057146634,1,0,1
4057219455,1,0,1
4064135776,1,0,1
4064595502,1,0,1
4065099381,1,0,1
4065159125,1,0,1
4065796574,1,0,1
4068014235,1,0,1
4068096195,1,1,2
4069817113,1,0,1
4072472897,1,0,1
4072604302,1,0,1
4072644732,1,0,1
4074272703,1,1,2
4075872975,1,0,1
4076410154,1,2,3
4076988015,1,0,1
4083311353,1,0,1
4085968353,1,0,1
4087614137,1,0,1
4092502757,1,0,1
4092705341,1,0,1
4093472051,1,0,1
4093550894,1,0,1
4096167492,1,0,1
4102367955,1,3,4
4102509444,1,0,1
4103014572,1,0,1
4103462176,1,0,1
4104211881,1,0,1
4106753193,1,0,1
4107198255,1,0,1
4107705434,1,0,1
4109286798,1,0,1
4109548636,1,0,1
4110384377,1,37,38
4111633276,1,0,1
4112007639,1,0,1
4112423669,1,0,1
4112543479,1,0,1
4112600296,1,0,1
4114313818,1,0,1
4114429402,1,0,1
4115534963,1,0,1
4115619803,1,0,1
4121154074,1,0,1
4121425397,1,0,1
4122871493,1,1,2
4124683469,1,1,2
4124745806,1,0,1
4125364467,1,0,1
4126227209,1,0,1
4129819272,1,0,1
4131188482,1,0,1
4131942970,1,0,1
4132129039,1,0,1
4132198475,1,0,1
4132310352,1,1,2
4134062235,1,0,1
4135120757,1,0,1
4135282486,1,0,1
4136971199,1,1,2
4137379523,1,0,1
4137730432,1,0,1
4140448505,1,0,1
4140642253,1,0,1
4140961781,1,0,1
4143705555,1,2,3
4143914299,1,0,1
4144333157,1,0,1
4145549961,1,0,1
4147263827,1,0,1
4148607317,1,0,1
4150117473,1,0,1
4150691114,1,0,1
4150773189,1,0,1
4151593833,1,0,1
4152281303,1,0,1
4152470892,1,0,1
4152678627,1,0,1
4153202113,1,1,2
4153371153,1,4,5
4154372890,1,0,1
4154609734,1,0,1
4155792987,1,0,1
4156433962,1,5,6
4156837277,1,0,1
4157548695,1,0,1
4157586053,1,1,2
4159156947,1,0,1
4159463719,1,0,1
4159794562,1,0,1
4159919427,1,0,1
4160255691,1,0,1
4161324141,1,3,4
4162570639,1,0,1
4164568585,1,0,1
4164717015,1,0,1
4164952632,1,1,2
4165632253,1,0,1
4165816454,1,0,1
4166093112,1,0,1
4169424379,1,0,1
4171008974,1,1,2
4171963694,1,1,2
4172236409,1,0,1
4172710334,1,0,1
4173473301,1,0,1
4174581027,1,1,2
4176920234,1,0,1
4178072656,1,0,1
4178908157,1,0,1
4181335059,1,0,1
4182378442,1,1,2
4182654838,1,0,1
4182803729,1,2,3
4182911172,1,6,7
4184016372,1,0,1
4185572598,1,0,1
4186818003,1,0,1
4188382307,1,0,1
4190285883,1,0,1
4190892352,1,0,1
4191307913,1,1,2
4193714793,1,0,1
4194038363,1,0,1
4194215909,1,0,1
4194971206,1,9,10
4195310897,1,0,1
4196073226,1,0,1
4196344469,1,0,1
4196600715,1,0,1
4199923935,1,2,3
4200046213,1,0,1
4200495100,1,0,1
4201982243,1,0,1
4203924853,1,0,1
4205164792,1,0,1
4206376877,1,0,1
4210271052,1,0,1
4214102727,1,0,1
4215068835,1,0,1
4215348852,1,0,1
4217911882,1,0,1
4218005652,1,0,1
4218742998,1,22,23
4219165576,1,0,1
4219349169,1,0,1
4219590713,1,0,1
4221480393,1,0,1
4227691992,1,0,1
4229121157,1,0,1
4229407933,1,0,1
4230619585,1,0,1
4231688607,1,0,1
4233704469,1,0,1
4237464737,1,0,1
4239847098,1,25,26
4240204452,1,0,1
4241357892,1,0,1
4242562934,1,0,1
4242716481,1,0,1
4243671285,1,1,2
4245526949,1,0,1
4245704895,1,1,2
4248027454,1,0,1
4248464179,1,0,1
4251142185,1,0,1
4255327092,1,0,1
4258472134,1,0,1
4258511835,1,0,1
4259304612,1,4,5
4259324247,1,0,1
4265591367,1,0,1
4266082701,1,0,1
4266225455,1,0,1
4266355131,1,0,1
4269566667,1,0,1
4269568881,1,0,1
4269633862,1,27,28
4269644534,1,0,1
4270446192,1,0,1
4270922656,1,0,1
4272424763,1,0,1
4272870562,1,3,4
4280577555,1,0,1
4281382993,1,0,1
4282421054,1,0,1
4282525754,1,0,1
4282648992,1,0,1
4283715613,1,0,1
4285725079,1,0,1
4286478435,1,1,2
4286507654,1,0,1
4286802029,1,0,1
4288442494,1,0,1
4290272414,1,0,1
4291418055,1,0,1
4291475061,1,0,1
4292150775,1,0,1
4293738372,1,0,1
4294542799,1,0,1
4297663229,1,0,1
4298074332,1,0,1
4300729648,1,0,1
4303552332,1,1,2
4304496792,1,0,1
4305010694,1,0,1
4305051193,1,23,24
4306278394,1,0,1
4307899936,1,0,1
4308940335,1,0,1
4309640955,1,0,1
4311315676,1,1,2
4314565812,1,0,1
4315451354,1,0,1
4320495077,1,1,2
4320678946,1,0,1
4321412853,1,0,1
4323163217,1,0,1
4326769994,1,0,1
4327656980,1,0,1
4329560965,1,54,55
4330398072,1,0,1
4331280028,1,0,1
4333155389,1,0,1
4333454553,1,0,1
4336241475,1,2,3
4336728559,1,0,1
4338985812,1,0,1
4339509385,1,0,1
4340408775,1,0,1
4340806214,1,1,2
4341624133,1,0,1
4344398473,1,9,10
4345529067,1,0,1
4348490653,1,0,1
4356915257,1,0,1
4357283774,1,0,1
4357374853,1,0,1
4361300115,1,0,1
4361980032,1,0,1
4362020773,1,0,1
4367324121,1,0,1
4367670314,1,0,1
4368095237,1,2,3
4375394969,1,0,1
4379415494,1,0,1
4381923073,1,0,1
4385788933,1,0,1
4386885314,1,0,1
4392589173,1,0,1
4395360552,1,0,1
4395655875,1,2,3
4396315305,1,0,1
4396843065,1,0,1
4401445574,1,0,1
4402554857,1,0,1
4406887001,1,0,1
4409461121,1,0,1
4409472863,1,1,2
4410038057,1,0,1
4410404243,1,0,1
4412353833,1,0,1
4414843695,1,0,1
4417209027,1,0,1
4417506381,1,0,1
4418466314,1,0,1
4418891441,1,0,1
4422100825,1,0,1
4422277699,1,0,1
4425941725,1,0,1
4426442717,1,0,1
4427314812,1,0,1
4428741263,1,0,1
4432935329,1,1,2
4434176537,1,0,1
4434436401,1,0,1
4435699992,1,0,1
4436377460,1,0,1
4440867746,1,0,1
4441645637,1,0,1
4442487735,1,0,1
4443330858,1,0,1
4443376582,1,0,1
4444620202,1,0,1
4446773859,1,0,1
4448088261,1,0,1
4448395339,1,0,1
4448637314,1,3,4
4449192080,1,1,2
4449651619,1,0,1
4450504343,1,0,1
4451906007,1,0,1
4452862397,1,1,2
4454523318,1,0,1
4454811280,1,0,1
4457252838,1,0,1
4457406699,1,0,1
4459070058,1,0,1
4459318992,1,0,1
4462649307,1,0,1
4463988135,1,0,1
4466271856,1,0,1
4466326814,1,0,1
4466528174,1,0,1
4468470380,1,0,1
4470105133,1,0,1
4472374648,1,7,8
4473423674,1,0,1
4476781999,1,0,1
4477771753,1,0,1
4478981717,1,8,9
4480394599,1,0,1
4485204797,1,0,1
4485474317,1,0,1
4485659505,1,0,1
4485759914,1,0,1
4489410675,1,0,1
4490343221,1,0,1
4491699014,1,7,8
4492067473,1,0,1
4492662562,1,0,1
4492762935,1,0,1
4494210141,1,0,1
4494928283,1,0,1
4495940681,1,0,1
4498035562,1,0,1
4499078313,1,0,1
4499426182,1,0,1
4501647792,1,0,1
4502090712,1,0,1
4502178798,1,0,1
4502289501,1,4,5
4503317908,1,0,1
4508012058,1,12,13
4511564479,1,0,1
4513978379,1,0,1
4515706641,1,0,1
4517852294,1,22,23
4518057262,1,0,1
4518997521,1,0,1
4520843173,1,0,1
4528988439,1,0,1
4529401288,1,0,1
4530075087,1,0,1
4530147132,1,0,1
4536575914,1,0,1
4537706253,1,0,1
4538687428,1,2,3
4538706081,1,0,1
4538909878,1,0,1
4541333061,1,1,2
4541343076,1,0,1
4542071054,1,0,1
4542102322,1,2,3
4542523590,1,0,1
4548348258,1,0,1
4549524078,1,0,1
4549721187,1,0,1
4551445135,1,0,1
4553026521,1,0,1
4559481852,1,0,1
4562328194,1,0,1
4563456377,1,0,1
4563637350,1,6,7
4567058965,1,0,1
4571033134,1,1,2
4573741820,1,0,1
4579950493,1,1,2
4581277212,1,0,1
4583897542,1,0,1
4591824802,1,1,2
4593458847,1,0,1
4597278554,1,0,1
4597654212,1,1,2
4603543877,1,0,1
4604426498,1,0,1
4605007353,1,0,1
4606566973,1,0,1
4606844952,1,0,1
4607395633,1,2,3
4609902619,1,0,1
4610353278,1,1,2
4610589649,1,0,1
4611892647,1,0,1
4612682627,1,1,2
4613079862,1,0,1
4613936002,1,0,1
4617595163,1,1,2
4617991512,1,0,1
4618154792,1,0,1
4623807877,1,0,1
4624248983,1,0,1
4625830996,1,1,2
4626564555,1,0,1
4627186094,1,0,1
4628365815,1,4,5
4630965852,1,0,1
4633651637,1,0,1
4633946538,1,0,1
4634842454,1,0,1
4634995526,1,0,1
4635222749,1,0,1
4635235232,1,0,1
4636813097,1,0,1
4637069357,1,0,1
4637905042,1,0,1
4638788953,1,0,1
4638801132,1,0,1
4639554313,1,15,16
4639668698,1,1,2
4644170434,1,0,1
4644475821,1,1,2
4649266829,1,0,1
4654418061,1,0,1
4656012693,1,0,1
4656428003,1,0,1
4657393523,1,1,2
4659553948,1,1,2
4659641655,1,0,1
4660820848,1,4,5
4661721922,1,0,1
4662154301,1,1,2
4662227597,1,0,1
4663229893,1,0,1
4663852573,1,0,1
4664055012,1,0,1
4664518580,1,0,1
4664602995,1,0,1
4667731526,1,0,1
4669212912,1,0,1
4669708658,1,0,1
4669907532,1,0,1
4670302699,1,0,1
4670738983,1,0,1
4674887720,1,0,1
4675134745,1,1,2
4676827987,1,0,1
4679249833,1,0,1
4680244428,1,0,1
4680462973,1,0,1
4685443651,1,0,1
4686734803,1,0,1
4687202942,1,0,1
4687842792,1,0,1
4688345377,1,0,1
4692326774,1,0,1
4692758972,1,0,1
4692980378,1,0,1
4693673052,1,1,2
4694273383,1,0,1
4696997340,1,0,1
4697374993,1,3,4
4698300728,1,0,1
4698445387,1,0,1
4698562801,1,0,1
4699213130,1,0,1
4699957767,1,0,1
4700681542,1,0,1
4701136650,1,0,1
4701575256,1,0,1
4701634299,1,0,1
4703652691,1,0,1
4705402095,1,0,1
4705452512,1,0,1
4705940773,1,0,1
4707291121,1,0,1
4708061967,1,0,1
4709063357,1,0,1
4713523158,1,0,1
4715520981,1,0,1
4715990602,1,0,1
4716594445,1,0,1
4716978253,1,1,2
4717177696,1,0,1
4717512933,1,1,2
4719272061,1,0,1
4719302299,1,0,1
4719845832,1,0,1
4719951962,1,0,1
4721286813,1,0,1
4721359111,1,0,1
4721407212,1,0,1
4722689961,1,0,1
4723944082,1,0,1
4724224163,1,0,1
4725812843,1,0,1
4726467121,1,0,1
4728306087,1,0,1
4728428007,1,0,1
4729042433,1,0,1
4729258724,1,0,1
4730997856,1,0,1
4731855348,1,0,1
4731924374,1,0,1
4733718876,1,0,1
4734888869,1,0,1
4734930637,1,0,1
4736273093,1,0,1
4737741856,1,0,1
4738345959,1,0,1
4739572526,1,0,1
4740455659,1,0,1
4741102636,1,0,1
4743847694,1,0,1
4745325552,1,0,1
4745707874,1,2,3
4746060860,1,0,1
4746356989,1,0,1
4748004215,1,0,1
4748675981,1,0,1
4749163402,1,0,1
4749411033,1,1,2
4749870775,1,0,1
4750192146,1,0,1
4750741453,1,0,1
4750775450,1,0,1
4751885222,1,1,2
4752109760,1,4,5
4752301315,1,0,1
4753557115,1,0,1
4754156759,1,0,1
4755559581,1,0,1
4757061862,1,0,1
4757067808,1,0,1
4760112923,1,0,1
4760529565,1,1,2
4760793736,1,0,1
4760885087,1,0,1
4764314236,1,1,2
4764644802,1,0,1
4765427563,1,0,1
4765480058,1,0,1
4765772836,1,0,1
4765882770,1,0,1
4765984916,1,0,1
4766086460,1,0,1
4766143908,1,0,1
4766275520,1,0,1
4766710827,1,0,1
4766741600,1,0,1
4767155324,1,0,1
4767720287,1,0,1
4768657948,1,7,8
4770922980,1,8,9
4771580004,1,0,1
4772872363,1,0,1
4773108482,1,3,4
4775360301,1,0,1
4775659428,1,1,2
4777003809,1,0,1
4777721057,1,0,1
4777831314,1,0,1
4778128189,1,0,1
4778755925,1,0,1
4778892982,1,0,1
4779864736,1,0,1
4780642042,1,0,1
4780911803,1,0,1
4782294452,1,0,1
4782565177,1,0,1
4784982455,1,0,1
4785034403,1,0,1
4785836575,1,9,10
4786069640,1,3,4
4786070784,1,0,1
4786807446,1,10,11
4789008074,1,0,1
4789116688,1,10,11
4789678707,1,0,1
4790503934,1,0,1
4790585689,1,32,33
4793647068,1,0,1
4793891174,1,0,1
4794593820,1,0,1
4795119692,1,0,1
4797073893,1,0,1
4797380067,1,0,1
4798683315,1,0,1
4799312581,1,0,1
4800462616,1,0,1
4800641186,1,0,1
4804155828,1,0,1
4804802303,1,0,1
4805502442,1,1,2
4809705800,1,0,1
4812746550,1,0,1
4812950828,1,0,1
4813649838,1,0,1
4815512607,1,0,1
4817065777,1,0,1
4817946181,1,0,1
4817958560,1,0,1
4819005005,1,5,6
4820288038,1,0,1
4820935338,1,0,1
4822031775,1,0,1
4822510701,1,1,2
4822684355,1,0,1
4822813535,1,1,2
4822839579,1,0,1
4822843335,1,13,14
4823031135,1,0,1
4823072416,1,1,2
4824120620,1,0,1
4824193666,1,2,3
4824258905,1,0,1
4825808860,1,0,1
4825995681,1,0,1
4827050625,1,0,1
4827194740,1,0,1
4827478726,1,1,2
4827969950,1,0,1
4827983887,1,1,2
4827994417,1,0,1
4828151880,1,0,1
4828408139,1,0,1
4828412427,1,0,1
4828507272,1,0,1
4829602955,1,0,1
4830133732,1,0,1
4830414665,1,0,1
4831317371,1,1,2
4831453334,1,0,1
4831593609,1,0,1
4832374552,1,0,1
4833396456,1,0,1
4833816513,1,0,1
4833818488,1,9,10
4833874262,1,0,1
4834036084,1,40,41
4834292830,1,16,17
4835212085,1,0,1
4835935874,1,5,6
4835982918,1,0,1
4836067348,1,0,1
4836445371,1,0,1
4836446818,1,0,1
4837004653,1,0,1
4837824128,1,1,2
4839321087,1,3,4
4839490061,1,0,1
4840101623,1,0,1
4840124602,1,0,1
4840220025,1,0,1
4840396043,1,0,1
4840619486,1,0,1
4841742405,1,0,1
4842364235,1,0,1
4843175653,1,0,1
4843479802,1,0,1
4843520369,1,0,1
4843587425,1,0,1
4844055006,1,0,1
4844315386,1,0,1
4845080014,1,1,2
4845403703,1,12,13
4845688906,1,0,1
4846809223,1,1,2
4847004108,1,0,1
4847757752,1,1,2
4848758908,1,0,1
4848920318,1,0,1
4849530548,1,0,1
4849827172,1,0,1
4850174187,1,0,1
4850197332,1,0,1
4851211713,1,0,1
4851533448,1,0,1
4851554715,1,0,1
4851947404,1,1,2
4852123125,1,0,1
4852471283,1,0,1
4852489153,1,0,1
4853968847,1,1,2
4854680561,1,0,1
4855040847,1,0,1
4855201691,1,0,1
4855503448,1,0,1
4855520593,1,0,1
4855612782,1,2,3
4855625469,1,0,1
4855801585,1,0,1
4855874126,1,124,125
4856173725,1,0,1
4856654377,1,0,1
4856770010,1,0,1
4857555388,1,3,4
4857762634,1,0,1
4858868211,1,0,1
4859154341,1,0,1
4859464272,1,0,1
4860430335,1,0,1
4860601172,1,0,1
4860882783,1,0,1
4860906586,1,0,1
4861752653,1,0,1
4862805519,1,0,1
4863483359,1,3,4
4864334765,1,0,1
4864561754,1,0,1
4864658100,1,3,4
4864869765,1,0,1
4865213787,1,0,1
4866239158,1,0,1
4867262176,1,0,1
4867289368,1,1,2
4867378173,1,1,2
4867876559,1,0,1
4868905055,1,0,1
4869161357,1,0,1
4869801094,1,2,3
4869855915,1,2,3
4870460309,1,0,1
4870726449,1,0,1
4870902257,1,0,1
4870922937,1,0,1
4871699003,1,0,1
4872398931,1,0,1
4872578632,1,0,1
4872692135,1,0,1
4873344106,1,0,1
4873349232,1,1,2
4874305405,1,32,33
4874687187,1,0,1
4875119577,1,0,1
4875529211,1,0,1
4876809310,1,0,1
4876941993,1,0,1
4879158021,1,0,1
4879233034,1,0,1
4879438427,1,0,1
4881178480,1,0,1
4881356306,1,1,2
4881737080,1,1,2
4882505489,1,0,1
4882688963,1,0,1
4883488983,1,12,13
4884499936,1,0,1
4885453318,1,0,1
4885646784,1,0,1
4885862609,1,0,1
4885879403,1,0,1
4886795236,1,0,1
4887259416,1,0,1
4887514799,1,0,1
4887769302,1,0,1
4888740178,1,0,1
4889218059,1,0,1
4889685171,1,0,1
4889706910,1,0,1
4890037876,1,0,1
4890428794,1,0,1
4890720355,1,0,1
4890735415,1,0,1
4890763279,1,0,1
4891052546,1,0,1
4891203184,1,0,1
4891510840,1,1,2
4892178556,1,1,2
4892894386,1,0,1
4893557363,1,5,6
4894088510,1,0,1
4894222019,1,0,1
4894717135,1,0,1
4894818371,1,3,4
4894911163,1,0,1
4895111046,1,9,10
4895149874,1,0,1
4896129023,1,1,2
4897853621,1,0,1
4898787725,1,0,1
4898848847,1,0,1
4898984332,1,17,18
4899187815,1,0,1
4900155573,1,0,1
4900602157,1,0,1
4901025605,1,0,1
4902049213,1,0,1
4902244475,1,1,2
4902665370,1,4,5
4903047285,1,10,11
4903330468,1,0,1
4903367458,1,1,2
4904559397,1,0,1
4905459843,1,0,1
4905942909,1,0,1
4906276808,1,0,1
4906318144,1,0,1
4906547699,1,0,1
4907357938,1,0,1
4907645052,1,3,4
4908268524,1,0,1
4908362160,1,0,1
4908941986,1,0,1
4909369815,1,1,2
4909486979,1,0,1
4909509599,1,0,1
4909823384,1,0,1
4910959599,1,0,1
4911276633,1,0,1
4911830238,1,0,1
4914910599,1,0,1
4915280895,1,0,1
4916840931,1,2,3
4916863454,1,1,2
4917036253,1,0,1
4917705086,1,0,1
4918058550,1,0,1
4918353673,1,30,31
4919182071,1,1,2
4919460262,1,0,1
4919568034,1,0,1
4920050872,1,8,9
4920354012,1,0,1
4920704315,1,0,1
4920839783,1,0,1
4920927657,1,0,1
4921568907,1,0,1
4922276931,1,0,1
4922360772,1,0,1
4923409212,1,0,1
4923503394,1,0,1
4924149113,1,0,1
4924594492,1,0,1
4925159223,1,0,1
4925331394,1,0,1
4925356197,1,0,1
4925847598,1,0,1
4927767041,1,4,5
4928287037,1,0,1
695126397195423744,1,0,1
695302683121577984,1,1,2
695808006378950656,1,1,2
698125346609061888,1,0,1
699655615061229568,1,1,2
699841311835185152,1,0,1
700417144287264769,1,0,1
700442499773554688,1,0,1
700492213994717188,1,0,1
700606541594931200,1,4,5
700669270389190662,1,7,8
700708879500517377,1,0,1
700714710774054912,1,0,1
700717559008526336,1,0,1
700741074818457601,1,1,2
700809540451827713,1,0,1
700816427234635776,1,0,1
701008448360546304,1,0,1
701027284375961601,1,1,2
701052198155718656,1,0,1
701084174279688192,1,0,1
701133066215903232,1,0,1
701251875564204033,1,0,1
701256490426892288,1,0,1
701270007284686848,1,0,1
701271147879469056,1,0,1
701298931418923012,1,2,3
701314832394383360,1,0,1
701356093209972736,1,0,1
701400451535790080,1,0,1
701529781624410112,1,0,1
701608996524965894,1,0,1
701761883121041408,1,0,1
701798239360704512,1,0,1
701828929594613760,1,15,16
701892805833129984,1,0,1
701965004661100544,1,0,1
701973976436715521,1,4,5
702106939824721920,1,0,1
702119339504357380,1,1,2
702125115421622272,1,0,1
702149280828510209,1,0,1
702160306630324224,1,0,1
702183574108241920,1,0,1
702198137633562624,1,0,1
702212296005652480,1,0,1
702220178021548032,1,0,1
702229683849601025,1,0,1
702271358118600705,1,0,1
702288570346835969,1,2,3
702308046173806593,1,0,1
702332655778402304,1,0,1
702378271435046912,1,0,1
702411404251414528,1,0,1
702530898051391488,1,19,20
702628678572908545,1,0,1
702631629022478336,1,1,2
702677796045230080,1,0,1
702678991388315649,1,0,1
702711319812648960,1,0,1
702723916490514432,1,0,1
702727369581137921,1,0,1
702733529965326336,1,0,1
702843331340972033,1,1,2
702894180889026560,1,0,1
702975544762224644,1,4,5
702978062212796418,1,0,1
703004962587025408,1,16,17
703024175984857090,1,0,1
703039534838239232,1,0,1
703083125589540864,1,0,1
703093877440249856,1,0,1
703098386090569728,1,0,1
703118876473556993,1,0,1
703123870249721856,1,3,4
703127668053573632,1,0,1
703164125807923200,1,0,1
703254379852333057,1,0,1
703270682118000641,1,0,1
703272078385025025,1,0,1
703277869368283136,1,0,1
703299096849858561,1,0,1
703304388635283457,1,0,1
703314199745830913,1,0,1
703332940013383681,1,0,1
703373571507265536,1,0,1
703426522099511296,1,0,1
703430421220995072,1,0,1
703509110298439680,1,6,7
703572199270178816,1,0,1
703584880161062913,1,0,1
703618521717059585,1,0,1
703635434782531584,1,0,1
703665083642155008,1,0,1
703731539243356161,1,0,1
703740521164963840,1,0,1
703742144419229696,1,1,2
703779256933941248,1,0,1
703784519896272896,1,0,1
703948307983249408,1,0,1
703997883285151745,1,0,1
703998439416147968,1,0,1
704005374198681600,1,4,5
704053193542656000,1,0,1
704073152129847296,1,0,1
704083729237454848,1,0,1
704115030061670400,1,0,1
704124070380572678,1,0,1
704140390954344448,1,0,1
704221325779292160,1,0,1
704335487591456768,1,2,3
704345948483248129,1,3,4
704351193187938304,1,0,1
704413889119715329,1,0,1
704445732783149061,1,24,25
704515298628669440,1,1,2
704553169800400896,1,0,1
704587204534767617,1,1,2
704666078736052225,1,1,2
704733522397757441,1,0,1
704741237321027584,1,0,1
704857932416962560,1,0,1
704883019450945541,1,2,3
704953368423362561,1,0,1
705042992369827840,1,0,1
705068828762312705,1,0,1
705074447523385345,1,0,1
705205762159562752,1,0,1
705222208189108224,1,0,1
705240111751917569,1,14,15
705258159233863681,1,1,2
705360530966499328,1,3,4
705399102528491520,1,0,1
705426563018395648,1,2,3
705428955264712705,1,0,1
705429270257147904,1,0,1
705432017605947392,1,1,2
705441113755115520,1,0,1
705486907275239425,1,13,14
705489940033875968,1,0,1
705530922569900033,1,1,2
705570257704845313,1,0,1
705613887421288448,1,18,19
705621006761603072,1,1,2
705709686872526849,1,0,1
705725190106386432,1,0,1
705739672799080453,1,0,1
705763950277869571,1,0,1
705823232968921090,1,0,1
705885043600666624,1,1,2
705889585587421184,1,0,1
705936044743524352,1,1,2
705997855262183424,1,0,1
706253081617502208,1,0,1
706329255085543425,1,0,1
706340068395520001,1,0,1
706374369983995905,1,4,5
706399840561856512,1,0,1
706496600399450114,1,6,7
706560155324788737,1,0,1
706569445574098944,1,0,1
706579518606151680,1,0,1
706595841851654144,1,0,1
706642162721677314,1,1,2
706642545393213440,1,0,1
706673197383553024,1,1,2
706877565949112321,1,0,1
706885263344013312,1,0,1
706888694305673217,1,0,1
706963683977662464,1,0,1
706966283858784256,1,2,3
706981978017439745,1,0,1
707001529891315714,1,0,1
707036642171756544,1,0,1
707057992668057600,1,0,1
707121505826639872,1,0,1
707159597182816258,1,0,1
707198374269820928,1,0,1
707215661026713601,1,1,2
707236280984166400,1,0,1
707237519088357376,1,0,1
707257728058654720,1,1,2
707309412088725504,1,0,1
707320941131513856,1,0,1
707344986396876800,1,0,1
707363468387680256,1,0,1
707430302608703488,1,8,9
707473685960069120,1,0,1
707530076846481408,1,0,1
707551739491168257,1,0,1
707604847621750785,1,0,1
707613514853036032,1,0,1
707654713907531777,1,0,1
707662859384332288,1,11,12
707665714287677440,1,0,1
707684260254261252,1,0,1
707695554394894336,1,0,1
707734565452914689,1,2,3
707816262034968579,1,0,1
707998143456092160,1,0,1
708039217667051521,1,0,1
708081124958801921,1,0,1
708088670960685056,1,0,1
708101107323547648,1,1,2
708269286607953920,1,1,2
708440738124713984,1,0,1
708460331484454912,1,1,2
708467369753108480,1,0,1
708479056677744645,1,0,1
708490552547917824,1,0,1
708493743318507520,1,0,1
708520168314552320,1,0,1
708544656703787008,1,0,1
708615544421756929,1,0,1
708662166581288960,1,0,1
708668053060452352,1,3,4
708713931317981184,1,0,1
708766012959641600,1,0,1
708836158260662272,1,0,1
708845344763695109,1,3,4
708902555795853312,1,0,1
708973363146919936,1,0,1
708973615291764736,1,2,3
709021771362471936,1,0,1
709036196941459456,1,3,4
709049820653207552,1,0,1
709099226207297536,1,0,1
709127764394315776,1,0,1
709142955525873664,1,0,1
709149852945489920,1,1,2
709157735699329024,1,0,1
709158558563078144,1,14,15
709175947753226241,1,0,1
709220560392364037,1,0,1
709249193928474624,1,0,1
709408886491627520,1,1,2
709426033070571520,1,2,3
709434980691263489,1,0,1
709462324550246400,1,0,1
709489921124270080,1,2,3
709527794762588165,1,0,1
709530994353815552,1,5,6
709541775510089728,1,0,1
709565577635848193,1,0,1
709813458339020800,1,6,7
709849042596052992,1,0,1
709882696902844416,1,0,1
709911018017718272,1,0,1
709930334863777792,1,0,1
709953398343405569,1,0,1
710000820029415425,1,0,1
710019728346095617,1,0,1
710169389237149696,1,1,2
710180339726028802,1,0,1
710223839356133376,1,0,1
710269211860344832,1,5,6
710270990182326272,1,0,1
710317597317865472,1,0,1
710322578502635520,1,0,1
710338947155513345,1,0,1
710363470290616320,1,0,1
710452847566057472,1,0,1
710514628204306433,1,0,1
710566902565765122,1,0,1
710569974004322304,1,0,1
710589026840002561,1,0,1
710645277162676225,1,0,1
710680832529145856,1,0,1
710704809829994496,1,1,2
710722452477878272,1,1,2
710823098245914624,1,0,1
710872182264475650,1,0,1
710927958664486914,1,1,2
710945603396755456,1,0,1
710949374537273344,1,0,1
710990925477101568,1,6,7
711022697170542592,1,0,1
711053511908302848,1,1,2
711102413374136320,1,1,2
711127570780176384,1,0,1
711234456993062913,1,1,2
711263327184416768,1,0,1
711352649711484932,1,0,1
711353113651752960,1,0,1
711357572222210048,1,0,1
711497411240263680,1,3,4
711603723445751808,1,0,1
711631768277880833,1,0,1
711708284827406336,1,0,1
711730687733321728,1,0,1
711738297278734336,1,0,1
711740628477022209,1,0,1
711932812958388224,1,0,1
711978125505069057,1,0,1
711983921467097089,1,0,1
711999163194454021,1,0,1
712039072961843200,1,0,1
712063230483558404,1,0,1
712064934318739456,1,2,3
712085209273860096,1,0,1
712094766918406144,1,0,1
712149969558331392,1,0,1
712150427077185536,1,0,1
712219686285365248,1,3,4
712324439791308800,1,0,1
712344932154003456,1,0,1
712391621631840256,1,0,1
712406190903328769,1,0,1
712414280105254912,1,0,1
712444731578564612,1,0,1
712446606272888833,1,0,1
712645699846987776,1,0,1
712730540894498818,1,0,1
712741460618162176,1,0,1
712742073187696640,1,0,1
712820185338658816,1,0,1
712852680000073728,1,4,5
712942242743394304,1,0,1
713005707470069762,1,0,1
713045283966418944,1,1,2
713056023943241729,1,1,2
713094214284926976,1,1,2
713118905431105536,1,0,1
713143625887064065,1,0,1
713144031895748608,1,7,8
713154718982209536,1,0,1
713165801021435905,1,0,1
713181313956585472,1,0,1
713182281834233858,1,3,4
713201090972487680,1,12,13
713201672567263232,1,1,2
713361794849374209,1,0,1
713363879859003392,1,1,2
713369955761303552,1,0,1
713401163421495296,1,0,1
713436974045114369,1,0,1
713552525157249024,1,0,1
713642602034237440,1,0,1
713701530214522880,1,1,2
713729421656481797,1,0,1
713739794216386560,1,0,1
713745528861798401,1,0,1
713746211728019456,1,0,1
713799417887907840,1,0,1
713878090301235200,1,0,1
713881123227508736,1,0,1
713901188308144128,1,0,1
713907049839480833,1,0,1
714030570599235586,1,2,3
714035207179898880,1,0,1
714120944340611072,1,0,1
714162987431538692,1,1,2
714175381725704192,1,0,1
714205764458512389,1,0,1
714271685940088832,1,0,1
714311363896745984,1,0,1
714413305931177985,1,0,1
714504520403824640,1,0,1
714567667055595520,1,2,3
714587349720535040,1,0,1
714587971064737792,1,0,1
714627870522544129,1,0,1
714637214169374721,1,4,5
714648695648751616,1,0,1
714791179158691845,1,0,1
714859210387886080,1,0,1
714864070910943232,1,2,3
714945327787278338,1,0,1
714981516212830209,1,0,1
714989405547720705,1,0,1
715202879993188352,1,0,1
715273388080697344,1,1,2
715323956316803076,1,1,2
715360935930560512,1,0,1
715389894864953345,1,0,1
715470919385264129,1,0,1
715548945292914688,1,0,1
715633171715518465,1,0,1
715636204964876288,1,0,1
715659456416260097,1,1,2
715721209745264640,1,0,1
715742247459950592,1,0,1
715752927755943937,1,9,10
715796997777854464,1,0,1
715803396280872965,1,1,2
715885540676079616,1,28,29
715891967243206656,1,0,1
715906927625043968,1,0,1
715958180849778692,1,0,1
715962041706668035,1,3,4
716038673498824704,1,0,1
716297563872342016,1,1,2
716381799321104384,1,0,1
716433255122280448,1,0,1
716446943518523392,1,1,2
716482312406302720,1,0,1
716497422856404992,1,0,1
716594828264517632,1,0,1
716707751158788096,1,0,1
716742763744796672,1,0,1
716766989243518976,1,0,1
716769275604807680,1,1,2
716834923961671680,1,0,1
716845561647931392,1,1,2
716915545539526656,1,1,2
716954476129742848,1,3,4
716966727242936320,1,5,6
717018401298735104,1,0,1
717052467037470720,1,25,26
717060087106416640,1,1,2
717116968004935680,1,0,1
717118574834229248,1,0,1
717210895588442116,1,0,1
717222107206270978,1,0,1
717382646947512320,1,0,1
717431009164333057,1,0,1
717464329495257088,1,0,1
717465885351485440,1,0,1
717478009012248576,1,0,1
717487122467438592,1,0,1
717531073224138754,1,0,1
717539458455830529,1,0,1
717543599533993984,1,0,1
717564705078775808,1,8,9
717567400900706304,1,14,15
717584433369391105,1,0,1
717640942887563264,1,0,1
717683824906346496,1,0,1
717692540913389568,1,0,1
717756647456841729,1,0,1
717773729183432704,1,0,1
717803408518938625,1,2,3
717813531505242115,1,1,2
717841977568526337,1,0,1
717888458337824768,1,3,4
717902386589773824,1,0,1
717910328575655936,1,0,1
718052220428808193,1,0,1
718125587525713921,1,0,1
718177159588634624,1,0,1
718181019447402498,1,0,1
718191575164186624,1,0,1
718239212059914240,1,0,1
718272652738170882,1,0,1
718432215290372097,1,0,1
718490683418533889,1,0,1
718577666421432320,1,0,1
718617867172728832,1,42,43
718670670213881856,1,0,1
718783924785266688,1,0,1
718790353097224193,1,0,1
718883951591485442,1,0,1
718910039520464896,1,0,1
718929753567293441,1,2,3
718937423703486465,1,0,1
718948227869859840,1,0,1
718999607317901312,1,0,1
719007999444930560,1,0,1
719153846396829696,1,1,2
719186559849914368,1,0,1
719198247009406976,1,0,1
719338452744085508,1,0,1
719613677998055424,1,0,1
719676534001430528,1,1,2
719686589417398281,1,0,1
719698140656504832,1,0,1
719731732912549888,1,0,1
719781895542829056,1,3,4
719907267777327104,1,1,2
719965739168460802,1,0,1
720028100088635392,1,0,1
720072445684801536,1,0,1
720091028435443712,1,0,1
720098771565219841,1,1,2
720211359078592513,1,0,1
720263366741065728,1,0,1
720297850383380480,1,1,2
720304419473006593,1,6,7
720319006029156355,1,0,1
720419269972897792,1,0,1
720675109367746560,1,0,1
720753428411072512,1,0,1
720786426200252416,1,0,1
720805626927058945,1,0,1
720825616837160960,1,0,1
720946318139592705,1,0,1
721055018967805952,1,0,1
721077070869037056,1,0,1
721083239557935104,1,0,1
721111179863568384,1,0,1
721145928405520384,1,0,1
721343525208457217,1,2,3
721393027046969345,1,0,1
721409327077019648,1,0,1
721472272742023168,1,0,1
721683755136610304,1,0,1
721702311253385216,1,0,1
721774233064456193,1,0,1
721886703917666304,1,2,3
721927162081755136,1,5,6
721931107634188288,1,0,1
722106832806760448,1,0,1
722139609774235648,1,0,1
722144498311008256,1,3,4
722144707074265088,1,0,1
722150232537083904,1,0,1
722154573046145024,1,0,1
722232148908969984,1,0,1
722264572250312704,1,0,1
722293419825958912,1,0,1
722387472848695296,1,0,1
722602759359504384,1,0,1
722692063083556864,1,0,1
722726314772414464,1,0,1
722884546203488256,1,1,2
722977389542707202,1,20,21
723003469129457664,1,2,3
723007669011922944,1,0,1
723136913402564609,1,0,1
723228739576860672,1,0,1
723262968134160384,1,2,3
723270601809367040,1,0,1
723282218987081729,1,0,1
723512439547928576,1,0,1
723526259465183236,1,2,3
723628768573575168,1,1,2
723889880753827840,1,0,1
723908455396827136,1,3,4
723913299314634753,1,0,1
723944377530249216,1,1,2
724292087743700993,1,0,1
724337335257563138,1,2,3
724376510019330049,1,0,1
724433082049134593,1,0,1
724553856831655936,1,0,1
724636987177594880,1,0,1
724638910303879168,1,0,1
724655459077001216,1,0,1
724673118753665025,1,0,1
724747723325362176,1,5,6
724777650187722752,1,0,1
724829517072703488,1,1,2
724876311869706241,1,1,2
724901963582824448,1,0,1
724903240127635456,1,0,1
724942666899791873,1,0,1
724956769328500736,1,0,1
725007998184206336,1,0,1
725059657295912962,1,0,1
725080583743774721,1,0,1
725102117879320576,1,0,1
725109668750708736,1,0,1
725129439349100544,1,0,1
725181244988858368,1,0,1
725221538421690368,1,2,3
725233577277820928,1,23,24
725292608499671040,1,0,1
725336065981173761,1,0,1
725340048510603264,1,3,4
725388086591426560,1,2,3
725443723362861056,1,1,2
725464830560198656,1,0,1
725501110643892224,1,0,1
725665346267570176,1,0,1
725729550064340992,1,0,1
725812009661521921,1,0,1
725822284930375684,1,0,1
725840526327476224,1,0,1
725918700793032705,1,0,1
726040279116070912,1,0,1
726066001150902272,1,0,1
726127945522274308,1,0,1
726128809271922689,1,0,1
726137659287023616,1,0,1
726218186857676802,1,0,1
726386299733696516,1,0,1
726386656840835072,1,0,1
726407941159440385,1,1,2
726491414914322433,1,0,1
726495863153922048,1,0,1
726526499298246656,1,0,1
726534367716073472,1,0,1
726576784758575104,1,0,1
726595591413723137,1,0,1
726626393333731328,1,0,1
726758937433919488,1,1,2
726767899554119680,1,0,1
726817211269169152,1,0,1
726853286142169088,1,6,7
726950167082110977,1,0,1
726970794455224321,1,0,1
727022110233649153,1,0,1
727132163888525313,1,23,24
727179327331147776,1,0,1
727186705841807361,1,0,1
727248277385662464,1,0,1
727253178090176513,1,2,3
727297479708925952,1,0,1
727336664843096065,1,1,2
727533195558690816,1,0,1
727534432911941632,1,0,1
727546791084867585,1,0,1
727625929091100675,1,0,1
727671122393763841,1,0,1
727725727269986304,1,0,1
727755327307927557,1,0,1
727774790816284672,1,0,1
727881558686769152,1,0,1
727885578356797441,1,0,1
727905589469302786,1,0,1
727954141050449925,1,0,1
727967757401260033,1,0,1
727976286241566721,1,0,1
728003315334684672,1,0,1
728049589790617602,1,0,1
728070971786076163,1,0,1
728076621169590273,1,10,11
728117687558103040,1,0,1
728192153319555072,1,0,1
728211479988600832,1,1,2
728216876308942849,1,0,1
728218236400091137,1,0,1
728219249081094145,1,1,2
728232896952209409,1,0,1
728292163209977856,1,0,1
728299939248361472,1,12,13
728329985837178884,1,0,1
728370479665315840,1,9,10
728557035499888641,1,0,1
728576407555575808,1,0,1
728621827275239426,1,0,1
728750584564690944,1,0,1
728805074126962688,1,0,1
728836910156636160,1,0,1
728896362113335296,1,0,1
728946602065289216,1,0,1
728957926522662912,1,0,1
728991658155646976,1,0,1
729005595207012352,1,0,1
729074832671944705,1,0,1
729091858509537281,1,0,1
729112533718667266,1,0,1
729160415918358528,1,0,1
729308314736201728,1,0,1
729315947392049152,1,1,2
729523998783082496,1,8,9
729549414549708801,1,0,1
729609901060820992,1,0,1
729670202665873408,1,1,2
729696255010574337,1,0,1
729750204073791488,1,0,1
729805799715835904,1,0,1
729952464993013760,1,0,1
730006570776571904,1,0,1
730040442436386817,1,0,1
730140716471623686,1,0,1
730148430681493504,1,9,10
730167699591041024,1,0,1
730293509517905920,1,0,1
730327661600333824,1,0,1
730350885163905024,1,0,1
730395536428290048,1,1,2
730447012898951169,1,2,3
730494312757219329,1,0,1
730496318897000448,1,0,1
730520201045757953,1,0,1
730526980370776064,1,0,1
730553695339847680,1,0,1
730555635087990785,1,8,9
730752852319076352,1,18,19
730758888220426240,1,0,1
730790012208435200,1,0,1
730832365744951300,1,0,1
730836444294565888,1,0,1
730836839192506368,1,1,2
730882929304330241,1,0,1
730917027053854720,1,0,1
730918714833534976,1,0,1
730933981403844609,1,0,1
730951552794529792,1,1,2
730955128182693889,1,0,1
730992852638019584,1,0,1
731017413035065345,1,0,1
731022826321281026,1,0,1
731103578132230144,1,0,1
731116238450098176,1,0,1
731146364067971072,1,0,1
731224972425891840,1,0,1
731226623123595265,1,0,1
731239101223993344,1,0,1
731293059590164481,1,0,1
731312316621393920,1,7,8
731317331822039044,1,0,1
731321253877813248,1,0,1
731362253249765376,1,0,1
731455431445467136,1,0,1
731470437130117120,1,0,1
731540804519350272,1,0,1
731694061149544448,1,0,1
731711729533616128,1,0,1
731747872652333057,1,0,1
731941686624948224,1,0,1
731948103885062144,1,0,1
732041875998154752,1,0,1
732123573217853440,1,0,1
732140874109345792,1,0,1
732230578301341696,1,0,1
732406533624057860,1,0,1
732410954932232192,1,2,3
732466238270529537,1,0,1
732604311008468996,1,0,1
732611542794031104,1,0,1
732639431199326208,1,2,3
732650104713252864,1,0,1
732661189289881600,1,4,5
732663707688439808,1,0,1
732794383167303680,1,0,1
732908284873723904,1,20,21
732937630032273408,1,3,4
732969039027441664,1,0,1
733035178273169410,1,0,1
733042385857482752,1,0,1
733085829715886080,1,1,2
733117950140416001,1,4,5
733194227841142785,1,0,1
733195572962680833,1,0,1
733258493520687104,1,0,1
733297046640287745,1,0,1
733302886885695492,1,3,4
733418258414469121,1,0,1
733418667472347138,1,0,1
733432282237788160,1,0,1
733449466867392512,1,0,1
733503181972475904,1,0,1
733526875947982851,1,0,1
733609772847529984,1,11,12
733668797895188481,1,1,2
733711286714961920,1,1,2
733716211666722816,1,0,1
733720294767005696,1,1,2
733764538970046464,1,0,1
733776206215163904,1,1,2
733779885148274688,1,0,1
733780626264981504,1,0,1
733840794746900481,1,0,1
733854280034058240,1,0,1
733870905345069056,1,0,1
734017982469283840,1,0,1
734063154108452864,1,10,11
734080839156391936,1,0,1
734082845354921984,1,0,1
734304384390070272,1,0,1
734396335366017024,1,5,6
734412454776692736,1,1,2
734422111108792321,1,0,1
734433765016100864,1,0,1
734590944616550400,1,0,1
734648708474802176,1,0,1
734724425153548289,1,0,1
734736849499885568,1,0,1
734826173583220737,1,0,1
734841879053914113,1,0,1
734851490809020416,1,3,4
734869005874409472,1,0,1
734903432574861312,1,1,2
734960124893233152,1,0,1
734974603857039360,1,0,1
734989885702955008,1,0,1
735246924538875904,1,0,1
735266538572402688,1,0,1
735384829269790721,1,0,1
735446318374494208,1,0,1
735450683609120768,1,0,1
735496455914409984,1,0,1
735497724175351808,1,0,1
735531991563702273,1,0,1
735583181672325120,1,3,4
735607727087452160,1,0,1
735615647367860224,1,0,1
735623872339283968,1,0,1
735627301589647361,1,0,1
735654184796688385,1,0,1
735666473134395392,1,0,1
735670001076604929,1,0,1
735679250993274884,1,0,1
735702436686368769,1,0,1
735736106872799233,1,0,1
735792235342503936,1,0,1
735831443608326144,1,44,45
735886260003164160,1,0,1
735977805515751424,1,0,1
736026709187649536,1,0,1
736027919852568578,1,0,1
736065425226661893,1,0,1
736074430070198273,1,0,1
736143976210669568,1,3,4
736201640118751232,1,8,9
736218081224187904,1,0,1
736238907923271681,1,5,6
736294653864071169,1,0,1
736295079883608064,1,0,1
736307746237079553,1,0,1
736339657164627969,1,0,1
736353604907339776,1,0,1
736405602461749248,1,0,1
736543498401251329,1,0,1
736713725839872000,1,0,1
736792332419399681,1,0,1
736991098380357632,1,0,1
737079102046228480,1,0,1
737101095412076545,1,0,1
737110499796475904,1,0,1
737309789529722884,1,0,1
737325916485869568,1,4,5
737333679282900992,1,0,1
737368169593982976,1,7,8
737377225645953028,1,0,1
737395897043128320,1,0,1
737405358956646400,1,1,2
737613560553963520,1,2,3
737684128867328000,1,3,4
737741558288678913,1,0,1
737750439781883904,1,0,1
737760572326969344,1,0,1
737814045001031680,1,0,1
737875992472080385,1,0,1
738031806965002241,1,0,1
738032265293242369,1,0,1
738067708097507328,1,0,1
738118664243818496,1,0,1
738140038127484928,1,0,1
738158222100439041,1,32,33
738176958916239362,1,0,1
738184718563188738,1,0,1
738209454995410944,1,0,1
738369140638011392,1,0,1
738389420353560578,1,0,1
738392753156018176,1,0,1
738398559578521600,1,1,2
738482491317575682,1,0,1
738506929195110400,1,0,1
738509416698392576,1,0,1
738510051212722176,1,0,1
738530508603297792,1,0,1
738558851012689920,1,0,1
738611620188823552,1,0,1
738670096500035584,1,0,1
738706958971195392,1,0,1
738717546187259904,1,0,1
738723416568680450,1,0,1
738784481738395649,1,0,1
738810765528969217,1,0,1
738820483404201984,1,0,1
738829785934110720,1,0,1
738871836633530368,1,0,1
738986675985129472,1,8,9
739028422886862848,1,0,1
739050905413111808,1,12,13
739055071942606848,1,0,1
739080916610342914,1,0,1
739112306752249856,1,0,1
739260141619400704,1,0,1
739269243498172417,1,0,1
739298396809240576,1,0,1
739318002131177474,1,0,1
739424001316007940,1,1,2
739468689552998401,1,0,1
739472324852744192,1,0,1
739475317513818112,1,0,1
739478733967478784,1,0,1
739481360721674240,1,37,38
739523154909880321,1,0,1
739533298863591424,1,0,1
739541511176650752,1,0,1
739541677048795136,1,0,1
739557813995851777,1,0,1
739561419675312128,1,1,2
739561901810548736,1,2,3
739575899641786374,1,0,1
739663032385572864,1,0,1
739696446727802880,1,0,1
739741396534472704,1,0,1
739788496123006976,1,1,2
739807120003043329,1,0,1
739818059217539073,1,36,37
739958238007820288,1,0,1
740093968281698304,1,0,1
740149385032568832,1,0,1
740196763244462080,1,0,1
740278794120888321,1,0,1
740300787117613057,1,0,1
740312689637916673,1,0,1
740340546359660545,1,10,11
740350883158982656,1,0,1
740394412946120710,1,0,1
740527515089965056,1,8,9
740547378013450240,1,0,1
740634637647663104,1,0,1
740636576720396288,1,0,1
740638328656134144,1,2,3
740652358829518848,1,0,1
740665946268946433,1,0,1
740696075284193280,1,7,8
740702516711686144,1,0,1
740706708939378689,1,0,1
740713793051729921,1,0,1
740718707484200960,1,0,1
740725922312097793,1,0,1
740733671619985409,1,0,1
740738775299428352,1,0,1
740748965230960640,1,0,1
740778709058228229,1,1,2
740817125607100417,1,0,1
740857969320071172,1,1,2
740906502081400833,1,0,1
740966801060810752,1,0,1
740990861115330560,1,0,1
740993413772804096,1,15,16
740993608220712960,1,0,1
740999884824842240,1,0,1
741009169420038144,1,0,1
741016298801401856,1,0,1
741034473572192256,1,0,1
741046458435174401,1,0,1
741053485551132672,1,0,1
741078561721749504,1,0,1
741096845565267968,1,0,1
741129746956865537,1,3,4
741236478995398656,1,0,1
741261582416662528,1,0,1
741277436722040834,1,0,1
741280815519305729,1,0,1
741287827413995521,1,0,1
741386132374441984,1,0,1
741420579853631488,1,0,1
741488049306120192,1,1,2
741539300328787968,1,2,3
741574646735220736,1,29,30
741586924914257920,1,0,1
741594349633470464,1,1,2
741605069947179008,1,0,1
741635090426560513,1,17,18
741699704715644929,1,0,1
741700477532803073,1,0,1
741711685086416897,1,2,3
741781645292883968,1,0,1
741792832114065409,1,0,1
741792988674678784,1,0,1
741803027279941632,1,7,8
741815141700866050,1,0,1
741883365599547393,1,0,1
742080122287751168,1,4,5
742098297792417794,1,0,1
742132007459770368,1,0,1
742138120410398721,1,0,1
742188275176071170,1,0,1
742192632219107328,1,0,1
742224046302101504,1,0,1
742260488898121729,1,0,1
742290831235653632,1,0,1
742391238192726016,1,0,1
742393074547105792,1,0,1
742405103869698049,1,0,1
742408782370721792,1,0,1
742423672804106240,1,0,1
742429184916623360,1,40,41
742443609530761216,1,0,1
742445206511833088,1,5,6
742447807488008192,1,0,1
742508771105181696,1,0,1
742522312679788544,1,0,1
742543092901765120,1,68,69
742546343093211136,1,0,1
742560010337587200,1,0,1
742561514469642241,1,1,2
742584543723425792,1,0,1
742595690854002688,1,0,1
742607070713634816,1,3,4
742671988058169345,1,0,1
742689085370798080,1,2,3
742700985181704192,1,0,1
742726537317732353,1,0,1
742731047641702401,1,0,1
742763157588967424,1,0,1
742788947550429184,1,0,1
742797649636659201,1,0,1
742830918084087809,1,0,1
742844337889804290,1,0,1
742847294786154497,1,0,1
742893912780460033,1,0,1
742938782266216448,1,0,1
742939771639582720,1,0,1
742959025856335872,1,0,1
742972704404439040,1,0,1
743000190144106496,1,0,1
743059909583982592,1,0,1
743069037270274048,1,0,1
743087107917287424,1,0,1
743093992049377280,1,0,1
743151982458765313,1,0,1
743167075712008192,1,18,19
743169335670247425,1,0,1
743171480469463040,1,0,1
743171767682895873,1,0,1
743205496451137536,1,0,1
743261259055964160,1,1,2
743261847332151296,1,0,1
743281218419064832,1,0,1
743328062943617024,1,3,4
743344063198289921,1,0,1
743409049178415104,1,0,1
743416346793381888,1,0,1
743477712069660672,1,1,2
743496008601112576,1,0,1
743502373755232256,1,0,1
743503584797548545,1,0,1
743525108090814464,1,0,1
743525837274816512,1,0,1
743526160747765760,1,0,1
743543429385293825,1,0,1
743550886442598400,1,0,1
743559257283428352,1,0,1
743566781688741888,1,0,1
743578982923198464,1,0,1
743586934082011136,1,0,1
743593551481569280,1,0,1
743625186205908992,1,25,26
743627436240207872,1,0,1
743687772616036357,1,9,10
743757394065272832,1,0,1
743772441365839872,1,0,1
743810724338753536,1,0,1
743817202923495425,1,0,1
743833600349569024,1,0,1
743880854972178434,1,0,1
743912054407462916,1,1,2
743916200204308480,1,0,1
744068319490248704,1,5,6
744069721222483968,1,0,1
744183803342626816,1,0,1
744190912780181504,1,0,1
744204625268580352,1,0,1
744224700591640577,1,0,1
744245231034335232,1,0,1
744250025702793216,1,0,1
744262835195248640,1,0,1
744277506589614081,1,0,1
744294632343937028,1,0,1
744479921699885056,1,0,1
744512836383154176,1,0,1
744599787966717952,1,1,2
744624351027302400,1,0,1
744655885612556289,1,0,1
744663573784371200,1,0,1
744703630645694464,1,0,1
744708974596005888,1,0,1
744712074123698176,1,7,8
744760580976705536,1,0,1
744850224951201792,1,0,1
744858380867612672,1,0,1
744864592954855424,1,0,1
744887373541040128,1,0,1
744889074960445440,1,0,1
744891350584270848,1,0,1
744899634909351936,1,0,1
744900323777646592,1,0,1
744916290352054273,1,0,1
744917634823618560,1,0,1
744931381487165440,1,2,3
744947512969207808,1,0,1
744973363345399808,1,0,1
745018922584313857,1,0,1
745020942548512768,1,1,2
745023623757340676,1,0,1
745070359792193536,1,0,1
745081321085509633,1,0,1
745084560694775808,1,0,1
745102734198636545,1,0,1
745167700905754624,1,0,1
745169325678419969,1,0,1
745212653505753088,1,0,1
745250875019567105,1,0,1
745272893408444416,1,3,4
745274345333866497,1,0,1
745342494146125824,1,0,1
745370110215479296,1,0,1
745384771262414849,1,0,1
745402418905513984,1,0,1
745406455671570433,1,0,1
745426887015440384,1,0,1
745458695761338370,1,0,1
745474540097024001,1,0,1
745569275256180736,1,0,1
745617818255765505,1,0,1
745649677819797504,1,0,1
745668557640347648,1,0,1
745681219803701249,1,0,1
745706327155089408,1,31,32
745772462605017088,1,0,1
745786768889249793,1,0,1
745800185461215232,1,8,9
745822388139417600,1,1,2
745986441319223296,1,0,1
746078353770217472,1,0,1
746134016244461568,1,0,1
746138177451270144,1,0,1
746143016830668800,1,0,1
746149313693245440,1,0,1
746162555479961600,1,0,1
746320970621739009,1,15,16
746361278411702272,1,0,1
746370053789126656,1,0,1
746402936884867072,1,0,1
746423094445629440,1,0,1
746472929983082496,1,0,1
746523595057168384,1,0,1
746549438722740224,1,0,1
746571206279606273,1,0,1
746649583934124032,1,0,1
746669150655873025,1,0,1
746727708655116292,1,0,1
746759337469566976,1,0,1
746812300732968961,1,14,15
746861889989251072,1,0,1
746873095743471617,1,0,1
746873584602079234,1,2,3
746876448468766720,1,0,1
747093727995363329,1,2,3
747102361336741888,1,0,1
747108683381760000,1,0,1
747150220937420801,1,0,1
747193876465614848,1,3,4
747204167605772289,1,0,1
747213412812394496,1,0,1
747253420847824897,1,3,4
747264168277872641,1,0,1
747270380734210049,1,0,1
747276334095802368,1,0,1
747321705211691010,1,0,1
747384600524103680,1,2,3
747413942511755264,1,0,1
747415757173231617,1,0,1
747461527393959936,1,0,1
747463317845794816,1,5,6
747464891766759424,1,0,1
747486458387304448,1,0,1
747499790477463552,1,0,1
747552912696500224,1,5,6
747560911674671104,1,0,1
747607389193416704,1,0,1
747633081012498433,1,0,1
747657191591641091,1,0,1
747803951492374528,1,0,1
747864233036120065,1,4,5
747908996946747393,1,0,1
747919821506027526,1,0,1
747927135847878656,1,1,2
747943378369712129,1,0,1
747993742460649472,1,0,1
748029051638587392,1,0,1
748095577540411392,1,0,1
748144740701351938,1,3,4
748165571016015872,1,0,1
748263384068435968,1,0,1
748270046959570944,1,0,1
748297573006512128,1,0,1
748446143177162752,1,0,1
748482801884889088,1,0,1
748530579562455040,1,0,1
748545309832273921,1,0,1
748614598216007681,1,0,1
748670587883692032,1,0,1
748702706785628160,1,0,1
748941518891782144,1,0,1
749041838577688576,1,0,1
749085461289832448,1,0,1
749228388674629633,1,1,2
749262473975459840,1,1,2
749281249475358724,1,0,1
749319792394317824,1,0,1
749344592642715648,1,0,1
749463981614596096,1,0,1
749465583343788032,1,0,1
749502690879762432,1,1,2
749527269475889152,1,0,1
749626244258492416,1,0,1
749648264882950144,1,0,1
749649036370649090,1,0,1
749710236450193408,1,0,1
749735020252819458,1,0,1
749738695868223488,1,0,1
749971952429924352,1,0,1
749984980885860352,1,1,2
750004097835827201,1,2,3
750106643753496576,1,1,2
750147827985244160,1,0,1
750167038111453184,1,0,1
750197217302974465,1,0,1
750256075564199936,1,0,1
750387162248458240,1,0,1
750415607791747073,1,2,3
750464757023449088,1,0,1
750476479868186624,1,1,2
750520084674678784,1,2,3
750533955896614912,1,0,1
750551406864662529,1,23,24
750568528927985668,1,0,1
750573486310060032,1,2,3
750707118030729216,1,0,1
750761355465089025,1,0,1
750766596797247488,1,35,36
750796041516036096,1,0,1
750847401460633600,1,0,1
750855467157561344,1,0,1
750870246353928192,1,0,1
750892071142195200,1,0,1
750902151619211264,1,0,1
750911911101857792,1,0,1
750948819257393153,1,0,1
750963784383168512,1,0,1
751054068974575616,1,0,1
751074057949511680,1,0,1
751098716984078336,1,16,17
751115711607558145,1,0,1
751128086117253120,1,15,16
751138187645448196,1,0,1
751142663269847040,1,5,6
751166018446323712,1,0,1
751188954209259520,1,0,1
751190891293974528,1,0,1
751199466208636928,1,1,2
751211705254940673,1,1,2
751236619319947265,1,0,1
751244601252454400,1,1,2
751260463686557696,1,9,10
751465870904455168,1,0,1
751507030628704256,1,7,8
751580653234352128,1,0,1
751581559887724553,1,0,1
751623397822435328,1,0,1
751728182684884992,1,1,2
751853281543159808,1,0,1
751900604499361792,1,0,1
751900826042404864,1,0,1
751903081940586496,1,0,1
752073073030029312,1,0,1
752142063337082880,1,0,1
752237642733891584,1,0,1
752301672567869441,1,0,1
752310607739752448,1,0,1
752317159393550337,1,0,1
752326611752591361,1,1,2
752376487060205568,1,2,3
752483557533245444,1,0,1
752516639191687169,1,0,1
752533152296472576,1,0,1
752603986969006080,1,0,1
752641546340687877,1,1,2
752660956451188736,1,0,1
752687027238252550,1,0,1
752715275544371201,1,0,1
752753696967168000,1,0,1
752871504581316608,1,0,1
752969012565405696,1,1,2
752991316464631810,1,0,1
752996325361266689,1,0,1
752997801303433216,1,0,1
752998377512660992,1,0,1
753004492065542144,1,0,1
753012279680045061,1,0,1
753018032889266176,1,0,1
753045196506488832,1,0,1
753085574358196224,1,0,1
753235411934273537,1,0,1
753249768080601088,1,0,1
753326791251464192,1,1,2
753360949432750080,1,4,5
753399937111588865,1,0,1
753420152935448577,1,0,1
753446471576412160,1,0,1
753462255023456256,1,0,1
753465727617736705,1,1,2
753467474151170048,1,0,1
753481269736972288,1,0,1
753487650456207361,1,0,1
753563278157213696,1,0,1
753603121339834368,1,0,1
753609065641771009,1,0,1
753653919763402753,1,5,6
753682341088854016,1,0,1
753719313601671168,1,4,5
753757955808452608,1,0,1
753896395644338176,1,0,1
753929244389023746,1,0,1
753965239138385920,1,0,1
754005260927135745,1,0,1
754006747673616385,1,0,1
754030605810020352,1,0,1
754041302908440577,1,9,10
754067062813822976,1,0,1
754069943138652160,1,0,1
754098847748464640,1,0,1
754099553385738245,1,0,1
754102534726451202,1,0,1
754115293966901248,1,0,1
754138022694662144,1,0,1
754149283083890688,1,0,1
754197450458554368,1,0,1
754278123676377089,1,0,1
754338994347921409,1,0,1
754374205928411136,1,1,2
754381969161498624,1,1,2
754402960017231872,1,0,1
754404984758775808,1,0,1
754408927111110656,1,0,1
754433975658094592,1,0,1
754477993473507328,1,1,2
754484909155069952,1,0,1
754609252304576512,1,0,1
754612713121349633,1,0,1
754678667792396289,1,1,2
754684621988724737,1,0,1
754738880352509952,1,0,1
754795081463365632,1,1,2
754818342511321088,1,0,1
754834128055463936,1,0,1
754851540058247170,1,0,1
754885266423152641,1,0,1
754898284662099970,1,0,1
754909239781367808,1,2,3
755082978997440512,1,0,1
755092431998218240,1,0,1
755097296103170048,1,1,2
755114578338455552,1,0,1
755130880692133888,1,0,1
755140999580712961,1,3,4
755143841406001152,1,1,2
755154805337694210,1,0,1
755160367408541697,1,0,1
755176472353001472,1,23,24
755199674647097344,1,0,1
755205847698051072,1,0,1
755226371853459457,1,4,5
755238143129821184,1,0,1
755262620618358784,1,1,2
755272744011493377,1,0,1
755302756064301056,1,0,1
755321226759995392,1,0,1
755473893670912000,1,0,1
755477663028875264,1,0,1
755491062840385537,1,2,3
755495414992863232,1,0,1
755500463638712322,1,6,7
755658473149530113,1,0,1
755727883692302336,1,1,2
755765418812289024,1,0,1
755837742530035712,1,0,1
755843214418989057,1,7,8
755942073963057152,1,2,3
755948629651619841,1,0,1
755969233494929408,1,0,1
755974945331613696,1,0,1
756062353259716608,1,0,1
756148967809789952,1,0,1
756166862971416576,1,0,1
756168969527046145,1,3,4
756176114142306306,1,0,1
756177091243237381,1,0,1
756199409306611712,1,2,3
756232900719194112,1,4,5
756235664304332801,1,0,1
756275814933508096,1,0,1
756318805278674946,1,0,1
756342381524451329,1,0,1
756343954480791553,1,0,1
756382038366838788,1,0,1
756386836390506496,1,0,1
756389827361251328,1,0,1
756479504663666688,1,0,1
756487232484106241,1,0,1
756493065918054400,1,0,1
756495262000885761,1,0,1
756501847716818944,1,0,1
756513226356129792,1,0,1
756593471192965120,1,0,1
756602418410950656,1,1,2
756623746572492801,1,0,1
756645713254154240,1,0,1
756672927756591108,1,0,1
756675839593283584,1,4,5
756695162798034945,1,0,1
756697879905984517,1,0,1
756705934714568704,1,0,1
756725651671887872,1,0,1
756746303196004353,1,0,1
756817015273353219,1,1,2
756825970829586435,1,1,2
756834718826496000,1,0,1
756888537719537664,1,0,1
756906066760335365,1,2,3
756908837404237824,1,0,1
756914020418936832,1,1,2
756916336291381248,1,0,1
756930350866173952,1,13,14
756932476816072704,1,13,14
756945599098855424,1,3,4
756965785810116609,1,0,1
756975768022896640,1,0,1
757007786588930049,1,0,1
757015219008929792,1,21,22
757048729413251073,1,0,1
757107292521295872,1,0,1
757166875637874688,1,0,1
757189954887880704,1,0,1
757214917036474368,1,0,1
757225413320011776,1,0,1
757229412869824513,1,0,1
757250254282559488,1,13,14
757252361555415041,1,0,1
757269786615250944,1,0,1
757277706329489412,1,0,1
757309247269076992,1,0,1
757318332706009088,1,3,4
757323423429394433,1,2,3
757334073173872640,1,0,1
757367319836274688,1,0,1
757395162620391424,1,0,1
757416136006852608,1,0,1
757418006284599296,1,0,1
757434186223329280,1,0,1
757493737014657024,1,0,1
757522545776160768,1,0,1
757555399100948480,1,0,1
757583419220066304,1,0,1
757601469189255168,1,0,1
757603579788230656,1,0,1
757617459394260992,1,0,1
757647427457392642,1,7,8
757655167860867076,1,0,1
757658411940978688,1,0,1
757660043470790657,1,0,1
757662565644120064,1,0,1
757683923648385025,1,6,7
757737080915013632,1,26,27
757760409571057664,1,0,1
757761468750237697,1,0,1
757768447816183808,1,0,1
757768644281503745,1,0,1
757783071504687104,1,0,1
757795093709398017,1,0,1
757822984488820736,1,2,3
757826491937792000,1,1,2
757876225167634432,1,0,1
757926828610883584,1,0,1
757989223693713408,1,1,2
757995720007909376,1,0,1
758007329757376512,1,0,1
758011576100069376,1,1,2
758038377660907522,1,0,1
758041352907042816,1,0,1
758135593620508672,1,1,2
758233292676198400,1,0,1
758292583152021504,1,0,1
758320309644603393,1,3,4
758346248848039936,1,1,2
758353981634641924,1,0,1
758363457339006977,1,0,1
758367026305986560,1,0,1
758375612293779460,1,8,9
758376540996374530,1,1,2
758410395124166656,1,4,5
758416774622687232,1,0,1
758473951852961792,1,0,1
758502048136589312,1,0,1
758502659049553920,1,0,1
758596086919524352,1,0,1
758629166283718656,1,0,1
758642479486951424,1,6,7
758650475122159616,1,0,1
758657589630660609,1,0,1
758692067203657728,1,0,1
758704417113796608,1,0,1
758709088532434944,1,0,1
758715181266460672,1,0,1
758760239575343104,1,0,1
758771671373185024,1,1,2
758827705475305473,1,0,1
758828698967564288,1,0,1
758830241905115136,1,0,1
758869493170868226,1,6,7
758883134486171649,1,0,1
758907393786773505,1,0,1
758980971886632960,1,3,4
759024932391038978,1,0,1
759053501422981120,1,0,1
759080014738550786,1,11,12
759116021928071168,1,44,45
759132738892857345,1,13,14
759152385814065152,1,0,1
759165580838445056,1,0,1
759174496314134528,1,0,1
759205848405204999,1,0,1
759230209337987072,1,0,1
759333147700031488,1,0,1
759364554811842560,1,0,1
759392168586993665,1,0,1
759407830353010688,1,0,1
759446836608372736,1,0,1
759455310541127680,1,0,1
759478369008381952,1,0,1
759493690591178752,1,0,1
759520646569271296,1,0,1
759534541589532672,1,8,9
759599234421104644,1,0,1
759644639909380097,1,0,1
759674133105999873,1,0,1
759771842978713600,1,0,1
759798898533675008,1,7,8
759814028042575872,1,0,1
759864166475714561,1,27,28
759901058772631552,1,0,1
759941764505493504,1,0,1
759944090570092545,1,2,3
759952257198743552,1,0,1
759962736809775104,1,0,1
760067976645189632,1,0,1
760095060201443328,1,0,1
760123392066330624,1,0,1
760123737945563136,1,0,1
760137585557704704,1,0,1
760143647039893504,1,0,1
760159839507144704,1,0,1
760162470367404034,1,3,4
760169985805127680,1,8,9
760231494904229889,1,0,1
760293652224626688,1,2,3
760313303868567552,1,0,1
760353522718081026,1,12,13
760502518606692353,1,0,1
760503905872740352,1,25,26
760513210680086529,1,0,1
760514959495270402,1,1,2
760523972341411841,1,2,3
760541829817249792,1,0,1
760568776576212992,1,0,1
760594619641933824,1,9,10
760605465046839296,1,0,1
760613566449848320,1,0,1
760620701221056517,1,0,1
760638525796560896,1,0,1
760640815425261572,1,0,1
760654395453440000,1,1,2
760678178042048512,1,0,1
760729944272039936,1,0,1
760850162071642113,1,0,1
760851726161162241,1,1,2
760867470240473088,1,3,4
760885166483144704,1,3,4
760906781505810432,1,1,2
760915159984377856,1,0,1
760920095916818433,1,0,1
760937626702675968,1,0,1
760971407476097024,1,0,1
761004444012122112,1,0,1
761026204853907456,1,0,1
761053958475427841,1,0,1
761057210684149762,1,0,1
761059018714456064,1,0,1
761065811779870721,1,3,4
761192838822494208,1,0,1
761199606978011136,1,4,5
761226478239428609,1,0,1
761228359699427328,1,0,1
761257442856624128,1,0,1
761263409610559488,1,0,1
761276825519607809,1,0,1
761292773039468544,1,0,1
761314452448870400,1,0,1
761368606311485441,1,6,7
761368870380646400,1,0,1
761487005209493504,1,0,1
761517347949645824,1,1,2
761568846566293504,1,1,2
761590280936038400,1,0,1
761606310081077248,1,0,1
761626080507748352,1,0,1
761643462857003008,1,0,1
761655338319900672,1,0,1
761657775025950720,1,0,1
761659741479116800,1,0,1
761673940787867649,1,0,1
761695799000567809,1,0,1
761770285708304384,1,0,1
761770572862853120,1,0,1
761788123273572353,1,0,1
761793696169881601,1,0,1
761793942165729280,1,0,1
761843308293304320,1,3,4
761848807906619393,1,4,5
761873552991584257,1,2,3
761899968068198400,1,0,1
761985930223693824,1,0,1
761989234089533440,1,0,1
762030765710401536,1,0,1
762069860235014144,1,0,1
762082146727100417,1,0,1
762143470978945024,1,12,13
762261491823280128,1,0,1
762278005402206209,1,0,1
762290549168701440,1,0,1
762296758684807168,1,0,1
762367918990565376,1,0,1
762416314358968320,1,3,4
762509441157570561,1,0,1
762519249344663552,1,0,1
762543783007223809,1,16,17
762641635469656064,1,0,1
762722618843758596,1,0,1
762729847919677440,1,0,1
762786106517565442,1,0,1
762798682588581888,1,0,1
762820192116236288,1,0,1
762854371918884864,1,0,1
762877337629102080,1,0,1
763046080447741952,1,0,1
763047574949490689,1,0,1
763047910384758784,1,1,2
763048288027303937,1,0,1
763050270599196672,1,0,1
763096935687348224,1,0,1
763128305516240896,1,0,1
763146818674839552,1,0,1
763154632243712001,1,0,1
763167329928683520,1,0,1
763168634977947649,1,0,1
763192524655636481,1,1,2
763207988412841984,1,0,1
763222743135334400,1,3,4
763248460153753601,1,0,1
763333130375880704,1,0,1
763435831457492993,1,0,1
763445841185107968,1,0,1
763471889289187328,1,7,8
763507931056701440,1,0,1
763512927483752448,1,0,1
763524118121705472,1,0,1
763557177923481600,1,0,1
763576694653452292,1,0,1
763590328960057344,1,15,16
763599130799243264,1,0,1
763687306632888320,1,0,1
763715711793565696,1,0,1
763722529437470721,1,0,1
763838772249264130,1,0,1
763854583227703296,1,0,1
763873975055384576,1,0,1
763876335882153984,1,0,1
763878155362983938,1,0,1
763887853046640640,1,0,1
763909288729407488,1,3,4
763926445605347328,1,0,1
763941016470589440,1,0,1
764011790174826496,1,0,1
764030484997402624,1,0,1
764071574043496448,1,0,1
764079937917779968,1,8,9
764102189094694912,1,0,1
764118947784372228,1,0,1
764134556186271745,1,0,1
764139894457376768,1,0,1
764142162950979585,1,0,1
764144580929331200,1,0,1
764176834879684608,1,2,3
764178546533203969,1,0,1
764182017588260866,1,0,1
764193956355796996,1,0,1
764204955049656320,1,0,1
764290857465815040,1,1,2
764329187419103234,1,1,2
764379211574280192,1,0,1
764416627110649856,1,0,1
764435195974082560,1,5,6
764504008551694336,1,4,5
764535396050972672,1,0,1
764641296992591872,1,0,1
764646383064223744,1,0,1
764652616139681792,1,2,3
764685349817810944,1,0,1
764738078917275648,1,0,1
764784252907098113,1,0,1
764799892803977217,1,0,1
764812805900034049,1,1,2
764818781961150464,1,0,1
764821236052553728,1,0,1
764822685385973760,1,6,7
764824230705950720,1,0,1
764853887438295040,1,0,1
764876181434806272,1,0,1
764879907725963264,1,0,1
764890111758610432,1,0,1
764926542438813696,1,0,1
764950797809573888,1,1,2
764960983244607488,1,2,3
765034524468129792,1,0,1
765048831054610432,1,0,1
765081241964072960,1,0,1
765116131862573056,1,0,1
765135738266607616,1,0,1
765164404119830529,1,0,1
765189523017990144,1,0,1
765228555915685888,1,1,2
765243799291387904,1,0,1
765267744317116416,1,0,1
765268349517373441,1,0,1
765274687513300992,1,0,1
765288568424202241,1,0,1
765288876931887105,1,1,2
765302650455728128,1,1,2
765313789650624512,1,10,11
765424189322825729,1,0,1
765426853888786432,1,0,1
765541325852647424,1,0,1
765563976700887040,1,0,1
765566549386067969,1,0,1
765641072982851584,1,0,1
765679116721029120,1,0,1
765705879522017280,1,0,1
765716300949782528,1,0,1
765764930532470785,1,0,1
765811391160737792,1,0,1
765886646474637312,1,0,1
765951710711975936,1,0,1
765956620618698753,1,0,1
765960086787350532,1,0,1
765966969623420929,1,0,1
765993685251153921,1,0,1
765998731183394816,1,0,1
766080394513047553,1,0,1
766085289802629120,1,6,7
766104807702728705,1,0,1
766172014734368768,1,0,1
766277616517189633,1,0,1
766318994567618560,1,0,1
766322753402183680,1,0,1
766332832457383936,1,0,1
766376945844117504,1,0,1
766378724975644673,1,0,1
766421455152222208,1,0,1
766425231225421824,1,0,1
766445003128377344,1,3,4
766522459793219584,1,0,1
766662120670912513,1,0,1
766706614032338944,1,0,1
766736131866099713,1,0,1
766772525741277185,1,0,1
766775090402951169,1,0,1
766824055009796096,1,1,2
766830835043631104,1,0,1
766848097792032768,1,0,1
767017411035951104,1,4,5
767063633977376768,1,0,1
767077727354531840,1,0,1
767128797904855041,1,0,1
767169349056471040,1,0,1
767188931653701632,1,2,3
767205324549828608,1,1,2
767254750425296896,1,0,1
767296298328453120,1,0,1
767353916199755776,1,0,1
767381559317934080,1,0,1
767509663042514944,1,1,2
767566167154319360,1,0,1
767639274363744256,1,0,1
767662158763139073,1,0,1
767750428775686147,1,2,3
767766435045269504,1,0,1
767794949878378496,1,2,3
767814620862095360,1,0,1
767815743161368577,1,11,12
767868242404659201,1,0,1
767874458686201856,1,0,1
767877051613323268,1,0,1
767878937535913985,1,0,1
767892165796175872,1,3,4
767946465318543362,1,0,1
767967262292729856,1,0,1
768148873793638400,1,0,1
768150176548524032,1,0,1
768157374012153857,1,0,1
768165498492182528,1,0,1
768199352196005888,1,0,1
768214123213647874,1,15,16
768218593863557121,1,0,1
768240026241015812,1,0,1
768278246320279552,1,6,7
768299123615240193,1,5,6
768330510644891648,1,0,1
768355143003824128,1,0,1
768395764661968896,1,0,1
768474554020818944,1,0,1
768490568221597697,1,0,1
768505010577510400,1,0,1
768646365492772865,1,0,1
768652140051062784,1,0,1
768750289193009153,1,0,1
768819871362588673,1,0,1
768855990213152768,1,0,1
768934694029172736,1,0,1
769005734751199232,1,0,1
769035259254083584,1,0,1
769048252138266624,1,0,1
769049131398602752,1,0,1
769187302459396096,1,0,1
769190894834626560,1,0,1
769193911860551680,1,3,4
769198662748483584,1,0,1
769199730010296324,1,1,2
769214910735781888,1,0,1
769216187200892934,1,0,1
769241569119576069,1,0,1
769242366075166721,1,0,1
769251665182588928,1,7,8
769270118941548544,1,0,1
769270504440098817,1,0,1
769297662931677184,1,0,1
769338686366285825,1,0,1
769349799900360704,1,1,2
769356038969692161,1,0,1
769390886807535617,1,0,1
769402406140538880,1,0,1
769444871266443266,1,0,1
769578080323063808,1,0,1
769582567712370688,1,1,2
769656012533927936,1,0,1
769677339391385600,1,0,1
769678853790851072,1,0,1
769692845892657152,1,0,1
769730778825580544,1,5,6
769750770153508864,1,0,1
769886932696440832,1,0,1
770002086662643713,1,0,1
770047369182412800,1,1,2
770061355730829312,1,2,3
770250420094660609,1,0,1
770255319406616576,1,5,6
770255650169303040,1,0,1
770351251707965440,1,0,1
770355841249583104,1,0,1
770366208063537152,1,0,1
770394134968348676,1,1,2
770396754357293056,1,0,1
770397271665979392,1,0,1
770431029941243904,1,0,1
770475697613733888,1,7,8
770634898616881152,1,0,1
770647528953950208,1,0,1
770686627559596033,1,0,1
770702427087482880,1,0,1
770715116375412736,1,0,1
770739757877895168,1,0,1
770809485862572036,1,0,1
770824818824400897,1,0,1
770833531148783616,1,5,6
770839180473663488,1,0,1
770873105497493504,1,0,1
771010916355891200,1,0,1
771081901058756608,1,0,1
771086469184106496,1,1,2
771088952010964992,1,0,1
771094352483397632,1,0,1
771171392855289857,1,0,1
771177917233496064,1,0,1
771270029698539520,1,0,1
771452943778324480,1,0,1
771456348433383424,1,0,1
771563437327388672,1,0,1
771713419783331840,1,0,1
771749460917493761,1,0,1
771819802876710915,1,4,5
771837874207621120,1,0,1
771842490781532161,1,0,1
771851824857018372,1,0,1
771852504443285504,1,0,1
771885284745105408,1,0,1
771913492001595392,1,10,11
771919961614872576,1,0,1
771945788142415872,1,0,1
771992310682836992,1,0,1
772138523176603649,1,0,1
772160922387382272,1,0,1
772230955377434624,1,0,1
772231657956995072,1,4,5
772308712316735489,1,0,1
772320216025935872,1,0,1
772475657557151744,1,0,1
772499557552881664,1,0,1
772507825851346944,1,0,1
772563917457412096,1,0,1
772569287160569856,1,0,1
772612495408189441,1,0,1
772627663685115904,1,0,1
772636611024678914,1,0,1
772745071208923136,1,30,31
772787970499813377,1,0,1
772809849604284416,1,0,1
772871178935422977,1,0,1
772871214402383872,1,0,1
772924650032467968,1,0,1
772986584182448128,1,0,1
773020046801108992,1,19,20
773070924190978048,1,0,1
773090045947367425,1,0,1
773132276326666240,1,0,1
773188485771558917,1,0,1
773206388134871040,1,0,1
773234103768518656,1,0,1
773234115525115904,1,0,1
773245542977638400,1,0,1
773260068389163008,1,0,1
773360511358529536,1,0,1
773450588902330371,1,0,1
773452468579622912,1,0,1
773465987588902912,1,3,4
773508228902690816,1,0,1
773572442656796672,1,0,1
773584306732228608,1,1,2
773632229100621824,1,0,1
773681618070503424,1,1,2
773696604159238144,1,2,3
773734479072485376,1,0,1
773759144809684993,1,1,2
773795177211240448,1,0,1
773821845753790464,1,0,1
773834758405185536,1,0,1
773859595689361408,1,0,1
773915259765723136,1,0,1
773939530047062016,1,0,1
773952818755538945,1,0,1
773993453067927553,1,0,1
773994996584374272,1,0,1
774016400071458816,1,0,1
774048479228334081,1,1,2
774054797909581824,1,0,1
774080544900546560,1,0,1
774088900021288960,1,0,1
774118597455024128,1,0,1
774127962253762564,1,0,1
774142899923542016,1,0,1
774195736221286401,1,0,1
774240612866461696,1,0,1
774446945326759936,1,0,1
774513718738771968,1,0,1
774643916402483200,1,0,1
774645246198112257,1,0,1
774648512667615233,1,0,1
774651051056074752,1,0,1
774691058835976192,1,0,1
774750687762735104,1,0,1
774752808058757120,1,0,1
774768064990773248,1,3,4
774898348687921153,1,0,1
774933633123647488,1,0,1
774959179840704512,1,0,1
774962801467162624,1,0,1
775001861262807040,1,0,1
775013975834628097,1,0,1
775047826376122368,1,0,1
775058644345946112,1,0,1
775058886567071745,1,0,1
775064506607304708,1,0,1
775098938579939328,1,6,7
775208489140486144,1,0,1
775250332947517440,1,0,1
775298273246666753,1,0,1
775310009597038593,1,0,1
775312021399232512,1,0,1
775350824201367553,1,0,1
775352041711349761,1,0,1
775410403354480642,1,0,1
775419859299512320,1,0,1
775468848069939200,1,0,1
775482431008681984,1,0,1
775598388393803776,1,0,1
775613233935810560,1,0,1
775699559712432128,1,0,1
775792531871150080,1,0,1
775801626250579968,1,1,2
775810064246603776,1,0,1
775862400629215232,1,0,1
775874478320549889,1,0,1
775892296277438464,1,0,1
775895869367259136,1,0,1
775914062064386048,1,1,2
776051196582690816,1,90,91
776076027252453376,1,0,1
776101846351917056,1,0,1
776112663529041920,1,39,40
776116043853037568,1,0,1
776117939028258818,1,0,1
776171768201568256,1,0,1
776183634743164928,1,0,1
776220063359569920,1,0,1
776234705045905408,1,0,1
776299080796413956,1,1,2
776381228119392257,1,0,1
776450338928734208,1,0,1
776450891868012544,1,0,1
776535815962755072,1,0,1
776573526476283904,1,0,1
776575772672729088,1,3,4
776639425392418816,1,0,1
776795547701305344,1,0,1
776815481995034624,1,1,2
776879232106594305,1,2,3
776910754096316420,1,1,2
776931508921610240,1,1,2
776966827863715840,1,1,2
777021643868741633,1,0,1
777116839835013121,1,0,1
777180016539004929,1,0,1
777195200108072960,1,0,1
777198210607517697,1,1,2
777204060822777856,1,0,1
777207875609305088,1,0,1
777210727882829824,1,0,1
777231761306550272,1,0,1
777236426903674880,1,0,1
777247458753642497,1,0,1
777250040746303488,1,0,1
777255642805444609,1,6,7
777346027242258432,1,0,1
777346898311000064,1,0,1
777395090406842369,1,0,1
777472776886190080,1,0,1
777481820925489154,1,0,1
777503144968228864,1,0,1
777505714134810624,1,0,1
777509380723970048,1,0,1
777519009004748800,1,0,1
777519601265569796,1,0,1
777522958885584896,1,0,1
777535809570344962,1,0,1
777540092663570432,1,0,1
777544511236878337,1,0,1
777550173564174336,1,0,1
777585232807690240,1,0,1
777590099433357312,1,0,1
777600026826735616,1,0,1
777605367635124224,1,1,2
777655758359965696,1,0,1
777696821980389376,1,0,1
777782617005514752,1,0,1
777843521113903104,1,0,1
777905636512325632,1,0,1
777906255071481856,1,0,1
777907262144864256,1,0,1
777935421925916672,1,0,1
777958255947616257,1,0,1
777999801891692544,1,0,1
778014040505233408,1,0,1
778020800653848581,1,152,153
778027757573931008,1,0,1
778066994608365568,1,0,1
778117356413390848,1,0,1
778263238848851968,1,0,1
778265400328892416,1,0,1
778267899412774913,1,0,1
778271171129307136,1,0,1
778299700134944769,1,0,1
778414468128792577,1,0,1
778483263799234560,1,0,1
778486694437908480,1,1,2
778515010607804416,1,0,1
778523913626251265,1,0,1
778557031561125888,1,0,1
778560268913745920,1,0,1
778567008648593408,1,0,1
778583529915645952,1,0,1
778590987169910786,1,0,1
778596626453716996,1,0,1
778611348188041216,1,0,1
778615720548634624,1,0,1
778619648136785920,1,0,1
778657683541004288,1,0,1
778658867987308545,1,0,1
778661085951864833,1,1,2
778694088904220672,1,0,1
778737072974680064,1,0,1
778745796825010176,1,0,1
778758309402779648,1,0,1
778761061549891584,1,0,1
778771701576323072,1,0,1
778783176655241216,1,0,1
778799008844161025,1,0,1
778806236577792002,1,0,1
778813024681418753,1,0,1
778813904931557376,1,0,1
778876818623528960,1,0,1
778886026592919552,1,0,1
778890465399611393,1,0,1
778952838672187396,1,0,1
778958465729499137,1,0,1
778982717224517632,1,0,1
779009862332211200,1,0,1
779010697179127809,1,0,1
779102958365519872,1,0,1
779106134133178368,1,0,1
779128490478202880,1,0,1
779166367337553920,1,0,1
779313037111066624,1,0,1
779349300937625600,1,0,1
779350897704984576,1,0,1
779351890244972544,1,0,1
779360361648627712,1,1,2
779367349103190016,1,0,1
779372256548052993,1,0,1
779384373397315585,1,0,1
779403280799637504,1,0,1
779440871074824192,1,0,1
779448720383283200,1,0,1
779469080524787712,1,0,1
779498436089479168,1,0,1
779503104865759232,1,0,1
779510627622531073,1,0,1
779636215771373568,1,0,1
779725034210332672,1,0,1
779738160838434816,1,0,1
779810266515111937,1,1,2
779826355806412800,1,1,2
779853536645550082,1,0,1
779872692480598016,1,0,1
779899809360732160,1,1,2
779920265648013312,1,0,1
779930223168983040,1,0,1
779934344806670336,1,0,1
780022275957415936,1,0,1
780063939006763008,1,0,1
780084809154658304,1,0,1
780229163957366785,1,0,1
780230203062620160,1,0,1
780231880952000512,1,8,9
780249828651511808,1,0,1
780421238372102144,1,0,1
780444042102472709,1,0,1
780477339754860545,1,0,1
780484087907778561,1,0,1
780493491184992256,1,0,1
780498773952847877,1,0,1
780508974126927872,1,0,1
780522302177935362,1,0,1
780544138232016896,1,2,3
780544524137340928,1,0,1
780565978971119616,1,1,2
780570387016880128,1,0,1
780573637652860928,1,0,1
780575301495422977,1,0,1
780592280503672832,1,0,1
780594538230407168,1,1,2
780600283772530688,1,0,1
780602471194304512,1,0,1
780616324447731712,1,0,1
780630093638926341,1,0,1
780634726814003200,1,0,1
780742346694504448,1,5,6
780790091492970496,1,0,1
780805539366174720,1,0,1
780818509924147200,1,0,1
780866448491098112,1,0,1
780871895684034561,1,0,1
780878357634220032,1,0,1
780918633073487873,1,0,1
780940130756407296,1,0,1
780965943019200514,1,0,1
781109448723095553,1,0,1
781117360870596608,1,0,1
781141402155642881,1,0,1
781142101102891008,1,0,1
781153626786000896,1,0,1
781156556247330816,1,0,1
781163948582240256,1,0,1
781164095420690432,1,0,1
781205906583203842,1,0,1
781214193924046848,1,0,1
781239316722745345,1,0,1
781250724365828097,1,0,1
781251752532250624,1,0,1
781253770613297152,1,0,1
781270998670725120,1,0,1
781295638973673472,1,0,1
781299028315308032,1,0,1
781304950236254208,1,1,2
781334061440577537,1,0,1
781360633933500416,1,0,1
781422495589134336,1,0,1
781448426017984512,1,0,1
781532453299040260,1,0,1
781592535328296961,1,0,1
781614438742945793,1,0,1
781789560539901952,1,0,1
781844080775028736,1,0,1
781908834897895424,1,1,2
781958467221323776,1,0,1
781962111060742144,1,0,1
781969714763431937,1,0,1
782069532793958400,1,2,3
782096695689478145,1,0,1
782235498949537792,1,0,1
782254977032998914,1,0,1
782289872056881154,1,5,6
782333158175965184,1,2,3
782352298194239488,1,0,1
782471670539747328,1,0,1
782505221314514944,1,0,1
782506712054001664,1,0,1
782639894648631296,1,0,1
782707098635436032,1,0,1
782709089415684096,1,0,1
782712826905452544,1,0,1
782748053463719936,1,0,1
782777120057458692,1,1,2
782869834744946688,1,0,1
782902288901955584,1,0,1
782930809070190592,1,0,1
782971363266957312,1,1,2
782992526881935360,1,0,1
783008106351628288,1,0,1
783088853657714689,1,0,1
783108602475184128,1,2,3
783180238599573504,1,0,1
783274481103966208,1,0,1
783316490481270784,1,0,1
783330434964856832,1,0,1
783359193646403584,1,1,2
783376935955103744,1,0,1
783380458163826688,1,0,1
783388103738142720,1,0,1
783415404270067712,1,0,1
783422037276626944,1,0,1
783426677611253760,1,0,1
783428732488855552,1,0,1
783457426641006592,1,0,1
783460908869693441,1,0,1
783463731736956928,1,6,7
783470197936050176,1,0,1
783470697213485056,1,0,1
783474605835116544,1,0,1
783479186832887808,1,2,3
783480775740125184,1,0,1
783481452197322752,1,0,1
783490800826982400,1,0,1
783496803421331456,1,0,1
783499548052295681,1,0,1
783533691842727940,1,0,1
783565470683189250,1,0,1
783606649550438400,1,0,1
783698281331163136,1,0,1
783723930473422848,1,0,1
783788215497031681,1,0,1
783855454174707712,1,0,1
784040046739517440,1,0,1
784041270918381570,1,0,1
784082956990177280,1,0,1
784122427227852800,1,0,1
784148224147804161,1,1,2
784170349579542528,1,0,1
784170899398328320,1,0,1
784240672605896704,1,1,2
784241309368328193,1,0,1
784256305619832832,1,0,1
784356056730337281,1,0,1
784374932759273472,1,0,1
784418872342392832,1,0,1
784447497892667392,1,0,1
784487746807169025,1,0,1
784540851204661249,1,0,1
784541620205125633,1,0,1
784553984564617216,1,0,1
784615774208032768,1,0,1
784678134910255104,1,0,1
784746653328678914,1,0,1
784754088625971200,1,0,1
784763491294990336,1,0,1
784768678776545280,1,0,1
784772282925223937,1,0,1
784778514797105153,1,0,1
784780976912162816,1,0,1
784783513321103360,1,0,1
784803167162732544,1,0,1
784841321156481024,1,0,1
784846963535519744,1,0,1
784873681361051649,1,0,1
784879717262454785,1,0,1
784895195435401216,1,0,1
784895907858755585,1,0,1
784974317381685249,1,0,1
784983827705913344,1,0,1
784985918386077696,1,1,2
785090404165099525,1,0,1
785090962460585986,1,1,2
785118075423109120,1,11,12
785142669978636288,1,0,1
785144602315546625,1,0,1
785171302697078784,1,0,1
785191002088898562,1,4,5
785244083304402945,1,0,1
785260011387817984,1,0,1
785282599534985216,1,0,1
785313456857747456,1,0,1
785313795547598850,1,1,2
785314838851510272,1,0,1
785317604332363776,1,0,1
785327616903356416,1,0,1
785347712182996996,1,0,1
785361813307285504,1,0,1
785447629148741632,1,0,1
785526818346508288,1,0,1
785594634051342336,1,0,1
785605664932368385,1,0,1
785620728766947328,1,0,1
785646313354526720,1,0,1
785654943608745984,1,0,1
785664533675200512,1,0,1
785692238147903488,1,0,1
785703739692687360,1,0,1
785735158116683776,1,0,1
785737084422066176,1,0,1
785842534031429634,1,0,1
785869481637806080,1,10,11
785877910922158084,1,0,1
785879130625626112,1,0,1
785879686203187200,1,1,2
785882110611582976,1,0,1
785882334373437441,1,1,2
785882680067973120,1,0,1
785892317559296006,1,1,2
785916563312480256,1,0,1
785920327423496193,1,1,2
785957999684694016,1,0,1
785966737644806144,1,0,1
785969493176619009,1,0,1
785975686154424320,1,0,1
785979655115317248,1,0,1
786016584108154880,1,0,1
786025413889843201,1,0,1
786025418709020672,1,0,1
786116913483116544,1,0,1
786150748102856704,1,0,1
786182318214025216,1,0,1
786245377670340608,1,0,1
786249455565672449,1,0,1
786249810571440128,1,0,1
786295822698754052,1,0,1
786305064210018304,1,0,1
786321192034639872,1,0,1
786339531037421568,1,0,1
786345088460922880,1,0,1
786349247503306752,1,3,4
786390681967136768,1,0,1
786410533692014592,1,0,1
786440585691357188,1,0,1
786460783987130368,1,0,1
786511678808715264,1,0,1
786519799178289152,1,0,1
786539708167753729,1,0,1
786589533043163136,1,0,1
786597158933794817,1,0,1
786605050650988544,1,2,3
786669984479141888,1,0,1
786707116019085313,1,0,1
786709948042448896,1,0,1
786727745489428480,1,0,1
786737378522042369,1,0,1
786772959688089601,1,0,1
786779303275028480,1,0,1
786780677760913408,1,0,1
786800910101991428,1,0,1
786887857042587648,1,0,1
786907988632211456,1,0,1
786981012504993792,1,0,1
787040314661953536,1,0,1
787064645206933504,1,0,1
787074396422832128,1,0,1
787312891414257665,1,0,1
787318432425512960,1,1,2
787327889154961408,1,0,1
787375132700389377,1,0,1
787384638545231876,1,0,1
787418565095948288,1,0,1
787456574839222272,1,0,1
787477114228346880,1,0,1
787490263748845568,1,0,1
787515030765989888,1,0,1
787547635527712769,1,0,1
787619511553826816,1,0,1
787674543103979521,1,0,1
787708533395562496,1,0,1
787733100885311488,1,0,1
787750761027538946,1,0,1
787781361843081216,1,0,1
787782766033121280,1,0,1
787793422337904640,1,0,1
787801535304568832,1,0,1
787812208105447424,1,0,1
787829336074248192,1,0,1
787857707986333696,1,0,1
787871881831456768,1,0,1
787925231159476224,1,0,1
787950643310911492,1,0,1
787963553697456129,1,0,1
788002098356944896,1,0,1
788032198024761344,1,0,1
788038865655214080,1,0,1
788066576968933376,1,0,1
788071179999404032,1,0,1
788108346897240064,1,0,1
788127754118045696,1,1,2
788142906959798272,1,0,1
788154243157004289,1,0,1
788166722289147905,1,0,1
788173757265436672,1,0,1
788198831292682240,1,0,1
788201646727761920,1,0,1
788240998950400000,1,4,5
788281118084726784,1,0,1
788306575425413120,1,3,4
788344535587905536,1,0,1
788383579105615872,1,0,1
788407024736350208,1,0,1
788415534995943424,1,0,1
788415840622370816,1,1,2
788415911896027136,1,1,2
788429614204854272,1,0,1
788431000682500096,1,0,1
788448916677230592,1,0,1
788458873984208896,1,0,1
788460969018089472,1,0,1
788496201549123584,1,0,1
788542506363420672,1,0,1
788547028104122368,1,0,1
788578131720359936,1,0,1
788613725594980352,1,0,1
788703714374721536,1,0,1
788715347104894976,1,0,1
788769985652862976,1,0,1
788793957895573505,1,0,1
788797380187525120,1,0,1
788804442237706240,1,0,1
788838259929460736,1,0,1
788887011646017536,1,0,1
788891265026756609,1,0,1
788906768747204608,1,0,1
788946682985717760,1,1,2
788952676537077760,1,0,1
788991635640180736,1,0,1
789104379706081280,1,0,1
789130020816035840,1,2,3
789143901328158720,1,0,1
789152441694511104,1,0,1
789154863577985024,1,0,1
789232802558533632,1,0,1
789241233608695808,1,0,1
789244500199677952,1,1,2
789244824079720451,1,0,1
789257906449289216,1,0,1
789289204803067904,1,4,5
789292484828487680,1,0,1
789294005485969408,1,0,1
789307480513867777,1,0,1
789309595642540033,1,0,1
789329959416393728,1,0,1
789405911685009408,1,4,5
789463846167646209,1,0,1
789479433124061184,1,0,1
789481589491306496,1,0,1
789486371270455297,1,1,2
789541037941424129,1,0,1
789566561992310784,1,0,1
789574821269176320,1,0,1
789579786658217985,1,0,1
789611669177700352,1,0,1
789616590945943552,1,0,1
789624266966700033,1,0,1
789702952575467520,1,0,1
789816632503857156,1,1,2
789829886575861760,1,1,2
789914170804281344,1,0,1
789930161181384704,1,0,1
789951524252315648,1,0,1
789978137195081731,1,0,1
790000315609120768,1,0,1
790012516055130113,1,0,1
790012790228615168,1,0,1
790042291352240128,1,0,1
790052913586458625,1,0,1
790090678013419521,1,2,3
790123070304518144,1,0,1
790175953011871746,1,0,1
790208760069365760,1,0,1
790218910318690308,1,0,1
790303350000451584,1,0,1
790349059257171970,1,1,2
790355157212987392,1,0,1
790414946085593088,1,0,1
790478510670446593,1,0,1
790553422067998720,1,1,2
790586556444794881,1,0,1
790593537557528576,1,0,1
790600379088207878,1,0,1
790619189287550977,1,0,1
790626437032128512,1,0,1
790648865527443456,1,0,1
790704930122297344,1,0,1
790737289408315392,1,4,5
790817684715872256,1,0,1
790870164686401536,1,0,1
790893168795512832,1,0,1
790906505230942208,1,0,1
790965187041984512,1,0,1
791031616080637956,1,0,1
791089011125325824,1,1,2
791090022720020480,1,0,1
791094056805740545,1,0,1
791235803477315584,1,0,1
791273356746117120,1,0,1
791303140792496128,1,0,1
791346624672989184,1,0,1
791359867126681600,1,0,1
791363668713824256,1,0,1
791365039320027136,1,0,1
791418011076943872,1,0,1
791423706555756546,1,0,1
791426423613452290,1,0,1
791533694859284480,1,3,4
791534437053952000,1,0,1
791693360322875392,1,0,1
791747503087497220,1,0,1
791762335056662528,1,0,1
791768681340547072,1,1,2
791795500785733633,1,0,1
791899965111037952,1,0,1
791947764045221888,1,0,1
791967508840472576,1,0,1
791974501533745153,1,0,1
792026278912266240,1,0,1
792040535590576128,1,0,1
792116738120945664,1,0,1
792121371191021568,1,0,1
792166281076207616,1,0,1
792179771174027265,1,0,1
792219675220258816,1,1,2
792233925586202624,1,0,1
792420746656149504,1,0,1
792426420207247360,1,0,1
792473547667046406,1,0,1
792544714532720640,1,2,3
792602326938726400,1,0,1
792629010811461632,1,0,1
792708420692500480,1,1,2
792716844633174017,1,0,1
792728371281195010,1,0,1
792772536199213056,1,0,1
792813131647049729,1,0,1
792869404027478016,1,0,1
792880491775008768,1,0,1
792936808443056129,1,0,1
793060980485787648,1,0,1
793086422706167808,1,0,1
793131049475727360,1,1,2
793148571390476289,1,0,1
793182395713282048,1,1,2
793199499891970048,1,0,1
793258942608601088,1,0,1
793265242570620928,1,0,1
793286168880242688,1,0,1
793314652176392192,1,0,1
793486778112077824,1,0,1
793505337588449280,1,0,1
793509338883231744,1,0,1
793533739460661248,1,0,1
793535927964561409,1,0,1
793541116171849728,1,0,1
793569099909562368,1,0,1
793572825693057025,1,0,1
793617099323170819,1,0,1
793688950153945088,1,0,1
793872579937308673,1,0,1
793884513726238720,1,0,1
793897834152091648,1,0,1
793932616164667393,1,0,1
793937209137057792,1,0,1
793941340434341889,1,0,1
793954117173460992,1,2,3
794011658742104064,1,0,1
794025362183188480,1,0,1
794031859214811137,1,0,1
794165389420806144,1,0,1
794191472027435009,1,0,1
794273278391177216,1,0,1
794341422174334976,1,0,1
794361607748874241,1,0,1
794522766724792320,1,0,1
794528025849331712,1,0,1
794549247479681024,1,0,1
794574617667141636,1,0,1
794636118834741249,1,5,6
794641595802992644,1,0,1
794693888942473216,1,0,1
794697598594641920,1,0,1
794720715605995524,1,1,2
794737272721707008,1,0,1
794740608623669248,1,0,1
794750177286332417,1,0,1
794764154947174400,1,0,1
794804180674347008,1,0,1
794915810133311488,1,0,1
794917729862123521,1,0,1
794940109728653312,1,0,1
794944122125713408,1,0,1
795012828499443717,1,0,1
795024687155679233,1,0,1
795033028393373696,1,0,1
795046498962579456,1,0,1
795051938509373440,1,0,1
795079441898684416,1,0,1
795125489434263552,1,0,1
795160602435952640,1,0,1
795231942530605056,1,7,8
795289527199928324,1,0,1
795318217325629440,1,0,1
795322203726376960,1,0,1
795332134063996933,1,0,1
795369830580912129,1,0,1
795379879508328448,1,0,1
795399838758113281,1,0,1
795416637881065472,1,0,1
795512194247094273,1,0,1
795558687645532160,1,0,1
795618942761009156,1,0,1
795635729502179328,1,0,1
795642908670050304,1,0,1
795660689675341824,1,0,1
795679000093982720,1,0,1
795685741036732417,1,0,1
795699570873421824,1,0,1
795712609408471040,1,0,1
795712737972289536,1,0,1
795712975420145664,1,0,1
795713146153553924,1,0,1
795713290315952128,1,0,1
795713371207307264,1,0,1
795713380325662720,1,0,1
795713519547219968,1,0,1
795713740452798465,1,0,1
795713836250636288,1,0,1
795713846400942080,1,0,1
795724774492307456,1,0,1
795729659354873857,1,0,1
795767768251592704,1,0,1
795771810658873349,1,0,1
795834130005106688,1,0,1
795859004207427585,1,0,1
795866140207710209,1,0,1
795881746151546880,1,0,1
795915135575621632,1,0,1
795922275128266752,1,0,1
796091330485243904,1,0,1
796136082719047680,1,0,1
796179263154049024,1,0,1
796188323463077888,1,0,1
796201564683661312,1,0,1
796229671092441089,1,0,1
796231864553971712,1,0,1
796248681339121664,1,0,1
796277678496251904,1,0,1
796301681063501824,1,0,1
796314579592708096,1,0,1
796328059725025280,1,0,1
796330378030120960,1,1,2
796338773185495040,1,0,1
796338938466209792,1,0,1
796341487114002432,1,0,1
796365768753414145,1,0,1
796375867811360768,1,0,1
796390264453660674,1,0,1
796393063673368577,1,0,1
796411256060211201,1,0,1
796420709320949761,1,0,1
796424832795705344,1,0,1
796427706770587651,1,0,1
796440005715427328,1,2,3
796440589424152576,1,0,1
796450526510612480,1,0,1
796459098573328384,1,2,3
796459142558916613,1,0,1
796467817243676672,1,0,1
796490110367834112,1,0,1
796494938682916865,1,0,1
796498131064147969,1,0,1
796513731215839232,1,0,1
796516685863931905,1,0,1
796518782873255936,1,0,1
796528048854171648,1,11,12
796528918148874242,1,0,1
796541730002706432,1,0,1
796547608625971204,1,0,1
796552475809640448,1,0,1
796559451901849600,1,0,1
796561788212940801,1,0,1
796564216077488128,1,0,1
796571281638457345,1,0,1
796572560737574912,1,0,1
796578217587052544,1,0,1
796587681161613314,1,0,1
796589145590235136,1,1,2
796618220518129664,1,0,1
796620290738556928,1,0,1
796627028464324608,1,0,1
796678316132630528,1,0,1
796680834308771841,1,1,2
796686727758970880,1,0,1
796689974464827392,1,1,2
796696294475513856,1,0,1
796699904425029632,1,0,1
796705344210763776,1,0,1
796706993620877316,1,0,1
796726812831260672,1,0,1
796741620481855488,1,0,1
796745417895641088,1,1,2
796748266201300992,1,0,1
796751895884926977,1,2,3
796753331779670018,1,0,1
796768483996475392,1,1,2
796790352401211393,1,0,1
796793996743966720,1,0,1
796810534637203456,1,0,1
796813944350457857,1,0,1
796820576719486976,1,0,1
796821234877104128,1,0,1
796825023210201092,1,0,1
796825125484199937,1,0,1
796836464097132544,1,0,1
796839122686119936,1,0,1
796871085656604672,1,0,1
796878193009577984,1,0,1
796912395692163072,1,0,1
796923117268598784,1,0,1
796924215517741056,1,0,1
796932976927981568,1,0,1
796935200982888448,1,0,1
796950920298958848,1,0,1
796963231851954176,1,0,1
796970107687804928,1,2,3
796972147650523137,1,0,1
797045088761196545,1,0,1
797071834609045506,1,0,1
797080682229092353,1,0,1
797081291342479361,1,0,1
797090413131812864,1,0,1
797116420060495872,1,0,1
797162214943838208,1,0,1
797195438038413312,1,0,1
797209334539284480,1,0,1
797221787360776192,1,0,1
797259446065971200,1,0,1
797286757477838848,1,0,1
797303240069185536,1,0,1
797309275655782401,1,0,1
797324559376650241,1,0,1
797434998680850432,1,1,2
797470491137163264,1,0,1
797477646523367424,1,0,1
797482744385191936,1,0,1
797482852040445952,1,1,2
797495359606063104,1,0,1
797512863086678016,1,0,1
797524966866636801,1,0,1
797552756412256256,1,4,5
797590040591343617,1,0,1
797656748530237441,1,0,1
797673656449114112,1,0,1
797779150908047361,1,0,1
797805759161663488,1,0,1
797811944652701696,1,0,1
797863607014932480,1,0,1
797873877141557249,1,0,1
797914201368969216,1,0,1
797920957423828992,1,0,1
797931928443883521,1,0,1
797946025495379968,1,0,1
797961953062879233,1,0,1
797964570778279936,1,0,1
797967028464320516,1,0,1
797975023134932992,1,0,1
797978878975295488,1,0,1
798015500412448768,1,0,1
798037886180487168,1,0,1
798052364850753536,1,0,1
798066001824849920,1,0,1
798071250157502464,1,0,1
798094772577542144,1,0,1
798161999804952576,1,1,2
798162760454598658,1,0,1
798174316235984896,1,1,2
798178368923516928,1,0,1
798181800308776964,1,0,1
798182763631251456,1,2,3
798241298662780928,1,0,1
798271437794582528,1,0,1
798275504717647876,1,0,1
798318373948030976,1,0,1
798327254816325632,1,0,1
798357581144162304,1,0,1
798369128708972548,1,0,1
798369965254541313,1,0,1
798407159398678530,1,0,1
798509962255331332,1,0,1
798523943737065472,1,0,1
798535676258111488,1,0,1
798552051265441793,1,0,1
798555353445085184,1,0,1
798556481964515329,1,0,1
798563284291121152,1,0,1
798613700651393024,1,5,6
798629861258645504,1,0,1
798631960323260416,1,1,2
798667049094512640,1,0,1
798687486104899584,1,21,22
798716060094472193,1,0,1
798959014767972352,1,1,2
798982857385476096,1,0,1
798991191345762304,1,0,1
799015278944260096,1,0,1
799355665596776448,1,1,2
799435033484361730,1,6,7
799437224987262978,1,0,1
799746296022081536,1,7,8
799775040254291968,1,0,1
799804807091515392,1,7,8
799876919470817280,1,0,1
799889427229245440,1,0,1
799915980335955968,1,0,1
800006564958572544,1,5,6
800086892632907776,1,0,1
800133923745370113,1,1,2
800137637117849600,1,0,1
800179772890329088,1,2,3
800216005775474688,1,0,1
800455353716461569,1,0,1
800637245598203904,1,0,1
800979128740618240,1,0,1
801073492150128640,1,0,1
801199642318872576,1,0,1
801425492540878848,1,0,1
801433214732607489,1,1,2
801516761405390852,1,0,1
801520570399653891,1,0,1
801841245240717312,1,2,3
801848173064896512,1,0,1
801929562024198144,1,0,1
802256478174330880,1,0,1
802291260199407620,1,0,1
802299294254583808,1,0,1
802383324752834560,1,0,1
803346887952793600,1,0,1
803378335401279489,1,0,1
803430392690831360,1,0,1
803623162004938752,1,0,1
804421246922276865,1,0,1
804783886739894272,1,0,1
805394207489851392,1,0,1
805630883353006080,1,0,1
805754505665146884,1,1,2
805840859946172416,1,2,3
806167204240781312,1,1,2
806676525168918528,1,0,1
806736426914041856,1,0,1
806749293474234369,1,0,1
806972405696565248,1,0,1
807219178839175169,1,0,1
807255647746039808,1,0,1
807287042451193856,1,0,1
807624192552120320,1,0,1
808779573055913988,1,1,2
809323242942963712,1,0,1
810240752072740864,1,0,1
810328956469710848,1,0,1
810849205694644224,1,0,1
812274023870517248,1,0,1
813637183689158656,1,0,1
815245848237998080,1,0,1
815254029739630592,1,0,1
1154,0,2,2
2627,0,1,1
3520,0,1,1
12514,0,16,16
12533,0,1,1
12947,0,4,4
19283,0,1,1
25493,0,2,2
32653,0,2,2
43693,0,1,1
55643,0,1,1
120253,0,1,1
129793,0,4,4
134693,0,1,1
348003,0,2,2
622663,0,2,2
655713,0,1,1
706273,0,4,4
711953,0,4,4
717973,0,10,10
719673,0,1,1
756278,0,20,20
767715,0,1,1
771630,0,4,4
774675,0,5,5
797022,0,1,1
798556,0,4,4
811522,0,1,1
815587,0,2,2
816733,0,1,1
822441,0,4,4
894271,0,2,2
908941,0,1,1
1042921,0,1,1
1044241,0,62,62
1095691,0,11,11
1109551,0,1,1
1218261,0,4,4
1222721,0,4,4
1236101,0,3,3
1240201,0,1,1
1265601,0,3,3
1267751,0,1,1
1294621,0,1,1
1314811,0,6,6
1341681,0,1,1
1393551,0,5,5
1417921,0,3,3
1484341,0,2,2
1539001,0,5,5
1559801,0,2,2
1566291,0,2,2
1616131,0,1,1
1692171,0,3,3
1765671,0,1,1
1772151,0,2,2
1775861,0,1,1
1820921,0,2,2
1954481,0,8,8
2048331,0,5,5
2115511,0,2,2
2150091,0,1,1
2240461,0,7,7
2279401,0,5,5
2389991,0,1,1
2621591,0,1,1
2742161,0,1,1
2757961,0,1,1
2761821,0,4,4
2787271,0,5,5
3000121,0,1,1
3082131,0,2,2
3200131,0,1,1
3224661,0,3,3
3268771,0,1,1
3334091,0,1,1
3359721,0,1,1
3490891,0,4,4
3545721,0,20,20
3552581,0,3,3
3636371,0,5,5
3738091,0,1,1
3826421,0,8,8
4050671,0,4,4
4172111,0,2,2
4221431,0,1,1
4454161,0,1,1
4667511,0,4,4
4765141,0,1,1
4776141,0,2,2
4922631,0,7,7
5286442,0,5,5
5350572,0,4,4
5408512,0,3,3
5415992,0,1,1
5435862,0,1,1
5447242,0,1,1
5451672,0,2,2
5520672,0,5,5
5553912,0,9,9
5568872,0,2,2
5572802,0,3,3
5602932,0,1,1
5637462,0,1,1
5683222,0,1,1
5693942,0,2,2
5736542,0,4,4
5741982,0,2,2
5780202,0,2,2
5850752,0,1,1
5878352,0,2,2
5909412,0,2,2
5911652,0,1,1
5912962,0,3,3
5924642,0,1,1
5936232,0,1,1
5951442,0,7,7
5959952,0,4,4
6079632,0,1,1
6124042,0,1,1
6126032,0,3,3
6149112,0,1,1
6190272,0,3,3
6197622,0,8,8
6215712,0,2,2
6246582,0,2,2
6269532,0,1,1
6272332,0,6,6
6397742,0,5,5
6429082,0,7,7
6445982,0,1,1
6512482,0,3,3
6522872,0,1,1
6548492,0,5,5
6563422,0,2,2
6605832,0,17,17
6704482,0,1,1
6816072,0,1,1
6820802,0,3,3
6848202,0,1,1
6860182,0,5,5
6883122,0,2,2
6977402,0,13,13
6981492,0,3,3
7020132,0,3,3
7078452,0,3,3
7087662,0,1,1
7122762,0,1,1
7135732,0,1,1
7141052,0,1,1
7157722,0,2,2
7206412,0,2,2
7240672,0,1,1
7242522,0,1,1
7355622,0,2,2
7390392,0,1,1
7413852,0,1,1
7426632,0,14,14
7457022,0,2,2
7520342,0,14,14
7564862,0,1,1
7568942,0,2,2
7586552,0,2,2
7603032,0,2,2
7605262,0,3,3
7609922,0,1,1
7664562,0,3,3
7710932,0,1,1
7739282,0,1,1
7872542,0,2,2
7873932,0,2,2
7896902,0,5,5
7918212,0,1,1
7931022,0,34,34
7932082,0,2,2
8030792,0,1,1
8041522,0,1,1
8044342,0,2,2
8054632,0,8,8
8145762,0,1,1
8209622,0,2,2
8215672,0,5,5
8235092,0,2,2
8239692,0,1,1
8242152,0,3,3
8255342,0,2,2
8308532,0,3,3
8346812,0,2,2
8375362,0,4,4
8412332,0,2,2
8453642,0,3,3
8477992,0,1,1
8569872,0,1,1
8573022,0,2,2
8621282,0,1,1
8657172,0,4,4
8660462,0,2,2
8661262,0,2,2
8667312,0,17,17
8765912,0,1,1
8771372,0,1,1
8819762,0,4,4
8922082,0,2,2
8954232,0,2,2
9009702,0,2,2
9112032,0,8,8
9163072,0,3,3
9215822,0,1,1
9247312,0,5,5
9252192,0,8,8
9264302,0,5,5
9272752,0,3,3
9459282,0,2,2
9498462,0,1,1
9637102,0,1,1
9757362,0,5,5
9799232,0,1,1
9808912,0,19,19
9861112,0,1,1
9913772,0,2,2
9921412,0,3,3
10026792,0,2,2
10084802,0,3,3
10162772,0,4,4
10244352,0,1,1
10253742,0,2,2
10258872,0,6,6
10266422,0,1,1
10312552,0,2,2
10353912,0,1,1
10443052,0,1,1
10574772,0,4,4
10583042,0,16,16
10666062,0,3,3
10715752,0,3,3
10716522,0,6,6
10728802,0,16,16
10790572,0,1,1
10825422,0,19,19
11008752,0,2,2
11055732,0,3,3
11078752,0,1,1
11135942,0,1,1
11231232,0,6,6
11282612,0,18,18
11287362,0,1,1
11346402,0,3,3
11351782,0,1,1
11369392,0,1,1
11371232,0,2,2
11408462,0,3,3
11432052,0,6,6
11486902,0,1,1
11589192,0,2,2
11681482,0,2,2
11686382,0,6,6
11738422,0,1,1
11820822,0,1,1
11938612,0,1,1
11943302,0,20,20
11970082,0,10,10
11990462,0,1,1
12018512,0,2,2
12022872,0,1,1
12043962,0,1,1
12076002,0,3,3
12086482,0,1,1
12133282,0,1,1
12184812,0,2,2
12204772,0,7,7
12300492,0,1,1
12304052,0,1,1
12304792,0,2,2
12307662,0,1,1
12362582,0,2,2
12364172,0,2,2
12372812,0,2,2
12373992,0,1,1
12461412,0,2,2
12474492,0,1,1
12480192,0,2,2
12565522,0,1,1
12567452,0,2,2
12603522,0,1,1
12610912,0,3,3
12638952,0,2,2
12748182,0,7,7
12768112,0,6,6
12774572,0,21,21
12889162,0,2,2
12922452,0,3,3
12967512,0,1,1
12972232,0,1,1
13001322,0,1,1
13018052,0,6,6
13067732,0,2,2
13104842,0,6,6
13136752,0,1,1
13138912,0,1,1
13145012,0,1,1
13165682,0,1,1
13261132,0,2,2
13302452,0,6,6
13330692,0,2,2
13357322,0,2,2
13375622,0,4,4
13441812,0,3,3
13442022,0,1,1
13450272,0,3,3
13459122,0,4,4
13485332,0,2,2
13501922,0,2,2
13560922,0,8,8
13602422,0,7,7
13668082,0,1,1
13749502,0,12,12
13785352,0,26,26
13820672,0,2,2
13854792,0,5,5
13911372,0,1,1
14007912,0,2,2
14054438,0,1,1
14059249,0,1,1
14062169,0,1,1
14062535,0,6,6
14063769,0,27,27
14064086,0,1,1
14067054,0,2,2
14070675,0,2,2
14082141,0,4,4
14090277,0,2,2
14091369,0,3,3
14092654,0,1,1
14096717,0,11,11
14103806,0,2,2
14105981,0,3,3
14124590,0,1,1
14124881,0,1,1
14127070,0,9,9
14129450,0,2,2
14132699,0,1,1
14135230,0,1,1
14136335,0,4,4
14139534,0,1,1
14140265,0,1,1
14142419,0,5,5
14146966,0,100,100
14156277,0,1,1
14157968,0,2,2
14163058,0,1,1
14164991,0,2,2
14166917,0,6,6
14167618,0,6,6
14173930,0,6,6
14176150,0,2,2
14177162,0,1,1
14177433,0,5,5
14190794,0,1,1
14192531,0,2,2
14196068,0,16,16
14197463,0,1,1
14199942,0,2,2
14202804,0,4,4
14203427,0,7,7
14203637,0,1,1
14209777,0,2,2
14211838,0,2,2
14216617,0,6,6
14219176,0,1,1
14222552,0,4,4
14226464,0,3,3
14226811,0,3,3
14241022,0,6,6
14244162,0,2,2
14246502,0,1,1
14251990,0,1,1
14254208,0,2,2
14257677,0,2,2
14266396,0,2,2
14271500,0,2,2
14275203,0,1,1
14275729,0,1,1
14277865,0,1,1
14284130,0,2,2
14284723,0,3,3
14294293,0,1,1
14294848,0,979,979
14312759,0,2,2
14319764,0,1,1
14337341,0,1,1
14338267,0,2,2
14340742,0,1,1
14353697,0,1,1
14353787,0,2,2
14354569,0,2,2
14357472,0,1,1
14359162,0,1,1
14361533,0,4,4
14363793,0,2,2
14364134,0,1,1
14364163,0,1,1
14364646,0,1,1
14367269,0,4,4
14372665,0,2,2
14378614,0,1,1
14380462,0,1,1
14385895,0,3,3
14401607,0,8,8
14412101,0,8,8
14413007,0,1,1
14413110,0,1,1
14413373,0,1,1
14413374,0,1,1
14424995,0,5,5
14430551,0,3,3
14432550,0,2,2
14434699,0,1,1
14434952,0,3,3
14437425,0,1,1
14442153,0,1,1
14444188,0,3,3
14454893,0,1,1
14457638,0,21,21
14477557,0,1,1
14483402,0,6,6
14494263,0,1,1
14498286,0,3,3
14502280,0,1,1
14512493,0,4,4
14515169,0,2,2
14515580,0,2,2
14518376,0,1,1
14527940,0,2,2
14532006,0,1,1
14532728,0,2,2
14533429,0,3,3
14535172,0,3,3
14536406,0,1,1
14536559,0,3,3
14537575,0,1,1
14540264,0,1,1
14545283,0,1,1
14548392,0,4,4
14550673,0,1,1
14562916,0,1,1
14576281,0,1,1
14576932,0,2,2
14577628,0,4,4
14577645,0,3,3
14594657,0,2,2
14597509,0,2,2
14600921,0,3,3
14630261,0,9,9
14631660,0,3,3
14632996,0,1,1
14633560,0,1,1
14641579,0,2,2
14642078,0,2,2
14643778,0,3,3
14667498,0,2,2
14677807,0,2,2
14687553,0,2,2
14696212,0,1,1
14698710,0,1,1
14713723,0,3,3
14715981,0,1,1
14726144,0,1,1
14727193,0,17,17
14731218,0,4,4
14734218,0,1,1
14735482,0,1,1
14736934,0,4,4
14737210,0,164,164
14744851,0,1,1
14745488,0,11,11
14747430,0,3,3
14752366,0,2,2
14759359,0,1,1
14767983,0,4,4
14771078,0,9,9
14777181,0,2,2
14779015,0,1,1
14779228,0,1,1
14779774,0,2,2
14779855,0,8,8
14780308,0,4,4
14782450,0,2,2
14786204,0,1,1
14793105,0,3,3
14797016,0,1,1
14798852,0,22,22
14800312,0,7,7
14808144,0,1,1
14812183,0,1,1
14826248,0,3,3
14831475,0,1,1
14836443,0,1,1
14836648,0,4,4
14843424,0,4,4
14848021,0,1,1
14850319,0,5,5
14853625,0,1,1
14861368,0,1,1
14864641,0,1,1
14883641,0,6,6
14885481,0,1,1
14904968,0,1,1
14908490,0,27,27
14908637,0,1,1
14913623,0,2,2
14916321,0,1,1
14922813,0,1,1
14923996,0,2,2
14924044,0,3,3
14927208,0,1,1
14941764,0,1,1
14951755,0,1,1
14952378,0,2,2
14977335,0,1,1
14982093,0,1,1
14996384,0,2,2
15000228,0,2,2
15010239,0,1,1
15019814,0,1,1
15037555,0,1,1
15039130,0,1,1
15043619,0,2,2
15048846,0,1,1
15051905,0,1,1
15054012,0,1,1
15059180,0,1,1
15061294,0,1,1
15062467,0,3,3
15064663,0,1,1
15067211,0,4,4
15068512,0,4,4
15071017,0,1,1
15074141,0,4,4
15081378,0,5,5
15082486,0,2,2
15084286,0,3,3
15086730,0,6,6
15088214,0,1,1
15094171,0,1,1
15098105,0,4,4
15101424,0,3,3
15103460,0,4,4
15104107,0,12,12
15116888,0,1,1
15121463,0,2,2
15126793,0,1,1
15131462,0,11,11
15138607,0,8,8
15140372,0,3,3
15141865,0,1,1
15153064,0,1,1
15154712,0,2,2
15155752,0,7,7
15161294,0,2,2
15162493,0,3,3
15168946,0,8,8
15169391,0,1,1
15177474,0,11,11
15180382,0,2,2
15182141,0,1,1
15191572,0,1,1
15192732,0,5,5
15199980,0,4,4
15201059,0,6,6
15210554,0,2,2
15211288,0,1,1
15212953,0,11,11
15222569,0,1,1
15232173,0,1,1
15243196,0,8,8
15262886,0,1,1
15268490,0,15,15
15275729,0,19,19
15281879,0,5,5
15298147,0,3,3
15300992,0,3,3
15301830,0,4,4
15328004,0,1,1
15333754,0,1,1
15335778,0,2,2
15335820,0,1,1
15346979,0,3,3
15349954,0,1,1
15361043,0,4,4
15362483,0,2,2
15369008,0,1,1
15370591,0,1,1
15372898,0,1,1
15382292,0,1,1
15382673,0,1,1
15389230,0,2,2
15399171,0,4,4
15400712,0,18,18
15404472,0,9,9
15429432,0,3,3
15441546,0,12,12
15443339,0,6,6
15447076,0,1,1
15448357,0,1,1
15448704,0,1,1
15451089,0,4,4
15468855,0,1,1
15480873,0,1,1
15481845,0,1,1
15483296,0,2,2
15483382,0,2,2
15488968,0,1,1
15489849,0,2,2
15496491,0,6,6
15520948,0,5,5
15526216,0,4,4
15536160,0,2,2
15536472,0,8,8
15561173,0,2,2
15564253,0,6,6
15584619,0,2,2
15585106,0,1,1
15588925,0,2,2
15593519,0,20,20
15600257,0,6,6
15600814,0,1,1
15604930,0,7,7
15613005,0,2,2
15615817,0,2,2
15623425,0,6,6
15642256,0,1,1
15651446,0,1,1
15653402,0,16,16
15656492,0,1,1
15657077,0,1,1
15657734,0,1,1
15658929,0,1,1
15664532,0,3,3
15668001,0,13,13
15669312,0,1,1
15669888,0,1,1
15670824,0,2,2
15672615,0,1,1
15680815,0,3,3
15682811,0,2,2
15684633,0,3,3
15685201,0,17,17
15693162,0,1,1
15693345,0,14,14
15702804,0,1,1
15704847,0,9,9
15704971,0,2,2
15709450,0,5,5
15710384,0,7,7
15712817,0,1,1
15717232,0,8,8
15726214,0,1,1
15755160,0,1,1
15764747,0,1,1
15767534,0,1,1
15772949,0,2,2
15774669,0,3,3
15786332,0,36,36
15789748,0,1,1
15801149,0,9,9
15804065,0,1,1
15806521,0,1,1
15818705,0,3,3
15824708,0,22,22
15828724,0,4,4
15831495,0,2,2
15832457,0,4,4
15840102,0,18,18
15842543,0,4,4
15851563,0,1,1
15852623,0,3,3
15854177,0,18,18
15860156,0,4,4
15862440,0,4,4
15867263,0,3,3
15870246,0,2,2
15871367,0,1,1
15871900,0,11,11
15893507,0,9,9
15898156,0,3,3
15913671,0,2,2
15917909,0,1,1
15922995,0,4,4
15926388,0,2,2
15931066,0,2,2
15931982,0,1,1
15935709,0,1,1
15936205,0,2,2
15948244,0,1,1
15957671,0,2,2
15971588,0,2,2
15972469,0,6,6
15974145,0,1,1
15974600,0,28,28
15975098,0,2,2
15976705,0,11,11
15984561,0,2,2
15988033,0,1,1
15988175,0,1,1
15988487,0,1,1
15988705,0,21,21
15990777,0,5,5
15992943,0,2,2
15993514,0,4,4
15999884,0,5,5
16008571,0,1,1
16024323,0,4,4
16026053,0,71,71
16029178,0,4,4
16035493,0,2,2
16042418,0,2,2
16043843,0,1,1
16045547,0,13,13
16045836,0,2,2
16046979,0,42,42
16058428,0,2,2
16071811,0,15,15
16072058,0,1,1
16073416,0,1,1
16073422,0,1,1
16085441,0,2,2
16085530,0,1,1
16101759,0,8,8
16103642,0,2,2
16104496,0,18,18
16105676,0,1,1
16108005,0,1,1
16108378,0,3,3
16112478,0,67,67
16115105,0,1,1
16116232,0,1,1
16127457,0,1,1
16129360,0,6,6
16134228,0,23,23
16135651,0,1,1
16139470,0,2,2
16153351,0,6,6
16158531,0,2,2
16162970,0,3,3
16164636,0,5,5
16166177,0,1,1
16172866,0,21,21
16176403,0,2,2
16177703,0,3,3
16181037,0,1,1
16189761,0,3,3
16196720,0,3,3
16218167,0,9,9
16224784,0,3,3
16226910,0,8,8
16238605,0,2,2
16246715,0,2,2
16248409,0,5,5
16256668,0,2,2
16257715,0,31,31
16262497,0,1,1
16267552,0,6,6
16272686,0,1,1
16274894,0,16,16
16277225,0,1,1
16279406,0,2,2
16281124,0,3,3
16284750,0,4,4
16296900,0,1,1
16299754,0,5,5
16300538,0,1,1
16301430,0,6,6
16306076,0,1,1
16317580,0,14,14
16317780,0,1,1
16318187,0,2,2
16324499,0,1,1
16326882,0,8,8
16329220,0,1,1
16343134,0,6,6
16350151,0,1,1
16351528,0,1,1
16357664,0,1,1
16360722,0,1,1
16372153,0,1,1
16379932,0,1,1
16383245,0,4,4
16387184,0,7,7
16387605,0,18,18
16388972,0,16,16
16393123,0,1,1
16398559,0,9,9
16403904,0,5,5
16406849,0,1,1
16407824,0,1,1
16407873,0,2,2
16408973,0,2,2
16411223,0,1,1
16418785,0,1,1
16422635,0,2,2
16428166,0,8,8
16436911,0,1,1
16442690,0,2,2
16444936,0,1,1
16446204,0,6,6
16446875,0,1,1
16456789,0,2,2
16458680,0,1,1
16467568,0,1,1
16480335,0,1,1
16486304,0,10,10
16493622,0,2,2
16493714,0,3,3
16499965,0,1,1
16500498,0,12,12
16500801,0,2,2
16511033,0,1,1
16516106,0,1,1
16517141,0,7,7
16518111,0,8,8
16522300,0,1,1
16527825,0,3,3
16531592,0,16,16
16545146,0,1,1
16545526,0,2,2
16548412,0,1,1
16552733,0,2,2
16552862,0,4,4
16564534,0,2,2
16568230,0,2,2
16585645,0,4,4
16590913,0,1,1
16592421,0,5,5
16594832,0,1,1
16594936,0,1,1
16600579,0,1,1
16608508,0,3,3
16609875,0,2,2
16621285,0,3,3
16621829,0,17,17
16623291,0,2,2
16631134,0,1,1
16638708,0,2,2
16641448,0,3,3
16641510,0,1,1
16645064,0,5,5
16651282,0,2,2
16652414,0,1,1
16654758,0,1,1
16669299,0,1,1
16681143,0,2,2
16690213,0,1,1
16694665,0,5,5
16695632,0,9,9
16696478,0,3,3
16698448,0,2,2
16700601,0,40,40
16702815,0,1,1
16723838,0,2,2
16730467,0,1,1
16731449,0,3,3
16742020,0,4,4
16747675,0,2,2
16772586,0,4,4
16782243,0,4,4
16783707,0,2,2
16795235,0,4,4
16797779,0,4,4
16798412,0,1,1
16808582,0,1,1
16818965,0,2,2
16826029,0,2,2
16827757,0,2,2
16837376,0,4,4
16860343,0,10,10
16870891,0,37,37
16879752,0,1,1
16882774,0,107,107
16887543,0,5,5
16888821,0,3,3
16898046,0,2,2
16898232,0,1,1
16899735,0,2,2
16901470,0,1,1
16911853,0,6,6
16915480,0,3,3
16916764,0,1,1
16917299,0,1,1
16919992,0,1,1
16921534,0,1,1
16933936,0,2,2
16940194,0,42,42
16942185,0,6,6
16943041,0,1,1
16946023,0,1,1
16954430,0,5,5
16954577,0,1,1
16955809,0,5,5
16956786,0,1,1
16960335,0,2,2
16963256,0,3,3
16964523,0,1,1
16967028,0,3,3
16972577,0,10,10
16976954,0,3,3
16993698,0,4,4
16996707,0,3,3
16996952,0,3,3
17006674,0,1,1
17021209,0,8,8
17021779,0,5,5
17024593,0,17,17
17033353,0,2,2
17047635,0,2,2
17056285,0,3,3
17057314,0,1,1
17060351,0,2,2
17064545,0,2,2
17066022,0,35,35
17069700,0,2,2
17077317,0,15,15
17079056,0,1,1
17093954,0,8,8
17094596,0,4,4
17104929,0,1,1
17107811,0,11,11
17125426,0,3,3
17136658,0,1,1
17145005,0,3,3
17145512,0,3,3
17146379,0,1,1
17150693,0,4,4
17155731,0,2,2
17164604,0,1,1
17181934,0,1,1
17183749,0,1,1
17187546,0,2,2
17187702,0,1,1
17212842,0,16,16
17216590,0,1,1
17219137,0,3,3
17222116,0,9,9
17222670,0,4,4
17225504,0,3,3
17245079,0,1,1
17265276,0,3,3
17272545,0,1,1
17279558,0,2,2
17295345,0,2,2
17298000,0,1,1
17301682,0,2,2
17301824,0,2,2
17322462,0,2,2
17322849,0,2,2
17326469,0,11,11
17331288,0,2,2
17351954,0,1,1
17354375,0,9,9
17357399,0,2,2
17358211,0,1,1
17358504,0,6,6
17369056,0,2,2
17379899,0,2,2
17392027,0,3,3
17406770,0,2,2
17410007,0,3,3
17412776,0,2,2
17415870,0,2,2
17417121,0,2,2
17429575,0,1,1
17434239,0,1,1
17437733,0,30,30
17448977,0,9,9
17451816,0,2,2
17464064,0,3,3
17471200,0,2,2
17471255,0,2,2
17471358,0,5,5
17476186,0,2,2
17476292,0,2,2
17477711,0,1,1
17479016,0,1,1
17486981,0,6,6
17489611,0,1,1
17498887,0,1,1
17511527,0,1,1
17529824,0,1,1
17546894,0,4,4
17547104,0,4,4
17547817,0,3,3
17550256,0,1,1
17551110,0,2,2
17559700,0,3,3
17567559,0,5,5
17570089,0,3,3
17576619,0,1,1
17580293,0,11,11
17581224,0,1,1
17585017,0,6,6
17586187,0,7,7
17595353,0,3,3
17603784,0,1,1
17607478,0,4,4
17643027,0,5,5
17643615,0,3,3
17645756,0,1,1
17653443,0,1,1
17654192,0,2,2
17666172,0,3,3
17682161,0,2,2
17683586,0,2,2
17691862,0,24,24
17698652,0,6,6
17705915,0,39,39
17709860,0,4,4
17714057,0,11,11
17716516,0,9,9
17730034,0,3,3
17738959,0,1,1
17746708,0,4,4
17747275,0,3,3
17747638,0,5,5
17753226,0,2,2
17757963,0,1,1
17762837,0,1,1
17778644,0,1,1
17782470,0,2,2
17786474,0,1,1
17793844,0,1,1
17794605,0,6,6
17805235,0,3,3
17816685,0,1,1
17820749,0,2,2
17823045,0,3,3
17839239,0,2,2
17845127,0,3,3
17847086,0,1,1
17856218,0,1,1
17872710,0,10,10
17877087,0,5,5
17882795,0,2,2
17895693,0,3,3
17896879,0,6,6
17897389,0,1,1
17905715,0,5,5
17909561,0,3,3
17911080,0,2,2
17916089,0,2,2
17921607,0,2,2
17923196,0,11,11
17929068,0,1,1
17933431,0,1,1
17944931,0,4,4
17951850,0,1,1
17968687,0,1,1
17977092,0,6,6
17978248,0,2,2
17978304,0,4,4
17978963,0,1,1
17979805,0,6,6
17981338,0,1,1
17986456,0,3,3
17987594,0,1,1
17988708,0,1,1
17991281,0,2,2
18010447,0,4,4
18015608,0,2,2
18032006,0,5,5
18032040,0,1,1
18051101,0,1,1
18057356,0,2,2
18058741,0,29,29
18064055,0,5,5
18072205,0,1,1
18074499,0,1,1
18086313,0,3,3
18086368,0,8,8
18093282,0,1,1
18100519,0,3,3
18119359,0,3,3
18121810,0,2,2
18134063,0,11,11
18140708,0,1,1
18144861,0,5,5
18145324,0,6,6
18156005,0,6,6
18175907,0,5,5
18184450,0,1,1
18195357,0,1,1
18200512,0,2,2
18211782,0,1,1
18232521,0,2,2
18238450,0,2,2
18258820,0,1,1
18260467,0,1,1
18261889,0,1,1
18264935,0,1,1
18274456,0,1,1
18280401,0,2,2
18285561,0,1,1
18286717,0,3,3
18288336,0,2,2
18293377,0,2,2
18302115,0,4,4
18324711,0,3,3
18328726,0,5,5
18342009,0,10,10
18363543,0,1,1
18364588,0,2,2
18367959,0,2,2
18375563,0,2,2
18378334,0,3,3
18387024,0,1,1
18397335,0,1,1
18409794,0,1,1
18429289,0,7,7
18430758,0,2,2
18436057,0,4,4
18436213,0,1,1
18437183,0,1,1
18451956,0,2,2
18452876,0,2,2
18462371,0,1,1
18472143,0,1,1
18472161,0,4,4
18476076,0,1,1
18479943,0,1,1
18484341,0,9,9
18487586,0,6,6
18489365,0,2,2
18489766,0,6,6
18495044,0,3,3
18507650,0,1,1
18511698,0,2,2
18519992,0,3,3
18533091,0,1,1
18539075,0,1,1
18559922,0,2,2
18560780,0,1,1
18566028,0,2,2
18566285,0,12,12
18573072,0,2,2
18583721,0,1,1
18584536,0,1,1
18587888,0,1,1
18597764,0,4,4
18598852,0,3,3
18600956,0,4,4
18616364,0,9,9
18641574,0,1,1
18646159,0,4,4
18649426,0,3,3
18661836,0,3,3
18674990,0,1,1
18676858,0,1,1
18684996,0,2,2
18702315,0,4,4
18705448,0,2,2
18710547,0,1,1
18714488,0,2,2
18727419,0,2,2
18732909,0,1,1
18735583,0,2,2
18740848,0,1,1
18745020,0,6,6
18746292,0,3,3
18754460,0,5,5
18779734,0,1,1
18787852,0,1,1
18789008,0,6,6
18789578,0,2,2
18791240,0,1,1
18810115,0,1,1
18817507,0,4,4
18822640,0,1,1
18839352,0,2,2
18841910,0,2,2
18849048,0,3,3
18849553,0,6,6
18864012,0,1,1
18880594,0,4,4
18892523,0,23,23
18894052,0,1,1
18899271,0,3,3
18903971,0,13,13
18909572,0,1,1
18928273,0,3,3
18950476,0,3,3
18956189,0,2,2
18964036,0,7,7
18992844,0,1,1
19007610,0,1,1
19007986,0,1,1
19013775,0,2,2
19034924,0,6,6
19045427,0,2,2
19055089,0,1,1
19071113,0,10,10
19084347,0,5,5
19086456,0,3,3
19087575,0,5,5
19108380,0,1,1
19109201,0,11,11
19114548,0,2,2
19122063,0,1,1
19125212,0,30,30
19138876,0,1,1
19140661,0,7,7
19140677,0,2,2
19150001,0,1,1
19177530,0,2,2
19178087,0,1,1
19178835,0,7,7
19183720,0,1,1
19199709,0,1,1
19203328,0,1,1
19211292,0,2,2
19237315,0,1,1
19238203,0,1,1
19258527,0,4,4
19258731,0,3,3
19261510,0,1,1
19264353,0,1,1
19286762,0,6,6
19300729,0,14,14
19308741,0,3,3
19319085,0,11,11
19319700,0,1,1
19329149,0,6,6
19351219,0,1,1
19351731,0,2,2
19360844,0,19,19
19376273,0,3,3
19386685,0,3,3
19405138,0,2,2
19409079,0,3,3
19412782,0,4,4
19415027,0,5,5
19415237,0,1,1
19417982,0,2,2
19422480,0,9,9
19423611,0,7,7
19430190,0,2,2
19445298,0,1,1
19448259,0,1,1
19460606,0,26,26
19473367,0,11,11
19486154,0,1,1
19488345,0,1,1
19505302,0,4,4
19510817,0,1,1
19524093,0,1,1
19529210,0,2,2
19543924,0,2,2
19563661,0,3,3
19578265,0,1,1
19578518,0,3,3
19582160,0,1,1
19591851,0,1,1
19594449,0,5,5
19600791,0,3,3
19624523,0,1,1
19640038,0,4,4
19641368,0,1,1
19644351,0,1,1
19655963,0,2,2
19657809,0,8,8
19658252,0,3,3
19674749,0,2,2
19675718,0,4,4
19678822,0,2,2
19682036,0,10,10
19682866,0,9,9
19690054,0,1,1
19694970,0,1,1
19697026,0,4,4
19697117,0,1,1
19720427,0,2,2
19729649,0,1,1
19736842,0,1,1
19740455,0,1,1
19745636,0,1,1
19767495,0,1,1
19781066,0,10,10
19790320,0,4,4
19791829,0,11,11
19802062,0,1,1
19806605,0,4,4
19815846,0,15,15
19821359,0,2,2
19833918,0,2,2
19845761,0,9,9
19847765,0,12,12
19847968,0,1,1
19848158,0,5,5
19855432,0,2,2
19865053,0,42,42
19866276,0,3,3
19870490,0,9,9
19875354,0,2,2
19876355,0,6,6
19887558,0,2,2
19895033,0,9,9
19899325,0,5,5
19915594,0,4,4
19926039,0,1,1
19929749,0,1,1
19936626,0,1,1
19940669,0,1,1
19947333,0,1,1
19953159,0,2,2
19955369,0,1,1
19956297,0,1,1
19958280,0,2,2
19979201,0,1,1
19979607,0,1,1
19979730,0,13,13
19996935,0,2,2
19999245,0,1,1
19999291,0,1,1
20005332,0,2,2
20032587,0,2,2
20066561,0,3,3
20069281,0,1,1
20080350,0,1,1
20110507,0,3,3
20141029,0,3,3
20166813,0,1,1
20167716,0,8,8
20189273,0,3,3
20202524,0,2,2
20203932,0,2,2
20215876,0,2,2
20219709,0,3,3
20233071,0,4,4
20245484,0,1,1
20250199,0,1,1
20251162,0,9,9
20255778,0,1,1
20272379,0,6,6
20289620,0,1,1
20289960,0,15,15
20333840,0,1,1
20346756,0,1,1
20352354,0,3,3
20377866,0,2,2
20386888,0,28,28
20387772,0,4,4
20409372,0,3,3
20410387,0,1,1
20439615,0,14,14
20440597,0,4,4
20463683,0,4,4
20464191,0,1,1
20471141,0,1,1
20477268,0,1,1
20478516,0,13,13
20479405,0,9,9
20485632,0,1,1
20485757,0,5,5
20491536,0,4,4
20495355,0,2,2
20515615,0,1,1
20516951,0,3,3
20518207,0,3,3
20523212,0,1,1
20524840,0,1,1
20530685,0,1,1
20531877,0,1,1
20536785,0,1,1
20548072,0,2,2
20550804,0,7,7
20552970,0,3,3
20560162,0,158,158
20571597,0,2,2
20574041,0,1,1
20601430,0,3,3
20610385,0,2,2
20620902,0,1,1
20630099,0,2,2
20637408,0,1,1
20640337,0,2,2
20649037,0,9,9
20654459,0,3,3
20655220,0,4,4
20661344,0,1,1
20661576,0,1,1
20679740,0,2,2
20699291,0,8,8
20701760,0,23,23
20718840,0,1,1
20721841,0,1,1
20723132,0,2,2
20729667,0,11,11
20739857,0,2,2
20770869,0,1,1
20774201,0,9,9
20792894,0,2,2
20793020,0,11,11
20793542,0,1,1
20795689,0,2,2
20815437,0,1,1
20828625,0,17,17
20830019,0,11,11
20836305,0,8,8
20845686,0,1,1
20850684,0,2,2
20850965,0,37,37
20879936,0,11,11
20882602,0,1,1
20897174,0,2,2
20902305,0,3,3
20926151,0,3,3
20946303,0,25,25
20947178,0,2,2
20954165,0,1,1
20963966,0,11,11
20965593,0,1,1
20969633,0,1,1
21003892,0,2,2
21013730,0,1,1
21020683,0,2,2
21028990,0,1,1
21031657,0,1,1
21032212,0,2,2
21032360,0,2,2
21041547,0,1,1
21053529,0,2,2
21054246,0,1,1
21087916,0,9,9
21095241,0,3,3
21123706,0,1,1
21132805,0,4,4
21135396,0,1,1
21135629,0,1,1
21145221,0,1,1
21147725,0,2,2
21156421,0,2,2
21163227,0,6,6
21166533,0,1,1
21166905,0,1,1
21188943,0,1,1
21192204,0,1,1
21198263,0,2,2
21205716,0,3,3
21218783,0,37,37
21240584,0,1,1
21247171,0,1,1
21260922,0,1,1
21264846,0,3,3
21268856,0,7,7
21297925,0,3,3
21349738,0,1,1
21351834,0,1,1
21376193,0,1,1
21377758,0,1,1
21381136,0,3,3
21383663,0,1,1
21404454,0,1,1
21408103,0,1,1
21420450,0,2,2
21422521,0,1,1
21428509,0,1,1
21461995,0,24,24
21462959,0,4,4
21463697,0,1,1
21465819,0,4,4
21484638,0,1,1
21491300,0,1,1
21515971,0,1,1
21519438,0,12,12
21540776,0,18,18
21567782,0,2,2
21573120,0,2,2
21577419,0,1,1
21590456,0,5,5
21600723,0,1,1
21632846,0,8,8
21669322,0,2,2
21681156,0,3,3
21683337,0,4,4
21685299,0,2,2
21700732,0,10,10
21700839,0,1,1
21703422,0,1,1
21706972,0,3,3
21710115,0,2,2
21719250,0,7,7
21721475,0,12,12
21723927,0,5,5
21735705,0,1,1
21750185,0,6,6
21751985,0,2,2
21765531,0,1,1
21768766,0,2,2
21771814,0,2,2
21792720,0,1,1
21795125,0,2,2
21815953,0,2,2
21818146,0,11,11
21838500,0,1,1
21844323,0,1,1
21844523,0,2,2
21868440,0,1,1
21876034,0,19,19
21878026,0,8,8
21878140,0,1,1
21888595,0,5,5
21889384,0,1,1
21892048,0,21,21
21898197,0,3,3
21907044,0,1,1
21920803,0,5,5
21926404,0,1,1
21934122,0,5,5
21934966,0,1,1
21937574,0,2,2
21956112,0,6,6
21958478,0,19,19
21958972,0,1,1
21968079,0,1,1
21980816,0,50,50
21990440,0,3,3
22006170,0,1,1
22023880,0,1,1
22029715,0,3,3
22042824,0,2,2
22055322,0,1,1
22059063,0,1,1
22065467,0,1,1
22072382,0,5,5
22074782,0,1,1
22096467,0,15,15
22098556,0,2,2
22111035,0,1,1
22113969,0,7,7
22131945,0,12,12
22156208,0,1,1
22170210,0,1,1
22177694,0,2,2
22181755,0,14,14
22186925,0,1,1
22202816,0,6,6
22208495,0,3,3
22213551,0,1,1
22226817,0,1,1
22232391,0,4,4
22270402,0,4,4
22281305,0,2,2
22299050,0,4,4
22299898,0,2,2
22300778,0,1,1
22303691,0,2,2
22304344,0,1,1
22313881,0,3,3
22366465,0,15,15
22376117,0,4,4
22379289,0,5,5
22384448,0,2,2
22417275,0,3,3
22437730,0,2,2
22437905,0,2,2
22461621,0,1,1
22497066,0,13,13
22499614,0,4,4
22511812,0,4,4
22513204,0,1,1
22518663,0,1,1
22521136,0,1,1
22525974,0,4,4
22526086,0,6,6
22541321,0,1,1
22542085,0,1,1
22545905,0,5,5
22547173,0,48,48
22552031,0,3,3
22559832,0,2,2
22576889,0,1,1
22581293,0,1,1
22581352,0,1,1
22589807,0,5,5
22630531,0,1,1
22631720,0,2,2
22640893,0,2,2
22641668,0,2,2
22650398,0,1,1
22694600,0,2,2
22698681,0,13,13
22701077,0,11,11
22705346,0,3,3
22707022,0,2,2
22722437,0,1,1
22735631,0,1,1
22738185,0,4,4
22744842,0,2,2
22749718,0,4,4
22750239,0,1,1
22751215,0,3,3
22769313,0,2,2
22795440,0,3,3
22795531,0,1,1
22812113,0,3,3
22820415,0,1,1
22844276,0,1,1
22859238,0,2,2
22861044,0,5,5
22862454,0,1,1
22866294,0,9,9
22866506,0,5,5
22881265,0,2,2
22903607,0,1,1
22903692,0,4,4
22908753,0,5,5
22913404,0,1,1
22936611,0,2,2
22959044,0,5,5
22961612,0,1,1
22970630,0,34,34
22981298,0,7,7
22981314,0,1,1
22981339,0,4,4
22991479,0,2,2
23014499,0,1,1
23037314,0,1,1
23037715,0,3,3
23049163,0,2,2
23059262,0,18,18
23069037,0,1,1
23091937,0,6,6
23105491,0,1,1
23128483,0,2,2
23146370,0,13,13
23156165,0,4,4
23166443,0,1,1
23170745,0,14,14
23170897,0,1,1
23172197,0,3,3
23177505,0,3,3
23186390,0,4,4
23202193,0,9,9
23224588,0,21,21
23241717,0,8,8
23245909,0,5,5
23285586,0,3,3
23286440,0,1,1
23313324,0,1,1
23330304,0,6,6
23352131,0,1,1
23353857,0,9,9
23359843,0,2,2
23366391,0,1,1
23398898,0,24,24
23431675,0,1,1
23438841,0,5,5
23442490,0,2,2
23461156,0,3,3
23462386,0,1,1
23489056,0,1,1
23492179,0,1,1
23492435,0,1,1
23515090,0,22,22
23527142,0,4,4
23534104,0,9,9
23555705,0,1,1
23568317,0,1,1
23588705,0,1,1
23590450,0,2,2
23596707,0,1,1
23605220,0,1,1
23619639,0,6,6
23621187,0,6,6
23623740,0,1,1
23637934,0,2,2
23648196,0,1,1
23669141,0,1,1
23710518,0,11,11
23730438,0,8,8
23748517,0,1,1
23750329,0,1,1
23755637,0,8,8
23765635,0,1,1
23788555,0,2,2
23791816,0,1,1
23809346,0,8,8
23832075,0,1,1
23832539,0,1,1
23845232,0,1,1
23846845,0,3,3
23866108,0,3,3
23866483,0,1,1
23873268,0,4,4
23880482,0,5,5
23885879,0,2,2
23888634,0,18,18
23903712,0,1,1
23912322,0,2,2
23947136,0,1,1
23948464,0,2,2
23963470,0,57,57
23964907,0,2,2
23966894,0,19,19
23993507,0,1,1
24045916,0,1,1
24085266,0,2,2
24194209,0,3,3
24199104,0,1,1
24203273,0,1,1
24223162,0,4,4
24223299,0,1,1
24237231,0,1,1
24242626,0,1,1
24249547,0,8,8
24258888,0,2,2
24297313,0,1,1
24307391,0,1,1
24310450,0,11,11
24311911,0,4,4
24371480,0,1,1
24374936,0,1,1
24385027,0,1,1
24385554,0,4,4
24402513,0,3,3
24450922,0,5,5
24485178,0,2,2
24486519,0,3,3
24528742,0,1,1
24529169,0,15,15
24531772,0,27,27
24540958,0,4,4
24547879,0,7,7
24550274,0,1,1
24561858,0,2,2
24609812,0,6,6
24621574,0,2,2
24628587,0,1,1
24646153,0,2,2
24682255,0,6,6
24697879,0,1,1
24703133,0,5,5
24705738,0,1,1
24728121,0,1,1
24757092,0,5,5
24758900,0,4,4
24776747,0,2,2
24793496,0,2,2
24808285,0,1,1
24815078,0,3,3
24817808,0,1,1
24818913,0,4,4
24819870,0,2,2
24850085,0,3,3
24859618,0,1,1
24874258,0,2,2
24879112,0,1,1
24887024,0,1,1
24919403,0,2,2
24926280,0,1,1
24928601,0,2,2
24953628,0,1,1
24955120,0,7,7
24978626,0,5,5
24979322,0,12,12
24985025,0,1,1
24993262,0,6,6
25062344,0,1,1
25082129,0,2,2
25104799,0,4,4
25124134,0,1,1
25125328,0,2,2
25150354,0,2,2
25160944,0,1,1
25162352,0,1,1
25174478,0,7,7
25221094,0,2,2
25254052,0,1,1
25262502,0,4,4
25282365,0,6,6
25299494,0,2,2
25312165,0,2,2
25337798,0,5,5
25343810,0,5,5
25364125,0,18,18
25374757,0,1,1
25391486,0,1,1
25400316,0,2,2
25404850,0,1,1
25414742,0,1,1
25442184,0,2,2
25461857,0,26,26
25468549,0,2,2
25486361,0,1,1
25539918,0,5,5
25545221,0,1,1
25569257,0,3,3
25579723,0,2,2
25587760,0,1,1
25611518,0,27,27
25616311,0,1,1
25619736,0,1,1
25639879,0,1,1
25684077,0,2,2
25685463,0,1,1
25693286,0,1,1
25709773,0,2,2
25714622,0,3,3
25740290,0,1,1
25740711,0,2,2
25747559,0,2,2
25763311,0,2,2
25763378,0,3,3
25770064,0,3,3
25773075,0,2,2
25773996,0,2,2
25782629,0,1,1
25788893,0,1,1
25824753,0,1,1
25850486,0,1,1
25860361,0,37,37
25860698,0,4,4
25863688,0,3,3
25889787,0,3,3
25895901,0,2,2
25903208,0,3,3
25904310,0,2,2
25917423,0,2,2
25940033,0,1,1
25953084,0,1,1
25978286,0,1,1
25980535,0,3,3
26026656,0,4,4
26042976,0,1,1
26049003,0,2,2
26104371,0,1,1
26113090,0,2,2
26126125,0,5,5
26138161,0,7,7
26143810,0,1,1
26164692,0,1,1
26204388,0,1,1
26221847,0,1,1
26231032,0,1,1
26237341,0,2,2
26238239,0,2,2
26239948,0,1,1
26253762,0,2,2
26267611,0,1,1
26277534,0,2,2
26283307,0,3,3
26327202,0,2,2
26327958,0,2,2
26347878,0,1,1
26349393,0,1,1
26532618,0,1,1
26540446,0,1,1
26547663,0,3,3
26551101,0,45,45
26645586,0,1,1
26671889,0,2,2
26679623,0,1,1
26688890,0,3,3
26729376,0,65,65
26787759,0,2,2
26790235,0,5,5
26825373,0,1,1
26842131,0,1,1
26882856,0,3,3
26891142,0,2,2
26902179,0,7,7
26906714,0,3,3
26956310,0,1,1
26959248,0,3,3
26967782,0,4,4
26976841,0,1,1
26991981,0,2,2
27000897,0,5,5
27018768,0,5,5
27049388,0,3,3
27052147,0,2,2
27139651,0,1,1
27144439,0,1,1
27160295,0,1,1
27173437,0,8,8
27178022,0,3,3
27214428,0,1,1
27234566,0,2,2
27361140,0,1,1
27367284,0,3,3
27383436,0,1,1
27421330,0,10,10
27425192,0,1,1
27441257,0,1,1
27443378,0,2,2
27459698,0,3,3
27464152,0,2,2
27487492,0,1,1
27564324,0,8,8
27581621,0,1,1
27582180,0,1,1
27598687,0,4,4
27626404,0,9,9
27648781,0,3,3
27657060,0,3,3
27657758,0,5,5
27717086,0,3,3
27740025,0,1,1
27774340,0,3,3
27786861,0,1,1
27799066,0,9,9
27857112,0,8,8
27887250,0,1,1
27925721,0,24,24
27965540,0,1,1
27966518,0,2,2
27967626,0,3,3
27968111,0,1,1
28020720,0,7,7
28044762,0,39,39
28106400,0,4,4
28114429,0,1,1
28200904,0,1,1
28201434,0,12,12
28260470,0,2,2
28278197,0,1,1
28279637,0,5,5
28305423,0,2,2
28316293,0,1,1
28378449,0,3,3
28433099,0,32,32
28473230,0,3,3
28497384,0,2,2
28519022,0,9,9
28523774,0,1,1
28557030,0,3,3
28565349,0,2,2
28571727,0,4,4
28585760,0,70,70
28595233,0,1,1
28623127,0,14,14
28643290,0,37,37
28669584,0,5,5
28685917,0,5,5
28695739,0,1,1
28698164,0,2,2
28708146,0,2,2
28725754,0,2,2
28765538,0,1,1
28798907,0,1,1
28802863,0,1,1
28835144,0,1,1
28852178,0,2,2
28874353,0,1,1
28888486,0,2,2
28905975,0,1,1
28952582,0,5,5
28979744,0,1,1
28983178,0,1,1
28994820,0,1,1
29001123,0,2,2
29014651,0,6,6
29030259,0,2,2
29046026,0,1,1
29107537,0,1,1
29130467,0,1,1
29132977,0,4,4
29143696,0,1,1
29151288,0,1,1
29165103,0,3,3
29168961,0,1,1
29170793,0,4,4
29173966,0,1,1
29179990,0,1,1
29219101,0,3,3
29219996,0,3,3
29227577,0,1,1
29243009,0,1,1
29244379,0,4,4
29244804,0,1,1
29244896,0,2,2
29245432,0,2,2
29270193,0,1,1
29296992,0,6,6
29303902,0,9,9
29367753,0,1,1
29369471,0,42,42
29372998,0,6,6
29403670,0,2,2
29417304,0,9,9
29459695,0,2,2
29476754,0,17,17
29481386,0,2,2
29507360,0,2,2
29523359,0,2,2
29535867,0,21,21
29543286,0,4,4
29547150,0,4,4
29574846,0,4,4
29585629,0,1,1
29591763,0,3,3
29591932,0,2,2
29656377,0,4,4
29657994,0,6,6
29685681,0,1,1
29746928,0,1,1
29765847,0,5,5
29800030,0,4,4
29809947,0,2,2
29825845,0,1,1
29844206,0,1,1
29866683,0,2,2
29881809,0,1,1
29893765,0,10,10
29901928,0,8,8
29903616,0,4,4
29904766,0,16,16
29993833,0,3,3
30002309,0,1,1
30033829,0,1,1
30046529,0,1,1
30050923,0,3,3
30053900,0,6,6
30057256,0,1,1
30063002,0,1,1
30120437,0,1,1
30141611,0,10,10
30145123,0,2,2
30158766,0,2,2
30176290,0,2,2
30181506,0,2,2
30211557,0,21,21
30282179,0,2,2
30288543,0,3,3
30295849,0,2,2
30300411,0,3,3
30351159,0,1,1
30372112,0,2,2
30463230,0,1,1
30478164,0,2,2
30534477,0,3,3
30540481,0,2,2
30549386,0,1,1
30627120,0,1,1
30637215,0,7,7
30652589,0,2,2
30674842,0,1,1
30697211,0,1,1
30712610,0,8,8
30754682,0,3,3
30759478,0,1,1
30761484,0,3,3
30789070,0,1,1
30800554,0,31,31
30804485,0,1,1
30810569,0,1,1
30869623,0,1,1
30874031,0,1,1
30917546,0,1,1
30923275,0,2,2
30935287,0,1,1
30949644,0,1,1
30977076,0,7,7
30989984,0,1,1
30994160,0,1,1
31034167,0,1,1
31058145,0,3,3
31067783,0,2,2
31104911,0,15,15
31107174,0,1,1
31149258,0,18,18
31159005,0,3,3
31250272,0,8,8
31252101,0,1,1
31293166,0,10,10
31324555,0,2,2
31354975,0,2,2
31355336,0,4,4
31357734,0,13,13
31434743,0,1,1
31435460,0,2,2
31455763,0,1,1
31494956,0,1,1
31505057,0,9,9
31510059,0,27,27
31546843,0,66,66
31552610,0,5,5
31566394,0,1,1
31571993,0,1,1
31586872,0,1,1
31588117,0,1,1
31588997,0,3,3
31665616,0,2,2
31676696,0,1,1
31688581,0,2,2
31906197,0,2,2
31946025,0,2,2
32038447,0,1,1
32068208,0,4,4
32106250,0,13,13
32137483,0,1,1
32181749,0,2,2
32186556,0,2,2
32262550,0,4,4
32275270,0,2,2
32279999,0,1,1
32287967,0,23,23
32295723,0,2,2
32312980,0,7,7
32313151,0,3,3
32323843,0,2,2
32384212,0,1,1
32401274,0,1,1
32423055,0,5,5
32446433,0,17,17
32458767,0,33,33
32474449,0,7,7
32498985,0,2,2
32501772,0,1,1
32547856,0,1,1
32577421,0,2,2
32586723,0,7,7
32588925,0,1,1
32638987,0,29,29
32673717,0,7,7
32701042,0,4,4
32783081,0,3,3
32783596,0,9,9
32803601,0,1,1
32804797,0,1,1
32804899,0,8,8
32834951,0,2,2
32883785,0,1,1
32888617,0,1,1
32889563,0,1,1
32896691,0,3,3
32903277,0,5,5
32915151,0,2,2
32921599,0,1,1
32930313,0,2,2
32980183,0,1,1
33015699,0,6,6
33028373,0,3,3
33083331,0,1,1
33108674,0,1,1
33110012,0,1,1
33122704,0,3,3
33178426,0,1,1
33195291,0,4,4
33198437,0,2,2
33254394,0,1,1
33261250,0,1,1
33309106,0,1,1
33313071,0,1,1
33340338,0,21,21
33373190,0,22,22
33376100,0,11,11
33377290,0,5,5
33386818,0,3,3
33405866,0,4,4
33427412,0,47,47
33449278,0,3,3
33473168,0,1,1
33473521,0,1,1
33490690,0,1,1
33515703,0,5,5
33530715,0,1,1
33574145,0,1,1
33603606,0,1,1
33603688,0,1,1
33609160,0,1,1
33619411,0,2,2
33718011,0,1,1
33787443,0,12,12
33818696,0,1,1
33846113,0,3,3
33886558,0,2,2
33905768,0,100,100
33918460,0,1,1
33920036,0,8,8
33923173,0,2,2
33935486,0,1,1
33946848,0,63,63
33951834,0,8,8
33953838,0,2,2
34006627,0,2,2
34015252,0,1,1
34025505,0,2,2
34062694,0,2,2
34067450,0,1,1
34089556,0,4,4
34100099,0,1,1
34107142,0,1,1
34154345,0,2,2
34182669,0,2,2
34228170,0,2,2
34250911,0,7,7
34258618,0,63,63
34386455,0,1,1
34428385,0,1,1
34434351,0,1,1
34497954,0,3,3
34523502,0,1,1
34532322,0,1,1
34559997,0,1,1
34560090,0,1,1
34574063,0,12,12
34608031,0,1,1
34675615,0,6,6
34692284,0,1,1
34694882,0,12,12
34708778,0,1,1
34734257,0,1,1
34743340,0,3,3
34749900,0,1,1
34767220,0,2,2
34770539,0,9,9
34778283,0,1,1
34783507,0,7,7
34794686,0,2,2
34824993,0,3,3
34830713,0,1,1
34869709,0,1,1
34913149,0,2,2
34957804,0,3,3
34974828,0,1,1
35003066,0,4,4
35020251,0,2,2
35039244,0,2,2
35060705,0,1,1
35074524,0,1,1
35083353,0,1,1
35084286,0,2,2
35091562,0,2,2
35127822,0,1,1
35160132,0,2,2
35187516,0,18,18
35258851,0,1,1
35279263,0,1,1
35291559,0,2,2
35292598,0,3,3
35385802,0,2,2
35403128,0,2,2
35494424,0,2,2
35514031,0,2,2
35517725,0,2,2
35545423,0,1,1
35555681,0,1,1
35587389,0,3,3
35598437,0,2,2
35680250,0,6,6
35688050,0,1,1
35690915,0,3,3
35731120,0,1,1
35744523,0,1,1
35778900,0,1,1
35820509,0,2,2
35827291,0,1,1
35836553,0,3,3
35848354,0,4,4
35862130,0,1,1
35864796,0,10,10
35879046,0,1,1
35885625,0,2,2
35890826,0,1,1
35935666,0,15,15
35949424,0,2,2
35967829,0,3,3
35982022,0,5,5
36130896,0,2,2
36174505,0,6,6
36177390,0,8,8
36187473,0,2,2
36261129,0,1,1
36267484,0,1,1
36312839,0,32,32
36322165,0,1,1
36459720,0,5,5
36495193,0,1,1
36512688,0,1,1
36514716,0,1,1
36524173,0,1,1
36551220,0,1,1
36582768,0,8,8
36590320,0,3,3
36594272,0,6,6
36604707,0,16,16
36640869,0,20,20
36659863,0,1,1
36690250,0,2,2
36716079,0,1,1
36735587,0,1,1
36735927,0,10,10
36754239,0,4,4
36755965,0,2,2
36769296,0,1,1
36802500,0,9,9
36816543,0,2,2
36838039,0,1,1
36842122,0,111,111
36866250,0,13,13
36867249,0,1,1
36879143,0,1,1
36941912,0,1,1
36962479,0,1,1
36965525,0,2,2
36996896,0,1,1
37004342,0,1,1
37118354,0,1,1
37146916,0,1,1
37181084,0,1,1
37195103,0,38,38
37207900,0,8,8
37210799,0,20,20
37267442,0,1,1
37270925,0,1,1
37281592,0,2,2
37290928,0,3,3
37294465,0,1,1
37300565,0,2,2
37338275,0,1,1
37418665,0,3,3
37454135,0,2,2
37488954,0,1,1
37490933,0,1,1
37530246,0,11,11
37557705,0,1,1
37565621,0,2,2
37590113,0,2,2
37591504,0,9,9
37593209,0,1,1
37596921,0,2,2
37730925,0,3,3
37780604,0,1,1
37792395,0,1,1
37792898,0,9,9
37924398,0,1,1
37960310,0,1,1
37971210,0,1,1
37975764,0,8,8
37997708,0,2,2
38063450,0,2,2
38105064,0,1,1
38122506,0,1,1
38171002,0,2,2
38189413,0,2,2
38209344,0,6,6
38266792,0,1,1
38282454,0,2,2
38332219,0,1,1
38344723,0,1,1
38347043,0,2,2
38396998,0,2,2
38415778,0,1,1
38419665,0,1,1
38481051,0,3,3
38502667,0,6,6
38514525,0,1,1
38515960,0,3,3
38589334,0,2,2
38602059,0,2,2
38621903,0,1,1
38686111,0,1,1
38731401,0,8,8
38868552,0,53,53
38874992,0,1,1
38879572,0,3,3
38959260,0,1,1
39017827,0,2,2
39157108,0,2,2
39209049,0,18,18
39242668,0,2,2
39267407,0,1,1
39275870,0,1,1
39296373,0,4,4
39302631,0,1,1
39311215,0,1,1
39359965,0,2,2
39364684,0,1,1
39369316,0,3,3
39373842,0,1,1
39425192,0,1,1
39443713,0,4,4
39509756,0,3,3
39528017,0,1,1
39627413,0,6,6
39629536,0,7,7
39653167,0,1,1
39697142,0,4,4
39824476,0,2,2
39860760,0,3,3
39960190,0,1,1
39988489,0,6,6
40066217,0,2,2
40068850,0,1,1
40128603,0,2,2
40147211,0,1,1
40153378,0,2,2
40179220,0,2,2
40197478,0,1,1
40337169,0,2,2
40373736,0,1,1
40388991,0,3,3
40398632,0,1,1
40408827,0,3,3
40410002,0,2,2
40416272,0,2,2
40417225,0,1,1
40421167,0,3,3
40460855,0,2,2
40473705,0,2,2
40486127,0,2,2
40509228,0,3,3
40533852,0,2,2
40569692,0,6,6
40576669,0,1,1
40607517,0,1,1
40684090,0,5,5
40696231,0,1,1
40733881,0,1,1
40766413,0,1,1
40788968,0,9,9
40875530,0,4,4
40957057,0,3,3
41037605,0,2,2
41047752,0,1,1
41054194,0,2,2
41109264,0,3,3
41117987,0,2,2
41185190,0,2,2
41187603,0,12,12
41249283,0,1,1
41391615,0,8,8
41422152,0,1,1
41438567,0,3,3
41477732,0,1,1
41492978,0,1,1
41542553,0,1,1
41687358,0,1,1
41827717,0,1,1
41839575,0,4,4
41859001,0,5,5
41866286,0,1,1
41896037,0,1,1
41937954,0,1,1
41949320,0,2,2
42001335,0,2,2
42093826,0,2,2
42141126,0,2,2
42152504,0,1,1
42200093,0,1,1
42299331,0,4,4
42302279,0,1,1
42429027,0,6,6
42437848,0,1,1
42446941,0,1,1
42504904,0,2,2
42556560,0,70,70
42560944,0,2,2
42571265,0,24,24
42605790,0,4,4
42611283,0,1,1
42670860,0,16,16
42706436,0,1,1
42740235,0,4,4
42787592,0,2,2
42797629,0,3,3
42815058,0,1,1
42921585,0,2,2
42928402,0,1,1
42941739,0,1,1
42959251,0,3,3
42961882,0,2,2
43029474,0,7,7
43034700,0,1,1
43050954,0,2,2
43079271,0,1,1
43105008,0,2,2
43111668,0,1,1
43137793,0,2,2
43159178,0,3,3
43161023,0,19,19
43180237,0,4,4
43227329,0,8,8
43266897,0,1,1
43273981,0,5,5
43337375,0,2,2
43342399,0,4,4
43385043,0,1,1
43441847,0,1,1
43480094,0,2,2
43522569,0,1,1
43528640,0,2,2
43587597,0,1,1
43625020,0,3,3
43679377,0,1,1
43730177,0,1,1
43775727,0,2,2
43852709,0,2,2
43920589,0,3,3
43922518,0,1,1
44004676,0,4,4
44013927,0,1,1
44048443,0,1,1
44073113,0,1,1
44103350,0,1,1
44117760,0,3,3
44153291,0,9,9
44175496,0,55,55
44218738,0,1,1
44236811,0,1,1
44238890,0,2,2
44255401,0,70,70
44267251,0,1,1
44273445,0,2,2
44281505,0,2,2
44396674,0,3,3
44399761,0,1,1
44403551,0,4,4
44421258,0,4,4
44439678,0,3,3
44449864,0,1,1
44519758,0,1,1
44521640,0,1,1
44545341,0,1,1
44632544,0,6,6
44646037,0,1,1
44667474,0,1,1
44679505,0,2,2
44710950,0,3,3
44750032,0,1,1
44766231,0,2,2
44766794,0,1,1
44766924,0,1,1
44775194,0,1,1
44806772,0,3,3
44815537,0,2,2
44855751,0,3,3
44996163,0,8,8
45046195,0,1,1
45048643,0,2,2
45070194,0,19,19
45169525,0,1,1
45176638,0,16,16
45189631,0,8,8
45214513,0,34,34
45229893,0,1,1
45290623,0,2,2
45316876,0,1,1
45360874,0,3,3
45406850,0,8,8
45413198,0,3,3
45450506,0,1,1
45456254,0,2,2
45469134,0,2,2
45490102,0,4,4
45495762,0,19,19
45496456,0,1,1
45497796,0,1,1
45509401,0,2,2
45527036,0,1,1
45573240,0,3,3
45583496,0,1,1
45584867,0,1,1
45601285,0,1,1
45612187,0,13,13
45636117,0,1,1
45637758,0,5,5
45663454,0,1,1
45668374,0,7,7
45737965,0,1,1
45739296,0,1,1
45786278,0,1,1
45963965,0,24,24
45966035,0,3,3
45967689,0,2,2
45968971,0,1,1
46004610,0,3,3
46059718,0,2,2
46070295,0,2,2
46095678,0,1,1
46175999,0,4,4
46212760,0,1,1
46234545,0,10,10
46262637,0,2,2
46330725,0,2,2
46390798,0,1,1
46454957,0,2,2
46481128,0,11,11
46505400,0,4,4
46513673,0,2,2
46533647,0,3,3
46583723,0,2,2
46592142,0,1,1
46592248,0,1,1
46633807,0,1,1
46675832,0,1,1
46737907,0,14,14
46742361,0,1,1
46753898,0,1,1
46766835,0,1,1
46805788,0,1,1
46850133,0,1,1
46898251,0,1,1
46898626,0,1,1
46965458,0,6,6
47003951,0,1,1
47008823,0,1,1
47092213,0,4,4
47103899,0,12,12
47124097,0,11,11
47215218,0,4,4
47266883,0,1,1
47311377,0,2,2
47350327,0,5,5
47366956,0,1,1
47387185,0,1,1
47411006,0,2,2
47415772,0,5,5
47457929,0,1,1
47476144,0,3,3
47499266,0,1,1
47529168,0,1,1
47558911,0,2,2
47559731,0,1,1
47565913,0,3,3
47575380,0,3,3
47615996,0,1,1
47640654,0,4,4
47706218,0,2,2
47718432,0,2,2
47774386,0,3,3
47877762,0,2,2
47889092,0,4,4
47911233,0,1,1
47911941,0,1,1
47916545,0,1,1
47960407,0,4,4
47969070,0,17,17
47970131,0,1,1
47976339,0,2,2
48004337,0,2,2
48006348,0,1,1
48058773,0,1,1
48064065,0,2,2
48077984,0,3,3
48079089,0,1,1
48090142,0,8,8
48118512,0,15,15
48119997,0,11,11
48120914,0,18,18
48140041,0,2,2
48248124,0,1,1
48289117,0,2,2
48293556,0,22,22
48376290,0,4,4
48383336,0,6,6
48392443,0,1,1
48396469,0,1,1
48397376,0,4,4
48438868,0,3,3
48463582,0,4,4
48514553,0,3,3
48539218,0,7,7
48542316,0,4,4
48559400,0,1,1
48582802,0,6,6
48639802,0,2,2
48685265,0,1,1
48729622,0,1,1
48731994,0,13,13
48787496,0,6,6
48818500,0,2,2
48825435,0,1,1
48844826,0,2,2
48848066,0,1,1
48863385,0,10,10
48888320,0,2,2
48937311,0,1,1
48937821,0,1,1
48987429,0,1,1
48993457,0,2,2
49012635,0,5,5
49045290,0,20,20
49055093,0,1,1
49108980,0,1,1
49213922,0,2,2
49215562,0,1,1
49224902,0,1,1
49243929,0,3,3
49424582,0,1,1
49430708,0,8,8
49446566,0,5,5
49463540,0,1,1
49494412,0,2,2
49499385,0,5,5
49523238,0,1,1
49595173,0,1,1
49620292,0,5,5
49630366,0,2,2
49667620,0,1,1
49696423,0,1,1
49711167,0,2,2
49714040,0,1,1
49740343,0,1,1
49848861,0,2,2
49848938,0,4,4
50040910,0,1,1
50086500,0,1,1
50087146,0,2,2
50107074,0,2,2
50195850,0,5,5
50245876,0,2,2
50299369,0,3,3
50324932,0,1,1
50426761,0,5,5
50441681,0,4,4
50516152,0,2,2
50664887,0,4,4
50690787,0,2,2
50776403,0,4,4
50782688,0,1,1
50796438,0,1,1
50840839,0,2,2
50843347,0,1,1
51007606,0,1,1
51062295,0,1,1
51074178,0,5,5
51128498,0,3,3
51147107,0,10,10
51207613,0,3,3
51218736,0,1,1
51323183,0,2,2
51331378,0,6,6
51531964,0,1,1
51533864,0,1,1
51534399,0,1,1
51538620,0,1,1
51540544,0,2,2
51555132,0,1,1
51582544,0,1,1
51658186,0,4,4
51660610,0,10,10
51683218,0,1,1
51687212,0,7,7
51711500,0,1,1
51877372,0,1,1
52124896,0,15,15
52270273,0,1,1
52354508,0,2,2
52530384,0,2,2
52547865,0,2,2
52615790,0,3,3
52642663,0,21,21
52746469,0,1,1
52765094,0,1,1
52777873,0,20,20
52795858,0,10,10
52806800,0,1,1
52840292,0,9,9
52857624,0,2,2
52940915,0,1,1
53046002,0,14,14
53104694,0,1,1
53139456,0,5,5
53167771,0,1,1
53176351,0,1,1
53183278,0,1,1
53190110,0,2,2
53245054,0,3,3
53273505,0,3,3
53285331,0,2,2
53288311,0,3,3
53329075,0,1,1
53383804,0,1,1
53384265,0,1,1
53389392,0,2,2
53441915,0,1,1
53456218,0,2,2
53471853,0,2,2
53563886,0,1,1
53579632,0,2,2
53607556,0,3,3
53735306,0,3,3
53738144,0,1,1
53818932,0,3,3
53894232,0,9,9
53925975,0,8,8
53964836,0,1,1
53966102,0,1,1
53982766,0,1,1
53984700,0,2,2
53993425,0,2,2
54009256,0,2,2
54072751,0,1,1
54141007,0,1,1
54179944,0,2,2
54210985,0,1,1
54219241,0,16,16
54243056,0,1,1
54312197,0,1,1
54463413,0,1,1
54530915,0,1,1
54558211,0,2,2
54662617,0,1,1
54665576,0,1,1
54682559,0,1,1
54685596,0,1,1
54834271,0,1,1
54971477,0,2,2
55091685,0,2,2
55219746,0,3,3
55286878,0,3,3
55298470,0,1,1
55356886,0,4,4
55383231,0,2,2
55467975,0,1,1
55525273,0,23,23
55594098,0,2,2
55711442,0,3,3
55795410,0,1,1
55845349,0,6,6
55931761,0,4,4
55939271,0,1,1
55957494,0,9,9
55964307,0,1,1
56028445,0,4,4
56092238,0,1,1
56111506,0,44,44
56135553,0,1,1
56135600,0,1,1
56281801,0,2,2
56302626,0,1,1
56364053,0,2,2
56428578,0,4,4
56467881,0,5,5
56480769,0,2,2
56682885,0,3,3
56689996,0,11,11
56755740,0,2,2
56770183,0,3,3
56789118,0,1,1
56819413,0,1,1
56860163,0,1,1
56885360,0,2,2
56886358,0,1,1
56891263,0,10,10
56909915,0,7,7
56962423,0,1,1
57036189,0,1,1
57085159,0,26,26
57170318,0,3,3
57191033,0,1,1
57218763,0,15,15
57286307,0,1,1
57355465,0,2,2
57358450,0,1,1
57371589,0,1,1
57452386,0,3,3
57498443,0,3,3
57508397,0,1,1
57511539,0,4,4
57657275,0,2,2
57685967,0,11,11
57701067,0,4,4
57710480,0,3,3
57790965,0,1,1
57854434,0,1,1
57910631,0,4,4
57936182,0,1,1
57961177,0,4,4
57991328,0,1,1
58042505,0,1,1
58042955,0,14,14
58059993,0,2,2
58073074,0,3,3
58086761,0,2,2
58247936,0,1,1
58280871,0,2,2
58317034,0,1,1
58376457,0,5,5
58479512,0,1,1
58575168,0,1,1
58615792,0,1,1
58632259,0,1,1
58686220,0,1,1
58774823,0,1,1
58793842,0,1,1
58910654,0,1,1
58912001,0,3,3
58949272,0,2,2
58999683,0,2,2
59099084,0,2,2
59139358,0,1,1
59142161,0,7,7
59146404,0,1,1
59170768,0,1,1
59261858,0,2,2
59332219,0,1,1
59444285,0,1,1
59498168,0,1,1
59539034,0,1,1
59595758,0,1,1
59675142,0,1,1
59714727,0,27,27
59742059,0,8,8
59899562,0,2,2
59902651,0,2,2
59945943,0,1,1
59985300,0,1,1
59999316,0,1,1
60124745,0,10,10
60167382,0,1,1
60465402,0,1,1
60583625,0,3,3
60699409,0,7,7
60835648,0,1,1
60906892,0,1,1
60919433,0,4,4
60934108,0,8,8
60978041,0,6,6
61041270,0,8,8
61053656,0,37,37
61087408,0,12,12
61089072,0,4,4
61105309,0,2,2
61112547,0,17,17
61114904,0,1,1
61115658,0,2,2
61181618,0,1,1
61240138,0,1,1
61248003,0,1,1
61298849,0,2,2
61360140,0,3,3
61560116,0,8,8
61560150,0,3,3
61595217,0,1,1
61822210,0,2,2
61912052,0,9,9
62061824,0,2,2
62177990,0,2,2
62306459,0,1,1
62307524,0,2,2
62324180,0,1,1
62350493,0,1,1
62354460,0,3,3
62403538,0,2,2
62425113,0,5,5
62655568,0,1,1
62657249,0,4,4
62684994,0,1,1
62847203,0,1,1
62848722,0,45,45
62872080,0,2,2
63004503,0,2,2
63035854,0,4,4
63096461,0,2,2
63188188,0,1,1
63324021,0,1,1
63367798,0,6,6
63542062,0,1,1
63734189,0,15,15
63827798,0,8,8
63844675,0,2,2
63860521,0,2,2
63871204,0,2,2
63963835,0,1,1
64079283,0,1,1
64116552,0,2,2
64235461,0,4,4
64261467,0,1,1
64314990,0,1,1
64469657,0,2,2
64719419,0,2,2
64766995,0,1,1
64851807,0,4,4
64856068,0,1,1
64904909,0,1,1
65059730,0,2,2
65078170,0,1,1
65108418,0,2,2
65144969,0,1,1
65205115,0,1,1
65613241,0,8,8
65659073,0,1,1
65702620,0,1,1
65706973,0,1,1
65713015,0,70,70
65731776,0,5,5
65771479,0,1,1
65928415,0,2,2
65953509,0,2,2
65965972,0,2,2
66077441,0,2,2
66179401,0,1,1
66221722,0,2,2
66267332,0,9,9
66351404,0,4,4
66421943,0,2,2
66569454,0,5,5
66579301,0,1,1
66585424,0,1,1
66678633,0,2,2
66685920,0,1,1
66739464,0,3,3
66745154,0,1,1
66746315,0,1,1
66788149,0,12,12
66808810,0,1,1
66899143,0,1,1
66905088,0,2,2
66907500,0,2,2
67028674,0,21,21
67091346,0,1,1
67124094,0,7,7
67211600,0,8,8
67248717,0,13,13
67266462,0,1,1
67281409,0,3,3
67360574,0,2,2
67391797,0,1,1
67397675,0,2,2
67473354,0,11,11
67478399,0,1,1
67539772,0,2,2
67565990,0,3,3
67665407,0,1,1
67788524,0,3,3
67832798,0,1,1
68107199,0,13,13
68248674,0,2,2
68279378,0,1,1
68385388,0,2,2
68430259,0,30,30
68463447,0,6,6
68482261,0,21,21
68491223,0,6,6
68630417,0,1,1
68739089,0,2,2
68808312,0,2,2
68865656,0,6,6
68918748,0,1,1
68958770,0,7,7
69022849,0,2,2
69106875,0,3,3
69184040,0,1,1
69335830,0,2,2
69463153,0,1,1
69475311,0,7,7
69530206,0,6,6
69682524,0,3,3
69777839,0,3,3
70018327,0,1,1
70110987,0,33,33
70191166,0,1,1
70197689,0,2,2
70331549,0,13,13
70399520,0,2,2
70460253,0,1,1
70492061,0,4,4
70593709,0,2,2
70737623,0,1,1
70759794,0,4,4
70821147,0,5,5
70829605,0,5,5
70856487,0,2,2
71244775,0,2,2
71300717,0,10,10
71323843,0,23,23
71409823,0,1,1
71436489,0,2,2
71464042,0,26,26
71466580,0,4,4
71515090,0,5,5
71695172,0,6,6
71882048,0,2,2
72033888,0,6,6
72103163,0,2,2
72177758,0,2,2
72194644,0,2,2
72271128,0,1,1
72279426,0,6,6
72718118,0,85,85
72746863,0,15,15
72863358,0,4,4
73013235,0,1,1
73120594,0,4,4
73124948,0,143,143
73219204,0,1,1
73221502,0,1,1
73222796,0,1,1
73229252,0,1,1
73231634,0,1,1
73261460,0,1,1
73262226,0,1,1
73321884,0,2,2
73545898,0,4,4
73555311,0,1,1
73650794,0,3,3
73726828,0,1,1
73737109,0,15,15
73801315,0,2,2
73803070,0,5,5
74014799,0,1,1
74210655,0,2,2
74270038,0,1,1
74329280,0,1,1
74332952,0,1,1
74337877,0,4,4
74361628,0,1,1
74385844,0,2,2
74409768,0,2,2
74419494,0,1,1
74478610,0,3,3
74483420,0,2,2
74508412,0,1,1
74526911,0,25,25
74768287,0,2,2
74781608,0,1,1
74796275,0,1,1
74798484,0,1,1
74843319,0,1,1
74991980,0,1,1
75066399,0,31,31
75119660,0,1,1
75156417,0,4,4
75171938,0,1,1
75175738,0,1,1
75209239,0,2,2
75373695,0,1,1
75436936,0,2,2
75626513,0,2,2
75647144,0,6,6
75662378,0,1,1
75850566,0,2,2
75852634,0,1,1
75974320,0,7,7
76047884,0,2,2
76136299,0,5,5
76156314,0,3,3
76377039,0,2,2
76675314,0,3,3
76682779,0,12,12
76713851,0,1,1
76748725,0,1,1
77032426,0,1,1
77032581,0,1,1
77083770,0,2,2
77106578,0,4,4
77209478,0,1,1
77247899,0,19,19
77262426,0,3,3
77450599,0,7,7
77514733,0,1,1
77608283,0,19,19
77672059,0,2,2
77687779,0,6,6
77743984,0,1,1
77750427,0,1,1
77789660,0,3,3
77793783,0,1,1
78077401,0,1,1
78109764,0,1,1
78154804,0,3,3
78403236,0,1,1
78514857,0,8,8
78661261,0,1,1
78719621,0,2,2
78840940,0,1,1
78959991,0,43,43
79075338,0,2,2
79103936,0,3,3
79124857,0,2,2
79257263,0,1,1
79527681,0,1,1
79692602,0,1,1
79718295,0,14,14
79818981,0,2,2
79828511,0,1,1
79894205,0,1,1
80060184,0,2,2
80134835,0,2,2
80221999,0,2,2
80379348,0,2,2
80408958,0,1,1
80437142,0,2,2
80460939,0,1,1
80495235,0,1,1
80503963,0,1,1
80505577,0,1,1
80663971,0,1,1
80889502,0,5,5
80925364,0,4,4
81043951,0,3,3
81165002,0,5,5
81222876,0,2,2
81322255,0,1,1
81368673,0,1,1
81396070,0,4,4
81458044,0,1,1
81476877,0,1,1
81492135,0,1,1
81494110,0,2,2
81559070,0,5,5
81621050,0,2,2
81770890,0,6,6
81804841,0,5,5
81969518,0,1,1
82083164,0,1,1
82183137,0,12,12
82228185,0,1,1
82235272,0,1,1
82309343,0,1,1
82331146,0,1,1
82487330,0,1,1
82521309,0,2,2
82712110,0,2,2
82744964,0,1,1
82767318,0,24,24
82774838,0,2,2
82951231,0,13,13
83049208,0,1,1
83145404,0,1,1
83264710,0,1,1
83657409,0,4,4
83893739,0,6,6
84019557,0,3,3
84080387,0,1,1
84268595,0,1,1
84444677,0,1,1
84445191,0,2,2
84550570,0,1,1
84625998,0,1,1
84764424,0,5,5
84764704,0,1,1
84902138,0,1,1
84938858,0,1,1
85121425,0,1,1
85362875,0,1,1
85438354,0,3,3
85505639,0,8,8
85658675,0,1,1
85886999,0,5,5
85917634,0,4,4
86199249,0,1,1
86277504,0,1,1
86402575,0,3,3
86466718,0,4,4
86620670,0,6,6
86647538,0,4,4
86784746,0,1,1
86854071,0,7,7
86886268,0,1,1
87099353,0,1,1
87120184,0,2,2
87230068,0,8,8
87237686,0,1,1
87325206,0,1,1
87332814,0,7,7
87384206,0,2,2
87532454,0,2,2
87621438,0,1,1
87629073,0,1,1
87727355,0,5,5
87738669,0,1,1
87761584,0,2,2
87765863,0,1,1
87793812,0,2,2
87836781,0,1,1
88012252,0,2,2
88062533,0,1,1
88072872,0,1,1
88074587,0,3,3
88236719,0,5,5
88247180,0,2,2
88282826,0,1,1
88290488,0,6,6
88300719,0,1,1
88684884,0,2,2
88752123,0,4,4
88986863,0,2,2
89030498,0,1,1
89076479,0,1,1
89257543,0,2,2
89316612,0,1,1
89377500,0,2,2
89458867,0,3,3
89533704,0,1,1
89589923,0,1,1
89609882,0,1,1
89720731,0,1,1
89742486,0,13,13
89760116,0,1,1
89831391,0,6,6
89929611,0,2,2
89985399,0,13,13
90286423,0,2,2
90503005,0,1,1
90558028,0,1,1
90567208,0,9,9
90622100,0,1,1
90651305,0,2,2
90662381,0,1,1
90849823,0,1,1
91002247,0,1,1
91061567,0,2,2
91158484,0,5,5
91183830,0,1,1
91423038,0,25,25
91451269,0,5,5
91451652,0,5,5
91623824,0,1,1
91630688,0,9,9
91756736,0,1,1
91854751,0,1,1
91864452,0,2,2
91867630,0,1,1
91957025,0,1,1
92112822,0,4,4
92126758,0,1,1
92167082,0,1,1
92259384,0,2,2
92452732,0,5,5
92533331,0,2,2
92671731,0,2,2
92789239,0,1,1
92834230,0,1,1
92872919,0,1,1
92905969,0,1,1
93114563,0,1,1
93176410,0,2,2
93379957,0,2,2
93408384,0,1,1
93520855,0,2,2
93665086,0,3,3
93684324,0,2,2
93761477,0,1,1
93956552,0,1,1
93957773,0,3,3
94009965,0,2,2
94031126,0,2,2
94134140,0,1,1
94207176,0,2,2
94273497,0,1,1
94351163,0,2,2
94391591,0,1,1
94413536,0,2,2
94422489,0,1,1
94455877,0,1,1
94458971,0,1,1
94595377,0,1,1
94646195,0,3,3
94680716,0,2,2
94714920,0,1,1
94788848,0,1,1
94884269,0,1,1
95033597,0,1,1
95076220,0,1,1
95108733,0,2,2
95194656,0,1,1
95262796,0,2,2
95283613,0,2,2
95322268,0,1,1
95497165,0,1,1
95508608,0,2,2
95624663,0,2,2
95712234,0,10,10
95752963,0,2,2
95931001,0,1,1
95934004,0,14,14
95952428,0,2,2
95955741,0,23,23
95991814,0,1,1
96097694,0,2,2
96152318,0,9,9
96164278,0,1,1
96230868,0,9,9
96242753,0,3,3
96269702,0,4,4
96591999,0,2,2
96607114,0,1,1
96831082,0,12,12
96936076,0,2,2
96958758,0,1,1
97004276,0,1,1
97009960,0,3,3
97035408,0,31,31
97103364,0,1,1
97125041,0,1,1
97131914,0,1,1
97132136,0,1,1
97265690,0,4,4
97341190,0,1,1
97467754,0,11,11
97486682,0,3,3
97503267,0,2,2
97544634,0,1,1
97566157,0,1,1
97572930,0,1,1
97575268,0,33,33
97942529,0,2,2
97953843,0,1,1
98091247,0,4,4
98121293,0,4,4
98280246,0,2,2
98296488,0,1,1
98337344,0,3,3
98418473,0,1,1
98574241,0,6,6
98707785,0,1,1
98726426,0,1,1
98744517,0,1,1
98838029,0,6,6
98844505,0,2,2
98938235,0,1,1
99041048,0,1,1
99107553,0,1,1
99187521,0,2,2
99254781,0,2,2
99394632,0,2,2
99466917,0,1,1
99668088,0,1,1
99739484,0,3,3
99813153,0,1,1
100132110,0,1,1
100314417,0,1,1
100375287,0,1,1
100383735,0,2,2
100538269,0,2,2
100645158,0,1,1
100676268,0,1,1
100773275,0,3,3
100784053,0,1,1
100789269,0,3,3
100974454,0,2,2
101011996,0,1,1
101019526,0,2,2
101042885,0,3,3
101051965,0,1,1
101060871,0,10,10
101075485,0,1,1
101098094,0,1,1
101136995,0,1,1
101324088,0,3,3
101476381,0,1,1
101537354,0,9,9
101864869,0,1,1
101870031,0,1,1
101890863,0,1,1
101948450,0,47,47
102144327,0,1,1
102179553,0,2,2
102190854,0,3,3
102348295,0,1,1
102382314,0,13,13
102473561,0,11,11
102540229,0,2,2
102699780,0,1,1
102748068,0,87,87
102827110,0,3,3
102836022,0,7,7
102941495,0,2,2
103111046,0,2,2
103171265,0,1,1
103212298,0,4,4
103258304,0,1,1
103518355,0,2,2
103602707,0,4,4
103644616,0,2,2
103808288,0,1,1
103858258,0,1,1
103888166,0,1,1
103902751,0,2,2
104097190,0,2,2
104316710,0,87,87
104603678,0,1,1
104616026,0,2,2
104646949,0,15,15
104677075,0,3,3
104752822,0,1,1
105039186,0,1,1
105255088,0,3,3
105365899,0,1,1
105474616,0,1,1
105549159,0,3,3
105583943,0,1,1
105621798,0,12,12
105630657,0,3,3
105673442,0,2,2
105807981,0,1,1
105889352,0,2,2
105930649,0,2,2
106165896,0,1,1
106200494,0,4,4
106289076,0,1,1
106542818,0,1,1
106556303,0,1,1
106579985,0,2,2
106704211,0,2,2
106842410,0,2,2
106904750,0,39,39
106929956,0,2,2
107139672,0,12,12
107169602,0,20,20
107190600,0,5,5
107197761,0,3,3
107227254,0,4,4
107232374,0,1,1
107294816,0,2,2
107337134,0,5,5
107525017,0,4,4
107716158,0,10,10
107738550,0,1,1
107801808,0,7,7
108091475,0,8,8
108149132,0,2,2
108268144,0,2,2
108291599,0,1,1
108491791,0,1,1
108582049,0,9,9
108617608,0,1,1
108695384,0,1,1
108786373,0,2,2
109042499,0,3,3
109175519,0,2,2
109288577,0,4,4
109425560,0,3,3
109567181,0,1,1
109586641,0,12,12
109669677,0,1,1
109895940,0,1,1
109968678,0,4,4
109992655,0,6,6
110017672,0,1,1
110293721,0,3,3
110354407,0,2,2
110356756,0,3,3
110399224,0,17,17
110648922,0,2,2
110651234,0,1,1
110819576,0,5,5
110865831,0,1,1
111106012,0,1,1
111128175,0,1,1
111228777,0,1,1
111291262,0,6,6
111412394,0,1,1
111431901,0,4,4
111469408,0,3,3
111621052,0,1,1
111688726,0,5,5
111803463,0,3,3
111906975,0,5,5
111964902,0,1,1
111964963,0,1,1
112033226,0,1,1
112033814,0,14,14
112096237,0,6,6
112202324,0,1,1
112243614,0,1,1
112255972,0,22,22
112265447,0,7,7
112272935,0,1,1
112377852,0,1,1
112524101,0,3,3
112599724,0,5,5
112621864,0,1,1
112810120,0,3,3
112901232,0,11,11
112954185,0,3,3
112986735,0,1,1
113125655,0,4,4
113149998,0,3,3
113172990,0,2,2
113209356,0,1,1
113576435,0,1,1
113658741,0,7,7
113705514,0,1,1
114100507,0,1,1
114108929,0,3,3
114216255,0,10,10
114371202,0,2,2
114372993,0,2,2
114540556,0,1,1
114662589,0,1,1
114677336,0,8,8
114685537,0,1,1
114874968,0,1,1
114893327,0,4,4
115018983,0,12,12
115084046,0,1,1
115168469,0,2,2
115207237,0,1,1
115253134,0,3,3
115284178,0,1,1
115487354,0,1,1
115501724,0,1,1
115572437,0,1,1
115744814,0,4,4
116069645,0,2,2
116219141,0,1,1
116292493,0,5,5
116399310,0,4,4
116546398,0,1,1
116731250,0,8,8
116750769,0,1,1
116857849,0,3,3
116872132,0,2,2
116875452,0,1,1
116877634,0,2,2
116928591,0,12,12
116963243,0,1,1
117010608,0,3,3
117188552,0,1,1
117192464,0,9,9
117216152,0,1,1
117254961,0,2,2
117367009,0,5,5
117461147,0,2,2
117554744,0,4,4
117564531,0,18,18
117581264,0,1,1
117716965,0,2,2
117752624,0,8,8
117760656,0,1,1
117776719,0,2,2
117779821,0,2,2
117882487,0,2,2
118158666,0,1,1
118188884,0,1,1
118197586,0,1,1
118247587,0,3,3
118258706,0,1,1
118289472,0,2,2
118498856,0,1,1
118597826,0,74,74
118717889,0,2,2
118899233,0,2,2
118980170,0,1,1
118983890,0,5,5
118997881,0,58,58
119038924,0,14,14
119105163,0,1,1
119113904,0,6,6
119115365,0,1,1
119252795,0,36,36
119680292,0,1,1
119973634,0,2,2
119974794,0,4,4
120003130,0,2,2
120049976,0,1,1
120080638,0,1,1
120120843,0,4,4
120136518,0,3,3
120315892,0,2,2
120322406,0,2,2
120685016,0,1,1
120929375,0,1,1
121168856,0,2,2
121206144,0,1,1
121296318,0,2,2
121458734,0,1,1
121497721,0,3,3
121517897,0,1,1
121627559,0,2,2
121790891,0,17,17
121846854,0,7,7
122115696,0,1,1
122412557,0,2,2
122501581,0,2,2
122502310,0,1,1
122626180,0,1,1
122792034,0,2,2
122977347,0,2,2
123099155,0,1,1
123332120,0,4,4
123432109,0,2,2
123434348,0,1,1
123434884,0,2,2
123954552,0,2,2
123970313,0,1,1
124081165,0,1,1
124184205,0,1,1
124262013,0,1,1
124264228,0,4,4
124313641,0,1,1
124350676,0,1,1
124402685,0,1,1
124439683,0,1,1
124455566,0,1,1
124506326,0,1,1
124569788,0,1,1
124686829,0,1,1
125210444,0,1,1
125700072,0,1,1
125766599,0,1,1
125785769,0,1,1
125803831,0,2,2
125875014,0,3,3
125878051,0,1,1
125935401,0,97,97
126024367,0,1,1
126145604,0,22,22
126169279,0,1,1
126459718,0,1,1
126529239,0,3,3
126696346,0,1,1
126703514,0,1,1
127054148,0,20,20
127238107,0,10,10
127502172,0,1,1
127544978,0,1,1
127665805,0,1,1
127791708,0,4,4
128112642,0,2,2
128296685,0,1,1
128353949,0,3,3
128393773,0,1,1
128577578,0,1,1
128657259,0,4,4
129264378,0,1,1
129294069,0,1,1
129528383,0,19,19
129692244,0,3,3
129815395,0,1,1
129844636,0,10,10
129845488,0,1,1
129867591,0,2,2
129954940,0,3,3
130068583,0,1,1
130128708,0,5,5
130347030,0,7,7
130577244,0,1,1
130622736,0,1,1
130698495,0,1,1
130734118,0,1,1
130777685,0,5,5
130927321,0,10,10
130931982,0,1,1
130955168,0,1,1
130965996,0,3,3
131097721,0,1,1
131222772,0,3,3
131401034,0,1,1
131652976,0,1,1
131696229,0,2,2
131926467,0,3,3
132189820,0,2,2
132210296,0,1,1
132301166,0,2,2
132316013,0,2,2
132683899,0,1,1
132800827,0,1,1
132918446,0,25,25
132971510,0,2,2
133035313,0,9,9
133038260,0,14,14
133072252,0,1,1
133112062,0,1,1
133249473,0,6,6
133316482,0,1,1
133444488,0,3,3
133491839,0,2,2
133538336,0,1,1
133710579,0,1,1
133727197,0,1,1
133806972,0,1,1
133853074,0,1,1
133854874,0,1,1
134020737,0,1,1
134103827,0,5,5
134133790,0,6,6
134141602,0,1,1
134260043,0,7,7
134313841,0,17,17
134343411,0,9,9
134478271,0,3,3
134529845,0,3,3
134622029,0,2,2
134909017,0,1,1
134977283,0,5,5
135061313,0,3,3
135104493,0,1,1
135198813,0,1,1
135311576,0,6,6
135515077,0,4,4
135608573,0,1,1
135626120,0,2,2
135641336,0,21,21
135699509,0,2,2
135710839,0,1,1
135747563,0,1,1
135836213,0,14,14
135997883,0,9,9
136021628,0,1,1
136254384,0,2,2
136367886,0,2,2
136476512,0,1,1
136494317,0,1,1
136508215,0,10,10
136511852,0,2,2
136863940,0,1,1
137010854,0,4,4
137044362,0,5,5
137187477,0,1,1
137196466,0,1,1
137460214,0,2,2
137469576,0,2,2
137499729,0,3,3
137525304,0,1,1
137550152,0,1,1
137558923,0,2,2
137566910,0,1,1
137734165,0,1,1
137800333,0,1,1
137819781,0,9,9
138107346,0,4,4
138248654,0,1,1
138262110,0,1,1
138274097,0,18,18
138422213,0,1,1
138460384,0,8,8
138525938,0,1,1
138602704,0,1,1
138630798,0,3,3
138967732,0,4,4
139020599,0,3,3
139092549,0,7,7
139115777,0,8,8
139233270,0,1,1
139279642,0,1,1
139458452,0,8,8
139794985,0,7,7
139937568,0,2,2
140204146,0,1,1
140286364,0,1,1
140485642,0,1,1
140486422,0,8,8
140797358,0,1,1
140801488,0,5,5
140829551,0,21,21
140971463,0,5,5
141182057,0,2,2
141237418,0,4,4
141331600,0,4,4
141346888,0,1,1
141457308,0,1,1
141593232,0,19,19
141685434,0,13,13
141728765,0,1,1
141857613,0,6,6
142089373,0,2,2
142166985,0,1,1
142358348,0,71,71
142441262,0,1,1
142835165,0,2,2
142849589,0,2,2
142970537,0,5,5
143173013,0,1,1
143182225,0,1,1
143276350,0,1,1
143376932,0,1,1
143394678,0,1,1
143400404,0,1,1
143451947,0,1,1
143541561,0,1,1
143582473,0,1,1
143605954,0,1,1
143713926,0,1,1
143903442,0,1,1
143921166,0,1,1
144042287,0,1,1
144072171,0,3,3
144101650,0,2,2
144307925,0,1,1
144668938,0,1,1
144720843,0,4,4
144985856,0,11,11
145049762,0,1,1
145369136,0,4,4
145380689,0,2,2
145450074,0,5,5
145671928,0,1,1
145693296,0,1,1
145811189,0,1,1
146191413,0,2,2
146631023,0,18,18
146656593,0,2,2
146724111,0,2,2
146956535,0,3,3
146967921,0,3,3
147238537,0,1,1
147527996,0,1,1
147703754,0,1,1
147820097,0,1,1
148074004,0,3,3
148100545,0,4,4
148369561,0,1,1
148378010,0,9,9
148446448,0,9,9
148509962,0,11,11
148812852,0,1,1
149069407,0,3,3
149199802,0,1,1
149333904,0,1,1
149340471,0,3,3
149411992,0,1,1
149658030,0,1,1
149975058,0,14,14
150066868,0,1,1
150156564,0,6,6
150212862,0,3,3
150258260,0,1,1
150382108,0,1,1
150760026,0,1,1
150903839,0,4,4
151162090,0,1,1
151581474,0,1,1
151591844,0,1,1
151674887,0,1,1
151732541,0,4,4
151958683,0,1,1
152378765,0,12,12
152431558,0,4,4
152577400,0,1,1
152694430,0,5,5
152902013,0,1,1
153259451,0,2,2
153346091,0,1,1
153440886,0,3,3
153535259,0,4,4
153591097,0,1,1
153665054,0,2,2
153745521,0,2,2
153881031,0,1,1
153971897,0,1,1
154077635,0,2,2
154124224,0,4,4
154144066,0,1,1
154252486,0,1,1
154314258,0,2,2
154521153,0,4,4
154711913,0,3,3
155230346,0,3,3
155336108,0,1,1
155359721,0,6,6
155585042,0,2,2
155631208,0,8,8
155942212,0,2,2
155960966,0,1,1
156134096,0,2,2
156166269,0,3,3
156292540,0,1,1
156341257,0,1,1
156502651,0,1,1
156765445,0,11,11
156777139,0,2,2
156867263,0,1,1
156971787,0,1,1
157175496,0,1,1
157201795,0,2,2
157249072,0,2,2
157390637,0,4,4
157441954,0,2,2
157612078,0,4,4
158026938,0,3,3
158201336,0,4,4
158276017,0,5,5
158373484,0,17,17
158490443,0,1,1
158755220,0,3,3
158771578,0,3,3
159316103,0,10,10
159566541,0,1,1
159655293,0,6,6
159879501,0,1,1
159939699,0,3,3
160016975,0,2,2
160018717,0,1,1
160035129,0,4,4
160096612,0,1,1
160324313,0,4,4
160470855,0,2,2
160549452,0,1,1
160711078,0,1,1
161066868,0,1,1
161362785,0,4,4
161540547,0,3,3
161640760,0,4,4
161862736,0,15,15
162112772,0,15,15
162116832,0,1,1
162217935,0,1,1
162417300,0,1,1
162452290,0,5,5
162617050,0,3,3
162917531,0,3,3
162959093,0,5,5
162971311,0,3,3
163219324,0,1,1
163358094,0,1,1
163575535,0,9,9
163667724,0,4,4
163806792,0,1,1
163971499,0,45,45
164120417,0,1,1
164283617,0,6,6
164318228,0,1,1
164329896,0,1,1
164524644,0,2,2
164579705,0,1,1
164773759,0,1,1
164792411,0,2,2
165020575,0,1,1
165091851,0,1,1
165594981,0,4,4
165821687,0,14,14
165892387,0,1,1
165949044,0,2,2
166183171,0,1,1
166222841,0,1,1
166275070,0,2,2
166554657,0,1,1
166675932,0,1,1
166685500,0,1,1
166732082,0,1,1
167001919,0,1,1
167017407,0,2,2
167113623,0,1,1
167414655,0,1,1
167472306,0,5,5
167508987,0,1,1
167566274,0,1,1
167629502,0,2,2
167676129,0,4,4
167781268,0,2,2
167786742,0,2,2
167800274,0,7,7
167945636,0,1,1
168049450,0,4,4
168322236,0,1,1
168518243,0,33,33
168755405,0,3,3
168819736,0,2,2
168916053,0,1,1
168922607,0,3,3
169087404,0,1,1
169387900,0,1,1
169601951,0,3,3
169958381,0,3,3
170022711,0,3,3
170059087,0,4,4
170245055,0,4,4
170405926,0,1,1
170717745,0,2,2
170751954,0,2,2
170813733,0,10,10
170921358,0,14,14
170956028,0,1,1
171121285,0,2,2
171542216,0,2,2
171656520,0,27,27
171728016,0,2,2
171944275,0,1,1
172233669,0,1,1
172340962,0,2,2
172453184,0,2,2
172612269,0,17,17
172832510,0,1,1
172884817,0,11,11
172910872,0,5,5
173042302,0,1,1
173095751,0,1,1
173241662,0,1,1
173293635,0,1,1
173498997,0,1,1
173643162,0,1,1
173832763,0,2,2
173919208,0,2,2
173951950,0,3,3
173986178,0,1,1
174060561,0,1,1
174182308,0,1,1
174208609,0,2,2
174503107,0,2,2
174615064,0,2,2
174667587,0,1,1
174729596,0,13,13
174796848,0,3,3
174935459,0,4,4
175006405,0,13,13
175029377,0,7,7
175073276,0,1,1
175221034,0,6,6
175448234,0,1,1
175470877,0,134,134
175561777,0,3,3
175731612,0,1,1
176071450,0,8,8
176242491,0,1,1
176667030,0,4,4
176931662,0,1,1
176945080,0,2,2
176996736,0,5,5
177319551,0,1,1
177328552,0,1,1
177335809,0,2,2
177355075,0,2,2
177429680,0,1,1
177433166,0,2,2
177447658,0,2,2
177659654,0,1,1
177743349,0,2,2
177968786,0,1,1
178191397,0,2,2
178336405,0,6,6
178436342,0,2,2
178609161,0,5,5
178852966,0,1,1
179299006,0,3,3
179337389,0,9,9
180145936,0,1,1
180403238,0,2,2
180628461,0,2,2
180654065,0,1,1
180699760,0,3,3
180720830,0,1,1
180891004,0,1,1
180999554,0,1,1
181413116,0,4,4
181838231,0,3,3
181918439,0,2,2
182121951,0,1,1
182298599,0,1,1
182685964,0,1,1
182691516,0,3,3
182969157,0,1,1
183333376,0,2,2
183351807,0,2,2
183428981,0,3,3
183732643,0,1,1
183745583,0,40,40
183829326,0,1,1
183856187,0,1,1
184046272,0,1,1
184603980,0,4,4
184673179,0,3,3
184940246,0,1,1
184959283,0,1,1
185021880,0,5,5
185240952,0,1,1
185321085,0,3,3
185499165,0,3,3
185503887,0,21,21
185542271,0,8,8
185570555,0,1,1
185652238,0,1,1
185659152,0,3,3
185680080,0,1,1
185694060,0,1,1
185707019,0,3,3
185807339,0,3,3
185998460,0,1,1
186159060,0,1,1
186317110,0,3,3
186336367,0,3,3
186621181,0,4,4
186651730,0,1,1
186656087,0,5,5
186951463,0,1,1
187040636,0,3,3
187153705,0,2,2
187416820,0,1,1
187727750,0,1,1
187763403,0,1,1
187811413,0,2,2
187821064,0,1,1
187880910,0,1,1
188080355,0,1,1
188089307,0,3,3
188153368,0,2,2
188167890,0,1,1
188194041,0,1,1
188280784,0,3,3
188499073,0,1,1
188524914,0,1,1
188529939,0,1,1
188629614,0,1,1
188846269,0,1,1
188877629,0,1,1
188962377,0,3,3
189184725,0,1,1
189262472,0,1,1
189353176,0,7,7
189393230,0,1,1
189735104,0,4,4
190086036,0,5,5
190466619,0,2,2
190493472,0,4,4
190568223,0,1,1
190627699,0,1,1
190643442,0,7,7
190853327,0,1,1
190948576,0,2,2
191332478,0,2,2
191358602,0,2,2
191463695,0,38,38
191538028,0,13,13
191558578,0,3,3
191836409,0,1,1
191909968,0,1,1
192066576,0,8,8
192281768,0,1,1
192320229,0,1,1
192342226,0,5,5
192758355,0,2,2
192820346,0,1,1
192940709,0,2,2
193177584,0,1,1
193504121,0,1,1
193537965,0,3,3
193738746,0,2,2
193870239,0,6,6
193890271,0,3,3
193915171,0,3,3
193963518,0,3,3
194347951,0,2,2
194688433,0,1,1
194866876,0,2,2
194870705,0,1,1
194911597,0,1,1
194914919,0,1,1
195278730,0,2,2
195644299,0,1,1
195850342,0,2,2
195853241,0,2,2
196235093,0,2,2
196346232,0,1,1
196465635,0,3,3
196498008,0,8,8
197083089,0,3,3
197133093,0,2,2
197250976,0,9,9
197260790,0,1,1
197268240,0,1,1
197493851,0,5,5
197522943,0,1,1
197561464,0,1,1
197587476,0,85,85
197595733,0,1,1
197641267,0,1,1
197666339,0,8,8
197945884,0,1,1
197984281,0,1,1
198006478,0,24,24
198202008,0,9,9
198214801,0,3,3
198243591,0,1,1
198526261,0,1,1
198581287,0,2,2
198783498,0,1,1
198858209,0,8,8
198920390,0,3,3
198939871,0,10,10
198943633,0,1,1
198967539,0,1,1
199148545,0,10,10
199152144,0,2,2
199342557,0,1,1
199692829,0,1,1
199796064,0,7,7
199940227,0,2,2
199989438,0,1,1
200098418,0,2,2
200186856,0,4,4
200581986,0,16,16
200925366,0,3,3
200950782,0,2,2
201022141,0,6,6
201065898,0,2,2
201347648,0,1,1
201354869,0,1,1
201404613,0,53,53
201461965,0,5,5
201757835,0,2,2
202015880,0,5,5
202309561,0,11,11
202738809,0,7,7
203615803,0,1,1
203845120,0,1,1
204269291,0,1,1
204927780,0,10,10
205291349,0,17,17
205328843,0,1,1
205779692,0,2,2
205810258,0,1,1
205845373,0,7,7
206066452,0,10,10
206445421,0,9,9
206586228,0,3,3
206772535,0,1,1
207328216,0,1,1
207483866,0,2,2
207574119,0,2,2
207731256,0,1,1
207960037,0,1,1
208061815,0,2,2
208069580,0,5,5
208317185,0,1,1
208421808,0,2,2
208597411,0,3,3
209125836,0,1,1
209131071,0,2,2
209230523,0,1,1
209509382,0,1,1
209509727,0,5,5
209689374,0,1,1
209693873,0,1,1
209705208,0,4,4
209708388,0,1,1
209875356,0,3,3
209930972,0,1,1
210354346,0,3,3
210628712,0,1,1
210701929,0,5,5
210859386,0,1,1
210864904,0,3,3
210896793,0,5,5
210985245,0,3,3
211010371,0,2,2
211203869,0,1,1
211330131,0,2,2
211549671,0,10,10
211719593,0,1,1
211731353,0,1,1
211805177,0,2,2
211806546,0,2,2
211885017,0,3,3
212012071,0,9,9
212018308,0,2,2
212041423,0,1,1
212182908,0,1,1
212255294,0,2,2
212315254,0,1,1
212327199,0,5,5
212716225,0,6,6
213317741,0,1,1
213352541,0,2,2
213837183,0,27,27
213924196,0,1,1
213926578,0,16,16
214258936,0,1,1
214349931,0,1,1
214527020,0,2,2
214625181,0,2,2
215107252,0,3,3
215176067,0,3,3
215272354,0,2,2
215607622,0,9,9
215626965,0,7,7
215751049,0,1,1
215796576,0,2,2
216052035,0,2,2
216069678,0,1,1
216149084,0,2,2
216182873,0,2,2
216229498,0,2,2
216506988,0,1,1
216580014,0,17,17
216580632,0,1,1
216677127,0,2,2
216721784,0,1,1
216779161,0,4,4
216878216,0,1,1
216941569,0,3,3
216982735,0,1,1
217062423,0,2,2
217213819,0,1,1
217217632,0,1,1
217304598,0,3,3
217451194,0,17,17
217512803,0,2,2
217760975,0,1,1
217888826,0,1,1
218127993,0,22,22
218330454,0,1,1
219074016,0,1,1
219141728,0,3,3
219350601,0,2,2
219515719,0,2,2
219835064,0,2,2
219861878,0,1,1
219888459,0,1,1
220136501,0,1,1
220171590,0,1,1
220174132,0,1,1
220262998,0,4,4
220494771,0,1,1
220625927,0,1,1
220655759,0,8,8
220765190,0,1,1
220837902,0,1,1
220853886,0,2,2
221470945,0,12,12
221587987,0,10,10
221771423,0,1,1
221992638,0,13,13
222511870,0,2,2
222526398,0,2,2
222673383,0,4,4
222888857,0,2,2
222940035,0,1,1
222959095,0,1,1
223156943,0,2,2
223261343,0,2,2
223394183,0,3,3
223406575,0,1,1
223646158,0,2,2
223726908,0,1,1
223904974,0,9,9
223908057,0,3,3
224074140,0,1,1
224236048,0,1,1
224261193,0,7,7
224394866,0,1,1
224422109,0,4,4
224480202,0,9,9
224602796,0,1,1
224707727,0,1,1
224707791,0,3,3
224709022,0,8,8
224781035,0,3,3
224803329,0,1,1
224953153,0,8,8
225117468,0,1,1
225161148,0,1,1
225213881,0,2,2
225281022,0,4,4
225492241,0,1,1
225528897,0,1,1
225593430,0,1,1
225627392,0,1,1
225964437,0,1,1
225993605,0,1,1
226151460,0,7,7
226176697,0,1,1
226245877,0,1,1
226551388,0,1,1
226617221,0,1,1
226955623,0,1,1
226982938,0,2,2
227011369,0,8,8
227418665,0,1,1
227442095,0,2,2
227474464,0,1,1
227681728,0,2,2
227723254,0,1,1
227768690,0,1,1
227820421,0,1,1
228148164,0,3,3
228163120,0,3,3
228178281,0,1,1
228194174,0,3,3
228224897,0,6,6
228288215,0,1,1
228393242,0,21,21
228485003,0,1,1
228636643,0,1,1
228643062,0,10,10
228782448,0,1,1
228880011,0,1,1
228905948,0,7,7
228915094,0,2,2
229212879,0,1,1
229288510,0,5,5
229336117,0,1,1
229431399,0,1,1
229607765,0,1,1
229900664,0,5,5
229929755,0,2,2
230269599,0,5,5
230575835,0,3,3
230794604,0,1,1
230925844,0,1,1
231335481,0,1,1
231427692,0,4,4
231431933,0,1,1
231462698,0,1,1
231561671,0,1,1
231721615,0,2,2
231808828,0,7,7
231817768,0,1,1
231822653,0,13,13
231843097,0,1,1
231857545,0,1,1
231868810,0,6,6
231948618,0,8,8
231952749,0,2,2
231959279,0,19,19
232201624,0,4,4
232430057,0,2,2
232519487,0,1,1
232552553,0,2,2
232610728,0,33,33
232671785,0,4,4
232735564,0,1,1
232891829,0,1,1
233002228,0,2,2
233219193,0,1,1
233787856,0,2,2
234083580,0,2,2
234226460,0,1,1
234232526,0,1,1
234411459,0,1,1
234450293,0,1,1
234553086,0,32,32
234683126,0,1,1
234834075,0,2,2
234858548,0,2,2
235020227,0,2,2
235195516,0,1,1
235214631,0,1,1
235348276,0,1,1
235383689,0,2,2
235421244,0,4,4
235764604,0,1,1
235833602,0,1,1
236023605,0,14,14
236169150,0,1,1
236169496,0,2,2
236184182,0,6,6
236211892,0,3,3
236559536,0,5,5
236666398,0,1,1
236667384,0,5,5
236697299,0,1,1
236927554,0,2,2
237098793,0,2,2
237198536,0,2,2
237361027,0,2,2
237414083,0,4,4
237440126,0,1,1
237485046,0,3,3
237532792,0,1,1
237664564,0,11,11
237771800,0,27,27
237803690,0,1,1
237944931,0,1,1
238039875,0,1,1
238296275,0,1,1
238308507,0,4,4
238397932,0,1,1
238437242,0,3,3
238448965,0,1,1
238451352,0,1,1
238700590,0,3,3
238744409,0,1,1
238788821,0,2,2
238866018,0,2,2
239032386,0,5,5
239076469,0,3,3
239231559,0,2,2
239231885,0,2,2
239232928,0,1,1
239360907,0,1,1
239417082,0,2,2
239425427,0,1,1
240035321,0,2,2
240066314,0,1,1
240107224,0,1,1
240123773,0,5,5
240376317,0,1,1
240393947,0,1,1
240427839,0,1,1
240430833,0,5,5
240477248,0,5,5
240492000,0,3,3
240730449,0,1,1
241035228,0,3,3
241212622,0,1,1
241411618,0,1,1
241556253,0,1,1
241700937,0,1,1
242020760,0,2,2
242029272,0,1,1
242078217,0,12,12
242091608,0,1,1
242100066,0,1,1
242542119,0,2,2
242944499,0,3,3
242979477,0,1,1
242988968,0,101,101
243015900,0,3,3
243149020,0,2,2
243264646,0,10,10
243356205,0,3,3
243895651,0,1,1
244051583,0,2,2
244096406,0,1,1
244187644,0,1,1
244345019,0,1,1
244491552,0,1,1
244957467,0,3,3
245109455,0,2,2
245109882,0,2,2
245142070,0,1,1
245510319,0,5,5
245539297,0,1,1
245983319,0,44,44
246016664,0,10,10
246104784,0,2,2
246104987,0,6,6
246283132,0,1,1
246385872,0,3,3
246549718,0,3,3
246557633,0,2,2
246577227,0,1,1
246578729,0,1,1
246593922,0,5,5
246652085,0,3,3
246734396,0,1,1
246812851,0,1,1
246879333,0,1,1
247033767,0,1,1
247138913,0,1,1
247205326,0,1,1
247351724,0,5,5
247431223,0,1,1
247462443,0,2,2
247530542,0,2,2
247632274,0,1,1
247646085,0,1,1
247977296,0,1,1
248088143,0,1,1
248104475,0,1,1
248354234,0,1,1
248504728,0,4,4
248540427,0,1,1
248712612,0,1,1
248885857,0,1,1
248890348,0,3,3
248976665,0,7,7
249346205,0,1,1
249354917,0,6,6
249487267,0,1,1
249690154,0,1,1
249754488,0,2,2
249771246,0,1,1
249794334,0,2,2
249795922,0,3,3
249828025,0,2,2
249841274,0,7,7
249910346,0,12,12
249967890,0,1,1
249992999,0,1,1
250012251,0,1,1
250210168,0,1,1
250222776,0,1,1
250282856,0,1,1
250361112,0,5,5
250413725,0,1,1
250424497,0,1,1
250461467,0,2,2
250472491,0,1,1
250487126,0,1,1
250548574,0,1,1
250764122,0,1,1
250789312,0,1,1
250849265,0,3,3
250849580,0,21,21
250854849,0,1,1
250881182,0,2,2
250932808,0,1,1
250988555,0,2,2
251224456,0,15,15
251372939,0,1,1
251433672,0,2,2
251615646,0,1,1
251794885,0,1,1
252039125,0,1,1
252092201,0,1,1
252124525,0,1,1
252197019,0,21,21
252302639,0,1,1
252314185,0,1,1
252316372,0,1,1
252464060,0,2,2
252483853,0,17,17
252537018,0,1,1
252602388,0,1,1
252625589,0,1,1
252766425,0,12,12
252769571,0,3,3
252826664,0,3,3
253106887,0,1,1
253363737,0,11,11
253692883,0,1,1
253764587,0,2,2
253833669,0,2,2
254070424,0,1,1
254111890,0,1,1
254172719,0,6,6
254183244,0,1,1
254283240,0,7,7
254385225,0,1,1
254525743,0,3,3
254766583,0,1,1
255182895,0,1,1
255210031,0,1,1
255269206,0,2,2
255381930,0,6,6
255394028,0,4,4
255400786,0,1,1
255810544,0,2,2
255835899,0,1,1
256120992,0,2,2
256298734,0,11,11
256301185,0,8,8
256473901,0,5,5
256767444,0,2,2
256806974,0,3,3
256906621,0,1,1
256917973,0,1,1
257221086,0,2,2
257284273,0,5,5
257523481,0,3,3
257550955,0,1,1
257577278,0,2,2
257886199,0,4,4
258001574,0,11,11
258004762,0,2,2
258121270,0,35,35
258153570,0,1,1
258189085,0,1,1
258218805,0,1,1
258219533,0,1,1
258497039,0,2,2
258928741,0,7,7
259330135,0,2,2
259332708,0,3,3
259353669,0,2,2
259471346,0,1,1
259506637,0,29,29
259730041,0,1,1
259812393,0,3,3
259820036,0,1,1
259856497,0,5,5
259872468,0,3,3
259876350,0,1,1
259936473,0,1,1
259970736,0,1,1
260277622,0,2,2
260324721,0,2,2
260423766,0,1,1
260461299,0,1,1
260754244,0,3,3
260821735,0,1,1
260885616,0,4,4
260915622,0,1,1
260928337,0,3,3
261075444,0,2,2
261121513,0,15,15
261324001,0,2,2
261375916,0,2,2
261418180,0,5,5
261436967,0,3,3
261556534,0,1,1
261899285,0,1,1
261913883,0,1,1
261939426,0,7,7
261984622,0,1,1
262033221,0,1,1
262280035,0,1,1
262365083,0,1,1
262422224,0,4,4
262509745,0,1,1
262548875,0,4,4
262581798,0,1,1
262735484,0,3,3
262809617,0,1,1
262845998,0,1,1
262857382,0,1,1
262892157,0,1,1
263188233,0,2,2
263282354,0,2,2
263291189,0,1,1
263353542,0,1,1
263368221,0,1,1
263389420,0,1,1
263415798,0,5,5
263426280,0,1,1
263436470,0,1,1
263500269,0,2,2
263502527,0,2,2
263708122,0,8,8
263879455,0,1,1
263966773,0,7,7
264192601,0,11,11
264278889,0,1,1
264455390,0,3,3
264494812,0,1,1
264518064,0,3,3
264617724,0,2,2
264818472,0,9,9
264827933,0,2,2
264864363,0,2,2
265149228,0,2,2
265200748,0,1,1
265533547,0,1,1
265576006,0,2,2
265642404,0,2,2
265743592,0,8,8
266200540,0,3,3
266205905,0,5,5
266228055,0,1,1
266316336,0,4,4
266446795,0,1,1
266650070,0,1,1
266663514,0,1,1
266903898,0,1,1
267012392,0,1,1
267028236,0,3,3
267121768,0,1,1
267200042,0,2,2
267221643,0,54,54
267313351,0,2,2
267342991,0,8,8
267389190,0,2,2
267597374,0,1,1
267862252,0,3,3
267953837,0,1,1
268014445,0,5,5
268039129,0,2,2
268469704,0,8,8
268590342,0,1,1
268662889,0,2,2
268793564,0,1,1
268961259,0,1,1
269060506,0,1,1
269415575,0,1,1
269460661,0,1,1
269548441,0,31,31
269585830,0,1,1
269586381,0,1,1
269871152,0,3,3
269922271,0,1,1
269941394,0,1,1
269946818,0,4,4
270015356,0,1,1
270059554,0,2,2
270318758,0,1,1
270345325,0,2,2
270380202,0,1,1
270394612,0,7,7
270598897,0,3,3
270606239,0,2,2
270625550,0,1,1
270717589,0,3,3
270866309,0,1,1
270898230,0,1,1
270922944,0,1,1
271055390,0,8,8
271116428,0,1,1
271239847,0,8,8
271486225,0,2,2
271759339,0,11,11
272090683,0,1,1
272158038,0,1,1
272160092,0,1,1
272205314,0,1,1
272505891,0,12,12
272676324,0,1,1
272761939,0,1,1
272787821,0,1,1
272969872,0,2,2
273042317,0,2,2
273076682,0,8,8
273093793,0,1,1
273107957,0,2,2
273328854,0,1,1
273465530,0,5,5
273975910,0,3,3
274109636,0,2,2
274176505,0,9,9
274178480,0,4,4
274186560,0,1,1
274200996,0,9,9
274258802,0,3,3
274286888,0,3,3
274630065,0,1,1
274631567,0,3,3
274667404,0,1,1
274689632,0,1,1
274723688,0,1,1
274860023,0,6,6
275236901,0,2,2
275242508,0,1,1
275318912,0,3,3
275337378,0,1,1
275573358,0,2,2
275661820,0,1,1
275831946,0,3,3
275968893,0,1,1
276095569,0,2,2
276218249,0,17,17
276280852,0,1,1
276328627,0,1,1
276581844,0,2,2
276606945,0,1,1
276748074,0,3,3
276775831,0,1,1
276791546,0,2,2
276797045,0,1,1
276996532,0,1,1
277034700,0,3,3
277154056,0,147,147
277175095,0,1,1
277232613,0,4,4
277267331,0,1,1
277269922,0,1,1
277324671,0,1,1
277526421,0,1,1
277898037,0,1,1
277904141,0,1,1
278116626,0,1,1
278322481,0,9,9
278587390,0,1,1
278855694,0,5,5
278873365,0,1,1
278886215,0,1,1
279071495,0,1,1
279190265,0,1,1
279208035,0,1,1
279499343,0,35,35
279618508,0,131,131
279644970,0,2,2
279848816,0,1,1
279926277,0,1,1
279934914,0,2,2
279964994,0,1,1
280041965,0,1,1
280206899,0,1,1
280288703,0,2,2
280321148,0,6,6
280656200,0,1,1
280846776,0,1,1
280941682,0,1,1
281008995,0,1,1
281168313,0,4,4
281177410,0,1,1
281280253,0,1,1
281289866,0,2,2
281327221,0,1,1
281339344,0,17,17
281342584,0,2,2
281351319,0,3,3
281366656,0,2,2
281687007,0,1,1
281783417,0,1,1
281924142,0,1,1
281971094,0,1,1
282108074,0,1,1
282279155,0,1,1
282327219,0,1,1
282545244,0,3,3
282684014,0,1,1
283127406,0,1,1
283194052,0,4,4
283254293,0,1,1
283270318,0,9,9
284135351,0,3,3
284268000,0,38,38
284296690,0,7,7
284744667,0,5,5
284840167,0,2,2
284943120,0,2,2
285090057,0,1,1
285206610,0,1,1
285393713,0,1,1
285778196,0,9,9
285809755,0,3,3
285983661,0,3,3
286000294,0,2,2
286801886,0,29,29
286850669,0,1,1
286853713,0,1,1
287093889,0,1,1
287495410,0,7,7
287506873,0,44,44
287963467,0,14,14
287996824,0,3,3
288389092,0,4,4
288429515,0,1,1
288919511,0,1,1
289037934,0,1,1
289238855,0,1,1
289570550,0,1,1
289610387,0,1,1
289611092,0,1,1
289734575,0,11,11
290157413,0,5,5
290222727,0,2,2
290230743,0,4,4
290265539,0,1,1
290495747,0,2,2
290603114,0,1,1
290664328,0,5,5
290838890,0,1,1
290843855,0,1,1
290846422,0,2,2
291128351,0,1,1
291242443,0,4,4
291453848,0,5,5
291486101,0,1,1
291506832,0,18,18
291534925,0,2,2
291565720,0,4,4
291998449,0,2,2
292065936,0,1,1
292093124,0,1,1
292170536,0,1,1
292615810,0,7,7
292675477,0,1,1
292721906,0,3,3
292779390,0,2,2
292855258,0,1,1
292893270,0,2,2
293008836,0,3,3
293061665,0,1,1
293610732,0,9,9
293798728,0,1,1
293935323,0,1,1
294194711,0,1,1
294266436,0,16,16
294319580,0,1,1
294420197,0,1,1
294725964,0,1,1
294911068,0,1,1
294934299,0,1,1
295274019,0,1,1
295394265,0,2,2
295434849,0,2,2
295448493,0,2,2
295460441,0,5,5
295711337,0,3,3
295773642,0,7,7
295932958,0,1,1
296143004,0,1,1
296375143,0,1,1
296387393,0,1,1
296441293,0,2,2
296456026,0,3,3
296485609,0,1,1
296495406,0,1,1
296577794,0,1,1
297078835,0,2,2
297142657,0,1,1
297188339,0,3,3
297265083,0,4,4
297535251,0,1,1
297661196,0,1,1
297681812,0,2,2
297715062,0,2,2
297747061,0,1,1
297837635,0,1,1
298199568,0,1,1
298225217,0,1,1
298312735,0,1,1
298370657,0,1,1
298428798,0,1,1
298808025,0,5,5
299313074,0,1,1
299341234,0,2,2
299361805,0,3,3
299452821,0,25,25
299653624,0,1,1
299683375,0,1,1
299719194,0,14,14
299804178,0,1,1
299834368,0,1,1
299864272,0,18,18
299912962,0,1,1
299928077,0,1,1
299987273,0,1,1
300290452,0,2,2
300363466,0,1,1
300482600,0,1,1
300533440,0,8,8
300577583,0,1,1
300716819,0,9,9
300909212,0,2,2
300927831,0,2,2
301012438,0,1,1
301082998,0,6,6
301110178,0,3,3
301219529,0,1,1
301370129,0,1,1
301463253,0,7,7
301515863,0,1,1
301618800,0,1,1
301668791,0,1,1
301787150,0,5,5
301928164,0,3,3
302213649,0,3,3
302223003,0,1,1
302722774,0,1,1
303003865,0,2,2
303163327,0,1,1
303841084,0,1,1
304055868,0,1,1
304250102,0,1,1
304508532,0,1,1
304710394,0,7,7
304795130,0,7,7
305167069,0,2,2
305350343,0,1,1
305620300,0,1,1
305713110,0,9,9
306000366,0,2,2
306187678,0,2,2
306206481,0,2,2
306520975,0,2,2
306624918,0,1,1
307396990,0,2,2
307584788,0,1,1
307679454,0,2,2
307679667,0,1,1
307705885,0,1,1
308250440,0,1,1
308711121,0,1,1
308768810,0,2,2
309126590,0,3,3
309144507,0,4,4
309161493,0,2,2
309398514,0,2,2
309441567,0,6,6
309893693,0,1,1
309900349,0,2,2
309998504,0,8,8
310028318,0,2,2
310221185,0,1,1
310283276,0,3,3
310331505,0,5,5
310464192,0,1,1
310573917,0,1,1
310668583,0,1,1
310673881,0,2,2
310692410,0,1,1
310869334,0,5,5
311043050,0,1,1
311205060,0,2,2
311352779,0,1,1
311491643,0,1,1
311662056,0,1,1
312124514,0,10,10
312169591,0,3,3
312217465,0,1,1
312226441,0,1,1
312805675,0,2,2
312842906,0,2,2
312994350,0,1,1
313554369,0,1,1
313621046,0,2,2
313873699,0,1,1
313879788,0,3,3
314012148,0,1,1
314151079,0,2,2
314306802,0,1,1
315015207,0,3,3
315331161,0,8,8
315394640,0,3,3
315525617,0,1,1
315906352,0,1,1
315924076,0,1,1
316095229,0,1,1
316234686,0,1,1
316275790,0,2,2
316557040,0,2,2
316631750,0,1,1
317135855,0,7,7
317381878,0,2,2
317424996,0,3,3
317435270,0,1,1
317647398,0,4,4
317662316,0,1,1
318280471,0,2,2
318301281,0,3,3
318630625,0,2,2
318641108,0,1,1
318667912,0,1,1
318705439,0,1,1
319000736,0,1,1
319229913,0,1,1
319306826,0,2,2
319471371,0,1,1
319584294,0,4,4
319796232,0,2,2
319872390,0,2,2
320250706,0,1,1
320338274,0,8,8
320730796,0,11,11
320753762,0,1,1
321030936,0,1,1
321086180,0,2,2
321150758,0,2,2
321394312,0,2,2
321582795,0,1,1
321669115,0,15,15
321840876,0,171,171
322005490,0,3,3
322301006,0,1,1
322329677,0,4,4
322688820,0,6,6
323021389,0,4,4
323279944,0,1,1
323523842,0,1,1
323525494,0,6,6
323704150,0,2,2
323985136,0,5,5
324062298,0,11,11
324132656,0,1,1
324762779,0,1,1
325029381,0,1,1
325862759,0,2,2
325866689,0,3,3
325927876,0,9,9
326564615,0,1,1
326650759,0,1,1
326930240,0,1,1
327123433,0,1,1
327320627,0,2,2
327365775,0,11,11
327373495,0,1,1
327584182,0,3,3
327592612,0,5,5
327660858,0,1,1
328246041,0,4,4
328450695,0,19,19
328550709,0,1,1
328626719,0,8,8
328737084,0,1,1
328755162,0,2,2
328776431,0,2,2
328808490,0,1,1
329162423,0,1,1
329262608,0,1,1
329348771,0,3,3
329449173,0,5,5
329518426,0,1,1
329625824,0,1,1
329628632,0,1,1
329811899,0,1,1
330065500,0,1,1
330082842,0,1,1
330100136,0,4,4
330235407,0,2,2
330356064,0,1,1
330494462,0,5,5
330585234,0,8,8
330830470,0,1,1
331349577,0,1,1
331559475,0,1,1
331962268,0,1,1
331991211,0,1,1
332040086,0,1,1
332273258,0,6,6
332319997,0,1,1
332988053,0,1,1
333113172,0,1,1
333568505,0,5,5
334289052,0,1,1
334295039,0,1,1
334395557,0,2,2
334458598,0,1,1
334803455,0,1,1
335321570,0,15,15
335322803,0,1,1
335444844,0,1,1
335664271,0,1,1
335811831,0,1,1
336058911,0,1,1
336072154,0,2,2
336502284,0,4,4
336711244,0,3,3
336748775,0,2,2
336780573,0,1,1
337240694,0,5,5
337423854,0,1,1
337425712,0,1,1
337443348,0,2,2
337490766,0,2,2
337741836,0,3,3
337795465,0,52,52
337860264,0,1,1
337984821,0,1,1
338005354,0,1,1
338084577,0,1,1
338367625,0,6,6
338492591,0,24,24
338590117,0,1,1
338714985,0,4,4
338737167,0,1,1
338826144,0,1,1
338891922,0,3,3
339171937,0,1,1
339219655,0,26,26
339665321,0,1,1
339908412,0,1,1
339975373,0,2,2
340067849,0,2,2
340195981,0,1,1
340197944,0,1,1
340339911,0,1,1
340424509,0,3,3
340485889,0,10,10
340523273,0,3,3
340574597,0,4,4
340582322,0,3,3
340688912,0,1,1
340742079,0,2,2
340814188,0,5,5
340814333,0,6,6
341097838,0,1,1
341130361,0,1,1
341172184,0,37,37
341191272,0,7,7
341228627,0,2,2
341519708,0,5,5
341560776,0,1,1
341687647,0,3,3
341786103,0,1,1
342101068,0,1,1
342162655,0,1,1
342442526,0,6,6
342775968,0,1,1
342943009,0,5,5
342952204,0,5,5
343267879,0,5,5
343327974,0,1,1
343503849,0,5,5
343661698,0,1,1
343676150,0,3,3
344111422,0,2,2
344251613,0,1,1
344287885,0,1,1
344674735,0,1,1
344804767,0,1,1
344881608,0,23,23
345416963,0,3,3
345418083,0,2,2
345481285,0,6,6
345592846,0,1,1
345742505,0,1,1
345786040,0,2,2
345837023,0,3,3
346109837,0,2,2
346118131,0,4,4
346131034,0,1,1
346133690,0,3,3
346190154,0,3,3
346286245,0,1,1
346426193,0,1,1
346754757,0,8,8
346873640,0,1,1
346913016,0,8,8
347026311,0,1,1
347330117,0,2,2
347495994,0,1,1
347618965,0,2,2
347715440,0,1,1
347893016,0,6,6
348535377,0,1,1
348538102,0,1,1
348606769,0,4,4
348714609,0,2,2
348855602,0,2,2
348879184,0,2,2
348906684,0,1,1
349372439,0,5,5
349393609,0,1,1
349447135,0,7,7
349460761,0,1,1
349500534,0,2,2
349507404,0,3,3
349959444,0,2,2
350152275,0,2,2
350229696,0,2,2
350323523,0,1,1
350513063,0,1,1
350647665,0,3,3
350668223,0,1,1
350729457,0,1,1
350854490,0,1,1
350996406,0,1,1
351384310,0,1,1
352016435,0,2,2
352329625,0,3,3
352345125,0,2,2
352351629,0,5,5
352376804,0,1,1
352395644,0,1,1
352591016,0,1,1
352655797,0,2,2
352853232,0,2,2
353367520,0,1,1
353408253,0,1,1
353432031,0,1,1
353820295,0,2,2
354044734,0,4,4
354095129,0,2,2
355063281,0,3,3
355308934,0,2,2
355310689,0,1,1
355456336,0,1,1
355641725,0,2,2
356048628,0,1,1
356172054,0,1,1
356270826,0,1,1
356395816,0,1,1
356561769,0,1,1
356966890,0,1,1
357620009,0,1,1
357638319,0,1,1
357773223,0,1,1
357915802,0,1,1
358136980,0,3,3
358234696,0,1,1
358358542,0,1,1
358715927,0,1,1
358912874,0,1,1
358967064,0,1,1
359119646,0,2,2
359442436,0,3,3
359497684,0,9,9
359570287,0,4,4
359777828,0,1,1
359955645,0,15,15
359970200,0,1,1
360348383,0,1,1
360742888,0,3,3
360838242,0,3,3
360883992,0,1,1
361030098,0,1,1
361312031,0,3,3
361331292,0,1,1
361336377,0,25,25
361354878,0,2,2
361555389,0,4,4
361825938,0,2,2
362133776,0,1,1
362161097,0,1,1
362195994,0,1,1
362262956,0,4,4
362290415,0,42,42
362472167,0,3,3
362547740,0,5,5
362659950,0,4,4
362692576,0,2,2
362975422,0,1,1
363013571,0,11,11
363214118,0,10,10
363490496,0,1,1
363501068,0,1,1
363800608,0,3,3
363870211,0,1,1
363919311,0,1,1
364005244,0,1,1
364058195,0,1,1
364097086,0,1,1
364300319,0,8,8
364525222,0,3,3
364639577,0,2,2
365073587,0,3,3
365093718,0,1,1
365264829,0,2,2
365308196,0,3,3
365560977,0,2,2
365992946,0,1,1
366062667,0,2,2
366842064,0,4,4
366873869,0,3,3
367211065,0,1,1
367324293,0,2,2
367338132,0,1,1
367386653,0,4,4
367491153,0,1,1
367738318,0,2,2
367971242,0,1,1
368053684,0,3,3
368196789,0,2,2
368561321,0,1,1
368677073,0,1,1
368842919,0,3,3
369205909,0,1,1
369231934,0,1,1
369891106,0,3,3
370323494,0,6,6
370394210,0,14,14
370398818,0,7,7
370429269,0,1,1
370552834,0,9,9
370882820,0,138,138
370891358,0,3,3
371041079,0,4,4
371196267,0,9,9
371846193,0,7,7
371939678,0,1,1
372145761,0,1,1
372246658,0,1,1
372305000,0,1,1
372391272,0,1,1
372627574,0,1,1
372633530,0,1,1
372736052,0,1,1
373099660,0,1,1
373105029,0,2,2
373143817,0,1,1
373329390,0,1,1
373456804,0,1,1
373562841,0,1,1
373672070,0,1,1
373972787,0,1,1
374019844,0,3,3
374021162,0,1,1
374296790,0,25,25
374317066,0,15,15
374886237,0,1,1
374978819,0,2,2
375179528,0,1,1
375361002,0,41,41
375550384,0,4,4
375811176,0,3,3
375989904,0,9,9
376030632,0,1,1
376294931,0,1,1
376303126,0,2,2
376375089,0,4,4
376525124,0,1,1
376530245,0,1,1
376575627,0,2,2
376791336,0,1,1
376862609,0,1,1
376880500,0,1,1
377239075,0,1,1
377323865,0,1,1
377443655,0,1,1
377585694,0,3,3
377598981,0,16,16
377609596,0,2,2
377668578,0,1,1
377681325,0,2,2
377727420,0,1,1
377740621,0,1,1
378302041,0,6,6
378370393,0,4,4
378407099,0,3,3
378675714,0,5,5
378765059,0,1,1
379749290,0,1,1
380409830,0,2,2
380678680,0,3,3
381198502,0,1,1
381370892,0,1,1
381550318,0,8,8
381730680,0,1,1
382206668,0,1,1
382331836,0,1,1
382388333,0,9,9
382460943,0,2,2
382847372,0,2,2
382924739,0,10,10
383226569,0,1,1
383606013,0,2,2
383893310,0,1,1
383930088,0,2,2
383950333,0,2,2
384090861,0,3,3
384126185,0,7,7
384341391,0,4,4
384478346,0,3,3
384504541,0,2,2
384552139,0,1,1
384685037,0,2,2
384859317,0,3,3
385047921,0,2,2
385238944,0,1,1
385266734,0,5,5
385276586,0,1,1
385690659,0,13,13
385712335,0,1,1
385741703,0,1,1
385771776,0,2,2
385925416,0,3,3
385971106,0,2,2
386396068,0,2,2
386653476,0,1,1
386790617,0,1,1
386878542,0,3,3
386911363,0,2,2
386988051,0,1,1
387416764,0,5,5
387488949,0,1,1
387493536,0,1,1
387971528,0,1,1
388320167,0,4,4
388487219,0,5,5
388911205,0,5,5
389065077,0,2,2
389377180,0,5,5
389437079,0,183,183
389599456,0,1,1
389701913,0,2,2
389808368,0,1,1
389813587,0,1,1
389834695,0,1,1
389875858,0,2,2
389881568,0,12,12
390230688,0,1,1
390316729,0,1,1
390404670,0,1,1
390434468,0,1,1
390616772,0,1,1
390900597,0,1,1
391124414,0,1,1
391267008,0,2,2
391464284,0,2,2
391558625,0,2,2
391583285,0,1,1
391583996,0,1,1
391597938,0,3,3
391621559,0,1,1
391663431,0,23,23
391669611,0,1,1
392848707,0,1,1
393021995,0,89,89
393029545,0,1,1
393507046,0,1,1
393650365,0,5,5
393682076,0,3,3
393812106,0,1,1
393970689,0,2,2
394399188,0,2,2
394420762,0,3,3
394477639,0,1,1
394762955,0,1,1
394833154,0,1,1
394856320,0,5,5
394870067,0,2,2
395014405,0,2,2
395422013,0,1,1
395578337,0,1,1
396220891,0,1,1
396259156,0,1,1
396264814,0,1,1
396902694,0,3,3
396987025,0,1,1
397376450,0,1,1
397703138,0,19,19
397747181,0,7,7
397778230,0,2,2
397793960,0,13,13
398304867,0,1,1
398940741,0,3,3
399105624,0,6,6
399212921,0,1,1
399311841,0,1,1
399389814,0,1,1
399401819,0,1,1
399532863,0,5,5
399774695,0,1,1
399853294,0,1,1
400162767,0,6,6
400186777,0,1,1
400284210,0,1,1
400285193,0,3,3
400876827,0,1,1
401015900,0,2,2
401034401,0,14,14
401243476,0,1,1
401460432,0,2,2
401527352,0,2,2
401618662,0,1,1
401747811,0,1,1
401776011,0,2,2
401781718,0,1,1
401984891,0,1,1
402146735,0,2,2
402193332,0,7,7
402489947,0,1,1
402707743,0,1,1
402864796,0,30,30
402888514,0,4,4
402943571,0,2,2
403164592,0,12,12
403178453,0,2,2
403265959,0,1,1
403511982,0,2,2
403765973,0,1,1
404111427,0,7,7
404123500,0,1,1
404174524,0,1,1
404478656,0,1,1
404550655,0,1,1
405687759,0,1,1
405714942,0,1,1
405773499,0,1,1
406324068,0,2,2
407106801,0,1,1
407696930,0,7,7
407809683,0,2,2
407879145,0,3,3
407929495,0,1,1
407943171,0,1,1
408106665,0,3,3
410167880,0,1,1
410270718,0,1,1
410345305,0,2,2
410523759,0,1,1
410656819,0,1,1
411108307,0,2,2
411108773,0,2,2
411204288,0,1,1
411264084,0,23,23
411321829,0,1,1
411349665,0,4,4
411915544,0,6,6
411917056,0,1,1
412263324,0,2,2
412390219,0,1,1
412720514,0,1,1
412873401,0,12,12
413418870,0,2,2
413591915,0,2,2
413597188,0,1,1
414302043,0,1,1
414381110,0,2,2
414445254,0,2,2
414455145,0,1,1
414480785,0,1,1
414543569,0,1,1
414687618,0,1,1
414703443,0,1,1
414723372,0,1,1
414924326,0,10,10
414939870,0,3,3
415050163,0,1,1
415239963,0,1,1
415387370,0,1,1
415639417,0,1,1
417250017,0,1,1
417330518,0,1,1
417450576,0,1,1
417458391,0,2,2
417610568,0,1,1
418214257,0,2,2
418219480,0,1,1
418509953,0,2,2
419065337,0,5,5
419171173,0,1,1
419207126,0,5,5
420084978,0,1,1
420093814,0,1,1
420145694,0,1,1
420322641,0,4,4
421385240,0,2,2
421637436,0,1,1
422168080,0,4,4
422970434,0,1,1
423074915,0,3,3
423587395,0,21,21
423717038,0,7,7
423973958,0,1,1
424312366,0,3,3
424688633,0,24,24
424691485,0,1,1
425221107,0,1,1
425537354,0,3,3
425924826,0,2,2
425997544,0,8,8
426291215,0,1,1
426757023,0,1,1
426805652,0,35,35
426842641,0,6,6
426851990,0,2,2
427609214,0,1,1
428068397,0,5,5
428096779,0,1,1
428643993,0,1,1
429532172,0,1,1
429658948,0,2,2
430266581,0,1,1
430427349,0,1,1
430459707,0,568,568
430805940,0,4,4
430970173,0,1,1
431243663,0,2,2
431305055,0,1,1
431308739,0,1,1
432452468,0,1,1
432518351,0,1,1
432745197,0,2,2
432823228,0,4,4
433116637,0,5,5
433180397,0,1,1
433388309,0,1,1
433545439,0,2,2
433586429,0,2,2
433645820,0,2,2
433865900,0,1,1
434007265,0,1,1
434036751,0,1,1
434153859,0,5,5
434251038,0,1,1
434457769,0,1,1
434557542,0,4,4
434568102,0,2,2
435231582,0,1,1
435267110,0,1,1
436003856,0,12,12
436048050,0,3,3
436071689,0,17,17
436434225,0,11,11
436867313,0,2,2
436886909,0,2,2
437019753,0,6,6
437130560,0,2,2
437291334,0,2,2
437749231,0,3,3
437986231,0,2,2
438051873,0,1,1
438750490,0,1,1
438824009,0,1,1
438848753,0,1,1
438864717,0,9,9
439592075,0,1,1
439616973,0,8,8
439649501,0,1,1
439905060,0,1,1
440387164,0,4,4
440428603,0,2,2
440583346,0,1,1
440727092,0,1,1
440921564,0,1,1
440984746,0,1,1
440985298,0,1,1
441190792,0,1,1
441433067,0,1,1
441493182,0,49,49
442276110,0,1,1
442458634,0,6,6
442460855,0,1,1
442610682,0,2,2
442988257,0,1,1
443445462,0,1,1
443879740,0,1,1
444091116,0,1,1
444165647,0,1,1
444235597,0,1,1
444291949,0,1,1
444301049,0,3,3
444354827,0,1,1
444750289,0,3,3
445523686,0,2,2
445585415,0,3,3
445938199,0,1,1
445973313,0,1,1
446860650,0,1,1
447318536,0,3,3
447652772,0,2,2
448398849,0,2,2
448564359,0,2,2
448886479,0,2,2
449170451,0,1,1
449222632,0,1,1
449555683,0,2,2
449611417,0,17,17
450025350,0,14,14
450031601,0,1,1
450104511,0,6,6
450669914,0,1,1
450700108,0,1,1
451084588,0,1,1
451662665,0,39,39
451715973,0,1,1
451870993,0,1,1
451957498,0,1,1
452255316,0,1,1
452438606,0,1,1
452554890,0,3,3
452612353,0,1,1
453148251,0,1,1
453178437,0,71,71
453240452,0,1,1
453624889,0,2,2
454311666,0,1,1
454424190,0,1,1
454454778,0,3,3
454541966,0,1,1
454630834,0,2,2
454642000,0,4,4
455000784,0,2,2
455170228,0,1,1
455552658,0,1,1
455595843,0,1,1
455946764,0,1,1
456146616,0,2,2
456401339,0,12,12
456411632,0,2,2
456761312,0,1,1
456962832,0,1,1
457094194,0,1,1
457516073,0,1,1
458665571,0,21,21
458683336,0,2,2
458704558,0,1,1
458738534,0,2,2
458817922,0,2,2
458853966,0,1,1
458886614,0,29,29
460455698,0,2,2
460485233,0,1,1
460623274,0,8,8
460697562,0,2,2
460855550,0,1,1
461581109,0,10,10
461724118,0,1,1
462467358,0,1,1
462502607,0,11,11
462571376,0,45,45
462910662,0,20,20
463027671,0,2,2
463220423,0,1,1
463283804,0,1,1
463494994,0,1,1
464260522,0,2,2
464279604,0,1,1
464450433,0,3,3
464772310,0,1,1
464883810,0,1,1
465142888,0,5,5
465212150,0,4,4
465342559,0,15,15
465654745,0,1,1
465881363,0,3,3
465899354,0,2,2
466007854,0,3,3
466026716,0,1,1
466035513,0,1,1
466074552,0,2,2
466097249,0,29,29
466168496,0,1,1
466185291,0,2,2
467016100,0,3,3
467529553,0,1,1
467572841,0,2,2
467824443,0,2,2
467920219,0,2,2
467932000,0,1,1
468107158,0,2,2
468740470,0,1,1
468753412,0,5,5
468766976,0,2,2
468956917,0,2,2
469027249,0,1,1
469438450,0,1,1
469768893,0,1,1
469962505,0,5,5
469973314,0,1,1
470765576,0,1,1
470790902,0,2,2
471454073,0,7,7
471530914,0,1,1
471581974,0,1,1
471831234,0,1,1
471885354,0,1,1
472215501,0,7,7
472228303,0,1,1
472373157,0,1,1
473015556,0,1,1
473288505,0,1,1
473382529,0,1,1
473493850,0,3,3
473555174,0,5,5
473557873,0,76,76
473588689,0,1,1
473639205,0,1,1
474053956,0,5,5
474340346,0,2,2
474354816,0,1,1
474401484,0,1,1
474571109,0,3,3
476158157,0,1,1
476272398,0,2,2
476890328,0,1,1
477132881,0,1,1
477138880,0,2,2
477400397,0,1,1
477405005,0,1,1
477458082,0,1,1
477465872,0,1,1
477886544,0,16,16
477902904,0,1,1
478042230,0,3,3
478151814,0,9,9
478153503,0,2,2
478435829,0,1,1
478761380,0,1,1
479818498,0,1,1
480011159,0,8,8
480252482,0,1,1
480748814,0,2,2
480804118,0,12,12
481616515,0,1,1
482231748,0,1,1
482380285,0,2,2
482557322,0,2,2
483107974,0,8,8
483206664,0,4,4
483413836,0,1,1
483417851,0,1,1
483507505,0,1,1
483656558,0,2,2
483669489,0,3,3
484391324,0,2,2
484449533,0,3,3
485215574,0,2,2
485402604,0,1,1
485558071,0,2,2
485731286,0,2,2
485786002,0,4,4
485933080,0,2,2
485993916,0,2,2
486051951,0,1,1
486117072,0,14,14
486149525,0,3,3
486719429,0,2,2
486871281,0,1,1
487167032,0,1,1
487682011,0,4,4
487794655,0,1,1
487859192,0,3,3
487978216,0,1,1
488601825,0,1,1
488702565,0,1,1
488853454,0,1,1
489488844,0,1,1
489825654,0,2,2
490071534,0,25,25
490112892,0,1,1
490139295,0,1,1
490770389,0,1,1
490801975,0,1,1
490847617,0,10,10
490921881,0,1,1
491413345,0,4,4
491533389,0,4,4
491830506,0,1,1
491964661,0,18,18
492057572,0,1,1
492293312,0,7,7
492687638,0,48,48
492783390,0,3,3
492938063,0,1,1
493352182,0,1,1
493540799,0,1,1
493545668,0,5,5
493618378,0,2,2
493641739,0,6,6
493708687,0,5,5
494099004,0,1,1
494140576,0,2,2
494253533,0,2,2
494358069,0,1,1
494767211,0,1,1
494842696,0,1,1
495052393,0,3,3
495185543,0,1,1
495198297,0,3,3
495330518,0,2,2
495493954,0,2,2
495557282,0,4,4
495852051,0,1,1
497092794,0,2,2
498305971,0,1,1
498321235,0,1,1
498532565,0,2,2
498558592,0,1,1
499347389,0,4,4
499968085,0,1,1
500022986,0,1,1
500192953,0,1,1
500197800,0,3,3
500266762,0,1,1
501222926,0,6,6
501453921,0,3,3
501556589,0,2,2
501817486,0,5,5
502135251,0,2,2
502535674,0,12,12
502609829,0,2,2
502829147,0,1,1
502992027,0,2,2
503823417,0,1,1
505032138,0,1,1
505186837,0,7,7
505447297,0,1,1
505474000,0,1,1
506532779,0,2,2
506757819,0,2,2
508109974,0,1,1
508129744,0,2,2
509212441,0,1,1
509638591,0,1,1
510575340,0,5,5
510639916,0,11,11
510847496,0,2,2
510866735,0,1,1
510880052,0,1,1
510999960,0,2,2
511022037,0,1,1
511307407,0,1,1
511342411,0,3,3
511944184,0,1,1
512044958,0,1,1
512405852,0,2,2
512410920,0,1,1
512592327,0,4,4
512653168,0,2,2
513560137,0,1,1
513616337,0,13,13
513725381,0,1,1
513872434,0,33,33
513897520,0,3,3
513929054,0,2,2
515101154,0,4,4
515197046,0,1,1
516181549,0,17,17
516590002,0,33,33
517491134,0,1,1
517550083,0,2,2
518135627,0,2,2
518311107,0,2,2
518759309,0,3,3
519027255,0,2,2
519752735,0,1,1
519853624,0,1,1
519892140,0,2,2
519904888,0,2,2
520812193,0,2,2
520928269,0,2,2
521033490,0,2,2
521571025,0,1,1
521700523,0,2,2
522351375,0,3,3
522794177,0,1,1
522848484,0,1,1
523780152,0,1,1
523828650,0,2,2
524123262,0,1,1
524346316,0,2,2
524446606,0,2,2
524493176,0,3,3
524533791,0,1,1
524775262,0,1,1
524877462,0,3,3
525452610,0,15,15
525595860,0,10,10
526735893,0,1,1
526878371,0,4,4
527640646,0,1,1
527672833,0,13,13
528261651,0,7,7
528820859,0,5,5
528877193,0,57,57
528951919,0,5,5
529161078,0,1,1
531223735,0,1,1
531562015,0,1,1
531725469,0,1,1
531731148,0,2,2
531778090,0,2,2
532369995,0,1,1
532434540,0,1,1
532726226,0,1,1
533699760,0,5,5
534069621,0,2,2
534422601,0,7,7
534931767,0,3,3
535072604,0,1,1
535761169,0,12,12
535776480,0,11,11
535814292,0,1,1
535910358,0,2,2
536316711,0,1,1
536423219,0,1,1
536568972,0,3,3
536673901,0,1,1
536807480,0,2,2
536835289,0,1,1
536915288,0,1,1
537193539,0,1,1
537551503,0,2,2
537776452,0,22,22
537815863,0,1,1
538397778,0,3,3
538472531,0,4,4
538666554,0,2,2
539072581,0,1,1
539416362,0,1,1
539436079,0,4,4
539598432,0,1,1
540076803,0,1,1
540183363,0,5,5
540368783,0,3,3
540499794,0,3,3
540832037,0,1,1
541059282,0,1,1
541097191,0,1,1
541126196,0,1,1
541711143,0,1,1
541781561,0,1,1
542031485,0,1,1
542343044,0,4,4
543000639,0,3,3
543520235,0,10,10
543675589,0,1,1
543998472,0,8,8
544358297,0,3,3
544750278,0,9,9
544883442,0,1,1
545381246,0,1,1
545609997,0,1,1
545616689,0,12,12
546280441,0,1,1
546454017,0,1,1
546660340,0,2,2
547222615,0,5,5
548002992,0,1,1
548472042,0,2,2
549419025,0,1,1
549496069,0,4,4
550132402,0,3,3
550208596,0,1,1
550574404,0,2,2
550720287,0,1,1
550817106,0,7,7
550876905,0,5,5
550992373,0,12,12
551029637,0,1,1
551133658,0,1,1
551461210,0,10,10
551472032,0,3,3
552022338,0,5,5
552308378,0,1,1
552331090,0,2,2
552583431,0,1,1
553568014,0,2,2
553964531,0,3,3
554185689,0,7,7
555345439,0,2,2
555357209,0,2,2
555760820,0,2,2
556145791,0,1,1
556612251,0,1,1
557154568,0,2,2
558063943,0,4,4
558072473,0,5,5
558168625,0,1,1
558260358,0,19,19
558368157,0,39,39
558461375,0,2,2
558686211,0,3,3
559247030,0,1,1
559898880,0,10,10
560658930,0,1,1
560672804,0,1,1
560710162,0,1,1
561516853,0,4,4
561577363,0,1,1
561687126,0,3,3
562068048,0,2,2
562382079,0,1,1
562401590,0,4,4
562619743,0,2,2
562860276,0,1,1
562964826,0,2,2
563033693,0,1,1
563125343,0,1,1
563816499,0,2,2
564218050,0,14,14
564567589,0,3,3
565099554,0,3,3
565342079,0,1,1
566247348,0,1,1
566727599,0,29,29
567227206,0,4,4
567386353,0,4,4
567497808,0,2,2
567544812,0,1,1
568262306,0,1,1
568763037,0,6,6
569037310,0,1,1
569452503,0,2,2
569676375,0,22,22
569763249,0,2,2
570163562,0,4,4
570200255,0,2,2
570845118,0,7,7
571089475,0,11,11
571106159,0,1,1
571525339,0,9,9
572752333,0,4,4
572840249,0,53,53
573255325,0,37,37
573822117,0,3,3
574141999,0,4,4
574531076,0,1,1
574823172,0,1,1
575689712,0,3,3
575999970,0,17,17
576382204,0,4,4
576615204,0,7,7
576734385,0,1,1
576846723,0,2,2
577296560,0,2,2
577553950,0,2,2
577560878,0,1,1
577809440,0,4,4
579043655,0,2,2
579885760,0,2,2
579887629,0,3,3
579891011,0,5,5
580307792,0,1,1
580527428,0,4,4
580978766,0,2,2
581509763,0,2,2
582385423,0,1,1
582590568,0,3,3
582943063,0,1,1
584095622,0,1,1
584427327,0,4,4
584690375,0,2,2
584747216,0,1,1
585100333,0,2,2
586513204,0,1,1
586729933,0,1,1
587204559,0,3,3
587762509,0,2,2
588739835,0,1,1
588751583,0,1,1
588820942,0,5,5
589480675,0,2,2
590105800,0,2,2
590552860,0,2,2
590781116,0,1,1
591351828,0,1,1
591795075,0,1,1
593897228,0,1,1
593938172,0,1,1
594046507,0,2,2
594075034,0,1,1
594175899,0,1,1
594238652,0,1,1
594740337,0,5,5
595172976,0,1,1
595665351,0,7,7
595712996,0,13,13
595978940,0,11,11
596025851,0,1,1
596832935,0,1,1
597061192,0,10,10
598134676,0,10,10
598928075,0,1,1
599572854,0,1,1
599795058,0,1,1
600601851,0,9,9
600678828,0,1,1
600758904,0,1,1
600876416,0,2,2
601087282,0,3,3
601428361,0,1,1
601530256,0,1,1
601534538,0,3,3
602493926,0,3,3
602902155,0,1,1
602988070,0,8,8
603132832,0,1,1
603999785,0,1,1
604310205,0,2,2
604521298,0,1,1
604569449,0,1,1
604836296,0,4,4
604949797,0,2,2
605509229,0,1,1
606019716,0,1,1
606333870,0,2,2
606528289,0,1,1
606702195,0,2,2
606752491,0,1,1
606796588,0,4,4
606827760,0,2,2
606858565,0,1,1
607400886,0,2,2
607612414,0,1,1
607623143,0,1,1
608221100,0,4,4
608265645,0,1,1
608323706,0,1,1
608439791,0,1,1
608608827,0,2,2
608639909,0,9,9
609462982,0,14,14
609579109,0,1,1
610065715,0,1,1
610244538,0,28,28
610320045,0,2,2
611118516,0,1,1
611260742,0,31,31
611971131,0,1,1
612134519,0,2,2
612891338,0,5,5
612918177,0,2,2
612946819,0,1,1
613151337,0,1,1
613385915,0,2,2
613431367,0,3,3
613752834,0,1,1
613866882,0,1,1
613956831,0,1,1
614038083,0,1,1
614371247,0,4,4
614705355,0,3,3
614957952,0,1,1
615110999,0,1,1
615615447,0,16,16
615950512,0,2,2
615953083,0,2,2
616085747,0,9,9
616160824,0,1,1
616181743,0,1,1
616383721,0,2,2
616818446,0,2,2
616976333,0,1,1
616994905,0,1,1
618152194,0,12,12
618410202,0,2,2
618490703,0,1,1
619121985,0,9,9
619196857,0,1,1
619358026,0,1,1
619505292,0,1,1
619565710,0,2,2
619731508,0,5,5
620368823,0,1,1
620453762,0,16,16
620458207,0,9,9
620470948,0,5,5
620486923,0,3,3
620489159,0,2,2
620500144,0,8,8
620548767,0,2,2
621122060,0,37,37
621485890,0,28,28
621717444,0,1,1
622876674,0,1,1
622932425,0,2,2
623045225,0,2,2
623268363,0,1,1
624189237,0,1,1
624388323,0,1,1
624760483,0,1,1
625380831,0,1,1
625628747,0,3,3
625839686,0,3,3
626515184,0,8,8
626687605,0,15,15
626902743,0,1,1
626938613,0,4,4
627068630,0,1,1
627378122,0,1,1
627711547,0,1,1
628493596,0,1,1
628647999,0,5,5
628679609,0,10,10
630402530,0,1,1
630709885,0,30,30
631586953,0,5,5
631623699,0,4,4
631641135,0,1,1
631672207,0,4,4
631949771,0,1,1
632007923,0,9,9
632228752,0,1,1
632275750,0,1,1
632519257,0,10,10
633089365,0,1,1
633107948,0,1,1
633143185,0,1,1
633247183,0,1,1
633365323,0,81,81
634884854,0,1,1
634943203,0,1,1
635088735,0,1,1
635214118,0,1,1
635237393,0,1,1
635244109,0,1,1
635288874,0,5,5
636144078,0,1,1
636211811,0,2,2
636514917,0,50,50
636620895,0,1,1
701126358,0,1,1
703497684,0,3,3
706257864,0,17,17
706447326,0,7,7
706644350,0,1,1
709763040,0,2,2
710228246,0,1,1
713550972,0,10,10
716725658,0,9,9
717043431,0,2,2
717239173,0,25,25
717335912,0,1,1
718184090,0,3,3
718747970,0,1,1
718783020,0,5,5
719293999,0,3,3
720582367,0,1,1
721617552,0,2,2
722159844,0,1,1
722544332,0,1,1
722583270,0,5,5
722841380,0,3,3
722991133,0,1,1
723443496,0,1,1
724352288,0,2,2
724453436,0,2,2
724579920,0,4,4
724945933,0,1,1
725307313,0,1,1
726176287,0,4,4
726372601,0,1,1
726484148,0,2,2
726951708,0,5,5
728464490,0,2,2
728535570,0,9,9
729828661,0,1,1
729907170,0,2,2
731143627,0,1,1
731550074,0,5,5
731736720,0,1,1
733408494,0,2,2
733906326,0,17,17
735359240,0,1,1
735849644,0,1,1
736233012,0,7,7
736240717,0,1,1
739082250,0,2,2
739362570,0,1,1
740785069,0,3,3
742167091,0,2,2
742255712,0,4,4
742446048,0,2,2
743127954,0,1,1
744086437,0,1,1
744433028,0,1,1
745363766,0,1,1
745996020,0,2,2
746032532,0,1,1
746087288,0,10,10
746161202,0,2,2
747483308,0,14,14
749790006,0,1,1
749857962,0,16,16
749977579,0,2,2
750093810,0,1,1
750414474,0,4,4
751217982,0,1,1
752515903,0,15,15
753516223,0,1,1
753995653,0,1,1
754327116,0,1,1
755627622,0,2,2
757963261,0,1,1
760132646,0,1,1
760250466,0,1,1
762055262,0,1,1
762121088,0,2,2
762583238,0,3,3
762654954,0,1,1
763141069,0,2,2
763723500,0,4,4
765285276,0,1,1
766340960,0,2,2
766944325,0,1,1
767124032,0,3,3
767809219,0,1,1
767924785,0,2,2
768203947,0,1,1
768679872,0,3,3
770014616,0,2,2
770559140,0,1,1
771511754,0,6,6
771848136,0,5,5
772398000,0,4,4
772799935,0,2,2
773145516,0,19,19
774566065,0,1,1
774571032,0,4,4
775298700,0,4,4
776608844,0,1,1
777052290,0,1,1
778269660,0,6,6
778706946,0,2,2
778818102,0,1,1
779535846,0,1,1
780993961,0,1,1
781679035,0,1,1
782937457,0,3,3
783567108,0,2,2
784506397,0,12,12
784754623,0,1,1
784821116,0,4,4
786719844,0,1,1
786873931,0,1,1
786982441,0,2,2
787730120,0,1,1
787852411,0,6,6
788346470,0,2,2
790664329,0,5,5
791066611,0,1,1
791077327,0,6,6
791636629,0,1,1
792393684,0,7,7
792836491,0,2,2
792906836,0,1,1
792930830,0,1,1
793062650,0,1,1
793205497,0,1,1
794362628,0,1,1
794527586,0,1,1
795254522,0,9,9
795731900,0,1,1
796240783,0,2,2
796670929,0,1,1
797003510,0,2,2
797014304,0,1,1
797129659,0,3,3
797446902,0,1,1
797454840,0,2,2
798363288,0,1,1
798653563,0,1,1
799407224,0,5,5
799664911,0,2,2
800748296,0,11,11
801588828,0,1,1
801816098,0,1,1
803252808,0,15,15
803553492,0,1,1
803599441,0,3,3
806065524,0,4,4
806875231,0,8,8
807110556,0,2,2
807193531,0,1,1
807237768,0,1,1
807281209,0,7,7
807951878,0,1,1
808021232,0,35,35
808115250,0,4,4
809758087,0,1,1
809985698,0,1,1
810456703,0,23,23
811155457,0,1,1
811940977,0,1,1
814325990,0,7,7
817392668,0,1,1
817809860,0,4,4
818043848,0,5,5
818357809,0,1,1
818863208,0,25,25
819480396,0,6,6
819770024,0,8,8
820267986,0,3,3
820530204,0,1,1
820664839,0,1,1
820724839,0,1,1
821982758,0,2,2
822011774,0,1,1
824204138,0,1,1
824480546,0,2,2
825810342,0,1,1
825841783,0,1,1
826115562,0,6,6
826261914,0,6,6
827788813,0,16,16
827845303,0,4,4
828187562,0,1,1
829446858,0,1,1
829876316,0,1,1
830190662,0,1,1
830890728,0,5,5
831197257,0,1,1
831846590,0,3,3
833984502,0,2,2
834007652,0,1,1
834425101,0,42,42
834782888,0,5,5
834837452,0,1,1
834838932,0,3,3
836406758,0,1,1
836772228,0,2,2
836892864,0,1,1
836922157,0,3,3
836986740,0,1,1
837051763,0,1,1
838426819,0,2,2
839251819,0,8,8
841057532,0,1,1
841640798,0,1,1
842568013,0,1,1
842580410,0,1,1
843085502,0,2,2
844595058,0,2,2
844972922,0,1,1
846530035,0,2,2
847392740,0,1,1
847878026,0,1,1
849221406,0,1,1
850490654,0,1,1
850582758,0,1,1
850756033,0,7,7
851742702,0,4,4
852152114,0,4,4
853669538,0,1,1
853765441,0,2,2
854633425,0,1,1
855217729,0,1,1
855524918,0,1,1
856844702,0,1,1
856894412,0,1,1
857603568,0,1,1
860522078,0,1,1
860685500,0,13,13
860838924,0,1,1
863270372,0,2,2
863754750,0,4,4
863845507,0,1,1
863849125,0,1,1
864346278,0,1,1
865157880,0,1,1
865927014,0,4,4
867213973,0,1,1
868271040,0,2,2
869028090,0,7,7
869098154,0,1,1
869417562,0,1,1
870144174,0,3,3
870821570,0,1,1
872074225,0,2,2
872482854,0,2,2
872520661,0,1,1
873896004,0,2,2
874533162,0,4,4
874709630,0,1,1
874947560,0,1,1
875589248,0,1,1
876045770,0,1,1
877960009,0,22,22
878720478,0,4,4
880438507,0,2,2
880559532,0,8,8
881605952,0,4,4
882291572,0,1,1
882323467,0,10,10
882527774,0,8,8
882997632,0,1,1
883012904,0,1,1
883119912,0,1,1
885138830,0,1,1
885256663,0,2,2
885680700,0,2,2
885699362,0,8,8
886318261,0,2,2
886979228,0,144,144
887673097,0,17,17
888089504,0,9,9
888117073,0,1,1
888627793,0,19,19
890584542,0,2,2
890908081,0,1,1
892257636,0,4,4
893186094,0,1,1
893409110,0,2,2
895644247,0,1,1
895857055,0,1,1
895929354,0,1,1
896198000,0,13,13
898245151,0,4,4
898992944,0,2,2
899193715,0,32,32
899264437,0,1,1
899497994,0,39,39
900154224,0,1,1
900348834,0,5,5
900455330,0,2,2
900736500,0,1,1
901025125,0,119,119
901350882,0,1,1
902771323,0,15,15
903006996,0,1,1
903120230,0,2,2
905038568,0,2,2
906178464,0,1,1
906596702,0,2,2
907272578,0,1,1
909422760,0,17,17
909468098,0,2,2
909868172,0,5,5
910784288,0,1,1
912658519,0,1,1
913078064,0,1,1
913545032,0,1,1
914154954,0,1,1
915170851,0,1,1
915582217,0,2,2
916025652,0,6,6
918134258,0,1,1
919207392,0,1,1
919668458,0,5,5
919947980,0,19,19
920172176,0,28,28
921186726,0,5,5
922252244,0,10,10
924641124,0,7,7
925919934,0,1,1
925937413,0,5,5
928664336,0,1,1
929060125,0,1,1
930777564,0,5,5
930929737,0,6,6
930951949,0,1,1
930983258,0,2,2
931027944,0,3,3
931104708,0,3,3
932048077,0,28,28
933127350,0,6,6
935423629,0,1,1
935436540,0,18,18
935609922,0,5,5
937523923,0,2,2
937616330,0,1,1
940566908,0,2,2
941000888,0,2,2
941360714,0,1,1
941933888,0,1,1
942662162,0,13,13
942744780,0,1,1
942885330,0,3,3
944453472,0,1,1
944552130,0,2,2
945257712,0,2,2
945882846,0,3,3
946259028,0,4,4
947028446,0,1,1
949409178,0,1,1
950733156,0,3,3
951286562,0,2,2
952593824,0,2,2
952629848,0,2,2
952740374,0,3,3
952769766,0,1,1
953262320,0,2,2
953891102,0,1,1
954060062,0,2,2
954411486,0,1,1
954661610,0,3,3
954744776,0,1,1
956230759,0,1,1
956734446,0,2,2
957306920,0,1,1
958678754,0,1,1
958706382,0,1,1
961028269,0,48,48
961146205,0,1,1
961797541,0,1,1
962351653,0,1,1
962876641,0,1,1
962965957,0,1,1
963154166,0,1,1
963606080,0,1,1
963606410,0,2,2
964014978,0,1,1
964612453,0,3,3
964643408,0,1,1
967359788,0,1,1
967861188,0,4,4
967979958,0,3,3
969229495,0,1,1
969903535,0,5,5
971337948,0,2,2
974037073,0,4,4
974311374,0,1,1
974708869,0,3,3
975004412,0,1,1
975627246,0,2,2
975848113,0,1,1
977476237,0,2,2
978152366,0,3,3
978697489,0,1,1
979350030,0,1,1
980986904,0,1,1
981405378,0,1,1
982513974,0,1,1
984654176,0,4,4
985256570,0,1,1
985316815,0,2,2
986964566,0,4,4
987380168,0,1,1
987899694,0,4,4
988064298,0,5,5
988236032,0,7,7
988425014,0,19,19
989957270,0,7,7
990147198,0,1,1
990639804,0,5,5
992017670,0,1,1
993121100,0,2,2
993146372,0,1,1
993312787,0,1,1
993373254,0,2,2
993408504,0,1,1
993820441,0,1,1
994214191,0,1,1
994230409,0,3,3
998290735,0,101,101
1002242376,0,2,2
1002653749,0,1,1
1003690292,0,1,1
1004334360,0,3,3
1004723664,0,3,3
1008964614,0,1,1
1009532442,0,1,1
1012108279,0,1,1
1012182217,0,1,1
1012278037,0,5,5
1012604444,0,2,2
1013374544,0,5,5
1013464446,0,2,2
1013547504,0,1,1
1013672383,0,3,3
1014259098,0,1,1
1015411332,0,2,2
1016621324,0,1,1
1018601990,0,1,1
1018750274,0,1,1
1018754514,0,1,1
1021415078,0,1,1
1021738483,0,1,1
1023019208,0,1,1
1025020994,0,1,1
1025066803,0,1,1
1025187769,0,1,1
1025498490,0,2,2
1027366081,0,1,1
1029867756,0,3,3
1030816910,0,3,3
1031625302,0,1,1
1031633653,0,1,1
1033347878,0,2,2
1033416229,0,2,2
1033691828,0,1,1
1034895770,0,4,4
1035247513,0,4,4
1038944300,0,1,1
1039026008,0,1,1
1040241510,0,1,1
1043290140,0,2,2
1043455051,0,2,2
1043659190,0,1,1
1044937200,0,1,1
1045738920,0,3,3
1046850684,0,7,7
1047210499,0,1,1
1048500276,0,11,11
1048704067,0,1,1
1048836072,0,2,2
1049429790,0,1,1
1049546845,0,2,2
1049805780,0,10,10
1051295658,0,1,1
1051365686,0,1,1
1051395096,0,1,1
1051779931,0,2,2
1053390482,0,4,4
1053619261,0,4,4
1054914506,0,1,1
1056331903,0,4,4
1056616064,0,2,2
1058270624,0,1,1
1058910475,0,2,2
1059447475,0,1,1
1059785190,0,4,4
1061070618,0,1,1
1061272465,0,1,1
1061543804,0,12,12
1061962970,0,1,1
1064275082,0,1,1
1064613086,0,1,1
1066261501,0,3,3
1066891963,0,8,8
1067008352,0,1,1
1067073385,0,1,1
1068691076,0,23,23
1070277001,0,2,2
1070529498,0,2,2
1071536720,0,5,5
1071962766,0,3,3
1072041421,0,1,1
1073483252,0,1,1
1074193020,0,1,1
1074311912,0,2,2
1075179480,0,9,9
1075698308,0,1,1
1078011980,0,4,4
1078017800,0,1,1
1078214366,0,5,5
1081351790,0,3,3
1083968017,0,1,1
1084500511,0,1,1
1086844532,0,2,2
1088618856,0,3,3
1089423055,0,1,1
1090123776,0,9,9
1090265293,0,2,2
1090676983,0,3,3
1091466931,0,1,1
1091978318,0,1,1
1093031546,0,1,1
1093346018,0,1,1
1093391869,0,1,1
1098867630,0,1,1
1100048125,0,38,38
1101678913,0,4,4
1102934418,0,2,2
1105162902,0,5,5
1107306996,0,72,72
1107583352,0,1,1
1107999272,0,1,1
1108214622,0,1,1
1110407646,0,1,1
1112754589,0,1,1
1114789064,0,1,1
1115588790,0,1,1
1115717466,0,49,49
1117767163,0,1,1
1119615774,0,3,3
1120939147,0,1,1
1121086526,0,1,1
1123212380,0,4,4
1128255048,0,913,913
1129661323,0,2,2
1131592933,0,2,2
1131601538,0,12,12
1132109940,0,1,1
1133128350,0,1,1
1133413418,0,2,2
1134077054,0,4,4
1135172005,0,1,1
1136566428,0,9,9
1138516844,0,1,1
1140332173,0,1,1
1142846918,0,3,3
1143380348,0,1,1
1143548906,0,1,1
1146210037,0,2,2
1146972386,0,1,1
1149379561,0,2,2
1151208320,0,1,1
1151610870,0,1,1
1152381540,0,1,1
1152462529,0,1,1
1152818630,0,2,2
1155672668,0,1,1
1155859202,0,1,1
1157479729,0,1,1
1158196266,0,1,1
1159035367,0,8,8
1159148030,0,3,3
1159340802,0,1,1
1161036205,0,3,3
1163856936,0,2,2
1164428065,0,1,1
1164743052,0,2,2
1165119776,0,59,59
1165284414,0,9,9
1165978874,0,4,4
1166126040,0,1,1
1166656939,0,11,11
1170750078,0,1,1
1172188988,0,1,1
1173575371,0,3,3
1173925561,0,1,1
1176029954,0,2,2
1180226863,0,3,3
1180344336,0,20,20
1182940171,0,1,1
1183756416,0,1,1
1188027852,0,1,1
1189975266,0,2,2
1191626485,0,1,1
1191734838,0,4,4
1195138278,0,17,17
1195642105,0,1,1
1195743230,0,1,1
1195743829,0,1,1
1195977864,0,1,1
1198944841,0,1,1
1199155368,0,5,5
1201858255,0,1,1
1202146298,0,1,1
1202520277,0,2,2
1202786766,0,1,1
1203317257,0,5,5
1205814096,0,2,2
1206922598,0,1,1
1210372262,0,1,1
1211940792,0,1,1
1212244963,0,1,1
1212367730,0,2,2
1212422755,0,1,1
1214607332,0,1,1
1214708300,0,1,1
1217144322,0,16,16
1219758756,0,1,1
1219957141,0,2,2
1223160349,0,4,4
1223545658,0,5,5
1223628008,0,1,1
1224833814,0,6,6
1226081245,0,1,1
1228651723,0,25,25
1229090131,0,1,1
1231237171,0,1,1
1232098286,0,1,1
1232246671,0,1,1
1236554173,0,9,9
1239286706,0,1,1
1239945289,0,2,2
1242286352,0,1,1
1242315182,0,3,3
1242618265,0,2,2
1242681974,0,12,12
1243139869,0,7,7
1243281158,0,2,2
1244366593,0,2,2
1245101504,0,1,1
1247602874,0,1,1
1247716614,0,2,2
1247770436,0,1,1
1249671192,0,2,2
1250219924,0,4,4
1250642833,0,1,1
1252154210,0,5,5
1252856791,0,1,1
1255135105,0,7,7
1255861232,0,4,4
1256164440,0,1,1
1257746167,0,1,1
1258563348,0,2,2
1258900393,0,1,1
1259452993,0,1,1
1259590483,0,3,3
1260380845,0,7,7
1260495463,0,2,2
1260878268,0,2,2
1264555832,0,1,1
1265614447,0,1,1
1265692609,0,2,2
1266883332,0,1,1
1268474059,0,5,5
1270096448,0,1,1
1270265113,0,1,1
1270356409,0,1,1
1270367640,0,2,2
1271204574,0,3,3
1274058026,0,1,1
1274944963,0,1,1
1275363684,0,1,1
1276619773,0,1,1
1282317128,0,24,24
1286567330,0,1,1
1286596033,0,1,1
1287235166,0,3,3
1287782520,0,3,3
1288094870,0,5,5
1288589371,0,1,1
1289084268,0,1,1
1289663316,0,1,1
1289905717,0,7,7
1289918432,0,1,1
1292289650,0,3,3
1292444629,0,1,1
1293888044,0,1,1
1297166023,0,2,2
1299655652,0,7,7
1301398464,0,4,4
1301705342,0,1,1
1305377766,0,1,1
1306209721,0,2,2
1308731298,0,1,1
1310619198,0,1,1
1314433710,0,4,4
1314860766,0,1,1
1315780872,0,5,5
1315885148,0,1,1
1317074366,0,2,2
1317599360,0,1,1
1317687290,0,1,1
1318305936,0,11,11
1320732020,0,1,1
1321276676,0,2,2
1322912370,0,7,7
1323772010,0,13,13
1324841209,0,1,1
1328369982,0,26,26
1328377284,0,5,5
1329759866,0,3,3
1330802419,0,2,2
1333060032,0,2,2
1334311698,0,1,1
1335390829,0,1,1
1339220281,0,1,1
1340703324,0,1,1
1342169768,0,1,1
1345254650,0,4,4
1347586830,0,1,1
1349063209,0,1,1
1350582265,0,1,1
1350947892,0,2,2
1351783020,0,2,2
1352237444,0,1,1
1353409880,0,1,1
1354589742,0,3,3
1354601455,0,3,3
1355550794,0,1,1
1355838972,0,2,2
1356900246,0,1,1
1358749574,0,1,1
1361567856,0,1,1
1361629231,0,2,2
1361698914,0,5,5
1363046346,0,2,2
1364365693,0,11,11
1364855114,0,1,1
1365261542,0,3,3
1366210867,0,1,1
1367320358,0,1,1
1368112458,0,1,1
1369372770,0,1,1
1370801107,0,12,12
1371068480,0,1,1
1372983966,0,1,1
1373443812,0,1,1
1375926668,0,1,1
1376167344,0,1,1
1378190090,0,1,1
1379465473,0,14,14
1379807377,0,1,1
1380159630,0,2,2
1381073905,0,5,5
1382744990,0,1,1
1385584370,0,1,1
1388035992,0,3,3
1390353643,0,2,2
1390574125,0,3,3
1390577588,0,2,2
1390697472,0,1,1
1390847160,0,5,5
1390905013,0,8,8
1390939548,0,13,13
1391181438,0,1,1
1393126963,0,1,1
1393434584,0,7,7
1393679030,0,1,1
1394489090,0,1,1
1395437048,0,1,1
1397748428,0,2,2
1398090512,0,12,12
1399954518,0,1,1
1400531168,0,1,1
1402698163,0,1,1
1402782552,0,1,1
1403424721,0,2,2
1407147020,0,2,2
1407296917,0,5,5
1407934405,0,1,1
1410167208,0,6,6
1410312686,0,1,1
1413222336,0,8,8
1413971334,0,6,6
1416943027,0,5,5
1417137936,0,2,2
1418099874,0,8,8
1418269490,0,1,1
1418788711,0,1,1
1418980292,0,2,2
1419109586,0,2,2
1419314059,0,3,3
1421582648,0,2,2
1423531074,0,7,7
1424029286,0,1,1
1426315093,0,1,1
1427753090,0,3,3
1428883938,0,1,1
1429165081,0,4,4
1430685595,0,4,4
1431142658,0,1,1
1431341755,0,2,2
1434374688,0,1,1
1439343264,0,1,1
1440089652,0,1,1
1441112460,0,1,1
1441829689,0,47,47
1442381900,0,2,2
1443559111,0,1,1
1444896086,0,2,2
1445095506,0,1,1
1445631169,0,2,2
1446615024,0,2,2
1447135807,0,1,1
1447169455,0,2,2
1449835974,0,3,3
1450374648,0,1,1
1450388844,0,21,21
1452718447,0,3,3
1453112000,0,3,3
1454843887,0,1,1
1458908486,0,1,1
1459783207,0,2,2
1461092744,0,3,3
1461306890,0,1,1
1462428901,0,2,2
1462974912,0,5,5
1462984136,0,1,1
1463193979,0,1,1
1464813697,0,2,2
1466988828,0,1,1
1467667735,0,26,26
1468383686,0,1,1
1468872805,0,1,1
1472153702,0,1,1
1473884064,0,2,2
1474976395,0,2,2
1478225612,0,2,2
1480007922,0,2,2
1480636800,0,1,1
1481006838,0,2,2
1482219078,0,1,1
1483494488,0,1,1
1484427961,0,1,1
1485293287,0,1,1
1485812984,0,2,2
1486124311,0,1,1
1486830823,0,1,1
1491417434,0,2,2
1491549728,0,1,1
1497559584,0,1,1
1498327201,0,13,13
1503900078,0,62,62
1504431746,0,1,1
1511167736,0,1,1
1512144350,0,3,3
1512366384,0,1,1
1514189216,0,3,3
1514582556,0,2,2
1514856342,0,1,1
1517267281,0,4,4
1519336099,0,1,1
1520623903,0,2,2
1522709376,0,1,1
1522769833,0,1,1
1523841139,0,1,1
1526599190,0,1,1
1526849588,0,1,1
1527117008,0,2,2
1528132716,0,3,3
1529832349,0,1,1
1532117042,0,1,1
1532283332,0,1,1
1532465322,0,5,5
1534442521,0,1,1
1534502586,0,1,1
1535480828,0,1,1
1536291613,0,1,1
1537872073,0,1,1
1539811202,0,2,2
1540189992,0,2,2
1540205012,0,1,1
1542184375,0,2,2
1543452505,0,39,39
1543474070,0,5,5
1544333598,0,3,3
1544557980,0,1,1
1545077161,0,2,2
1545289382,0,1,1
1545900145,0,2,2
1546194625,0,1,1
1546267874,0,24,24
1546343214,0,1,1
1547072761,0,3,3
1547122940,0,2,2
1547672132,0,8,8
1548882246,0,1,1
1550522623,0,1,1
1551274243,0,9,9
1551375403,0,1,1
1551511609,0,1,1
1553329536,0,1,1
1553998015,0,7,7
1554084318,0,3,3
1554309271,0,2,2
1554415862,0,3,3
1558410296,0,1,1
1558576020,0,1,1
1560587042,0,3,3
1561468860,0,48,48
1562796715,0,1,1
1563980971,0,1,1
1567036422,0,1,1
1567072848,0,3,3
1569770810,0,1,1
1573283684,0,1,1
1573399940,0,1,1
1576123080,0,1,1
1576129028,0,1,1
1577780317,0,1,1
1579181286,0,16,16
1580884105,0,2,2
1582123380,0,2,2
1582145682,0,1,1
1584246738,0,3,3
1584990492,0,6,6
1585779517,0,2,2
1586519064,0,4,4
1587648133,0,17,17
1589161292,0,19,19
1590102254,0,5,5
1591714256,0,1,1
1592343696,0,3,3
1592418716,0,3,3
1593011767,0,1,1
1593385040,0,1,1
1593494634,0,8,8
1594606628,0,1,1
1594805570,0,1,1
1596348468,0,3,3
1596947036,0,1,1
1596955436,0,2,2
1597451437,0,1,1
1598584957,0,1,1
1599352140,0,2,2
1602393866,0,2,2
1602763454,0,3,3
1602772970,0,2,2
1603569816,0,2,2
1605986244,0,1,1
1606732370,0,1,1
1607524603,0,1,1
1607700062,0,16,16
1609525152,0,15,15
1611765902,0,6,6
1613008254,0,1,1
1613024424,0,1,1
1613703728,0,1,1
1615691112,0,1,1
1615710344,0,1,1
1615882626,0,1,1
1616249606,0,1,1
1616483346,0,10,10
1616951270,0,1,1
1617108001,0,2,2
1618321332,0,2,2
1618509242,0,1,1
1618542168,0,3,3
1621922034,0,2,2
1623232128,0,16,16
1625945744,0,1,1
1626087194,0,2,2
1626241004,0,1,1
1632171121,0,1,1
1632987182,0,1,1
1634572406,0,1,1
1635777145,0,4,4
1636078940,0,1,1
1639803272,0,3,3
1641230203,0,1,1
1641803598,0,3,3
1641828698,0,6,6
1643310708,0,14,14
1644157867,0,21,21
1644506700,0,1,1
1647146564,0,1,1
1647168361,0,1,1
1648834032,0,9,9
1650947593,0,1,1
1651931556,0,9,9
1653071839,0,2,2
1653166722,0,1,1
1653204079,0,2,2
1653892298,0,3,3
1654022383,0,1,1
1654671050,0,2,2
1655072426,0,4,4
1655505379,0,3,3
1656303450,0,3,3
1656789152,0,2,2
1657033226,0,1,1
1661573780,0,1,1
1663553202,0,5,5
1666114394,0,24,24
1666134986,0,1,1
1668143209,0,5,5
1673217121,0,3,3
1673751446,0,1,1
1674446802,0,37,37
1675078747,0,1,1
1681994964,0,1,1
1683986714,0,2,2
1686346452,0,1,1
1686683132,0,9,9
1688255929,0,3,3
1689666012,0,3,3
1689743869,0,1,1
1689790236,0,2,2
1689809534,0,4,4
1691736218,0,1,1
1694576869,0,5,5
1694957592,0,2,2
1695494840,0,1,1
1696498086,0,1,1
1696560656,0,8,8
1698103249,0,2,2
1699605565,0,13,13
1700172828,0,1,1
1701005239,0,1,1
1703088440,0,1,1
1711577834,0,1,1
1712115054,0,1,1
1712252592,0,1,1
1712422585,0,2,2
1713784454,0,2,2
1716718248,0,1,1
1717136731,0,2,2
1717595352,0,1,1
1720530361,0,2,2
1720861652,0,2,2
1720903308,0,1,1
1723123752,0,1,1
1723952785,0,3,3
1725793825,0,1,1
1727003468,0,3,3
1728738396,0,8,8
1729795544,0,1,1
1732739006,0,2,2
1733311927,0,1,1
1733577882,0,2,2
1733701214,0,1,1
1737012049,0,1,1
1739075882,0,1,1
1763940602,0,16,16
1785705853,0,3,3
1821263018,0,2,2
1828991364,0,5,5
1832388302,0,1,1
1837610863,0,1,1
1854644209,0,1,1
1857808802,0,1,1
1858276080,0,1,1
1866263196,0,3,3
1866364040,0,1,1
1868567118,0,2,2
1868809141,0,2,2
1869861434,0,1,1
1870115377,0,2,2
1872453590,0,2,2
1880003810,0,1,1
1880169170,0,1,1
1882844436,0,1,1
1886902417,0,1,1
1887270234,0,3,3
1891741982,0,1,1
1892405736,0,2,2
1894764054,0,1,1
1897554710,0,1,1
1898113212,0,3,3
1898164027,0,1,1
1898814174,0,1,1
1898848614,0,1,1
1899164370,0,1,1
1903023182,0,34,34
1904373348,0,11,11
1906180812,0,8,8
1907054312,0,1,1
1909748340,0,1,1
1910394552,0,3,3
1914542683,0,1,1
1915808588,0,2,2
1918120908,0,1,1
1920653544,0,4,4
1920843037,0,1,1
1921918376,0,1,1
1925368770,0,2,2
1928097176,0,266,266
1928352282,0,1,1
1928839543,0,3,3
1932762613,0,1,1
1934868924,0,1,1
1934931386,0,5,5
1938449114,0,2,2
1939562701,0,1,1
1942229683,0,14,14
1942410504,0,2,2
1942527409,0,1,1
1944710653,0,1,1
1945782512,0,1,1
1948093898,0,2,2
1950140227,0,1,1
1951595382,0,17,17
1952035560,0,1,1
1955265703,0,22,22
1955282660,0,8,8
1956887305,0,1,1
1956902142,0,1,1
1956977539,0,1,1
1959077587,0,1,1
1959432901,0,2,2
1960793738,0,6,6
1961594072,0,2,2
1962648750,0,1,1
1963397461,0,1,1
1963450177,0,100,100
1963969297,0,1,1
1965348456,0,2,2
1965439951,0,2,2
1965537740,0,2,2
1965896736,0,1,1
1965930534,0,11,11
1967758381,0,1,1
1969627770,0,1,1
1970233850,0,1,1
1970254507,0,2,2
1970725837,0,1,1
1973774174,0,1,1
1974720320,0,1,1
1975157340,0,1,1
1978767240,0,1,1
1978949887,0,2,2
2148296861,0,2,2
2149155762,0,1,1
2149246118,0,27,27
2150171964,0,3,3
2156214829,0,6,6
2156860214,0,1,1
2157451065,0,1,1
2158318058,0,1,1
2159322372,0,6,6
2160069666,0,2,2
2160721319,0,1,1
2161109796,0,1,1
2161263892,0,3,3
2162367043,0,3,3
2163076560,0,1,1
2163711022,0,1,1
2164077638,0,1,1
2164168110,0,27,27
2166040080,0,3,3
2166522191,0,1,1
2168758520,0,1,1
2170981633,0,1,1
2173065960,0,1,1
2173371684,0,3,3
2174373840,0,1,1
2175010267,0,10,10
2175101088,0,1,1
2175217294,0,1,1
2176788920,0,4,4
2178460681,0,7,7
2179477322,0,3,3
2180130798,0,1,1
2181139151,0,1,1
2181253175,0,1,1
2181943676,0,6,6
2182586747,0,1,1
2182645955,0,1,1
2182702609,0,1,1
2183344458,0,1,1
2184474545,0,1,1
2184973962,0,1,1
2186475057,0,2,2
2186740064,0,3,3
2187310326,0,1,1
2187406761,0,13,13
2187477198,0,1,1
2188044039,0,1,1
2192402874,0,1,1
2192484764,0,1,1
2192532852,0,1,1
2192603976,0,1,1
2193234033,0,1,1
2195251177,0,1,1
2196322154,0,1,1
2196870864,0,2,2
2198548080,0,6,6
2198716873,0,1,1
2200496882,0,2,2
2202331038,0,1,1
2202667495,0,3,3
2203842980,0,4,4
2204271643,0,2,2
2205267039,0,1,1
2205952087,0,1,1
2208206815,0,1,1
2208950753,0,2,2
2209371709,0,41,41
2210593222,0,2,2
2212879538,0,3,3
2213360164,0,6,6
2214291215,0,1,1
2214383660,0,2,2
2214550891,0,1,1
2215498567,0,1,1
2215885718,0,1,1
2216711107,0,5,5
2219209028,0,5,5
2219976272,0,7,7
2222093443,0,3,3
2222686663,0,2,2
2223149479,0,1,1
2223728534,0,3,3
2224166357,0,1,1
2224974884,0,2,2
2225416718,0,2,2
2227005937,0,2,2
2227550353,0,1,1
2230419708,0,1,1
2230714557,0,1,1
2230986780,0,2,2
2231674915,0,1,1
2232323941,0,1,1
2232384445,0,1,1
2232392988,0,1,1
2232543490,0,3,3
2232759132,0,3,3
2233108159,0,1,1
2233660866,0,1,1
2234028096,0,10,10
2234896446,0,1,1
2234974320,0,1,1
2235598175,0,2,2
2238277218,0,17,17
2240466703,0,2,2
2243116610,0,2,2
2243403337,0,1,1
2243428388,0,3,3
2243857304,0,1,1
2244449718,0,3,3
2244667470,0,1,1
2244711427,0,1,1
2245694497,0,5,5
2246446880,0,1,1
2246886241,0,1,1
2248084328,0,2,2
2248637035,0,1,1
2248666183,0,1,1
2249623693,0,1,1
2249700104,0,1,1
2250446263,0,2,2
2251694917,0,2,2
2252503620,0,1,1
2252604395,0,1,1
2252889738,0,2,2
2257200245,0,1,1
2257869476,0,2,2
2258369514,0,2,2
2259274226,0,21,21
2259822830,0,7,7
2260102204,0,1,1
2260343180,0,3,3
2260845375,0,6,6
2260880284,0,1,1
2262082161,0,41,41
2262461216,0,1,1
2263679628,0,1,1
2265082196,0,5,5
2265248792,0,1,1
2266946497,0,4,4
2267745079,0,1,1
2268306398,0,20,20
2268495480,0,3,3
2268843207,0,1,1
2269518007,0,1,1
2270843227,0,1,1
2272049424,0,1,1
2273708390,0,2,2
2273728374,0,1,1
2273905440,0,9,9
2275781256,0,1,1
2276617308,0,1,1
2277644880,0,2,2
2278175204,0,2,2
2278608765,0,1,1
2278699932,0,1,1
2279757288,0,2,2
2280003259,0,3,3
2280065603,0,1,1
2283253198,0,1,1
2285147504,0,4,4
2286294006,0,1,1
2286885614,0,2,2
2288505715,0,3,3
2288506494,0,2,2
2289787438,0,4,4
2290340035,0,34,34
2291158387,0,1,1
2291461825,0,33,33
2291503339,0,1,1
2291798172,0,1,1
2291984124,0,3,3
2292742659,0,1,1
2292749111,0,2,2
2295093218,0,2,2
2295130488,0,1,1
2295558799,0,1,1
2296292352,0,2,2
2298682644,0,1,1
2298774128,0,2,2
2299479537,0,1,1
2302082215,0,35,35
2302127191,0,4,4
2302435417,0,3,3
2302586047,0,5,5
2306403086,0,1,1
2307892017,0,1,1
2307927545,0,3,3
2308649767,0,1,1
2308702299,0,1,1
2308855958,0,5,5
2309151817,0,1,1
2309326778,0,1,1
2309826373,0,2,2
2310557450,0,2,2
2310580638,0,3,3
2311057631,0,1,1
2311683312,0,2,2
2311920150,0,2,2
2312413382,0,3,3
2312717997,0,1,1
2314137384,0,1,1
2314404984,0,10,10
2314977411,0,2,2
2316045104,0,2,2
2318014982,0,14,14
2318308892,0,1,1
2318412890,0,3,3
2319316406,0,1,1
2319460524,0,2,2
2319930198,0,1,1
2320163719,0,1,1
2320359029,0,8,8
2320988778,0,1,1
2321048635,0,1,1
2321048810,0,1,1
2321132671,0,1,1
2321646144,0,1,1
2321916341,0,1,1
2323039124,0,1,1
2323985197,0,1,1
2324108688,0,1,1
2324561730,0,2,2
2325933786,0,2,2
2326226912,0,1,1
2326258100,0,1,1
2326494228,0,5,5
2327431657,0,5,5
2327910690,0,1,1
2329158444,0,1,1
2329527031,0,2,2
2330388680,0,1,1
2330724312,0,4,4
2330809916,0,6,6
2331058495,0,1,1
2332015929,0,4,4
2332017625,0,1,1
2332361478,0,1,1
2332448438,0,1,1
2332887900,0,2,2
2332943150,0,5,5
2332984409,0,1,1
2334521953,0,1,1
2335719458,0,10,10
2335844449,0,5,5
2336591179,0,1,1
2336988841,0,1,1
2338400893,0,1,1
2339138737,0,33,33
2339274722,0,1,1
2339439979,0,7,7
2342369220,0,1,1
2342582755,0,1,1
2342990492,0,3,3
2344447516,0,1,1
2345685097,0,1,1
2347100222,0,1,1
2347716589,0,5,5
2347962126,0,1,1
2348020207,0,3,3
2348258678,0,5,5
2348873094,0,2,2
2349488580,0,1,1
2351103054,0,1,1
2351353201,0,1,1
2351565903,0,2,2
2352552380,0,3,3
2355528185,0,1,1
2356826366,0,2,2
2358170251,0,10,10
2358321026,0,1,1
2358636572,0,4,4
2359729344,0,3,3
2359852341,0,1,1
2360072382,0,1,1
2360156510,0,2,2
2361509341,0,12,12
2361846661,0,1,1
2362685592,0,2,2
2364562686,0,1,1
2364901363,0,4,4
2365041929,0,1,1
2366023309,0,1,1
2366054576,0,3,3
2368426261,0,1,1
2369526422,0,1,1
2370961256,0,2,2
2371165693,0,1,1
2371291983,0,64,64
2371584470,0,1,1
2372268415,0,1,1
2372504678,0,12,12
2374517563,0,1,1
2376881202,0,2,2
2377079911,0,2,2
2378022847,0,1,1
2378199378,0,1,1
2379504128,0,3,3
2381308778,0,1,1
2383393250,0,2,2
2384491845,0,1,1
2385773797,0,1,1
2386132410,0,1,1
2387577842,0,1,1
2387834870,0,1,1
2388206209,0,1,1
2388701719,0,1,1
2391379874,0,7,7
2391787196,0,1,1
2392214090,0,1,1
2392875780,0,2,2
2396822917,0,1,1
2398183989,0,2,2
2398462639,0,1,1
2398955545,0,2,2
2399018406,0,1,1
2400327584,0,5,5
2400365689,0,4,4
2400570054,0,2,2
2401594838,0,21,21
2401659572,0,1,1
2405041646,0,3,3
2406686804,0,2,2
2407621940,0,1,1
2407859023,0,1,1
2407997545,0,4,4
2408342509,0,1,1
2409639811,0,8,8
2411193872,0,7,7
2411221332,0,2,2
2411576562,0,2,2
2411726342,0,1,1
2411812057,0,1,1
2413186913,0,1,1
2414501366,0,1,1
2415072824,0,3,3
2415157915,0,21,21
2415342418,0,2,2
2415960218,0,2,2
2416459812,0,2,2
2417232973,0,3,3
2417295479,0,1,1
2417664570,0,1,1
2419503957,0,1,1
2421941918,0,4,4
2422428253,0,2,2
2424142022,0,15,15
2424322794,0,1,1
2424323467,0,2,2
2425697293,0,1,1
2427521119,0,1,1
2427741792,0,2,2
2431995717,0,1,1
2432388957,0,27,27
2434424450,0,1,1
2435435270,0,4,4
2437673552,0,4,4
2440330178,0,42,42
2440732321,0,1,1
2441914616,0,1,1
2443822483,0,2,2
2446097718,0,1,1
2447038314,0,1,1
2453496962,0,1,1
2453573338,0,1,1
2453587856,0,1,1
2455068435,0,3,3
2458283396,0,11,11
2458579574,0,2,2
2458714345,0,1,1
2458901142,0,1,1
2459102424,0,1,1
2460050514,0,7,7
2460158576,0,1,1
2462461940,0,2,2
2462478971,0,1,1
2464727282,0,2,2
2464895816,0,1,1
2465147731,0,3,3
2466715298,0,1,1
2466715500,0,120,120
2467116444,0,1,1
2467810912,0,1,1
2467883737,0,15,15
2468611830,0,1,1
2469717942,0,3,3
2469930428,0,2,2
2470124100,0,1,1
2473185932,0,1,1
2473310334,0,1,1
2473834016,0,6,6
2474388457,0,1,1
2474784816,0,2,2
2474843732,0,3,3
2475094972,0,2,2
2475509136,0,2,2
2476853722,0,1,1
2477302111,0,5,5
2478800094,0,2,2
2478905377,0,2,2
2479181159,0,1,1
2480079168,0,1,1
2480364949,0,1,1
2480420904,0,1,1
2481228609,0,1,1
2482153807,0,2,2
2482749966,0,2,2
2483687182,0,1,1
2484112639,0,1,1
2484247428,0,5,5
2484296060,0,2,2
2484615926,0,21,21
2484665046,0,3,3
2484695418,0,4,4
2484714036,0,1,1
2484839490,0,1,1
2485191890,0,2,2
2485542739,0,2,2
2485830732,0,1,1
2485982338,0,1,1
2486174514,0,1,1
2486367217,0,1,1
2486788789,0,2,2
2489491341,0,1,1
2490175537,0,1,1
2491533170,0,3,3
2493162476,0,1,1
2493231402,0,1,1
2493503479,0,1,1
2493655928,0,2,2
2493712668,0,1,1
2494558921,0,1,1
2496178042,0,1,1
2496529670,0,3,3
2496628100,0,1,1
2499817278,0,1,1
2499955688,0,4,4
2501448174,0,1,1
2502182726,0,2,2
2502372842,0,2,2
2502809095,0,1,1
2503368925,0,2,2
2503727845,0,5,5
2506289089,0,1,1
2507431901,0,1,1
2508274081,0,129,129
2508572317,0,1,1
2508615302,0,3,3
2508855534,0,4,4
2509271040,0,4,4
2511430334,0,1,1
2511463530,0,5,5
2513637063,0,2,2
2515728092,0,1,1
2516119352,0,1,1
2516995268,0,2,2
2518453896,0,2,2
2518620824,0,18,18
2520828864,0,3,3
2521641632,0,2,2
2521860078,0,1,1
2523534128,0,5,5
2524812620,0,2,2
2525388747,0,1,1
2527262678,0,1,1
2527836415,0,2,2
2528392110,0,1,1
2528628025,0,8,8
2533289262,0,1,1
2534458492,0,1,1
2537179661,0,1,1
2537711675,0,1,1
2538325019,0,1,1
2538451034,0,1,1
2540148642,0,3,3
2541413337,0,6,6
2542128013,0,5,5
2543935141,0,7,7
2544472236,0,1,1
2545158476,0,70,70
2545245974,0,2,2
2545589703,0,1,1
2551037364,0,1,1
2551394180,0,2,2
2552688877,0,1,1
2555145151,0,1,1
2555719392,0,1,1
2555778799,0,3,3
2555860302,0,2,2
2556504937,0,1,1
2557799306,0,2,2
2557992552,0,2,2
2561848352,0,4,4
2562060212,0,1,1
2562690446,0,3,3
2562984217,0,2,2
2563016869,0,11,11
2563994208,0,14,14
2564549431,0,2,2
2566702142,0,1,1
2568217150,0,3,3
2569281655,0,6,6
2570136742,0,2,2
2570202271,0,8,8
2572958459,0,1,1
2573062069,0,1,1
2573207927,0,1,1
2573818327,0,1,1
2573846138,0,3,3
2573994006,0,1,1
2574045626,0,1,1
2574095556,0,1,1
2576808347,0,1,1
2577594850,0,3,3
2578642308,0,1,1
2579063328,0,1,1
2579115380,0,1,1
2585891843,0,21,21
2586216408,0,2,2
2586569592,0,32,32
2589142176,0,1,1
2589663746,0,1,1
2590298364,0,1,1
2591783366,0,3,3
2592105289,0,2,2
2596017887,0,2,2
2596709251,0,2,2
2599045380,0,2,2
2600778301,0,5,5
2602617613,0,2,2
2603521854,0,1,1
2604159776,0,1,1
2604279632,0,1,1
2609424014,0,2,2
2610339679,0,1,1
2610520723,0,1,1
2612308163,0,1,1
2612772444,0,3,3
2614390512,0,1,1
2614606254,0,2,2
2615506092,0,1,1
2615860886,0,5,5
2616097633,0,5,5
2616124279,0,1,1
2616463603,0,1,1
2616542899,0,1,1
2629754525,0,1,1
2634190165,0,2,2
2637549407,0,2,2
2637736098,0,2,2
2638792170,0,3,3
2645478818,0,4,4
2646045253,0,1,1
2646600349,0,1,1
2648500590,0,1,1
2648624486,0,1,1
2652035638,0,1,1
2655353479,0,3,3
2655722041,0,3,3
2658226121,0,1,1
2659975664,0,4,4
2660374267,0,1,1
2663637452,0,3,3
2664359298,0,1,1
2667883543,0,1,1
2672638422,0,1,1
2675886974,0,2,2
2677232242,0,1,1
2680718948,0,1,1
2682534000,0,1,1
2683183778,0,1,1
2683754853,0,2,2
2687645748,0,4,4
2694220116,0,1,1
2696303993,0,2,2
2696767957,0,3,3
2698543574,0,1,1
2699618569,0,59,59
2701090898,0,1,1
2702115804,0,1,1
2702510036,0,33,33
2705828466,0,1,1
2706312042,0,1,1
2712675214,0,1,1
2713091375,0,97,97
2713614696,0,1,1
2715822806,0,1,1
2716139274,0,1,1
2716158638,0,1,1
2716215933,0,22,22
2716544638,0,1,1
2717917343,0,1,1
2717959574,0,1,1
2718092256,0,3,3
2718513564,0,6,6
2719395753,0,1,1
2720036256,0,34,34
2720516790,0,2,2
2720839557,0,1,1
2721086388,0,1,1
2721322973,0,3,3
2721909112,0,2,2
2722811534,0,17,17
2724041593,0,6,6
2724156731,0,1,1
2725315071,0,2,2
2725382389,0,1,1
2725427186,0,1,1
2726159653,0,3,3
2726231119,0,1,1
2726702870,0,2,2
2727742291,0,2,2
2728393196,0,8,8
2728637805,0,1,1
2729860228,0,1,1
2730911250,0,1,1
2730987470,0,2,2
2732231966,0,4,4
2732386728,0,28,28
2734299494,0,956,956
2734727143,0,6,6
2735861969,0,1,1
2737412820,0,1,1
2737952208,0,1,1
2738034997,0,1,1
2738046367,0,5,5
2738680602,0,1,1
2739154260,0,17,17
2741312378,0,5,5
2741387536,0,13,13
2742104355,0,1,1
2742869283,0,11,11
2746218450,0,6,6
2746722705,0,1,1
2747093228,0,1,1
2747312268,0,1,1
2747323762,0,1,1
2749016354,0,20,20
2749542495,0,5,5
2749837126,0,6,6
2752527108,0,1,1
2752570413,0,1,1
2752660508,0,5,5
2753336996,0,1,1
2753665475,0,2,2
2754745746,0,2,2
2756738665,0,3,3
2757605943,0,1,1
2758105458,0,1,1
2758691139,0,3,3
2759057164,0,2,2
2760664860,0,2,2
2761734839,0,1,1
2762362677,0,2,2
2762434343,0,1,1
2763709972,0,3,3
2765767714,0,3,3
2765980252,0,6,6
2767256731,0,2,2
2767301783,0,2,2
2768678503,0,4,4
2769570061,0,1,1
2770427534,0,1,1
2770541740,0,1,1
2771129816,0,26,26
2772582401,0,3,3
2772702118,0,1,1
2773853862,0,1,1
2774801021,0,1,1
2775083486,0,2,2
2775912056,0,3,3
2776092951,0,1,1
2778149381,0,1,1
2778469383,0,1,1
2778623034,0,1,1
2779704786,0,2,2
2781500456,0,1,1
2782300937,0,7,7
2782483676,0,1,1
2783003558,0,2,2
2783247967,0,1,1
2783520091,0,6,6
2783648886,0,2,2
2783781481,0,3,3
2784324102,0,2,2
2784383818,0,1,1
2784875105,0,1,1
2785242051,0,1,1
2785366683,0,1,1
2785736415,0,1,1
2786671640,0,2,2
2786737788,0,1,1
2787954976,0,1,1
2788055973,0,1,1
2788435208,0,1,1
2788446450,0,2,2
2788698114,0,1,1
2789056388,0,1,1
2789587048,0,1,1
2789600871,0,1,1
2790426730,0,1,1
2791961161,0,1,1
2793058259,0,1,1
2796607730,0,1,1
2796610083,0,3,3
2797085802,0,1,1
2797574419,0,1,1
2797709245,0,2,2
2797710909,0,7,7
2798704903,0,4,4
2798792305,0,4,4
2799014685,0,2,2
2799134829,0,1,1
2800151959,0,1,1
2800720697,0,1,1
2802494114,0,1,1
2804329145,0,3,3
2806316010,0,11,11
2806369742,0,7,7
2806508571,0,1,1
2806547684,0,1,1
2806884604,0,1,1
2807393883,0,15,15
2808175384,0,1,1
2808780617,0,1,1
2809444122,0,1,1
2810878398,0,1,1
2811432381,0,1,1
2812310034,0,324,324
2813623794,0,1,1
2813649180,0,1,1
2815309435,0,1,1
2816077093,0,1,1
2821550236,0,2,2
2821735317,0,1,1
2823076103,0,1,1
2823134666,0,1,1
2823739289,0,2,2
2824489692,0,1,1
2824930687,0,4,4
2824985751,0,1,1
2825196542,0,2,2
2825739516,0,5,5
2826934872,0,1,1
2826962821,0,7,7
2828534585,0,2,2
2829181561,0,4,4
2830009696,0,1,1
2831083432,0,2,2
2832442331,0,1,1
2833642135,0,1,1
2834331240,0,1,1
2834931032,0,2,2
2835018699,0,1,1
2835055222,0,3,3
2835331669,0,1,1
2835634728,0,1,1
2835661154,0,2,2
2837202390,0,1,1
2837535452,0,2,2
2837848908,0,1,1
2838171643,0,3,3
2838592058,0,4,4
2840660055,0,4,4
2842358753,0,2,2
2842513839,0,3,3
2843993393,0,15,15
2844999056,0,2,2
2846688817,0,1,1
2846735297,0,3,3
2847799375,0,2,2
2847817715,0,3,3
2849182431,0,1,1
2849633862,0,1,1
2850027043,0,10,10
2850336603,0,1,1
2850779185,0,2,2
2850889421,0,1,1
2851568562,0,1,1
2852162818,0,1,1
2854842286,0,1,1
2855642709,0,2,2
2858121224,0,9,9
2858197398,0,3,3
2858814261,0,2,2
2859508403,0,2,2
2859919259,0,1,1
2860846446,0,2,2
2861342687,0,28,28
2861407204,0,106,106
2861582475,0,1,1
2862093676,0,3,3
2862530461,0,4,4
2863487811,0,6,6
2863861627,0,1,1
2864144975,0,1,1
2866061292,0,1,1
2867742738,0,6,6
2868361069,0,1,1
2868994088,0,4,4
2869300463,0,2,2
2869304847,0,2,2
2869663041,0,1,1
2869945663,0,1,1
2870192452,0,2,2
2870943799,0,4,4
2870952122,0,1,1
2871267501,0,1,1
2872614031,0,1,1
2873761090,0,4,4
2873836901,0,1,1
2873934984,0,1,1
2874472299,0,1,1
2876200200,0,39,39
2876328799,0,1,1
2876569546,0,1,1
2877088042,0,1,1
2877528482,0,5,5
2877907073,0,5,5
2878313633,0,1,1
2878609316,0,1,1
2881744721,0,1,1
2882755223,0,1,1
2883020403,0,2,2
2883921829,0,9,9
2885129158,0,1,1
2885701882,0,1,1
2885861047,0,6,6
2885970897,0,1,1
2887714769,0,2,2
2887960568,0,3,3
2889037279,0,1,1
2889068544,0,3,3
2889346599,0,3,3
2890443007,0,1,1
2892716104,0,1,1
2893249669,0,2,2
2893385191,0,2,2
2895128716,0,5,5
2895190735,0,6,6
2895385109,0,7,7
2896866728,0,1973,1973
2896872298,0,1,1
2897749512,0,2,2
2899126939,0,4,4
2899515031,0,1,1
2899748179,0,4,4
2899775372,0,1,1
2899867251,0,1,1
2900803662,0,1,1
2901288383,0,1,1
2902068090,0,5,5
2902080735,0,6,6
2902344080,0,7,7
2902349208,0,1,1
2903342817,0,1,1
2904762072,0,1,1
2905381148,0,2,2
2905941513,0,2,2
2905948061,0,4,4
2906524116,0,1,1
2906573500,0,2,2
2907160782,0,7,7
2907734886,0,1,1
2908377474,0,2,2
2909747068,0,2,2
2909757997,0,2,2
2910973722,0,1,1
2911448230,0,3,3
2911500623,0,1,1
2911506697,0,1,1
2913201609,0,12,12
2913618065,0,3,3
2915903285,0,8,8
2915992570,0,1,1
2919032508,0,3,3
2919178605,0,1,1
2920526530,0,8,8
2922208498,0,20,20
2924869027,0,2,2
2924996028,0,1,1
2926114325,0,1,1
2926287039,0,3,3
2926326688,0,1,1
2928197064,0,3,3
2929001835,0,4,4
2930272075,0,3,3
2930468012,0,5,5
2931952633,0,1,1
2932350072,0,1,1
2932511577,0,2,2
2934236868,0,2,2
2935405320,0,1,1
2936440295,0,4,4
2937782945,0,1,1
2938618195,0,11,11
2939054251,0,1,1
2939126927,0,3,3
2939181499,0,1,1
2942149345,0,1,1
2942542835,0,2,2
2942760221,0,3,3
2943075218,0,1,1
2943629353,0,2,2
2945111705,0,1,1
2947707803,0,2,2
2948391563,0,5,5
2948409557,0,31,31
2948774780,0,2,2
2951224001,0,1,1
2951302934,0,1,1
2951476593,0,5,5
2952321039,0,6,6
2953016161,0,1,1
2954197028,0,1,1
2954408639,0,2,2
2955156830,0,18,18
2955353394,0,1,1
2957932778,0,3,3
2958933147,0,3,3
2959887794,0,1,1
2960670899,0,1,1
2961214985,0,2,2
2962071377,0,6,6
2962794317,0,4,4
2964517936,0,1,1
2965855935,0,3,3
2966811626,0,1,1
2967231508,0,6,6
2972280609,0,2,2
2972361695,0,1,1
2973596115,0,1,1
2974140605,0,2,2
2975505957,0,1,1
2978455883,0,3,3
2979008775,0,1,1
2979351063,0,1,1
2980090410,0,1,1
2980272875,0,1,1
2983426617,0,1,1
2983453094,0,1,1
2983568401,0,51,51
2984192273,0,1,1
2985746223,0,2,2
2986356998,0,1,1
2987243921,0,1,1
2988071944,0,1,1
2988519589,0,1,1
2988584925,0,1,1
2989099836,0,2,2
2989751332,0,3,3
2990624796,0,2,2
2990930668,0,1,1
2992529088,0,3,3
2992833877,0,1,1
2993011248,0,1,1
2993124142,0,3,3
2993830106,0,1,1
2994847431,0,2,2
2995137721,0,1,1
2996538266,0,3,3
2998604854,0,1,1
2998649334,0,3,3
2999341541,0,1,1
2999397548,0,1,1
3000015148,0,1,1
3001643087,0,1,1
3002082766,0,2,2
3003875667,0,6,6
3003886007,0,1,1
3004986126,0,1,1
3005551075,0,1,1
3010340067,0,2,2
3010864135,0,1,1
3011711657,0,2,2
3011738705,0,1,1
3012829501,0,5,5
3013656327,0,12,12
3014703155,0,5,5
3015260908,0,1,1
3016161481,0,2,2
3016330029,0,5,5
3018201131,0,11,11
3018806621,0,1,1
3018945907,0,2,2
3019034149,0,2,2
3019121992,0,1,1
3020045898,0,4,4
3020717937,0,1,1
3025751970,0,7,7
3026656571,0,2,2
3027326512,0,2,2
3029122823,0,2,2
3031547463,0,2,2
3031635662,0,8,8
3031931024,0,3,3
3031986444,0,20,20
3032052386,0,2,2
3032116782,0,1,1
3033200426,0,7,7
3033602423,0,1,1
3035383254,0,23,23
3038516077,0,1,1
3039932262,0,1,1
3042495714,0,2,2
3043178253,0,2,2
3043499531,0,2,2
3043916678,0,8,8
3044835705,0,2,2
3044850502,0,1,1
3047243052,0,1,1
3048075397,0,1,1
3048167036,0,2,2
3049788004,0,1,1
3051741828,0,3,3
3053326713,0,1,1
3054037800,0,1,1
3054076845,0,1,1
3054624146,0,1,1
3059098688,0,2,2
3059444523,0,54,54
3059907656,0,1,1
3061667489,0,1,1
3061755906,0,1,1
3061860924,0,1,1
3062063743,0,2,2
3062078934,0,1,1
3063794828,0,2,2
3064700933,0,7,7
3065068937,0,8,8
3065462681,0,1,1
3065678843,0,1,1
3065722043,0,1,1
3065799941,0,2,2
3065908222,0,1,1
3066008697,0,1,1
3066588689,0,1,1
3067049502,0,1,1
3067446385,0,1,1
3069451042,0,8,8
3069859443,0,1,1
3069881890,0,2,2
3069964341,0,2,2
3070014962,0,2,2
3070171827,0,1,1
3071673409,0,36,36
3072322605,0,5,5
3074127870,0,11,11
3074151293,0,1,1
3074294399,0,11,11
3074389754,0,1,1
3075856032,0,1,1
3077723721,0,1,1
3083469580,0,1,1
3084191507,0,1,1
3084709625,0,1,1
3085010755,0,1,1
3087770037,0,15,15
3089464019,0,10,10
3092095913,0,1,1
3093773753,0,1,1
3094468963,0,1,1
3094719852,0,1,1
3096208437,0,2,2
3099099370,0,1,1
3099244999,0,5,5
3100545522,0,1,1
3105344624,0,1,1
3105668424,0,1,1
3106714330,0,3,3
3107502138,0,1,1
3108035023,0,1,1
3108733205,0,3,3
3108816467,0,4,4
3109535222,0,1,1
3110220273,0,1,1
3110674030,0,49,49
3113210154,0,8,8
3116321051,0,3,3
3116832448,0,1,1
3119615894,0,2,2
3121097112,0,10,10
3121522240,0,1,1
3121969878,0,9,9
3122873637,0,1,1
3126295421,0,1,1
3131585530,0,44,44
3131663476,0,1,1
3132595746,0,1,1
3138993450,0,1,1
3139512330,0,2,2
3142713516,0,1,1
3142924406,0,1,1
3146098786,0,1,1
3146545818,0,1,1
3148900447,0,1,1
3149563377,0,1,1
3150051501,0,11,11
3150267164,0,1,1
3150882577,0,28,28
3152509044,0,2,2
3154205359,0,1,1
3154580974,0,1,1
3157615810,0,1,1
3158506491,0,1,1
3159601713,0,1,1
3161996905,0,3,3
3166878293,0,1,1
3167501320,0,1,1
3167928174,0,4,4
3169183494,0,2,2
3169241736,0,2,2
3170925475,0,10,10
3174583210,0,1,1
3176757540,0,1,1
3177155501,0,2,2
3179972418,0,2,2
3180182262,0,2,2
3183862728,0,1,1
3184613906,0,1,1
3188019022,0,3,3
3190121132,0,2,2
3192366098,0,1,1
3192607733,0,1,1
3193175813,0,1,1
3193744022,0,2,2
3193825556,0,8,8
3194523505,0,1,1
3195986515,0,3,3
3196121459,0,1,1
3198206515,0,1,1
3198525613,0,8,8
3199752023,0,1,1
3208261774,0,23,23
3213699606,0,1,1
3214538615,0,1,1
3214988855,0,2,2
3220045651,0,1,1
3220554066,0,1,1
3220603824,0,4,4
3221439059,0,1,1
3222027419,0,2,2
3222418336,0,2,2
3223545278,0,1,1
3223721083,0,2,2
3224685271,0,63,63
3224707795,0,1,1
3224931743,0,2,2
3225385757,0,5,5
3225491410,0,2,2
3228492815,0,1,1
3228957084,0,2,2
3228966843,0,1,1
3229289016,0,39,39
3229388942,0,1,1
3231340321,0,1,1
3231782598,0,1,1
3233743627,0,2,2
3234540325,0,1,1
3234831091,0,1,1
3235403750,0,2,2
3235602410,0,1,1
3236205003,0,2,2
3236351416,0,3,3
3237625468,0,1,1
3241961408,0,3,3
3242489321,0,3,3
3242733916,0,6,6
3243683143,0,2,2
3244654581,0,1,1
3245184106,0,1,1
3245379326,0,8,8
3246728151,0,2,2
3247040145,0,2,2
3247073254,0,1,1
3250912668,0,1,1
3251533024,0,2,2
3252199776,0,1,1
3254839470,0,2,2
3256835689,0,9,9
3257366406,0,4,4
3258813603,0,22,22
3259309676,0,1,1
3260860233,0,2,2
3261005948,0,1,1
3261903266,0,1,1
3262805078,0,6,6
3264534963,0,3,3
3267293623,0,3,3
3267759990,0,1,1
3269129682,0,1,1
3270384978,0,1,1
3270790358,0,5,5
3271529856,0,2,2
3272217762,0,5,5
3273627902,0,1,1
3278096468,0,1,1
3278687755,0,1,1
3279135608,0,1,1
3280306538,0,3,3
3282690805,0,1,1
3283352917,0,2,2
3283463546,0,1,1
3284072928,0,1,1
3284114958,0,1,1
3285962665,0,1,1
3286198681,0,12,12
3286454634,0,7,7
3286633057,0,1,1
3286887050,0,20,20
3286999369,0,2,2
3289065157,0,1,1
3290431183,0,2,2
3292111539,0,1,1
3292473082,0,1,1
3292843056,0,1,1
3293656616,0,11,11
3295594702,0,25,25
3296525028,0,2,2
3297076443,0,8,8
3298500540,0,2,2
3298709743,0,1,1
3300111714,0,1,1
3300657672,0,4,4
3301072708,0,1,1
3301086685,0,1,1
3301239757,0,3,3
3301281974,0,1,1
3301399653,0,1,1
3301710205,0,14,14
3302179052,0,1,1
3302417428,0,1,1
3303212511,0,2,2
3303700663,0,4,4
3304607535,0,1,1
3304669231,0,1,1
3304781799,0,7,7
3305724416,0,1,1
3307033454,0,1,1
3307272098,0,2,2
3307366084,0,1,1
3307740778,0,1,1
3308295914,0,1,1
3308386087,0,4,4
3308432891,0,4,4
3308870317,0,5,5
3309172991,0,14,14
3310329146,0,1,1
3310886802,0,2,2
3310936765,0,1,1
3310937138,0,1,1
3311124014,0,1,1
3312166073,0,8,8
3312300010,0,1,1
3312608559,0,1,1
3312686283,0,6,6
3313705501,0,13,13
3313777136,0,1,1
3314350739,0,2,2
3316172277,0,19,19
3316388106,0,8,8
3317149262,0,1,1
3318040846,0,1,1
3318320719,0,1,1
3319489520,0,2,2
3321555310,0,2,2
3321961645,0,2,2
3323660148,0,1,1
3325988107,0,7,7
3327150252,0,1,1
3327634808,0,6,6
3327871633,0,8,8
3329779313,0,1,1
3330141674,0,1,1
3330193385,0,14,14
3331126863,0,2,2
3332740085,0,1,1
3333127749,0,2,2
3333557091,0,14,14
3337607174,0,1,1
3337872322,0,1,1
3338395698,0,1,1
3342879858,0,1,1
3343048012,0,1,1
3343962053,0,1,1
3344059324,0,4,4
3344640587,0,8,8
3345036220,0,1,1
3345073624,0,25,25
3345605518,0,1,1
3346496914,0,1,1
3347042225,0,1,1
3347662174,0,1,1
3348027879,0,1,1
3348180687,0,3,3
3349607271,0,1,1
3352281767,0,2,2
3354297558,0,2,2
3354598558,0,1,1
3354822372,0,1,1
3356500029,0,12,12
3357318537,0,2,2
3357910930,0,1,1
3358025795,0,1,1
3360874312,0,1,1
3362478809,0,1,1
3363911053,0,1,1
3366062817,0,2,2
3366853361,0,2,2
3370172064,0,1,1
3371260967,0,21,21
3372550393,0,1,1
3375307768,0,1,1
3378193371,0,2,2
3385309281,0,1,1
3386693999,0,2,2
3386851396,0,16,16
3386952670,0,1,1
3386961592,0,1,1
3387514229,0,4,4
3389531475,0,1,1
3390268167,0,1,1
3390275475,0,1,1
3391168425,0,1,1
3392101504,0,8,8
3394434993,0,5,5
3395730303,0,1,1
3396526883,0,1,1
3396988937,0,2,2
3397525989,0,3,3
3398699844,0,3,3
3400294065,0,1,1
3401051914,0,1,1
3401418400,0,1,1
3403577019,0,2,2
3405872751,0,5,5
3405912172,0,4,4
3406207312,0,24,24
3406394529,0,1,1
3406440089,0,3,3
3406519932,0,1,1
3406555768,0,2,2
3408215668,0,1,1
3409352475,0,1,1
3412025741,0,1,1
3412721657,0,5,5
3413176577,0,1,1
3414370701,0,1,1
3415469188,0,1,1
3418463783,0,1,1
3419498889,0,1,1
3421529146,0,3,3
3427931075,0,1,1
3429100617,0,2,2
3430933497,0,1,1
3431677753,0,1,1
3431989632,0,4,4
3433917412,0,14,14
3434385904,0,2,2
3434406405,0,1,1
3436326214,0,6,6
3439290252,0,1,1
3441421816,0,1,1
3442138696,0,1,1
3452756772,0,1,1
3454457423,0,3,3
3456391093,0,5,5
3460721055,0,1,1
3461904260,0,26,26
3473693954,0,31,31
3478475952,0,1,1
3485293814,0,48,48
3487317852,0,1,1
3491917516,0,15,15
3492085335,0,1,1
3502102335,0,4,4
3506736321,0,9,9
3517576632,0,1,1
3518026155,0,1,1
3528511697,0,7,7
3529164736,0,2,2
3529220596,0,1,1
3536219477,0,6,6
3536334810,0,1,1
3536614636,0,1,1
3540764657,0,1,1
3550832714,0,2,2
3551406316,0,1,1
3552834374,0,2,2
3559665077,0,1,1
3571332977,0,1,1
3576734834,0,1,1
3579224892,0,1,1
3580450456,0,2,2
3587429835,0,1,1
3588572773,0,1,1
3596757254,0,15,15
3599223795,0,2,2
3600854052,0,5,5
3604419376,0,3,3
3607982174,0,2,2
3609533294,0,2,2
3618838572,0,21,21
3629488875,0,10,10
3632099480,0,1,1
3632589733,0,6,6
3643597215,0,2,2
3648227957,0,1,1
3655631956,0,3,3
3668696476,0,4,4
3676292235,0,1,1
3676690936,0,1,1
3679547781,0,6,6
3679894875,0,1,1
3684098017,0,12,12
3696375795,0,6,6
3697474455,0,32,32
3704847612,0,1,1
3709375395,0,2,2
3721307298,0,1,1
3722226614,0,1,1
3723070515,0,1,1
3726489319,0,1,1
3730226176,0,1,1
3741293727,0,3,3
3743927723,0,2,2
3753742092,0,2,2
3755260277,0,16,16
3762648435,0,1,1
3764394263,0,1,1
3766200688,0,13,13
3771001874,0,3,3
3772229249,0,1,1
3773361492,0,3,3
3774489268,0,5,5
3776558055,0,3,3
3783164656,0,1,1
3814387102,0,8,8
3815512157,0,2,2
3817374201,0,1,1
3821830389,0,1,1
3822467299,0,1,1
3827688073,0,1,1
3828574157,0,1,1
3847570216,0,3,3
3849251555,0,7,7
3852281116,0,3,3
3858431544,0,1,1
3864033192,0,2,2
3885875714,0,3,3
3887163254,0,3,3
3892208915,0,1,1
3895706779,0,1,1
3899248092,0,1,1
3903340337,0,3,3
3904070119,0,1,1
3904956605,0,2,2
3910951103,0,1,1
3917214492,0,2,2
3918240417,0,1,1
3918743741,0,1,1
3927094212,0,2,2
3927979032,0,4,4
3928805772,0,1,1
3937180938,0,1,1
3939024973,0,3,3
3941272342,0,4,4
3941906778,0,2,2
3949098442,0,1,1
3949657275,0,1,1
3951041723,0,3,3
3955170161,0,4,4
3958775849,0,3,3
3962934983,0,2,2
3973653747,0,3,3
3975574577,0,1,1
3976350200,0,2,2
3981411947,0,2,2
3992790019,0,10,10
3993760012,0,2,2
4007131702,0,2,2
4011423133,0,5,5
4014814339,0,1,1
4021574294,0,4,4
4025571862,0,1,1
4028208792,0,4,4
4032828014,0,1,1
4034896822,0,1,1
4041301275,0,6,6
4042583777,0,1,1
4050054015,0,1,1
4053985997,0,1,1
4057478656,0,1,1
4059318575,0,2,2
4067149997,0,6,6
4070040803,0,6,6
4070345413,0,1,1
4071882214,0,5,5
4076547023,0,1,1
4078631292,0,2,2
4088810361,0,1,1
4099439195,0,5,5
4108591099,0,2,2
4110011259,0,6,6
4112535093,0,1,1
4113496332,0,2,2
4114375329,0,1,1
4120454001,0,1,1
4130036952,0,2,2
4130620241,0,2,2
4136030242,0,1,1
4138295537,0,1,1
4140202513,0,1,1
4141307472,0,6,6
4145600789,0,4,4
4149634158,0,1,1
4151878995,0,2,2
4152066639,0,3,3
4159448903,0,1,1
4160684313,0,1,1
4173315947,0,2,2
4182659903,0,17,17
4184510902,0,1,1
4191448822,0,1,1
4202638518,0,4,4
4207081573,0,4,4
4213761677,0,1,1
4218052907,0,227,227
4220538749,0,4,4
4226439129,0,2,2
4229110346,0,10,10
4230544216,0,7,7
4230931953,0,18,18
4231996379,0,2,2
4238702362,0,2,2
4239132473,0,6,6
4241316554,0,2,2
4243396265,0,1,1
4247826192,0,3,3
4250042847,0,2,2
4252632076,0,1,1
4258657960,0,1,1
4267156152,0,2,2
4268629763,0,10,10
4270224795,0,2,2
4272139461,0,1,1
4276521639,0,1,1
4279859473,0,3,3
4296388035,0,1,1
4297569974,0,9,9
4308996256,0,1,1
4321403597,0,1,1
4323238762,0,1,1
4325450054,0,1,1
4325463514,0,6,6
4327747455,0,2,2
4334538493,0,1,1
4339594216,0,1,1
4341748992,0,2,2
4342532235,0,5,5
4356651255,0,4,4
4362447500,0,3,3
4362623953,0,1,1
4372982607,0,2,2
4375787297,0,2,2
4377932053,0,3,3
4385495931,0,2,2
4386963622,0,3,3
4387167733,0,18,18
4393893983,0,1,1
4410683536,0,2,2
4411469146,0,1,1
4418631734,0,2,2
4419197362,0,4,4
4422275429,0,1,1
4430306233,0,12,12
4435008313,0,1,1
4439301553,0,1,1
4440534682,0,3,3
4444672643,0,1,1
4448393314,0,4,4
4468476493,0,1,1
4468764733,0,1,1
4475543183,0,2,2
4484227228,0,5,5
4484883928,0,1,1
4485565156,0,1,1
4488233199,0,7,7
4489687032,0,2,2
4489717467,0,1,1
4500830237,0,1,1
4500843552,0,1,1
4503408016,0,2,2
4513635618,0,4,4
4520267068,0,3,3
4530793719,0,1,1
4536394426,0,3,3
4542128791,0,2,2
4544121674,0,1,1
4556183129,0,1,1
4569376640,0,6,6
4570382841,0,3,3
4570577361,0,2,2
4579782979,0,1,1
4581444372,0,6,6
4586192117,0,1,1
4597920619,0,1,1
4604752933,0,1,1
4608336235,0,1,1
4610871193,0,6,6
4615301723,0,2,2
4617769824,0,17,17
4618706059,0,1,1
4622953649,0,1,1
4633966642,0,8,8
4639042036,0,1,1
4640260274,0,2,2
4641671605,0,1,1
4644188849,0,1,1
4645462454,0,8,8
4650577274,0,1,1
4658476754,0,20,20
4658611514,0,1,1
4660092255,0,6,6
4680399852,0,1,1
4685611476,0,1,1
4687390820,0,1,1
4687749193,0,1,1
4689593550,0,1,1
4692694405,0,1,1
4704606091,0,2,2
4707000044,0,2,2
4708373603,0,4,4
4714651758,0,11,11
4716154201,0,9,9
4716979853,0,1,1
4718577932,0,1,1
4719653560,0,9,9
4724995512,0,3,3
4727711611,0,2,2
4728082393,0,2,2
4729896136,0,2,2
4729943712,0,1,1
4733139735,0,2,2
4736502934,0,9,9
4742370499,0,1,1
4743124844,0,2,2
4745642594,0,5,5
4749649722,0,1,1
4750549227,0,2,2
4759321293,0,4,4
4765643478,0,14,14
4767577843,0,1,1
4769760202,0,1,1
4777251606,0,1,1
4778131699,0,1,1
4784279555,0,2,2
4785006436,0,1,1
4785451951,0,1,1
4791598758,0,5,5
4791620418,0,1,1
4798194077,0,2,2
4800838892,0,1,1
4804425493,0,23,23
4804456626,0,3,3
4813449254,0,3,3
4818203605,0,1,1
4818205237,0,12,12
4819370800,0,2,2
4820131359,0,1,1
4822541633,0,1,1
4822849205,0,7,7
4822924342,0,1,1
4822943613,0,1,1
4824476112,0,3,3
4825604960,0,5,5
4829929846,0,2,2
4831982480,0,2,2
4832977606,0,1,1
4833690605,0,1,1
4833753853,0,1,1
4836150074,0,1,1
4838935420,0,2,2
4839710675,0,51,51
4840061986,0,11,11
4840329012,0,3,3
4841481612,0,2,2
4843139493,0,1,1
4846471721,0,3,3
4847935309,0,2,2
4850628018,0,2,2
4850862365,0,1,1
4851616943,0,2,2
4853942958,0,4,4
4855917252,0,1,1
4855965706,0,1,1
4856102975,0,2,2
4856277894,0,5,5
4856425021,0,2,2
4862086127,0,1,1
4864774874,0,3,3
4868171086,0,12,12
4872498669,0,1,1
4872984433,0,1,1
4879780211,0,1,1
4882510012,0,1,1
4884111634,0,1,1
4886350539,0,1,1
4886925561,0,1,1
4886998809,0,5,5
4887527313,0,1,1
4888887159,0,1,1
4896331839,0,7,7
4897042768,0,42,42
4899968344,0,2,2
4903429252,0,3,3
4903624956,0,3,3
4904816846,0,4,4
4905962177,0,2,2
4906445587,0,1,1
4907667477,0,1,1
4908912830,0,1,1
4909249965,0,1,1
4910145621,0,2,2
4910286760,0,2,2
4912119460,0,1,1
4916819838,0,1,1
4917956546,0,1,1
4918089859,0,2,2
4918853444,0,4,4
4920541062,0,7,7
4922397661,0,1,1
700855463152234496,0,1,1
700879610146193408,0,1,1
701078852609695746,0,1,1
701166042844762112,0,1,1
701221256394317824,0,1,1
701261433380675584,0,1,1
701439102806175744,0,3,3
701507603822608384,0,4,4
701508327705026561,0,6,6
701596726847668224,0,6,6
701704132546191360,0,2,2
701717009009139713,0,1,1
701971349259087872,0,1,1
702217129408356352,0,49,49
702391155372253185,0,3,3
702442250337390592,0,1,1
702581695443279873,0,1,1
702698035357347844,0,1,1
702727254414000128,0,3,3
702890489981374464,0,4,4
702918660634099713,0,1,1
702926270263263232,0,1,1
702927408354172928,0,2,2
702937962821111808,0,4,4
703021628561567744,0,2,2
703306215913361409,0,1,1
703359073102766080,0,1,1
703418501302583296,0,4,4
703707332342124544,0,1,1
703968452508127232,0,5,5
704001155773427712,0,1,1
704090469685456896,0,2,2
704117837275598848,0,6,6
704133679698685954,0,5,5
704148797455073280,0,3,3
704309118870245376,0,3,3
704313119422717952,0,33,33
704346466635137026,0,4,4
704360271091998721,0,2,2
704577749004918786,0,1,1
704772750343282693,0,3,3
704886440425984002,0,1,1
704994137557311488,0,1,1
705143229130285056,0,1,1
705150853540237312,0,1,1
705153468437123073,0,1,1
705158937373450240,0,6,6
705303728438517762,0,1,1
705441779580067840,0,1,1
705550025183641600,0,3,3
705937720980295680,0,1,1
706160660799836161,0,1,1
706201218973110276,0,9,9
706402170527023104,0,2,2
706480514127953920,0,2,2
706682995013455872,0,1,1
706982448362627073,0,1,1
707265571151355909,0,11,11
707267301976899584,0,3,3
707392049029320704,0,1,1
707948410654089216,0,1,1
708222108539555841,0,4,4
708415111455576065,0,16,16
708442914171461633,0,1,1
708462434286043137,0,2,2
708712377483710465,0,1,1
708756688103477248,0,1,1
708815273835429888,0,3,3
708872142809464832,0,1,1
708915146337296384,0,15,15
708974543365394432,0,2,2
709022155678294016,0,3,3
709068109416632320,0,1,1
709120955562348544,0,1,1
709182153704284160,0,4,4
709609618742226944,0,1,1
709716052427579394,0,13,13
709840355672379394,0,2,2
709905358349664256,0,1,1
710025488882774016,0,1,1
710145563895926784,0,2,2
710174901467013120,0,3,3
710299849233604609,0,1,1
710546762780377088,0,77,77
710618450004148224,0,1,1
710664820463263744,0,1,1
710940216094298113,0,1,1
710975663637856256,0,1,1
711070855409704960,0,1,1
711086141663870977,0,2,2
711163226772209665,0,2,2
711221747660431361,0,1,1
711261372479221760,0,1,1
711694644086644736,0,7,7
711739299981619200,0,1,1
712107930850430976,0,5,5
712266098201198592,0,1,1
712278937875812354,0,2,2
712449433523363840,0,1,1
712463245206945794,0,1,1
712477493425528832,0,25,25
712677222239379456,0,2,2
712707361534820352,0,1,1
712782312648400896,0,1,1
712795086195703809,0,23,23
712806517150384129,0,2,2
712863070486458370,0,1,1
713038221672845312,0,1,1
713046403170197504,0,3,3
713065948920418304,0,2,2
713109060774719488,0,3,3
713203480878419968,0,1,1
713369523680731136,0,1,1
713453071637090308,0,7,7
713571065516003328,0,13,13
713799661996236801,0,9,9
713898698812612608,0,1,1
714151171817152512,0,2,2
714645916528078848,0,1,1
714715076096352256,0,1,1
714871959377543168,0,10,10
714877983853527041,0,1,1
714883639725658112,0,1,1
714969095549034496,0,4,4
715147361387819008,0,1,1
715252612011061248,0,2,2
715314322143096832,0,2,2
715907700039749633,0,2,2
715937652390932480,0,1,1
716138870534840320,0,1,1
716311501791866880,0,1,1
716387291036422145,0,7,7
717042357032525824,0,1,1
717091156916568064,0,2,2
717149992222220288,0,1,1
717706960414441472,0,1,1
717783880720367617,0,1,1
717850966926581761,0,1,1
717879068826419201,0,6,6
717904808649367552,0,1,1
717916935761960960,0,36,36
718119608721346560,0,2,2
718124347181797376,0,2,2
718176898573070336,0,3,3
718295155997020164,0,5,5
718571820450840577,0,3,3
718590638803935233,0,1,1
718614305071980544,0,1,1
718653391048577024,0,1,1
718885769696272384,0,2,2
719163744891199488,0,6,6
719365787522371584,0,1,1
719551480840265728,0,6,6
719633959903215616,0,1,1
719680476319981569,0,1,1
719682065986248704,0,1,1
719705517887746048,0,13,13
719870958278950912,0,2,2
720641344088186880,0,1,1
720775124476006400,0,16,16
720805707088461824,0,1,1
720813940880486400,0,1,1
720927416428797952,0,9,9
721035053120102400,0,2,2
721110591159549952,0,3,3
721411822062948352,0,1,1
721627725979643904,0,4,4
721631865866711040,0,3,3
721839352297328640,0,1,1
722057320616714241,0,6,6
722205289986936832,0,1,1
722394501021569024,0,15,15
722439241691750402,0,6,6
722554688076443648,0,1,1
722839353135886336,0,1,1
722839545566208000,0,1,1
723013805450530816,0,2,2
723086295950606336,0,3,3
723218157893115905,0,2,2
723896182167187457,0,5,5
725439365594398720,0,1,1
725697541564600322,0,1,1
725698016678666242,0,3,3
725911923309469696,0,1,1
726177380268560384,0,4,4
726188753442770946,0,1,1
726233970426273792,0,1,1
726411874078625792,0,1,1
726459773076525060,0,6,6
726494780612468736,0,1,1
727038303711727616,0,2,2
727225402880446464,0,1,1
727239848898220032,0,2,2
727344809808113664,0,1,1
727501204935217152,0,1,1
727590133608939526,0,2,2
727673599004426241,0,1,1
727679285771706368,0,7,7
727947202551652353,0,5,5
727952683043278848,0,1,1
727981786282663937,0,1,1
728004951373434880,0,2,2
728027794849050624,0,1,1
728053813551243274,0,1,1
728058072963362816,0,4,4
728059410266869760,0,1,1
728210549104857088,0,1,1
728381939950948352,0,1,1
728429519242076160,0,1,1
728661903174701057,0,2,2
729232568533454848,0,21,21
729684050877747200,0,4,4
729780174682791936,0,9,9
730112577607507969,0,1,1
730240454810292224,0,1,1
730436093804449792,0,4,4
730512747352350721,0,5,5
730562347119476738,0,3,3
730580627095998464,0,2,2
730606451396214785,0,1,1
730782358605959168,0,2,2
730838823907774464,0,1,1
731154468784443392,0,1,1
731165814859169792,0,1,1
731215232782241792,0,1,1
731269792837992448,0,2,2
731621331796692993,0,1,1
731720559839449088,0,1,1
732052051111366656,0,7,7
732298444640006144,0,2,2
732520511456976896,0,1,1
732541756202422272,0,1,1
732557569672249344,0,1,1
732579424248442880,0,1,1
732587828878692352,0,1,1
732611574871908352,0,1,1
732787003964686336,0,4,4
732892397848301568,0,7,7
732911610868695040,0,1,1
732917105301950464,0,3,3
733386156956651520,0,2,2
733420888528293888,0,7,7
733424972421533696,0,1,1
733443056746237952,0,9,9
733651231579766784,0,3,3
733698918643568641,0,1,1
733732278409420800,0,1,1
733757362486398976,0,1,1
734103440725442560,0,1,1
734127580140449792,0,4,4
734157721440686080,0,1,1
734197326189887489,0,4,4
734392856157245441,0,11,11
734491430597492736,0,2,2
734532087919869953,0,1,1
734788301442387969,0,1,1
734839394985750528,0,2,2
735228266882076673,0,2,2
735301434275725312,0,4,4
735453755164917760,0,1,1
735650664798400513,0,2,2
735924146366873601,0,1,1
735984335455723522,0,3,3
736000723247321088,0,1,1
736011851155316736,0,2,2
736060917964644352,0,1,1
736249556111884288,0,15,15
736286223979958272,0,1,1
736433043481579520,0,22,22
736742337670479872,0,2,2
736769014798508034,0,1,1
736931147423195136,0,2,2
737105074741215232,0,1,1
737409493382795266,0,14,14
737506875919335431,0,1,1
737562699471556608,0,5,5
737670457265029120,0,1,1
738115948297736192,0,2,2
738118489202786306,0,6,6
738570290746273792,0,2,2
738730370611351552,0,2,2
738920344766013440,0,1,1
739119460150345728,0,1,1
739125448274153472,0,1,1
739343191665561600,0,1,1
739546183958401026,0,20,20
739576377511415808,0,1,1
739585400352571392,0,2,2
739865369276481536,0,1,1
739931315273764864,0,1,1
740056929003667456,0,2,2
740285920604086278,0,1,1
740415449591074816,0,7,7
740428701502967808,0,2,2
740595888502902784,0,2,2
740611469423824896,0,1,1
740858774928429056,0,1,1
740896372795146242,0,13,13
740965468127830016,0,29,29
740994240851804160,0,1,1
741030240265199618,0,22,22
741094137982640128,0,1,1
741449117193375744,0,2,2
741511894033260544,0,1,1
741580845807341569,0,1,1
741603603240996868,0,3,3
741720192355577856,0,9,9
741729395862306816,0,2,2
741759346732892160,0,1,1
741762693972021248,0,1,1
741801680065306624,0,1,1
741910934491369472,0,1,1
741933878210908160,0,1,1
742007066341068801,0,5,5
742043275398352896,0,1,1
742046378914775040,0,12,12
742179838178398208,0,2,2
742226292666433536,0,15,15
742335851913433088,0,1,1
742423350144860160,0,1,1
742435015749959680,0,3,3
742445958873518080,0,2,2
742460512324194304,0,1,1
742496948905738240,0,9,9
742695162128781312,0,1,1
742729409451286531,0,1,1
742895229284421632,0,1,1
742974779934814209,0,1,1
743076627605684227,0,20,20
743118348167176192,0,7,7
743160705289957376,0,1,1
743226404431605760,0,4,4
743257876454506497,0,1,1
743457829147795457,0,2,2
743634243964723204,0,3,3
743874496495378432,0,5,5
743929431358644228,0,3,3
744315475820089344,0,1,1
744335360159846400,0,1,1
744389377078353927,0,1,1
744399040930947072,0,1,1
744541611175088129,0,1,1
744557817076551680,0,1,1
744658431840256000,0,1,1
744725663299473408,0,2,2
744802368894570497,0,1,1
744927675983204352,0,4,4
744927810033070080,0,1,1
744962021121089538,0,1,1
745029708736237571,0,2,2
745087723778637828,0,1,1
745093266966732804,0,3,3
745361678641016832,0,3,3
745475135457505281,0,2,2
745500635483639808,0,1,1
745705018066616320,0,2,2
745706241830301696,0,3,3
745761209815830533,0,1,1
745810297168891904,0,3,3
745821233669824512,0,8,8
746053557380612096,0,2,2
746129393165148160,0,1,1
746150373702787072,0,1,1
746182096918614017,0,1,1
746379210772492289,0,10,10
746387674286559232,0,5,5
746443976278867969,0,1,1
746673593761824768,0,1,1
746700122248126464,0,1,1
746789534071853056,0,1,1
746909039401959424,0,1,1
747035238010871808,0,1,1
747240260774596608,0,1,1
747266939844694017,0,1,1
747348439793426432,0,6,6
747495131339759618,0,4,4
747508314444021760,0,4,4
747578295890239489,0,1,1
747787661776158721,0,1,1
748368100643463169,0,1,1
748489374434729984,0,1,1
748515756900556801,0,16,16
748587356517601280,0,26,26
748605853914140672,0,1,1
748744977123991552,0,1,1
749021696405807105,0,2,2
749157178351714304,0,1,1
749629553136398337,0,4,4
750025085096984576,0,1,1
750045851272306688,0,5,5
750134720718000128,0,2,2
750166368050352129,0,6,6
750181860324413441,0,3,3
750309842607374336,0,93,93
750358827753574400,0,1,1
750401313402478594,0,3,3
750404732573933569,0,1,1
750443853258362880,0,1,1
750465010875322368,0,1,1
750497252867735552,0,8,8
750506799669735424,0,1,1
750813688265932801,0,1,1
750849037755092993,0,1,1
750923604439826433,0,1,1
751120874028273664,0,2,2
751263540716171264,0,7,7
751288500763430912,0,1,1
751296076112498688,0,8,8
751482124234919936,0,1,1
751596230908665856,0,7,7
751648977074917376,0,1,1
751815718212079616,0,1,1
751953624222294016,0,3,3
752118351195889664,0,1,1
752156893091598336,0,3,3
752218309341417474,0,2,2
752235301133770753,0,1,1
752341992248471552,0,99,99
752343909792034816,0,1,1
752508201753571328,0,1,1
752654041742659584,0,1,1
752685471029800960,0,1,1
752893899492982784,0,1,1
752896362539208706,0,1,1
752974821319905280,0,1,1
752998053611728896,0,2,2
753036047269842944,0,1,1
753394173148037121,0,1,1
753418341209903104,0,1,1
753577819339231232,0,5,5
753655387144978433,0,1,1
753660891363700736,0,2,2
753712458125148160,0,2,2
753804427513982976,0,1,1
753849721140109312,0,15,15
753880173708189697,0,1,1
753951678370607104,0,1,1
753962666511642630,0,1,1
753986822301110272,0,1,1
754009961760522240,0,1,1
754060666407976960,0,1,1
754126695880282113,0,2,2
754132518249443329,0,2,2
754363066796564480,0,1,1
754371885966692353,0,2,2
754475821490966528,0,2,2
754543376356220928,0,1,1
754760634684825600,0,1,1
754841734580989953,0,1,1
755084187418361856,0,1,1
755108247271460864,0,2,2
755159302336196610,0,2,2
755184332537532418,0,1,1
755217357379952640,0,1,1
755262359539777536,0,2,2
755425466073354240,0,41,41
755612053289705472,0,1,1
755858850486419456,0,2,2
755909567461068800,0,14,14
755921480152588289,0,1,1
755951194615394305,0,1,1
756320602475130880,0,1,1
756471103778881537,0,9,9
756512991160315905,0,9,9
756588209799360514,0,1,1
756595225104113664,0,3,3
756742672128339968,0,1,1
756926227223412736,0,1,1
756972321777344512,0,2,2
757059122088910848,0,2,2
757079384092057600,0,1,1
757080262870118401,0,1,1
757098344254627840,0,2,2
757181311794774016,0,1,1
757330182579556352,0,2,2
757337394702000128,0,9,9
757369441726246913,0,3,3
757372095571431424,0,1,1
757570695664656385,0,18,18
757634763461005312,0,4,4
757643969526398979,0,1,1
757671131629379584,0,1,1
757769368054947840,0,21,21
757769602646564864,0,87,87
757790681964306436,0,1,1
757794763084926976,0,2,2
757813021527769088,0,5,5
757937863547904000,0,1,1
757944436445761536,0,2,2
757981997558104064,0,1,1
757994423506657280,0,1,1
758031214896934912,0,1,1
758053124804190208,0,3,3
758061665250226176,0,2,2
758113381614182401,0,1,1
758114744339312642,0,15,15
758353883060015104,0,2,2
758355537771847680,0,1,1
758378871305728000,0,1,1
758425959494144000,0,1,1
758473466160951298,0,1,1
758499190129307648,0,9,9
758586968896831488,0,2,2
758623976063021056,0,1,1
758665476541190144,0,2,2
758674237376831489,0,1,1
758866142194642944,0,3,3
758872560398274562,0,1,1
758911992082030592,0,2,2
758936841496121344,0,2,2
759047439898726406,0,42,42
759085878690152449,0,1,1
759110768814133249,0,1,1
759180182334963716,0,2,2
759239912990343170,0,1,1
759280249804914688,0,1,1
759410192081522688,0,2,2
759489270549651456,0,2,2
759498669456363520,0,14,14
759589310580428800,0,12,12
759790820895502337,0,9,9
759825650039390208,0,1,1
759850262785843200,0,3,3
759902820611022849,0,5,5
759978424190599168,0,1,1
760131390042017792,0,3,3
760170961857544192,0,1,1
760177467281797120,0,2,2
760288904662556674,0,1,1
760318771835863044,0,1,1
760539387171975172,0,6,6
760544865457311744,0,6,6
760850057369235456,0,5,5
760869370935570432,0,1,1
760892768722059265,0,17,17
760923244660523008,0,18,18
760950753464766464,0,1,1
761031079234940929,0,1,1
761045801200029696,0,2,2
761202021533818880,0,2,2
761256246875922432,0,1,1
761359558904279040,0,1,1
761397352582090752,0,18,18
761515464543571968,0,1,1
761773693286674432,0,2,2
762137150154432513,0,1,1
762289605353746432,0,43,43
762376427111014403,0,19,19
762495515036495874,0,2,2
762723930406813696,0,1,1
762819798916927488,0,1,1
763014462018359297,0,3,3
763188888655400960,0,1,1
763241725611634688,0,1,1
763483445624528898,0,1,1
763505360694947841,0,1,1
763699575131508736,0,1,1
763754067877171200,0,9,9
763780410207834112,0,1,1
763849988988211200,0,1,1
763973574449180677,0,1,1
764227231631618048,0,1,1
764232768331124740,0,2,2
764262381346168832,0,1,1
764433464837804032,0,1,1
764534534608158720,0,1,1
764541584734031872,0,2,2
764593746130251777,0,1,1
764836456351182849,0,2,2
764902900418027520,0,2,2
765212727581126656,0,4,4
765553734168576000,0,1,1
765615853312286721,0,1,1
765760906315780096,0,1,1
765947252045144064,0,21,21
765962296321507328,0,3,3
766069344774258692,0,1,1
766092631961133056,0,3,3
766097263491940352,0,2,2
766126851408400384,0,1,1
766433079133110272,0,1,1
766490106681237504,0,2,2
766636581390344193,0,2,2
766745689837670402,0,2,2
766811526523133952,0,3,3
766958852176687104,0,1,1
767073042556006400,0,1,1
767434347288813569,0,1,1
767518969066508288,0,1,1
767538592944119810,0,12,12
767569419530665984,0,6,6
767690413968941056,0,1,1
767734864242216964,0,6,6
767817670993580032,0,5,5
767882826301800452,0,42,42
768186429943853056,0,1,1
768458976719675421,0,16,16
768480231988555778,0,13,13
768500231855935488,0,1,1
768538606663180288,0,2,2
768889742205325312,0,7,7
768914530961240064,0,1,1
768969915424444416,0,15,15
769168215763148800,0,1,1
769724513441374209,0,2,2
769874063049232384,0,1,1
769907872327086080,0,2,2
770009428192100353,0,1,1
770036067344998400,0,1,1
770124933015937024,0,1,1
770235774491131904,0,1,1
770308021364940800,0,4,4
770357429020332032,0,43,43
770469936057708548,0,1,1
770524453872820224,0,13,13
770595248422748160,0,1,1
770606530555031552,0,3,3
770622869453758465,0,1,1
770672546219954176,0,1,1
770694889982070784,0,6,6
770707437615738880,0,1,1
770762066659577856,0,2,2
770887663167483904,0,1,1
770965987768229888,0,1,1
771032399610163200,0,1,1
771451238286233600,0,2,2
771485336308289536,0,3,3
771511629062086656,0,1,1
771528590043275264,0,1,1
771665759202217985,0,1,1
771845655690182656,0,4,4
771912872624611329,0,1,1
772057164659695616,0,9,9
772457232592203776,0,1,1
772862098615533568,0,4,4
773017074775896068,0,4,4
773033612761403393,0,4,4
773504547604013056,0,1,1
773607351798603776,0,1,1
773621939264946176,0,4,4
773692460409229313,0,2,2
773851660074545152,0,1,1
773867370272137216,0,12,12
773926786673631232,0,1,1
773937535538040836,0,1,1
773977302497714176,0,3,3
773978543466221568,0,1,1
773991985657028608,0,13,13
774089372618616832,0,1,1
774367260341186560,0,1,1
774426196436221953,0,2,2
774428767166926848,0,1,1
774486797606907904,0,42,42
774597267777003520,0,1,1
774646753853341696,0,1,1
774705311382921217,0,1,1
774724653881241600,0,2,2
774828856419028992,0,1,1
774852172043268096,0,2,2
775017259928424449,0,1,1
775404249777893376,0,1,1
775407466573991936,0,4,4
775499930983096320,0,1,1
775528865942818816,0,62,62
775672891593650178,0,1,1
775708427985252353,0,3,3
775763480993378304,0,2,2
775797109253476353,0,2,2
775820521057292292,0,1,1
775865406590287873,0,1,1
776128744708640768,0,1,1
776363460749844480,0,2,2
776381070249828353,0,15,15
776400782656544768,0,2,2
776402511565434880,0,1,1
776405637353705472,0,2,2
776445067049312257,0,6,6
776445844765540352,0,1,1
776528263879401472,0,1,1
776581410178105344,0,1,1
776662494391758848,0,1,1
776822906143866880,0,1,1
776828533557473281,0,1,1
776873255529385985,0,1,1
776878356407029760,0,2,2
777220557469196288,0,2,2
777408121060724736,0,1,1
777601259033530368,0,1,1
777605520958099456,0,1,1
777679731630235648,0,1,1
778030198843465728,0,1,1
778235843584598016,0,1,1
778281448461602816,0,3,3
778360089329532928,0,8,8
778439730748723201,0,12,12
778610028882329601,0,14,14
778610082707668993,0,3,3
778630732759445504,0,24,24
778665011367542785,0,1,1
778676033671139328,0,1,1
778725732226732032,0,1,1
778738298428600320,0,1,1
778769647185395712,0,1,1
779248893229805568,0,1,1
779479486337286144,0,3,3
779650146606784512,0,1,1
779767401671827456,0,4,4
779809623129722881,0,2,2
779909459048968192,0,1,1
780213777396555776,0,1,1
780455371240595456,0,2,2
780460062548504576,0,1,1
780479026343194624,0,1,1
780513754328936454,0,2,2
780571047334547456,0,1,1
780574745594966016,0,1,1
780575514440282112,0,1,1
780583249026306048,0,2,2
780594289680130048,0,4,4
780598309844946946,0,1,1
780626272208560128,0,1,1
780974366557245441,0,12,12
781105090270793728,0,1,1
781112062038646784,0,1,1
781138665649147905,0,7,7
781166157197783044,0,1,1
781232113270005760,0,1,1
781352278204690432,0,3,3
781410360104366080,0,1,1
781640582372491265,0,1,1
781836998009032704,0,7,7
781889855290769408,0,18,18
781931326656000001,0,73,73
781975272644018176,0,1,1
782155982138777600,0,2,2
782320747033362432,0,8,8
782646767619674112,0,4,4
782654528571047936,0,5,5
782951460493520897,0,1,1
783012911195172864,0,29,29
783329886404501504,0,1,1
783361737722621952,0,1,1
783550472531636226,0,7,7
783681927307993088,0,1,1
783723192380641280,0,1,1
784050451041939456,0,1,1
784050738624393220,0,1,1
784053668819513347,0,7,7
784448064513638400,0,6,6
784519422992084996,0,2,2
784527044390621184,0,2,2
784573107147333636,0,3,3
784600438897246209,0,3,3
784774516916400128,0,1,1
785179339298074624,0,58,58
785233966622187520,0,3,3
785314793867522048,0,1,1
785487766930927616,0,5,5
785492656478490625,0,1,1
785586072466010112,0,2,2
785586236224212993,0,1,1
785875671436308481,0,1,1
785881591377645569,0,2,2
785885848315232256,0,1,1
786015240148295681,0,1,1
786083833653370880,0,1,1
786100707116154902,0,2,2
786113095722754048,0,2,2
786316643257331712,0,1,1
786362641539137536,0,6,6
786372207148724228,0,1,1
786372383674212352,0,1,1
786427631088513024,0,1,1
786486859761381376,0,1,1
786580562274234368,0,1,1
786583502074548224,0,2,2
786587586156437504,0,1,1
786591476440371201,0,1,1
786673304908292096,0,2,2
786700916120576001,0,1,1
787098032177307648,0,1,1
787117511842070528,0,1,1
787122142114615296,0,1,1
787122217947660288,0,1,1
787312832446537733,0,6,6
787654002951516160,0,2,2
788080804433985536,0,1,1
788196072044756993,0,1,1
788384755549167617,0,1,1
788471192332083200,0,2,2
788496877461307392,0,2,2
788513041411411968,0,1,1
788787385861496832,0,1,1
788954317063491584,0,1,1
789005155798691842,0,1,1
789097228828803072,0,2,2
789500175949574144,0,1,1
790087659729346560,0,2,2
790364191047634944,0,1,1
790637766400933889,0,1,1
790730263051501568,0,1,1
790802878654853120,0,1,1
790947570742923264,0,1,1
790965515158192128,0,2,2
791366749543432192,0,1,1
791394155410944001,0,1,1
791678477124694016,0,1,1
792024788109660161,0,9,9
792081557473353728,0,1,1
792235843796828160,0,1,1
792381955715235840,0,1,1
792631461316816896,0,1,1
792851352699437056,0,1,1
792929197622571008,0,1,1
793124006769532928,0,1,1
793197161689341952,0,3,3
793317723862425600,0,1,1
793508828700549121,0,1,1
793512522099875840,0,2,2
793606632764612608,0,2,2
793667422293225472,0,1,1
793829430305009665,0,1,1
794314152533602304,0,4,4
794368149600600064,0,1,1
794532137835909121,0,1,1
794734102813360128,0,1,1
795400683742580736,0,1,1
795485158858178560,0,2,2
795557713677729792,0,1,1
796034522987065345,0,1,1
796185283318390784,0,1,1
796356841823408128,0,1,1
796367998210686976,0,1,1
796368758503854081,0,3,3
796376502757720068,0,4,4
796410625601650688,0,3,3
796420873192407041,0,1,1
796522853675991040,0,1,1
796569643477532672,0,1,1
796581322575777792,0,2,2
796603194575114241,0,3,3
796680122355085312,0,3,3
796704023466414080,0,4,4
796704980304596992,0,1,1
796716027598045184,0,1,1
796746601855381504,0,3,3
796795178128379908,0,15,15
796830398454054912,0,2,2
796848037138145281,0,1,1
796850417091100672,0,2,2
796854891583012868,0,2,2
796856643220705280,0,1,1
796862154737471488,0,1,1
796904238328741889,0,1,1
796940520245366785,0,1,1
797036593085292545,0,9,9
797078535194214400,0,3,3
797131223567056896,0,2,2
797135366033506309,0,1,1
797290602819895296,0,6,6
797414189006524417,0,2,2
797449717856747520,0,1,1
797470718929862656,0,1,1
797482653456990208,0,1,1
797512762964529153,0,1,1
797528463091503104,0,1,1
797578383362236416,0,24,24
797640185211158528,0,1,1
797773572806688768,0,1,1
797853397844107264,0,1,1
797981969938337792,0,2,2
798048396418240512,0,1,1
798077464668835840,0,6,6
798261502989828096,0,1,1
798311327215124480,0,1,1
798399974610534400,0,2,2
798559546633490436,0,3,3
798751568954683393,0,1,1
798862662343987200,0,1,1
798977193531604999,0,4,4
798977687234572288,0,1,1
799132841812463616,0,2,2
799281742519693313,0,1,1
799389668945100801,0,1,1
799595761004662784,0,3,3
799605999908728832,0,1,1
799978807562223616,0,1,1
799994687042056192,0,3,3
800059242220617728,0,3,3
800062290556899328,0,2,2
800088864702402560,0,1,1
800103933465108480,0,1,1
800157578399354880,0,1,1
800181170172350465,0,1,1
800329828389924865,0,1,1
800335629393399808,0,5,5
800379093820657664,0,2,2
800631131984928769,0,1,1
801157070741508097,0,4,4
801161835668013056,0,1,1
801213098824564736,0,1,1
801504190178672640,0,1,1
801516079818407950,0,2,2
801573647911620608,0,1,1
801967126525444096,0,1,1
802942988749979648,0,1,1
803017352640077824,0,1,1
803968160500240386,0,1,1
804613522441138177,0,3,3
805387926175674368,0,11,11
806624763007422464,0,3,3
807039633058107392,0,1,1
807662757772427264,0,2,2
807701855610359809,0,1,1
807880484189573120,0,2,2
808030197744214016,0,1,1
808206497012482048,0,1,1
809327262059282432,0,3,3
809826753489367040,0,1,1
811024564490682368,0,1,1
