user_id,n_fake_tweets,n_fact_tweets,n_total_tweets
3423950230,17965,0,17965
138092553,16394,2,16396
73572581,13160,0,13160
1080714680,12749,0,12749
289762786,12135,5,12140
199216714,10266,16,10282
3217529705,10262,7,10269
3181140627,9744,6,9750
37091078,9389,0,9389
21032566,9190,2,9192
720008230412410885,8965,3,8968
198363756,8942,0,8942
97492736,8050,9,8059
1057893264,7798,0,7798
3374126201,7628,26,7654
250365695,7116,14,7130
389486216,5943,4,5947
2841714842,5442,29,5471
56569304,5106,1,5107
892501837,5055,1,5056
3266978148,5055,9,5064
4839403219,5024,3,5027
2789120208,4864,1,4865
706665518044999681,4725,12,4737
14962957,4720,9,4729
109065990,4639,0,4639
292586544,4457,0,4457
1141327123,4435,1,4436
1539085914,4347,4,4351
4496549793,4333,2,4335
199768203,4329,34,4363
501541494,4302,0,4302
2270554398,4301,2,4303
20715638,4299,4,4303
2985934030,4247,0,4247
1646044446,4235,5,4240
15063486,4187,48,4235
501567221,4166,2,4168
3121242095,4120,0,4120
583122991,4107,48,4155
14505245,4088,0,4088
12912542,4036,20,4056
780829149950726144,4030,5,4035
993451813,4005,0,4005
260830319,3853,0,3853
97989357,3769,31,3800
635004482,3628,2,3630
1408487016,3555,7,3562
598319603,3530,7,3537
2807635800,3509,1,3510
756839678020497409,3424,12,3436
3400009402,3422,0,3422
303909647,3407,0,3407
45154341,3398,8,3406
2398300866,3260,4,3264
29668080,3203,2,3205
105604742,3137,9,3146
2927103282,3127,0,3127
121333842,3119,11,3130
1077757998,3110,3,3113
4428509920,3104,1,3105
115392787,3095,0,3095
3171549289,3079,0,3079
772899092842307584,3076,14,3090
750868791752593408,3045,58,3103
3106534151,3042,10,3052
534117566,3020,9,3029
4855587569,3000,8,3008
991599836,2993,4,2997
1664059166,2969,2,2971
3131253213,2958,5,2963
21216192,2941,21,2962
350437162,2939,1,2940
506399081,2935,7,2942
180986738,2920,4,2924
776055774,2913,3,2916
49449357,2875,16,2891
356324005,2810,13,2823
482077328,2802,1,2803
4855687055,2777,25,2802
2377815434,2750,0,2750
1332367184,2725,10,2735
2842889879,2719,1,2720
321760879,2696,0,2696
256184059,2663,105,2768
1732405544,2658,1,2659
76937426,2606,6,2612
2738798022,2605,0,2605
365168112,2597,1,2598
740871504334721024,2585,3,2588
24086385,2570,1,2571
750412489116884993,2556,0,2556
279118291,2494,73,2567
2315583427,2461,9,2470
735148471376830464,2449,69,2518
614524574,2413,0,2413
757274031519363072,2391,28,2419
2382679416,2389,1,2390
743125492224626689,2371,1,2372
2794422915,2322,0,2322
772896788768559104,2292,14,2306
2711204024,2289,6,2295
709505904,2272,2,2274
1531185990,2253,15,2268
2178922148,2233,0,2233
30117361,2225,2,2227
85114590,2224,0,2224
326497387,2210,0,2210
338844588,2210,0,2210
76227785,2205,3,2208
225937279,2183,8,2191
175907485,2181,0,2181
301374864,2166,0,2166
338567078,2164,34,2198
4649106135,2163,4,2167
2735511486,2158,13,2171
95918629,2146,0,2146
777777378,2146,0,2146
754884880996020225,2111,71,2182
518453811,2101,0,2101
511860198,2100,0,2100
511935521,2100,0,2100
3317657956,2084,8,2092
902013278,2065,0,2065
723896723794440193,2042,2,2044
185579226,2041,14,2055
3400722723,2037,7,2044
772891119424331776,2022,38,2060
3266700752,2019,0,2019
1251812930,2011,2,2013
2836839353,2001,5,2006
1666194115,1999,1,2000
368544047,1990,13,2003
518347621,1987,2,1989
327936669,1983,0,1983
402061844,1980,9,1989
3167493495,1971,3,1974
1953192330,1954,1,1955
2267702196,1930,1,1931
158950134,1891,18,1909
2414855658,1889,0,1889
715434592925270017,1876,0,1876
4676548814,1856,5,1861
1414122888,1842,1,1843
74756207,1840,2,1842
15147510,1830,2,1832
328731996,1825,4,1829
313758408,1822,0,1822
45208226,1818,0,1818
876941538,1812,4,1816
363761111,1794,12,1806
2312494016,1788,0,1788
735933453070258176,1779,0,1779
102304238,1767,1,1768
445015186,1762,0,1762
3130927019,1760,24,1784
278570134,1753,0,1753
4826912636,1749,39,1788
1008951163,1746,35,1781
50836292,1745,3,1748
732239270769885184,1730,1,1731
772108095514406912,1716,3,1719
776448817751359488,1714,0,1714
32300193,1659,0,1659
721737068322271232,1646,25,1671
4906718786,1644,14,1658
1534334539,1641,2,1643
1951788738,1632,10,1642
4521330855,1629,74,1703
3409715445,1623,286,1909
79505913,1621,0,1621
320252434,1618,1,1619
3376927462,1611,95,1706
725448266867970049,1608,6,1614
3328134453,1579,4,1583
750905187783544832,1565,44,1609
531649280,1559,1,1560
488382884,1553,3,1556
260920761,1538,5,1543
805675543,1522,0,1522
16276552,1515,1,1516
1210332085,1515,3,1518
2626453511,1505,0,1505
3480694935,1498,19,1517
950804761,1495,5,1500
2159250657,1490,5,1495
2700167659,1490,5,1495
2705400409,1490,5,1495
86942689,1468,0,1468
3051400362,1467,0,1467
3178690927,1460,9,1469
15717071,1457,19,1476
769810679016464384,1454,9,1463
71344581,1449,8,1457
1694109350,1438,2,1440
73858715,1436,3,1439
58869220,1431,58,1489
3431524759,1431,0,1431
24806398,1429,0,1429
961172101,1429,0,1429
408590976,1426,1,1427
219248541,1419,3,1422
69483012,1410,9,1419
458709872,1409,0,1409
384005220,1408,26,1434
788571666,1408,6,1414
3342834724,1397,0,1397
31479090,1386,10,1396
3318612142,1383,9,1392
4046491581,1379,3,1382
704034081898668032,1371,5,1376
134240162,1364,8,1372
956571343,1362,5,1367
2521147680,1349,6,1355
21531121,1337,17,1354
55260264,1335,1,1336
221475570,1334,18,1352
259260816,1334,3,1337
1072323325,1332,4,1336
4845996794,1331,15,1346
55100779,1326,11,1337
29547555,1324,12,1336
86441511,1320,7,1327
2906473932,1320,213,1533
3290217551,1320,3,1323
80626778,1305,2,1307
734892227411873792,1301,5,1306
1849839132,1300,21,1321
4808066595,1298,3,1301
16385026,1292,13,1305
782186200849231872,1291,0,1291
2252163905,1287,0,1287
1945668452,1286,2,1288
4431568114,1279,33,1312
2268208070,1261,1,1262
853766604,1260,10,1270
223184512,1258,4,1262
60893069,1253,4,1257
156807569,1242,14,1256
754538146726109184,1240,1,1241
2361859956,1233,3,1236
4786763677,1223,30,1253
33170847,1222,0,1222
2359692109,1222,6,1228
3330125487,1218,8,1226
560796972,1216,6,1222
1865621094,1210,20,1230
350296113,1200,16,1216
3039024478,1195,2,1197
227962095,1194,2,1196
4739845481,1191,24,1215
1264566066,1188,1,1189
3886197252,1188,0,1188
3236130899,1181,3,1184
701539075208011776,1180,1,1181
4883801255,1177,18,1195
753910825396469760,1168,2,1170
1125953346,1167,1,1168
83023044,1156,15,1171
42769580,1152,2,1154
316821017,1151,4,1155
2192695398,1150,0,1150
58899730,1148,0,1148
1566855548,1147,1,1148
771476711837831168,1147,2,1149
730248972128817152,1143,8,1151
2387053584,1140,3,1143
265187672,1132,3,1135
603217994,1131,9,1140
4834923616,1127,0,1127
123673697,1125,1,1126
769264223306121217,1122,0,1122
799257679915008003,1120,1,1121
4851493023,1119,7,1126
3274720530,1118,19,1137
3131388107,1115,0,1115
3621958574,1111,4,1115
229896432,1110,0,1110
726440510332784640,1110,2,1112
884311340,1099,22,1121
762708618063904768,1097,17,1114
217575068,1095,11,1106
15712057,1093,8,1101
572265354,1091,1,1092
3308781515,1089,7,1096
2853443310,1086,42,1128
812079846,1085,31,1116
715259009561808896,1085,49,1134
19757184,1083,3,1086
9235622,1082,1,1083
317223956,1075,31,1106
905898240,1074,47,1121
24226326,1070,23,1093
37986522,1070,7,1077
116705429,1069,8,1077
3070209746,1068,2,1070
753993480125358080,1064,58,1122
316161690,1062,28,1090
44592655,1060,0,1060
767211983183544320,1060,2,1062
184897616,1058,9,1067
3472785196,1058,0,1058
1977365496,1053,3,1056
1373192226,1052,0,1052
16936686,1051,0,1051
496300822,1051,9,1060
1391563946,1043,5,1048
317652514,1039,4,1043
177425469,1032,0,1032
2595978877,1032,5,1037
558738770,1030,3,1033
394379881,1026,7,1033
337856162,1021,4,1025
131964966,1012,0,1012
1911098132,1012,0,1012
824328062,1006,13,1019
891685188,1006,2,1008
2711498446,1004,0,1004
1300838640,1003,3,1006
226110292,996,0,996
3371637920,991,2,993
2957418269,988,3,991
3430537311,988,16,1004
4787266529,988,4,992
3410475429,984,6,990
22179370,982,0,982
3824077212,981,14,995
3214717179,979,3,982
1699487874,977,29,1006
544589549,976,25,1001
2473143948,976,20,996
2571409351,975,5,980
2687874710,975,0,975
599445694,969,76,1045
1334075256,967,2,969
36511832,966,3,969
120146232,966,76,1042
3111721,963,5,968
271602903,960,12,972
519157129,960,14,974
1164139794,957,1,958
17468666,956,75,1031
71862569,955,12,967
3664925599,953,22,975
61921063,949,2,951
3321952723,949,31,980
4922661084,948,0,948
23228167,947,1,948
2417844248,947,3,950
952296307,946,23,969
708458185494040576,945,16,961
860691823,940,9,949
141938077,936,5,941
2303716045,936,19,955
4687754948,936,3,939
220824049,935,0,935
70804774,930,4,934
2199893304,926,0,926
356360314,919,13,932
2949051936,919,31,950
125744394,913,43,956
550487203,913,35,948
796854479425601541,911,1,912
20344733,910,6,916
2980186012,909,40,949
733467830478245890,907,10,917
42996191,905,3,908
3268828026,905,1,906
2786494571,904,3,907
291121786,903,1,904
2278197342,900,10,910
57388012,899,2,901
34665792,898,6,904
34325540,893,2,895
3522283105,893,0,893
3221921520,889,0,889
710088641243123712,888,19,907
2920257085,887,3,890
62493973,884,69,953
20909037,883,8,891
4835226799,882,2,884
1400943320,881,50,931
3499636752,872,38,910
4510755552,872,0,872
154889886,865,14,879
552619880,865,1,866
49884490,864,10,874
781707318295748608,864,1,865
2326604153,863,4,867
73533261,862,1,863
111642101,862,3,865
2327500422,856,17,873
3055008884,856,0,856
3991199422,854,0,854
4837004436,851,7,858
262529998,849,1,850
382209139,848,17,865
1488495162,847,3,850
48866739,846,39,885
4055906223,844,18,862
751963872899305472,844,1,845
767723635045863426,844,2,846
97793731,840,23,863
742822332427735041,839,4,843
81188804,835,0,835
20517889,834,9,843
4498776677,834,4,838
771751110180732928,834,0,834
15640075,833,6,839
228055022,830,1,831
552335271,830,24,854
145856687,827,22,849
3345957741,826,7,833
72546927,823,8,831
600415314,821,3,824
4910378597,821,32,853
383583763,820,0,820
738856920937861120,818,18,836
126646669,817,2,819
193525826,817,0,817
403211452,816,4,820
3153844428,816,37,853
30703815,815,7,822
916084236,814,25,839
754567562504142848,813,0,813
758690039308091393,813,0,813
28352024,811,1,812
4922868578,810,10,820
263787445,808,1,809
1337808126,808,0,808
4064331736,808,26,834
3750897171,805,27,832
1447605738,804,16,820
157132349,803,1,804
2279807934,803,0,803
2753220014,803,6,809
3658348636,803,3,806
15273001,802,10,812
739469799462449152,801,13,814
15995652,800,21,821
3608463552,800,43,843
190939080,796,0,796
2607703608,796,2,798
3020455940,793,26,819
3884926699,793,16,809
757282541745213440,791,0,791
760004348135018496,791,5,796
733838438,788,0,788
2341977604,788,61,849
2462473820,786,0,786
461409282,785,4,789
713690590102335488,785,12,797
23479954,784,11,795
3914047581,783,22,805
715351137050710016,783,1,784
98769374,782,10,792
4856364013,781,7,788
539721796,779,5,784
456775778,778,18,796
2440059511,778,0,778
19220785,777,0,777
711305198421946368,776,17,793
720720437852803072,776,0,776
2723265539,775,5,780
728782203706953735,775,7,782
2997416048,774,0,774
1451597376,773,0,773
1423825207,771,0,771
3269495126,771,18,789
705070447893876737,770,6,776
741010128904847365,769,0,769
263504882,768,34,802
144367359,767,0,767
4230384973,766,28,794
838399572,765,5,770
3848466194,765,1,766
104452282,763,3,766
4655360417,763,0,763
739470325,762,1,763
3104545022,761,1,762
115543224,759,42,801
2302191793,759,7,766
557468072,757,21,778
3707516413,757,1,758
703335845269368833,756,5,761
788125487562305536,755,8,763
2954137227,752,4,756
2683032895,751,23,774
409430647,750,2,752
40361182,748,0,748
74161921,747,1,748
2371830000,747,1,748
3021539556,746,2,748
800745527402893313,746,2,748
465158270,742,14,756
469086244,742,11,753
1023659581,742,4,746
553991829,741,0,741
613048145,740,1,741
18643437,739,3,742
885445418,739,3,742
345343418,737,8,745
420502656,735,8,743
19921268,733,23,756
20332797,732,1,733
3887281154,731,31,762
134978456,730,6,736
68446756,729,0,729
605963171,728,23,751
4517951,726,21,747
285328319,725,8,733
2514475647,724,11,735
1418775942,723,12,735
744185866097025024,723,3,726
798530833,722,38,760
3293644245,721,0,721
750776657523408896,721,47,768
287505023,720,12,732
785514484534214656,720,2,722
18740607,719,4,723
96440540,719,1,720
310643025,719,3,722
4718357002,719,7,726
712866409903177728,719,2,721
176909116,717,2,719
913517954,717,5,722
14791358,715,16,731
3593568440,714,0,714
715914672285716480,714,6,720
51210644,713,3,716
632378545,713,1,714
709532601032286209,713,23,736
264376821,711,4,715
564648532,711,5,716
3384385671,711,20,731
52279814,710,15,725
900355423,710,30,740
273764520,709,7,716
1246856551,709,0,709
4635245670,708,0,708
754974223907430402,708,8,716
1287092424,706,0,706
1229074621,705,0,705
4201300533,705,2,707
363266582,704,4,708
90408018,700,0,700
180542862,699,37,736
2196646711,699,2,701
705426933123649536,699,6,705
735317961452494848,697,0,697
114342695,696,1,697
3586180212,696,0,696
1216957579,695,19,714
964546038,694,2,696
705549682177658880,694,17,711
1287022826,693,12,705
3350716047,693,0,693
594937448,692,15,707
2209322498,692,3,695
2545326607,691,24,715
3923762177,691,25,716
18224811,690,35,725
4895640252,688,10,698
43257447,687,2,689
3402737002,687,1,688
4858879587,686,4,690
700747161290452992,686,5,691
192036002,685,21,706
827797573,685,20,705
2200490815,685,4,689
701099574883057664,685,6,691
3030545658,682,33,715
717296570211962881,681,3,684
930575720,679,21,700
747144457741606912,679,10,689
2893898514,678,0,678
487769182,677,29,706
2784956779,676,0,676
18903953,673,4,677
2737985484,673,0,673
3340774754,673,1,674
142150016,672,2,674
183657109,672,0,672
569745251,669,8,677
71278773,668,1,669
2387884148,668,0,668
718319754,667,20,687
2750309806,667,33,700
1895204172,666,13,679
4870642869,666,1,667
44554315,665,1,666
4879012271,662,11,673
932952324,660,1,661
2460478249,660,0,660
721339836406317058,660,37,697
448510528,658,39,697
700476702040788993,658,8,666
71807953,657,77,734
1150914516,657,30,687
1424605753,657,24,681
18557659,656,7,663
112620298,656,3,659
3647423237,654,29,683
86989456,653,88,741
512592336,653,4,657
721950741947023360,651,15,666
65854394,650,4,654
519728191,650,47,697
1222028304,650,20,670
2178663834,650,25,675
755363854192816128,650,0,650
1672386103,649,5,654
4260720134,649,5,654
4895096885,649,9,658
3497865853,648,28,676
705188226827333632,646,16,662
1034339780,645,0,645
33410754,644,25,669
769941491657547776,644,0,644
2529693623,643,3,646
14320620,642,2,644
3309967506,642,5,647
604115899,641,23,664
715206419163709440,641,0,641
52141764,640,12,652
4098592756,640,9,649
369856877,639,18,657
1378567909,639,2,641
199056422,638,10,648
538481859,638,32,670
16411598,637,0,637
1901735065,637,18,655
2196378314,637,1,638
774171195050557440,635,2,637
15749227,631,279,910
871599601,631,1,632
2535507276,631,6,637
16190478,630,15,645
214998879,630,0,630
3063990535,630,87,717
84523588,629,252,881
559645321,629,12,641
570816898,629,33,662
2381241810,629,26,655
726893349488087040,629,9,638
730448238998786048,629,21,650
29967056,628,19,647
4304419334,628,13,641
16410897,626,35,661
66033904,625,16,641
382852377,625,5,630
48100522,624,22,646
52520387,624,2,626
2983991113,623,17,640
746827131859181568,623,1,624
2379430261,622,8,630
15496973,621,12,633
1350989725,621,27,648
211990186,617,22,639
2447038212,616,6,622
2848442307,616,1,617
714947334,615,21,636
27757215,614,0,614
1924904623,612,37,649
4041511396,612,13,625
404463989,611,31,642
3680356815,611,0,611
2734291692,610,4,614
2877712525,610,26,636
29463046,609,8,617
742716154364497920,609,37,646
211533486,608,11,619
231282120,608,3,611
606663661,607,15,622
2176799708,607,1,608
2358183505,607,1,608
3550037417,607,2,609
1573585807,606,6,612
725469308558663680,606,33,639
69707519,604,7,611
1549532077,604,644,1248
3001321559,604,18,622
18393418,603,33,636
83079654,603,3,606
1308509430,600,9,609
5950272,599,12,611
353996180,599,11,610
542962969,599,2,601
3598959794,599,7,606
18553881,598,15,613
54065567,597,24,621
782172326,597,4,601
4182688875,597,19,616
746124845105090561,597,6,603
789738380,596,21,617
41419693,595,3,598
259495952,595,3,598
865242169,595,4,599
3161717974,594,2,596
3249437280,594,1,595
2450202811,593,22,615
3162003637,593,0,593
4700534838,593,1,594
703453580846469122,593,0,593
736079508399214593,593,0,593
238015192,591,4,595
1700558094,591,3,594
4821423943,591,13,604
109945090,590,26,616
1393297200,590,11,601
1495747434,590,34,624
14243666,589,5,594
1599562578,589,20,609
3387188439,589,155,744
600074019,588,0,588
900187770,588,18,606
2496377724,588,38,626
2523556454,588,36,624
3225518754,588,2,590
371072641,587,21,608
447085006,587,6,593
4738204860,587,0,587
3092840974,586,4,590
4180352153,586,32,618
729022640313106432,586,2,588
82616432,585,10,595
186506052,585,39,624
51609807,581,18,599
720735339074215936,581,14,595
709973837,580,22,602
733866462796877824,580,15,595
109014242,579,3,582
582562920,579,3,582
1240232587,579,13,592
2723902734,579,6,585
2746979823,579,40,619
4085135908,579,14,593
4516076294,579,14,593
37470180,578,38,616
712440047807520769,578,16,594
714949505720823808,578,25,603
706148599604731905,577,31,608
1597555874,576,1,577
782419913306673153,576,0,576
784631291677437956,576,0,576
785791604120358912,576,0,576
322879013,575,38,613
742904223830933504,575,0,575
1959223292,574,1,575
4886213447,573,21,594
249458442,572,0,572
706244489464123392,572,4,576
467221718,571,0,571
576291977,571,0,571
707742697,570,3,573
2903166449,570,14,584
707253890299744256,570,10,580
23433605,568,10,578
217137252,567,20,587
1469577427,567,0,567
746149720758845442,567,2,569
751422806454394880,567,8,575
498065893,566,14,580
728635523816775680,566,83,649
774189454571503616,566,5,571
20323333,565,0,565
4776757226,565,11,576
415725818,564,12,576
395476407,563,39,602
931010875,562,2,564
1428815594,562,3,565
1942152170,562,2,564
770303925794643968,562,8,570
4623007456,560,29,589
865060466,559,14,573
1695217200,559,16,575
3192848121,559,31,590
3241032604,559,4,563
51691170,558,3,561
1184596015,558,0,558
39755667,557,14,571
740579098783850496,557,27,584
3628257623,556,6,562
436360631,554,39,593
164342281,553,7,560
582140844,553,47,600
849941184,553,0,553
764307049844998144,553,4,557
929963226,552,26,578
23114490,551,26,577
86832042,551,0,551
4851730959,551,45,596
234466998,550,17,567
1549066418,550,16,566
3161107329,550,24,574
14930609,549,2,551
223896073,549,29,578
518948532,549,6,555
2538624796,549,0,549
4030957213,548,2,550
3884374874,547,2,549
120818659,546,19,565
4475341812,546,0,546
227467628,545,0,545
3473311992,545,4,549
375669510,544,24,568
1080576949,544,13,557
3143511569,542,2,544
698562318351863809,542,24,566
785985854611214337,542,4,546
2589443876,541,0,541
615675507,540,1,541
2269557301,540,3,543
3908344585,540,2,542
441378703,539,6,545
762456727186841600,539,21,560
119534385,538,11,549
2823620637,538,21,559
3228616728,538,2,540
3481965513,538,20,558
263325209,537,23,560
3673471363,537,13,550
250131859,535,0,535
405504484,535,6,541
737450550,535,4,539
1433237178,535,0,535
2926464862,534,17,551
3166178833,534,12,546
760929229642997760,534,3,537
1566816938,533,27,560
2430626287,533,9,542
2884079135,533,15,548
3028228054,533,9,542
1004702144,532,1,533
2178325525,532,9,541
765616871567568896,532,3,535
956171191,531,0,531
2692843108,531,1,532
4821375853,531,24,555
4857096960,531,12,543
14596185,530,7,537
31419814,530,5,535
1542767918,530,2,532
22109363,529,3,532
257097577,529,18,547
2892983181,529,27,556
3089040558,529,22,551
719548547624861696,529,0,529
57749952,528,0,528
1287225810,528,9,537
24790428,527,9,536
2775723830,527,5,532
18067164,526,21,547
1141027980,526,22,548
1524787770,526,1,527
736906356871991296,526,2,528
975217231,525,15,540
1341686353,525,7,532
711379646319861760,525,44,569
751385595168059392,524,1,525
54153498,523,14,537
860660888,521,11,532
173161703,520,0,520
758032406234345473,520,2,522
303450744,519,14,533
732012116,519,14,533
2983302897,519,2,521
3290881694,519,21,540
3424489361,519,15,534
704094904595705857,519,7,526
714887575081607168,519,25,544
30317907,518,1,519
1400514948,518,77,595
4879264024,518,3,521
364930955,517,3,520
1556075358,517,1,518
2350543976,517,0,517
723684376236584960,516,1,517
411626852,515,9,524
435521563,515,7,522
14338727,514,8,522
2935416411,514,1,515
45493958,512,1,513
763534904,512,10,522
2553543997,512,0,512
33611715,511,5,516
724706594,511,3,514
86796377,510,4,514
2996768938,510,1,511
4353480989,510,13,523
4851681461,510,16,526
62147616,509,12,521
2511805574,509,0,509
4677632868,509,1,510
188425645,507,8,515
2240033851,507,14,521
733638588714352640,507,3,510
201781540,506,4,510
2896439073,506,25,531
701581697679110145,506,7,513
763130254231756802,505,8,513
28768235,504,0,504
115753716,503,4,507
147248694,503,14,517
259017826,502,3,505
4885744525,502,21,523
2321272902,501,13,514
2686106365,501,14,515
4722474567,501,3,504
310537663,500,0,500
341027410,500,25,525
3313075368,500,4,504
757997840874385408,500,30,530
146485565,499,2,501
2424571394,499,3,502
3248410062,499,20,519
4531637172,499,0,499
61804416,498,1,499
2788746794,498,0,498
236268614,497,3,500
18412711,496,11,507
2479977919,496,19,515
2800466323,496,15,511
4267156996,496,9,505
4889784711,496,10,506
716767065890103296,496,14,510
306327191,495,3,498
2868389650,495,18,513
763162689086427136,495,6,501
2654356639,494,7,501
3167639097,494,11,505
3435940588,494,29,523
4872247102,494,8,502
763152681107980288,494,1,495
514639148,493,11,504
1099655371,491,3,494
3927572774,491,25,516
738509183952113664,491,25,516
742119836575223808,491,4,495
21587082,489,16,505
725770009553719300,489,10,499
26439527,488,8,496
1372786812,488,13,501
173119648,487,9,496
3739067240,487,22,509
759763645534314496,487,19,506
2801925217,486,2,488
3235627787,486,2,488
4728131307,486,4,490
9349562,485,1,486
180111748,485,7,492
570115053,485,22,507
1678939038,485,0,485
3069614616,484,18,502
710547816180027396,484,2,486
17524689,483,7,490
864139111,483,12,495
1904823103,483,18,501
3246128525,483,0,483
27752166,482,3,485
2912957057,482,5,487
3841109476,482,3,485
3886099279,482,20,502
4919080518,482,1,483
704297752088326144,482,0,482
211345057,481,15,496
705814755869470720,481,22,503
717080381153894400,481,17,498
2898756616,480,25,505
750808149997805568,480,10,490
23979289,478,1,479
1447529352,478,29,507
1659405564,478,8,486
2305880564,478,5,483
3271790814,478,3,481
713789700994179073,478,2,480
303350661,477,0,477
898923308,477,3,480
3885993200,477,8,485
4744232172,477,19,496
2163306930,476,0,476
48141381,475,10,485
2458476536,475,8,483
2939622389,475,1,476
713462091135459333,475,67,542
735233974486831106,475,0,475
1420739510,474,15,489
2972072795,474,0,474
3317319301,474,37,511
704353869795606528,474,50,524
3766254975,473,4,477
127693283,472,2,474
493458854,472,1,473
1426710036,472,14,486
4857949199,472,6,478
202367059,471,39,510
4171684919,471,25,496
431917957,470,43,513
563997163,470,29,499
2371015914,470,1,471
2856154741,470,16,486
60985267,469,4,473
295966275,469,17,486
801168552,469,19,488
1023091806,469,2,471
1575689569,469,2,471
4309950203,469,1,470
4693602139,469,30,499
25907240,468,14,482
2314489021,467,7,474
3021564158,467,1,468
60353989,466,2,468
712634960281223168,466,8,474
367273527,463,6,469
733424386020020224,463,0,463
3035205392,462,0,462
753577777257820160,462,25,487
17561562,461,14,475
49475614,461,3,464
529555835,461,1,462
1187596585,461,0,461
3997870336,461,9,470
34744730,460,8,468
255240421,460,26,486
513873998,460,32,492
518375650,460,0,460
2502606786,460,2,462
718004031327698944,460,11,471
769473349957226496,460,4,464
314722934,457,3,460
765962124837486592,457,2,459
26193351,456,5,461
34701889,456,62,518
19380916,455,33,488
21150859,455,0,455
21802725,455,18,473
32225866,455,1,456
323085742,455,6,461
417451460,455,1,456
3254524106,455,1,456
3647712853,455,19,474
727249811846500353,455,3,458
31579226,454,17,471
75903151,454,0,454
311022831,454,1,455
573649780,454,19,473
1594928270,454,0,454
2660410752,454,0,454
3126563358,454,21,475
703755811399585793,454,10,464
68435756,453,9,462
3413212065,453,21,474
4002449655,453,13,466
319746353,452,0,452
590651831,452,1,453
4687587470,452,13,465
736745064697888769,452,17,469
34754579,451,1,452
1945076263,451,10,461
714633790749077505,451,13,464
1498573814,450,13,463
4729637907,450,15,465
57415933,449,0,449
322282548,449,9,458
3622223535,449,14,463
715717693714763777,449,0,449
55151457,448,5,453
56520458,448,5,453
1240499028,448,9,457
4864171883,448,49,497
628638850,447,29,476
2525645395,446,18,464
3337744786,446,6,452
3394601549,446,19,465
4827286170,446,16,462
784613346398113793,446,8,454
796090831060934657,446,5,451
274621914,445,13,458
992310697,445,2,447
711971920934277122,445,4,449
711576455306743808,444,28,472
755602366062133248,444,10,454
1551435109,443,12,455
4476428301,443,23,466
348058185,442,3,445
4228642894,442,0,442
110071965,441,7,448
1213293126,441,28,469
701212394794696704,441,2,443
720378783996358656,441,7,448
1291571430,440,3,443
2307253314,440,18,458
2393708024,440,2,442
4017521301,440,7,447
4098447160,440,14,454
36048950,439,22,461
335353868,439,14,453
483686823,439,7,446
1389588518,439,0,439
745462603812462592,439,18,457
748098526878404609,439,0,439
186278633,438,17,455
2305879171,438,58,496
531678337,437,2,439
2942565101,437,0,437
3386408847,437,0,437
757752143289786369,437,2,439
27686745,436,14,450
156636361,436,1,437
1301244769,436,54,490
15100622,434,2,436
75405585,434,7,441
2346152484,434,23,457
3189683242,434,0,434
745514486631542785,434,13,447
51967388,433,15,448
466910067,433,12,445
758470735811665920,433,6,439
786368857149677568,433,1,434
57039652,432,20,452
2927276992,432,5,437
3104864263,432,0,432
703971353351696384,432,7,439
525750162,431,3,434
833376858,431,0,431
1852381699,431,1,432
4428596416,431,0,431
19218108,430,7,437
441063307,430,24,454
758297804,430,2,432
3828830052,430,0,430
3946780887,430,13,443
730273710310096896,430,43,473
741393440856903681,430,22,452
16468481,429,4,433
36021489,429,1,430
843278084,429,0,429
870721279,429,4,433
994386145,429,4,433
999453985,429,4,433
1370661776,429,0,429
2749225968,429,12,441
735254665097564161,429,0,429
152208943,428,3,431
2245707546,428,3,431
3234781559,428,30,458
15427912,427,15,442
257186780,427,0,427
567504692,427,6,433
2650426551,427,4,431
4855439824,427,14,441
49424542,426,0,426
462370197,425,0,425
475274420,425,15,440
2167674121,425,28,453
4183466843,425,3,428
72132436,424,27,451
441376916,424,4,428
2573512140,424,2,426
3224693642,424,6,430
3301022112,424,2,426
4145603123,424,10,434
42565769,423,3,426
275608065,423,1,424
706250312810684418,423,31,454
367905405,422,16,438
1242171468,422,3,425
3271255423,422,16,438
67350721,421,6,427
764322548754550784,421,16,437
54773913,420,14,434
709426128,420,14,434
3310629306,420,2,422
199097020,419,4,423
1551604218,419,18,437
732201142780710913,419,0,419
149583391,418,0,418
489759395,418,0,418
17674805,417,0,417
119529968,417,1,418
198554300,417,0,417
364996231,417,1,418
471324897,417,2,419
2481854702,417,12,429
44148003,416,17,433
114141144,416,1,417
119195187,416,4,420
329954688,416,1,417
406784853,416,2,418
489022138,416,24,440
2179916998,416,15,431
1287018594,415,15,430
2256871969,415,11,426
63547314,414,9,423
849862741,414,14,428
2281337989,414,1,415
85096288,413,25,438
2284614762,413,15,428
3151006266,413,1,414
154036527,412,1,413
534154454,412,0,412
737294036,412,13,425
2158000429,412,1,413
3435638633,412,12,424
3581125695,412,1,413
12980002,411,24,435
17719672,411,24,435
33786401,411,2,413
4827809970,411,18,429
721118837349957632,411,10,421
23317891,410,8,418
30812245,410,9,419
3280271678,410,0,410
759555970158698496,410,0,410
16335102,409,26,435
18789378,409,11,420
25135739,409,0,409
219701626,409,0,409
1925007925,409,0,409
3308822353,409,17,426
4168866500,407,0,407
4578923921,407,6,413
709366453531774976,407,4,411
84548925,406,8,414
108796383,406,1,407
1006704806,406,2,408
2330881664,406,9,415
2869562673,406,13,419
3308193378,406,19,425
3983144637,406,27,433
4886380750,406,19,425
760098153307701250,406,27,433
21091983,405,16,421
69190453,405,13,418
2599136157,405,11,416
18929394,404,11,415
719283382710984704,404,8,412
281519746,403,2,405
320307136,403,17,420
1724568876,403,3,406
4822039626,403,6,409
1283670948,402,2,404
2205198069,402,17,419
726236936038440960,402,12,414
24544802,401,8,409
152102546,401,5,406
525847693,401,5,406
1412064840,401,0,401
190878483,400,32,432
309321148,400,2,402
565112744,400,12,412
3290051783,400,1,401
710932536420077568,400,3,403
750466208009445376,400,1,401
36313598,399,13,412
386702427,399,1,400
891661093,399,0,399
3170692550,399,17,416
4163792778,399,19,418
710903460934254592,399,22,421
18206185,398,9,407
123220619,398,3,401
384094961,398,20,418
2539848682,398,21,419
4251850093,398,10,408
16077744,397,6,403
152780763,397,17,414
930988064,397,2,399
2941629111,397,25,422
736293570110496768,397,3,400
30644500,396,22,418
4884913213,396,12,408
190044015,395,11,406
341862419,395,5,400
727701926544969728,395,6,401
752841114336493568,395,10,405
533670216,394,7,401
1462664791,394,6,400
2295343929,394,14,408
704506110665990144,394,13,407
1713036884,393,19,412
1852852502,393,11,404
2303776496,393,5,398
2951659258,393,2,395
726940680187183106,393,38,431
756310591422201856,392,11,403
867467498,391,16,407
869176992,391,13,404
747107404714807300,391,18,409
26874788,390,3,393
27839828,390,6,396
63826026,390,2,392
63843485,390,14,404
172414436,390,0,390
251428031,390,20,410
501052337,390,27,417
740637475,390,12,402
816641287,390,7,397
36400108,389,6,395
137552604,389,8,397
267965934,389,0,389
851059680,389,15,404
2882972224,389,14,403
4596637336,389,5,394
4890383820,389,11,400
753104971269300224,389,0,389
125630525,388,0,388
2906351399,388,7,395
3031280176,388,10,398
4620063202,388,2,390
4860394491,388,7,395
728616248439939072,388,17,405
274891222,387,16,403
613975936,387,2,389
2302407630,387,6,393
2571168301,387,11,398
709154206674866178,387,2,389
265710819,386,17,403
1567242546,386,0,386
2952557518,386,3,389
705674442412793856,386,12,398
786901787596980224,386,1,387
33435667,385,0,385
67514697,385,17,402
80793585,385,1,386
83652058,385,16,401
2262620679,385,11,396
2305853304,385,9,394
4244457140,385,28,413
708726272680046592,385,2,387
23841202,384,0,384
591879987,384,1,385
701253999228354560,384,12,396
703318052927094784,384,9,393
25685342,383,15,398
27435320,383,7,390
28021375,383,0,383
2648620973,383,0,383
3193836186,383,12,395
4819234823,383,5,388
750371862220115969,383,22,405
774685073631219712,383,27,410
26947929,382,25,407
479104121,382,14,396
930808560,382,7,389
1733257164,382,4,386
1905025994,382,0,382
2330112218,382,4,386
3909312929,382,2,384
705441738391838720,382,16,398
250302521,381,0,381
2582427774,381,7,388
3540252020,381,4,385
26900055,380,11,391
34715248,380,8,388
326215403,380,3,383
345858289,380,8,388
535554692,380,20,400
2351922506,380,0,380
706186365919080448,380,5,385
466028132,379,13,392
2440620382,379,20,399
2719172970,379,0,379
2893480965,379,0,379
3677594795,379,13,392
29929522,378,3,381
34172404,378,6,384
169123446,378,4,382
1905590958,378,14,392
740358125392408576,378,19,397
785318767278653440,378,4,382
22550338,377,0,377
24157436,377,4,381
260870662,377,0,377
321632766,377,5,382
1499792275,377,1,378
2539442637,377,9,386
2807220972,377,1,378
4182066809,377,3,380
4833337067,377,9,386
14359655,376,4,380
16532422,376,2,378
17056659,376,21,397
172255937,376,8,384
3055319153,376,2,378
758627757039509504,376,0,376
21740591,375,1,376
447163884,375,18,393
1839504895,375,25,400
4268991619,375,8,383
777909664188997638,375,7,382
33733664,374,6,380
35216399,374,9,383
245514023,374,11,385
437985541,374,2,376
959349781,374,13,387
718274256036106240,374,2,376
749097009835978754,374,13,387
16155881,373,11,384
17712142,373,12,385
537602851,373,6,379
930556002,373,6,379
2444272184,373,0,373
38939605,372,2,374
86378821,372,27,399
305877707,372,13,385
339820844,372,3,375
469848800,372,10,382
874859443,372,2,374
2432616523,372,1,373
2507476278,372,8,380
705118576710172673,372,12,384
711768753344675841,372,15,387
767852081050824704,372,2,374
28064611,371,13,384
32991125,371,0,371
264243333,371,0,371
2725704808,371,15,386
162301746,370,15,385
314870063,370,0,370
573053124,370,4,374
703042911101968385,370,9,379
193622584,369,122,491
873172632,369,10,379
2908002695,369,7,376
3260503620,369,13,382
4279395148,369,41,410
709907306255810560,369,11,380
732142037063991296,369,1,370
778404744494780416,369,0,369
102803388,368,3,371
253637278,368,23,391
20435808,367,19,386
23841163,367,7,374
345484611,367,1,368
2519063076,367,6,373
2551821246,367,0,367
3843640245,367,8,375
4911105927,367,4,371
763925259116355584,367,3,370
16857872,366,17,383
159110985,366,14,380
202561864,366,0,366
1942866666,366,3,369
2323079305,366,61,427
3281833134,366,1,367
4445498741,366,29,395
4871126956,366,15,381
703701473855721472,366,8,374
16989970,365,18,383
297043846,365,2,367
792173743,365,2,367
1411272246,365,17,382
1700681670,365,0,365
2622794806,365,1,366
3194954122,365,0,365
4830482521,365,3,368
760597737494683652,365,4,369
787052947062611968,365,0,365
27095023,364,1,365
126327405,364,3,367
228736760,364,9,373
349784771,364,5,369
2256532423,364,0,364
2992624003,364,9,373
3355655206,364,3,367
702895208497856512,364,16,380
708395608923623424,364,1,365
202951147,363,0,363
333761856,363,0,363
615360297,363,8,371
1360345298,363,0,363
4896201527,363,10,373
738955727339986944,363,1,364
787444451228606464,363,1,364
60668989,362,3,365
68207839,362,3,365
74841347,362,23,385
458542982,362,19,381
3003883030,362,0,362
746840006531092481,362,31,393
72882689,361,4,365
109623426,361,23,384
2299826742,361,24,385
2902986795,361,5,366
3902565862,361,7,368
4872606291,361,9,370
923885029,360,2,362
2894256669,360,3,363
713953191742816261,360,11,371
120651708,359,1,360
936148682,359,11,370
965259182,359,3,362
2962190770,359,0,359
3006600919,359,9,368
4219197432,359,26,385
4568989032,359,0,359
707640775643930624,359,7,366
750850517992148992,359,0,359
791344199538847745,359,4,363
792412379720155137,359,0,359
20826129,358,10,368
396622827,358,0,358
1461278486,358,16,374
2719026047,358,0,358
3433617016,358,21,379
702511602952708098,358,5,363
260369607,357,12,369
421403288,357,1,358
2436487272,357,4,361
705460734927491073,357,0,357
730865469062680577,357,7,364
734206860648185856,357,5,362
758024708667289601,357,2,359
29901477,356,1,357
211068552,356,18,374
373331421,356,13,369
498007394,356,6,362
879038035,356,3,359
2490929974,356,3,359
3320941218,356,4,360
3365988797,356,8,364
4736727918,356,4,360
720322175182315520,356,7,363
784820204563996672,356,5,361
28269648,355,3,358
197838315,355,12,367
4606670113,355,0,355
762008344987041792,355,9,364
14230733,354,14,368
49190063,354,10,364
52448419,354,2,356
78831504,354,4,358
900908972,354,17,371
2329260715,354,27,381
42531027,353,10,363
129949447,353,36,389
182606087,353,20,373
452258843,353,0,353
527276621,353,10,363
550684641,353,5,358
2572645350,353,6,359
2848049341,353,11,364
3704001257,353,1,354
4717892303,353,0,353
728765830226415617,353,3,356
18673125,352,15,367
36494299,352,4,356
58052610,352,11,363
86794987,352,7,359
245885182,352,11,363
705761014147493889,352,2,354
751482605334241280,352,28,380
18380551,351,0,351
79468315,351,13,364
167716675,351,0,351
331349665,351,10,361
401657173,351,20,371
3301842835,351,1,352
711696710255271936,351,0,351
712486863261536256,351,0,351
713127503351713793,351,8,359
757798189512531970,351,12,363
95097330,350,13,363
1538575146,350,4,354
752554272433188864,350,10,360
754841199186354176,350,1,351
88071033,349,5,354
275697166,349,7,356
306251996,349,3,352
746907692283858944,349,0,349
760128353286316034,349,11,360
983070032,348,8,356
2225747204,348,4,352
3449902456,348,3,351
4529429414,348,12,360
4608658335,348,9,357
701069957107322881,348,25,373
750417311744421888,348,16,364
788919646154088448,348,3,351
21363569,347,7,354
21965432,347,25,372
216446007,347,3,350
448817704,347,0,347
472653951,347,5,352
1155575904,347,2,349
2898190371,347,0,347
3233930719,347,6,353
753274485017640960,347,1,348
756923919496540160,347,2,349
3420540252,346,9,355
3941880252,346,3,349
4270517292,346,21,367
710272012766281728,346,13,359
28534205,345,7,352
107012365,345,25,370
384599314,345,2,347
861589381,345,11,356
3112345673,345,9,354
4807953266,345,0,345
746853969943724032,345,2,347
45049547,344,0,344
2329373178,344,17,361
762993488287764481,344,1,345
112186577,343,2,345
133005157,343,11,354
146310758,343,0,343
228134082,343,18,361
228226852,343,2,345
265530743,343,0,343
374226275,343,7,350
542918338,343,7,350
726439806,343,0,343
740379906974978049,343,5,348
68284249,342,7,349
468783338,342,0,342
556665762,342,3,345
3296734251,342,17,359
3394898979,342,30,372
4422984375,342,16,358
4843914659,342,2,344
85629721,341,0,341
237140311,341,10,351
360967238,341,8,349
1339944438,341,8,349
1623977834,341,1,342
2618573184,341,6,347
3358431453,341,3,344
3854848703,341,2,343
702313144346017792,341,9,350
768969589380288512,341,1,342
785645577346256896,341,10,351
216498790,340,27,367
301212396,340,9,349
427190975,340,9,349
779093905,340,27,367
757390775176921088,340,0,340
781947890289827840,340,5,345
33050532,339,5,344
321982863,339,4,343
807472957,339,21,360
1528072561,339,24,363
2707571696,339,11,350
3360131914,339,3,342
745350051908706304,339,6,345
38863786,338,6,344
63243592,338,3,341
90182089,338,5,343
262682563,338,0,338
940503344,338,1,339
1655766132,338,7,345
1723376107,338,58,396
2167585616,338,10,348
2424564421,338,14,352
4169185155,338,0,338
4874129992,338,11,349
703030870358233089,338,3,341
733663385443782656,338,4,342
786683653292191744,338,3,341
59593456,337,1,338
159009432,337,18,355
567626521,337,14,351
740928906,337,6,343
936894499,337,0,337
1441655905,337,1,338
2798317598,337,11,348
4562633179,337,13,350
725426968888397824,337,9,346
16252985,336,10,346
17818842,336,4,340
21056656,336,0,336
154532994,336,2,338
299599079,336,0,336
331467423,336,3,339
490179072,336,24,360
17687565,335,5,340
23257405,335,0,335
23685037,335,2,337
25989394,335,13,348
53958222,335,10,345
182453941,335,0,335
1623519344,335,0,335
3061797379,335,22,357
3081921375,335,0,335
3327424237,335,24,359
721002648288292864,335,5,340
15197900,334,14,348
33436115,334,3,337
89869801,334,21,355
549600981,334,14,348
2369654078,334,8,342
2818143486,334,1,335
3410689588,334,18,352
19832102,333,15,348
181309184,333,7,340
623313100,333,12,345
1318788516,333,1,334
2310760531,333,5,338
779004736997470209,333,1,334
74231060,332,4,336
790830852,332,8,340
3390098350,332,11,343
3871576040,332,7,339
738594621010251782,332,1,333
52655516,331,0,331
187716379,331,4,335
205472863,331,5,336
1064203465,331,21,352
2774939766,331,0,331
741423378905632768,331,0,331
26652733,330,4,334
38022781,330,6,336
301416337,330,6,336
389281501,330,2,332
563197367,330,3,333
788462102,330,4,334
2149769052,330,0,330
4399710327,330,0,330
743225881364209665,330,12,342
750377949065535488,330,8,338
16062087,329,7,336
104552862,329,0,329
387265077,329,4,333
393190233,329,8,337
571592528,329,2,331
1325337348,329,11,340
1631841212,329,11,340
2507917171,329,80,409
2779517050,329,16,345
758349780212867073,329,14,343
227438020,328,7,335
260337572,328,6,334
347376606,328,0,328
613796565,328,21,349
822533414,328,15,343
1049053260,328,0,328
2716100047,328,14,342
3409174167,328,0,328
4266858777,328,3,331
55976150,327,0,327
167903718,327,0,327
569612713,327,9,336
2174509045,327,10,337
2911804329,327,7,334
3772895061,327,2,329
3995662453,327,15,342
4234882707,327,12,339
4918685888,327,1,328
713478051720343552,327,11,338
60216046,326,0,326
295195137,326,4,330
1700204558,326,4,330
2372034590,326,2,328
3300300374,326,0,326
3308703357,326,18,344
4583867542,326,7,333
756959694716039168,326,0,326
143334837,325,0,325
246380932,325,10,335
308130306,325,3,328
2844479116,325,0,325
2887593005,325,14,339
766259231431548928,325,14,339
40189359,324,20,344
53999921,324,0,324
64008841,324,15,339
123592839,324,2,326
355151947,324,32,356
2159779477,324,6,330
2307296066,324,53,377
3951516256,324,1,325
4197645318,324,6,330
745681473416605696,324,11,335
52931083,323,10,333
415175014,323,12,335
422838569,323,8,331
1561539391,323,16,339
2209298587,323,31,354
2920659436,323,8,331
3322754713,323,0,323
19742226,322,5,327
244041701,322,3,325
805081368,322,4,326
2248442846,322,3,325
784447353273012224,322,0,322
46596461,321,2,323
90502102,321,1,322
2252475822,321,21,342
2297125818,321,12,333
3286661712,321,0,321
3309295093,321,10,331
509384598,320,9,329
733513268,320,13,333
1132366646,320,0,320
2619163263,320,9,329
3289045495,320,7,327
14999840,319,2,321
17491671,319,6,325
38751027,319,0,319
286217515,319,4,323
468934741,319,1,320
489259203,319,2,321
526555848,319,8,327
4371235214,319,0,319
705196121363243008,319,0,319
709383313983725568,319,5,324
747808244475830273,319,2,321
215701843,318,6,324
2273797556,318,14,332
703700133742034946,318,10,328
754540070342832128,318,1,319
761056167564980226,318,12,330
789556300938117120,318,0,318
14565490,317,4,321
29993565,317,12,329
33981571,317,9,326
89437464,317,1,318
212543625,317,3,320
1930148504,317,0,317
2188767095,317,0,317
2269297818,317,0,317
3243616719,317,3,320
751875246102196224,317,6,323
37627693,316,4,320
73654065,316,8,324
223016302,316,7,323
822225433,316,13,329
860311272,316,40,356
1548975014,316,12,328
4571904743,316,0,316
702964093456666625,316,12,328
742085410646548481,316,29,345
757042613241286656,316,8,324
764601704226574336,316,7,323
785925671776231424,316,1,317
145942291,315,0,315
574915137,315,22,337
3883040234,315,0,315
3904637064,315,0,315
166216613,314,0,314
474054440,314,3,317
751362697,314,20,334
925801148,314,2,316
1947900744,314,19,333
2491813500,314,4,318
304820025,313,11,324
353931229,313,20,333
438051476,313,7,320
784865526,313,8,321
942773174,313,17,330
1686552499,313,0,313
2211027127,313,12,325
3093907031,313,6,319
3330485469,313,1,314
3347181269,313,6,319
4805891677,313,16,329
169943413,312,0,312
382914766,312,3,315
550312259,312,8,320
874132542,312,0,312
2218437631,312,14,326
710829156624420864,312,10,322
768478842633785345,312,11,323
787343111336910848,312,3,315
45252500,311,8,319
317240857,311,2,313
317284206,311,23,334
480706635,311,0,311
3329715436,311,6,317
4910270788,311,7,318
48204443,310,0,310
274207288,310,14,324
700286457,310,16,326
765213068,310,2,312
1259393028,310,13,323
3219303120,310,4,314
3256876080,310,0,310
713035300600066049,310,7,317
745136880841220096,310,3,313
77397374,309,0,309
172947296,309,10,319
374284455,309,11,320
2331137958,309,4,313
2614181437,309,0,309
2915195838,309,0,309
3246358172,309,24,333
134229245,308,11,319
567841401,308,10,318
2518021065,308,10,318
4728810611,308,2,310
4875977234,308,8,316
712790533660352512,308,20,328
24677438,307,4,311
28009151,307,1,308
58808978,307,40,347
91237627,307,17,324
1106507400,307,12,319
1558861508,307,2,309
2412231368,307,5,312
2458410882,307,19,326
2771860414,307,12,319
146408874,306,18,324
477864155,306,3,309
874628059,306,6,312
1648943900,306,2,308
2771575558,306,9,315
2796349244,306,5,311
2937854619,306,29,335
4430503527,306,37,343
705178588723683328,306,9,315
783561210419642368,306,9,315
402233237,305,3,308
2268344145,305,10,315
2731134614,305,35,340
3225157877,305,8,313
761425819721871361,305,10,315
391259816,304,0,304
843820334,304,4,308
3702234197,304,14,318
244360818,303,0,303
419961805,303,6,309
634595966,303,12,315
1413808069,303,10,313
1447261014,303,2,305
4870766213,303,0,303
22297730,302,16,318
1109949931,302,6,308
2500792297,302,12,314
3314677222,302,14,316
4282865114,302,17,319
4596028158,302,2,304
702960609990545408,302,16,318
727328316345208833,302,4,306
764572902125608960,302,6,308
19109771,301,2,303
97710257,301,10,311
289599235,301,4,305
330487457,301,2,303
1177563320,301,3,304
2868385787,301,1,302
3468586467,301,16,317
3948911182,301,12,313
734192410264096768,301,19,320
760261767322710016,301,4,305
16512565,300,5,305
19432346,300,24,324
154228382,300,12,312
291709775,300,5,305
630577781,300,0,300
3291764995,300,4,304
4852473305,300,11,311
711343405444550656,300,2,302
736072798481711108,300,0,300
739601740488544256,300,12,312
747022245399265280,300,1,301
785907061800349696,300,8,308
34755858,299,14,313
39017735,299,5,304
50484213,299,21,320
2703114008,299,15,314
721757120849453057,299,28,327
53739953,298,120,418
469381281,298,2,300
2339422032,298,6,304
3269565836,298,6,304
4660013206,298,11,309
790735857426784257,298,1,299
36399571,297,10,307
1169382680,297,17,314
2561555594,297,12,309
3018828006,297,50,347
3312540300,297,7,304
4324657154,297,15,312
735890121426272256,297,3,300
747887591547101184,297,6,303
759234375015956480,297,2,299
113423378,296,10,306
315994858,296,14,310
490975378,296,5,301
850048008,296,3,299
2183212596,296,1,297
2261000927,296,12,308
3145384526,296,0,296
49596186,295,4,299
57234339,295,0,295
61756904,295,0,295
275701123,295,28,323
360805303,295,5,300
776998171,295,15,310
1375226216,295,11,306
1453418317,295,15,310
1674315427,295,9,304
1854655627,295,8,303
2480765648,295,1,296
2899568855,295,5,300
707380887978164224,295,0,295
708011805663170560,295,0,295
716657488326688768,295,5,300
27534951,294,11,305
298837102,294,1,295
589511830,294,17,311
890674015,294,8,302
2737239349,294,15,309
2765857389,294,23,317
2987516222,294,4,298
3375321073,294,6,300
3752361681,294,10,304
802659122,293,7,300
897724556,293,4,297
2373340329,293,4,297
2935510987,293,0,293
3356662759,293,14,307
4292539453,293,5,298
758993789604073473,293,7,300
781932710453313537,293,1,294
787650258218123268,293,1,294
18548665,292,0,292
50691835,292,12,304
484477723,292,33,325
1065869268,292,2,294
2829196009,292,17,309
3750347244,292,13,305
3798312976,292,2,294
4480906040,292,4,296
703288106401705984,292,21,313
88098920,291,2,293
176830279,291,14,305
196324855,291,6,297
198054116,291,21,312
277120807,291,1,292
311241090,291,13,304
339001318,291,5,296
466120645,291,4,295
491575884,291,7,298
1262872968,291,6,297
2278246392,291,1,292
2855136498,291,5,296
82770282,290,4,294
115496935,290,9,299
270134005,290,4,294
389131962,290,9,299
1091853968,290,2,292
2570950710,290,5,295
2687434471,290,1,291
718834655441657858,290,3,293
735526264879124481,290,0,290
771853675496996864,290,4,294
29738107,289,0,289
49790780,289,3,292
105781495,289,13,302
634686904,289,4,293
1859409636,289,16,305
3876509782,289,3,292
4435179915,289,6,295
4856996010,289,16,305
737672808059285504,289,5,294
24825097,288,1,289
26853182,288,0,288
60198816,288,11,299
125406318,288,5,293
248781239,288,8,296
257933772,288,14,302
319972036,288,8,296
522498774,288,0,288
2582880294,288,5,293
3098500169,288,7,295
3155025981,288,8,296
4865974714,288,5,293
4897039492,288,15,303
18658176,287,12,299
294596045,287,0,287
591887278,287,0,287
1520617003,287,6,293
1905253668,287,0,287
2172753872,287,13,300
28399177,286,0,286
31344647,286,2,288
130020846,286,11,297
448323541,286,10,296
466109180,286,1,287
513855461,286,1,287
2272778479,286,1,287
705047741911736320,286,21,307
780949417469865984,286,0,286
25191678,285,16,301
59048893,285,0,285
149286219,285,3,288
808014258,285,14,299
1691006022,285,12,297
2777807738,285,68,353
2814199948,285,0,285
4291655293,285,7,292
707363503494012928,285,3,288
713583198026997760,285,9,294
734517100530765824,285,5,290
123521611,284,0,284
166001916,284,45,329
330589117,284,6,290
458411712,284,3,287
1459010948,284,6,290
2603969504,284,0,284
3947091915,284,25,309
4735176079,284,19,303
720612792210825216,284,4,288
734087285210120192,284,20,304
24716438,283,0,283
26388848,283,13,296
235798860,283,0,283
329681844,283,9,292
1524857611,283,34,317
2459340000,283,72,355
4720653977,283,1,284
703317145200025600,283,7,290
749468931270778880,283,5,288
789876171030732800,283,6,289
17099193,282,24,306
28975965,282,0,282
54684146,282,0,282
362813558,282,5,287
408621173,282,0,282
719391704,282,10,292
1712386268,282,1,283
2899880188,282,6,288
3038933527,282,7,289
3318421381,282,5,287
3385044495,282,2,284
765740494525702144,282,3,285
22420450,281,6,287
24569396,281,1,282
59141515,281,19,300
860110616,281,3,284
2571872893,281,14,295
2825036970,281,2,283
2878480733,281,0,281
4516746447,281,7,288
709235498376683520,281,1,282
21294893,280,1,281
42656372,280,3,283
135008854,280,8,288
228791219,280,8,288
374760130,280,9,289
381848553,280,0,280
620640900,280,141,421
874505142,280,2,282
2596671277,280,25,305
792358540832829441,280,0,280
34991028,279,2,281
75671794,279,3,282
342942805,279,17,296
389297134,279,3,282
1869484002,279,2,281
3408791968,279,11,290
706105772048908288,279,11,290
706156588407529473,279,10,289
55310647,278,6,284
153283018,278,8,286
347627434,278,36,314
530903891,278,15,293
1849938847,278,13,291
2922556139,278,3,281
3367909137,278,3,281
4731588974,278,1,279
723758122729250817,278,1,279
25056367,277,4,281
33249466,277,1,278
64511694,277,7,284
245750555,277,13,290
284690239,277,0,277
2381284064,277,3,280
3097122456,277,11,288
3265487640,277,2,279
4870772656,277,4,281
703372083007463424,277,7,284
706189400829513728,277,18,295
734477158639230977,277,1,278
735290253150298112,277,11,288
344322726,276,3,279
399745111,276,25,301
501459864,276,3,279
1681152000,276,6,282
2247644238,276,9,285
2395174262,276,1,277
2734496022,276,14,290
3883907000,276,16,292
4237563432,276,12,288
4397021841,276,2,278
4490345654,276,1,277
712808479753265152,276,7,283
741747997286014978,276,6,282
13965492,275,3,278
29350302,275,9,284
186587664,275,4,279
1899031500,275,27,302
2259041257,275,2,277
2683134085,275,5,280
2767657664,275,10,285
2775514122,275,27,302
3180679291,275,6,281
3276212370,275,2,277
3651026791,275,7,282
4659513317,275,20,295
4898400250,275,24,299
711394650490314752,275,0,275
749125675668348929,275,12,287
21159425,274,0,274
48736766,274,2,276
284580438,274,1,275
793880558,274,17,291
3066863551,274,11,285
786964672662700032,274,4,278
23691853,273,8,281
261749735,273,18,291
500109617,273,12,285
770296796,273,0,273
828862867,273,7,280
880048238,273,10,283
1053562008,273,0,273
1169679674,273,0,273
2334273306,273,0,273
2747914606,273,2,275
3352240999,273,6,279
3408199931,273,5,278
3422158725,273,5,278
3548005397,273,16,289
4885982967,273,5,278
137745632,272,3,275
158838519,272,28,300
630717039,272,12,284
1231055906,272,5,277
1410746617,272,5,277
2555864189,272,3,275
705552616315494400,272,21,293
725064846056640512,272,12,284
783207625324318720,272,8,280
23721998,271,14,285
33529092,271,14,285
43508994,271,12,283
43679281,271,20,291
368720279,271,3,274
989834077,271,10,281
2336005398,271,1,272
2493287096,271,2,273
703264025010954240,271,6,277
15416823,270,5,275
73025974,270,8,278
308693285,270,1,271
333823882,270,12,282
383906888,270,2,272
828120944,270,5,275
1535596561,270,5,275
2166712563,270,10,280
2415685429,270,6,276
3586652594,270,21,291
3770851995,270,11,281
4418474957,270,0,270
727624715519578112,270,6,276
66132112,269,1,270
396198196,269,10,279
559656338,269,10,279
1250323009,269,5,274
4763838026,269,1,270
4822094443,269,8,277
729866734815993856,269,26,295
23219627,268,6,274
27443191,268,3,271
178301444,268,10,278
230254484,268,2,270
259975018,268,36,304
2357647951,268,1,269
3950016887,268,4,272
4745268758,268,0,268
706189937528303616,268,4,272
756902627510657024,268,3,271
767037196691918848,268,8,276
61350866,267,6,273
69519762,267,24,291
537772034,267,6,273
876553406,267,14,281
893063894,267,0,267
2321302628,267,20,287
2329145040,267,2,269
2341214017,267,5,272
2783367703,267,1,268
2922120687,267,14,281
2931586062,267,34,301
704353017106206721,267,3,270
740272397371068417,267,18,285
18568363,266,18,284
30492475,266,13,279
50948136,266,11,277
231854780,266,4,270
400294294,266,8,274
425125521,266,17,283
919914043,266,13,279
1917575185,266,8,274
2329435819,266,15,281
3303825881,266,15,281
703332764733538304,266,2,268
708531566230654978,266,5,271
719575907166470148,266,5,271
765382188787437568,266,11,277
318694851,265,5,270
348323009,265,9,274
415114452,265,11,276
527516258,265,2,267
586724399,265,3,268
783210577,265,4,269
1051557925,265,1,266
2522680579,265,0,265
2576921622,265,7,272
2927024509,265,5,270
3322642872,265,7,272
3741610341,265,2,267
4352293774,265,3,268
4605113535,265,10,275
4885703096,265,13,278
719271649388797952,265,1,266
730400574953267201,265,11,276
18810387,264,10,274
34955929,264,9,273
115257448,264,7,271
303896480,264,3,267
387813577,264,5,269
415305621,264,1,265
510609255,264,9,273
518194812,264,5,269
1601751318,264,7,271
2319887304,264,4,268
2530520976,264,3,267
2543427014,264,5,269
717755642144886784,264,6,270
14781809,263,1,264
26102775,263,8,271
28625375,263,10,273
42195691,263,0,263
209274991,263,2,265
329143901,263,0,263
341678317,263,170,433
790578828,263,10,273
884981305,263,1,264
2216736289,263,4,267
2238596749,263,5,268
3012503543,263,2,265
770905444797804544,263,11,274
74141911,262,0,262
159095242,262,25,287
215293961,262,0,262
1060149252,262,4,266
1184641903,262,0,262
2374469136,262,9,271
2550575082,262,15,277
2562454358,262,1,263
3025266342,262,1,263
3216036994,262,1,263
3297022953,262,29,291
4853922562,262,5,267
727288195939889152,262,12,274
730415229717381120,262,102,364
742597581017128964,262,0,262
15995432,261,26,287
22316015,261,0,261
68300343,261,10,271
152087549,261,9,270
242618658,261,16,277
242880993,261,0,261
344811563,261,6,267
351081575,261,2,263
860394410,261,3,264
2244042689,261,11,272
2332573171,261,14,275
2428002088,261,0,261
3009577536,261,4,265
3367318187,261,5,266
4809716843,261,5,266
704303044662439936,261,8,269
784606740507725826,261,3,264
29785176,260,16,276
36046325,260,16,276
72089435,260,0,260
347462747,260,6,266
485960927,260,14,274
602397399,260,5,265
1356092868,260,9,269
2732884978,260,1,261
3623139434,260,1,261
4725227294,260,5,265
729381683724701697,260,2,262
796941448558051328,260,0,260
42227444,259,33,292
54551143,259,0,259
91493488,259,9,268
148004218,259,5,264
174142676,259,2,261
275817058,259,1,260
851591491,259,2,261
856490520,259,4,263
898445311,259,27,286
1160775618,259,10,269
2488963134,259,0,259
3020425427,259,4,263
3319254798,259,18,277
707662175926509568,259,1,260
715426952622919680,259,0,259
756270243257823233,259,0,259
758789247306313729,259,11,270
785257087987093504,259,3,262
16004747,258,4,262
41368430,258,11,269
96133244,258,15,273
121227877,258,5,263
1289813305,258,7,265
1570779979,258,1,259
1969399538,258,7,265
2443243128,258,2,260
2986089131,258,0,258
3341066865,258,0,258
3522274402,258,4,262
3711628096,258,19,277
4070999663,258,10,268
4280403258,258,5,263
700693962798067712,258,68,326
743215814799724544,258,1,259
745103416444198912,258,8,266
749429571813044224,258,0,258
750724690918846464,258,2,260
759745884934381568,258,4,262
784008026864783360,258,4,262
24702075,257,4,261
74484610,257,8,265
233661066,257,91,348
318711287,257,4,261
380156346,257,13,270
1000181929,257,5,262
2312902755,257,7,264
3027140962,257,0,257
3105280056,257,5,262
4196528835,257,11,268
4882353865,257,24,281
714824825148207105,257,7,264
17907878,256,16,272
27344142,256,10,266
47849447,256,0,256
59273831,256,0,256
175902324,256,1,257
289836894,256,12,268
301007596,256,3,259
2197388417,256,10,266
2324588594,256,0,256
2828213584,256,0,256
2988487643,256,7,263
3264908461,256,9,265
4261421361,256,6,262
714985182315450368,256,29,285
715538615376412672,256,12,268
727568122069147648,256,0,256
758095758503645185,256,2,258
770325547494707200,256,6,262
18739458,255,4,259
45951402,255,22,277
234365083,255,0,255
306924364,255,13,268
1161161875,255,8,263
3131097280,255,0,255
753009468397514756,255,7,262
13960902,254,5,259
22778877,254,1,255
162204416,254,8,262
217158737,254,4,258
308463919,254,5,259
315950800,254,8,262
337490991,254,5,259
1146809210,254,5,259
1902400610,254,4,258
2352095256,254,19,273
2971785375,254,12,266
3266856037,254,7,261
3312743661,254,1,255
738105524118552576,254,15,269
787253164743528448,254,0,254
791109574266789888,254,0,254
69608224,253,3,256
187059363,253,21,274
206063108,253,13,266
216587627,253,8,261
333606884,253,4,257
493185954,253,33,286
838904148,253,3,256
1265426034,253,6,259
1666567008,253,10,263
2546186313,253,23,276
3795292154,253,20,273
4051260612,253,2,255
714908382725996546,253,11,264
732315955477544960,253,5,258
770621913848688641,253,0,253
124314060,252,0,252
303579558,252,1,253
325132826,252,0,252
718107822,252,1,253
994082870,252,2,254
1578095880,252,3,255
1618325365,252,1,253
2169288409,252,6,258
2315931776,252,0,252
2322782078,252,9,261
3308149542,252,2,254
3400847261,252,16,268
3951026057,252,9,261
4433972369,252,3,255
4821920832,252,8,260
725108395783688192,252,1,253
747420327660101633,252,0,252
754894004328787968,252,3,255
14066928,251,6,257
151466633,251,2,253
304061756,251,16,267
712976695,251,27,278
772665366,251,0,251
1483785276,251,1,252
3192540098,251,14,265
3258681192,251,0,251
4236584177,251,11,262
708701811209740288,251,6,257
34150442,250,2,252
40988391,250,4,254
41972448,250,0,250
125128428,250,4,254
125707688,250,16,266
138214798,250,8,258
1063671618,250,6,256
1522753381,250,5,255
2896994522,250,6,256
4164428236,250,3,253
4700477725,250,35,285
705083633812566016,250,20,270
710550537444265985,250,12,262
725009280324218880,250,3,253
25162948,249,2,251
39666268,249,5,254
122111073,249,11,260
226944217,249,8,257
244605913,249,5,254
373011154,249,21,270
500444558,249,8,257
1150080397,249,1,250
1555236642,249,7,256
2525949569,249,0,249
2785682992,249,10,259
710212680078983168,249,15,264
713469726488465410,249,36,285
783460769530720256,249,3,252
786644922455564288,249,2,251
18627161,248,2,250
55115853,248,0,248
90286816,248,6,254
125550109,248,21,269
133385433,248,11,259
157034798,248,1,249
221121595,248,7,255
325280206,248,4,252
611047103,248,4,252
967151161,248,0,248
1736108306,248,4,252
2273723534,248,4,252
2411403306,248,0,248
2567523902,248,5,253
3053928455,248,4,252
3263253388,248,35,283
738159472632176641,248,0,248
742181053599645696,248,9,257
791657621451378688,248,0,248
16146535,247,344,591
37630113,247,14,261
213451424,247,10,257
365627246,247,3,250
1357216692,247,5,252
2521068963,247,0,247
2560148358,247,290,537
2803537275,247,3,250
2814756798,247,0,247
2886500230,247,10,257
3439536453,247,11,258
3711377115,247,8,255
4009886297,247,2,249
779079582683201536,247,0,247
783040740515512324,247,0,247
25550683,246,2,248
49393232,246,18,264
68889823,246,101,347
157054921,246,16,262
347025569,246,0,246
555301756,246,1,247
1375084074,246,3,249
1921211689,246,6,252
2448553039,246,5,251
2645456312,246,6,252
2668286088,246,9,255
3633732852,246,0,246
721503639261458432,246,4,250
746758787436994560,246,11,257
16655702,245,3,248
43768213,245,5,250
110769384,245,5,250
584016500,245,2,247
1860953034,245,12,257
2533267779,245,5,250
2553547278,245,7,252
3091954441,245,7,252
4086424329,245,19,264
4449043152,245,8,253
756124598408577024,245,14,259
760314218931294208,245,4,249
763437939825053696,245,1,246
457997085,244,3,247
787887222,244,8,252
1074575960,244,2,246
1893836046,244,7,251
2405138402,244,5,249
3405929189,244,5,249
4851826737,244,5,249
703247602381418496,244,3,247
722006503914356736,244,9,253
784105356448325632,244,1,245
2063181,243,7,250
22597474,243,5,248
101253010,243,2,245
248990776,243,1,244
466098316,243,4,247
885721369,243,6,249
1317575695,243,0,243
2728672957,243,0,243
3107597132,243,1,244
4029747432,243,16,259
4445570548,243,20,263
702396709297635329,243,7,250
709381597405913089,243,21,264
729799424306642944,243,9,252
747716678432198657,243,9,252
758337585223569408,243,8,251
785661807243452416,243,5,248
14464961,242,16,258
29154878,242,0,242
42224694,242,3,245
108593067,242,19,261
110767355,242,6,248
114494345,242,6,248
304832872,242,0,242
351263372,242,1,243
416729595,242,16,258
478157435,242,15,257
1266239359,242,0,242
1339060338,242,9,251
1625690348,242,2,244
2313139874,242,8,250
2347719997,242,119,361
2569680516,242,2,244
3072832073,242,14,256
3257260730,242,1,243
4188273845,242,1,243
713154978811142145,242,4,246
743186109258141696,242,9,251
27001391,241,19,260
43132328,241,0,241
142610821,241,1,242
419228673,241,11,252
614003644,241,7,248
635195109,241,22,263
1925001980,241,9,250
2372598522,241,0,241
16067067,240,15,255
43496095,240,8,248
52209156,240,8,248
124075592,240,3,243
420266672,240,5,245
599773365,240,1,241
778663872,240,2,242
792620006,240,53,293
935266471,240,6,246
704687072561504256,240,14,254
709560846163296257,240,0,240
748964694388453377,240,5,245
749455671918297088,240,20,260
27522315,239,4,243
57479109,239,6,245
66034438,239,11,250
127349780,239,1,240
490551773,239,1,240
585135901,239,2,241
852160537,239,3,242
968138851,239,4,243
1183408735,239,0,239
1493559847,239,0,239
2333061871,239,0,239
2685261120,239,4,243
2849150104,239,4,243
2994965243,239,3,242
3408840784,239,6,245
3721957513,239,5,244
4487940026,239,11,250
706909500188565504,239,2,241
15973602,238,5,243
17205630,238,0,238
29110336,238,7,245
29370878,238,10,248
193067453,238,6,244
227307359,238,10,248
228582708,238,4,242
564681098,238,3,241
749748420,238,0,238
1853272405,238,2,240
2825224526,238,4,242
2874567659,238,3,241
3058539006,238,8,246
3396282117,238,2,240
4716379866,238,1,239
4856026475,238,10,248
728438127119851522,238,8,246
59039140,237,10,247
82620556,237,0,237
115681686,237,2,239
235698522,237,10,247
295039143,237,4,241
486882714,237,8,245
501859254,237,0,237
586075965,237,0,237
752895662,237,5,242
1634019780,237,1,238
2789826107,237,12,249
2802845137,237,7,244
2818791815,237,5,242
2888140440,237,14,251
3308254063,237,8,245
3344781497,237,9,246
4470999208,237,0,237
706253966187712512,237,7,244
730249781860147200,237,2,239
758010931452350465,237,2,239
786507714264440833,237,7,244
797890416175480833,237,1,238
102268811,236,11,247
160930875,236,3,239
610530921,236,9,245
631437340,236,8,244
1051763821,236,1,237
1477636376,236,30,266
1683322309,236,6,242
2294969654,236,13,249
2416974884,236,4,240
3099252940,236,6,242
3235643742,236,1,237
3240523526,236,12,248
4820893647,236,2,238
4865796322,236,5,241
704853530981462016,236,12,248
708514688531886080,236,1,237
712732447599947778,236,1,237
758120937195606016,236,0,236
762488659966775298,236,10,246
16963034,235,5,240
50010587,235,6,241
576801455,235,21,256
832861190,235,2,237
3384716398,235,8,243
4198082894,235,1,236
4691189473,235,5,240
718655199406080000,235,34,269
758274218337378304,235,3,238
785474108356173824,235,6,241
49599024,234,0,234
96807699,234,73,307
111056827,234,7,241
365729749,234,27,261
510245805,234,5,239
865636782,234,6,240
871356878,234,2,236
906595219,234,18,252
1342089816,234,18,252
2504981221,234,7,241
2741655314,234,21,255
2769513592,234,1,235
2899898647,234,5,239
3279690919,234,7,241
708802504717262849,234,11,245
709462701693493248,234,3,237
741609209389809664,234,6,240
757468143132475392,234,11,245
19863261,233,3,236
27285591,233,5,238
68741593,233,3,236
256780164,233,19,252
413541046,233,13,246
538636034,233,1,234
1512247022,233,0,233
2282687281,233,10,243
2850722943,233,4,237
2893138953,233,3,236
3019266134,233,0,233
3536120422,233,4,237
3766084042,233,13,246
735192777575813120,233,0,233
744232736089575424,233,7,240
40144113,232,10,242
120025039,232,10,242
339542327,232,0,232
391082534,232,5,237
479601642,232,66,298
1951965764,232,60,292
3317055925,232,7,239
3594949872,232,16,248
4839750759,232,9,241
4888982598,232,5,237
704828264821321728,232,11,243
707230781618393088,232,3,235
736831979459649536,232,1,233
744170860689375232,232,1,233
751989848966172672,232,12,244
783121528913268736,232,2,234
17494767,231,14,245
21647998,231,7,238
61885589,231,11,242
112287707,231,13,244
218479755,231,2,233
235709466,231,6,237
407955785,231,1,232
491748291,231,6,237
747883651,231,5,236
893576652,231,7,238
1031086644,231,18,249
1308707533,231,0,231
2444646074,231,5,236
2721360997,231,0,231
3214753385,231,2,233
3305598608,231,2,233
3376569867,231,10,241
3906603977,231,3,234
4118367382,231,4,235
4696541605,231,9,240
741784392377470976,231,151,382
757948287953448960,231,4,235
22268639,230,2,232
158830865,230,6,236
324290289,230,8,238
440287004,230,1,231
784769190,230,3,233
872786449,230,9,239
950830002,230,2,232
2489839538,230,0,230
3318042248,230,4,234
3709329729,230,3,233
4735577052,230,4,234
4818110147,230,19,249
786021727268589568,230,6,236
787017904608817152,230,3,233
92546328,229,0,229
264934281,229,4,233
264935205,229,5,234
864927037,229,7,236
966358014,229,9,238
1398126522,229,9,238
1506556567,229,8,237
2189444204,229,15,244
2452074301,229,2,231
4086580156,229,16,245
4515157993,229,21,250
4835421670,229,18,247
708789388969259008,229,5,234
734966543717519360,229,5,234
36064015,228,6,234
111412750,228,19,247
116095836,228,0,228
131048945,228,0,228
162165751,228,1,229
1405264368,228,2,230
1409535590,228,2,230
1508484296,228,12,240
2428658977,228,2,230
3311587398,228,7,235
3397463120,228,2,230
720071966724661248,228,22,250
732308371618025474,228,2,230
737004307044786176,228,0,228
747332537966436352,228,0,228
756705271465009152,228,0,228
786872411111231488,228,3,231
789655192358625280,228,0,228
19572007,227,73,300
197697414,227,3,230
299945488,227,8,235
409212580,227,8,235
414563038,227,5,232
569152397,227,4,231
586165566,227,10,237
908064396,227,30,257
1123044792,227,2,229
1355247529,227,4,231
1403726954,227,3,230
1461779965,227,1,228
2256982358,227,7,234
2302327181,227,8,235
2729747485,227,0,227
2877138098,227,2,229
2940732466,227,7,234
3138769552,227,9,236
3184558807,227,28,255
3283723057,227,13,240
705490933245149186,227,4,231
707355643959586816,227,37,264
122196219,226,4,230
732980827,226,21,247
831178813,226,16,242
2993975016,226,3,229
3066573123,226,5,231
3391185461,226,11,237
23498412,225,0,225
63542566,225,0,225
82098199,225,1,226
133325325,225,3,228
194779710,225,2,227
197562234,225,5,230
1513826882,225,4,229
2954831674,225,7,232
2956657746,225,12,237
2971940812,225,11,236
3421316315,225,6,231
3699913349,225,9,234
3878109028,225,5,230
4418684392,225,5,230
4875427757,225,9,234
4875896757,225,17,242
708577305765945344,225,10,235
711294198977318913,225,1,226
712463864491872256,225,1,226
760589124172591104,225,7,232
15293839,224,5,229
20543606,224,4,228
35376068,224,3,227
36041523,224,9,233
85381916,224,2,226
87403565,224,1,225
198824594,224,8,232
863807796,224,0,224
1924014294,224,0,224
2897913085,224,5,229
4533292933,224,8,232
741649428361170944,224,1,225
750100337374158848,224,11,235
24369345,223,9,232
32628119,223,5,228
44948272,223,3,226
223719518,223,12,235
339150717,223,3,226
443304640,223,3,226
921463050,223,8,231
1349357568,223,10,233
1952636125,223,8,231
2416940856,223,82,305
3185264267,223,6,229
3309927150,223,4,227
3985438453,223,6,229
4858947569,223,6,229
703644811023118337,223,0,223
706766107810664448,223,9,232
709196385594126336,223,4,227
768309974493691904,223,1,224
14604938,222,2,224
48414468,222,7,229
58900209,222,2,224
64487506,222,13,235
267310147,222,3,225
308102518,222,28,250
371781500,222,2,224
492495319,222,2,224
619056084,222,1,223
926359914,222,0,222
1323769675,222,1,223
1714859113,222,1,223
1978165356,222,3,225
3190958888,222,2,224
3410054538,222,9,231
4043098095,222,9,231
4182380774,222,17,239
4239434446,222,13,235
4736199914,222,10,232
4795196058,222,5,227
11442262,221,1,222
41912351,221,1,222
48326758,221,39,260
85523646,221,5,226
213072536,221,9,230
576280217,221,1,222
636503667,221,11,232
1948657260,221,1,222
2571164752,221,8,229
2615179467,221,7,228
4267175567,221,14,235
4707640082,221,8,229
704032426788425728,221,0,221
716286508542652416,221,7,228
748918727526133760,221,6,227
524943970,220,2,222
716800970,220,3,223
847647296,220,3,223
1097934500,220,11,231
1370971824,220,9,229
1911043860,220,11,231
2937810548,220,6,226
4237277387,220,8,228
4875129611,220,4,224
705446574328057856,220,15,235
727717202615521284,220,2,222
759101276462387200,220,5,225
759688639605530626,220,2,222
761345151533015040,220,0,220
793064950247854080,220,3,223
174025101,219,9,228
272118514,219,0,219
634475330,219,1,220
1564676498,219,2,221
2241400218,219,7,226
2582304649,219,2,221
2971469030,219,5,224
3040072657,219,5,224
4065570080,219,14,233
4235632753,219,3,222
4417130582,219,29,248
718501532203905026,219,4,223
720471341233790976,219,7,226
752712668193124352,219,0,219
24511258,218,1,219
41385012,218,6,224
67514751,218,16,234
97669212,218,5,223
117304641,218,2,220
159318034,218,0,218
164387354,218,8,226
212049876,218,5,223
309119396,218,3,221
353463744,218,4,222
1180508838,218,6,224
1263170532,218,0,218
1538099738,218,1,219
2579524789,218,2,220
2956468233,218,1,219
3023510068,218,0,218
3273222469,218,21,239
3317452003,218,5,223
762284686349574144,218,0,218
20706852,217,3,220
20942763,217,14,231
50913224,217,2,219
95199214,217,8,225
279294502,217,7,224
308212534,217,0,217
317975293,217,3,220
326320315,217,5,222
329772412,217,13,230
340512594,217,1,218
1412222533,217,2,219
2185554632,217,9,226
2471421697,217,19,236
2916303139,217,1,218
3951163695,217,10,227
3992370797,217,6,223
4659874881,217,10,227
711767742156771328,217,2,219
714503451338792960,217,10,227
724363477452656640,217,0,217
737100147818008576,217,3,220
748561786023051264,217,14,231
763068697099534336,217,1,218
780891864002072576,217,1,218
15707800,216,0,216
20544048,216,3,219
25062440,216,8,224
75521916,216,4,220
110855805,216,9,225
145832580,216,16,232
179250417,216,3,219
202750031,216,1,217
221963057,216,9,225
223989188,216,35,251
522585544,216,9,225
745210315,216,6,222
1404014400,216,1,217
2184555968,216,0,216
2273534167,216,0,216
2799949059,216,0,216
3026610844,216,27,243
3075515652,216,2,218
3197757102,216,27,243
3400588109,216,5,221
4847877405,216,6,222
714572211298897921,216,17,233
719198026909290496,216,9,225
759091893938499585,216,2,218
29315398,215,17,232
39055432,215,15,230
48552092,215,1,216
60616666,215,3,218
226841655,215,4,219
237985124,215,6,221
258386116,215,14,229
263818897,215,2,217
341127224,215,3,218
456419620,215,2,217
462520459,215,1,216
594233612,215,13,228
891114542,215,12,227
1493843796,215,3,218
1661263351,215,2,217
2476863896,215,9,224
2693612778,215,12,227
2751254297,215,7,222
2992643773,215,5,220
3038705131,215,6,221
3098330383,215,0,215
702864948691607552,215,8,223
703055202123821057,215,8,223
705450758490218496,215,9,224
735900557114773504,215,25,240
738394794951467008,215,3,218
743600698416332800,215,112,327
53736521,214,45,259
77688823,214,5,219
101489570,214,11,225
196699217,214,7,221
218272201,214,8,222
277125802,214,0,214
377058218,214,6,220
414073191,214,2,216
415228744,214,5,219
429978726,214,4,218
718908444,214,8,222
801050580,214,1,215
1112890188,214,2,216
1122141583,214,0,214
1892931216,214,6,220
2889990600,214,2,216
3060448016,214,5,219
3232186924,214,6,220
3396688756,214,9,223
3413144536,214,2,216
3584299873,214,1,215
4011800885,214,8,222
4195481594,214,6,220
701531343721799680,214,9,223
758720861167812608,214,2,216
18393661,213,9,222
35862756,213,0,213
87516499,213,3,216
2398263498,213,13,226
2864105789,213,2,215
2937355540,213,1,214
3699620841,213,6,219
3749624055,213,11,224
4427224377,213,6,219
4864785838,213,1,214
723539075697926144,213,9,222
740369320388108288,213,0,213
745761436299890688,213,13,226
28673900,212,14,226
45659156,212,3,215
370263336,212,0,212
379314159,212,13,225
395700090,212,4,216
446272084,212,18,230
468798917,212,1,213
751281974,212,8,220
2981075888,212,10,222
3663025166,212,56,268
3799846158,212,7,219
708794464635101184,212,1,213
739937259131174912,212,6,218
743869197273292800,212,3,215
759790795339685888,212,11,223
23037924,211,7,218
28999528,211,14,225
75392146,211,10,221
202417547,211,8,219
281685471,211,2,213
341215203,211,2,213
586133059,211,2,213
1130244464,211,11,222
1959047250,211,2,213
2203012326,211,0,211
2323783152,211,5,216
2935585568,211,8,219
2966188357,211,11,222
3485382014,211,38,249
4114148242,211,10,221
714524166553268225,211,19,230
733776663708901376,211,197,408
14101483,210,54,264
26453716,210,7,217
28346523,210,11,221
32452446,210,12,222
32495439,210,26,236
71275340,210,13,223
77499983,210,5,215
109960811,210,5,215
213512324,210,23,233
214469029,210,0,210
231184538,210,2,212
263086819,210,2,212
274684085,210,14,224
594237214,210,2,212
594990097,210,11,221
718957124,210,14,224
918147986,210,1,211
1747038559,210,6,216
2172872273,210,48,258
2195634502,210,10,220
3184471478,210,6,216
3233111033,210,3,213
3248002086,210,2,212
3403554208,210,8,218
3997346243,210,13,223
706695993182388224,210,4,214
710979399684898816,210,6,216
766596068112990208,210,1,211
768530664828338176,210,6,216
24552598,209,39,248
25773332,209,1,210
28732136,209,3,212
67903191,209,10,219
166855904,209,9,218
172431472,209,2,211
207850301,209,0,209
330056685,209,4,213
370324628,209,4,213
473037809,209,2,211
482748760,209,2,211
531476360,209,0,209
603758566,209,2,211
874759992,209,5,214
2214318990,209,3,212
2276359885,209,1,210
2718344363,209,15,224
3982451952,209,16,225
4703006612,209,2,211
4800862086,209,26,235
714617115471425536,209,5,214
16564066,208,6,214
29759829,208,7,215
34996703,208,9,217
53818115,208,7,215
98101047,208,9,217
177584156,208,17,225
220584725,208,9,217
290757465,208,2,210
308405974,208,7,215
328388476,208,8,216
452828779,208,3,211
550987205,208,36,244
1861885849,208,7,215
2155538965,208,1,209
2502895600,208,2,210
2771555113,208,9,217
2876378805,208,56,264
3037061998,208,3,211
3845461457,208,7,215
4388881763,208,9,217
4498577661,208,6,214
707697033746862083,208,10,218
737049621411692545,208,15,223
774680399767228417,208,1,209
791676332434423809,208,0,208
16488766,207,0,207
28569011,207,3,210
44041065,207,13,220
80471551,207,2,209
104990272,207,1,208
233835830,207,13,220
242962998,207,3,210
257234986,207,11,218
272114651,207,21,228
376287708,207,9,216
546856214,207,2,209
547265835,207,0,207
611515325,207,5,212
840845328,207,0,207
865399938,207,1,208
931979174,207,10,217
1455286956,207,17,224
1571457361,207,12,219
1658055696,207,9,216
1921504747,207,4,211
2198812885,207,16,223
2892068073,207,0,207
2941051091,207,7,214
3592178123,207,1,208
712690051201695744,207,11,218
719686463529611264,207,4,211
732261848024809473,207,20,227
736664723505086464,207,10,217
748662822490431488,207,1,208
768801853433786368,207,3,210
789642299378655233,207,0,207
23605079,206,0,206
24716002,206,9,215
26218305,206,11,217
26605398,206,0,206
107759123,206,5,211
227474177,206,18,224
316401797,206,25,231
385123768,206,2,208
498007429,206,0,206
583005149,206,22,228
934907804,206,1,207
1057809356,206,2,208
2256518001,206,7,213
2477503142,206,6,212
2717938615,206,4,210
735633664696946689,206,6,212
756326999556259844,206,11,217
785934726116900865,206,5,211
18466324,205,5,210
33811812,205,4,209
61008645,205,15,220
168729846,205,12,217
227830960,205,6,211
256171404,205,1,206
261721090,205,1,206
503585510,205,3,208
532608579,205,9,214
979568372,205,7,212
1005126732,205,2,207
1225818590,205,6,211
1506905197,205,3,208
1714215379,205,5,210
3062293209,205,0,205
3192899577,205,10,215
3274850304,205,0,205
4193942273,205,9,214
4866494759,205,15,220
708695927398277120,205,0,205
718353883991515136,205,0,205
742893228060479488,205,1,206
746855430824071169,205,0,205
759776503458508801,205,1,206
779563097237303296,205,5,210
788566185151299585,205,0,205
70024758,204,0,204
176115868,204,0,204
188175619,204,4,208
200464823,204,0,204
249442064,204,9,213
262800088,204,39,243
310580814,204,3,207
537904539,204,6,210
722127506,204,1,205
946261009,204,1,205
1126785380,204,7,211
1244693671,204,17,221
1434771787,204,18,222
1647839894,204,7,211
2812483680,204,6,210
3353307131,204,4,208
3807368123,204,5,209
4505795352,204,9,213
757296205713973248,204,0,204
758434688922972160,204,10,214
772142974255833088,204,30,234
14609143,203,1,204
15080354,203,1,204
15975240,203,18,221
17109615,203,26,229
18478514,203,15,218
23840242,203,1,204
31288110,203,19,222
66302096,203,2,205
66775406,203,21,224
88781418,203,8,211
98416337,203,3,206
108751302,203,54,257
365444293,203,0,203
415231233,203,0,203
563840329,203,7,210
704088125,203,6,209
820206469,203,0,203
1459916354,203,8,211
1639427624,203,4,207
2416726445,203,4,207
2562585720,203,13,216
2730588752,203,3,206
2845681325,203,4,207
3074789990,203,4,207
3407135421,203,5,208
3551147605,203,14,217
4799346261,203,1,204
703405470195658753,203,12,215
18205761,202,5,207
28248148,202,9,211
30215625,202,2,204
88087810,202,24,226
120234291,202,1,203
281551999,202,4,206
327029038,202,3,205
438990599,202,4,206
515664415,202,4,206
521966673,202,13,215
833144022,202,2,204
865321086,202,3,205
874763028,202,24,226
928506404,202,15,217
2793193186,202,0,202
3258945304,202,3,205
3415287255,202,9,211
3420899033,202,5,207
3440646155,202,5,207
4239270258,202,2,204
4765317775,202,0,202
706571272319344643,202,1,203
714115470731784192,202,15,217
715240353452924928,202,3,205
718157189253234689,202,7,209
786870388139491328,202,6,208
10323562,201,44,245
15215142,201,4,205
24358319,201,27,228
25725812,201,73,274
45641358,201,11,212
64615109,201,2,203
345019341,201,12,213
353607215,201,7,208
514687390,201,2,203
993896732,201,14,215
1531911318,201,7,208
1957876418,201,4,205
2646048644,201,1,202
2669181342,201,5,206
2883976453,201,2,203
3010312991,201,20,221
3034626213,201,41,242
3034992840,201,7,208
3306485451,201,0,201
4720357461,201,4,205
705989655091544065,201,10,211
15467680,200,4,204
22292787,200,8,208
175828319,200,1,201
262171016,200,8,208
287647587,200,18,218
331825712,200,4,204
455017947,200,1,201
1384804622,200,0,200
2598298903,200,1,201
2675581850,200,4,204
2709795373,200,0,200
2907551575,200,4,204
4833630597,200,6,206
4888222560,200,2,202
714857534255931392,200,0,200
731869622434029568,200,4,204
775724896462659584,200,3,203
16792067,199,3,202
18844955,199,14,213
21904231,199,2,201
21993294,199,5,204
22564891,199,10,209
49452556,199,7,206
94113701,199,2,201
100845380,199,24,223
125418227,199,0,199
216195586,199,6,205
220240498,199,0,199
389587061,199,0,199
444269803,199,5,204
475699422,199,0,199
476167729,199,0,199
506864860,199,2,201
520479710,199,7,206
800747286,199,0,199
946382978,199,3,202
2592010609,199,3,202
2840588775,199,19,218
3162594446,199,5,204
4740090074,199,11,210
4901489212,199,6,205
705902091793883136,199,4,203
706389399785705474,199,9,208
715178668595683328,199,1,200
726139165956427776,199,9,208
731177262641385472,199,10,209
745300690524790785,199,17,216
749025764327067648,199,2,201
22442522,198,2,200
26718451,198,0,198
61076635,198,2,200
260886596,198,2,200
261049928,198,0,198
303145762,198,2,200
546530578,198,0,198
594891759,198,0,198
604717835,198,10,208
769971685,198,4,202
1082171360,198,6,204
1123712497,198,4,202
1221486553,198,23,221
1239688873,198,1,199
1608500784,198,0,198
1719331698,198,8,206
1932657667,198,0,198
1936345304,198,8,206
2148203163,198,4,202
2365728494,198,6,204
2718236783,198,5,203
2882509938,198,5,203
2951889245,198,4,202
3011023671,198,4,202
3025963163,198,20,218
3291556676,198,26,224
3440693962,198,6,204
3872826447,198,5,203
4204765978,198,6,204
4831284916,198,8,206
4881996747,198,0,198
708344070263812096,198,5,203
713445748239675392,198,11,209
735677570876866560,198,6,204
744210322639192067,198,4,202
753364955370442753,198,11,209
776150576765759489,198,3,201
786271733741330432,198,2,200
21733067,197,10,207
28389205,197,1,198
32785482,197,9,206
237984820,197,1,198
267021306,197,20,217
367439014,197,5,202
785490674,197,14,211
898564909,197,7,204
996172243,197,22,219
1370806812,197,4,201
2181188602,197,39,236
2315896393,197,1,198
2347313202,197,5,202
3349071273,197,16,213
3394241285,197,2,199
3525770662,197,5,202
3885271872,197,2,199
4265996255,197,8,205
4769688253,197,4,201
705499966433787904,197,7,204
713067891042615296,197,9,206
743671134458019840,197,7,204
748628973089746944,197,6,203
769379882728091648,197,7,204
786636396224131072,197,0,197
9376622,196,5,201
21861371,196,11,207
72577362,196,6,202
117133175,196,0,196
295646776,196,1,197
576310098,196,0,196
796523629,196,4,200
934785902,196,32,228
1225729946,196,1,197
1515431827,196,0,196
2239548626,196,11,207
2781021258,196,11,207
3196751539,196,8,204
3949725369,196,10,206
4253867173,196,4,200
4501459398,196,6,202
771651304393322496,196,3,199
787589187247697920,196,7,203
14613185,195,3,198
48526013,195,2,197
107663008,195,20,215
223610043,195,7,202
224099937,195,8,203
293631912,195,0,195
315938105,195,5,200
513734380,195,8,203
745109156,195,9,204
809977070,195,5,200
874857829,195,17,212
895625785,195,9,204
1581128899,195,1,196
1857282618,195,0,195
2180547666,195,8,203
2767680652,195,18,213
2875866962,195,4,199
3886705519,195,7,202
4166714621,195,4,199
4280482340,195,5,200
4868067065,195,1,196
4910733693,195,6,201
713172021438337025,195,6,201
753269552775958528,195,4,199
760323803960356864,195,1,196
5914172,194,1,195
15598131,194,10,204
23009574,194,0,194
33818859,194,11,205
48887254,194,7,201
53678140,194,2,196
175243720,194,4,198
213118052,194,213,407
219997270,194,0,194
299081304,194,14,208
301665092,194,1,195
303892169,194,5,199
314016613,194,16,210
431243129,194,4,198
433792330,194,7,201
531526536,194,0,194
1389123690,194,1,195
2167212409,194,6,200
2253330740,194,5,199
2400511674,194,5,199
2795311177,194,3,197
2834620568,194,3,197
3825590651,194,12,206
3883733953,194,20,214
4393803438,194,7,201
703832021957619712,194,7,201
707903614849830912,194,21,215
709492573421764608,194,1,195
721096193003163649,194,0,194
744856700969193472,194,1,195
751242679950970880,194,0,194
753673619708882944,194,9,203
756136485015945216,194,2,196
15240212,193,3,196
16898084,193,10,203
25344612,193,7,200
26888151,193,6,199
38012558,193,34,227
47851885,193,4,197
70484323,193,0,193
191679830,193,3,196
201694533,193,13,206
268788672,193,0,193
283677281,193,8,201
390263070,193,0,193
490975532,193,2,195
552384316,193,2,195
879731714,193,0,193
1001929386,193,1,194
1337701074,193,2,195
1382696899,193,13,206
1496608986,193,2,195
2241717492,193,18,211
2243716134,193,0,193
2314562983,193,1,194
2497286180,193,5,198
2843980425,193,1,194
3018884124,193,13,206
3183185582,193,3,196
4862157717,193,2,195
725809806095859714,193,13,206
733318453520666624,193,11,204
769542302570311681,193,5,198
788989639654797312,193,2,195
28473012,192,17,209
88550047,192,21,213
109352520,192,1,193
170572411,192,1,193
186137548,192,14,206
379508299,192,1,193
502335393,192,2,194
811407888,192,5,197
964675442,192,3,195
1022149782,192,1,193
1147446589,192,0,192
1909451209,192,3,195
1949347722,192,11,203
2256975621,192,0,192
2593825243,192,8,200
2727178788,192,1,193
2813255756,192,4,196
2943204281,192,6,198
3385997379,192,3,195
4764967337,192,16,208
4778460802,192,5,197
709030441941114884,192,13,205
716500433145966592,192,12,204
722970901516427264,192,16,208
790053017773076480,192,1,193
792100041733308416,192,0,192
17068970,191,24,215
32466500,191,2,193
50927030,191,5,196
51284932,191,0,191
117106702,191,3,194
136760305,191,1,192
159447476,191,3,194
222005971,191,2,193
293745809,191,6,197
307354410,191,24,215
328853461,191,20,211
334325587,191,0,191
437109208,191,3,194
1093687140,191,0,191
1106503729,191,11,202
1850293754,191,4,195
2337160702,191,2,193
2448762846,191,6,197
2461645529,191,0,191
2837244053,191,1,192
2937150214,191,2,193
3012932259,191,2,193
3129053406,191,10,201
3166141537,191,2,193
3300013934,191,8,199
3957201857,191,0,191
4498771938,191,10,201
4558045518,191,1,192
702274294244442112,191,0,191
722481281653673984,191,11,202
735491983704088577,191,0,191
25539759,190,1,191
26447410,190,1,191
41883924,190,1,191
44635670,190,2,192
94701678,190,0,190
246650647,190,1,191
318182225,190,9,199
380128157,190,2,192
409697836,190,6,196
576870018,190,5,195
783252408,190,4,194
998490372,190,8,198
1102507878,190,22,212
1464201780,190,2,192
1583684022,190,14,204
1722306236,190,17,207
2611087060,190,3,193
2864812909,190,8,198
2891994706,190,3,193
2934033061,190,12,202
3051394269,190,7,197
3110265579,190,5,195
3351687010,190,166,356
3416505311,190,8,198
3424653881,190,20,210
4700376662,190,6,196
699842109390458880,190,10,200
715273665823293442,190,0,190
724399983655587840,190,8,198
730932363341897728,190,8,198
751249410412126208,190,2,192
786751402437509120,190,2,192
789097133148282880,190,3,193
9953462,189,15,204
48409823,189,13,202
155815646,189,1,190
189642644,189,3,192
254145194,189,11,200
444994317,189,4,193
502832540,189,2,191
761535680,189,0,189
884604300,189,5,194
904780472,189,10,199
1027404487,189,2,191
2334312147,189,6,195
2584988735,189,11,200
2659475605,189,5,194
2685199019,189,5,194
2800275421,189,6,195
3192506298,189,8,197
3305171239,189,3,192
3309045966,189,21,210
716435263573073920,189,7,196
739028965369774084,189,16,205
761325518692179969,189,10,199
766484136244744192,189,0,189
775420500034158592,189,1,190
796834612416811009,189,2,191
27671624,188,6,194
36549798,188,0,188
43948670,188,10,198
47806130,188,13,201
89208915,188,36,224
193414964,188,10,198
213739179,188,1,189
233042708,188,3,191
241173956,188,2,190
295558154,188,5,193
296367001,188,2,190
312149882,188,15,203
333550143,188,0,188
400244959,188,5,193
400602429,188,1,189
429544530,188,9,197
469799575,188,15,203
573277220,188,19,207
879154249,188,8,196
1375629385,188,4,192
1528216639,188,1,189
2197834202,188,0,188
2916273982,188,5,193
2969356258,188,0,188
3207240287,188,6,194
4214136858,188,7,195
4726269672,188,5,193
695726939622019072,188,2,190
702628810483765249,188,2,190
728598902845394944,188,0,188
785668743191945216,188,4,192
20567058,187,6,193
30362607,187,6,193
135151712,187,6,193
223796714,187,1,188
352532987,187,15,202
369029151,187,8,195
884304968,187,9,196
940330454,187,2,189
961957580,187,4,191
1343252648,187,0,187
2284326519,187,2,189
2823913560,187,2,189
2845464628,187,3,190
3006597155,187,16,203
3377728804,187,5,192
707775218643652612,187,10,197
739287692425330688,187,3,190
742466988094562306,187,3,190
765237587145547776,187,1,188
10207502,186,23,209
23906619,186,0,186
27741730,186,0,186
36192325,186,9,195
38126579,186,5,191
79673273,186,1,187
110611375,186,12,198
124896632,186,60,246
180984922,186,5,191
204043844,186,2,188
261300530,186,0,186
461614733,186,0,186
469677813,186,10,196
493926139,186,10,196
537230085,186,24,210
1381489394,186,4,190
1642303326,186,0,186
2812610363,186,1,187
4709165706,186,9,195
709059463987073025,186,4,190
739816769884291073,186,17,203
776901496772460545,186,19,205
8797722,185,4,189
15502432,185,8,193
29048085,185,9,194
50135146,185,6,191
53669907,185,5,190
56249795,185,0,185
159463958,185,0,185
168667405,185,10,195
385537554,185,4,189
559720879,185,26,211
750496254,185,0,185
793867561,185,5,190
796100784,185,2,187
1135189476,185,2,187
2171200586,185,8,193
2597697199,185,1,186
2733091027,185,1,186
2744900304,185,6,191
3266123059,185,1,186
3282973915,185,20,205
3828144358,185,0,185
4784596178,185,4,189
705829302399475712,185,2,187
713554669549654016,185,5,190
716312003283787776,185,3,188
721888030932336640,185,5,190
730446841008001024,185,138,323
733860272260055040,185,1,186
739853022109503488,185,3,188
751535263269216256,185,9,194
761439389364826112,185,8,193
772955472655638528,185,1,186
774699551764525056,185,4,189
784419747270004737,185,4,189
796756299023323136,185,0,185
19951176,184,0,184
39941005,184,2,186
50347977,184,1,185
54503902,184,6,190
65133165,184,5,189
69642048,184,0,184
71625602,184,2,186
97240066,184,0,184
117734032,184,4,188
126431981,184,4,188
154550390,184,9,193
179180471,184,6,190
229278838,184,29,213
350650434,184,11,195
475690797,184,7,191
531506617,184,2,186
1265204137,184,5,189
2305367580,184,9,193
2732987812,184,4,188
2824018164,184,6,190
2913678013,184,4,188
2984517453,184,8,192
3017703114,184,6,190
3105200083,184,0,184
3146738294,184,2,186
3419294291,184,0,184
3609635354,184,3,187
3683971032,184,7,191
4857682107,184,8,192
711678474147078144,184,5,189
748859969777332225,184,6,190
758100779769040896,184,12,196
760593687940169729,184,7,191
767862999516413953,184,5,189
776952165575299072,184,15,199
779004692990951424,184,1,185
785707539342254080,184,4,188
21504834,183,1,184
33206689,183,4,187
55381358,183,14,197
136166272,183,6,189
307179438,183,5,188
340567206,183,10,193
402744581,183,8,191
952886232,183,8,191
961371518,183,4,187
1209317053,183,13,196
1596223609,183,9,192
2294473533,183,0,183
2307464682,183,16,199
2492425374,183,6,189
2544460829,183,0,183
2595851454,183,16,199
2685377924,183,0,183
3313514424,183,5,188
4879865781,183,1,184
718245694168047617,183,4,187
724458833586708480,183,13,196
749440768796864514,183,1,184
757281780407738368,183,4,187
760010546426937344,183,7,190
761711689742094336,183,3,186
18011418,182,22,204
47354540,182,4,186
64914038,182,6,188
99046424,182,0,182
121240525,182,21,203
136764118,182,7,189
157784374,182,3,185
226595490,182,1,183
267267854,182,7,189
292174359,182,1,183
303600544,182,3,185
500240347,182,25,207
558294779,182,7,189
717243036,182,6,188
965435300,182,0,182
1265910703,182,0,182
1283090984,182,8,190
1419471440,182,3,185
1464945781,182,2,184
1675606220,182,20,202
2280491986,182,9,191
3179662599,182,0,182
3201981793,182,1,183
3281458244,182,12,194
3325022811,182,13,195
3408036279,182,21,203
3845857817,182,4,186
702555024144990208,182,0,182
733795265413545986,182,3,185
756896345940697088,182,13,195
764919978369908736,182,3,185
784497832740921344,182,2,184
789926864492060676,182,3,185
795956709407752192,182,0,182
25103894,181,1,182
91619155,181,2,183
96336762,181,0,181
344211331,181,0,181
347510048,181,0,181
365606579,181,3,184
378817053,181,0,181
423560041,181,13,194
477018429,181,7,188
479862285,181,14,195
617889150,181,2,183
790501219,181,7,188
1035115242,181,3,184
1304220170,181,2,183
1415918947,181,7,188
1928043908,181,13,194
1972076252,181,9,190
2263590002,181,2,183
2377439536,181,3,184
2429552491,181,0,181
2592632611,181,7,188
2604374739,181,0,181
2800409779,181,3,184
3074687216,181,10,191
3294546230,181,0,181
3298446763,181,5,186
4342659921,181,1,182
4385782960,181,11,192
701911021250854912,181,7,188
711754742829944834,181,6,187
713768020284301312,181,8,189
741141699561435136,181,3,184
746345581120004096,181,7,188
780918931494174720,181,3,184
794664614676013056,181,0,181
14744202,180,6,186
14913547,180,3,183
16606038,180,13,193
49072873,180,11,191
57410167,180,23,203
60836889,180,0,180
66598468,180,0,180
68166416,180,19,199
82391199,180,4,184
97517291,180,3,183
194370433,180,0,180
231156134,180,9,189
243363123,180,3,183
286210015,180,2,182
356330288,180,3,183
515782631,180,4,184
732388003,180,3,183
927073537,180,8,188
1016296854,180,6,186
1085411936,180,13,193
2317369195,180,5,185
2390134159,180,3,183
2457189756,180,3,183
2806458203,180,1,181
2811995783,180,12,192
3282761569,180,8,188
3405607821,180,9,189
3677681712,180,4,184
4769316554,180,4,184
4806311422,180,7,187
4836402993,180,5,185
4911266195,180,4,184
4925297555,180,1,181
752587041645277184,180,7,187
765749691547914241,180,2,182
776062549691215873,180,6,186
788107924035997696,180,0,180
56926936,179,1,180
74169289,179,10,189
302519785,179,1,180
385194334,179,4,183
403688775,179,1,180
459685872,179,11,190
512327871,179,5,184
525652918,179,4,183
819388633,179,0,179
874606098,179,1,180
1616425044,179,11,190
1638814033,179,2,181
2316065196,179,6,185
2337236772,179,4,183
3016242005,179,1,180
3570697343,179,9,188
4824422625,179,1,180
707364394041212928,179,4,183
711366038005231616,179,0,179
713522523489570817,179,14,193
716888328008835072,179,0,179
788873583779086337,179,0,179
18182794,178,10,188
18832833,178,4,182
52989817,178,2,180
117055717,178,0,178
308464109,178,8,186
417497777,178,7,185
534634021,178,1,179
591951432,178,3,181
618172850,178,16,194
1471218535,178,7,185
1642945278,178,7,185
2162312005,178,5,183
2417385907,178,2,180
2429653077,178,1,179
2525807155,178,0,178
2938592060,178,3,181
3034782866,178,8,186
3129582658,178,6,184
3369915309,178,2,180
4756733365,178,4,182
717960194651594753,178,0,178
735602207228186624,178,10,188
739944055241617408,178,7,185
756359618075435008,178,0,178
789969613559853058,178,4,182
16611239,177,3,180
18727347,177,4,181
26883100,177,17,194
26999489,177,0,177
28412446,177,9,186
29593475,177,8,185
34718212,177,8,185
36884250,177,9,186
48952344,177,14,191
55190386,177,9,186
63331688,177,2,179
70125620,177,20,197
73048382,177,13,190
234789656,177,0,177
322243662,177,9,186
587783109,177,13,190
955841496,177,5,182
1330133695,177,0,177
1337390052,177,0,177
1727038705,177,6,183
1907943324,177,7,184
2686109520,177,3,180
2941802980,177,10,187
2945460816,177,4,181
2949311052,177,9,186
3286922574,177,12,189
731273489169174528,177,4,181
759149641543716864,177,8,185
762341258689966080,177,3,180
16557667,176,4,180
17443185,176,9,185
18927670,176,1,177
37593470,176,0,176
216806835,176,0,176
258240944,176,5,181
293252372,176,0,176
298731715,176,23,199
336744713,176,13,189
421153342,176,15,191
452098509,176,0,176
469355387,176,3,179
494169005,176,5,181
862262467,176,5,181
1531974344,176,4,180
1566572072,176,3,179
2179492525,176,0,176
2447099202,176,1,177
3010341234,176,12,188
3219740900,176,1,177
3637329082,176,7,183
4093421129,176,4,180
708469711411908608,176,14,190
714639465692663809,176,3,179
726904144133394433,176,3,179
757268546682494976,176,1,177
776996815468171265,176,1,177
42284908,175,13,188
45450902,175,14,189
61842118,175,7,182
132211150,175,0,175
158182978,175,0,175
216044706,175,2,177
261204789,175,0,175
264422645,175,3,178
352900778,175,14,189
373938490,175,11,186
406313212,175,2,177
413430640,175,5,180
478383774,175,5,180
637096765,175,13,188
714479834,175,8,183
859219800,175,0,175
928875248,175,31,206
1350664958,175,3,178
1416972583,175,3,178
1581948024,175,14,189
2445226055,175,0,175
2476178880,175,23,198
2506971546,175,2,177
2764242773,175,6,181
3060388144,175,6,181
3120820724,175,13,188
3253946096,175,8,183
3313748484,175,9,184
4870992551,175,17,192
701192223283503104,175,8,183
701994968668311552,175,0,175
702530571734351872,175,7,182
703563362966368256,175,1,176
706583253205909504,175,6,181
742096633463115776,175,0,175
744882973263048705,175,2,177
767127023663747072,175,1,176
17148456,174,8,182
17723632,174,5,179
19937107,174,5,179
20675932,174,1,175
29001051,174,1,175
49549961,174,1,175
88765862,174,12,186
202729390,174,1,175
319800208,174,1,175
330643630,174,6,180
503518455,174,0,174
596447623,174,6,180
792660210,174,23,197
833446135,174,10,184
1225792795,174,1,175
1361076439,174,16,190
2449860300,174,5,179
2858679020,174,8,182
2912697515,174,4,178
3431102181,174,2,176
3876731894,174,10,184
4294596374,174,5,179
4614299435,174,7,181
4703317886,174,3,177
4708379511,174,12,186
4851007693,174,2,176
700745756332974080,174,1,175
16417747,173,8,181
30696928,173,0,173
33381229,173,10,183
44036930,173,1,174
49151228,173,26,199
72529640,173,0,173
87640290,173,0,173
94377064,173,3,176
98275031,173,13,186
127082289,173,3,176
149636671,173,8,181
242499111,173,3,176
507468566,173,10,183
564927741,173,1,174
1720816128,173,1,174
2217007286,173,2,175
2406037386,173,4,177
2434391871,173,7,180
2488516586,173,8,181
2651725326,173,2,175
2973540154,173,0,173
3111831389,173,1,174
3288362353,173,15,188
3694626316,173,4,177
4538011588,173,9,182
4836929488,173,3,176
4862370040,173,5,178
710134431047098368,173,4,177
718431963053498368,173,4,177
752749072914591744,173,0,173
760255112317116416,173,7,180
16258138,172,0,172
16985620,172,0,172
27396272,172,0,172
42119579,172,0,172
60429771,172,10,182
74247792,172,9,181
77854590,172,0,172
148628139,172,4,176
377692248,172,3,175
450171502,172,8,180
537370534,172,3,175
628979942,172,4,176
741680976,172,12,184
891059384,172,0,172
2567146231,172,9,181
2749640440,172,6,178
2880076241,172,2,174
2957509390,172,3,175
4835879128,172,0,172
4840244240,172,11,183
4893882332,172,4,176
702998554596544513,172,7,179
704865315335892992,172,9,181
708472320155914240,172,28,200
715298845614276608,172,3,175
718172579584876544,172,5,177
739980947722928130,172,5,177
745451996983885825,172,4,176
755974477343850496,172,31,203
757790724712636416,172,16,188
766770164645769216,172,0,172
770264973490675712,172,6,178
773740179265818624,172,1,173
37294221,171,1,172
64290676,171,12,183
140638175,171,19,190
142715397,171,14,185
193357080,171,12,183
243015104,171,4,175
320530176,171,10,181
384858477,171,0,171
504720798,171,1,172
557840546,171,4,175
576827889,171,4,175
733920601,171,2,173
849997626,171,1,172
860808168,171,4,175
867347492,171,2,173
1066204172,171,10,181
1417034353,171,2,173
2944280244,171,9,180
3225507810,171,0,171
3234089496,171,3,174
3490579037,171,2,173
3939674009,171,1,172
4718047119,171,7,178
4925767476,171,47,218
750226469251485696,171,4,175
757396587668799492,171,2,173
769051888486604800,171,4,175
769486093469282304,171,0,171
774641282899582976,171,3,174
784012530733740032,171,1,172
23799146,170,31,201
33270656,170,15,185
38016930,170,4,174
57058641,170,9,179
83841942,170,3,173
88112161,170,0,170
135247359,170,9,179
146566275,170,3,173
210931719,170,1,171
222644440,170,0,170
259838064,170,3,173
531478369,170,1,171
719108466,170,0,170
791840868,170,1,171
799653806,170,2,172
1053526220,170,1,171
1278960872,170,2,172
1281623378,170,5,175
1340802312,170,6,176
1403085170,170,9,179
2750551661,170,0,170
2924925248,170,4,174
3008907027,170,4,174
3297499638,170,4,174
3379450024,170,3,173
3703552944,170,3,173
3724908496,170,6,176
3734120892,170,14,184
4262146367,170,5,175
4874688476,170,3,173
707004274560135168,170,13,183
707310778055929856,170,4,174
708784431331471360,170,2,172
713357922139418624,170,3,173
714785010440515584,170,11,181
715256982941380608,170,7,177
728629238161547264,170,12,182
735524232948486145,170,22,192
760852282808283137,170,2,172
780893711999709184,170,0,170
50523105,169,2,171
55547235,169,3,172
147202461,169,5,174
148221399,169,12,181
226070187,169,20,189
252755479,169,0,169
307238648,169,4,173
326288537,169,5,174
773547991,169,1,170
853832456,169,0,169
896400632,169,5,174
902826799,169,2,171
946524889,169,0,169
1471615951,169,9,178
2296856839,169,16,185
2352293592,169,1,170
2859702526,169,25,194
2878282025,169,7,176
2904670939,169,0,169
2981781891,169,13,182
3145706092,169,13,182
3270559782,169,75,244
3390061349,169,7,176
3395811605,169,4,173
4203733813,169,2,171
4624834954,169,17,186
4774054333,169,8,177
741201901501489152,169,0,169
763789658325213184,169,0,169
775162113291538432,169,2,171
776418872438251520,169,3,172
272114850,168,4,172
490834665,168,5,173
525732418,168,1,169
529573545,168,0,168
617692639,168,24,192
774317324,168,2,170
821842872,168,116,284
829735580,168,3,171
887957676,168,1,169
1498274048,168,0,168
1674870386,168,0,168
1850265967,168,7,175
1951019052,168,2,170
1970347927,168,10,178
2348868170,168,2,170
2389413932,168,0,168
2510389099,168,7,175
2614240147,168,6,174
2660095619,168,1,169
2724738831,168,12,180
2732784567,168,14,182
3432432491,168,1,169
3911057572,168,4,172
4637042115,168,0,168
4856855175,168,0,168
710147548841771008,168,1,169
713510233700704256,168,1,169
738314762686201856,168,3,171
748168857831956481,168,3,171
750438537833619457,168,8,176
757989565600858112,168,2,170
763394245008982016,168,5,173
786327185766449153,168,7,175
32867953,167,1,168
159097782,167,2,169
163626482,167,11,178
241430222,167,6,173
361520308,167,2,169
407821877,167,9,176
552939237,167,0,167
826163564,167,2,169
871881092,167,1,168
1081566852,167,3,170
1493419507,167,2,169
2202371624,167,4,171
2447290136,167,2,169
2596413645,167,7,174
2919208912,167,1,168
3205709075,167,3,170
3988959628,167,1,168
4337205316,167,0,167
4452612260,167,2,169
4494484093,167,10,177
4861558613,167,9,176
706714132762918912,167,7,174
706883464524668929,167,1,168
710946054540304385,167,2,169
734556260796932097,167,2,169
741798120640512000,167,2,169
753770713039900672,167,2,169
761710198918557696,167,5,172
49061763,166,2,168
66204495,166,3,169
335431998,166,7,173
376794851,166,0,166
425181608,166,2,168
462730280,166,0,166
526601851,166,6,172
560676006,166,3,169
569457680,166,0,166
1139455316,166,3,169
1157415012,166,0,166
1449444157,166,0,166
2149679342,166,4,170
2377705375,166,6,172
2534334049,166,1,167
2712144110,166,2,168
2793009004,166,5,171
2821199591,166,0,166
2904618659,166,1,167
2940884871,166,3,169
3723496512,166,9,175
4257110325,166,4,170
4435806134,166,2,168
4601447955,166,2,168
4653073094,166,14,180
703681242429046784,166,8,174
713134184102014976,166,2,168
714460837625237505,166,4,170
728699618339520512,166,2,168
749953408883367937,166,2,168
762409577681784832,166,5,171
780882356315971584,166,4,170
791149260054138880,166,3,169
17727106,165,0,165
40325091,165,0,165
61236989,165,2,167
115858838,165,2,167
921904849,165,8,173
1023649345,165,8,173
1256753802,165,10,175
1336708158,165,2,167
1483101144,165,6,171
1558957891,165,0,165
1904877506,165,0,165
2272092822,165,4,169
2437399645,165,0,165
2663516173,165,8,173
3640734136,165,32,197
3692323273,165,0,165
4105815614,165,5,170
4180433547,165,2,167
4556881220,165,8,173
4764728532,165,0,165
703237820190580736,165,5,170
705332158752276480,165,1,166
714502162852741121,165,7,172
725076888561979393,165,15,180
730538384280576000,165,0,165
743086073602007040,165,4,169
749703015355953152,165,7,172
757564780404015104,165,3,168
796575993418973184,165,0,165
13525402,164,1,165
17744351,164,2,166
25083002,164,0,164
57260848,164,0,164
62070111,164,13,177
88991844,164,0,164
205371115,164,11,175
246151786,164,7,171
275690545,164,1,165
295886838,164,1,165
331728214,164,3,167
361580613,164,0,164
390861996,164,9,173
498316263,164,7,171
772349239,164,0,164
854823122,164,4,168
955062331,164,0,164
1496571493,164,4,168
2175926977,164,13,177
2190330965,164,2,166
2809289206,164,0,164
3220318152,164,0,164
3619956077,164,1,165
3686178436,164,10,174
3837262032,164,7,171
4237958309,164,1,165
4827813047,164,0,164
708792951187632128,164,5,169
743130161575538688,164,9,173
772935268273827840,164,1,165
786725933411545097,164,0,164
800767439361323008,164,0,164
14984662,163,7,170
16592046,163,12,175
21537009,163,0,163
40334543,163,3,166
53874609,163,3,166
56512634,163,1,164
72445782,163,4,167
158575399,163,1,164
233612550,163,0,163
359089492,163,7,170
388329857,163,0,163
428979873,163,23,186
578963077,163,10,173
585264569,163,8,171
630618358,163,0,163
805602769,163,0,163
1277481013,163,16,179
1936536769,163,3,166
2398051825,163,8,171
2441137555,163,2,165
2567835569,163,1,164
3313501976,163,7,170
3344562192,163,6,169
3406085129,163,13,176
3581716035,163,11,174
3680833583,163,13,176
3695021186,163,0,163
3838285397,163,2,165
4263840375,163,1,164
4826817374,163,14,177
4827369582,163,0,163
715681775717060608,163,6,169
723191297301860352,163,3,166
744856868888141824,163,1,164
759204061858172928,163,1,164
764651578779250688,163,1,164
773028633141063680,163,0,163
15700545,162,2,164
28031362,162,24,186
30067563,162,3,165
40943744,162,10,172
41093722,162,2,164
48518810,162,5,167
53557635,162,31,193
141076201,162,0,162
182878105,162,1,163
222547785,162,8,170
223063193,162,2,164
294613911,162,0,162
330799343,162,4,166
364272215,162,5,167
373033271,162,4,166
437627309,162,9,171
554201184,162,18,180
1101083736,162,9,171
1464560094,162,6,168
2477247030,162,0,162
3025408450,162,6,168
3596687292,162,11,173
4238209872,162,9,171
4697250193,162,2,164
4829147098,162,11,173
709085805613072384,162,18,180
710907035441881088,162,6,168
730490705882288128,162,8,170
730763692007002112,162,5,167
748336266106671104,162,20,182
769049801107341312,162,4,166
16585101,161,5,166
18336239,161,5,166
34603594,161,0,161
35606154,161,349,510
42632611,161,2,163
58371104,161,6,167
97197130,161,6,167
199518365,161,0,161
276840802,161,0,161
291874773,161,20,181
329167984,161,4,165
364032315,161,9,170
377474863,161,2,163
471062544,161,12,173
718981142,161,10,171
831651150,161,11,172
845430516,161,4,165
1331887915,161,3,164
1453142670,161,2,163
1460707248,161,1,162
2315414166,161,4,165
2450740651,161,10,171
2544931616,161,6,167
2712326760,161,4,165
3043237556,161,0,161
3116949109,161,4,165
3132138280,161,5,166
3291910059,161,5,166
3312644679,161,4,165
3649036098,161,2,163
3735801916,161,3,164
4459753935,161,18,179
4861446281,161,5,166
4875418094,161,2,163
4899185746,161,3,164
4903050937,161,2,163
711368248848211968,161,9,170
716077381622960128,161,7,168
735579023946944512,161,0,161
744889901267755008,161,19,180
746541199457017857,161,2,163
761413374416683008,161,2,163
16482165,160,7,167
21424216,160,7,167
26425877,160,2,162
31303107,160,1,161
60800364,160,4,164
125674137,160,0,160
224480387,160,1,161
263178482,160,0,160
350335797,160,5,165
423820604,160,16,176
430701258,160,0,160
575648685,160,2,162
753205987,160,11,171
897841765,160,4,164
1345827078,160,4,164
1389464876,160,4,164
1976963472,160,2,162
2164770253,160,8,168
2414521020,160,0,160
2568977460,160,0,160
2815268300,160,1,161
3252457706,160,6,166
3302153561,160,14,174
3528734117,160,4,164
3664569856,160,13,173
4807196297,160,13,173
711031138173587456,160,13,173
758063751572492289,160,1,161
759791099455995904,160,5,165
767752122276335617,160,5,165
790073111811072000,160,2,162
790295182662995968,160,2,162
18230524,159,3,162
20722218,159,1,160
32802488,159,2,161
33198887,159,4,163
72951832,159,2,161
73648561,159,5,164
73928056,159,11,170
96868223,159,14,173
124455128,159,0,159
320933771,159,4,163
329939178,159,4,163
380648673,159,1,160
408882844,159,1,160
519679670,159,0,159
574305212,159,0,159
608647639,159,12,171
722207654,159,26,185
729605804,159,5,164
750430579,159,12,171
769025252,159,9,168
827902934,159,13,172
1169506842,159,1,160
1296875341,159,4,163
1368441913,159,5,164
2691576288,159,11,170
2845849081,159,1,160
3000261851,159,1,160
3127506759,159,3,162
3185230166,159,17,176
3270341821,159,3,162
3403326509,159,0,159
3624648676,159,4,163
4017674240,159,1,160
4204682079,159,3,162
4737842607,159,5,164
736064322242154496,159,3,162
741851969598394368,159,1,160
784829417168207873,159,7,166
786614133672202240,159,4,163
20094273,158,2,160
22217443,158,22,180
32892321,158,0,158
41584867,158,5,163
42784382,158,0,158
44522992,158,0,158
48467882,158,1,159
70320954,158,6,164
72394136,158,15,173
74073542,158,1,159
136766122,158,1,159
227543172,158,9,167
298629655,158,1,159
358425249,158,0,158
439470064,158,0,158
456179788,158,4,162
496318759,158,0,158
581499659,158,3,161
809213634,158,9,167
855772064,158,12,170
1131943926,158,4,162
1426967479,158,11,169
2536847361,158,5,163
2681121779,158,7,165
2720137013,158,1,159
2844598786,158,6,164
2926563262,158,7,165
3306796634,158,12,170
3646723880,158,6,164
4074814018,158,10,168
701635010432999426,158,2,160
711369647598141440,158,2,160
719722758737960960,158,0,158
733141836743630849,158,4,162
738721186826178563,158,18,176
758897050058534912,158,2,160
768450644978069504,158,0,158
768600209056145409,158,2,160
783408079836700672,158,13,171
20189222,157,0,157
31495921,157,5,162
32496207,157,0,157
33317438,157,14,171
51519531,157,3,160
53917479,157,7,164
68888750,157,7,164
78070539,157,7,164
146770810,157,0,157
152847258,157,3,160
168524035,157,28,185
213761225,157,21,178
228118184,157,9,166
230739131,157,8,165
250162737,157,2,159
294512589,157,1,158
359770097,157,7,164
366374544,157,23,180
425826223,157,13,170
467767056,157,2,159
480506272,157,2,159
483588899,157,0,157
489423943,157,3,160
497323558,157,1,158
543685732,157,5,162
600581533,157,22,179
1276515211,157,0,157
1515892296,157,3,160
2369216078,157,12,169
2375964679,157,0,157
2686010270,157,4,161
2719032460,157,3,160
3044596275,157,4,161
3177941678,157,79,236
3304796160,157,3,160
3473259256,157,1,158
3950708835,157,11,168
3951063106,157,4,161
714804963495444480,157,0,157
714966416152256513,157,5,162
725776399139770368,157,11,168
727921540122161152,157,8,165
728296633411108865,157,14,171
743557517553242113,157,8,165
748548238563639296,157,4,161
772856434362953728,157,1,158
14766953,156,3,159
17225430,156,17,173
17772187,156,2,158
18284893,156,10,166
19250737,156,22,178
25208451,156,4,160
30244836,156,7,163
31393320,156,13,169
55935057,156,3,159
65075709,156,6,162
74968997,156,3,159
79523499,156,8,164
122445605,156,75,231
261736294,156,12,168
300885139,156,0,156
317377922,156,0,156
481304417,156,7,163
528646417,156,11,167
912760646,156,7,163
919582351,156,0,156
1037247092,156,2,158
1097105120,156,4,160
1589090810,156,3,159
1595125903,156,4,160
1643167080,156,5,161
2200851425,156,2,158
2206694669,156,3,159
2472844700,156,3,159
2584212787,156,9,165
2612752226,156,0,156
2893927876,156,24,180
3251226162,156,1,157
3272248910,156,4,160
3397954991,156,3,159
3689270355,156,7,163
3865675754,156,6,162
4103273359,156,0,156
705165476305833984,156,2,158
706955785280983040,156,5,161
711355959608614912,156,4,160
752832585869332480,156,3,159
770394595247198208,156,14,170
788900018883141633,156,0,156
11662942,155,1,156
18512153,155,24,179
24093660,155,2,157
26487878,155,10,165
59241915,155,38,193
75094316,155,5,160
84960857,155,6,161
85904700,155,22,177
86333078,155,5,160
111405640,155,8,163
127182036,155,13,168
132722100,155,0,155
251668274,155,2,157
290842086,155,4,159
315477574,155,3,158
381308128,155,3,158
427028916,155,5,160
456221429,155,9,164
491798554,155,2,157
511210135,155,5,160
560721586,155,21,176
870816404,155,0,155
929057557,155,4,159
930881228,155,11,166
1177632823,155,30,185
1314250814,155,0,155
1356123823,155,7,162
1413793885,155,9,164
1665551456,155,2,157
2288462990,155,32,187
2573939444,155,6,161
2701497017,155,0,155
2760050529,155,10,165
2763007723,155,2,157
3145379514,155,6,161
3328231984,155,13,168
3410396065,155,3,158
3951726322,155,5,160
4122056133,155,6,161
4158949822,155,1,156
4438791436,155,7,162
4454359240,155,6,161
705097012736200704,155,6,161
712736810661765120,155,1,156
715518415939747841,155,14,169
746367431388585984,155,11,166
759975876058546176,155,15,170
764859083107160064,155,0,155
782734099245129729,155,6,161
791506470550564864,155,2,157
15933649,154,3,157
21608662,154,8,162
39673794,154,1,155
43232530,154,5,159
48223373,154,8,162
53119816,154,2,156
53823932,154,3,157
64413002,154,3,157
134956422,154,124,278
141016227,154,17,171
166668718,154,0,154
200327576,154,2,156
242527201,154,2,156
285335618,154,0,154
321958772,154,2,156
384538391,154,5,159
438050333,154,4,158
527949804,154,0,154
533074865,154,8,162
574822364,154,12,166
583687484,154,1,155
2457154818,154,6,160
2528287351,154,0,154
2799966304,154,0,154
2927548871,154,4,158
3111009699,154,3,157
3389134989,154,18,172
3900280775,154,8,162
4003089613,154,5,159
4113505215,154,0,154
4267265183,154,2,156
4917121001,154,4,158
705595132666466304,154,4,158
712396720148099072,154,5,159
720116425852108800,154,1,155
735339050278760450,154,0,154
756972232690110464,154,14,168
775298638348115968,154,0,154
781803414606884864,154,4,158
781838159134896128,154,2,156
783021231683477504,154,5,159
789274761616584704,154,0,154
797603957476589568,154,0,154
15542724,153,3,156
20474403,153,0,153
35860455,153,29,182
37361963,153,3,156
38910239,153,1,154
41165751,153,11,164
47498097,153,0,153
49430334,153,8,161
125975139,153,6,159
169947789,153,6,159
238962950,153,1,154
252629056,153,1,154
286618879,153,51,204
311535208,153,3,156
446299683,153,9,162
482224922,153,3,156
489855788,153,1,154
565188105,153,1,154
747969990,153,9,162
904789082,153,10,163
950472888,153,4,157
1008492163,153,4,157
1144593456,153,3,156
1305192181,153,2,155
1363449445,153,3,156
1548183698,153,1,154
1918114236,153,0,153
2357377808,153,16,169
2727716160,153,0,153
2903064759,153,0,153
2973152076,153,1,154
3067668504,153,4,157
3283629240,153,4,157
3436330180,153,3,156
3458917277,153,5,158
4225209080,153,3,156
4315617796,153,4,157
4340986099,153,8,161
4448444059,153,4,157
4906918580,153,3,156
4907385920,153,10,163
707262499066785793,153,8,161
735880227486715904,153,11,164
741420007876395008,153,5,158
742089536939929600,153,11,164
747480363371499520,153,14,167
750548185039441920,153,17,170
759120478413942788,153,4,157
785187503544295424,153,7,160
798943309225988096,153,1,154
14564565,152,3,155
17965226,152,10,162
17968063,152,1,153
114558569,152,0,152
144265513,152,3,155
233345828,152,12,164
296551518,152,3,155
316991323,152,0,152
323348405,152,1,153
357701936,152,10,162
488993332,152,0,152
517501612,152,27,179
814922180,152,4,156
1164705565,152,15,167
1396939398,152,3,155
2254109526,152,3,155
2294472116,152,2,154
2611066880,152,16,168
3038290785,152,6,158
3201789399,152,7,159
3717452056,152,9,161
4068198615,152,3,155
4472374217,152,0,152
4788670529,152,101,253
4852228768,152,7,159
4872183652,152,3,155
4882757247,152,19,171
4924217224,152,10,162
716643597827883013,152,9,161
724726581982322692,152,12,164
736421819062714368,152,1,153
760815292310130688,152,13,165
15334475,151,6,157
18587394,151,4,155
30266529,151,3,154
30524827,151,4,155
35525976,151,6,157
134126795,151,1,152
142558412,151,0,151
174046229,151,5,156
192959969,151,10,161
236905553,151,10,161
305547528,151,4,155
373593476,151,2,153
463858467,151,16,167
479068816,151,2,153
525965449,151,1,152
1031960270,151,6,157
1433739860,151,7,158
2284353949,151,0,151
2429705118,151,0,151
2916269776,151,5,156
3018140491,151,5,156
3022045469,151,5,156
3433590633,151,3,154
3945784187,151,9,160
4223772134,151,5,156
4626000526,151,2,153
4778735542,151,0,151
725182719760572421,151,3,154
727288086967656448,151,22,173
732029704652259328,151,16,167
743216873924235264,151,5,156
750371568895885312,151,2,153
753632625072431104,151,0,151
757842087542829057,151,1,152
758336981181038592,151,0,151
760613481313890305,151,0,151
16118799,150,35,185
38779635,150,1,151
45574526,150,4,154
49431169,150,6,156
79223068,150,2,152
136791254,150,2,152
154108144,150,12,162
174963040,150,2,152
180965632,150,21,171
265245636,150,6,156
303429035,150,2,152
305305516,150,6,156
331216423,150,2,152
345016326,150,6,156
345461364,150,3,153
380227478,150,3,153
413765264,150,7,157
429703285,150,10,160
512559415,150,3,153
533014463,150,2,152
608305135,150,1,151
793744861,150,7,157
1061204708,150,4,154
1595803782,150,3,153
1607390360,150,11,161
2203607144,150,1,151
2319339266,150,7,157
2525675331,150,3,153
2727663388,150,0,150
2763414210,150,8,158
2950103945,150,13,163
3176775109,150,13,163
3281318431,150,9,159
3358911393,150,7,157
3621438492,150,9,159
3676047863,150,4,154
3905905514,150,27,177
4659376637,150,6,156
734128268744392704,150,13,163
738286265125068800,150,8,158
740015526609588225,150,2,152
749069182826754048,150,3,153
755924220668882947,150,3,153
767465035815723008,150,5,155
770623778162368513,150,0,150
787155383231971328,150,13,163
17741986,149,2,151
23237954,149,16,165
30415129,149,1,150
54935632,149,16,165
69391389,149,3,152
71626954,149,9,158
135990201,149,1,150
187782838,149,10,159
246082925,149,49,198
252738982,149,2,151
261259388,149,12,161
435127092,149,0,149
493224156,149,8,157
613576506,149,7,156
628789551,149,6,155
851674140,149,4,153
1191624822,149,1,150
1865176224,149,4,153
1954759951,149,21,170
2987881349,149,7,156
3054471976,149,4,153
3068847794,149,7,156
3296380884,149,0,149
3334087930,149,7,156
3506866154,149,0,149
4172714567,149,2,151
4291712000,149,1,150
4759057768,149,140,289
4813881008,149,5,154
705425662304247808,149,14,163
705552649765175297,149,8,157
716367269153079298,149,11,160
725057007967936514,149,10,159
746116280856514560,149,2,151
754540404708696064,149,5,154
757334805834981376,149,6,155
762821534662664192,149,5,154
783696351645151232,149,4,153
786259108936552448,149,1,150
15315465,148,6,154
18725571,148,5,153
18809276,148,2,150
21426342,148,6,154
23393316,148,1,149
27951857,148,2,150
32497478,148,9,157
69163320,148,2,150
74236071,148,7,155
77618639,148,4,152
93067638,148,5,153
93280831,148,1,149
199493444,148,9,157
216172986,148,7,155
285902442,148,15,163
299085247,148,2,150
514718176,148,6,154
1144118802,148,10,158
1371337734,148,0,148
1401452395,148,0,148
1410705194,148,0,148
1889934800,148,2,150
2194758303,148,5,153
2595865716,148,0,148
2659249123,148,0,148
2733386649,148,2,150
2859137916,148,1,149
3086189976,148,5,153
3234363207,148,0,148
3308167423,148,1,149
3314267340,148,0,148
3959778976,148,3,151
4448753063,148,6,154
4503128412,148,7,155
4568128942,148,7,155
4845420380,148,103,251
4847781730,148,9,157
699774854111821824,148,5,153
722275037055729665,148,7,155
742396324969127936,148,2,150
742401891837968384,148,3,151
788384602960297984,148,7,155
8524102,147,6,153
14526784,147,4,151
20208761,147,0,147
21282485,147,6,153
21423579,147,11,158
21563987,147,2,149
153537164,147,7,154
219831968,147,5,152
271851676,147,4,151
348667672,147,7,154
367750490,147,41,188
403709229,147,6,153
464989725,147,0,147
470261943,147,0,147
475697665,147,2,149
635938883,147,4,151
1518558894,147,0,147
2407411801,147,8,155
2515726273,147,0,147
2574956743,147,8,155
2752588498,147,1,148
2803637097,147,1,148
2936477807,147,4,151
3129047341,147,5,152
3169649371,147,3,150
3368013315,147,3,150
3609952274,147,13,160
3761843294,147,4,151
4391005874,147,3,150
4443696733,147,3,150
700516640752971776,147,0,147
714925269627305985,147,18,165
726791925487915008,147,2,149
729147318570782721,147,1,148
751242415911075840,147,1,148
758009417111576577,147,6,153
758533677668143105,147,13,160
761075928319406080,147,5,152
765707237239119872,147,7,154
769557895872589825,147,1,148
796310647185297408,147,0,147
15250162,146,0,146
15793787,146,6,152
18248053,146,5,151
18415205,146,5,151
19354935,146,6,152
21400889,146,13,159
23029464,146,11,157
26270980,146,1,147
27490812,146,4,150
30852083,146,0,146
32928468,146,0,146
66931709,146,5,151
125813890,146,2,148
240658286,146,3,149
260573709,146,4,150
306030860,146,5,151
309686668,146,0,146
326003769,146,2,148
354248645,146,26,172
483133119,146,0,146
518248535,146,8,154
609189950,146,5,151
1398262321,146,8,154
1412431100,146,6,152
1526553212,146,3,149
1612001484,146,1,147
1935424308,146,6,152
1943133326,146,0,146
2281953847,146,4,150
2572033740,146,13,159
2941118928,146,2,148
2973318457,146,4,150
3403970817,146,6,152
3418210767,146,0,146
4223251997,146,4,150
4886730322,146,2,148
709778631543787520,146,10,156
710889231573504000,146,2,148
713461348034813956,146,2,148
753450025515036672,146,2,148
754752608938622976,146,0,146
757291789556461569,146,7,153
769240951604772864,146,3,149
782594501239971841,146,3,149
784611264391774208,146,0,146
16364699,145,10,155
17123611,145,6,151
27767395,145,5,150
29108589,145,14,159
47687096,145,1,146
107209093,145,3,148
246873936,145,0,145
269488377,145,4,149
335710506,145,6,151
382463247,145,1,146
391128732,145,0,145
393048573,145,4,149
707242468,145,4,149
770874362,145,3,148
947658558,145,9,154
1220386050,145,4,149
1687130624,145,1,146
1902827713,145,9,154
2242866050,145,13,158
2355091601,145,1,146
2557331785,145,8,153
3071465511,145,11,156
728665240187981825,145,2,147
733733770680016901,145,10,155
734062356339302400,145,167,312
744090713554460672,145,7,152
758788609415655424,145,8,153
759463089448230914,145,4,149
766638984088936449,145,0,145
784912148891856898,145,7,152
785150664238182400,145,2,147
785176859105296384,145,6,151
788696245036548097,145,5,150
797204886018523136,145,0,145
16226605,144,7,151
17013467,144,4,148
20010422,144,2,146
22984882,144,6,150
23956022,144,4,148
44868806,144,3,147
71545482,144,12,156
87788325,144,4,148
142010045,144,6,150
145383915,144,2,146
170597868,144,2,146
344626195,144,0,144
451491354,144,1,145
517692792,144,7,151
532779124,144,5,149
568771863,144,1,145
813930560,144,0,144
1085762119,144,1,145
1252826672,144,9,153
1932665167,144,1,145
1941614930,144,4,148
1957619118,144,1,145
2721267708,144,0,144
2766239923,144,1,145
2794812876,144,9,153
3061928269,144,44,188
3244665439,144,0,144
3590955252,144,2,146
3618868453,144,6,150
4869210287,144,0,144
4888526439,144,7,151
702649250027536385,144,6,150
725324464410513414,144,7,151
745973480303144960,144,7,151
755547494369660928,144,1,145
759050999847714816,144,9,153
760259933451399169,144,8,152
786704913447395328,144,5,149
793506245743349762,144,0,144
15258794,143,3,146
19374918,143,6,149
48961660,143,10,153
72777391,143,3,146
109037040,143,0,143
118056668,143,0,143
122819549,143,3,146
128952780,143,4,147
160194130,143,1,144
179864153,143,4,147
194619305,143,3,146
196411725,143,3,146
261502286,143,0,143
262148185,143,6,149
291286514,143,1,144
299893741,143,16,159
309132445,143,18,161
311663803,143,40,183
337866358,143,1,144
369312255,143,7,150
706265673,143,11,154
713361782,143,0,143
715044396,143,20,163
860882442,143,0,143
1258767608,143,1,144
1543924651,143,11,154
1668588985,143,3,146
1921932272,143,23,166
2153753316,143,6,149
2330468346,143,1,144
2444802146,143,1,144
2832236690,143,4,147
2883695266,143,4,147
2916058482,143,0,143
3161768583,143,0,143
3399869637,143,13,156
3434990301,143,2,145
3621289632,143,2,145
4259148751,143,6,149
4503215594,143,12,155
4736799939,143,4,147
4818060021,143,3,146
4857314939,143,8,151
705510421265043456,143,7,150
707033823876354048,143,6,149
722150503371710465,143,0,143
13178042,142,2,144
14320187,142,8,150
17545469,142,25,167
28161086,142,6,148
30938516,142,4,146
39182645,142,3,145
55829777,142,11,153
59726061,142,0,142
70477603,142,10,152
77866644,142,0,142
84940229,142,5,147
96655856,142,16,158
251010753,142,6,148
325880081,142,10,152
334923393,142,11,153
338819390,142,5,147
381555566,142,6,148
382295125,142,9,151
391497091,142,6,148
542997188,142,7,149
546080350,142,0,142
807990584,142,2,144
856933050,142,2,144
1107331129,142,6,148
1117210608,142,2,144
2314379118,142,0,142
2861342065,142,5,147
2950496525,142,19,161
2958201126,142,6,148
2972624471,142,2,144
3077426913,142,2,144
3108967589,142,12,154
3157366293,142,0,142
3320545346,142,17,159
3404728337,142,1,143
3646190173,142,8,150
4200839013,142,9,151
4447613913,142,12,154
4686555463,142,8,150
4858916014,142,4,146
4918885219,142,6,148
710280307195387906,142,7,149
726483436597338114,142,0,142
733438971859107840,142,4,146
735106615104393221,142,148,290
737298327335751680,142,3,145
758874860453974017,142,0,142
765566069264310272,142,65,207
780739270663294976,142,4,146
23332368,141,6,147
33585235,141,0,141
98534609,141,20,161
99137237,141,0,141
133545603,141,14,155
146510317,141,1,142
165710347,141,3,144
166362103,141,6,147
179598231,141,0,141
208275450,141,1,142
297395814,141,0,141
357232722,141,248,389
361989594,141,3,144
472589320,141,11,152
482788403,141,7,148
526463447,141,6,147
538182130,141,5,146
572847319,141,2,143
584350121,141,1,142
808152564,141,0,141
909448512,141,11,152
977362292,141,1,142
1131620340,141,0,141
1185013680,141,0,141
1186808365,141,1,142
1206161593,141,4,145
1938005023,141,1,142
2382696936,141,15,156
2814308774,141,0,141
2975093116,141,6,147
3048787503,141,4,145
3135324675,141,12,153
3221765581,141,1,142
3298684151,141,7,148
3406537767,141,2,143
4100525847,141,0,141
4266211361,141,2,143
4338733993,141,9,150
4368495913,141,4,145
4904455246,141,0,141
709428021200084992,141,12,153
715198069575327744,141,4,145
716352577256837120,141,7,148
719252405007687680,141,5,146
722789468831395840,141,4,145
738949715224563713,141,0,141
743166519157227520,141,4,145
752311572622606336,141,2,143
777622223863418880,141,6,147
785896490497613825,141,3,144
792785656825073665,141,0,141
799095285721010176,141,0,141
16274668,140,8,148
18635250,140,4,144
66833170,140,13,153
69032114,140,11,151
78968880,140,8,148
98764683,140,5,145
113423108,140,5,145
148253367,140,2,142
209111938,140,0,140
215154964,140,7,147
219983463,140,2,142
237893634,140,0,140
239252503,140,0,140
416585874,140,3,143
419256844,140,11,151
473279639,140,6,146
497031544,140,1,141
576765914,140,1,141
1107837085,140,2,142
1238277762,140,2,142
1258161890,140,1,141
2147629573,140,5,145
2288898117,140,2,142
2470063062,140,2,142
2567327096,140,2,142
2609806866,140,2,142
2648807550,140,1,141
2715307940,140,3,143
2777370115,140,2,142
2854969384,140,1,141
3183748675,140,0,140
3193571952,140,0,140
3228455198,140,6,146
3421352872,140,2,142
4214758101,140,6,146
4258194688,140,11,151
4499485696,140,8,148
4614305539,140,1,141
4759303114,140,13,153
4824106473,140,2,142
4827698474,140,2,142
4851343726,140,3,143
4871364018,140,0,140
4910496196,140,7,147
702990664829681665,140,2,142
711338845099282432,140,0,140
717761952311717889,140,7,147
733750052183642112,140,2,142
734168909553766405,140,4,144
756988954755395584,140,3,143
759149064470474754,140,7,147
773728070897467396,140,9,149
783050646866038784,140,10,150
2182041,139,3,142
22237401,139,3,142
22261699,139,2,141
26499202,139,0,139
30523058,139,38,177
36138008,139,6,145
60744705,139,12,151
78431908,139,20,159
116876382,139,18,157
262522708,139,4,143
299097281,139,5,144
372559286,139,5,144
408304057,139,2,141
634127491,139,2,141
770745098,139,7,146
824754061,139,1,140
934612987,139,12,151
1016153754,139,8,147
2325703076,139,1,140
2759833038,139,1,140
3276956724,139,4,143
3315464599,139,2,141
3898667473,139,2,141
4028788342,139,1,140
4085974457,139,2,141
4405711588,139,3,142
4764007220,139,19,158
4854449571,139,7,146
705607680145149952,139,3,142
727935429949820929,139,3,142
732223000880123904,139,0,139
757098405109780484,139,8,147
759435633244897280,139,3,142
763155212596973568,139,5,144
18771382,138,0,138
26812010,138,0,138
35500378,138,1,139
47573602,138,5,143
57049338,138,15,153
59344493,138,5,143
108475786,138,8,146
113721074,138,5,143
172344918,138,0,138
353009825,138,5,143
363955840,138,7,145
484801775,138,1,139
596615669,138,7,145
637220816,138,2,140
708054361,138,0,138
726756098,138,2,140
918295123,138,1,139
963230432,138,0,138
1116671676,138,0,138
1205138478,138,4,142
1470713024,138,8,146
2494833214,138,0,138
2659968157,138,3,141
2804480622,138,1,139
2890165361,138,5,143
3013830860,138,1,139
3026830124,138,0,138
3407994333,138,4,142
3519657916,138,6,144
3709194735,138,0,138
3921906322,138,3,141
3949756833,138,8,146
3951125145,138,42,180
4228937179,138,0,138
4611417263,138,2,140
4762924158,138,7,145
4821932109,138,5,143
703330948100788224,138,7,145
704470380690456579,138,10,148
713843863778172928,138,3,141
717933273217826816,138,4,142
725901134385172481,138,6,144
736412037111156738,138,2,140
766279737387978752,138,3,141
795915985106649088,138,1,139
14218572,137,4,141
19317371,137,6,143
29519474,137,1,138
45920157,137,5,142
50679073,137,5,142
75080436,137,0,137
105959286,137,2,139
235672285,137,8,145
293558725,137,9,146
378889645,137,0,137
525857535,137,1,138
526632149,137,7,144
537021282,137,0,137
606504150,137,12,149
721421795,137,7,144
731700746,137,12,149
757616784,137,4,141
891832680,137,3,140
1692555433,137,2,139
2181767526,137,1,138
2416480604,137,0,137
2450197100,137,0,137
2541253285,137,7,144
2555668158,137,6,143
2604653497,137,8,145
2671630338,137,1,138
2734747239,137,5,142
2823147779,137,3,140
2939917980,137,57,194
2952719616,137,4,141
2997507926,137,3,140
3005444436,137,0,137
3028974489,137,0,137
3214757596,137,1,138
3247965726,137,14,151
3438546789,137,9,146
3884205253,137,4,141
4529656273,137,7,144
4855891091,137,7,144
710971439185170432,137,4,141
715286343023267841,137,5,142
720920519269179392,137,0,137
724742529267064833,137,4,141
742914907541274624,137,4,141
754506286826389504,137,9,146
761207175922520064,137,3,140
14346664,136,4,140
33059689,136,3,139
46260456,136,5,141
49099638,136,2,138
49346997,136,1,137
57603422,136,9,145
73099200,136,1,137
91736511,136,1,137
104966264,136,2,138
125042858,136,1,137
130977700,136,6,142
139768199,136,10,146
154236193,136,24,160
161937367,136,1,137
176657599,136,5,141
200988802,136,3,139
297709580,136,0,136
299046498,136,6,142
403695489,136,6,142
467231947,136,5,141
525678506,136,0,136
530935695,136,11,147
612214031,136,7,143
763653342,136,0,136
861868506,136,8,144
867442170,136,3,139
930346952,136,13,149
1408166352,136,0,136
2149356768,136,0,136
2444984626,136,7,143
2457553466,136,0,136
2650075664,136,4,140
2757669919,136,9,145
2870008455,136,0,136
2896297893,136,3,139
3010465214,136,4,140
3226104787,136,0,136
3286910690,136,4,140
3302766727,136,1,137
3409704381,136,0,136
3411191147,136,2,138
3449527579,136,19,155
4711842672,136,0,136
708098284473204736,136,34,170
712121038859935745,136,3,139
730591930044710913,136,0,136
739939225852747777,136,2,138
754443182683910144,136,2,138
760667704411975680,136,4,140
763963678274138112,136,7,143
785254322669924353,136,2,138
27359464,135,6,141
27903560,135,7,142
36792190,135,8,143
40711067,135,15,150
49785617,135,7,142
60420690,135,27,162
64114176,135,5,140
138713188,135,3,138
144575406,135,1,136
173249499,135,3,138
223932036,135,5,140
359524918,135,4,139
503603307,135,13,148
510120656,135,13,148
549600704,135,12,147
635862661,135,7,142
1250419446,135,10,145
1514534004,135,6,141
1539095702,135,1,136
1668265830,135,3,138
2341462998,135,25,160
2365305244,135,7,142
2481896449,135,0,135
2812638431,135,10,145
2913088509,135,2,137
2972993838,135,4,139
3050068869,135,10,145
3115507285,135,2,137
3167923560,135,3,138
3409782221,135,12,147
3648811994,135,4,139
3945533968,135,8,143
4184864894,135,1,136
4499507385,135,0,135
702229568812412929,135,5,140
710553234654367744,135,23,158
712457190896902144,135,4,139
737902528264863744,135,0,135
738203112255586308,135,2,137
746024155695452160,135,8,143
758830577663418372,135,1,136
760210231859130369,135,4,139
782444912448933888,135,0,135
14055791,134,2,136
22719839,134,9,143
25455235,134,7,141
39878846,134,0,134
41949140,134,13,147
51795266,134,0,134
67198790,134,0,134
67326212,134,10,144
81438841,134,10,144
88861017,134,6,140
118854577,134,7,141
125304610,134,9,143
141933129,134,4,138
146344101,134,2,136
212131564,134,1,135
229732637,134,19,153
244900398,134,35,169
249328041,134,1,135
272499767,134,5,139
296867794,134,8,142
374826129,134,17,151
480500298,134,4,138
531792834,134,2,136
531806071,134,3,137
598549298,134,13,147
601930683,134,8,142
720045069,134,9,143
755266896,134,1,135
889024146,134,8,142
993249000,134,7,141
1093277930,134,6,140
1119695227,134,2,136
1141336530,134,2,136
1543640652,134,0,134
1700309780,134,0,134
1719525565,134,1,135
1928409378,134,2,136
2193305060,134,1,135
2351934614,134,1,135
2374048657,134,13,147
2581320411,134,12,146
2784100399,134,10,144
2997593358,134,7,141
3229528586,134,0,134
3313865923,134,2,136
3315630181,134,6,140
3319032103,134,5,139
3366943366,134,0,134
3436173213,134,6,140
3446784017,134,6,140
3643236509,134,2,136
4279512256,134,34,168
4329921207,134,2,136
4586494518,134,6,140
4665140534,134,5,139
4716237802,134,0,134
4905152464,134,0,134
700386430510497792,134,5,139
700760229051379713,134,3,137
704411060485406721,134,3,137
710967378763354112,134,15,149
715384988246675456,134,7,141
716054156767678464,134,1,135
722310280068276225,134,1,135
733828747690811392,134,34,168
734851163166801920,134,1,135
736291160688201728,134,6,140
738093895309893632,134,0,134
740390230516240385,134,50,184
767512991617130500,134,7,141
779329104906629120,134,6,140
786329417261780992,134,1,135
788823877841367041,134,0,134
25782041,133,10,143
27746796,133,3,136
38272228,133,3,136
38811048,133,14,147
41830267,133,3,136
42135344,133,0,133
46430292,133,1,134
69585681,133,8,141
93514317,133,2,135
108985609,133,0,133
116473390,133,11,144
150091920,133,36,169
249504637,133,5,138
258102381,133,4,137
279167748,133,7,140
293795974,133,13,146
296365729,133,0,133
331507521,133,0,133
345112635,133,1,134
350261087,133,6,139
562372370,133,0,133
625706391,133,6,139
724833043,133,3,136
885733974,133,3,136
921994520,133,12,145
1013796373,133,3,136
1653887586,133,7,140
1950315650,133,32,165
2260694347,133,2,135
2462611680,133,4,137
2828210702,133,8,141
3031773999,133,5,138
3106208237,133,1,134
3163653229,133,2,135
3448960215,133,3,136
3575972834,133,10,143
4255857011,133,0,133
4428141376,133,0,133
707640739677732864,133,6,139
708633916526170113,133,8,141
732298151382663170,133,0,133
738873561666879489,133,2,135
747215519573491713,133,4,137
760180496995266560,133,2,135
783509913246904321,133,9,142
785962741919944704,133,1,134
795687910104268800,133,0,133
14189931,132,12,144
16043205,132,10,142
23444554,132,5,137
23477550,132,1,133
26357999,132,0,132
29136429,132,13,145
37040349,132,15,147
42729835,132,10,142
60771299,132,0,132
61305465,132,8,140
67426597,132,1,133
129940576,132,8,140
146107827,132,1,133
155651563,132,8,140
160000354,132,0,132
171570249,132,0,132
221663722,132,0,132
232656968,132,2,134
276356796,132,5,137
394404097,132,0,132
573692319,132,3,135
704306828,132,3,135
708309848,132,104,236
854982762,132,1,133
887569722,132,6,138
929430463,132,1,133
929882659,132,10,142
930245052,132,11,143
947994470,132,0,132
1041079664,132,6,138
1280947238,132,9,141
1499413717,132,9,141
1706302074,132,4,136
2149437525,132,0,132
2250489164,132,0,132
2330101823,132,8,140
2366303900,132,10,142
2394313432,132,2,134
2566114600,132,4,136
2760314563,132,1,133
2853841385,132,2,134
2949339839,132,5,137
2991153401,132,12,144
3087340352,132,3,135
3156705035,132,17,149
3266230939,132,6,138
3314529347,132,19,151
3330557069,132,17,149
3503962453,132,6,138
3642461540,132,0,132
3961106899,132,0,132
4926495803,132,7,139
700772748705079296,132,2,134
701419368043962368,132,7,139
702937453934583808,132,0,132
707595152307703808,132,1,133
713885792431509504,132,11,143
718808839236116480,132,2,134
718818344309231616,132,3,135
719594033752993792,132,1,133
738908828129984512,132,1,133
739064956453150721,132,9,141
745319037677211652,132,10,142
746097533194141696,132,1,133
757731953281904640,132,3,135
765286320151359495,132,0,132
15736890,131,2,133
17756112,131,1,132
22040193,131,5,136
30511255,131,7,138
46202228,131,2,133
56838981,131,3,134
86940495,131,0,131
121962354,131,10,141
182366037,131,0,131
274667122,131,0,131
297352182,131,0,131
425171276,131,4,135
488060497,131,2,133
586921591,131,2,133
607039851,131,7,138
625122575,131,0,131
753466388,131,4,135
827214126,131,14,145
1140425539,131,0,131
1411325341,131,8,139
1451654041,131,1,132
1452574056,131,14,145
2352127176,131,12,143
2378961661,131,1,132
2511162391,131,7,138
2834302360,131,5,136
2853516157,131,1,132
2869618861,131,4,135
2873806249,131,14,145
2931232017,131,3,134
2966503372,131,0,131
3103508387,131,2,133
3189317230,131,7,138
4534513338,131,11,142
4830435670,131,1,132
708496183187013632,131,4,135
712257987520372736,131,8,139
721992744210550784,131,9,140
743181738801762308,131,7,138
747663887969955840,131,3,134
760581860015673344,131,5,136
765719354570702848,131,8,139
783501276495523840,131,1,132
786645817905991680,131,8,139
789945249728716800,131,0,131
23047147,130,4,134
38174481,130,0,130
45377352,130,10,140
47046643,130,0,130
47173527,130,7,137
48372776,130,0,130
60089996,130,3,133
65120853,130,20,150
110978799,130,4,134
179871513,130,0,130
207271383,130,4,134
245605402,130,0,130
252935567,130,76,206
283455112,130,9,139
319276183,130,9,139
396231754,130,7,137
400142857,130,4,134
454570392,130,4,134
522778079,130,0,130
525643462,130,1,131
735101078,130,1,131
750090764,130,2,132
899016632,130,3,133
973615898,130,2,132
994902187,130,6,136
1077541242,130,3,133
1089851852,130,4,134
1188145430,130,8,138
1554095036,130,0,130
2155220057,130,12,142
2189164824,130,1,131
2197106143,130,256,386
2262100542,130,2,132
2291620530,130,7,137
2531015528,130,2,132
2612313356,130,0,130
3026265112,130,0,130
3151620258,130,2,132
3354784032,130,2,132
3507169515,130,15,145
3617733732,130,5,135
3824278154,130,1,131
3952418663,130,4,134
4116576980,130,6,136
4776253104,130,7,137
4839972555,130,0,130
4856642956,130,14,144
709280891420278785,130,6,136
709451112739262465,130,6,136
712639018534461440,130,2,132
728301896125927424,130,22,152
732803095911104514,130,9,139
747944972175958016,130,8,138
755127495775625216,130,2,132
755149056880570368,130,2,132
755893080373366784,130,4,134
758506186673094656,130,6,136
758729592672653312,130,102,232
780085194317557760,130,0,130
791280646735794176,130,1,131
13026532,129,0,129
16974310,129,9,138
24782816,129,11,140
28037002,129,2,131
28606630,129,5,134
32389958,129,8,137
46931193,129,0,129
49907425,129,4,133
58280294,129,1,130
154154649,129,0,129
206962580,129,2,131
286349282,129,13,142
310255632,129,3,132
311925651,129,6,135
315461934,129,3,132
371422784,129,6,135
502116444,129,3,132
525726943,129,8,137
526427083,129,0,129
526639885,129,2,131
526967433,129,4,133
606507498,129,1,130
796191410,129,5,134
898992114,129,3,132
1434060954,129,4,133
1855170788,129,0,129
2178310401,129,11,140
2265885618,129,0,129
2534165653,129,1,130
2915698086,129,7,136
2941351219,129,35,164
2958832497,129,4,133
2999700747,129,5,134
3113652247,129,3,132
3546630376,129,6,135
3910256217,129,0,129
3951302129,129,4,133
4098378197,129,2,131
4228788018,129,8,137
4388598255,129,10,139
4510289232,129,5,134
4828339398,129,5,134
4896177359,129,0,129
721104775689863168,129,13,142
723591780927721472,129,5,134
729950129923489792,129,8,137
734788241300193280,129,2,131
736750781093707776,129,8,137
742137549263536128,129,0,129
742419834986725376,129,1,130
766392238989578240,129,2,131
773970968075235328,129,4,133
26243227,128,1,129
39188067,128,6,134
46009249,128,2,130
92752327,128,4,132
125640659,128,10,138
133277230,128,4,132
145285683,128,7,135
147384908,128,0,128
189486699,128,4,132
248760067,128,2,130
261317758,128,0,128
291405304,128,3,131
305120082,128,2,130
426290352,128,9,137
526610167,128,12,140
568828814,128,3,131
578509298,128,1,129
777220417,128,2,130
1383470294,128,4,132
2597205728,128,1,129
3110905846,128,1,129
3111670868,128,5,133
3189240502,128,3,131
3269250990,128,10,138
3291902538,128,8,136
3307512417,128,9,137
3712824021,128,4,132
3835451007,128,0,128
3951211755,128,4,132
4876515362,128,2,130
701915942436077568,128,7,135
758124832001097728,128,0,128
769153639260758016,128,7,135
779123918648901632,128,2,130
792479813319598080,128,0,128
24377216,127,5,132
32639160,127,2,129
43033837,127,3,130
44377087,127,9,136
85717595,127,12,139
87510427,127,4,131
121171999,127,6,133
124486265,127,9,136
234497162,127,0,127
252165928,127,27,154
266262341,127,1,128
280027618,127,0,127
308327933,127,10,137
320999960,127,9,136
333315861,127,3,130
416981394,127,1,128
548684837,127,5,132
602426326,127,0,127
712409156,127,4,131
852011923,127,2,129
1011299226,127,1,128
1654258802,127,9,136
1884893365,127,0,127
1914072698,127,1,128
2338823611,127,3,130
2399048166,127,13,140
2417813899,127,3,130
2695613960,127,1,128
2824812649,127,1,128
2905527472,127,10,137
3237940072,127,2,129
3309884754,127,14,141
3528516439,127,0,127
4043345250,127,1,128
4411076609,127,4,131
4547821336,127,4,131
4758446941,127,6,133
702492434857590784,127,6,133
703028439465365504,127,17,144
705187111981465600,127,16,143
723641630931058688,127,4,131
729453039103279108,127,5,132
732840019551981568,127,5,132
741315273278398464,127,5,132
749692650165571587,127,11,138
756567239302799360,127,3,130
756684636982349824,127,4,131
757029854525157376,127,3,130
765207622169616384,127,2,129
770681636874772480,127,0,127
781555354207416321,127,4,131
797523047930544128,127,0,127
17112868,126,0,126
19508842,126,24,150
21111097,126,0,126
24456834,126,0,126
25924647,126,31,157
32151367,126,0,126
43493363,126,7,133
95344313,126,2,128
104240343,126,16,142
110496780,126,2,128
120544074,126,13,139
127083451,126,8,134
138320520,126,2,128
160237390,126,3,129
180810321,126,2,128
214305431,126,2,128
215112498,126,4,130
374490485,126,7,133
392848910,126,0,126
474066334,126,1,127
546488925,126,10,136
609546191,126,4,130
609621477,126,0,126
719691159,126,6,132
744920442,126,9,135
905374200,126,9,135
908532632,126,1,127
990792691,126,5,131
1408769192,126,2,128
1679672113,126,8,134
2585808948,126,1,127
2598109296,126,4,130
2782910563,126,8,134
3001649164,126,2,128
3106279168,126,2,128
3149734677,126,0,126
3177200475,126,11,137
3232977036,126,9,135
3292911462,126,9,135
3311711174,126,5,131
4183085298,126,10,136
4185143260,126,3,129
4240514358,126,1,127
4851562701,126,1,127
4871418692,126,8,134
4879397523,126,6,132
4894936756,126,5,131
702231016023265280,126,26,152
705433853289082880,126,5,131
705467048306933760,126,2,128
719581669607378944,126,17,143
730594503816417281,126,2,128
740348347396042753,126,3,129
744533399323447296,126,2,128
747838822373695488,126,2,128
768661230596689921,126,8,134
16074465,125,2,127
19533349,125,1,126
20209042,125,3,128
21047811,125,7,132
24787367,125,11,136
26121933,125,13,138
26473089,125,1,126
27308120,125,3,128
33396486,125,2,127
34089686,125,2,127
37020028,125,17,142
41883456,125,7,132
44417425,125,3,128
45192612,125,8,133
47876739,125,7,132
51096249,125,3,128
58903312,125,0,125
107766082,125,0,125
110505562,125,1,126
189806241,125,45,170
203560167,125,0,125
221011668,125,4,129
243777506,125,2,127
261042326,125,1,126
264333941,125,10,135
342289303,125,15,140
348094373,125,3,128
349445673,125,2,127
382299304,125,7,132
386331159,125,24,149
420498973,125,2,127
433417278,125,7,132
441158172,125,9,134
557960079,125,1,126
560408595,125,3,128
563056473,125,7,132
593845824,125,4,129
858993643,125,12,137
868805886,125,12,137
915137490,125,6,131
932445374,125,0,125
1056388153,125,2,127
1071555114,125,12,137
1191313830,125,12,137
1409552341,125,0,125
1423540242,125,0,125
1460288238,125,5,130
1529340344,125,3,128
1899092012,125,0,125
2157061574,125,87,212
2426437332,125,0,125
2849260845,125,2,127
2914375985,125,0,125
3053041947,125,5,130
3245248531,125,1,126
4046848545,125,2,127
4320996201,125,27,152
4345493055,125,0,125
4600705881,125,13,138
4840654073,125,7,132
4895085192,125,1,126
702917088671866881,125,1,126
704508062292377600,125,11,136
711014758535790593,125,0,125
712668749778661376,125,2,127
720543755594432512,125,0,125
729345073473835009,125,4,129
731608385645318144,125,3,128
741881743477604352,125,2,127
749781667485655041,125,0,125
765306808978202626,125,4,129
768098547770068992,125,3,128
783126770925047808,125,1,126
785252087923748864,125,3,128
787732601255579648,125,3,128
791151679785828352,125,0,125
806288502476382208,125,4,129
14800131,124,7,131
23659863,124,0,124
23765391,124,7,131
27463702,124,13,137
29118781,124,1,125
29534413,124,3,127
32550356,124,6,130
34530133,124,4,128
61337641,124,20,144
72086688,124,3,127
72962763,124,1,125
78364244,124,1,125
96883376,124,1,125
105917253,124,6,130
108463543,124,11,135
129314386,124,6,130
160707380,124,2,126
184722910,124,3,127
252804421,124,0,124
292023930,124,30,154
313246522,124,0,124
316635261,124,1,125
343656851,124,2,126
349027514,124,13,137
372572992,124,0,124
373510298,124,1,125
386746916,124,3,127
426999530,124,12,136
430257546,124,12,136
524901955,124,27,151
615692074,124,7,131
812215344,124,3,127
1103922284,124,1,125
1275768242,124,0,124
1382074880,124,0,124
1481460001,124,1,125
1871356207,124,1,125
2275445179,124,5,129
2335832364,124,1,125
2712763860,124,2,126
2840452198,124,7,131
2890287140,124,8,132
2908293891,124,1,125
2912118236,124,3,127
2986104832,124,7,131
3051087726,124,3,127
3159147915,124,1,125
3243833459,124,12,136
3517723337,124,10,134
3678420496,124,19,143
3695704812,124,5,129
3796864698,124,6,130
3817328187,124,1,125
3947638457,124,5,129
4223111532,124,2,126
4446067695,124,4,128
4837973643,124,3,127
4855352961,124,5,129
4883584173,124,1,125
700818246610477056,124,3,127
706290087122771968,124,16,140
707025944389681152,124,4,128
709047454436564992,124,2,126
709116264019402752,124,2,126
715977011408330753,124,6,130
733082917115568128,124,0,124
745852214493777920,124,6,130
758353855520256000,124,5,129
758398111588823040,124,4,128
766859945580990465,124,1,125
770841665321840641,124,1,125
788336417806159873,124,2,126
789470414972092416,124,3,127
14132525,123,0,123
14535521,123,2,125
15040988,123,2,125
25922632,123,1,124
27725668,123,5,128
48160300,123,2,125
77703940,123,13,136
106527267,123,14,137
241803028,123,7,130
278809527,123,10,133
353426909,123,1,124
361444464,123,6,129
378997167,123,0,123
389597423,123,7,130
394272436,123,6,129
421256862,123,1,124
531581044,123,0,123
532774287,123,3,126
579661604,123,5,128
795870090,123,8,131
833650770,123,5,128
845600018,123,5,128
860854063,123,0,123
861537582,123,6,129
897789679,123,0,123
1227326366,123,2,125
1563581490,123,1,124
1594642194,123,9,132
1863145748,123,1,124
1895672233,123,1,124
2279689231,123,9,132
2340899358,123,2,125
2407277082,123,2,125
2732152523,123,1,124
2757042696,123,0,123
2789007712,123,5,128
2923233890,123,5,128
2924527836,123,0,123
2971753953,123,8,131
3031667154,123,3,126
3294627524,123,0,123
3301991237,123,1,124
3376781080,123,1,124
3720197295,123,6,129
3743853674,123,1,124
3961381816,123,0,123
4259334800,123,3,126
4443429972,123,3,126
4688280565,123,2,125
4707710115,123,3,126
703427540061257728,123,6,129
706585866714517505,123,4,127
707021369377030145,123,14,137
708362799907512321,123,0,123
711590141584936960,123,13,136
723561295706873856,123,8,131
738862334383423488,123,12,135
738877887869255680,123,4,127
752201533068943361,123,0,123
759067145007398912,123,57,180
766205722937921536,123,6,129
785474567338921984,123,0,123
16154692,122,1,123
20889358,122,8,130
21545041,122,6,128
27179975,122,2,124
36775124,122,0,122
40691581,122,4,126
60730035,122,2,124
70749151,122,2,124
73012505,122,6,128
87835772,122,8,130
129039575,122,3,125
187419840,122,9,131
224732878,122,5,127
225887435,122,0,122
239432753,122,2,124
244826844,122,8,130
295671873,122,6,128
320267399,122,0,122
336594986,122,1,123
384330450,122,1,123
413120558,122,12,134
470401954,122,3,125
551637176,122,3,125
723306858,122,1,123
863569338,122,2,124
1029432889,122,0,122
1034971032,122,1,123
1119299306,122,8,130
1247805630,122,4,126
1348445442,122,7,129
1549229162,122,114,236
1890976934,122,23,145
2270414820,122,10,132
2329701019,122,4,126
2376565033,122,2,124
2492333083,122,2,124
2658891288,122,8,130
2796119365,122,1,123
2894919166,122,0,122
3102245372,122,4,126
3320162235,122,3,125
3412642223,122,3,125
3412842071,122,11,133
3612731472,122,5,127
3740303121,122,73,195
3988986443,122,7,129
4242824480,122,7,129
4893530422,122,3,125
703736130399813632,122,0,122
705403933280305153,122,6,128
707548289168744449,122,2,124
709606293623844864,122,5,127
733082357041922048,122,4,126
759396501168599044,122,5,127
760947198179762176,122,0,122
767553236878266369,122,3,125
773144623812186112,122,1,123
774113705667629056,122,0,122
776228194571649025,122,5,127
787340885419757568,122,5,127
788222487318310912,122,9,131
15693450,121,5,126
19615940,121,4,125
21947781,121,4,125
30996996,121,7,128
32877018,121,3,124
34822048,121,8,129
62915298,121,7,128
74311481,121,19,140
146644080,121,118,239
189730834,121,2,123
203593704,121,1,122
223744995,121,5,126
268963141,121,0,121
302797688,121,1,122
306187852,121,3,124
332317424,121,6,127
341073304,121,3,124
358892210,121,6,127
429429068,121,7,128
443924415,121,7,128
457566485,121,4,125
531668387,121,4,125
700599415,121,7,128
846744007,121,1,122
862030153,121,5,126
866554580,121,1,122
878615532,121,0,121
905530344,121,17,138
1004554363,121,0,121
1546678166,121,7,128
1679279490,121,9,130
1960909944,121,6,127
2350676532,121,1,122
2369640619,121,5,126
2600578123,121,0,121
2783958585,121,0,121
2991866248,121,0,121
3098348408,121,2,123
3147813413,121,0,121
3179860843,121,0,121
3236538069,121,5,126
3243328102,121,1,122
3353724259,121,1,122
3379172271,121,1,122
3639087436,121,2,123
3757015887,121,16,137
4249418631,121,3,124
4363642168,121,17,138
4426650435,121,2,123
4562138564,121,2,123
4804117034,121,15,136
4844622794,121,2,123
4855679640,121,6,127
4883847269,121,66,187
705426859195047936,121,10,131
706884805439332353,121,4,125
709165943297937409,121,7,128
711667371782459392,121,9,130
712822458949087232,121,0,121
719243757124608000,121,1,122
722087539788554240,121,2,123
723316579740573696,121,2,123
724723834994208768,121,6,127
734531488214089728,121,0,121
742122569755693056,121,5,126
744950188557615104,121,15,136
757534599018717184,121,0,121
760527694861742080,121,10,131
793224540834762752,121,2,123
17578324,120,2,122
31614106,120,4,124
55072011,120,4,124
57655062,120,17,137
65538292,120,0,120
69921766,120,3,123
71007826,120,4,124
73155705,120,12,132
102466306,120,14,134
102816266,120,5,125
152710885,120,0,120
192308563,120,6,126
213071545,120,5,125
301857046,120,8,128
311140916,120,4,124
318562573,120,8,128
331175010,120,0,120
376531194,120,3,123
560768567,120,6,126
707946482,120,3,123
846009488,120,2,122
861963872,120,5,125
863693749,120,25,145
876647100,120,19,139
1317782702,120,11,131
2161787000,120,3,123
2204606340,120,2,122
2211112023,120,5,125
2293109486,120,8,128
2368999058,120,18,138
2419491810,120,0,120
2494237140,120,8,128
2783538092,120,0,120
2992180099,120,0,120
3031605000,120,2,122
3160219068,120,6,126
3433271854,120,1,121
3751967714,120,0,120
3899269515,120,8,128
4247198123,120,0,120
4411875801,120,3,123
4692195031,120,8,128
4796678896,120,25,145
4841872634,120,4,124
4852047507,120,7,127
703284285592064000,120,0,120
706915991851171840,120,0,120
708485128800997376,120,29,149
709509298653626368,120,21,141
710641842241589248,120,3,123
713032252251308033,120,8,128
720684341647577088,120,14,134
726063894310051841,120,7,127
729471959793160192,120,0,120
738452826494533632,120,3,123
759354603750191104,120,7,127
767777919578017793,120,1,121
772459109681471488,120,1,121
777335313467256832,120,2,122
788569059386351620,120,1,121
16450389,119,3,122
23287792,119,3,122
41559967,119,2,121
47440762,119,2,121
50425887,119,3,122
90759119,119,0,119
97558908,119,2,121
104979795,119,10,129
146659588,119,1,120
176292487,119,1,120
247011084,119,0,119
250684495,119,2,121
264463470,119,7,126
325246257,119,11,130
378394143,119,0,119
473109100,119,7,126
527660457,119,6,125
532457531,119,1,120
601353443,119,3,122
849098418,119,10,129
862831734,119,6,125
882947018,119,31,150
1301159580,119,8,127
1338047336,119,6,125
1500492770,119,1,120
1579287858,119,1,120
1701698635,119,1,120
2153342610,119,7,126
2162983369,119,29,148
2163750563,119,2,121
2196212185,119,1,120
2255983068,119,8,127
2262574488,119,3,122
2325067037,119,12,131
2855571953,119,0,119
2941652236,119,3,122
2944969822,119,2,121
2947772771,119,0,119
3013299916,119,4,123
3041648696,119,8,127
3306718654,119,0,119
3609833652,119,5,124
3906820392,119,3,122
4152084855,119,3,122
703339516493492229,119,14,133
705787760221642752,119,0,119
707124686769917952,119,0,119
712762661776322561,119,97,216
720097627916869632,119,1,120
723577767820967937,119,2,121
734424985058451456,119,3,122
735856962299002880,119,3,122
747557639207301120,119,4,123
748584308424601600,119,1,120
757709658555490305,119,4,123
14667128,118,1,119
15735034,118,3,121
16074593,118,3,121
30208983,118,8,126
36316589,118,0,118
45284956,118,9,127
46955683,118,6,124
52096510,118,6,124
56123341,118,4,122
59614978,118,6,124
64357440,118,8,126
80289302,118,2,120
90620291,118,1,119
92408522,118,1,119
94177313,118,7,125
108450607,118,8,126
118002194,118,0,118
123476324,118,1,119
127175879,118,0,118
152007388,118,3,121
206957682,118,8,126
254225845,118,1,119
313582838,118,0,118
315207449,118,0,118
318594095,118,6,124
372240477,118,4,122
384291112,118,5,123
384434800,118,1,119
403246362,118,0,118
456334233,118,53,171
466183294,118,6,124
502743360,118,11,129
517912413,118,6,124
551305411,118,3,121
579383960,118,4,122
750239178,118,14,132
751214924,118,3,121
898503012,118,11,129
1573693302,118,3,121
1669294206,118,0,118
2213930756,118,4,122
2367370628,118,7,125
2445586759,118,1,119
2763687557,118,3,121
2826313845,118,0,118
2925571294,118,9,127
2975187827,118,2,120
2984695729,118,0,118
3091637038,118,11,129
3174127245,118,5,123
3260134182,118,7,125
3280945376,118,4,122
3311748530,118,6,124
3417755386,118,11,129
3462708383,118,2,120
3589527318,118,43,161
3762301453,118,0,118
3851995223,118,2,120
4470633014,118,54,172
4649484752,118,17,135
4774933922,118,7,125
4775810719,118,1,119
4798877776,118,1,119
701853874685132800,118,6,124
704999887432187905,118,1,119
705557649950056449,118,18,136
714943919717396480,118,12,130
727398206804484096,118,1,119
741620531422584832,118,3,121
751393480115625984,118,5,123
756725977863036928,118,0,118
767100119049236480,118,3,121
777343127598366720,118,12,130
795413774811312128,118,0,118
16673688,117,2,119
21508174,117,1,118
22626807,117,0,117
24516301,117,12,129
36293275,117,11,128
83171810,117,0,117
98558067,117,3,120
109141162,117,0,117
114872258,117,3,120
163447189,117,0,117
176678019,117,5,122
182984805,117,4,121
212360464,117,4,121
232218349,117,3,120
286025358,117,0,117
305963266,117,3,120
306724690,117,0,117
342955623,117,0,117
403899803,117,3,120
435396679,117,6,123
447685188,117,1,118
466152563,117,0,117
498911171,117,5,122
499218109,117,7,124
530984698,117,1,118
556969755,117,1,118
861131778,117,4,121
966312390,117,2,119
969375810,117,13,130
995845117,117,2,119
1177491776,117,2,119
1246714321,117,0,117
1446308850,117,3,120
1969583143,117,0,117
2152799365,117,4,121
2154028783,117,5,122
2201587776,117,8,125
2203455899,117,3,120
2330994686,117,5,122
2349012840,117,6,123
2736962849,117,1,118
2776884871,117,8,125
2784637576,117,0,117
2798798158,117,2,119
3006418240,117,2,119
3006690178,117,3,120
3231834818,117,3,120
3256253982,117,0,117
3281771058,117,1,118
3316042693,117,6,123
3390214067,117,3,120
3408529580,117,20,137
3427078965,117,13,130
4077660797,117,5,122
4100919203,117,0,117
4307533814,117,2,119
4340464215,117,3,120
4584443975,117,4,121
4700267755,117,11,128
715957945712816129,117,1,118
722326109715623937,117,5,122
729795199497461760,117,0,117
754123244509298688,117,5,122
754593649376186368,117,2,119
755901421044703232,117,1,118
759436688301056000,117,0,117
760864021574672384,117,14,131
785650297515290625,117,1,118
787660822302498816,117,4,121
24657763,116,2,118
27551703,116,0,116
31070593,116,4,120
36985886,116,1,117
44085758,116,0,116
53266194,116,11,127
53847150,116,5,121
60116205,116,2,118
60628530,116,4,120
70026505,116,11,127
96832024,116,5,121
117459934,116,1,117
118708596,116,1,117
131633337,116,12,128
162617060,116,2,118
181574946,116,3,119
183403491,116,11,127
235058907,116,3,119
259121785,116,34,150
266079348,116,7,123
277200454,116,4,120
278880061,116,0,116
311212745,116,4,120
355869749,116,14,130
376748053,116,1,117
384293053,116,4,120
405134164,116,3,119
471539132,116,0,116
514873213,116,10,126
554802503,116,5,121
580975146,116,2,118
584236481,116,16,132
812542670,116,5,121
940825748,116,0,116
971692506,116,2,118
1075681177,116,2,118
1131852632,116,2,118
1172831154,116,2,118
1226167963,116,4,120
1466009443,116,72,188
1528212727,116,10,126
2272203114,116,7,123
2387426773,116,10,126
2464773584,116,1,117
2502463908,116,5,121
2535958714,116,1,117
2713427480,116,3,119
2715070556,116,0,116
2725246382,116,2,118
2740594072,116,1,117
2751089602,116,2,118
2762251732,116,7,123
2827346120,116,2,118
2942062409,116,4,120
3675016697,116,2,118
3775451659,116,0,116
4064495171,116,1,117
4190307435,116,9,125
4260120443,116,1,117
4568880935,116,1,117
4835026644,116,0,116
705188763060846593,116,4,120
715907016934486016,116,4,120
720324648777478144,116,0,116
725055922813460480,116,4,120
729111436136468481,116,0,116
735850337505009664,116,6,122
747582567910539264,116,3,119
751997503663464450,116,9,125
756195379549446144,116,0,116
757220239453061120,116,1,117
757998745724162048,116,3,119
767529692744159233,116,7,123
773690171405561856,116,0,116
785897717885046784,116,0,116
13817822,115,12,127
18757886,115,1,116
19195048,115,4,119
26122639,115,3,118
28156710,115,8,123
33658276,115,5,120
36840352,115,0,115
37447675,115,3,118
39043770,115,1,116
47019515,115,0,115
54951528,115,6,121
59380474,115,3,118
71089130,115,0,115
90665116,115,8,123
96435825,115,0,115
114770420,115,5,120
159282342,115,0,115
161644944,115,2,117
211950197,115,3,118
235185955,115,0,115
264219232,115,4,119
281321889,115,2,117
300254302,115,11,126
308338453,115,8,123
413491182,115,4,119
427070539,115,0,115
478640581,115,2,117
488180972,115,5,120
543914044,115,6,121
578525346,115,9,124
614500070,115,2,117
628157168,115,4,119
744105860,115,4,119
764413158,115,4,119
836628960,115,3,118
895784959,115,1,116
945202513,115,0,115
1005442969,115,3,118
1097225142,115,2,117
1167559862,115,2,117
1436768347,115,3,118
1924038283,115,5,120
2206795918,115,4,119
2227048267,115,0,115
2294452695,115,1,116
2329148937,115,5,120
2382829512,115,2,117
2734574376,115,6,121
2769315279,115,3,118
2889554566,115,14,129
3092878870,115,3,118
3244445219,115,0,115
3320379743,115,2,117
3423329290,115,2,117
3433097962,115,0,115
4030552332,115,1,116
702228334655074304,115,17,132
708703657840287744,115,5,120
735870222658244608,115,2,117
746907589967896577,115,6,121
760927577573777408,115,0,115
777239255500197888,115,2,117
783696119117279232,115,2,117
784936126578556928,115,0,115
11616202,114,6,120
19658674,114,1,115
24763312,114,4,118
29531485,114,1,115
46772163,114,7,121
64431010,114,2,116
65484730,114,37,151
79291680,114,0,114
94627583,114,4,118
116231444,114,5,119
118284117,114,0,114
118953812,114,5,119
187351126,114,5,119
191706532,114,4,118
192012830,114,3,117
263215798,114,7,121
272559329,114,9,123
300773836,114,0,114
304517257,114,5,119
313671566,114,5,119
333040588,114,3,117
343460836,114,3,117
356837905,114,11,125
421312609,114,1,115
545474475,114,295,409
753880945,114,1,115
798034514,114,0,114
851232686,114,3,117
863320435,114,7,121
909115597,114,7,121
1164199105,114,2,116
1195458966,114,2,116
1251598134,114,3,117
1291100928,114,1,115
1357640443,114,1,115
1379501748,114,6,120
1405373035,114,0,114
1477806830,114,9,123
1499268588,114,10,124
1660285950,114,11,125
1874038260,114,3,117
2318110123,114,4,118
2351094276,114,5,119
2405084872,114,5,119
2468062698,114,0,114
2494567016,114,8,122
2579934596,114,4,118
2610573108,114,17,131
2635376577,114,1,115
2655358698,114,4,118
2808624986,114,4,118
2884603973,114,1,115
2918607348,114,3,117
2966724502,114,7,121
2982584417,114,4,118
3086902329,114,5,119
3097410927,114,3,117
3103723512,114,6,120
3237146698,114,4,118
3245724865,114,7,121
3299958235,114,6,120
3663579675,114,13,127
3762035549,114,1,115
4364376673,114,3,117
4865218797,114,2,116
4884052625,114,6,120
4909948916,114,12,126
4911361640,114,7,121
703826648987086848,114,7,121
704461995643375617,114,9,123
725754324597522432,114,0,114
734207554167922688,114,65,179
735235693614505985,114,4,118
736939703140634625,114,4,118
739260580448505856,114,10,124
740496881541906432,114,3,117
742880371688099840,114,5,119
758497895733661698,114,1,115
760593627403857920,114,3,117
785124326588555266,114,1,115
794603925810905089,114,0,114
16386126,113,5,118
16503982,113,5,118
18358474,113,0,113
21071385,113,3,116
25033441,113,1,114
25722965,113,3,116
32475937,113,3,116
38258259,113,0,113
38351186,113,4,117
41680263,113,1,114
54460294,113,1,114
55252238,113,2,115
56713264,113,5,118
328572979,113,4,117
330017179,113,1,114
332171835,113,0,113
377083503,113,15,128
381311273,113,4,117
478032703,113,0,113
561614650,113,5,118
731710176,113,7,120
865352042,113,6,119
1076570982,113,3,116
1263002017,113,2,115
1276320870,113,1,114
1650177931,113,13,126
1726098164,113,2,115
2179012138,113,3,116
2305994220,113,4,117
2386773551,113,3,116
2391736411,113,14,127
2604272648,113,21,134
2935135128,113,1,114
2972991719,113,2,115
2975510359,113,2,115
3010591014,113,0,113
3086540090,113,0,113
3112240127,113,11,124
3114654839,113,1,114
3147932060,113,6,119
3400737969,113,3,116
3403937658,113,4,117
3681966139,113,3,116
3698526497,113,3,116
3860848522,113,1,114
3951148839,113,3,116
3958215027,113,7,120
4748579370,113,0,113
4770359295,113,0,113
4826677880,113,101,214
701713885599023104,113,3,116
711240496379727874,113,0,113
735166924686909440,113,1,114
753391718863470592,113,0,113
754695799607595009,113,7,120
757385454949851136,113,1,114
759722267408338946,113,3,116
765254816469618689,113,0,113
769183564105707520,113,4,117
772779209357942784,113,1,114
785124994120617984,113,4,117
794545707181101056,113,1,114
16982413,112,10,122
28864862,112,1,113
31435069,112,9,121
38226099,112,3,115
50122805,112,0,112
51640040,112,14,126
73390283,112,0,112
80137363,112,6,118
85078503,112,4,116
89949423,112,2,114
101386226,112,0,112
112183891,112,8,120
194285805,112,10,122
232341555,112,0,112
265082142,112,145,257
315124926,112,2,114
334582819,112,8,120
373730900,112,9,121
389919115,112,1,113
435525229,112,7,119
445714821,112,5,117
470524840,112,2,114
503324991,112,8,120
603610204,112,1,113
608705985,112,8,120
998412954,112,0,112
1072786698,112,0,112
1144155792,112,6,118
1282220160,112,12,124
1539718424,112,2,114
1545926258,112,3,115
1597288196,112,1,113
2213157290,112,3,115
2323002990,112,5,117
2827240709,112,11,123
2902247287,112,0,112
2994714359,112,3,115
3051725225,112,0,112
3066795690,112,1,113
3303408419,112,0,112
3317439242,112,1,113
3536963279,112,16,128
3685247237,112,11,123
4107027087,112,5,117
4329338188,112,10,122
4836143874,112,5,117
4871955465,112,5,117
710103426865225728,112,7,119
728733298373988352,112,6,118
731195365408407552,112,53,165
740630733681659904,112,2,114
749355276638228485,112,1,113
753354933479567361,112,3,115
767429872344002560,112,0,112
779337133744009216,112,4,116
783992865257099264,112,1,113
785526025455300608,112,1,113
786214597124501505,112,2,114
15946464,111,8,119
17838484,111,6,117
20002807,111,6,117
20926282,111,8,119
21599354,111,1,112
23994631,111,0,111
29008860,111,5,116
29352697,111,0,111
42330661,111,4,115
44002861,111,4,115
47138714,111,1,112
69013390,111,2,113
74468291,111,0,111
88051747,111,0,111
182929115,111,0,111
212376833,111,0,111
215175308,111,0,111
227469180,111,2,113
252708695,111,3,114
271733366,111,1,112
272103568,111,3,114
274025057,111,0,111
296475465,111,2,113
388077359,111,5,116
410076442,111,11,122
413312369,111,6,117
525979046,111,0,111
553643100,111,0,111
561310591,111,3,114
734021574,111,2,113
855644246,111,0,111
884202938,111,9,120
1281940632,111,2,113
1360202497,111,5,116
1608213596,111,2,113
2340774583,111,0,111
2416870339,111,10,121
2538160118,111,0,111
2546998402,111,0,111
2553941234,111,11,122
2840188581,111,3,114
2876290544,111,2,113
2983205608,111,5,116
3127709774,111,3,114
3198944890,111,0,111
3239000834,111,7,118
3302893621,111,6,117
3395130700,111,10,121
3430464335,111,86,197
3441982393,111,2,113
3954667873,111,3,114
4158758146,111,3,114
4339881197,111,2,113
4675472413,111,0,111
4809047802,111,2,113
4886317907,111,5,116
4922500107,111,2,113
4925539041,111,0,111
705908642483077120,111,2,113
707744593719074817,111,8,119
712345632753762305,111,11,122
713173219801501702,111,3,114
713562122915946496,111,11,122
714123468833480707,111,2,113
715657454042816512,111,0,111
741267332316553216,111,3,114
750949331889430528,111,6,117
767086725768310784,111,2,113
778704756428595200,111,5,116
778952146117165056,111,10,121
785906855121817600,111,0,111
796026107598278656,111,0,111
15161367,110,12,122
16572515,110,3,113
19048952,110,4,114
23552403,110,0,110
24841259,110,4,114
28053705,110,0,110
33191848,110,7,117
49606484,110,3,113
54665647,110,1,111
58466926,110,5,115
94892409,110,0,110
98595881,110,1,111
100797624,110,3,113
103082080,110,7,117
176123550,110,2,112
191156581,110,8,118
208505016,110,4,114
234126951,110,2,112
237689989,110,0,110
291482799,110,3,113
293010495,110,4,114
299875937,110,10,120
316810001,110,1,111
352665664,110,4,114
395073368,110,5,115
489377342,110,1,111
522757263,110,4,114
532547274,110,3,113
590211920,110,0,110
1084734852,110,1,111
1090909014,110,0,110
1129528310,110,2,112
1225907048,110,4,114
1323712302,110,5,115
1345070202,110,14,124
1355433163,110,0,110
1372016096,110,2,112
1710236952,110,0,110
2151441167,110,1,111
2214847005,110,2,112
2312352920,110,1,111
2331065239,110,3,113
2360257718,110,5,115
2550649962,110,8,118
2691309440,110,8,118
2729894420,110,4,114
2892639557,110,3,113
2997560407,110,3,113
3078928994,110,2,112
3105723744,110,5,115
3288237638,110,3,113
3325079173,110,3,113
3400552306,110,4,114
3464860760,110,4,114
3707671576,110,11,121
4686776250,110,2,112
4836715811,110,3,113
700503713547313153,110,1,111
705550362900430849,110,10,120
710224592950833153,110,6,116
713061530892427265,110,8,118
713547114240950273,110,13,123
713698829535674370,110,10,120
722037938561904641,110,2,112
722523127306174466,110,1,111
728659422247981056,110,0,110
731686742080802816,110,2,112
738916673311281152,110,0,110
743890271516033024,110,1,111
749682113599987713,110,8,118
759045882981388290,110,13,123
788934526005149696,110,2,112
790990019208945665,110,1,111
16210388,109,2,111
19845077,109,0,109
25338407,109,12,121
26686224,109,6,115
27471854,109,7,116
27665506,109,9,118
65371363,109,2,111
72169850,109,6,115
105226269,109,0,109
109693423,109,0,109
124789225,109,2,111
143088640,109,5,114
165684245,109,6,115
177703395,109,2,111
187215601,109,1,110
228073841,109,1,110
232314623,109,2,111
274896986,109,2,111
331153137,109,0,109
334288260,109,9,118
335499722,109,0,109
384586467,109,11,120
443838701,109,3,112
502304239,109,4,113
567911598,109,6,115
597056859,109,0,109
619520469,109,5,114
711815714,109,2,111
768042374,109,3,112
896601648,109,6,115
911133390,109,11,120
927549306,109,2,111
1046019332,109,4,113
1421960875,109,2,111
1528799186,109,7,116
1558202438,109,1,110
1656966026,109,5,114
1889049655,109,7,116
1942353900,109,5,114
2368624716,109,1,110
2440527318,109,1,110
2440585071,109,6,115
2457085861,109,6,115
2478940417,109,6,115
2537219875,109,0,109
2565791769,109,3,112
2830642691,109,3,112
2869581248,109,2,111
2935113300,109,6,115
2961574276,109,46,155
2980215107,109,1,110
3029027123,109,1,110
3179169763,109,9,118
3197462131,109,1,110
3218997211,109,14,123
3279901310,109,8,117
3371210360,109,4,113
3420732972,109,9,118
3502283836,109,1,110
4320809783,109,3,112
4464465437,109,16,125
4553524817,109,0,109
4731347430,109,4,113
4813107140,109,3,112
4874672487,109,5,114
704183237015375872,109,2,111
706442661972934656,109,4,113
708474903649918976,109,5,114
711019979504807936,109,7,116
713462145376133120,109,4,113
723497246470205440,109,2,111
730770144394280962,109,0,109
731264289579798528,109,28,137
738803960811655168,109,5,114
751404119651475456,109,29,138
755435026678972416,109,0,109
782598329242791936,109,3,112
784936985685209088,109,11,120
785270768456216576,109,2,111
21565264,108,8,116
22222353,108,10,118
24688850,108,0,108
28273116,108,23,131
52624631,108,7,115
72717549,108,6,114
73163090,108,11,119
145797004,108,1,109
151633598,108,3,111
175859679,108,1,109
181787944,108,1,109
198656998,108,0,108
238873872,108,17,125
278902654,108,0,108
287434334,108,3,111
333631672,108,4,112
351149827,108,12,120
356402377,108,1,109
366959409,108,4,112
531620458,108,11,119
540106220,108,3,111
541086423,108,5,113
564146741,108,0,108
573111311,108,3,111
587782307,108,2,110
599675249,108,1,109
600865128,108,10,118
616546922,108,1,109
621419621,108,69,177
851540730,108,6,114
912583795,108,25,133
930871482,108,9,117
961196275,108,0,108
1018781305,108,0,108
1255621518,108,2,110
1375717166,108,44,152
1449729692,108,2,110
1639741434,108,9,117
1966597219,108,5,113
2275927727,108,13,121
2307395533,108,3,111
2386894920,108,3,111
2432567097,108,0,108
2513780629,108,0,108
2545283606,108,3,111
2598353443,108,4,112
2752192451,108,3,111
3056169579,108,5,113
3067320818,108,7,115
3145398759,108,6,114
3252868549,108,4,112
3529564162,108,6,114
3666862457,108,1,109
3909746429,108,1,109
4489874659,108,0,108
4720378829,108,1,109
4852434473,108,8,116
4853583291,108,9,117
699118980515016704,108,3,111
703104758765084674,108,2,110
704009067245645826,108,0,108
712441389649256448,108,1,109
713348948040265728,108,0,108
719307983856001029,108,0,108
723203388444401664,108,0,108
735462639996899328,108,2,110
744896693162770433,108,1,109
745968445716635649,108,0,108
749656780494475264,108,7,115
751220615378501632,108,3,111
760658746305548288,108,0,108
777138125743108097,108,8,116
784588568551419904,108,3,111
786319145000402944,108,0,108
794892349138608128,108,2,110
6733412,107,1,108
9334552,107,2,109
16290495,107,9,116
23816574,107,5,112
26792503,107,6,113
30974710,107,4,111
40220359,107,0,107
47162570,107,3,110
48799761,107,3,110
53710141,107,1,108
55823024,107,0,107
67935352,107,3,110
112614146,107,11,118
115604209,107,3,110
177182882,107,5,112
191662607,107,4,111
213187842,107,1,108
217765262,107,10,117
240367875,107,0,107
251791929,107,0,107
314602586,107,1,108
321910185,107,1,108
366676572,107,3,110
380058452,107,0,107
383863452,107,8,115
491990457,107,1,108
517967040,107,6,113
590173575,107,4,111
618351675,107,3,110
728588534,107,1,108
761380526,107,8,115
784943635,107,0,107
874694190,107,5,112
876642224,107,12,119
1169438480,107,3,110
1515314017,107,0,107
1555331312,107,4,111
1584301560,107,1,108
1592453774,107,7,114
1719384486,107,6,113
1734157562,107,0,107
1936659020,107,1,108
2194548046,107,0,107
2246898978,107,2,109
2289955818,107,7,114
2302175430,107,4,111
2342258809,107,0,107
2352300690,107,0,107
2361304821,107,5,112
2429289774,107,1,108
2457099590,107,0,107
2494013124,107,16,123
2651777845,107,99,206
2741546409,107,4,111
2749368641,107,4,111
2796707943,107,0,107
2820491088,107,8,115
2852879686,107,1,108
3021101578,107,6,113
3025921727,107,9,116
3192040780,107,2,109
3309509312,107,3,110
3310027153,107,2,109
3769910301,107,3,110
4079572813,107,2,109
4271306840,107,8,115
4495515442,107,5,112
4632597974,107,5,112
704003885850095616,107,7,114
705396930285740033,107,0,107
709137759991152640,107,1,108
728673391738159104,107,2,109
739222299379961856,107,2,109
744710017450835972,107,5,112
755475906823618560,107,0,107
760226993145253888,107,0,107
764983961374162946,107,2,109
768393635360563200,107,5,112
777995265269653504,107,4,111
783480283983073280,107,9,116
785214199110639616,107,0,107
785485473703526401,107,2,109
785942977138917376,107,2,109
788756843615039488,107,9,116
14529420,106,3,109
18743710,106,2,108
20084570,106,6,112
21736198,106,27,133
22270993,106,3,109
24009233,106,0,106
28401740,106,0,106
35784576,106,14,120
41014243,106,0,106
41677388,106,0,106
44697368,106,0,106
91472402,106,1,107
102469079,106,2,108
123171022,106,18,124
129235890,106,4,110
133371829,106,2,108
188887072,106,6,112
247000146,106,0,106
260916963,106,4,110
280705761,106,0,106
286479483,106,11,117
319776853,106,7,113
325244346,106,3,109
332364015,106,2,108
334389274,106,3,109
358929266,106,2,108
410399203,106,3,109
415974150,106,7,113
448590097,106,0,106
451272899,106,2,108
505062730,106,1,107
522482557,106,1,107
537829851,106,0,106
598390719,106,6,112
598581143,106,5,111
605851056,106,3,109
745425522,106,6,112
823449859,106,1,107
867239624,106,1,107
932637253,106,7,113
1074165290,106,2,108
1138178221,106,8,114
1219144500,106,14,120
1409453064,106,4,110
1476144667,106,7,113
1493375472,106,1,107
1499087472,106,2,108
1629828379,106,0,106
1911713234,106,0,106
1931086572,106,14,120
2249458766,106,7,113
2289920960,106,0,106
2293139616,106,1,107
2364112074,106,3,109
2417860333,106,0,106
2472087571,106,1,107
2710041828,106,3,109
2745564101,106,7,113
2826216461,106,2,108
2987929881,106,2,108
3073394951,106,0,106
3083086600,106,1,107
3260529926,106,6,112
3368911870,106,2,108
3407847574,106,10,116
3458314408,106,10,116
3672940045,106,22,128
3740513716,106,2,108
702185395404955649,106,3,109
705424886718558208,106,2,108
707780828940673024,106,1,107
710591386647539713,106,5,111
722522551331774464,106,2,108
723852612257361921,106,10,116
732873175768305665,106,7,113
752722556789067776,106,5,111
756257489520173056,106,4,110
756588205974036480,106,5,111
789109372299448320,106,11,117
793337247730954240,106,2,108
19849347,105,3,108
23345913,105,10,115
28461146,105,8,113
30402086,105,2,107
31386551,105,5,110
35261177,105,3,108
41193355,105,1,106
46252606,105,0,105
59298851,105,1,106
61877849,105,3,108
64433966,105,3,108
65921447,105,7,112
67485325,105,4,109
67899097,105,121,226
72042051,105,0,105
80392182,105,6,111
81179015,105,3,108
93510282,105,5,110
98156850,105,9,114
103091394,105,0,105
108385758,105,6,111
113182685,105,0,105
127013088,105,1,106
148291255,105,14,119
175144654,105,4,109
188681444,105,3,108
192692803,105,3,108
196871565,105,16,121
247432690,105,0,105
261255813,105,2,107
261716009,105,0,105
277347677,105,0,105
282355995,105,10,115
332859680,105,7,112
362857078,105,2,107
388902255,105,0,105
423168448,105,5,110
523782755,105,4,109
570127050,105,5,110
801603578,105,10,115
832886564,105,8,113
864632048,105,1,106
906628928,105,5,110
971674884,105,4,109
996286567,105,7,112
1067560092,105,7,112
1235661325,105,1,106
1268570407,105,6,111
1325848574,105,2,107
1486042717,105,2,107
1550823476,105,3,108
2233874224,105,4,109
2261723742,105,2,107
2266690897,105,0,105
2282563584,105,3,108
2379003705,105,1,106
2516924637,105,0,105
2538087896,105,0,105
2683471818,105,4,109
2720895981,105,0,105
2762288549,105,15,120
2869644949,105,5,110
2893688811,105,0,105
2969074864,105,3,108
3177606807,105,0,105
3190229619,105,0,105
3249321125,105,5,110
3381642802,105,5,110
3387878543,105,7,112
3426598513,105,4,109
3892584794,105,2,107
4423888229,105,0,105
4504249515,105,1,106
4885097979,105,14,119
4914539795,105,1,106
702544945903611904,105,4,109
703051515095678978,105,7,112
703584859269296130,105,11,116
704672129686638592,105,6,111
713057500459716608,105,1,106
722413282066214912,105,6,111
733421930712162306,105,3,108
754485975896592384,105,1,106
759106585947963392,105,2,107
771941533054541824,105,0,105
775481235518918656,105,1,106
780990436580155393,105,4,109
783463065777909761,105,1,106
16997504,104,5,109
17495913,104,192,296
17532775,104,0,104
17677016,104,1,105
18538801,104,2,106
21175362,104,1,105
21363770,104,0,104
21471958,104,5,109
27800134,104,0,104
31257946,104,3,107
33409429,104,4,108
40968275,104,4,108
45272842,104,5,109
48797682,104,0,104
54884378,104,1,105
68803674,104,6,110
74590093,104,2,106
86726621,104,7,111
90657526,104,2,106
155394343,104,4,108
171145213,104,1,105
247558666,104,26,130
258081766,104,4,108
260126662,104,10,114
270630789,104,6,110
285502242,104,14,118
340500300,104,3,107
340934794,104,1,105
345613749,104,5,109
358440442,104,6,110
425580734,104,24,128
436928552,104,2,106
482481059,104,0,104
612129565,104,15,119
627542462,104,0,104
708479918,104,2,106
749828096,104,4,108
794762479,104,0,104
797116675,104,1,105
805241216,104,11,115
823149192,104,2,106
859899805,104,0,104
894415938,104,1,105
902596597,104,11,115
906855901,104,3,107
930566035,104,4,108
1034417863,104,1,105
1094197688,104,5,109
1121475834,104,1,105
1126189962,104,3,107
1139957616,104,0,104
1166754726,104,2,106
1216651544,104,18,122
1272709926,104,3,107
1339871419,104,1,105
1381035156,104,2,106
1382864352,104,5,109
1406560290,104,1,105
1459282344,104,5,109
1599700260,104,7,111
1935871722,104,2,106
1962873763,104,4,108
2182657752,104,3,107
2253860190,104,4,108
2265133784,104,8,112
2531172553,104,6,110
2751618611,104,1,105
2781010250,104,0,104
2790274672,104,8,112
2868136206,104,2,106
2881583811,104,1,105
2977381687,104,4,108
3008740306,104,0,104
3106992594,104,0,104
3178383200,104,0,104
3360388514,104,5,109
3424978835,104,1,105
3775134742,104,12,116
4040671152,104,0,104
4048025355,104,0,104
4247419580,104,5,109
4567748772,104,0,104
4918463580,104,4,108
699348340484386816,104,2,106
704028193766772736,104,2,106
705965094933557248,104,1,105
708448943412109312,104,3,107
709479371380097024,104,3,107
719604604204400644,104,1,105
719719996453163008,104,2,106
722050493443371008,104,5,109
725787181084594177,104,10,114
727994011194109952,104,9,113
730056968237371398,104,1,105
734956413143769088,104,2,106
736014848635633664,104,4,108
736769348275208192,104,2,106
748253412064636928,104,5,109
750831076830883840,104,0,104
753751576632627200,104,7,111
758076211171987457,104,7,111
758835425939030020,104,6,110
765337693408468992,104,1,105
771795931637379072,104,2,106
777491168640790529,104,2,106
782584702414839809,104,2,106
786433572777304064,104,1,105
786859643842666496,104,1,105
14444944,103,1,104
20218885,103,4,107
34758299,103,1,104
40465350,103,0,103
48047188,103,6,109
69987913,103,2,105
75877232,103,14,117
76064527,103,5,108
88799435,103,3,106
92991685,103,1,104
111735130,103,1,104
143992230,103,8,111
149707496,103,4,107
172831033,103,9,112
199883469,103,8,111
208352822,103,6,109
211474689,103,0,103
231641765,103,6,109
237103462,103,41,144
249725869,103,0,103
265982345,103,3,106
287660375,103,0,103
310265421,103,1,104
348730590,103,0,103
349832208,103,1,104
406686940,103,11,114
413208398,103,8,111
433703539,103,3,106
438827648,103,0,103
439437130,103,0,103
467810972,103,10,113
493390391,103,5,108
533402213,103,10,113
570222385,103,7,110
700644821,103,0,103
721241231,103,9,112
740874799,103,4,107
807646010,103,3,106
880386674,103,24,127
935212483,103,4,107
993934674,103,3,106
1058275502,103,2,105
1115574980,103,2,105
1145739655,103,0,103
1356010044,103,1,104
1415594922,103,16,119
1558529222,103,7,110
2271753126,103,1,104
2293806421,103,2,105
2402871253,103,32,135
2459121330,103,8,111
2486160086,103,10,113
2491782498,103,0,103
2585573688,103,11,114
2603493397,103,0,103
2655351453,103,5,108
2660101566,103,0,103
2724302178,103,2,105
2742139077,103,3,106
2750161886,103,0,103
2862514628,103,1,104
3112166921,103,2,105
3161660191,103,16,119
3170577155,103,6,109
3188155716,103,0,103
3244962238,103,4,107
3277884470,103,8,111
3321777673,103,3,106
3352899432,103,7,110
3364450600,103,5,108
3372178235,103,2,105
3419210573,103,2,105
3438614458,103,9,112
3549920533,103,1,104
3562290140,103,18,121
3677453176,103,2,105
3746883494,103,2,105
3776062282,103,6,109
3838998731,103,1,104
4519932856,103,3,106
4624528576,103,4,107
4636720889,103,1,104
703389199139938304,103,9,112
707097541968588800,103,7,110
710140390029041664,103,3,106
712063080881111041,103,8,111
714878737381101568,103,5,108
720800661500203009,103,1,104
730141045191741440,103,3,106
731611059774070784,103,17,120
753447939033423873,103,3,106
758286427297906689,103,3,106
759063038683148288,103,10,113
772066716109139968,103,5,108
772434123289825281,103,2,105
772669129165856768,103,0,103
781916611926192128,103,2,105
784761251150692357,103,5,108
789746722624802816,103,8,111
16116764,102,0,102
18813616,102,2,104
20367466,102,18,120
21348742,102,10,112
21666240,102,3,105
23186908,102,12,114
25268310,102,8,110
48105920,102,4,106
49273832,102,2,104
53725816,102,0,102
74610516,102,3,105
94877431,102,4,106
189592755,102,2,104
211634104,102,3,105
258173948,102,0,102
260634454,102,8,110
305714265,102,2,104
314243234,102,19,121
340875095,102,4,106
372740946,102,5,107
376514554,102,3,105
396046166,102,2,104
462391467,102,5,107
489349656,102,3,105
505118761,102,7,109
523848271,102,9,111
534922330,102,3,105
538145356,102,6,108
617437197,102,2,104
637368172,102,5,107
801657973,102,9,111
821683694,102,1,103
935145523,102,1,103
952119847,102,0,102
1351385318,102,5,107
1679636449,102,6,108
2209081703,102,0,102
2305556966,102,4,106
2312152717,102,5,107
2319321097,102,10,112
2370125906,102,0,102
2444902938,102,3,105
2480827290,102,1,103
2492305665,102,0,102
2494369663,102,1,103
2664963486,102,10,112
2747597048,102,3,105
2906263767,102,6,108
3184890253,102,10,112
3307410326,102,1,103
3324428400,102,3,105
3385408715,102,1,103
3937790773,102,12,114
4104906808,102,0,102
4335525913,102,8,110
4658578094,102,2,104
4707261194,102,5,107
4820457010,102,0,102
4821457353,102,15,117
4831733671,102,4,106
4902988306,102,0,102
702566251122421760,102,0,102
702951403514236929,102,2,104
703252241050968064,102,4,106
703365581748183040,102,15,117
705142654716149760,102,6,108
709194717670608896,102,3,105
713089770600079360,102,2,104
713832622808412160,102,11,113
716688712579489792,102,6,108
725138141041057792,102,1,103
737407678499172352,102,4,106
737767088467660801,102,0,102
742095079008047105,102,1,103
752242502069948416,102,4,106
752861108369711104,102,0,102
756532502336987136,102,1,103
760853723052642304,102,17,119
761396280543350784,102,5,107
762693355285286912,102,7,109
771556994016694272,102,3,105
775432673439338497,102,11,113
798009680043851777,102,2,104
18035760,101,3,104
18102428,101,3,104
24006136,101,3,104
25895250,101,0,101
30887280,101,1,102
34630786,101,1,102
36892347,101,6,107
42751681,101,5,106
65106504,101,4,105
71985039,101,0,101
75592503,101,5,106
100270267,101,6,107
134250956,101,4,105
135766567,101,1,102
139438330,101,5,106
187746158,101,12,113
230435960,101,5,106
237750885,101,2,103
241972988,101,0,101
276190334,101,1,102
310548781,101,2,103
313530478,101,14,115
324233411,101,3,104
345644480,101,9,110
365021102,101,2,103
369602944,101,5,106
435958880,101,5,106
454515349,101,8,109
478106866,101,6,107
479205276,101,4,105
503308612,101,11,112
505505379,101,13,114
525654398,101,5,106
579254908,101,5,106
582697898,101,0,101
586688737,101,1,102
630422888,101,2,103
727285854,101,2,103
753297932,101,1,102
762318823,101,1,102
801698222,101,18,119
836346872,101,9,110
857349624,101,3,104
908546028,101,5,106
1231152901,101,0,101
1359561847,101,0,101
1470507266,101,1,102
1486104457,101,2,103
1659983832,101,0,101
1722199244,101,5,106
2381524519,101,2,103
2399405311,101,7,108
2523381109,101,6,107
2532531919,101,1,102
2615799900,101,0,101
2727258573,101,1,102
2743795300,101,1,102
2780520277,101,6,107
2798351581,101,2,103
2828483761,101,4,105
2913990099,101,0,101
3140848178,101,14,115
3242269435,101,0,101
3351788417,101,12,113
3401065107,101,0,101
3729349215,101,0,101
3766345229,101,0,101
3869638693,101,5,106
4051965973,101,0,101
4412137636,101,17,118
4465911554,101,4,105
4488301706,101,1,102
4498781714,101,8,109
4667051401,101,7,108
4674890414,101,0,101
4796151861,101,4,105
4828288743,101,0,101
4831391957,101,4,105
701270772304769024,101,11,112
702918648927641600,101,3,104
705444664506257409,101,75,176
705860846921056258,101,0,101
718056742962073601,101,9,110
723915836755304448,101,2,103
729329119742283776,101,9,110
730745675038621696,101,3,104
742592611614134272,101,0,101
745770816449609729,101,1,102
751736611260338176,101,12,113
760901703612764160,101,7,108
770249753409916928,101,2,103
792512504991625217,101,2,103
796778201943048192,101,2,103
16007872,100,2,102
19378287,100,1,101
31285772,100,0,100
40290487,100,3,103
49393865,100,4,104
49709066,100,7,107
50548118,100,7,107
50880679,100,1,101
60933564,100,3,103
70245700,100,12,112
71031988,100,1,101
89559652,100,16,116
104865001,100,152,252
106250866,100,0,100
117148452,100,3,103
127050602,100,8,108
127768904,100,0,100
167072281,100,2,102
214144805,100,0,100
226520934,100,5,105
236370429,100,4,104
237471615,100,0,100
276077716,100,0,100
301672091,100,5,105
303933058,100,6,106
339194362,100,3,103
341568813,100,5,105
343713693,100,1,101
385674425,100,4,104
387151655,100,9,109
392340964,100,2,102
412864943,100,5,105
421344061,100,1,101
421772747,100,4,104
438023498,100,1,101
466968137,100,7,107
485265056,100,3,103
542157378,100,1,101
574374558,100,4,104
599406008,100,10,110
630144453,100,0,100
806010806,100,10,110
880954753,100,21,121
1255748754,100,3,103
1478462857,100,15,115
1849848000,100,8,108
2223569262,100,2,102
2374747068,100,0,100
2387612179,100,4,104
2488999291,100,6,106
2559479456,100,3,103
2573562002,100,3,103
2817679755,100,4,104
2849529551,100,3,103
2897977700,100,6,106
3029098103,100,1,101
3090278669,100,2,102
3121151275,100,10,110
3257276071,100,1,101
3288348368,100,0,100
3452098753,100,7,107
3522115816,100,2,102
3830298194,100,3,103
4270998079,100,1,101
4321180709,100,0,100
4762909946,100,1,101
4831797602,100,0,100
703069843906400256,100,8,108
703747970756427780,100,4,104
711604246404317184,100,5,105
714966912237756416,100,3,103
720559822857486336,100,4,104
744942186978910208,100,7,107
754123512390955008,100,5,105
755103289528557568,100,8,108
759443240219049984,100,2,102
764950529776705536,100,2,102
787769704786132993,100,0,100
17163752,99,5,104
17546242,99,18,117
19799373,99,3,102
22343933,99,0,99
22857566,99,0,99
23110031,99,5,104
32058824,99,15,114
33053749,99,6,105
36730531,99,7,106
37095007,99,4,103
38950663,99,8,107
41838636,99,2,101
42630130,99,3,102
42930536,99,3,102
43610622,99,3,102
54271220,99,5,104
55263400,99,5,104
111054675,99,7,106
114572222,99,2,101
115128109,99,2,101
142088047,99,4,103
189531473,99,0,99
213520561,99,2,101
237387800,99,1,100
320488456,99,8,107
327236131,99,1,100
329189433,99,4,103
329463466,99,6,105
371184537,99,1,100
373212479,99,0,99
540194877,99,2,101
542961492,99,7,106
596844874,99,1,100
614410031,99,0,99
841058988,99,2,101
859893019,99,1,100
906998150,99,1,100
991330362,99,2,101
1225778983,99,6,105
1281620701,99,6,105
1355929668,99,4,103
1509748945,99,1,100
1541490145,99,1,100
1569282708,99,9,108
1570695726,99,0,99
2300046314,99,0,99
2389580844,99,1,100
2445287439,99,7,106
2495504202,99,2,101
2633567539,99,6,105
2652435918,99,0,99
2741389912,99,7,106
2906238876,99,6,105
2966176133,99,1,100
3003935714,99,4,103
3074371177,99,7,106
3154200820,99,1,100
3237290462,99,3,102
3243656034,99,2,101
3252404167,99,5,104
3421327821,99,5,104
3722160913,99,8,107
3885976940,99,9,108
3908662753,99,2,101
3934213452,99,5,104
4049625075,99,1,100
4063697833,99,11,110
4216956370,99,8,107
4340433312,99,4,103
4661436918,99,8,107
4713781547,99,3,102
4771593853,99,24,123
4851646786,99,7,106
704491303132798976,99,2,101
705088588166393856,99,6,105
710897266907750400,99,9,108
714957218320293888,99,6,105
727283223408029697,99,0,99
729442479611781120,99,5,104
732681446444433408,99,180,279
738460257249202178,99,7,106
743473831856181248,99,0,99
749093840846401537,99,0,99
758648276610449414,99,9,108
759806849797554176,99,1,100
772516060843151362,99,2,101
780625531515437056,99,1,100
784263578970836993,99,4,103
790903173150023680,99,2,101
799340040526696448,99,1,100
16058324,98,7,105
16722647,98,3,101
17909913,98,2,100
18098616,98,9,107
20455872,98,11,109
27656375,98,4,102
33272578,98,2,100
35491164,98,8,106
36071847,98,1,99
54538437,98,2,100
66188709,98,6,104
82530769,98,0,98
95186905,98,1,99
115722328,98,2,100
118798545,98,2,100
123640968,98,2,100
204713195,98,50,148
239760871,98,4,102
253092158,98,7,105
269903211,98,1,99
288438582,98,4,102
361975359,98,2,100
371700961,98,5,103
415552102,98,7,105
423010133,98,3,101
439608838,98,144,242
452843098,98,3,101
524863586,98,1,99
525884669,98,5,103
563118208,98,3,101
617550045,98,0,98
620698212,98,3,101
632982714,98,3,101
757663074,98,5,103
886886838,98,13,111
942226236,98,4,102
963213667,98,2,100
987234162,98,6,104
999746018,98,0,98
1031346560,98,1,99
1167510572,98,0,98
1378048946,98,5,103
1401130178,98,1,99
1658446512,98,1,99
1729065984,98,3,101
2204161495,98,5,103
2316061982,98,0,98
2619593276,98,5,103
2678517787,98,2,100
2777995764,98,1,99
2822558919,98,6,104
2853748789,98,4,102
2855475161,98,0,98
2878411998,98,3,101
2945720283,98,2,100
2967971350,98,0,98
2995400509,98,1,99
3160139748,98,2,100
3172937751,98,11,109
3229661237,98,5,103
3248164884,98,41,139
3422870493,98,4,102
3552134474,98,2,100
3663180085,98,0,98
3762850221,98,4,102
3808653920,98,3,101
4161284600,98,2,100
4284214392,98,2,100
4371599354,98,1,99
4547869279,98,8,106
4581136053,98,9,107
4624550052,98,4,102
4641362844,98,3,101
4646744832,98,8,106
4759069880,98,3,101
4770718583,98,3,101
4850713339,98,5,103
4865017525,98,2,100
705192824375869440,98,9,107
711687321008136192,98,1,99
715529301295108096,98,6,104
718933058200674304,98,0,98
726137975264825345,98,3,101
727940163209302019,98,0,98
732244744185634817,98,2,100
739930320913506305,98,4,102
742767685767946240,98,3,101
755954300107366401,98,4,102
756303686175891456,98,3,101
765620072077414400,98,3,101
784813082371588096,98,4,102
788839062564016128,98,2,100
793218545920466944,98,0,98
18385910,97,12,109
18479878,97,6,103
19021489,97,0,97
21495530,97,164,261
21979017,97,5,102
24309304,97,12,109
26278305,97,1,98
43139696,97,0,97
50141923,97,0,97
50851420,97,35,132
52190807,97,6,103
73525922,97,1,98
107742714,97,8,105
110601992,97,2,99
125304429,97,11,108
138544431,97,0,97
143288338,97,17,114
146792585,97,6,103
184059746,97,1,98
198776337,97,1,98
241776425,97,29,126
252428768,97,1,98
252884246,97,1,98
280252157,97,4,101
286922738,97,3,100
292263105,97,17,114
305202800,97,1,98
308222785,97,23,120
348661583,97,8,105
350602939,97,0,97
355267604,97,0,97
372529167,97,1,98
394796986,97,3,100
453653679,97,9,106
525821964,97,3,100
558603360,97,0,97
578679328,97,0,97
584913961,97,9,106
600152901,97,0,97
745417586,97,2,99
811543975,97,0,97
862477274,97,4,101
940534752,97,32,129
968976661,97,2,99
1031642472,97,0,97
1167939949,97,7,104
1345401492,97,10,107
1382669300,97,1,98
1478539999,97,0,97
1519530739,97,2,99
1589277116,97,7,104
1697365488,97,0,97
1710869538,97,2,99
2148257646,97,2,99
2273636460,97,2,99
2317212486,97,2,99
2343519932,97,0,97
2345690571,97,2,99
2462339132,97,2,99
2567899189,97,0,97
2582736318,97,14,111
2656250317,97,1,98
2748582465,97,5,102
2767516817,97,5,102
2829694630,97,3,100
2848666053,97,3,100
2884655300,97,0,97
2997027117,97,4,101
3063710378,97,3,100
3065328061,97,5,102
3167437949,97,13,110
3192640237,97,0,97
3313779296,97,7,104
3379125117,97,3,100
3591954738,97,1,98
3654911176,97,1,98
4194259092,97,7,104
4197484935,97,1,98
4267568067,97,1,98
4754073205,97,4,101
4755963749,97,1,98
703774605044011008,97,2,99
710572282738044928,97,3,100
712088477815447553,97,4,101
716817133494280192,97,4,101
746167144497422336,97,1,98
756830758132649984,97,1,98
759043134751813632,97,9,106
759463520090021888,97,0,97
769302909511163904,97,11,108
775037853931896832,97,2,99
775374224034783232,97,5,102
782653360847491072,97,0,97
793984839196221440,97,1,98
794750862279069696,97,2,99
795645228539674624,97,1,98
801462941203697664,97,2,99
17830132,96,10,106
17999649,96,0,96
20925446,96,5,101
30319316,96,32,128
40109601,96,2,98
45855767,96,0,96
46139600,96,6,102
54103733,96,0,96
54381400,96,1,97
63972356,96,4,100
75199068,96,3,99
93512107,96,0,96
123365617,96,6,102
180915528,96,2,98
198773585,96,11,107
240595042,96,1,97
264732561,96,4,100
278682305,96,5,101
301992377,96,1,97
304972793,96,1,97
315948500,96,3,99
336988074,96,0,96
364254317,96,2,98
373254153,96,13,109
381872904,96,6,102
409995856,96,0,96
501183240,96,3,99
527823754,96,5,101
586316187,96,0,96
605027484,96,7,103
613081818,96,1,97
617704944,96,3,99
631224927,96,3,99
885069144,96,2,98
887998063,96,3,99
933603288,96,1,97
1105381255,96,0,96
1397846538,96,3,99
1469419212,96,3,99
1486649556,96,4,100
1596234775,96,0,96
1654412989,96,2,98
1735142954,96,3,99
2223064093,96,4,100
2282930023,96,0,96
2316626342,96,0,96
2493320082,96,0,96
2715365275,96,3,99
2725335391,96,1,97
2802955694,96,6,102
2841662404,96,8,104
2857164241,96,2,98
2877335481,96,3,99
2879850911,96,1,97
2956748154,96,9,105
2975970748,96,3,99
2996343295,96,9,105
3002000970,96,1,97
3025829997,96,5,101
3190646796,96,0,96
3239288246,96,0,96
3270287954,96,0,96
3295512715,96,4,100
3316081506,96,7,103
3401976105,96,1,97
3409679008,96,1,97
3425292893,96,1,97
3561529155,96,4,100
3839070432,96,3,99
3948424413,96,5,101
3974665634,96,4,100
4206884849,96,2,98
4224003393,96,10,106
4294538172,96,2,98
701119349986193408,96,0,96
704992515582267392,96,1,97
713042264252092417,96,5,101
722119464263680000,96,6,102
734147556180164608,96,0,96
749627140887371776,96,2,98
757274353889341440,96,7,103
759741490113355777,96,8,104
763830071727493120,96,8,104
770785742834589696,96,9,105
787366288029016064,96,11,107
7910732,95,12,107
15333317,95,5,100
19195442,95,10,105
20430247,95,8,103
26210888,95,6,101
38748065,95,6,101
38902695,95,2,97
44299861,95,25,120
45057534,95,1,96
55910287,95,4,99
60164572,95,6,101
61313593,95,1,96
65455370,95,2,97
70306629,95,3,98
71686583,95,2,97
90286882,95,0,95
134706342,95,0,95
135169517,95,2,97
272483790,95,1,96
296627383,95,6,101
309205240,95,4,99
326152772,95,3,98
382219862,95,7,102
395491775,95,28,123
411079287,95,5,100
435260935,95,2,97
468956703,95,4,99
549848213,95,4,99
556208923,95,1,96
762534037,95,4,99
922390538,95,5,100
942826278,95,3,98
950976000,95,56,151
960623388,95,1,96
971721630,95,3,98
1220002566,95,0,95
1289548934,95,0,95
1290336289,95,1,96
1311102144,95,4,99
1390705843,95,2,97
1475687646,95,10,105
1598812760,95,81,176
1608716442,95,42,137
1640975034,95,3,98
1650511974,95,6,101
1857607026,95,4,99
1858303333,95,1,96
1932937592,95,55,150
2175192882,95,9,104
2179196810,95,3,98
2184428881,95,8,103
2205067058,95,7,102
2220100134,95,0,95
2225515496,95,3,98
2271813558,95,3,98
2293418102,95,2,97
2335458098,95,4,99
2388688117,95,1,96
2540556841,95,1,96
2691301089,95,0,95
2931202575,95,2,97
2978514083,95,3,98
3034874616,95,7,102
3059253901,95,2,97
3071765029,95,3,98
3185626787,95,18,113
3221270464,95,8,103
3224997436,95,5,100
3296322847,95,0,95
3308267474,95,2,97
3413240373,95,2,97
3883205654,95,2,97
3935792619,95,0,95
3962548574,95,5,100
4010756772,95,4,99
4032512903,95,2,97
4351416912,95,8,103
4705591369,95,3,98
4821118661,95,4,99
4892318567,95,3,98
701928621854760961,95,1,96
702661184474886144,95,12,107
703642055579344897,95,3,98
705773574817079297,95,6,101
705952419117551616,95,4,99
707334661316345860,95,10,105
709046708571738112,95,1,96
709083399462330368,95,2,97
712310602585280512,95,3,98
712425547977125888,95,5,100
716745243719131137,95,2,97
719523626886774785,95,0,95
728605346810433537,95,2,97
731181280319115264,95,6,101
733042809192603649,95,3,98
748309553142456320,95,2,97
775155856677765121,95,1,96
781138432747798528,95,0,95
784620075596779520,95,1,96
788916621981036544,95,4,99
17941940,94,4,98
21862142,94,1,95
21958144,94,1,95
23074025,94,5,99
28817025,94,1,95
35447112,94,0,94
59378275,94,1,95
62014141,94,2,96
77187046,94,2,96
88458875,94,0,94
108532283,94,8,102
119902357,94,10,104
181984719,94,0,94
206900656,94,5,99
259514625,94,1,95
302346471,94,0,94
317590343,94,0,94
328659153,94,3,97
328939917,94,6,100
356360343,94,3,97
369267183,94,2,96
372924469,94,9,103
391342377,94,1,95
530825491,94,5,99
715268232,94,4,98
732746185,94,2,96
734016631,94,0,94
782752682,94,10,104
805905864,94,9,103
809840586,94,0,94
818358278,94,4,98
845948940,94,8,102
849342841,94,26,120
862537256,94,0,94
882784867,94,3,97
922121521,94,1,95
1018957536,94,3,97
1273081254,94,2,96
1308675822,94,5,99
1338279498,94,1,95
1406751253,94,0,94
1464666841,94,0,94
1510787130,94,28,122
1564272986,94,3,97
1675606380,94,1,95
2169327943,94,0,94
2349224041,94,1,95
2414168274,94,0,94
2426038254,94,3,97
2562869406,94,0,94
2656461090,94,0,94
2730372033,94,5,99
2806253876,94,2,96
2903985766,94,3,97
2926466197,94,0,94
3095458611,94,3,97
3219615138,94,10,104
3225075195,94,1,95
3237617343,94,3,97
3244432807,94,1,95
3251143177,94,0,94
3353553238,94,0,94
3430288594,94,13,107
3514479436,94,0,94
3514793478,94,6,100
3604141517,94,8,102
3884130733,94,1,95
3903277581,94,1,95
3951725801,94,5,99
3956041642,94,1,95
3964410253,94,9,103
4075120754,94,4,98
4105901787,94,0,94
4283417893,94,5,99
4615489102,94,0,94
4686112616,94,4,98
4810512147,94,3,97
4810747934,94,2,96
4848049753,94,0,94
4903822932,94,7,101
700943694619234304,94,1,95
703140816827523074,94,0,94
703722166819405824,94,0,94
704113504739930112,94,1,95
704812869393768450,94,5,99
705921327752806401,94,4,98
711185225187917824,94,0,94
714538042229305344,94,47,141
719276718771412992,94,1,95
741841606521847808,94,6,100
742424902456594432,94,2,96
754773365571801090,94,2,96
755707584896720897,94,0,94
765366985651843072,94,2,96
780807602489794560,94,4,98
782439353645576192,94,5,99
785241712952119296,94,2,96
763224,93,2,95
15692642,93,7,100
16829397,93,84,177
23678096,93,6,99
24368748,93,4,97
25473099,93,3,96
25722977,93,0,93
25832979,93,4,97
25924436,93,2,95
26639309,93,2,95
29237747,93,0,93
37238438,93,2,95
41964104,93,1,94
47792401,93,3,96
64418768,93,1,94
64592409,93,0,93
64595461,93,17,110
68319975,93,14,107
68658717,93,2,95
81046321,93,1,94
85905940,93,11,104
91655528,93,1,94
99750748,93,1,94
100366853,93,3,96
101805057,93,4,97
110035909,93,2,95
136063974,93,1,94
137697907,93,2,95
138294860,93,5,98
171919007,93,57,150
199659804,93,3,96
205644304,93,2,95
246138563,93,0,93
258329760,93,4,97
333060072,93,1,94
338120667,93,0,93
346947239,93,3,96
395887291,93,3,96
426369194,93,15,108
486205523,93,10,103
498482410,93,0,93
515818683,93,5,98
524772306,93,0,93
719188219,93,4,97
778885008,93,1,94
800582840,93,10,103
881181396,93,1,94
919289756,93,2,95
946600968,93,4,97
1120579568,93,0,93
1216957902,93,7,100
1291664504,93,2,95
1429546334,93,10,103
1436131861,93,1,94
1486347446,93,3,96
1559025151,93,4,97
1630361768,93,1,94
1735167780,93,2,95
1883797237,93,0,93
2192010002,93,4,97
2213641194,93,1,94
2288707378,93,6,99
2300776969,93,2,95
2368987620,93,0,93
2477618912,93,5,98
2639967816,93,2,95
2738491026,93,10,103
2748031264,93,1,94
2798085656,93,11,104
2882445910,93,1,94
2958943328,93,10,103
3017783978,93,0,93
3258342944,93,0,93
3290719405,93,9,102
3311629271,93,0,93
3361092591,93,0,93
3407790472,93,2,95
3874620613,93,0,93
3886653026,93,7,100
3951094214,93,2,95
4064555969,93,1,94
4428464052,93,0,93
4633579642,93,1,94
4836199246,93,6,99
4871096265,93,1,94
705583838328541184,93,3,96
710247867600887808,93,15,108
713781393684369408,93,0,93
713789589261930496,93,6,99
720971401964822529,93,2,95
731565109420625920,93,1,94
739099664553791488,93,0,93
751076987524026368,93,2,95
754720098393272320,93,9,102
755508643462782976,93,3,96
756865850804674560,93,9,102
759140886638792704,93,2,95
760646317102145536,93,0,93
762730789956161536,93,5,98
765936388797820928,93,1,94
775322714185674757,93,24,117
776985371938652160,93,2,95
785531751368105984,93,3,96
796040559928320000,93,0,93
13516822,92,0,92
14658301,92,2,94
20831584,92,9,101
20850076,92,2,94
21351342,92,6,98
22936237,92,14,106
23657401,92,0,92
49152138,92,6,98
68192805,92,2,94
75081190,92,3,95
79207258,92,8,100
95670177,92,5,97
96073708,92,13,105
104595364,92,7,99
109958364,92,1,93
124290595,92,5,97
126440204,92,11,103
158453150,92,1,93
159637267,92,2,94
168242807,92,1,93
177487728,92,4,96
183049175,92,3,95
185425059,92,10,102
211757224,92,0,92
223782598,92,7,99
247456877,92,1,93
260979286,92,4,96
271793430,92,4,96
297719462,92,0,92
339574363,92,0,92
389188265,92,4,96
413894910,92,3,95
418867782,92,9,101
443292333,92,5,97
459612537,92,13,105
488543818,92,7,99
497732221,92,2,94
520192904,92,0,92
521754789,92,5,97
532603860,92,0,92
562180371,92,4,96
585186034,92,1,93
627592987,92,2,94
808582266,92,1,93
847910245,92,1,93
892285796,92,7,99
904689290,92,6,98
1190619092,92,2,94
1255849243,92,2,94
1343300730,92,4,96
1358290958,92,12,104
1393625407,92,4,96
1403325440,92,3,95
1653709356,92,1,93
1850508044,92,8,100
1909314529,92,1,93
2187356456,92,2,94
2243530995,92,4,96
2264668826,92,1,93
2364714027,92,0,92
2401319821,92,2,94
2494734018,92,2,94
2561092394,92,25,117
2590343798,92,6,98
2614171604,92,0,92
2674630925,92,3,95
2812314881,92,10,102
2859241221,92,10,102
2876016699,92,5,97
2919190364,92,2,94
2926286928,92,0,92
3045306721,92,2,94
3167885128,92,1,93
3294322245,92,1,93
3340871699,92,4,96
3354292601,92,2,94
3411514941,92,2,94
3431958999,92,8,100
3456003073,92,3,95
3488135300,92,1,93
3519318315,92,0,92
3652909394,92,2,94
4049743339,92,9,101
4063178898,92,6,98
4219318899,92,2,94
4269989536,92,9,101
4627221853,92,1,93
4644269833,92,2,94
4766245542,92,10,102
4819660233,92,1,93
703274801138302976,92,7,99
705080019492601857,92,4,96
709739041395085313,92,0,92
710402708302245888,92,4,96
713408458473639936,92,10,102
714235834463981568,92,6,98
721944295943639040,92,0,92
737429665585856512,92,11,103
738736280624844800,92,2,94
741190491195248642,92,2,94
741813115197657089,92,0,92
749345710517071872,92,5,97
754101310153117696,92,5,97
758497054419259393,92,0,92
762882227067756544,92,0,92
766719223745896448,92,4,96
780609796596649984,92,1,93
787679971280117760,92,3,95
788232467358507008,92,2,94
15936981,91,1,92
16156293,91,0,91
19264136,91,7,98
21327035,91,8,99
24388970,91,4,95
25446957,91,2,93
32687089,91,8,99
33930479,91,5,96
41300398,91,7,98
41825643,91,7,98
50745484,91,2,93
60348415,91,0,91
63430346,91,2,93
67595149,91,7,98
91555542,91,1,92
92601375,91,5,96
122409033,91,4,95
127444457,91,1,92
159230211,91,14,105
219736461,91,1,92
266489668,91,0,91
277733163,91,4,95
365485609,91,0,91
374789783,91,11,102
388105873,91,5,96
430118889,91,5,96
496929918,91,10,101
515600734,91,1,92
529628253,91,1,92
531209621,91,4,95
533444481,91,11,102
540405511,91,3,94
605561513,91,0,91
606555644,91,3,94
631690133,91,2,93
745332559,91,57,148
869027407,91,3,94
882993138,91,0,91
898524019,91,3,94
1078645262,91,3,94
1146579649,91,1,92
1184296500,91,33,124
1184632957,91,4,95
1264866582,91,18,109
1345631064,91,3,94
1509803635,91,5,96
1596757705,91,2,93
1613964126,91,3,94
1851322364,91,1,92
1904874517,91,2,93
2148084866,91,2,93
2204552464,91,6,97
2218836026,91,125,216
2228859032,91,3,94
2244468372,91,2,93
2252682360,91,1,92
2284380554,91,1,92
2302413002,91,1,92
2303877416,91,0,91
2346093998,91,0,91
2389326866,91,7,98
2409228848,91,5,96
2411488136,91,3,94
2496361238,91,6,97
2590884252,91,5,96
2593693367,91,1,92
2644889794,91,1,92
2673478141,91,0,91
2713104409,91,1,92
2753835684,91,1,92
2769701894,91,10,101
2782566225,91,1,92
2929278969,91,2,93
2996632113,91,0,91
3044391574,91,2,93
3065986461,91,7,98
3142081493,91,6,97
3195351175,91,6,97
3288114332,91,5,96
3309880826,91,7,98
3321838098,91,1,92
3344738026,91,3,94
3385781962,91,11,102
3442299555,91,1,92
3494440892,91,3,94
3819351567,91,8,99
3885469758,91,7,98
3892526116,91,2,93
3950625196,91,5,96
3951370763,91,7,98
4001837776,91,3,94
4019044937,91,4,95
4085042654,91,8,99
4105765714,91,11,102
4139076737,91,3,94
4559558295,91,3,94
4644729202,91,0,91
4852013265,91,4,95
4874929885,91,11,102
4908724512,91,78,169
701511379052843008,91,3,94
703320943469445120,91,5,96
706186209949712384,91,5,96
707627657182244864,91,2,93
709424262604570624,91,3,94
711474191808106496,91,2,93
712380750377590784,91,0,91
713224463869829120,91,1,92
714927256473350144,91,4,95
726533301796765696,91,2,93
731274479003959296,91,5,96
737348402367844353,91,3,94
740913875453906944,91,0,91
745569479346757632,91,1,92
751121366112411649,91,2,93
753740319292809217,91,7,98
759451831529373697,91,5,96
760128364950724608,91,0,91
760931331127779328,91,1,92
761796509411053568,91,1,92
763056377187237888,91,0,91
765447018030346244,91,5,96
766852606442504192,91,1,92
774757798026485760,91,1,92
775575339259027456,91,3,94
787470026412400641,91,0,91
794312891184939008,91,0,91
797579313541324800,91,0,91
7831282,90,0,90
14753886,90,21,111
15333188,90,4,94
18929234,90,2,92
19747572,90,1,91
24626122,90,9,99
24898961,90,7,97
31045732,90,4,94
31694460,90,2,92
38435019,90,5,95
38519201,90,52,142
43485094,90,6,96
44290258,90,11,101
67345281,90,1,91
69436228,90,8,98
75376052,90,2,92
102774350,90,1,91
104402641,90,2,92
146060152,90,19,109
173831487,90,1,91
212369811,90,1,91
261477831,90,3,93
264289747,90,1,91
271129162,90,0,90
271315071,90,1,91
320629837,90,3,93
331001568,90,0,90
350215876,90,1,91
395462175,90,3,93
521298763,90,3,93
533381999,90,0,90
559628052,90,3,93
624319087,90,5,95
624850881,90,13,103
710562530,90,13,103
716277183,90,1,91
735547214,90,0,90
785524554,90,9,99
855619616,90,0,90
856946910,90,2,92
876506509,90,5,95
885733891,90,1,91
898635746,90,3,93
904498346,90,0,90
1038132061,90,0,90
1226385872,90,0,90
1226550030,90,2,92
1276542402,90,3,93
1283398712,90,1,91
1378275530,90,0,90
1440616824,90,3,93
2265392563,90,1,91
2357772179,90,5,95
2375792442,90,0,90
2477028826,90,3,93
2676550971,90,2,92
2718184811,90,32,122
2771588954,90,11,101
2893768217,90,3,93
2905249815,90,2,92
2917461077,90,0,90
2924547282,90,2,92
2987740753,90,5,95
3015642023,90,1,91
3042356250,90,2,92
3071995464,90,1,91
3231170470,90,1,91
3275238667,90,0,90
3380533895,90,3,93
3694455437,90,0,90
4029836772,90,1,91
4408612355,90,10,100
4542164494,90,1,91
4703256050,90,1,91
4778739981,90,10,100
4832370263,90,2,92
4840412901,90,3,93
4905243038,90,4,94
703182743564189697,90,1,91
705362883945697280,90,2,92
705710387581181952,90,2,92
706805494908743680,90,2,92
707649421341827073,90,2,92
711218804815110144,90,11,101
711902195914899456,90,2,92
714251785183977472,90,9,99
717293167708545024,90,7,97
735147297856757765,90,3,93
735542911132110849,90,4,94
745729425703067649,90,3,93
747084291910287360,90,0,90
747957353107042305,90,5,95
755792328762257409,90,16,106
757479552738332672,90,3,93
759886365311905793,90,1,91
761302640068325376,90,6,96
762514444966506498,90,1,91
763718045227507712,90,5,95
765746439733514240,90,0,90
773685820926652416,90,2,92
775114926536790016,90,0,90
778381941666000897,90,0,90
780096605252751360,90,1,91
784041086033489920,90,0,90
784804622821130240,90,0,90
786224810271600640,90,2,92
788031656275824641,90,2,92
790707147436920832,90,4,94
16000837,89,2,91
17087547,89,7,96
17609723,89,5,94
19796574,89,3,92
20538442,89,10,99
24230906,89,0,89
25779224,89,1,90
28239343,89,6,95
30856797,89,1,90
30957908,89,1,90
36952586,89,1,90
36959190,89,2,91
45683197,89,0,89
46798619,89,2,91
48310513,89,2,91
48967891,89,56,145
49470271,89,10,99
63300614,89,3,92
69685617,89,1,90
89300184,89,2,91
118853650,89,2,91
120877403,89,165,254
124147970,89,2,91
127296243,89,0,89
131129676,89,3,92
136266766,89,4,93
176853382,89,2,91
200301533,89,5,94
221890258,89,4,93
253848000,89,2,91
263379775,89,6,95
318061556,89,4,93
327819706,89,0,89
341615511,89,3,92
349145960,89,0,89
454513795,89,11,100
476190715,89,2,91
545510456,89,3,92
552019190,89,3,92
589375768,89,7,96
593892397,89,2,91
633441834,89,13,102
772500008,89,7,96
844320090,89,0,89
845690522,89,13,102
872210570,89,2,91
893728862,89,2,91
959827207,89,2,91
1096465837,89,4,93
1292006972,89,3,92
1351283654,89,2,91
1450257787,89,19,108
1591785884,89,2,91
1655334710,89,1,90
1727028631,89,0,89
1917803892,89,6,95
2335728060,89,1,90
2366419128,89,6,95
2377739384,89,0,89
2381651778,89,7,96
2437501976,89,1,90
2465418073,89,1,90
2557035000,89,61,150
2649139831,89,3,92
2652471428,89,0,89
2677167336,89,3,92
2713636094,89,6,95
2737390543,89,6,95
2893307777,89,0,89
2916108169,89,6,95
2920055126,89,39,128
2940254315,89,11,100
3070489297,89,3,92
3134818324,89,11,100
3227904778,89,2,91
3244234613,89,0,89
3272284375,89,13,102
3311840432,89,6,95
3389073989,89,10,99
3410955731,89,24,113
3418506028,89,2,91
3420842591,89,1,90
3545938995,89,6,95
4006064986,89,97,186
4264195704,89,20,109
4460771554,89,2,91
4496497823,89,7,96
4710256600,89,2,91
4745717725,89,1,90
4766281718,89,9,98
4769536303,89,4,93
4821135339,89,2,91
4902369955,89,9,98
701846710381891584,89,1,90
702874160528121856,89,14,103
704026660367147009,89,6,95
705040756965294080,89,1,90
706154504941600768,89,0,89
710795420331544576,89,2,91
713136017092423680,89,2,91
714578682413654016,89,2,91
715246897389174784,89,0,89
715474256889384960,89,5,94
722481256512901120,89,1,90
727473307281321989,89,0,89
728391450098999300,89,8,97
741082703030714371,89,2,91
741996562969165824,89,4,93
746561425653506049,89,10,99
752868826757423105,89,8,97
753707771267342337,89,0,89
760859230819774465,89,0,89
763432739303415813,89,4,93
786381272352382981,89,2,91
2953201,88,4,92
7809282,88,4,92
14495675,88,1,89
19574947,88,3,91
19793392,88,3,91
20256635,88,1,89
21040762,88,3,91
22669086,88,4,92
22911429,88,2,90
27368525,88,11,99
27541864,88,0,88
36139682,88,2,90
36831201,88,4,92
37787301,88,3,91
47841147,88,6,94
48530795,88,4,92
50479452,88,2,90
76708540,88,4,92
102824312,88,33,121
146456142,88,9,97
164310086,88,0,88
175850071,88,1,89
180141039,88,9,97
273542042,88,7,95
278163796,88,1,89
280073590,88,1,89
293267862,88,9,97
307314831,88,3,91
310569635,88,8,96
312477483,88,3,91
318721919,88,9,97
340528245,88,5,93
365574202,88,0,88
374549560,88,4,92
376504227,88,3,91
383585095,88,3,91
408474577,88,1,89
408949404,88,2,90
427817181,88,1,89
457820209,88,3,91
529591144,88,1,89
531346772,88,9,97
531586866,88,1,89
532438266,88,1,89
562063761,88,3,91
580997146,88,4,92
598779452,88,3,91
620311526,88,4,92
851974080,88,6,94
896667511,88,2,90
930449774,88,4,92
1048722518,88,5,93
1232348810,88,12,100
1251475249,88,0,88
1251672655,88,8,96
1365107749,88,5,93
1380483060,88,3,91
1512598062,88,0,88
1544329148,88,4,92
1567913060,88,3,91
1587237776,88,3,91
1925034110,88,2,90
2165642942,88,4,92
2203413370,88,0,88
2281297118,88,3,91
2293810932,88,13,101
2361604001,88,8,96
2472980210,88,4,92
2535287900,88,4,92
2587294457,88,0,88
2761947805,88,0,88
2921914308,88,5,93
2976865088,88,0,88
2991501380,88,2,90
3032765653,88,2,90
3073073633,88,0,88
3118537148,88,1,89
3233901170,88,0,88
3240776916,88,7,95
3303974312,88,1,89
3310100744,88,1,89
3315383190,88,1,89
3417991931,88,0,88
3429103498,88,1,89
3433022621,88,5,93
3763644089,88,9,97
4240994892,88,1,89
4444524389,88,0,88
4775556688,88,4,92
4858727007,88,3,91
703286544854097921,88,4,92
704847650663723008,88,1,89
706887538263203840,88,0,88
708661995441152000,88,0,88
710510054051545089,88,3,91
711338816582324224,88,2,90
740663242683523073,88,13,101
741024606186704896,88,6,94
742789443803877376,88,1,89
756419374089515008,88,1,89
758313715695427585,88,5,93
759927300465065984,88,0,88
760090602981629952,88,6,94
760770167982948352,88,0,88
762333984416206848,88,0,88
764726619877548032,88,8,96
780569798463791105,88,8,96
784531500926722052,88,1,89
787423878498885632,88,0,88
791630627229560832,88,2,90
798216212618551296,88,0,88
1366631,87,1,88
12728742,87,0,87
14549541,87,2,89
15972765,87,2,89
17923971,87,2,89
20068159,87,3,90
22822556,87,49,136
24935003,87,5,92
30877995,87,0,87
30984837,87,0,87
37128382,87,3,90
37267814,87,4,91
38300539,87,8,95
42892912,87,0,87
50151086,87,19,106
55845533,87,6,93
57154074,87,4,91
59282416,87,1,88
60331413,87,3,90
87961743,87,1,88
107306194,87,0,87
112873910,87,1,88
114971136,87,5,92
143115107,87,150,237
188215961,87,3,90
206335804,87,2,89
217415964,87,2,89
224226061,87,0,87
237442866,87,0,87
256394243,87,1,88
274341323,87,0,87
310083612,87,5,92
326441040,87,5,92
345451967,87,7,94
372018326,87,1,88
378680491,87,0,87
458697809,87,2,89
467691650,87,8,95
477165356,87,4,91
496256847,87,1,88
511525987,87,1,88
521458643,87,1,88
591023295,87,8,95
635275400,87,3,90
721092824,87,1,88
732139172,87,1,88
785564280,87,5,92
792995616,87,0,87
808105915,87,4,91
844038266,87,0,87
890236020,87,5,92
927071516,87,9,96
960565147,87,7,94
1003088839,87,6,93
1028986664,87,3,90
1069185114,87,8,95
1222594118,87,1,88
1288958298,87,3,90
1311194118,87,1,88
1425742548,87,2,89
1638742382,87,10,97
1644555289,87,2,89
2176547557,87,0,87
2186599788,87,1,88
2280896059,87,3,90
2372095194,87,8,95
2405316296,87,4,91
2510362008,87,7,94
2567913765,87,6,93
2573941194,87,7,94
2574001358,87,4,91
2674565779,87,0,87
2812189554,87,0,87
2846587578,87,4,91
2923910956,87,4,91
3043931737,87,4,91
3054358184,87,3,90
3064002562,87,1,88
3110461544,87,72,159
3153694671,87,4,91
3173651177,87,2,89
3231865460,87,2,89
3245507829,87,2,89
3261123452,87,1,88
3273479480,87,1,88
3303763184,87,0,87
3308398352,87,4,91
3331772585,87,0,87
3345779998,87,2,89
3413870405,87,20,107
3723723982,87,11,98
4077382761,87,0,87
4102497614,87,1,88
4165642155,87,2,89
4213819287,87,9,96
4724109715,87,2,89
4851800139,87,5,92
4886708955,87,4,91
703310547329159168,87,0,87
704060092065423361,87,304,391
706541040556220416,87,2,89
706675973735862272,87,5,92
711193702019047424,87,1,88
712905185778135042,87,0,87
714614269032198144,87,1,88
717627639159128064,87,1,88
719669024678805504,87,3,90
729195775943565313,87,3,90
730163626326298624,87,1,88
733144739034210304,87,13,100
740769666277183488,87,5,92
742057349217681409,87,4,91
751960157236523009,87,2,89
754760616351567872,87,2,89
758471919842635776,87,1,88
759412990915379200,87,3,90
760182695552950276,87,2,89
767896496612134912,87,1,88
768253801018961920,87,1,88
770590351484604417,87,2,89
770907634832596992,87,5,92
780174211830587393,87,4,91
787289434261626882,87,1,88
787438313854476288,87,4,91
788831920452882432,87,1,88
791796448958541824,87,0,87
792492171182039040,87,5,92
16459239,86,0,86
16632562,86,4,90
17166994,86,0,86
19929319,86,1,87
29893075,86,9,95
32495636,86,7,93
35330270,86,0,86
37334399,86,3,89
38066483,86,0,86
45914269,86,0,86
62687507,86,0,86
70528636,86,0,86
72426152,86,3,89
87032917,86,4,90
101823726,86,5,91
102566224,86,0,86
104872121,86,6,92
107161788,86,24,110
113243806,86,380,466
117510407,86,8,94
146449043,86,71,157
154350597,86,4,90
158064102,86,5,91
167924087,86,2,88
192477899,86,0,86
200163987,86,7,93
210275927,86,7,93
226228068,86,0,86
232695989,86,1,87
246155011,86,0,86
248349283,86,2,88
252239596,86,2,88
286374555,86,2,88
298034527,86,11,97
315469915,86,12,98
320046256,86,0,86
370922010,86,0,86
371251860,86,0,86
386368292,86,5,91
427697302,86,0,86
437895198,86,1,87
464682020,86,0,86
466521178,86,8,94
470298741,86,2,88
563301375,86,8,94
572851790,86,2,88
757345172,86,6,92
777015972,86,3,89
864147860,86,8,94
864516210,86,1,87
874740812,86,4,90
902890508,86,6,92
954780644,86,1,87
1118183168,86,3,89
1327886762,86,1,87
1371239952,86,2,88
1441113806,86,1,87
1564167697,86,11,97
1855792645,86,0,86
1861357040,86,2,88
1928226751,86,4,90
2161484816,86,6,92
2169629337,86,6,92
2239063122,86,1,87
2242421732,86,2,88
2264826464,86,2,88
2277613550,86,4,90
2282665776,86,0,86
2300551194,86,1,87
2519345506,86,2,88
2736920960,86,0,86
2763491716,86,8,94
2770753891,86,0,86
2892439622,86,6,92
3112061737,86,2,88
3218954806,86,2,88
3247780708,86,3,89
3289304232,86,0,86
3290729322,86,4,90
3294397968,86,5,91
3940815679,86,1,87
4056983819,86,5,91
4151364672,86,0,86
4236726047,86,2,88
4252685236,86,2,88
4286980636,86,0,86
4294742414,86,2,88
4457241553,86,0,86
4753746219,86,0,86
4795838413,86,7,93
4817119207,86,5,91
4853799239,86,6,92
4853820677,86,2,88
4868300675,86,3,89
4921629861,86,5,91
703268281038168064,86,14,100
706089998676721668,86,2,88
709821204132143104,86,2,88
713316839045074944,86,0,86
714114690989694976,86,4,90
738972833204822016,86,3,89
743251927970910208,86,3,89
751050199871676416,86,2,88
761165416479744000,86,4,90
773881713843904512,86,2,88
776612367966756864,86,4,90
781195479052800001,86,7,93
792073876641570817,86,41,127
797250295122235393,86,7,93
14654652,85,0,85
15701001,85,4,89
18039599,85,7,92
21368516,85,15,100
23326606,85,2,87
24817294,85,3,88
25360591,85,2,87
26019382,85,4,89
26903885,85,7,92
29230247,85,0,85
30795495,85,3,88
32964917,85,1,86
34993057,85,3,88
39040394,85,6,91
39674993,85,6,91
42910675,85,8,93
44595784,85,1,86
47643487,85,2,87
49255420,85,4,89
51898230,85,2,87
52558848,85,4,89
53421449,85,2,87
54226583,85,1,86
63872521,85,0,85
66190201,85,0,85
69152326,85,1,86
73678167,85,2,87
74644440,85,61,146
78094182,85,14,99
92771077,85,7,92
116370038,85,3,88
117598897,85,3,88
122236527,85,2,87
143959357,85,0,85
234824731,85,2,87
245076551,85,0,85
260426187,85,3,88
261226885,85,1,86
300524931,85,1,86
327462143,85,3,88
328440716,85,3,88
331667528,85,8,93
384289847,85,4,89
388330222,85,1,86
405962141,85,4,89
411754148,85,29,114
420678292,85,6,91
494111781,85,1,86
495602226,85,202,287
524609349,85,4,89
539684179,85,7,92
636112202,85,4,89
789390830,85,3,88
803401159,85,2,87
860735617,85,3,88
871747932,85,1,86
937639507,85,5,90
1223685223,85,5,90
1226500387,85,2,87
1415153274,85,3,88
1415550662,85,2,87
1475534856,85,8,93
1528650636,85,1,86
1695069192,85,0,85
1865674987,85,7,92
1947872114,85,0,85
2170465848,85,0,85
2250704618,85,2,87
2281093466,85,2,87
2374775708,85,1,86
2385887136,85,1,86
2386053847,85,2,87
2416254386,85,4,89
2583355837,85,4,89
2686561322,85,2,87
2858138061,85,3,88
2866195917,85,2,87
2928790449,85,0,85
2979735249,85,5,90
3020891608,85,6,91
3122506345,85,3,88
3127778953,85,0,85
3220067984,85,1,86
3282722508,85,1,86
3293378033,85,6,91
3347737518,85,2,87
3368077079,85,2,87
3390424043,85,16,101
3410891445,85,3,88
3438900346,85,1,86
3865080203,85,0,85
3950598676,85,2,87
4222775595,85,3,88
4335205588,85,3,88
4460500221,85,2,87
4530555202,85,3,88
4893792232,85,1,86
702934116220559360,85,4,89
706115712675348480,85,1,86
706201099968061440,85,7,92
706577077898756096,85,1,86
707771806480924672,85,2,87
712323988815536128,85,0,85
715582132819664896,85,2,87
715968040425250816,85,0,85
717719872428515328,85,0,85
717862238565101568,85,3,88
724237308250185728,85,7,92
725755206978383873,85,2,87
726343509687545856,85,0,85
731750697302032385,85,2,87
734899644241608704,85,0,85
740991899591450624,85,6,91
747884643081400324,85,0,85
748607012188078081,85,4,89
751204406197153792,85,11,96
751814461690900480,85,3,88
755382158764769281,85,1,86
755936030142849024,85,1,86
758694916268564481,85,2,87
777020965754515456,85,3,88
785879161109786624,85,0,85
793707496724627456,85,0,85
7712832,84,1,85
19323241,84,2,86
20200651,84,7,91
23942930,84,6,90
28852919,84,1,85
31718463,84,32,116
49179096,84,11,95
50174923,84,0,84
53698155,84,2,86
55418201,84,1,85
63179613,84,2,86
65679618,84,10,94
74783171,84,0,84
111124426,84,0,84
127941629,84,0,84
177723828,84,6,90
187995023,84,4,88
191195321,84,2,86
211369803,84,2,86
229944601,84,1,85
250531880,84,2,86
304206656,84,0,84
339738108,84,5,89
342481882,84,0,84
358956687,84,1,85
361692505,84,3,87
373150494,84,8,92
475056290,84,20,104
503486713,84,15,99
519611939,84,1,85
701094366,84,4,88
745591364,84,1,85
771989142,84,1,85
816756721,84,4,88
839200800,84,4,88
901903482,84,3,87
957591234,84,2,86
976664240,84,2,86
1001065706,84,0,84
1036526562,84,1,85
1112144912,84,5,89
1170134670,84,0,84
1199122891,84,3,87
1218866012,84,2,86
1285069740,84,7,91
1455214891,84,1,85
1478981750,84,0,84
1602242072,84,5,89
2157054487,84,8,92
2295168505,84,0,84
2438996330,84,2,86
2545826231,84,9,93
2555646577,84,5,89
2558019780,84,2,86
2589358177,84,0,84
2719556213,84,0,84
2769922481,84,3,87
2787893192,84,0,84
2803623931,84,5,89
2826490595,84,0,84
2827295889,84,3,87
2842388038,84,9,93
2914076951,84,0,84
3020675709,84,2,86
3038687906,84,0,84
3165440711,84,6,90
3172925338,84,0,84
3194487422,84,6,90
3222839432,84,5,89
3246330818,84,0,84
3249111559,84,2,86
3273399217,84,4,88
3307092292,84,4,88
3432880557,84,7,91
3492861317,84,6,90
3700623209,84,2,86
3782421975,84,7,91
3820392735,84,3,87
4012653147,84,3,87
4076935702,84,4,88
4176001696,84,1,85
4228386516,84,3,87
4255740974,84,88,172
4268052921,84,8,92
4544037017,84,1,85
4761324133,84,3,87
4786132700,84,6,90
4827690788,84,0,84
4835694429,84,8,92
4861841438,84,2,86
4875515259,84,1,85
4888338626,84,8,92
4891291658,84,0,84
4899519554,84,3,87
4900112050,84,1,85
701934511500689409,84,1,85
701950741100027904,84,8,92
702322102859386880,84,4,88
704394092592037889,84,3,87
710286335853137920,84,0,84
719273408438083586,84,2,86
731234772354236417,84,4,88
736124406553010176,84,4,88
741260901806903296,84,0,84
741357583408238592,84,1,85
742394632659689472,84,0,84
749606105244807169,84,2,86
751482508798103553,84,5,89
758777767596920832,84,3,87
759190258726662145,84,11,95
759821043909353472,84,0,84
784821159795621888,84,0,84
785473931000053760,84,2,86
792382844731437056,84,0,84
12996812,83,7,90
16135462,83,3,86
16892534,83,213,296
17354200,83,1,84
19552528,83,8,91
25006277,83,0,83
25741722,83,3,86
25892622,83,4,87
29409786,83,9,92
37247707,83,0,83
37398878,83,9,92
45935663,83,1,84
49136127,83,0,83
58846111,83,2,85
66704315,83,6,89
77238350,83,0,83
96444573,83,3,86
107794703,83,0,83
126009130,83,8,91
150340773,83,0,83
175174041,83,1,84
176238611,83,1,84
185977718,83,2,85
196607761,83,4,87
199585426,83,3,86
220796564,83,0,83
224760049,83,2,85
271871753,83,5,88
275450877,83,9,92
297483708,83,1,84
410468961,83,0,83
426200440,83,1,84
522570126,83,3,86
525750541,83,9,92
535638545,83,0,83
539313405,83,2,85
570567264,83,6,89
581807809,83,0,83
582439372,83,7,90
712936263,83,0,83
713697990,83,1,84
718831710,83,2,85
720730377,83,0,83
724971283,83,1,84
728799704,83,12,95
835666784,83,3,86
846664664,83,6,89
916968602,83,1,84
932795072,83,0,83
971641597,83,5,88
990260346,83,8,91
1016863820,83,0,83
1113171272,83,0,83
1167448458,83,1,84
1330791132,83,2,85
1397421727,83,50,133
1428794820,83,6,89
1436790152,83,1,84
1557605966,83,6,89
1564158097,83,4,87
1600881572,83,1,84
1631580986,83,2,85
1655291706,83,2,85
1689921702,83,0,83
1918875846,83,0,83
2193523407,83,3,86
2207787422,83,2,85
2290924114,83,1,84
2317689248,83,0,83
2347630178,83,5,88
2460269506,83,6,89
2689096890,83,1,84
2781277987,83,2,85
2795205690,83,2,85
2903918642,83,2,85
3021494324,83,0,83
3068102708,83,0,83
3075298197,83,0,83
3192771663,83,4,87
3192795723,83,34,117
3281671453,83,0,83
3309130765,83,4,87
3437817059,83,0,83
3452957836,83,2,85
3521395697,83,13,96
3932948237,83,1,84
4113886933,83,3,86
4521230002,83,8,91
4569118009,83,8,91
4744550834,83,2,85
4905645177,83,5,88
701259623894921217,83,4,87
703789363763793920,83,10,93
704032336086568960,83,7,90
706176697440276480,83,1,84
709104113217212416,83,1,84
714573819906760705,83,0,83
715028636018024449,83,18,101
715276501650776064,83,9,92
715595731562672129,83,2,85
730063905997869057,83,3,86
738371277484740608,83,14,97
743647778207784961,83,6,89
745541136094093312,83,7,90
745758374613098496,83,0,83
757288600639774720,83,0,83
758492577482043392,83,0,83
760101677378568193,83,2,85
775018367010746368,83,1,84
783879003861946369,83,0,83
786628460374556672,83,2,85
788184689576071169,83,0,83
794707137129840640,83,0,83
777510,82,2,84
17004786,82,2,84
18365494,82,1,83
21006516,82,7,89
27901877,82,5,87
28505662,82,0,82
31025367,82,4,86
42525672,82,4,86
57785129,82,1,83
66054233,82,3,85
66911145,82,2,84
67295944,82,1,83
67815972,82,2,84
73381015,82,0,82
89277004,82,0,82
91917842,82,2,84
109991420,82,0,82
110421556,82,6,88
141914172,82,0,82
147756074,82,14,96
150422835,82,1,83
162554426,82,2,84
185506586,82,6,88
208022075,82,0,82
209103227,82,9,91
213288963,82,3,85
238726677,82,3,85
247403299,82,3,85
248467487,82,0,82
311797486,82,0,82
338522469,82,1,83
339218732,82,4,86
339831428,82,8,90
360959712,82,3,85
386874585,82,4,86
391609413,82,5,87
424321046,82,3,85
431781032,82,5,87
464235324,82,8,90
466114522,82,6,88
543483455,82,2,84
545377339,82,3,85
558182738,82,0,82
569589460,82,6,88
581379553,82,6,88
627053327,82,16,98
782393876,82,9,91
807995983,82,0,82
864819445,82,1,83
1106307541,82,2,84
1140676718,82,0,82
1208632380,82,2,84
1275629976,82,2,84
1335947582,82,5,87
1475788920,82,5,87
1484196626,82,2,84
1692466376,82,6,88
1887375954,82,77,159
1898016314,82,1,83
1913711058,82,2,84
2196976356,82,1,83
2263130047,82,2,84
2323179422,82,2,84
2370998150,82,0,82
2375154235,82,1,83
2380488122,82,0,82
2541410725,82,1,83
2547022171,82,0,82
2561992290,82,0,82
2686651847,82,10,92
2786285535,82,1,83
2866075717,82,4,86
2881169894,82,2,84
2888565960,82,1,83
2915879950,82,2,84
2988115822,82,0,82
3015370299,82,11,93
3053728471,82,3,85
3130698886,82,0,82
3168211556,82,0,82
3221038951,82,1,83
3266427631,82,14,96
3281910150,82,3,85
3373632069,82,0,82
3425335935,82,0,82
3430768786,82,1,83
3886999640,82,1,83
4082884154,82,5,87
4088305392,82,0,82
4725400273,82,3,85
4795542327,82,0,82
4798077396,82,5,87
4824678747,82,2,84
4844167179,82,15,97
4848582303,82,7,89
702038489253158912,82,6,88
704048063061606401,82,2,84
708697173689413632,82,6,88
710616972178759680,82,62,144
710906066599415808,82,1,83
713111873785303040,82,2,84
713386746856255488,82,0,82
721430054518067200,82,0,82
725126867301326848,82,1,83
737577403799601153,82,1,83
741811154062737409,82,11,93
745813593321418752,82,7,89
749958546004054017,82,4,86
753255861439520768,82,0,82
753727262634246145,82,5,87
757999026436440064,82,2,84
763376117428301824,82,43,125
766004646494277632,82,5,87
782416801464479744,82,0,82
15701061,81,2,83
16090807,81,5,86
18949073,81,2,83
22555241,81,4,85
27114485,81,3,84
27695678,81,5,86
32730324,81,3,84
40103823,81,0,81
43834885,81,7,88
48354257,81,12,93
49431141,81,6,87
49645946,81,0,81
51228028,81,3,84
54771958,81,0,81
74309360,81,2,83
82541664,81,0,81
86854235,81,0,81
96070428,81,18,99
127114548,81,2,83
127499705,81,24,105
147247726,81,2,83
184460759,81,2,83
198276191,81,2,83
221034430,81,2,83
229491643,81,4,85
230051759,81,0,81
231843348,81,7,88
231883124,81,1,82
233996695,81,1,82
244740698,81,8,89
260980202,81,0,81
294204427,81,0,81
304425139,81,0,81
316102811,81,14,95
330491855,81,9,90
336145241,81,10,91
372573513,81,12,93
373708975,81,0,81
378255485,81,1,82
402985469,81,3,84
403715681,81,3,84
425170236,81,2,83
430292287,81,1,82
430952981,81,3,84
467792402,81,2,83
474242346,81,1,82
489555721,81,2,83
495088339,81,8,89
531270061,81,1,82
542476553,81,0,81
545640062,81,1,82
546194861,81,2,83
632448453,81,3,84
748477502,81,8,89
766273862,81,3,84
791841379,81,6,87
796600105,81,5,86
851072629,81,2,83
862440084,81,2,83
889761942,81,5,86
908876389,81,1,82
1059040274,81,4,85
1128454070,81,1,82
1235373914,81,1,82
1280643612,81,1,82
1482563324,81,0,81
1493326255,81,0,81
1596074678,81,12,93
1712243070,81,1,82
1852558106,81,6,87
1909890530,81,7,88
1910116862,81,2,83
1973301416,81,7,88
2164876369,81,14,95
2216240963,81,0,81
2276677269,81,1,82
2368731773,81,7,88
2459871223,81,7,88
2493487567,81,2,83
2790529607,81,0,81
2840062227,81,0,81
2967626975,81,5,86
3008918613,81,7,88
3015178005,81,2,83
3062299954,81,0,81
3072203914,81,1,82
3077842258,81,0,81
3081768334,81,3,84
3124986791,81,5,86
3226946687,81,62,143
3231034184,81,5,86
3253571759,81,1,82
3315205819,81,4,85
3329180049,81,0,81
3487078280,81,1,82
3581847436,81,3,84
3612901152,81,2,83
3871146981,81,2,83
4068318254,81,2,83
4459914972,81,2,83
4645536691,81,6,87
4703787614,81,0,81
4744826952,81,10,91
4847583671,81,6,87
4855158280,81,0,81
703074596598120449,81,3,84
716336900332658689,81,1,82
718238996573372416,81,1,82
723625449419472896,81,0,81
725668283190534144,81,132,213
729317800825622529,81,0,81
733877763220770816,81,4,85
735621525936562176,81,6,87
740868761436094464,81,3,84
746773989792559104,81,3,84
747285264846905344,81,8,89
751272937613766657,81,0,81
753373913510318080,81,1,82
759204125229912064,81,19,100
763044974745182208,81,1,82
763179346714427393,81,2,83
772973650320367617,81,2,83
778370456046833664,81,3,84
782051425735933952,81,4,85
796899745889402880,81,1,82
18004170,80,5,85
18116676,80,4,84
18450348,80,4,84
19418408,80,18,98
23280370,80,4,84
25986794,80,14,94
28098271,80,1,81
29449202,80,3,83
30044524,80,5,85
30532868,80,3,83
32357087,80,1,81
33317759,80,0,80
33543873,80,1,81
40788228,80,68,148
42927115,80,0,80
43730555,80,2,82
51334407,80,0,80
63131815,80,18,98
66037316,80,19,99
87562484,80,4,84
88467528,80,2,82
159866162,80,0,80
167260181,80,1,81
205087718,80,0,80
208150892,80,1,81
213092432,80,8,88
273809820,80,0,80
294335977,80,2,82
297706661,80,0,80
303623301,80,1,81
309804899,80,2,82
341707005,80,0,80
366134197,80,1,81
366962199,80,1,81
400741515,80,0,80
402894432,80,2,82
411380833,80,1,81
423168084,80,4,84
438036794,80,1,81
524628170,80,4,84
565520413,80,0,80
592024023,80,3,83
636488101,80,0,80
706067882,80,2,82
730443494,80,1,81
805224049,80,14,94
830674884,80,0,80
889982376,80,0,80
924224208,80,13,93
939190178,80,9,89
948614892,80,3,83
987590311,80,4,84
1077761520,80,4,84
1179862328,80,5,85
1211999354,80,1,81
1247776566,80,3,83
1339124106,80,0,80
1369986619,80,4,84
1383107726,80,3,83
1483091274,80,0,80
1497291451,80,0,80
1595645839,80,3,83
1618641848,80,3,83
1955657004,80,8,88
2169012727,80,2,82
2186834279,80,0,80
2282350454,80,19,99
2384369214,80,4,84
2462295589,80,1,81
2510480564,80,3,83
2639302925,80,5,85
2685050778,80,1,81
2728197467,80,0,80
2863774500,80,3,83
2892916607,80,0,80
2920472945,80,3,83
2973842578,80,234,314
2975936339,80,1,81
3031259110,80,8,88
3039863378,80,1,81
3279690787,80,5,85
3293209278,80,2,82
3353061012,80,1,81
3380419365,80,1,81
3385804869,80,0,80
3391634293,80,0,80
3739727597,80,0,80
3745023675,80,4,84
3751906517,80,6,86
3893126178,80,3,83
3907367965,80,0,80
3937397053,80,4,84
3940711107,80,0,80
4040155154,80,6,86
4061705121,80,1,81
4143395536,80,2,82
4402594994,80,1,81
4465637474,80,7,87
4651829368,80,1,81
4760886682,80,2,82
4774978308,80,1,81
4827368318,80,4,84
4913322853,80,9,89
703374445403045888,80,14,94
703738807758282753,80,0,80
704257562452086784,80,22,102
706956008921407488,80,2,82
707348777129082882,80,2,82
712987134584569856,80,2,82
713375481374965760,80,4,84
717013114299015168,80,2,82
734168839735349248,80,1,81
734682019431645185,80,2,82
734978646465646592,80,3,83
737141091783282692,80,2,82
738732807594348544,80,12,92
738920480812371969,80,0,80
741073833982066688,80,2,82
748202450729975809,80,1,81
751186616736186368,80,0,80
751573433876611072,80,3,83
751930155841445888,80,2,82
761320600967254016,80,6,86
762317017131126784,80,5,85
769362415964131328,80,0,80
775147720055017473,80,0,80
777983613602304001,80,0,80
780820296794112000,80,0,80
784738349567401984,80,4,84
16476132,79,2,81
16827655,79,3,82
20482530,79,4,83
20916358,79,2,81
21421178,79,7,86
21603233,79,7,86
27945987,79,2,81
29897850,79,27,106
30992168,79,0,79
32951070,79,8,87
36349655,79,5,84
39182415,79,0,79
43157410,79,2,81
46002346,79,4,83
51864676,79,4,83
53664305,79,4,83
57551446,79,0,79
67096294,79,2,81
67293615,79,36,115
68543202,79,5,84
73018281,79,3,82
83610671,79,3,82
90522101,79,34,113
93677186,79,9,88
99095270,79,3,82
110512221,79,0,79
125359235,79,4,83
132890694,79,0,79
134338304,79,1,80
167603204,79,5,84
184246714,79,2,81
186947679,79,0,79
201721986,79,16,95
203958453,79,2,81
214803493,79,1,80
222083660,79,4,83
224684843,79,2,81
226404815,79,1,80
252852141,79,14,93
268354070,79,2,81
315222095,79,0,79
322682659,79,13,92
356379026,79,2,81
374835128,79,4,83
453507246,79,2,81
471333218,79,2,81
506854509,79,3,82
513316414,79,3,82
514507936,79,2,81
553190985,79,6,85
587028953,79,1,80
592871551,79,3,82
711267839,79,0,79
742588405,79,1,80
765953364,79,0,79
769707494,79,1,80
774577836,79,0,79
787644325,79,0,79
844824048,79,8,87
883421593,79,317,396
891633410,79,0,79
1089869552,79,0,79
1145497862,79,3,82
1206885618,79,9,88
1212020275,79,15,94
1241723072,79,1,80
1374510187,79,2,81
1411787329,79,8,87
1423821710,79,2,81
1474796768,79,0,79
1496506104,79,0,79
1529169775,79,0,79
1531238594,79,3,82
1552125739,79,20,99
1885024224,79,2,81
1887480182,79,9,88
2147799759,79,8,87
2185553479,79,2,81
2212677454,79,7,86
2344426058,79,2,81
2391162413,79,1,80
2455824056,79,5,84
2515246064,79,0,79
2530793158,79,1,80
2575751606,79,0,79
2719515935,79,0,79
2837876374,79,5,84
2920140973,79,2,81
2934686231,79,1,80
2945820771,79,3,82
3014795441,79,17,96
3103915408,79,6,85
3108141873,79,5,84
3135209733,79,10,89
3158979158,79,9,88
3243767079,79,2,81
3314041765,79,1,80
3355860853,79,7,86
3388611785,79,2,81
3411140663,79,1,80
3686695933,79,4,83
3990718648,79,1,80
4010268274,79,6,85
4179814341,79,7,86
4181636232,79,11,90
4191924684,79,0,79
4508534893,79,4,83
4745253913,79,3,82
4872131123,79,27,106
700096122262425600,79,3,82
704001287356968961,79,1,80
705466391827128321,79,10,89
705885870092455936,79,9,88
707031481064038400,79,2,81
708697738418987008,79,8,87
713492848335839232,79,3,82
718521822480875520,79,7,86
725000654893273088,79,0,79
731095327491559424,79,0,79
749054038851805184,79,6,85
752707408774828032,79,1,80
755481804652490752,79,8,87
757976461408075776,79,3,82
758429841972686848,79,1,80
760098516999999488,79,0,79
761021177368186881,79,0,79
761400129614151682,79,1,80
763127590932602880,79,2,81
764517032557735936,79,1,80
781224578890604544,79,9,88
781664961751769089,79,1,80
786799008379392000,79,4,83
15560202,78,1,79
25456537,78,3,81
25876092,78,2,80
26563525,78,4,82
29770676,78,1,79
29980783,78,2,80
31074395,78,1,79
33320422,78,1,79
33455700,78,0,78
35643145,78,4,82
40753111,78,1,79
40908168,78,5,83
42327529,78,26,104
46675144,78,9,87
49922681,78,9,87
50495265,78,4,82
52915990,78,2,80
61390117,78,2,80
67494190,78,15,93
69773015,78,3,81
75146395,78,0,78
90466734,78,0,78
116723522,78,3,81
143483210,78,2,80
159135077,78,0,78
170471798,78,4,82
183396842,78,8,86
187411778,78,6,84
187618058,78,1,79
220554452,78,2,80
232914091,78,5,83
257409731,78,4,82
257674038,78,35,113
266505722,78,0,78
298380993,78,1,79
303850691,78,0,78
308174015,78,3,81
337965688,78,0,78
349049168,78,0,78
352432945,78,1,79
354631659,78,5,83
358189965,78,0,78
425937551,78,3,81
457448375,78,4,82
478846629,78,0,78
482694137,78,5,83
496091526,78,1,79
536797297,78,4,82
537391295,78,14,92
570581424,78,3,81
577319613,78,0,78
593381402,78,3,81
601189357,78,2,80
629474074,78,2,80
630199904,78,4,82
771820890,78,2,80
853711446,78,9,87
885737311,78,5,83
920000198,78,2,80
941136523,78,0,78
963298842,78,0,78
979495020,78,6,84
988896103,78,2,80
1032891972,78,0,78
1134733550,78,2,80
1187675324,78,3,81
1318704906,78,8,86
1363394484,78,0,78
1578240678,78,16,94
1642945718,78,4,82
1691095927,78,8,86
1708881122,78,2,80
1849064881,78,5,83
1948811262,78,2,80
2181074665,78,16,94
2190365004,78,4,82
2191643175,78,0,78
2471917405,78,2,80
2556410661,78,0,78
2569143588,78,5,83
2786209473,78,7,85
2809680389,78,1,79
2949272362,78,0,78
2963406177,78,1,79
2967091725,78,0,78
2997973844,78,7,85
3007401576,78,56,134
3076875110,78,3,81
3113016928,78,5,83
3123952587,78,2,80
3149282307,78,3,81
3282515257,78,6,84
3306629815,78,11,89
3383695107,78,3,81
3413187563,78,5,83
3519034157,78,2,80
3676940660,78,9,87
3837907454,78,2,80
3903251179,78,7,85
4241601672,78,4,82
4306263074,78,5,83
4359513076,78,3,81
4424776881,78,1,79
4496408061,78,0,78
4550502502,78,5,83
4821980768,78,4,82
4828548009,78,0,78
4838753877,78,3,81
4868170265,78,2,80
705058166518771712,78,0,78
705229345745276928,78,1,79
705443404684136450,78,4,82
705577366253236224,78,7,85
706962880030232576,78,2,80
709464364776968192,78,2,80
717911401499471873,78,5,83
719913518842126336,78,6,84
722508677488324608,78,3,81
742020677507665920,78,2,80
742826933075877889,78,4,82
748319190763855872,78,3,81
753718839519617024,78,0,78
757700591237734400,78,0,78
757827869200429056,78,0,78
759889234295525376,78,5,83
760598789002584066,78,2,80
762321511000707072,78,3,81
766453507868258304,78,1,79
767489782213701634,78,0,78
773848985777954816,78,3,81
777304263940714496,78,0,78
778318997511077888,78,0,78
779391954249449472,78,2,80
785856656529686528,78,88,166
789314429796179968,78,5,83
17101183,77,5,82
17205449,77,0,77
18204604,77,9,86
24580009,77,1,78
24981766,77,0,77
25262314,77,2,79
25300825,77,3,80
26117448,77,0,77
27600105,77,4,81
28097147,77,1,78
30041119,77,0,77
31946780,77,4,81
34358816,77,9,86
38173391,77,1,78
38415042,77,0,77
38971292,77,4,81
41430555,77,2,79
48104204,77,0,77
48554454,77,3,80
49144779,77,0,77
50260259,77,5,82
61866666,77,3,80
67328417,77,3,80
76514412,77,2,79
76848978,77,39,116
79083934,77,7,84
90888044,77,8,85
104374924,77,2,79
111671624,77,11,88
167426041,77,3,80
173596456,77,3,80
178888741,77,0,77
198305999,77,2,79
205325316,77,0,77
231636856,77,4,81
247130062,77,0,77
248817158,77,43,120
249832494,77,1,78
256615738,77,1,78
259654395,77,7,84
260229730,77,31,108
277485152,77,1,78
282220986,77,8,85
287259683,77,15,92
299878544,77,0,77
304093602,77,1,78
308534014,77,3,80
344882852,77,0,77
345551240,77,2,79
345587269,77,0,77
360321873,77,1,78
367632903,77,0,77
370922828,77,1,78
390202608,77,2,79
394451363,77,0,77
399065347,77,2,79
408226159,77,0,77
422868987,77,0,77
432580296,77,1,78
448401842,77,0,77
459786151,77,1,78
496646106,77,1,78
502166388,77,0,77
524627779,77,2,79
527076279,77,1,78
604827192,77,0,77
631781675,77,5,82
748652202,77,0,77
799153915,77,0,77
812352685,77,5,82
834699973,77,3,80
885384266,77,5,82
898219136,77,2,79
898827404,77,7,84
971694829,77,0,77
1024300562,77,2,79
1195143002,77,10,87
1209181404,77,0,77
1255836218,77,2,79
1278440773,77,0,77
1289704663,77,7,84
1428230688,77,0,77
1548506839,77,4,81
1568912370,77,1,78
1572329072,77,1,78
1598973398,77,2,79
1676414203,77,1,78
1711473260,77,3,80
1713020670,77,0,77
1909809091,77,5,82
2190132720,77,1,78
2245400663,77,1,78
2348158603,77,0,77
2635046423,77,7,84
2747676402,77,2,79
2782928724,77,4,81
2869860183,77,4,81
2871435374,77,3,80
2890959404,77,2,79
2908236484,77,0,77
2925992923,77,4,81
2968146973,77,1,78
3003765995,77,9,86
3083325002,77,4,81
3163152794,77,6,83
3171590455,77,2,79
3195712757,77,1,78
3285819409,77,0,77
3295058120,77,0,77
3301818217,77,0,77
3320254862,77,4,81
3323864375,77,1,78
3325070438,77,1,78
3343462814,77,2,79
3887067679,77,1,78
3915941300,77,3,80
3968943563,77,4,81
3989262431,77,8,85
4093971808,77,2,79
4129067774,77,0,77
4171966611,77,0,77
4475730201,77,0,77
4553803392,77,4,81
4739018516,77,12,89
4857734718,77,8,85
701611563178811392,77,1,78
706357192220405760,77,2,79
711145044154122240,77,2,79
714182071548256259,77,1,78
727983860542144512,77,4,81
735321998793048064,77,3,80
741977462028926976,77,15,92
752157722464878593,77,0,77
752275609804562432,77,2,79
754501099533377536,77,2,79
755057200901398528,77,117,194
770902008735735808,77,1,78
771068153459859456,77,0,77
773353278092484612,77,0,77
785558681521758208,77,3,80
785611822304866304,77,1,78
787288979775164416,77,2,79
787684256499769344,77,2,79
791924806534836224,77,0,77
7016932,76,6,82
16470909,76,2,78
19668928,76,0,76
20782953,76,4,80
22560682,76,3,79
26801386,76,1,77
27906010,76,2,78
28943567,76,0,76
30938730,76,0,76
33068037,76,7,83
33918433,76,2,78
35569205,76,4,80
37001551,76,5,81
43917621,76,1,77
46748165,76,0,76
57197277,76,1,77
65529255,76,0,76
71387443,76,0,76
74082296,76,4,80
84611374,76,15,91
89476066,76,53,129
91549690,76,0,76
105915471,76,0,76
114711796,76,1,77
125038870,76,4,80
128620038,76,9,85
139172366,76,2,78
177092966,76,3,79
202206601,76,1,77
206302924,76,1,77
245792683,76,0,76
260941448,76,0,76
263691341,76,0,76
278255758,76,2,78
312373010,76,2,78
313038011,76,1,77
321448767,76,1,77
326830914,76,2,78
332396536,76,0,76
336246602,76,4,80
345752316,76,1,77
364723008,76,1,77
392757743,76,4,80
399145347,76,1,77
453638875,76,5,81
462335108,76,1,77
471482049,76,2,78
500154514,76,73,149
509723132,76,0,76
517717921,76,2,78
527009772,76,12,88
530829835,76,3,79
544724393,76,6,82
584292429,76,2,78
591041659,76,1,77
591524929,76,4,80
618221913,76,1,77
713914472,76,4,80
722908975,76,10,86
767820973,76,0,76
945283189,76,0,76
1032432954,76,1,77
1133241936,76,14,90
1146349951,76,0,76
1237825812,76,6,82
1357036244,76,3,79
1552389500,76,6,82
1553444053,76,6,82
1572890276,76,21,97
1585021255,76,6,82
2220579615,76,1,77
2254554986,76,0,76
2292315883,76,6,82
2340988752,76,2,78
2352402309,76,0,76
2515830905,76,1,77
2522430293,76,1,77
2559155400,76,7,83
2566245582,76,1,77
2566343044,76,0,76
2589021392,76,2,78
2690717251,76,5,81
2736720038,76,5,81
2748012813,76,0,76
2767378727,76,2,78
2790757953,76,0,76
2807852164,76,1,77
2902624960,76,0,76
2948232567,76,2,78
3018746955,76,2,78
3196630410,76,2,78
3307354975,76,2,78
3313631802,76,2,78
3335392588,76,2,78
3382135659,76,33,109
3426670696,76,1,77
3534121456,76,2,78
3572711957,76,1,77
3590589875,76,1,77
3620498773,76,4,80
3641968099,76,4,80
4181320168,76,1,77
4237561584,76,3,79
4253199675,76,0,76
4425025693,76,0,76
4448640493,76,2,78
4501690272,76,3,79
4698487423,76,6,82
4703557268,76,9,85
4787332682,76,10,86
4801111393,76,1,77
4808436291,76,1,77
4826510725,76,1,77
4869831232,76,0,76
4900421086,76,5,81
704080138791731201,76,3,79
705388292003463168,76,1,77
705506254500790278,76,1,77
707243451541225472,76,0,76
707528961169997824,76,5,81
707680772266659845,76,0,76
709270528339501057,76,7,83
713103325244227585,76,5,81
714589061650980868,76,3,79
715199308149178368,76,3,79
716796206823780353,76,4,80
728744425648689152,76,2,78
733074254866976769,76,4,80
736676509742571520,76,96,172
742514198748483589,76,4,80
742732003921911808,76,0,76
750100340595449856,76,68,144
753308488172969985,76,1,77
755972471476461568,76,4,80
756903958610907136,76,1,77
757254383079923714,76,5,81
759580347873067008,76,0,76
773657374146039808,76,0,76
774643510997770240,76,1,77
776012532767137792,76,0,76
778643483103944705,76,3,79
785491546900684800,76,0,76
786352859063259136,76,0,76
793229942301593600,76,1,77
16492765,75,7,82
18197274,75,2,77
18774342,75,8,83
25044258,75,1,76
25718382,75,1,76
26921763,75,0,75
28453911,75,2,77
29866931,75,3,78
39107307,75,10,85
40641094,75,1,76
47539247,75,1,76
49122922,75,6,81
49651439,75,3,78
52902271,75,21,96
63383902,75,2,77
65533589,75,0,75
67297220,75,1,76
80056079,75,3,78
85134720,75,5,80
102083912,75,2,77
118145645,75,4,79
125665040,75,2,77
126599757,75,1,76
126967553,75,4,79
126974076,75,0,75
127364292,75,2,77
127662446,75,1,76
150879772,75,0,75
195214392,75,1,76
199374188,75,1,76
206897400,75,1,76
221642866,75,1,76
236182540,75,8,83
246179810,75,14,89
299637641,75,1,76
301457487,75,0,75
325091255,75,0,75
326165355,75,3,78
374547405,75,11,86
378857336,75,0,75
393687467,75,0,75
397001858,75,1,76
405066164,75,1,76
436594025,75,0,75
455827744,75,13,88
462419435,75,2,77
463371329,75,0,75
482933199,75,3,78
531854855,75,3,78
628038157,75,12,87
635047898,75,4,79
709294088,75,2,77
874696423,75,1,76
875942989,75,2,77
876040219,75,3,78
879077473,75,2,77
892162063,75,1,76
966347094,75,0,75
973190720,75,0,75
1202949210,75,74,149
1206477884,75,5,80
1340408646,75,3,78
1411633885,75,4,79
1526592390,75,0,75
1536716030,75,0,75
1874099515,75,0,75
1975510315,75,0,75
2174327760,75,109,184
2217314669,75,10,85
2285091171,75,1,76
2340935540,75,1,76
2438685120,75,5,80
2471135371,75,3,78
2550993804,75,5,80
2604170598,75,1,76
2677967694,75,0,75
2680245631,75,0,75
2786996610,75,7,82
2866584083,75,1,76
2942636775,75,3,78
2950610231,75,1,76
2967468312,75,0,75
2973336557,75,1,76
2976578589,75,1,76
3051952241,75,4,79
3142954274,75,4,79
3149912727,75,8,83
3238996822,75,0,75
3239739028,75,19,94
3301847203,75,2,77
3309810318,75,0,75
3323943190,75,3,78
3477161654,75,0,75
3643333394,75,2,77
3740360061,75,0,75
4260246673,75,3,78
4417558281,75,1,76
4437482068,75,0,75
4454921664,75,51,126
4649674165,75,0,75
4719193355,75,4,79
4886114122,75,3,78
703313838586761216,75,1,76
706280029987049473,75,0,75
706368771594649604,75,2,77
709405470511869952,75,2,77
710350479163691008,75,16,91
711216755977408512,75,2,77
711362547262361604,75,0,75
713482278849146880,75,4,79
716156428289847296,75,3,78
717724339567611904,75,3,78
720361332436930560,75,0,75
724906124860899330,75,1,76
729438842512650240,75,0,75
730071313080066052,75,8,83
731945353143029760,75,4,79
746235225169006592,75,15,90
757664380695646208,75,0,75
762618894200803332,75,1,76
769981852211879938,75,3,78
770473020347604992,75,0,75
778744041580093440,75,1,76
780515566259802113,75,1,76
780574247357812737,75,3,78
782454365860859904,75,0,75
784609596426035200,75,2,77
787025549394718720,75,0,75
791000199350984704,75,0,75
792244894433677312,75,0,75
800380580042944512,75,19,94
14586497,74,5,79
16054584,74,5,79
17801749,74,8,82
18095703,74,0,74
19587302,74,0,74
20689780,74,11,85
22789952,74,0,74
22932667,74,2,76
23899355,74,2,76
25427532,74,2,76
27587056,74,2,76
28262571,74,1,75
34096346,74,4,78
35901497,74,1,75
36673331,74,0,74
41300192,74,0,74
42070490,74,1,75
45092362,74,8,82
49712948,74,2,76
50884311,74,6,80
59338587,74,8,82
64231636,74,8,82
68870186,74,1,75
70731502,74,2,76
81192266,74,7,81
84011041,74,0,74
93992192,74,1,75
94260950,74,1,75
97268787,74,4,78
111165159,74,0,74
116504222,74,183,257
124849825,74,14,88
129262829,74,5,79
149036089,74,2,76
212023751,74,3,77
215308070,74,0,74
219494355,74,0,74
235817656,74,7,81
238666005,74,21,95
245051131,74,11,85
255645890,74,3,77
273970953,74,10,84
277277972,74,3,77
282677694,74,7,81
284653473,74,6,80
304259639,74,4,78
312354655,74,1,75
314548237,74,3,77
346761373,74,0,74
365109321,74,7,81
377580778,74,1,75
382370203,74,284,358
408543148,74,5,79
417387705,74,0,74
421460415,74,0,74
448280203,74,0,74
452995365,74,3,77
460118656,74,10,84
490002677,74,1,75
493524550,74,3,77
500364973,74,2,76
521142615,74,3,77
533360947,74,1,75
582414063,74,2,76
592877327,74,0,74
700178942,74,14,88
748588237,74,5,79
782691404,74,10,84
787656782,74,3,77
799174322,74,2,76
814429434,74,9,83
885446995,74,11,85
885463688,74,9,83
906452742,74,3,77
907380948,74,1,75
982932044,74,0,74
1029007134,74,1,75
1032880944,74,3,77
1105190389,74,3,77
1149552324,74,2,76
1211368500,74,1,75
1275535940,74,1,75
1276368361,74,4,78
1363431912,74,1,75
1463292906,74,2,76
1537543237,74,0,74
1554450631,74,0,74
1723303602,74,7,81
1851673267,74,4,78
1865237108,74,2,76
1921517018,74,7,81
1938025374,74,91,165
1944440994,74,2,76
1959687049,74,1,75
2203735166,74,0,74
2217993199,74,3,77
2224592382,74,0,74
2266888952,74,1,75
2446079094,74,1,75
2453875235,74,3,77
2473048608,74,0,74
2495796175,74,0,74
2604198258,74,0,74
2605445976,74,5,79
2660080975,74,8,82
2695258633,74,6,80
2704873664,74,1,75
2742810248,74,1,75
2746715058,74,5,79
2776376446,74,6,80
2800705332,74,2,76
2803337256,74,1,75
2813738574,74,1,75
2849651386,74,0,74
2961295431,74,2,76
3103509258,74,3,77
3142744146,74,0,74
3280179187,74,2,76
3301205746,74,2,76
3317287716,74,2,76
3325083552,74,0,74
3401227875,74,0,74
3709150043,74,4,78
3881197097,74,1,75
4108548203,74,7,81
4130968888,74,8,82
4506956740,74,3,77
4656088998,74,1,75
4790580498,74,3,77
4799007915,74,5,79
4823125006,74,2,76
4848473285,74,4,78
4852136817,74,7,81
4852482556,74,8,82
703022164652511232,74,13,87
705138728440893444,74,3,77
705189196680568834,74,1,75
705406717308174336,74,1,75
706848612727328768,74,5,79
714903361242460160,74,3,77
725152240160350211,74,7,81
727497112896851968,74,4,78
729745131918626817,74,4,78
731873491755126785,74,0,74
738746968885895168,74,5,79
739313592546263040,74,0,74
742691663693381632,74,13,87
747602443836395520,74,12,86
755046612100087808,74,4,78
755056856129822724,74,3,77
765200871965728768,74,1,75
771038580349165568,74,1,75
774718101623627776,74,9,83
780635769513717760,74,0,74
786257795540590592,74,3,77
15573925,73,0,73
15722902,73,4,77
17107740,73,40,113
18489937,73,2,75
19471203,73,5,78
23197499,73,0,73
24214213,73,1,74
25186938,73,0,73
35051304,73,2,75
35497610,73,1,74
36839283,73,2,75
41762831,73,2,75
45637919,73,35,108
53902535,73,3,76
55066811,73,6,79
57529994,73,1,74
67946448,73,10,83
71030547,73,2,75
84937213,73,0,73
90280824,73,64,137
93003933,73,5,78
93935172,73,4,77
95502178,73,1,74
100600292,73,6,79
108335935,73,2,75
110165014,73,0,73
124381850,73,3,76
140087723,73,1,74
153776534,73,0,73
156745414,73,2,75
159122016,73,5,78
163505280,73,13,86
166990045,73,1,74
188505608,73,1,74
203344437,73,9,82
206816444,73,2,75
233853114,73,4,77
314827641,73,10,83
352431616,73,0,73
389648599,73,7,80
404495037,73,4,77
409384934,73,10,83
423530697,73,2,75
437237690,73,1,74
438013425,73,6,79
455264990,73,3,76
487038869,73,2,75
492602213,73,1,74
525954482,73,12,85
537070244,73,0,73
565516255,73,7,80
573239329,73,5,78
591459578,73,9,82
592730371,73,5,78
600386228,73,1,74
602403044,73,1,74
635553275,73,0,73
743923398,73,1,74
751996334,73,7,80
767522616,73,0,73
818411882,73,5,78
846937712,73,2,75
929721871,73,0,73
992218267,73,0,73
1314055652,73,4,77
1378636512,73,0,73
1460673890,73,3,76
1583413380,73,5,78
1894404925,73,1,74
1925924688,73,3,76
1939609488,73,0,73
2172236684,73,1,74
2185445828,73,4,77
2236389363,73,4,77
2315451122,73,0,73
2358802567,73,0,73
2412564816,73,6,79
2451379435,73,9,82
2464867113,73,0,73
2572097736,73,1,74
2585988889,73,0,73
2648904529,73,7,80
2684865902,73,5,78
2743792235,73,6,79
2818371775,73,1,74
2822918582,73,0,73
2882989888,73,0,73
2890103754,73,8,81
2918014430,73,3,76
2935444782,73,1,74
2966967788,73,3,76
2982913541,73,0,73
2992357336,73,6,79
3083809798,73,1,74
3201944938,73,3,76
3226122031,73,6,79
3245526060,73,13,86
3305977777,73,0,73
3310803258,73,19,92
3344290455,73,7,80
3365144177,73,3,76
3377551879,73,7,80
3383049855,73,3,76
3428071973,73,2,75
3444360494,73,2,75
3475563322,73,3,76
3538733835,73,4,77
3822031216,73,1,74
3927040813,73,2,75
3948995117,73,0,73
3950712737,73,2,75
4054001539,73,2,75
4262087414,73,5,78
4333257033,73,0,73
4344359782,73,18,91
4720640532,73,7,80
4753013373,73,1,74
4772357959,73,0,73
4804814714,73,1,74
4843096484,73,0,73
4852246347,73,1,74
701044608713695233,73,3,76
703154936083656704,73,7,80
703317142696030208,73,0,73
705435690021027841,73,6,79
717363629847396352,73,4,77
718028555234492418,73,0,73
718441456336269312,73,4,77
732729243851853824,73,1,74
733212700659093504,73,1,74
756861740059533312,73,3,76
757446816870830080,73,1,74
763961842787950592,73,18,91
767346205311524864,73,1,74
768189118014644224,73,1,74
771926219923288064,73,2,75
774784071289466880,73,5,78
783471676654747648,73,1,74
784849517246046208,73,1,74
784904516428763136,73,0,73
786629745647710208,73,0,73
787798834608865284,73,4,77
787836847162531842,73,2,75
788136984120287233,73,0,73
792538719169355776,73,0,73
794670658751864833,73,2,75
14778126,72,3,75
16478456,72,5,77
18924384,72,0,72
20198802,72,11,83
20335940,72,2,74
25842388,72,3,75
36106531,72,3,75
39364787,72,0,72
39789671,72,1,73
40173650,72,9,81
43759110,72,2,74
48862388,72,2,74
61011257,72,0,72
61834754,72,1,73
66275900,72,4,76
79574142,72,2,74
93749485,72,2,74
94522087,72,1,73
95802678,72,0,72
98016897,72,4,76
107773310,72,0,72
113137765,72,1,73
123755687,72,3,75
129248147,72,45,117
164269050,72,4,76
172147267,72,0,72
172889149,72,1,73
188807646,72,8,80
222419968,72,1,73
261109532,72,1,73
282224034,72,0,72
327126454,72,2,74
335469402,72,12,84
338560059,72,4,76
344069721,72,0,72
371286889,72,4,76
410404148,72,4,76
430089879,72,3,75
462334014,72,5,77
467658723,72,1,73
478598095,72,2,74
492389369,72,6,78
493400060,72,10,82
533370220,72,3,75
539324792,72,0,72
539530283,72,1,73
561458693,72,3,75
581650176,72,4,76
589334365,72,1,73
615217292,72,3,75
624419139,72,1,73
625799019,72,2,74
631685389,72,7,79
633948144,72,4,76
637262667,72,20,92
722521964,72,5,77
786230298,72,3,75
805092764,72,4,76
816064519,72,0,72
821904398,72,11,83
838760262,72,5,77
841253952,72,0,72
861445200,72,0,72
865598594,72,2,74
869154817,72,5,77
889801698,72,1,73
1004859236,72,4,76
1015788055,72,9,81
1016479896,72,3,75
1106581368,72,0,72
1252955449,72,3,75
1302040782,72,3,75
1317347384,72,9,81
1332568579,72,3,75
1424470393,72,4,76
1855360910,72,9,81
1945334636,72,5,77
2150975378,72,1,73
2288643823,72,2,74
2328226596,72,1,73
2423880470,72,1,73
2504923600,72,1,73
2531197737,72,0,72
2532571362,72,6,78
2634269874,72,2,74
2695107679,72,0,72
2715748228,72,5,77
2739781664,72,2,74
2773494490,72,6,78
2887220254,72,10,82
2912875425,72,0,72
2982520833,72,8,80
3015957931,72,1,73
3065685213,72,2,74
3178016298,72,5,77
3179207340,72,258,330
3233872641,72,2,74
3294568358,72,1,73
3379498318,72,2,74
3397280403,72,1,73
3433573822,72,8,80
3439455559,72,2,74
3454904177,72,0,72
3587291240,72,1,73
3635275043,72,9,81
3887918000,72,2,74
3897626072,72,4,76
4039682603,72,0,72
4091069661,72,0,72
4391525236,72,0,72
4417983448,72,3,75
4476857892,72,4,76
4492313418,72,1,73
4514050757,72,0,72
4537651278,72,10,82
4628161879,72,3,75
4699293522,72,1,73
4706912477,72,14,86
4790071401,72,5,77
4807541657,72,3,75
4818605530,72,6,78
4837902058,72,0,72
4918703726,72,0,72
702532431383908352,72,1,73
706738042564911104,72,0,72
711291909415817216,72,0,72
711627609344516096,72,1,73
712346877962772481,72,3,75
712658525504147456,72,1,73
716532841136283650,72,2,74
716743071883341824,72,1,73
724268011125805058,72,2,74
724306762203979776,72,0,72
734790230843269120,72,73,145
741013518997159937,72,13,85
742828749448564736,72,2,74
743094363354468352,72,4,76
744109050607042560,72,1,73
749350854583549952,72,0,72
757965470460882945,72,1,73
766467086172512256,72,2,74
774258795283447808,72,6,78
776173435231678464,72,0,72
781008165169143808,72,0,72
786213115788656641,72,2,74
786857757911678976,72,0,72
787012568342679552,72,4,76
5745392,71,0,71
16213558,71,4,75
17346374,71,4,75
18117404,71,0,71
19366171,71,50,121
20921478,71,5,76
22413812,71,1,72
22719661,71,1,72
25898042,71,0,71
26021608,71,7,78
26483032,71,7,78
26785949,71,75,146
28094219,71,3,74
29066807,71,4,75
29851314,71,2,73
36927988,71,134,205
37786117,71,3,74
39155108,71,7,78
40991755,71,4,75
48570311,71,0,71
53265271,71,15,86
54072491,71,2,73
61723100,71,0,71
61817138,71,1,72
66170511,71,22,93
72832357,71,1,72
86054485,71,2,73
86129686,71,1,72
91455048,71,2,73
102267124,71,2,73
105825659,71,1,72
119980244,71,19,90
131886539,71,6,77
136078032,71,2,73
141642957,71,13,84
148360487,71,2,73
170292793,71,2,73
175604092,71,25,96
185629011,71,3,74
190112127,71,0,71
199311617,71,0,71
220391543,71,1,72
225898045,71,3,74
230288360,71,0,71
233025830,71,0,71
236676449,71,2,73
238304539,71,2,73
268163719,71,1,72
276749860,71,0,71
288992418,71,3,74
315418953,71,2,73
328094399,71,0,71
347557029,71,1,72
349114009,71,4,75
354440308,71,2,73
358385326,71,1,72
378148970,71,0,71
382255869,71,0,71
385827528,71,1,72
389597124,71,2,73
389612610,71,5,76
403232136,71,6,77
415936400,71,3,74
420477633,71,0,71
429801709,71,3,74
438018341,71,4,75
442895257,71,0,71
451763907,71,1,72
463464452,71,8,79
470681955,71,22,93
472557970,71,0,71
482471798,71,6,77
536672243,71,0,71
557335202,71,3,74
577768293,71,3,74
585270808,71,2,73
610323305,71,1,72
624030989,71,0,71
728602290,71,2,73
756547218,71,0,71
784694388,71,5,76
803399418,71,5,76
829867123,71,1,72
831209202,71,7,78
832945998,71,4,75
885794358,71,0,71
915477338,71,2,73
1161817849,71,0,71
1245065683,71,3,74
1250379720,71,0,71
1352428339,71,2,73
1415740147,71,4,75
1493602183,71,0,71
1512234564,71,2,73
1629101197,71,2,73
1638585314,71,2,73
1850263747,71,3,74
1928400132,71,2,73
2159596618,71,6,77
2177959693,71,1,72
2223453550,71,3,74
2255799025,71,2,73
2316133112,71,3,74
2374710294,71,0,71
2384394751,71,0,71
2399910186,71,6,77
2436723198,71,2,73
2563237269,71,0,71
2571791431,71,1,72
2572890921,71,16,87
2583066531,71,1,72
2657176416,71,4,75
2686632686,71,46,117
2750858575,71,0,71
2777449438,71,0,71
2904621197,71,6,77
2947709045,71,2,73
2948635943,71,3,74
2954126483,71,3,74
2965246645,71,0,71
3009871927,71,2,73
3018230541,71,3,74
3097559537,71,0,71
3229908828,71,1,72
3239029664,71,5,76
3257484073,71,3,74
3289438049,71,5,76
3311054952,71,4,75
3406418453,71,1,72
3579423438,71,4,75
3731653519,71,4,75
3863806703,71,0,71
3930534682,71,2,73
4041260884,71,0,71
4149990147,71,0,71
4229255592,71,5,76
4261370535,71,6,77
4303603094,71,3,74
4678382550,71,0,71
4735643772,71,0,71
4749272904,71,7,78
4774949599,71,0,71
4821724513,71,0,71
4835777242,71,2,73
4888978529,71,1,72
702552998392627200,71,4,75
703568996851777536,71,3,74
705450685353996288,71,0,71
706891465302151168,71,3,74
713097254224150528,71,3,74
714866777155571713,71,1,72
719258590469431296,71,4,75
720544734666702848,71,6,77
722181571780952064,71,1,72
730154935090851844,71,2,73
731877450343456768,71,1,72
733673281002311682,71,2,73
733897926259314688,71,7,78
743860319357833216,71,1,72
745043754608959488,71,0,71
755044092904476672,71,2,73
760003312653512704,71,3,74
760542327630725120,71,0,71
760948799812603904,71,0,71
761601305110417408,71,2,73
763847331909283840,71,8,79
768254947167047680,71,0,71
769533635976310785,71,8,79
782743168135540736,71,8,79
783476796993867776,71,1,72
786701257754939392,71,0,71
787736881056260096,71,2,73
797237589669511168,71,0,71
5820162,70,3,73
14322840,70,0,70
14747118,70,3,73
16162836,70,0,70
18315727,70,0,70
18919170,70,1,71
19519016,70,2,72
20910380,70,1,71
21331501,70,7,77
21874225,70,10,80
23387931,70,3,73
24518857,70,1,71
26538104,70,1,71
35941798,70,0,70
36156490,70,1,71
49435857,70,54,124
49561002,70,1,71
75736238,70,3,73
83312898,70,3,73
104850722,70,15,85
109192303,70,4,74
111933715,70,1,71
114727423,70,0,70
130191851,70,2,72
130203314,70,0,70
132027703,70,1,71
152054762,70,2,72
155054251,70,0,70
159334308,70,6,76
192517432,70,1,71
214766007,70,0,70
214829926,70,6,76
224646875,70,7,77
230267094,70,0,70
231206271,70,1,71
247947829,70,1,71
253198857,70,6,76
260936816,70,6,76
322934616,70,1,71
364380468,70,3,73
379524881,70,0,70
390146596,70,9,79
392783363,70,8,78
422033415,70,11,81
426957556,70,3,73
434073916,70,2,72
435542488,70,3,73
441940470,70,17,87
457875899,70,3,73
493257266,70,2,72
494623893,70,2,72
525636026,70,20,90
525954207,70,6,76
529662586,70,2,72
532977876,70,4,74
541255832,70,0,70
542400979,70,58,128
544891111,70,1,71
557315773,70,5,75
557789129,70,2,72
578739969,70,1,71
583252309,70,11,81
601238848,70,7,77
625490793,70,0,70
629811812,70,0,70
630673071,70,6,76
743405262,70,4,74
749355769,70,1,71
755864660,70,4,74
894327488,70,3,73
985507718,70,19,89
987413828,70,7,77
1090259760,70,4,74
1252484401,70,1,71
1425000152,70,1,71
1451721842,70,3,73
1467772789,70,0,70
1563979477,70,0,70
2176950588,70,1,71
2210025992,70,0,70
2214443737,70,7,77
2233811049,70,3,73
2257182427,70,1,71
2270718426,70,0,70
2438858671,70,2,72
2597498706,70,6,76
2748317276,70,4,74
2788249219,70,0,70
2790768176,70,2,72
2793800587,70,5,75
2802018084,70,4,74
2848993612,70,3,73
2855536108,70,2,72
2871364136,70,2,72
2894763174,70,1,71
2979820947,70,4,74
3125585843,70,0,70
3233838837,70,1,71
3238460171,70,1,71
3247084884,70,3,73
3304021160,70,1,71
3308239298,70,3,73
3308877832,70,2,72
3327389953,70,1,71
3331858317,70,1,71
3389161150,70,1,71
3394368621,70,7,77
3523359616,70,1,71
3689630715,70,0,70
3716932994,70,21,91
3852497896,70,1,71
4130348859,70,0,70
4185870568,70,2,72
4334135654,70,2,72
4426275675,70,0,70
4457479999,70,0,70
4692484278,70,2,72
4724492928,70,7,77
4748634793,70,0,70
4839433331,70,2,72
4851587909,70,3,73
4854302756,70,2,72
702341203078070272,70,3,73
705379438129778689,70,3,73
705815844639510528,70,1,71
707039375054340096,70,2,72
708236539353030656,70,29,99
710636057130209281,70,29,99
713136731738996737,70,0,70
713441891543547906,70,2,72
715135935156002816,70,0,70
715510452491534336,70,1,71
716394891560009728,70,1,71
716450496513310722,70,7,77
718256790325043200,70,0,70
719524120128548864,70,1,71
721785130679996416,70,4,74
725025813695991808,70,2,72
728567170804895744,70,0,70
728653876489035776,70,4,74
738153522277945344,70,2,72
740614958619058176,70,2,72
749940685948739585,70,4,74
751467350805909504,70,4,74
751472723847548928,70,2,72
753753493622628352,70,3,73
754056448422846465,70,7,77
756809387759534080,70,0,70
761716273327726592,70,2,72
764643388385693696,70,1,71
766080297209303040,70,2,72
768477723090038784,70,1,71
770247822310420481,70,0,70
771049316278501378,70,2,72
778041224469049344,70,1,71
781220896987951105,70,0,70
781264002504650752,70,25,95
784410571638657024,70,0,70
796417792924913664,70,0,70
797282175355850752,70,0,70
2234711,69,2,71
14606290,69,13,82
16106016,69,5,74
16561729,69,102,171
17372783,69,180,249
17970907,69,2,71
18911142,69,5,74
19237079,69,2,71
20806274,69,3,72
20841921,69,5,74
24190388,69,79,148
25723570,69,4,73
26111686,69,0,69
26241138,69,2,71
27342058,69,8,77
27456082,69,4,73
31125980,69,6,75
31415312,69,1,70
34430800,69,8,77
36501344,69,3,72
36564260,69,0,69
41109410,69,4,73
42961642,69,5,74
44135635,69,1,70
46097846,69,8,77
49021031,69,79,148
50043356,69,4,73
54713672,69,2,71
63277398,69,4,73
64276623,69,6,75
67322084,69,3,72
69641315,69,3,72
73081987,69,8,77
77055313,69,1,70
88237533,69,15,84
107502320,69,9,78
116144352,69,0,69
133294380,69,0,69
136013852,69,0,69
136284056,69,2,71
162121876,69,0,69
166261211,69,1,70
170310148,69,2,71
170575426,69,1,70
201879622,69,0,69
211013755,69,2,71
229520418,69,0,69
250755481,69,2,71
264719240,69,6,75
265501199,69,6,75
267445578,69,1,70
270446236,69,0,69
273518381,69,1,70
278279975,69,1,70
280740389,69,5,74
289345749,69,1,70
308153568,69,0,69
319731481,69,3,72
324133072,69,3,72
325893346,69,1,70
358080767,69,7,76
369292654,69,3,72
387067647,69,2,71
394489174,69,1,70
403806271,69,2,71
407490941,69,2,71
430297317,69,6,75
430883587,69,2,71
464281451,69,2,71
479959373,69,5,74
525952776,69,4,73
529641301,69,1,70
588750553,69,1,70
602274330,69,14,83
621620724,69,6,75
711176937,69,1,70
731040085,69,0,69
771791833,69,3,72
884657328,69,1,70
889453944,69,8,77
909560372,69,8,77
928517034,69,5,74
928618363,69,6,75
936935353,69,10,79
963262460,69,5,74
1062600966,69,1,70
1089521252,69,2,71
1187136625,69,0,69
1226512668,69,4,73
1393642958,69,3,72
1445433468,69,2,71
1482206677,69,1,70
1606194716,69,13,82
1659267216,69,7,76
1663792387,69,1,70
1729092451,69,6,75
1786566690,69,0,69
1918340676,69,1,70
2151472958,69,2,71
2208095516,69,41,110
2259116640,69,2,71
2306910271,69,2,71
2459553395,69,6,75
2505217028,69,2,71
2568407995,69,4,73
2573993621,69,4,73
2669849522,69,13,82
2694154514,69,0,69
2721179058,69,0,69
2744839145,69,5,74
2744936164,69,2,71
2762329544,69,1,70
2771838432,69,1,70
2842747879,69,0,69
2851686730,69,0,69
2853388217,69,2,71
2862575417,69,4,73
2867727247,69,1,70
2878502178,69,0,69
2889010472,69,8,77
2923076286,69,0,69
2953865988,69,4,73
2990582574,69,3,72
3000673803,69,8,77
3081524321,69,0,69
3087492885,69,3,72
3195389591,69,1,70
3245699586,69,1,70
3266134604,69,1,70
3280073143,69,0,69
3291164095,69,4,73
3291617988,69,2,71
3293418220,69,0,69
3302313572,69,2,71
3302522856,69,7,76
3309270416,69,3,72
3310078298,69,2,71
3319389643,69,2,71
3344571868,69,0,69
3368649063,69,4,73
3383116294,69,247,316
3527856132,69,0,69
3675584414,69,3,72
4013745015,69,5,74
4057142415,69,5,74
4189355476,69,0,69
4464795880,69,7,76
4503606973,69,7,76
4625932753,69,5,74
4779809419,69,3,72
4810053920,69,0,69
712552463174393856,69,132,201
713392710346866688,69,1,70
714955981969498112,69,4,73
716079263988977666,69,0,69
720744027901927424,69,8,77
722861525124259840,69,0,69
723130073952325632,69,1,70
734282583832305664,69,3,72
737211748558589952,69,0,69
741066651857092608,69,0,69
741333295443632129,69,2,71
744118276788097024,69,2,71
751552860303683584,69,7,76
758839025645989889,69,8,77
758853538067787776,69,2,71
765219467915919360,69,1,70
767849934347526144,69,0,69
783480810699526144,69,0,69
783492623528972288,69,0,69
784694624275271680,69,1,70
784817181477470208,69,13,82
784907880394743808,69,2,71
788413577237495808,69,1,70
789649216469479424,69,2,71
796924215517741056,69,0,69
14837898,68,0,68
16495811,68,12,80
18680093,68,0,68
20337978,68,0,68
20732140,68,0,68
23723528,68,11,79
23989856,68,3,71
26022470,68,0,68
36932536,68,3,71
37612270,68,0,68
39303400,68,0,68
47093419,68,10,78
47096359,68,86,154
48552613,68,2,70
55275843,68,4,72
55883571,68,0,68
56165695,68,1,69
59913807,68,0,68
72011558,68,4,72
74735496,68,3,71
79769567,68,1,69
102551904,68,0,68
106702194,68,2,70
107721194,68,0,68
114885715,68,0,68
123736818,68,0,68
127894623,68,7,75
134971995,68,377,445
152687079,68,0,68
156763697,68,0,68
159285637,68,1,69
161685142,68,1,69
178655399,68,4,72
193384926,68,0,68
197859554,68,5,73
229536388,68,7,75
230836264,68,1,69
232995454,68,2,70
238103184,68,0,68
245817678,68,2,70
262773625,68,0,68
266389997,68,0,68
269542314,68,2,70
275197935,68,3,71
284727715,68,3,71
305904374,68,6,74
336372061,68,3,71
343963304,68,37,105
348339045,68,0,68
369249116,68,1,69
377763356,68,0,68
390499415,68,3,71
391164907,68,0,68
397628258,68,0,68
407145530,68,2,70
430084739,68,1,69
430344855,68,2,70
433206993,68,1,69
434387413,68,1,69
453221269,68,6,74
463228155,68,0,68
482219605,68,4,72
485260360,68,5,73
485999830,68,0,68
492371423,68,2,70
526637732,68,1,69
543540672,68,1,69
552295750,68,4,72
563311298,68,0,68
565082326,68,1,69
570121611,68,83,151
575961549,68,1,69
603192171,68,0,68
704999960,68,0,68
709869721,68,2,70
753458198,68,0,68
764080735,68,0,68
815420258,68,1,69
827479862,68,3,71
846152197,68,0,68
853246909,68,4,72
868832077,68,0,68
898926944,68,6,74
926472168,68,4,72
940600946,68,8,76
949049732,68,1,69
1089785942,68,7,75
1151902261,68,1,69
1173140551,68,0,68
1242365209,68,0,68
1288986829,68,4,72
1365133898,68,7,75
1380346794,68,1,69
1405281342,68,21,89
1414334592,68,0,68
1431540186,68,9,77
1431910202,68,5,73
1517261017,68,5,73
1726697918,68,1,69
1902806772,68,4,72
1940729918,68,0,68
1972822500,68,0,68
2157625687,68,0,68
2171342526,68,5,73
2178882809,68,0,68
2180806190,68,2,70
2317954243,68,4,72
2331265305,68,0,68
2340995828,68,0,68
2400581312,68,2,70
2401037196,68,3,71
2427831581,68,0,68
2469807936,68,14,82
2474458130,68,0,68
2491243444,68,2,70
2492877258,68,8,76
2541890320,68,0,68
2680137674,68,6,74
2822230418,68,1,69
2835300126,68,0,68
2838052977,68,2,70
2847664299,68,13,81
2855861355,68,1,69
2871953978,68,5,73
2895094386,68,4,72
3065791383,68,7,75
3256131630,68,2,70
3306237726,68,2,70
3308305813,68,9,77
3376083604,68,3,71
3422520022,68,16,84
3481696100,68,0,68
3544667242,68,3,71
3653453173,68,0,68
3718007774,68,4,72
3739209309,68,12,80
3923969715,68,3,71
3929558843,68,0,68
3965296277,68,7,75
4154071939,68,0,68
4430663661,68,0,68
4646073148,68,2,70
4799854814,68,3,71
4833795550,68,2,70
4846862689,68,1,69
4855244883,68,0,68
4867270990,68,0,68
4872157347,68,5,73
4887306471,68,6,74
4896383055,68,6,74
4918260362,68,12,80
702216354015875072,68,14,82
704150436983545856,68,3,71
705146548397568000,68,7,75
709521435614576640,68,1,69
717067248284729344,68,6,74
717776826966351872,68,0,68
718723200071282688,68,1,69
739983542986235904,68,6,74
742719184912678912,68,1,69
744292629467238401,68,6,74
746383620575637504,68,4,72
751242491387531264,68,0,68
761360743103094784,68,2,70
763900745754214400,68,2,70
764211629156290560,68,1,69
777952653527617536,68,13,81
781186931849854976,68,2,70
784525531278639105,68,0,68
784888891396526080,68,0,68
786034668004966400,68,0,68
786354551271981056,68,4,72
791705701894590464,68,18,86
798264883062206469,68,5,73
16634544,67,14,81
17097090,67,5,72
17136025,67,1,68
18813840,67,5,72
19524953,67,2,69
20390823,67,1,68
20681749,67,4,71
21750855,67,0,67
22014084,67,1,68
24523863,67,0,67
27061351,67,11,78
28704721,67,1,68
28730336,67,2,69
30132130,67,1,68
30441143,67,4,71
33659553,67,0,67
35346943,67,183,250
35724883,67,1,68
37326736,67,1,68
38539956,67,2,69
41366292,67,5,72
47974810,67,0,67
54303239,67,0,67
58346674,67,0,67
60061504,67,1,68
60403583,67,10,77
67765647,67,6,73
68031935,67,0,67
75329060,67,0,67
75718330,67,1,68
75844645,67,1,68
90982177,67,0,67
94352593,67,3,70
95009868,67,2,69
95448500,67,3,70
97503243,67,0,67
109188899,67,4,71
156081202,67,2,69
164707460,67,1,68
194968246,67,0,67
208382303,67,0,67
229280062,67,6,73
235745323,67,8,75
261969771,67,1,68
282239628,67,2,69
302726162,67,9,76
304745998,67,1,68
324489515,67,119,186
337505616,67,2,69
342706292,67,3,70
343039942,67,0,67
344587123,67,1,68
351117961,67,1,68
354593834,67,1,68
372889684,67,5,72
373403084,67,3,70
374102346,67,0,67
407423538,67,0,67
430925630,67,3,70
434140527,67,12,79
476505170,67,1,68
570524532,67,4,71
582350328,67,2,69
634358087,67,0,67
716599854,67,5,72
773464651,67,3,70
787908966,67,1,68
789793705,67,1,68
806712595,67,0,67
809904438,67,4,71
900967963,67,1,68
971757337,67,7,74
980184488,67,3,70
1061345084,67,3,70
1071183150,67,3,70
1183782504,67,5,72
1357135723,67,6,73
1446532243,67,5,72
1556853488,67,2,69
1676980292,67,10,77
1686109400,67,5,72
1694505757,67,0,67
1928290020,67,239,306
2236833270,67,0,67
2263489609,67,1,68
2285836957,67,1,68
2316091777,67,5,72
2336909199,67,5,72
2381221861,67,1,68
2475685172,67,0,67
2490933968,67,5,72
2521350702,67,7,74
2561899011,67,2,69
2577671514,67,0,67
2773928897,67,8,75
2822451711,67,0,67
2846080545,67,3,70
2901984022,67,2,69
2931608331,67,8,75
2999088321,67,7,74
3105248383,67,0,67
3121370115,67,1,68
3185253527,67,0,67
3241823772,67,0,67
3243924564,67,9,76
3294347183,67,1,68
3300931691,67,168,235
3324411872,67,0,67
3353868645,67,2,69
3377478999,67,6,73
3407749222,67,6,73
3430693192,67,0,67
3536077337,67,1,68
3588894372,67,4,71
3710208135,67,0,67
3711366682,67,4,71
3750265342,67,1,68
3819657628,67,0,67
3915446003,67,0,67
4295283672,67,3,70
4310800955,67,0,67
4352211996,67,1,68
4416305117,67,2,69
4469240713,67,1,68
4498499074,67,2,69
4761064634,67,13,80
4770832692,67,0,67
4774817840,67,5,72
4801919690,67,0,67
4854183347,67,0,67
700382615455404032,67,0,67
702789133635289092,67,7,74
703390111002562560,67,2,69
704033691056660480,67,3,70
705619233351184384,67,7,74
708780133843243008,67,0,67
710497909221920768,67,3,70
710978453525413889,67,0,67
711392915247923201,67,7,74
711556496807501825,67,1,68
717867272992206848,67,1,68
720441593652600832,67,0,67
724372112471937025,67,3,70
726273166058774528,67,1,68
726818740164132865,67,1,68
726907276334882817,67,0,67
727088998573813761,67,4,71
729761592779276289,67,3,70
736423416954130433,67,3,70
736967432913321984,67,0,67
737008704281841664,67,0,67
737734028464291840,67,4,71
739060610852343808,67,7,74
740366871803920384,67,1,68
743417091592622081,67,0,67
745751445547454464,67,2,69
750676098002874368,67,0,67
752080713097281536,67,1,68
753342416053239808,67,0,67
756701030080012289,67,2,69
757611862473277440,67,0,67
758879952729018368,67,5,72
763145866534227968,67,1,68
770127773927079936,67,4,71
773217032871354368,67,1,68
776187677183909888,67,2,69
776236356674564096,67,0,67
778299703033233410,67,1,68
783404381337157632,67,0,67
783483894641418240,67,0,67
783836420154601472,67,0,67
785491305254129664,67,0,67
790609284702826496,67,1,68
12475032,66,0,66
19150025,66,0,66
19323212,66,3,69
20134451,66,1,67
22189044,66,1,67
22510976,66,4,70
27663121,66,2,68
31288340,66,2,68
32940444,66,0,66
33708185,66,1,67
36514310,66,4,70
36655222,66,6,72
40278588,66,2,68
42625165,66,1,67
48081096,66,0,66
58331049,66,4,70
64164961,66,0,66
72454254,66,46,112
77063463,66,1,67
82935987,66,8,74
83944053,66,0,66
85159106,66,3,69
96040734,66,2,68
105523171,66,1,67
133677123,66,3,69
138085968,66,0,66
139201459,66,4,70
159478788,66,2,68
165862718,66,1,67
169907554,66,1,67
193261562,66,9,75
205922294,66,2,68
211039859,66,1,67
213083367,66,20,86
219513729,66,1,67
219540733,66,0,66
226772224,66,1,67
258626999,66,3,69
262990460,66,3,69
263358545,66,1,67
264264848,66,0,66
276986600,66,16,82
294794004,66,0,66
324201150,66,0,66
337778531,66,2,68
360667233,66,3,69
362482415,66,0,66
377423799,66,0,66
382728933,66,5,71
386005390,66,1,67
418410620,66,3,69
424495382,66,5,71
453568867,66,3,69
506872561,66,1,67
519322190,66,1,67
530813732,66,5,71
532529170,66,3,69
535879177,66,1,67
562261824,66,1,67
584546251,66,0,66
591092889,66,0,66
617761919,66,3,69
705697628,66,0,66
743407993,66,3,69
750611659,66,1,67
752493806,66,2,68
785246887,66,5,71
792876230,66,0,66
798250897,66,0,66
799930255,66,3,69
812315036,66,2,68
818364786,66,4,70
835791074,66,7,73
845158560,66,0,66
866261396,66,6,72
874809164,66,3,69
971176056,66,4,70
1014861722,66,0,66
1068985046,66,4,70
1155635047,66,21,87
1198539396,66,19,85
1306141254,66,0,66
1309442372,66,17,83
1319667026,66,4,70
1337367966,66,0,66
1412661750,66,3,69
1507953240,66,3,69
1528208486,66,21,87
1570180292,66,3,69
1606441885,66,0,66
1610788956,66,2,68
1658157224,66,4,70
1690150520,66,0,66
1720660537,66,0,66
1732121486,66,18,84
1864123376,66,4,70
1904555168,66,6,72
1910472295,66,3,69
2198997024,66,1,67
2206788811,66,1,67
2250689443,66,5,71
2276438838,66,2,68
2306667108,66,5,71
2381707450,66,3,69
2492306720,66,17,83
2546569084,66,3,69
2583388820,66,2,68
2591103217,66,0,66
2646244184,66,0,66
2691820789,66,8,74
2724659540,66,0,66
2737532609,66,1,67
2777785823,66,0,66
2855890513,66,1,67
2863062871,66,0,66
2867854738,66,9,75
2867910136,66,0,66
2884739378,66,5,71
2885492864,66,2,68
2906449706,66,1,67
2951149882,66,5,71
2966527673,66,3,69
2996669676,66,0,66
2998466930,66,1,67
3022262711,66,0,66
3027380734,66,3,69
3038666520,66,1,67
3078719486,66,11,77
3081658941,66,1,67
3122210124,66,2,68
3186668834,66,0,66
3219017217,66,4,70
3225642185,66,8,74
3258050460,66,2,68
3280024586,66,1,67
3310222566,66,1,67
3347969549,66,1,67
3378342455,66,6,72
3401218229,66,0,66
3885855373,66,2,68
4129908561,66,5,71
4263383185,66,3,69
4431353427,66,1,67
4513278821,66,4,70
4576489637,66,0,66
4577843001,66,0,66
4645910967,66,1,67
4809749315,66,5,71
4820224145,66,1,67
4826927664,66,6,72
4855698568,66,1,67
4895751885,66,0,66
700982675088101376,66,8,74
703075064514682880,66,1,67
704051509063974913,66,0,66
705461742801973248,66,1,67
706900251957788672,66,2,68
708357515432452096,66,0,66
708755724743122945,66,5,71
709515405338001408,66,3,69
710602440949628929,66,0,66
715412452540870657,66,4,70
717609056039514112,66,0,66
719674474472210432,66,3,69
723608486593073155,66,45,111
726545181173010432,66,5,71
730433203207548932,66,0,66
739947371958808577,66,1,67
741093634586595329,66,3,69
752195202064977920,66,0,66
755048061190057984,66,4,70
760010266251780096,66,1,67
765897068439306240,66,1,67
769617662582333440,66,3,69
776920811848470528,66,0,66
778000278037540864,66,0,66
779740514849390592,66,0,66
781933094345539584,66,4,70
785612526541168640,66,0,66
786364356296527872,66,2,68
799111072959631360,66,0,66
14844959,65,2,67
16206579,65,1,66
16320885,65,17,82
16478130,65,1,66
19206856,65,2,67
20632425,65,0,65
22241525,65,0,65
22707143,65,0,65
23107505,65,0,65
23360808,65,10,75
25065023,65,2,67
29614853,65,6,71
31353188,65,1,66
32144891,65,10,75
32623611,65,4,69
32676870,65,6,71
37144490,65,1,66
47490548,65,0,65
49335376,65,1,66
53280918,65,15,80
53614673,65,0,65
56914724,65,4,69
68972878,65,2,67
73436908,65,2,67
88166688,65,3,68
112341715,65,3,68
117767052,65,2,67
122225052,65,1,66
125573102,65,4,69
126800237,65,2,67
131436146,65,0,65
141793665,65,5,70
151119311,65,8,73
154938143,65,6,71
159930435,65,0,65
182347444,65,5,70
184628546,65,5,70
203156745,65,0,65
205701512,65,4,69
228004532,65,1,66
233735418,65,0,65
236976784,65,0,65
239510568,65,124,189
258930150,65,0,65
261183203,65,1,66
264266211,65,0,65
264765282,65,3,68
280012815,65,1,66
307436940,65,2,67
313055068,65,1,66
318094231,65,1,66
319212868,65,0,65
321467768,65,2,67
326221932,65,8,73
330619530,65,15,80
331890004,65,5,70
340786611,65,5,70
367413141,65,0,65
367932654,65,2,67
378054350,65,14,79
387779506,65,0,65
417447785,65,5,70
432725203,65,3,68
438931768,65,0,65
454426781,65,44,109
464876375,65,0,65
468147851,65,1,66
496363968,65,1,66
506686840,65,0,65
526380726,65,2,67
528056415,65,2,67
548828636,65,2,67
574176573,65,2,67
591451860,65,3,68
591461664,65,0,65
613025554,65,3,68
707242161,65,3,68
731562488,65,1,66
753792516,65,11,76
762432878,65,0,65
784992690,65,2,67
815576228,65,7,72
818610271,65,6,71
842378744,65,0,65
860584166,65,9,74
872975420,65,1,66
963940980,65,0,65
963966338,65,2,67
975537048,65,3,68
1014248527,65,1,66
1096566492,65,29,94
1222880455,65,1,66
1247530993,65,0,65
1321334844,65,2,67
1463184972,65,1,66
1483655071,65,3,68
1491573812,65,2,67
1510890792,65,0,65
1537798038,65,3,68
1548576871,65,1,66
1599739404,65,4,69
1679970553,65,35,100
1885772240,65,1,66
1965159966,65,0,65
2158994620,65,3,68
2263640496,65,4,69
2336881867,65,3,68
2379491365,65,9,74
2398181116,65,3,68
2434476516,65,2,67
2437586492,65,1,66
2453605819,65,2,67
2669709960,65,3,68
2700057748,65,11,76
2743339279,65,5,70
2764631099,65,1,66
2787601384,65,0,65
2804138785,65,4,69
2816884906,65,0,65
2827005524,65,1,66
2835607708,65,3,68
2881545139,65,0,65
2887440653,65,6,71
2911587582,65,3,68
2911833425,65,5,70
2933454641,65,0,65
3023370077,65,1,66
3026900717,65,0,65
3039596777,65,1,66
3050356892,65,1,66
3073570794,65,3,68
3118904204,65,12,77
3179615423,65,4,69
3183310627,65,3,68
3225072239,65,0,65
3228692530,65,2,67
3234067815,65,6,71
3292297695,65,0,65
3301125138,65,2,67
3310158301,65,1,66
3316868654,65,6,71
3323235405,65,28,93
3346973751,65,2,67
3368523178,65,4,69
3382396089,65,4,69
3386636409,65,1,66
3417589455,65,1,66
3492855441,65,33,98
3493863496,65,1,66
3601445532,65,7,72
3685465332,65,0,65
3743411477,65,2,67
3863083092,65,3,68
3864138205,65,0,65
3886015993,65,2,67
4083244521,65,4,69
4141742472,65,0,65
4362459267,65,4,69
4618971817,65,1,66
4707332942,65,0,65
4722082106,65,1,66
4906749684,65,7,72
4922951833,65,9,74
4927743725,65,0,65
698984390064533504,65,6,71
703822718253158402,65,0,65
704178744164888578,65,0,65
704448035300859904,65,2,67
706172170301407233,65,6,71
709783121168740352,65,3,68
711693653954015232,65,2,67
713922384244244480,65,3,68
715209504493842433,65,3,68
715726104477233154,65,2,67
716771509445009412,65,3,68
718091657594421248,65,5,70
719220548966875137,65,2,67
719276945804959753,65,1,66
722831158329917441,65,2,67
723297968565030913,65,0,65
732930045111500800,65,3,68
742129940263370753,65,93,158
746520835502989312,65,1,66
757106664344477696,65,6,71
757182284726435840,65,0,65
758874586976882694,65,5,70
759163746564669440,65,5,70
763932866040385536,65,0,65
764104806466260993,65,5,70
768163767376936960,65,1,66
780602745753509888,65,1,66
782051434091143172,65,1,66
782377330241003520,65,1,66
785851714960236545,65,4,69
790328713179197441,65,2,67
793907097180184576,65,0,65
806947201775583232,65,1,66
17694306,64,35,99
20592886,64,4,68
21690687,64,58,122
22046875,64,152,216
27066549,64,2,66
29738565,64,0,64
31223236,64,85,149
33320546,64,2,66
33904581,64,4,68
36311036,64,8,72
39505730,64,4,68
39950910,64,4,68
40658214,64,2,66
40840621,64,1,65
41004170,64,1,65
42400767,64,0,64
42462524,64,2,66
42955392,64,2,66
44214535,64,0,64
45489122,64,1,65
47691463,64,4,68
48428789,64,0,64
49935575,64,0,64
54251487,64,3,67
60684098,64,173,237
62907620,64,3,67
69784557,64,0,64
81377971,64,0,64
92811795,64,0,64
93871532,64,3,67
96063461,64,9,73
103628763,64,2,66
120100776,64,1,65
122307745,64,2,66
129500505,64,1,65
157437355,64,0,64
166432024,64,8,72
178314194,64,5,69
179816913,64,0,64
198393228,64,0,64
214337395,64,15,79
232120463,64,4,68
260042196,64,1,65
261048107,64,1,65
276451473,64,3,67
287645194,64,3,67
290483042,64,2,66
305248807,64,1,65
351208583,64,0,64
351841723,64,1,65
360138337,64,0,64
366853135,64,4,68
372447514,64,0,64
377641305,64,2,66
399037297,64,1,65
413634192,64,2,66
416323866,64,1,65
437995846,64,8,72
445990056,64,2,66
456536128,64,0,64
457356318,64,0,64
467755427,64,3,67
474401963,64,2,66
476296425,64,2,66
491648522,64,0,64
493843593,64,2,66
526500664,64,1,65
541131956,64,9,73
595668259,64,2,66
612057704,64,522,586
622297531,64,1,65
733249254,64,4,68
740769140,64,2,66
770613038,64,10,74
777088074,64,3,67
797568114,64,0,64
810145062,64,85,149
821403404,64,12,76
892122942,64,4,68
905019768,64,1,65
923964859,64,19,83
928827271,64,3,67
955786028,64,2,66
961706424,64,2,66
971702731,64,2,66
1083749497,64,0,64
1155980622,64,6,70
1181554514,64,0,64
1442055979,64,3,67
1444916071,64,2,66
1499573666,64,0,64
1627287726,64,3,67
1653313561,64,1,65
1716744762,64,3,67
1902537799,64,7,71
1918160378,64,5,69
2179360057,64,5,69
2245569490,64,3,67
2249714648,64,1,65
2301820159,64,1,65
2376596682,64,1,65
2385431253,64,1,65
2387008664,64,1,65
2390110236,64,7,71
2414059945,64,16,80
2464887805,64,5,69
2592410190,64,29,93
2599740468,64,33,97
2653364649,64,0,64
2671641500,64,41,105
2767166387,64,9,73
2830284620,64,6,70
2833381608,64,3,67
2840350877,64,0,64
2948053822,64,1,65
2964369323,64,1,65
2996196346,64,5,69
3006728331,64,3,67
3033947099,64,1,65
3066923126,64,0,64
3120301769,64,2,66
3143925520,64,1,65
3170463236,64,0,64
3196826180,64,7,71
3252669380,64,15,79
3321633224,64,3,67
3324586557,64,0,64
3364489709,64,15,79
3397821632,64,2,66
3464939954,64,2,66
3542510533,64,9,73
3782022977,64,1,65
3807282738,64,2,66
3884047638,64,1,65
3947593224,64,0,64
3951304403,64,2,66
4068254879,64,1,65
4468874174,64,7,71
4483489648,64,0,64
4492393098,64,0,64
4617134895,64,2,66
4705791202,64,2,66
4729585394,64,3,67
4758163046,64,1,65
4788370779,64,12,76
4797764475,64,8,72
4799082093,64,2,66
4843619266,64,35,99
4843899317,64,5,69
4852229441,64,7,71
4913076044,64,2,66
701408955986223104,64,3,67
702705751664549890,64,2,66
706179921090125826,64,2,66
712288570254434304,64,2,66
712778286544326656,64,4,68
713971816679604224,64,1,65
714575249128423424,64,27,91
714989079021006848,64,8,72
718030016043466753,64,0,64
719588543744647168,64,9,73
727076624638812160,64,0,64
733475853045272576,64,6,70
738459347815137280,64,14,78
740634111619006464,64,3,67
742438315861770240,64,1,65
752667268320866304,64,1,65
753596533417926656,64,0,64
755786301639499776,64,0,64
756128387937120257,64,10,74
758005542501556224,64,7,71
758151209870057476,64,0,64
758276525649195008,64,1,65
760510378602172416,64,2,66
766443367236526080,64,6,70
766701225291251712,64,4,68
769101291947712512,64,3,67
771071651966390272,64,2,66
771365661364936704,64,6,70
776183786463789056,64,2,66
779045542894637056,64,1,65
779974886085136384,64,0,64
780595413921386496,64,18,82
784990648478740481,64,1,65
787461589779812352,64,1,65
787473361056239616,64,3,67
788532739288866820,64,0,64
790232921470820352,64,1,65
792270532565671936,64,0,64
792903698611441665,64,1,65
797333920383725568,64,0,64
797573247441272833,64,0,64
14119438,63,1,64
14239714,63,0,63
16002738,63,1,64
17074315,63,0,63
18558809,63,6,69
19989052,63,0,63
20275809,63,0,63
20871807,63,3,66
21267509,63,0,63
22053863,63,0,63
22320016,63,0,63
23145423,63,3,66
24823987,63,5,68
24902962,63,8,71
26301250,63,1,64
32443377,63,5,68
32707036,63,0,63
35878835,63,3,66
39822703,63,1,64
42764755,63,0,63
47390480,63,2,65
49161476,63,10,73
50846751,63,7,70
52471840,63,1,64
56037463,63,0,63
58459311,63,1,64
61008839,63,4,67
71926170,63,5,68
73778412,63,0,63
81532553,63,3,66
84376820,63,1,64
90394532,63,5,68
97742728,63,4,67
99823780,63,0,63
103289864,63,2,65
112921460,63,2,65
133260261,63,2,65
159642036,63,1,64
189940236,63,3,66
235712074,63,3,66
247133829,63,1,64
256251541,63,1,64
260234982,63,1,64
264166713,63,1,64
314876177,63,7,70
315073177,63,7,70
335576999,63,75,138
336207707,63,3,66
337062648,63,3,66
341688336,63,1,64
369868151,63,0,63
374141509,63,1,64
380704594,63,3,66
390372254,63,2,65
397748897,63,3,66
399628166,63,0,63
428949742,63,0,63
459982145,63,9,72
462832238,63,8,71
490686776,63,0,63
549528704,63,2,65
554532173,63,1,64
565723429,63,0,63
706036914,63,4,67
722656615,63,1,64
759435104,63,1,64
780073794,63,1,64
787990730,63,0,63
790188763,63,4,67
792818366,63,7,70
799331006,63,3,66
801548203,63,0,63
823569486,63,3,66
847633508,63,2,65
873847147,63,3,66
874696526,63,2,65
885727267,63,2,65
889890265,63,0,63
902292420,63,1,64
910647342,63,2,65
939616705,63,0,63
948363535,63,3,66
971683675,63,2,65
1071556464,63,5,68
1191654624,63,0,63
1235200052,63,4,67
1241482806,63,0,63
1267248576,63,0,63
1272256760,63,2,65
1289848416,63,56,119
1299482131,63,1,64
1602698894,63,4,67
1609527824,63,0,63
1853261750,63,0,63
1977024967,63,6,69
2326487635,63,5,68
2332264339,63,2,65
2340079906,63,0,63
2342153815,63,3,66
2372760702,63,0,63
2460016874,63,0,63
2490389310,63,2,65
2604440040,63,3,66
2626153989,63,0,63
2668313954,63,0,63
2731961995,63,2,65
2774594252,63,2,65
2796651320,63,1,64
2821894685,63,0,63
2865992597,63,89,152
2886363701,63,3,66
2903979420,63,3,66
2920963512,63,1,64
2934138882,63,3,66
2959236207,63,0,63
3011274792,63,0,63
3018053592,63,3,66
3022862503,63,0,63
3042723086,63,4,67
3113809773,63,0,63
3266469216,63,4,67
3269474665,63,18,81
3312516276,63,2,65
3349130025,63,78,141
3394005099,63,2,65
3530279000,63,0,63
3604566509,63,4,67
3750989257,63,2,65
3867426015,63,7,70
3885241752,63,2,65
3995952972,63,2,65
4217721912,63,1,64
4258893975,63,2,65
4324197732,63,2,65
4343200905,63,2,65
4558558034,63,0,63
4572003196,63,3,66
4685286434,63,2,65
4699065871,63,0,63
4730217577,63,4,67
4805180533,63,0,63
4825434851,63,5,68
4847157879,63,59,122
4856145406,63,3,66
4874334687,63,1,64
701262164326092800,63,4,67
702385007940247552,63,4,67
705433636137357312,63,2,65
707407405739474948,63,4,67
708690040839389184,63,1,64
709069031173525504,63,4,67
709690251422404608,63,3,66
711146010521767937,63,1,64
713392368607567873,63,4,67
713747732809302016,63,4,67
715277868469719040,63,3,66
722614536168202240,63,0,63
723224345347166210,63,1,64
737838317631311872,63,40,103
739830543609536513,63,4,67
745115840547164160,63,2,65
746837040583540737,63,3,66
752559377354108929,63,0,63
753583380441231360,63,0,63
753693608092561409,63,2,65
754773482060283906,63,0,63
756304717320376320,63,8,71
756546724215283713,63,1,64
757284447918194688,63,2,65
757626563248652288,63,4,67
758663649414160384,63,2,65
758696095471972352,63,4,67
759557216345088001,63,0,63
766088331067269120,63,2,65
767123817122500608,63,2,65
770380218230013957,63,0,63
770411157890949121,63,0,63
775763324185174016,63,2,65
780744931040112640,63,2,65
781818779860729857,63,0,63
785938462222483456,63,1,64
789659263748694016,63,2,65
793625783910543362,63,0,63
14620090,62,0,62
15293096,62,1,63
15602334,62,3,65
16054602,62,5,67
16132734,62,1,63
16490090,62,15,77
17961649,62,3,65
18114982,62,115,177
18344006,62,7,69
18691636,62,2,64
21039525,62,0,62
21562642,62,3,65
21588073,62,10,72
22186690,62,0,62
24097063,62,1,63
24824899,62,0,62
24981350,62,4,66
26254723,62,2,64
28618917,62,3,65
29747650,62,2,64
29895278,62,0,62
30886757,62,7,69
30953058,62,4,66
37094526,62,2,64
37579226,62,1,63
40940931,62,4,66
41231330,62,3,65
43662736,62,5,67
43828591,62,3,65
50354237,62,5,67
56214993,62,4,66
76719557,62,1,63
80908138,62,3,65
82546385,62,0,62
86201399,62,0,62
109094639,62,1,63
110863694,62,1,63
117836999,62,2,64
125700611,62,1,63
130825293,62,2,64
138388479,62,1,63
141521806,62,3,65
153918745,62,0,62
186893167,62,6,68
189728052,62,1,63
194581517,62,5,67
215808662,62,3,65
220543970,62,34,96
231907795,62,0,62
252141392,62,5,67
254918117,62,0,62
263954983,62,6,68
273592641,62,5,67
282245556,62,3,65
292122096,62,4,66
312457155,62,5,67
328484372,62,0,62
377129602,62,2,64
395530298,62,1,63
399710994,62,2,64
411073348,62,3,65
414430624,62,1,63
418145364,62,0,62
439441557,62,0,62
447623761,62,4,66
467101832,62,2,64
531598877,62,12,74
531659443,62,11,73
532757292,62,1,63
540323881,62,1,63
541902518,62,62,124
596329092,62,0,62
624795117,62,1,63
729718663,62,6,68
790344848,62,6,68
805036688,62,0,62
816058736,62,6,68
857121152,62,3,65
867861240,62,3,65
902759282,62,2,64
911788459,62,0,62
926458082,62,5,67
1006580762,62,2,64
1017189240,62,2,64
1025573144,62,0,62
1054698314,62,1,63
1061265762,62,0,62
1074607166,62,5,67
1129767884,62,0,62
1145724890,62,3,65
1148372244,62,7,69
1253289434,62,4,66
1297207694,62,4,66
1345758930,62,2,64
1387726382,62,4,66
1534515841,62,1,63
1547422484,62,0,62
1564358826,62,1,63
1575454723,62,0,62
1640929196,62,165,227
1653658039,62,1,63
1708038163,62,0,62
1719419203,62,1,63
1734277734,62,7,69
1976799128,62,5,67
2204132642,62,0,62
2236655070,62,4,66
2261926237,62,0,62
2331039880,62,2,64
2356944679,62,5,67
2415726213,62,2,64
2422725272,62,2,64
2492150280,62,1,63
2525601571,62,1,63
2562268036,62,1,63
2568113084,62,0,62
2588329937,62,0,62
2658482761,62,2,64
2707274106,62,3,65
2758350375,62,16,78
2769644645,62,0,62
2773918108,62,2,64
2784120457,62,1,63
2788278833,62,1,63
2805702040,62,3,65
2914574735,62,4,66
2917490567,62,18,80
3015080584,62,2,64
3032997074,62,1,63
3033735315,62,2,64
3061963254,62,0,62
3080946542,62,1,63
3106708449,62,0,62
3112819119,62,2,64
3149709179,62,2,64
3161271378,62,3,65
3182371068,62,1,63
3239107897,62,2,64
3244498678,62,0,62
3245493186,62,1,63
3302878321,62,3,65
3309757218,62,0,62
3323515904,62,8,70
3353235433,62,3,65
3406358915,62,3,65
3462405673,62,12,74
3729058935,62,4,66
3749872277,62,5,67
3829340014,62,0,62
3874676487,62,0,62
3887865972,62,1,63
3948234192,62,3,65
3960331295,62,1,63
4219142068,62,1,63
4372832836,62,1,63
4491996682,62,8,70
4508157853,62,9,71
4569352401,62,1,63
4638830956,62,0,62
4664176272,62,1,63
4704680246,62,2,64
4765155084,62,36,98
4803630864,62,6,68
4831048235,62,8,70
4879397079,62,1,63
4895353953,62,2,64
701202878162198528,62,3,65
705148679682985985,62,1,63
705425281004277761,62,5,67
705641215224451072,62,5,67
706768767850655744,62,3,65
707357095801298944,62,0,62
712295492093419521,62,3,65
712361915691958272,62,6,68
714509692496523264,62,5,67
725487252164382720,62,0,62
728330271645442049,62,16,78
730200158676389889,62,1,63
734566742052200449,62,1,63
754822052457041920,62,4,66
759848661597589505,62,1,63
761145735798722560,62,1,63
764565157301202944,62,3,65
771844539925434368,62,6,68
772507708788531201,62,3,65
776147891807064064,62,1,63
779879770330849280,62,2,64
785897261725122560,62,1,63
788222338072313856,62,0,62
794548575673978880,62,1,63
14542355,61,4,65
16672909,61,3,64
18083068,61,1,62
18220885,61,14,75
19611642,61,6,67
21028397,61,4,65
21930343,61,0,61
23272075,61,0,61
23300573,61,3,64
23684807,61,5,66
24040708,61,2,63
24427864,61,1,62
27285857,61,5,66
27303036,61,0,61
28034749,61,1,62
29609843,61,3,64
30204858,61,5,66
30221032,61,11,72
30575575,61,6,67
31773688,61,0,61
33186312,61,2,63
34001553,61,3,64
36761914,61,6,67
41651551,61,2,63
49638895,61,3,64
51570539,61,6,67
56297181,61,7,68
60351264,61,0,61
66649220,61,0,61
79878336,61,1,62
93552356,61,6,67
93877721,61,0,61
105392971,61,4,65
108112668,61,4,65
111381659,61,13,74
114235082,61,0,61
115400791,61,4,65
124557619,61,11,72
128664953,61,0,61
148842579,61,0,61
150653567,61,4,65
154741549,61,0,61
156637745,61,0,61
156845062,61,2,63
179256861,61,2,63
190589983,61,3,64
193223965,61,0,61
200169577,61,0,61
217841136,61,8,69
230436962,61,5,66
233578496,61,5,66
239098890,61,8,69
241263190,61,1,62
249895896,61,1,62
252729058,61,3,64
262695528,61,2,63
264392853,61,4,65
275771168,61,0,61
277817081,61,4,65
307877719,61,2,63
309176121,61,4,65
314157950,61,0,61
328162865,61,2,63
329688737,61,36,97
337215994,61,0,61
348518906,61,1,62
360451532,61,1,62
381560011,61,1,62
390669478,61,7,68
391306275,61,4,65
416467884,61,0,61
426107519,61,0,61
434293941,61,1,62
464317204,61,3,64
482326602,61,0,61
509281536,61,1,62
514974163,61,270,331
532209187,61,2,63
544570972,61,0,61
701276282,61,4,65
747579529,61,3,64
770521927,61,6,67
789025662,61,3,64
815871284,61,266,327
827067685,61,3,64
854072342,61,4,65
861777374,61,5,66
874747686,61,1,62
887431598,61,14,75
898635734,61,3,64
900431706,61,6,67
915331472,61,1,62
963036704,61,2,63
968992866,61,1,62
971737663,61,2,63
1036513381,61,0,61
1077950875,61,2,63
1146470090,61,48,109
1155585403,61,1,62
1156371384,61,0,61
1220483023,61,2,63
1244150881,61,1,62
1263289160,61,4,65
1403108310,61,4,65
1446411870,61,11,72
1514305603,61,1,62
1567006406,61,1,62
1625955996,61,3,64
1644805254,61,11,72
1682179470,61,6,67
1710652508,61,0,61
1961363053,61,0,61
2204144640,61,0,61
2230256263,61,4,65
2286014678,61,1,62
2309814634,61,2,63
2339305186,61,4,65
2345710640,61,0,61
2479950588,61,2,63
2521820804,61,6,67
2590629196,61,12,73
2638096810,61,3,64
2718677432,61,0,61
2721851817,61,1,62
2730784538,61,1,62
2773820450,61,1,62
2815321587,61,0,61
2871588796,61,4,65
2896063907,61,7,68
2910273277,61,0,61
2947291886,61,4,65
2959012101,61,1,62
2974103716,61,1,62
2976920404,61,0,61
2991444461,61,0,61
3002253653,61,12,73
3032364329,61,3,64
3063800430,61,1,62
3067105819,61,0,61
3068933499,61,9,70
3075885118,61,0,61
3089423406,61,5,66
3141045887,61,0,61
3197594125,61,3,64
3243450108,61,0,61
3244789970,61,0,61
3250840256,61,2,63
3291927706,61,13,74
3308560736,61,6,67
3311241707,61,2,63
3325053703,61,1,62
3344644287,61,0,61
3346608405,61,1,62
3406532356,61,6,67
3681039497,61,2,63
3886472352,61,5,66
3961244363,61,2,63
3994862453,61,8,69
4138699727,61,0,61
4199160874,61,2,63
4302244343,61,2,63
4443655752,61,1,62
4505583393,61,1,62
4531984273,61,3,64
4547938993,61,0,61
4576799353,61,0,61
4605549200,61,4,65
4760869454,61,0,61
4766538738,61,0,61
4787393962,61,0,61
4877444500,61,0,61
700499371591278592,61,0,61
700518750567604224,61,0,61
701823812304826368,61,2,63
701904890809810944,61,9,70
703218797528809472,61,2,63
703293228594802689,61,0,61
704873649162067968,61,6,67
707282012608925696,61,11,72
707581707042443264,61,3,64
708605944683487233,61,4,65
708796372296851457,61,1,62
709797643569000449,61,4,65
710227233785389056,61,5,66
710935152445227009,61,1,62
711023912365068288,61,10,71
713432968224763904,61,8,69
714556689576509441,61,0,61
721755121038860288,61,1,62
726243724724850688,61,2,63
729727420635435008,61,2,63
729822791747444737,61,2,63
737333088590663681,61,7,68
749831417186713600,61,1,62
750829544702181376,61,1,62
753691318140809216,61,0,61
757560756825128961,61,0,61
759391480939249664,61,0,61
761996158868791296,61,5,66
763477398876815361,61,3,64
774370022340820992,61,4,65
785323004796424195,61,2,63
787314735083429889,61,2,63
787679304796733442,61,0,61
790649024303009793,61,1,62
5880102,60,3,63
8863322,60,1,61
14825402,60,5,65
15620414,60,2,62
16567834,60,20,80
16821773,60,0,60
17380467,60,4,64
18025821,60,2,62
18533363,60,2,62
18611073,60,2,62
18780750,60,0,60
19290986,60,2,62
21816289,60,4,64
23039757,60,2,62
23960048,60,0,60
26257638,60,6,66
26733047,60,2,62
26762838,60,1,61
27293033,60,13,73
27716208,60,5,65
28662619,60,3,63
35216825,60,14,74
37127042,60,7,67
38704097,60,76,136
41393941,60,2,62
43642109,60,1,61
44205360,60,3,63
46465179,60,3,63
49818137,60,0,60
51621287,60,2,62
54769979,60,3,63
57366901,60,0,60
67052442,60,6,66
67891277,60,1,61
68355862,60,0,60
72676365,60,3,63
73513449,60,34,94
86307400,60,1,61
89349643,60,0,60
96540459,60,3,63
97337036,60,0,60
128742050,60,1,61
129636453,60,2,62
131519765,60,13,73
131971803,60,8,68
139659661,60,0,60
152824041,60,0,60
157198701,60,5,65
165145111,60,2,62
183520216,60,0,60
199051201,60,20,80
201919188,60,0,60
222184684,60,2,62
234243219,60,2,62
244808991,60,3,63
247903672,60,13,73
254476520,60,0,60
257643702,60,3,63
271056619,60,0,60
274136152,60,0,60
284383568,60,33,93
296584207,60,41,101
298600255,60,2,62
335543747,60,0,60
341674560,60,3,63
365714435,60,1,61
395961182,60,3,63
402119037,60,1,61
403647191,60,2,62
405798082,60,7,67
414723612,60,0,60
428619678,60,0,60
453205202,60,1,61
453352019,60,0,60
457188546,60,6,66
460637119,60,1,61
471192095,60,3,63
484762486,60,1,61
485310129,60,2,62
496139135,60,1,61
499800496,60,14,74
500805074,60,7,67
513366371,60,2,62
519919428,60,0,60
531497189,60,5,65
549350692,60,1,61
562207562,60,2,62
575752272,60,0,60
583456963,60,2,62
587778997,60,0,60
604076513,60,3,63
625640550,60,4,64
631511940,60,1,61
720547646,60,4,64
800478360,60,0,60
835577814,60,0,60
892403515,60,3,63
908951886,60,4,64
913212678,60,0,60
913707211,60,0,60
914780798,60,3,63
932863866,60,2,62
946881306,60,2,62
948787765,60,0,60
1004387720,60,1,61
1026539424,60,0,60
1063844286,60,0,60
1296842454,60,0,60
1359328298,60,3,63
1541965728,60,19,79
1588962332,60,7,67
1727335976,60,0,60
1921894028,60,2,62
2259012509,60,0,60
2439086884,60,0,60
2465450391,60,0,60
2467652244,60,0,60
2584896210,60,1,61
2599066807,60,6,66
2632757957,60,0,60
2706645518,60,6,66
2727450961,60,2,62
2755429755,60,0,60
2875780737,60,2,62
2878397393,60,4,64
2882821205,60,2,62
2913103378,60,7,67
2932271274,60,2,62
2960350575,60,0,60
2994094598,60,0,60
2994149670,60,0,60
2994948340,60,0,60
2996456926,60,1,61
3115862648,60,5,65
3115898899,60,7,67
3146196809,60,1,61
3234457353,60,0,60
3276799220,60,9,69
3284259378,60,0,60
3292725757,60,2,62
3303092855,60,2,62
3309069325,60,1,61
3317841510,60,0,60
3319650211,60,3,63
3383036895,60,2,62
3404250059,60,3,63
3421386939,60,3,63
3531841882,60,1,61
3855807508,60,5,65
3858601455,60,1,61
3872635293,60,2,62
3882227718,60,2,62
4048442295,60,6,66
4214490557,60,3,63
4341946875,60,2,62
4453680687,60,3,63
4498498715,60,1,61
4618950578,60,1,61
4818208875,60,2,62
4825388662,60,0,60
701596791444267008,60,1,61
702963029521076224,60,88,148
703196744255938560,60,2,62
705163411085271042,60,1,61
705910195105329152,60,0,60
707352000686661632,60,0,60
708636491929546754,60,6,66
709533009364410369,60,2,62
710109110658854912,60,9,69
710553012046077952,60,0,60
711029260174041088,60,0,60
711275335686483968,60,0,60
711382079423041537,60,3,63
711598819104964608,60,0,60
712260481650724865,60,0,60
713570786112569344,60,1,61
714199284627873792,60,5,65
728255524303740928,60,4,64
731515001685577728,60,0,60
734103644744749056,60,0,60
739184414341640192,60,2,62
739682772726468609,60,2,62
741057727338848256,60,23,83
741372932455342080,60,3,63
742848771059515392,60,1,61
748237381317308416,60,5,65
748888960789782528,60,0,60
751286534385524736,60,0,60
751590723775004672,60,1,61
753779827942035457,60,2,62
755188797420167168,60,1,61
758480522263793664,60,6,66
766133289975414784,60,3,63
769633840356728832,60,2,62
770087627550756869,60,0,60
772913099879829505,60,4,64
783159937912287232,60,2,62
783476377223827456,60,2,62
783483166078083072,60,0,60
785595843801849856,60,1,61
785645899263250433,60,3,63
788218286559199232,60,4,64
798465888836063232,60,1,61
15711730,59,0,59
18748066,59,1,60
19144112,59,2,61
20534114,59,2,61
20730783,59,2,61
21542704,59,4,63
21674914,59,2,61
22329855,59,4,63
22408314,59,36,95
23315532,59,3,62
24516586,59,21,80
26310407,59,0,59
26732837,59,1,60
32343438,59,9,68
33084318,59,1,60
42741327,59,1,60
45278448,59,0,59
50120571,59,10,69
51473527,59,4,63
56899709,59,1,60
69983753,59,2,61
70124355,59,0,59
70885172,59,0,59
77888292,59,7,66
85869667,59,2,61
87504275,59,1,60
91670958,59,42,101
108688171,59,18,77
109446452,59,3,62
119608188,59,10,69
121656624,59,6,65
121841971,59,6,65
124567136,59,0,59
129032376,59,14,73
138536728,59,2,61
152508248,59,2,61
166217654,59,2,61
167305932,59,1,60
170050937,59,0,59
180039330,59,8,67
181798901,59,0,59
182505017,59,2,61
185540455,59,5,64
190251322,59,0,59
195610523,59,22,81
199082624,59,21,80
212301598,59,3,62
218988628,59,0,59
221612917,59,0,59
234049568,59,0,59
239199338,59,4,63
250325221,59,3,62
256183929,59,2,61
282112486,59,0,59
296648994,59,1,60
344789714,59,2,61
377815859,59,1,60
385348343,59,7,66
386017332,59,5,64
415895542,59,6,65
417385710,59,0,59
423330837,59,0,59
425496140,59,0,59
437970548,59,1,60
455537031,59,2,61
466228100,59,2,61
500162899,59,0,59
504952285,59,0,59
520016930,59,0,59
531565758,59,32,91
532889895,59,3,62
533755758,59,12,71
543775569,59,0,59
553880367,59,2,61
613654095,59,1,60
615176008,59,2,61
702346243,59,3,62
713375980,59,1,60
751116997,59,3,62
755547306,59,5,64
757521332,59,1,60
874369189,59,1,60
881276407,59,1,60
1018389702,59,4,63
1032818844,59,2,61
1033657903,59,1,60
1107289063,59,1,60
1142469860,59,0,59
1238981322,59,4,63
1260094304,59,0,59
1288273394,59,8,67
1335245749,59,3,62
1337323836,59,1,60
1345577744,59,12,71
1351621278,59,1,60
1355211138,59,0,59
1375150830,59,0,59
1431036109,59,1,60
1495909730,59,8,67
1537881145,59,4,63
1542217970,59,2,61
1589387894,59,2,61
1649137394,59,5,64
1655660156,59,4,63
1670200158,59,0,59
1904913144,59,0,59
1933090626,59,8,67
2182299060,59,5,64
2190527462,59,4,63
2208817489,59,0,59
2244677388,59,3,62
2263754155,59,5,64
2322274290,59,7,66
2413717728,59,1,60
2484346413,59,4,63
2502079698,59,1,60
2513527235,59,0,59
2516247246,59,8,67
2654144510,59,3,62
2760977918,59,0,59
2763656223,59,1,60
2765129810,59,0,59
2780003122,59,1,60
2793367408,59,2,61
2806394569,59,4,63
2816364947,59,22,81
2820595908,59,4,63
2858886167,59,1,60
2859269159,59,0,59
2874373584,59,3,62
2936329068,59,6,65
2961677465,59,0,59
2974870767,59,2,61
2993237220,59,7,66
3003559775,59,4,63
3012369735,59,1,60
3028388339,59,8,67
3093970392,59,2,61
3110138020,59,1,60
3174590074,59,6,65
3274774916,59,2,61
3289864057,59,1,60
3296156791,59,4,63
3323248951,59,3,62
3387654850,59,2,61
3407966973,59,1,60
3433419609,59,4,63
3628302853,59,1,60
3723165802,59,2,61
3879759869,59,2,61
3895952067,59,1,60
3947278757,59,2,61
3950174721,59,2,61
4070021129,59,4,63
4077347483,59,5,64
4104575289,59,8,67
4175155288,59,70,129
4206673199,59,2,61
4430136754,59,0,59
4499094387,59,5,64
4507121909,59,1,60
4635596660,59,0,59
4822905011,59,3,62
4827757845,59,5,64
4852249359,59,1,60
4852880947,59,0,59
4856187214,59,0,59
4886682706,59,74,133
4889132753,59,0,59
700684355492904960,59,0,59
702274705449992192,59,0,59
703341006419177472,59,3,62
705119357827874816,59,3,62
708992582588735488,59,6,65
711267212389191682,59,4,63
711673498817728512,59,8,67
711954995478794240,59,3,62
712693887991566338,59,3,62
713349508134936576,59,3,62
713861631122481152,59,3,62
716012352563449857,59,136,195
717138741962223618,59,0,59
717468384015859712,59,52,111
719244918397472770,59,0,59
728091668524621824,59,2,61
728580773868081152,59,2,61
730199401444970496,59,0,59
732168627366068224,59,0,59
734732084779057152,59,3,62
734882328086876160,59,35,94
737693116753453056,59,0,59
742505882404020224,59,6,65
745786947998748672,59,0,59
753966845171040258,59,3,62
754007695129251841,59,0,59
755428505639383040,59,8,67
755481855718150144,59,1,60
756493221014937600,59,0,59
757605981308260352,59,1,60
758877206089076746,59,6,65
759178228279803904,59,2,61
759624423066316800,59,10,69
760776911698079744,59,2,61
762389795037294592,59,0,59
763263315678154752,59,5,64
764785538981330944,59,1,60
766653003940163584,59,0,59
782722070413213697,59,2,61
783243780292050945,59,5,64
788170801270755329,59,0,59
794538094875774976,59,0,59
14065810,58,1,59
14894463,58,2,60
16199232,58,1,59
16444544,58,215,273
17652313,58,0,58
19038210,58,97,155
20454503,58,4,62
21089652,58,3,61
23247155,58,0,58
23615872,58,2,60
24822721,58,3,61
25689113,58,7,65
25888359,58,2,60
28639060,58,0,58
30240890,58,13,71
30351711,58,0,58
31916862,58,3,61
34255591,58,13,71
34320486,58,0,58
36345774,58,6,64
37019769,58,25,83
37252440,58,4,62
38450727,58,4,62
39584513,58,3,61
39765961,58,0,58
40708919,58,2,60
40950257,58,2,60
42191129,58,0,58
42532768,58,3,61
43149311,58,1,59
43337864,58,1,59
47195230,58,4,62
48965027,58,0,58
50029551,58,2,60
53249230,58,1,59
60448759,58,4,62
70143997,58,10,68
78513180,58,2,60
80068767,58,4,62
84676491,58,0,58
85940335,58,0,58
89070452,58,3,61
107033885,58,9,67
114475732,58,0,58
115720535,58,1,59
119199702,58,0,58
123735338,58,4,62
131746121,58,2,60
187513512,58,1,59
189496721,58,210,268
189852253,58,0,58
196621716,58,3,61
219365189,58,1,59
224907219,58,2,60
234615767,58,0,58
256585910,58,0,58
264271174,58,0,58
269494264,58,4,62
273595343,58,0,58
276389757,58,3,61
297369350,58,2,60
319732660,58,11,69
329231537,58,1,59
333710553,58,1,59
338773372,58,2,60
341476052,58,0,58
342789175,58,0,58
386023342,58,0,58
398073907,58,1,59
398689228,58,4,62
404795493,58,2,60
405178737,58,2,60
414766936,58,1,59
416434503,58,3,61
453570518,58,0,58
466097665,58,1,59
467723007,58,3,61
477913730,58,5,63
499230066,58,1,59
521996289,58,99,157
524758567,58,4,62
542149545,58,2,60
547069280,58,3,61
596980554,58,3,61
704469028,58,0,58
731175925,58,1,59
792036516,58,2,60
824394991,58,6,64
858654914,58,0,58
858979844,58,0,58
872104920,58,1,59
915314664,58,1,59
920179184,58,3,61
930925849,58,0,58
941943944,58,2,60
981763526,58,0,58
1011644822,58,0,58
1013006934,58,5,63
1014682560,58,1,59
1033862022,58,3,61
1096185936,58,5,63
1177361515,58,1,59
1214417917,58,23,81
1219430186,58,4,62
1311174307,58,0,58
1328461706,58,3,61
1362062648,58,0,58
1496968250,58,0,58
1540407535,58,0,58
1544158464,58,0,58
1671234620,58,3,61
1692698684,58,6,64
1894836588,58,0,58
2174781979,58,2,60
2289040528,58,3,61
2324475554,58,1,59
2330437794,58,2,60
2380892796,58,0,58
2391009804,58,0,58
2461538374,58,3,61
2480274133,58,1,59
2590302661,58,0,58
2691710858,58,2,60
2712481699,58,1,59
2755751021,58,1,59
2787853129,58,1,59
2816234438,58,41,99
2880210175,58,0,58
2931808006,58,4,62
2956968260,58,3,61
3018268195,58,0,58
3039914459,58,1,59
3131523154,58,1,59
3224378552,58,0,58
3275183166,58,2,60
3293118434,58,7,65
3299603393,58,0,58
3310143846,58,2,60
3329632990,58,1,59
3349309758,58,0,58
3369055103,58,0,58
3370874357,58,0,58
3408232162,58,1,59
3421615450,58,0,58
3433744403,58,4,62
3562560623,58,5,63
3720358152,58,2,60
3824719760,58,0,58
3880803920,58,0,58
3959725703,58,20,78
3982692592,58,12,70
4061546782,58,2,60
4063985534,58,3,61
4114836339,58,7,65
4182928649,58,5,63
4334047641,58,1,59
4439154435,58,1,59
4445191097,58,1,59
4499005219,58,3,61
4499266994,58,2,60
4684584608,58,0,58
4708414214,58,2,60
4780779442,58,0,58
4822750516,58,7,65
4827632170,58,0,58
4865661046,58,3,61
4925082960,58,0,58
699276523354857472,58,0,58
701498147084828673,58,6,64
704462516164890625,58,2,60
705067780270395392,58,2,60
705115035593379840,58,10,68
705125671635394560,58,13,71
708469304702996481,58,5,63
708492305880190976,58,1,59
713399931227123712,58,1,59
715434754909163520,58,2,60
718290200951197697,58,0,58
720721931423649792,58,3,61
725695735644196864,58,3,61
726089858607894529,58,53,111
732194080499859456,58,0,58
733093128081661954,58,3,61
733993958167175168,58,1,59
735824093019246592,58,5,63
736707178535358466,58,12,70
744554292573405185,58,0,58
744692008468480001,58,1,59
753688272929456128,58,5,63
754684431340822529,58,2,60
756913511591251969,58,16,74
757899111936978944,58,1,59
760236653252259840,58,9,67
766735508865032192,58,0,58
767870812502183937,58,1,59
770334180832055296,58,0,58
771487051673837568,58,3,61
774723436002283520,58,1,59
774747231882731520,58,2,60
787944328970788866,58,2,60
788320016890523648,58,0,58
789563993119715328,58,1,59
15223638,57,2,59
15283300,57,1,58
16394241,57,0,57
16455175,57,3,60
17164665,57,10,67
17648540,57,2,59
17719592,57,47,104
17770260,57,12,69
19025138,57,5,62
19291540,57,1,58
19922942,57,0,57
20263645,57,1,58
20420531,57,1,58
21272095,57,5,62
21588235,57,10,67
21800713,57,2,59
21877213,57,1,58
22367546,57,0,57
22489119,57,0,57
22700291,57,794,851
23329244,57,5,62
25361741,57,1,58
29305770,57,0,57
32230036,57,1,58
32240593,57,2,59
32419544,57,2,59
32556021,57,0,57
34874146,57,1,58
36814557,57,1,58
41427918,57,1,58
42332843,57,0,57
42560167,57,0,57
46315077,57,4,61
47494634,57,6,63
48438556,57,100,157
49415744,57,1,58
51768925,57,0,57
54368243,57,2,59
57900261,57,1,58
60984641,57,1,58
67142652,57,3,60
71097713,57,2,59
71885806,57,2,59
72994171,57,6,63
75453517,57,0,57
76030793,57,0,57
83332882,57,0,57
85023081,57,0,57
94132483,57,10,67
116949923,57,6,63
117546934,57,16,73
119170036,57,2,59
129997734,57,3,60
142764761,57,2,59
157551593,57,0,57
160348847,57,32,89
161011007,57,17,74
187257145,57,2,59
193100541,57,6,63
193158134,57,3,60
200555243,57,0,57
203457520,57,1,58
214572427,57,2,59
237122922,57,0,57
239517776,57,2,59
240974612,57,1,58
259271655,57,2,59
260265372,57,0,57
260337897,57,0,57
260515479,57,2,59
264238890,57,7,64
267029300,57,4,61
277517310,57,2,59
277738367,57,1,58
281290352,57,1,58
302970029,57,0,57
305202222,57,0,57
324691892,57,0,57
325743258,57,0,57
340367718,57,0,57
341152802,57,2,59
345134864,57,1,58
350576287,57,2,59
353454766,57,0,57
355265834,57,4,61
370392790,57,2,59
375182319,57,5,62
375222367,57,24,81
379968726,57,0,57
382463251,57,0,57
389648927,57,1,58
391598894,57,2,59
391755404,57,1,58
392739061,57,6,63
399772095,57,2,59
405941674,57,1,58
438525406,57,2,59
455297313,57,1,58
475099294,57,1,58
475447456,57,0,57
491046083,57,5,62
494057971,57,0,57
500334396,57,1,58
502225187,57,4,61
508092522,57,0,57
514662893,57,1,58
518398023,57,0,57
518954237,57,8,65
520063574,57,2,59
525641377,57,2,59
533776864,57,1,58
541566394,57,0,57
548419154,57,0,57
550532755,57,2,59
552821881,57,0,57
560446117,57,0,57
576478396,57,4,61
579174366,57,0,57
587854598,57,3,60
608471241,57,3,60
709560893,57,4,61
720362750,57,3,60
794778854,57,1,58
846419166,57,0,57
883607587,57,4,61
1053690662,57,52,109
1071986694,57,2,59
1151095778,57,0,57
1288691947,57,2,59
1301311892,57,6,63
1337268200,57,0,57
1347259627,57,6,63
1457746567,57,2,59
1458557011,57,2,59
1483135992,57,0,57
1549759548,57,2,59
1837417136,57,0,57
1870222346,57,0,57
2191108976,57,4,61
2198391794,57,0,57
2198817853,57,1,58
2312293591,57,0,57
2315874241,57,13,70
2329525919,57,0,57
2369300364,57,18,75
2419457298,57,1,58
2516811990,57,2,59
2542697438,57,1,58
2547715294,57,3,60
2549528592,57,0,57
2590239104,57,0,57
2608476186,57,3,60
2674005546,57,1,58
2679788407,57,14,71
2700975028,57,1,58
2746764054,57,0,57
2803319220,57,0,57
2804044016,57,1,58
2872795917,57,3,60
2883653546,57,1,58
2954999301,57,4,61
3062601999,57,0,57
3071790234,57,2,59
3073486407,57,5,62
3075446010,57,2,59
3082702335,57,4,61
3098445577,57,6,63
3127719239,57,5,62
3167697797,57,0,57
3190936736,57,13,70
3193702243,57,3,60
3222921301,57,0,57
3226766840,57,3,60
3299906202,57,3,60
3301877699,57,0,57
3316135159,57,1,58
3381540185,57,0,57
3426415037,57,0,57
3626710458,57,21,78
3996557178,57,1,58
3996960501,57,0,57
4054168392,57,4,61
4060831516,57,35,92
4075000398,57,2,59
4144059087,57,2,59
4150177692,57,6,63
4193225013,57,5,62
4242995295,57,2,59
4282439188,57,1,58
4306318573,57,4,61
4341085517,57,1,58
4346882714,57,1,58
4350900315,57,3,60
4501795638,57,3,60
4582019741,57,0,57
4679108839,57,2,59
4725891338,57,1,58
4746371652,57,13,70
4808474910,57,3,60
4839127924,57,3,60
4853987369,57,3,60
4854250851,57,1,58
4864056067,57,2,59
4871961853,57,4,61
4876462094,57,3,60
4884155667,57,3,60
4899354976,57,3,60
703472256425586689,57,1,58
705467179215384577,57,0,57
705568732148531200,57,6,63
705896728373886982,57,0,57
708024933264318464,57,3,60
708039673684295680,57,6,63
708828232049684480,57,0,57
709493100356329472,57,6,63
712449623181234176,57,2,59
715135364600606720,57,2,59
718452280240934913,57,44,101
719965357755138048,57,4,61
727005371647168513,57,0,57
731157103973441537,57,17,74
743814140557402112,57,1,58
746379059727204357,57,4,61
747060381856694272,57,1,58
750857122968109056,57,4,61
754110888446087168,57,2,59
755763627160985601,57,1,58
756255958481903618,57,2,59
756339959141900288,57,3,60
757890402200457216,57,1,58
759208342212448256,57,0,57
759920940083912704,57,0,57
760526770684751872,57,0,57
762801097018781696,57,4,61
764827032979140608,57,1,58
765677909629669376,57,0,57
767015974595923968,57,3,60
767237265605193728,57,0,57
768390753718599680,57,2,59
768439928522813441,57,0,57
771104412324560896,57,0,57
775772942546403328,57,0,57
782631842310520832,57,7,64
783029464267620353,57,2,59
783462236744327169,57,0,57
785482805727813632,57,6,63
785857431272353802,57,0,57
786198604792946688,57,1,58
786814848269164544,57,2,59
787636486971817986,57,3,60
789576425745453056,57,2,59
793965968653324288,57,2,59
11447982,56,0,56
17154836,56,0,56
17352859,56,0,56
17949313,56,0,56
18900675,56,2,58
18925730,56,0,56
19519035,56,2,58
19637012,56,5,61
21051380,56,154,210
23039009,56,0,56
24692175,56,16,72
25164815,56,7,63
26572089,56,3,59
27835263,56,2,58
28167485,56,0,56
28573074,56,9,65
29380505,56,3,59
29548812,56,3,59
29558389,56,2,58
30509664,56,11,67
33219626,56,2,58
35899140,56,1,57
36302159,56,8,64
44277024,56,5,61
45608857,56,6,62
46441019,56,2,58
46640356,56,1,57
47166195,56,1,57
48528011,56,4,60
49099228,56,1,57
49168231,56,2,58
53338750,56,1,57
60694055,56,3,59
60896114,56,19,75
61875599,56,6,62
68807455,56,5,61
69625887,56,1,57
73128845,56,7,63
73842387,56,1,57
79884891,56,0,56
84135023,56,7,63
85589618,56,1,57
86317143,56,7,63
100049068,56,2,58
102804535,56,2,58
111466072,56,15,71
117956244,56,0,56
124137039,56,1,57
125801959,56,2,58
132378981,56,7,63
134241474,56,1,57
139755815,56,1,57
148886933,56,0,56
154122043,56,1,57
161340681,56,0,56
168882615,56,1,57
172811469,56,0,56
174069619,56,26,82
174618314,56,1,57
193984161,56,1,57
195355640,56,0,56
204389438,56,1,57
208105850,56,3,59
215176618,56,1,57
218965318,56,0,56
224183827,56,0,56
224424992,56,0,56
238997174,56,0,56
241583424,56,3,59
241592876,56,2,58
249925176,56,0,56
251869750,56,7,63
255359266,56,11,67
259552138,56,4,60
269003820,56,2,58
269954817,56,0,56
274556937,56,5,61
285176380,56,5,61
286895425,56,2,58
291683439,56,1,57
298069311,56,0,56
308750887,56,86,142
308793927,56,0,56
310953974,56,2,58
311367013,56,2,58
314676814,56,4,60
318044919,56,3,59
331983140,56,4,60
344166684,56,4,60
362915516,56,1,57
388150165,56,60,116
411821389,56,1,57
427839732,56,3,59
436303189,56,0,56
490587881,56,2,58
511293519,56,4,60
514404215,56,1,57
518359041,56,3,59
528995221,56,2,58
529589786,56,2,58
539319170,56,2,58
552362937,56,7,63
554366157,56,2,58
555901228,56,0,56
559009166,56,3,59
588192356,56,0,56
725009083,56,3,59
731035650,56,0,56
740464286,56,2,58
785204612,56,1,57
811842228,56,1,57
834283494,56,1,57
845913200,56,13,69
869025762,56,2,58
885662756,56,8,64
913483350,56,0,56
956022049,56,0,56
971712865,56,1,57
986624299,56,8,64
1100096204,56,2,58
1113812390,56,0,56
1132485474,56,0,56
1247491603,56,8,64
1347360060,56,5,61
1355273383,56,0,56
1365739861,56,3,59
1385771785,56,1,57
1407000362,56,0,56
1593967615,56,1,57
1672422194,56,0,56
1692021860,56,1,57
1733420300,56,0,56
1854515935,56,1,57
1864361654,56,0,56
1885099627,56,5,61
1902213510,56,1,57
1935690853,56,2,58
1963285476,56,4,60
2162694053,56,4,60
2167236591,56,1,57
2177658393,56,2,58
2178494170,56,1,57
2189192926,56,0,56
2193522804,56,1,57
2247787315,56,2,58
2255091123,56,0,56
2301990517,56,1,57
2315807137,56,0,56
2344030372,56,2,58
2369354528,56,1,57
2380832109,56,1,57
2411586222,56,4,60
2433048841,56,5,61
2469848542,56,0,56
2518956876,56,1,57
2584693238,56,2,58
2645943703,56,0,56
2724404119,56,0,56
2729691812,56,4,60
2761898817,56,5,61
2764999026,56,2,58
2891003632,56,16,72
2892578177,56,0,56
2960028841,56,1,57
2970596709,56,0,56
2993513967,56,0,56
2993941393,56,0,56
3000391547,56,5,61
3030666096,56,6,62
3034111655,56,3,59
3060330596,56,3,59
3086944401,56,2,58
3100878287,56,0,56
3103575260,56,0,56
3129976557,56,1,57
3153713868,56,1,57
3188652354,56,2,58
3193615422,56,2,58
3228332542,56,1,57
3232008447,56,0,56
3280229443,56,9,65
3305231980,56,8,64
3310740463,56,2,58
3316417512,56,24,80
3352366589,56,0,56
3366405443,56,0,56
3369938530,56,3,59
3383161810,56,3,59
3397576972,56,1,57
3408074705,56,3,59
3425371798,56,1,57
3441165682,56,2,58
3494008336,56,6,62
3707246052,56,2,58
3813059794,56,0,56
3884988372,56,3,59
3947805317,56,2,58
3956055689,56,8,64
4052337438,56,1,57
4053477192,56,3,59
4097455153,56,0,56
4213464046,56,0,56
4213780307,56,6,62
4227822587,56,2,58
4493789176,56,1,57
4497573080,56,5,61
4540762845,56,9,65
4644413847,56,0,56
4705335097,56,6,62
4726362649,56,0,56
4798482944,56,5,61
704501039605616640,56,2,58
708102003013132288,56,12,68
709588340840865793,56,3,59
710879893584654336,56,5,61
712334982178430976,56,1,57
712666058335715329,56,1,57
713011746135531524,56,9,65
713063391900729344,56,2,58
713401762678501376,56,5,61
713582080291172352,56,26,82
714681863487545346,56,1,57
719174272866869248,56,1,57
720969330066894848,56,0,56
727614203448549377,56,0,56
727944198792470528,56,4,60
729980718798000129,56,2,58
735603498558054400,56,54,110
739544256944037888,56,8,64
739901124367556608,56,0,56
739934222836768768,56,8,64
740147001699012608,56,14,70
743853396520738816,56,4,60
745328366245449728,56,15,71
745596884203495424,56,1,57
751931600829571072,56,2,58
752551654218760192,56,0,56
753472878360813568,56,6,62
754017231974068225,56,1,57
754115413034737664,56,2,58
754774634407407617,56,1,57
758089361829273601,56,0,56
759495799407456256,56,3,59
761548191959441408,56,1,57
768548781021356032,56,1,57
770721672617918464,56,0,56
774016030859468800,56,0,56
775558437220474881,56,1,57
778558082301526016,56,1,57
778720068154699778,56,3,59
780646301310398464,56,0,56
780840467277549568,56,4,60
781872208884801536,56,0,56
782602320769011713,56,3,59
782748679094558721,56,3,59
782818901755174912,56,4,60
789223389739089921,56,4,60
14372784,55,6,61
14784955,55,1,56
15201203,55,3,58
15487981,55,0,55
15563349,55,31,86
15974761,55,2,57
16058649,55,4,59
16529755,55,2,57
16623514,55,0,55
17069766,55,1,56
17203795,55,53,108
17499684,55,1,56
19448716,55,0,55
20428579,55,11,66
21972530,55,1,56
22819438,55,0,55
23373502,55,1,56
23380149,55,46,101
23701438,55,1,56
27457608,55,11,66
31879662,55,2,57
32478466,55,2,57
32557077,55,1,56
33383074,55,2,57
33877540,55,1,56
35525602,55,3,58
38297733,55,0,55
45265619,55,4,59
45594773,55,27,82
47025341,55,4,59
47253057,55,0,55
51623734,55,0,55
51630042,55,1,56
55043066,55,1,56
56447274,55,0,55
56929691,55,1,56
57522782,55,1,56
62959723,55,3,58
70499942,55,0,55
76938950,55,17,72
80647615,55,1,56
89841391,55,0,55
97983023,55,0,55
100369974,55,0,55
112582208,55,0,55
115195884,55,2,57
116235612,55,21,76
118834118,55,3,58
122462526,55,8,63
130345533,55,9,64
137051694,55,2,57
149491758,55,1,56
165934859,55,7,62
169208324,55,2,57
178595022,55,56,111
189990034,55,2,57
191005840,55,0,55
204132287,55,3,58
212273141,55,0,55
223585757,55,11,66
235337115,55,2,57
242187443,55,5,60
247036262,55,7,62
251312302,55,0,55
255665581,55,118,173
259945285,55,2,57
263020925,55,1,56
277792122,55,2,57
278076580,55,2,57
288333829,55,0,55
300069227,55,0,55
371475866,55,0,55
378175619,55,4,59
383641543,55,2,57
396095407,55,0,55
396636288,55,0,55
408131186,55,1,56
410788286,55,3,58
432130766,55,3,58
435176139,55,0,55
445895973,55,1,56
494459606,55,1,56
525631358,55,4,59
529604764,55,1,56
542090289,55,6,61
550666618,55,1,56
563738669,55,3,58
574621059,55,0,55
574948562,55,1,56
581419617,55,0,55
591351748,55,5,60
595799102,55,0,55
603074585,55,0,55
612681531,55,0,55
622632384,55,4,59
630128485,55,2,57
727132566,55,7,62
733538970,55,1,56
754370958,55,1,56
876757566,55,0,55
885731743,55,3,58
906803460,55,1,56
956500429,55,2,57
985668980,55,0,55
997197577,55,1,56
1071448806,55,2,57
1093674732,55,0,55
1151933252,55,27,82
1161604928,55,1,56
1258109052,55,1,56
1265597228,55,0,55
1282456897,55,0,55
1369778664,55,2,57
1417459735,55,0,55
1477840074,55,1,56
1581947954,55,7,62
1601058601,55,1,56
1627496430,55,1,56
1671136236,55,0,55
1865930089,55,28,83
1887844819,55,22,77
1939110636,55,1,56
2159381180,55,0,55
2160560816,55,20,75
2171626666,55,1,56
2189492365,55,3,58
2256965582,55,1,56
2308719945,55,4,59
2327883170,55,5,60
2369506560,55,9,64
2397154233,55,1,56
2414192196,55,3,58
2464756524,55,0,55
2475818118,55,3,58
2488997646,55,2,57
2509417839,55,2,57
2571167838,55,0,55
2592998383,55,1,56
2798661936,55,0,55
2838142815,55,6,61
2849060385,55,3,58
2853379369,55,1,56
2869527457,55,1,56
2889057444,55,1,56
2897136909,55,81,136
2911782351,55,5,60
2913057122,55,0,55
2945002246,55,6,61
2955055584,55,4,59
2985172897,55,7,62
2999169044,55,4,59
3003999514,55,4,59
3013278890,55,2,57
3035315280,55,4,59
3236447924,55,2,57
3271939207,55,5,60
3279548570,55,1,56
3291998731,55,1,56
3296418733,55,23,78
3306337579,55,0,55
3373355601,55,1,56
3378077458,55,1,56
3380119547,55,0,55
3400894919,55,0,55
3406808015,55,0,55
3407362587,55,1,56
3413773991,55,2,57
3428565077,55,0,55
3439065657,55,0,55
3447154283,55,10,65
3585393859,55,0,55
3702702203,55,2,57
3711852739,55,18,73
3713350762,55,2,57
3906745699,55,5,60
3961519173,55,6,61
4031486674,55,1,56
4129147770,55,2,57
4135399161,55,0,55
4317051556,55,10,65
4433813297,55,3,58
4493790927,55,0,55
4533072494,55,5,60
4551477141,55,1,56
4639100177,55,4,59
4704062288,55,0,55
4830272717,55,0,55
4854732196,55,14,69
4874385729,55,1,56
701613078878806016,55,0,55
704418090814058496,55,0,55
705073654305071105,55,0,55
705936590204510208,55,3,58
711660574644563969,55,3,58
713762574156718080,55,2,57
716883791650770944,55,2,57
718858331457097728,55,1,56
718879123993534465,55,2,57
728427437336367104,55,2,57
730952276668383233,55,0,55
737871390045548544,55,1,56
740684938744303616,55,1,56
741042177128599553,55,1,56
743204508994412544,55,0,55
744512044725116928,55,2,57
746473869293330432,55,58,113
750337030488489984,55,0,55
751155918163828741,55,0,55
754021502375395328,55,3,58
754101056724930560,55,0,55
755171082097786880,55,1,56
755779843434745858,55,9,64
756873856099323905,55,6,61
756897157807038464,55,3,58
758473906369900544,55,4,59
758804186150477825,55,0,55
759148974137901056,55,0,55
761195170725453828,55,1,56
761252506836013056,55,0,55
765734247961210880,55,1,56
767113287225999360,55,19,74
775482538672418816,55,9,64
777002282865070080,55,1,56
778299238979473408,55,4,59
781813365945556992,55,6,61
783258449945780224,55,3,58
784560732834828288,55,1,56
784607319208460288,55,3,58
784635915989815296,55,2,57
789299173782806528,55,0,55
797390192764022785,55,26,81
14684198,54,0,54
15142117,54,0,54
15619384,54,0,54
16081601,54,3,57
16371169,54,3,57
17591448,54,7,61
18426969,54,1,55
18536009,54,1,55
19331152,54,1,55
20148675,54,30,84
21703120,54,1,55
22846618,54,86,140
24122601,54,0,54
26419242,54,1,55
26528766,54,28,82
26566064,54,2,56
27068408,54,0,54
27600955,54,5,59
29654096,54,2,56
29792476,54,3,57
34238686,54,1,55
35512608,54,2,56
38489121,54,7,61
39206452,54,2,56
41421828,54,3,57
43445273,54,1,55
44213548,54,2,56
45123137,54,0,54
47346306,54,0,54
48986203,54,2,56
56363520,54,0,54
57054950,54,0,54
61015562,54,6,60
67883291,54,7,61
68390853,54,3,57
69109806,54,0,54
69391030,54,0,54
72166789,54,3,57
79590214,54,1,55
85107516,54,4,58
86726775,54,0,54
88296327,54,13,67
88616527,54,1,55
104924567,54,4,58
105726415,54,3,57
106344119,54,0,54
108400841,54,2,56
110476398,54,0,54
131952828,54,0,54
136960509,54,3,57
138107759,54,3,57
139096605,54,0,54
140641561,54,104,158
142565305,54,2,56
149307364,54,2,56
162555684,54,3,57
168385910,54,1,55
179556712,54,0,54
192798405,54,4,58
198626806,54,3,57
201295178,54,4,58
213169863,54,0,54
214046074,54,3,57
230862357,54,0,54
236514807,54,1,55
236973242,54,1,55
247124972,54,2,56
267538236,54,9,63
283327937,54,8,62
289256811,54,2,56
293328771,54,4,58
294739464,54,0,54
299220494,54,115,169
301232050,54,0,54
322031788,54,3,57
339211496,54,5,59
343018585,54,0,54
344530080,54,1,55
345993851,54,0,54
351381169,54,0,54
353730821,54,0,54
363778131,54,2,56
376872093,54,0,54
390796493,54,2,56
402676038,54,103,157
404970636,54,0,54
446984396,54,0,54
452381206,54,13,67
456137896,54,1,55
460235751,54,4,58
463187558,54,1,55
473523572,54,1,55
476071173,54,2,56
482481041,54,0,54
503494582,54,2,56
522586459,54,1,55
528746268,54,2,56
533298876,54,0,54
534606191,54,5,59
550609555,54,2,56
557046649,54,0,54
568420247,54,0,54
597449483,54,0,54
621200087,54,1,55
794368208,54,7,61
807446946,54,1,55
809505366,54,4,58
816672978,54,0,54
858116047,54,6,60
885687068,54,4,58
917723953,54,1,55
976484947,54,1,55
987680096,54,1,55
1123684867,54,0,54
1147276890,54,3,57
1147437914,54,2,56
1181842302,54,21,75
1192597950,54,4,58
1247454686,54,3,57
1281657223,54,2,56
1311234006,54,28,82
1316308776,54,0,54
1367363419,54,1,55
1370920754,54,1,55
1431351878,54,6,60
1462741146,54,6,60
1470409188,54,1,55
1532661720,54,0,54
1609253576,54,9,63
1613510059,54,5,59
1621868402,54,2,56
1648039956,54,0,54
1667871283,54,9,63
1687108951,54,4,58
1691499066,54,10,64
1703057576,54,0,54
1725530989,54,2,56
1902990565,54,2,56
1942253473,54,4,58
2164634731,54,0,54
2193065825,54,1,55
2205261256,54,2,56
2210248683,54,1,55
2252260969,54,2,56
2312614170,54,1,55
2342356352,54,2,56
2385703302,54,1,55
2395817496,54,1,55
2397132581,54,0,54
2402465994,54,1,55
2404897406,54,4,58
2497451660,54,2,56
2508867608,54,4,58
2522155353,54,1,55
2552813402,54,24,78
2728534228,54,3,57
2784713974,54,2,56
2807499635,54,1,55
2808315595,54,0,54
2821125651,54,0,54
2847499691,54,1,55
2886950441,54,2,56
2903168068,54,0,54
2920651226,54,5,59
2935219918,54,1,55
2989845827,54,0,54
3022158560,54,3,57
3025766500,54,3,57
3082159592,54,1,55
3100198479,54,1,55
3119387615,54,0,54
3133649726,54,2,56
3139458601,54,2,56
3177726760,54,0,54
3191591624,54,1,55
3252158772,54,0,54
3265506044,54,4,58
3309022502,54,2,56
3316957735,54,1,55
3369332271,54,0,54
3405669239,54,6,60
3407317754,54,2,56
3409039601,54,0,54
3413472017,54,1,55
3537693677,54,2,56
3611318788,54,6,60
3615838583,54,0,54
3686322733,54,4,58
3775944373,54,1,55
3785543056,54,1,55
3803863217,54,0,54
3896306594,54,0,54
3957056895,54,0,54
4140818604,54,2,56
4172969354,54,1,55
4197546072,54,4,58
4216922654,54,2,56
4261326773,54,1,55
4445830512,54,1,55
4670991676,54,2,56
4692578012,54,4,58
4750409127,54,2,56
4853913459,54,3,57
4855044657,54,20,74
4916793849,54,2,56
701784908692332545,54,3,57
703264587018342400,54,4,58
703655442681999361,54,2,56
705517289320423426,54,6,60
710296989313994752,54,0,54
711215011046105088,54,1,55
713160442995060736,54,1,55
715930119626301440,54,4,58
718114773297049600,54,0,54
718823260725645314,54,2,56
724258035107917825,54,1,55
726048279998291971,54,0,54
726446916876292097,54,0,54
730225403231666176,54,15,69
731238209397497856,54,5,59
737235263622021120,54,0,54
737506416710160384,54,2,56
739573117870309376,54,0,54
741820574448521218,54,3,57
746051954875502592,54,0,54
749043841697710080,54,1,55
749682943002484736,54,0,54
754691589583335425,54,0,54
755267759982784512,54,4,58
756926979300028416,54,4,58
758771805116964869,54,2,56
759139144949833728,54,0,54
759187077695172608,54,2,56
768999492964102144,54,0,54
771127026711457792,54,1,55
772428676688248832,54,3,57
773663429307564032,54,1,55
775164334641065985,54,3,57
777600985329987584,54,2,56
778980976596619264,54,0,54
781603145269075969,54,3,57
781700168764760064,54,3,57
782610512936771585,54,3,57
782654367014854656,54,7,61
783456597326508032,54,2,56
788089617702608896,54,1,55
792803253406822400,54,0,54
796938566001688576,54,0,54
797608852665446400,54,1,55
798392083551842304,54,0,54
381683,53,11,64
15238719,53,1,54
16650352,53,0,53
17859082,53,3,56
17939675,53,4,57
17953041,53,2,55
18175578,53,4,57
18324068,53,1,54
18813074,53,7,60
19515182,53,2,55
20844257,53,4,57
20998770,53,7,60
21000275,53,4,57
22439159,53,11,64
22789029,53,0,53
23299665,53,2,55
23730301,53,2,55
24889796,53,0,53
28252034,53,2,55
28693889,53,1,54
29493358,53,5,58
29611404,53,0,53
29689510,53,0,53
32921077,53,206,259
35298962,53,7,60
37590318,53,2,55
40548350,53,0,53
50902189,53,0,53
51670985,53,2,55
54040258,53,2,55
57814841,53,3,56
66739501,53,0,53
68486911,53,15,68
77135297,53,4,57
83711992,53,5,58
85742138,53,2,55
95809760,53,0,53
103534985,53,0,53
110550362,53,1,54
111853432,53,1,54
124444346,53,0,53
129574817,53,2,55
133259087,53,5,58
135910855,53,6,59
144327967,53,1,54
171203334,53,0,53
179786005,53,0,53
180982381,53,8,61
201270123,53,2,55
204099617,53,1,54
204997855,53,2,55
212414025,53,1,54
219815857,53,9,62
223322764,53,0,53
246351909,53,1,54
248379643,53,2,55
253074764,53,0,53
260383081,53,2,55
261207256,53,5,58
262684253,53,21,74
266490707,53,0,53
268430514,53,2,55
269981782,53,7,60
274316654,53,0,53
274679926,53,1,54
278385017,53,3,56
281667926,53,5,58
290136204,53,1,54
296446628,53,1,54
305821954,53,1,54
307084615,53,0,53
310788256,53,2,55
319989267,53,7,60
321775337,53,0,53
324793493,53,6,59
332544323,53,0,53
337976546,53,0,53
344437638,53,4,57
350317017,53,7,60
358545917,53,9,62
366819502,53,2,55
391110906,53,1,54
394105182,53,3,56
406439640,53,1,54
424682418,53,4,57
425061632,53,10,63
465968476,53,0,53
474438465,53,0,53
476811284,53,67,120
495670777,53,6,59
513353300,53,1,54
519025164,53,54,107
531875458,53,4,57
532457186,53,0,53
532608870,53,2,55
541472368,53,3,56
574183384,53,2,55
577553459,53,3,56
587456579,53,3,56
594050440,53,2,55
608703299,53,2,55
715503390,53,0,53
747566978,53,3,56
781640155,53,4,57
800445865,53,2,55
808005985,53,0,53
814480088,53,1,54
823164444,53,0,53
880198566,53,2,55
898904244,53,6,59
908992992,53,1,54
935649138,53,3,56
961359030,53,1,54
1037823200,53,6,59
1048774327,53,4,57
1099681615,53,0,53
1152874315,53,2,55
1193780617,53,0,53
1205010060,53,0,53
1267948406,53,3,56
1350140299,53,4,57
1356992605,53,0,53
1577789274,53,7,60
1580758652,53,0,53
1616815981,53,0,53
1621208437,53,0,53
1908512005,53,3,56
1928171965,53,4,57
1965372564,53,0,53
2169470797,53,3,56
2200235154,53,3,56
2252899982,53,1,54
2272154708,53,0,53
2307195656,53,5,58
2310892912,53,3,56
2337490808,53,2,55
2369242651,53,0,53
2409042469,53,1,54
2423084821,53,0,53
2438854128,53,0,53
2532648118,53,14,67
2559756184,53,6,59
2565303782,53,8,61
2593009446,53,2,55
2603407614,53,1,54
2605979677,53,8,61
2723392119,53,6,59
2745410698,53,1,54
2775504008,53,1,54
2776902234,53,0,53
2778816007,53,4,57
2806659268,53,1,54
2809562311,53,2,55
2809903862,53,0,53
2833233158,53,0,53
2884415948,53,1,54
2885081908,53,0,53
2910369714,53,14,67
2940073999,53,3,56
2972417742,53,0,53
3018352461,53,0,53
3018712512,53,1,54
3046840980,53,13,66
3149758719,53,2,55
3170548810,53,3,56
3207820942,53,1,54
3219008311,53,1,54
3225611708,53,2,55
3231411456,53,4,57
3241392321,53,0,53
3310750476,53,2,55
3310799010,53,0,53
3327788605,53,2,55
3342957033,53,0,53
3375202551,53,4,57
3406264282,53,3,56
3424241752,53,0,53
3508811473,53,1,54
3578308875,53,0,53
3722111236,53,5,58
3777551895,53,0,53
3817413628,53,1,54
3842388994,53,1,54
3848820318,53,95,148
3884049719,53,1,54
3894224714,53,2,55
3948061168,53,2,55
3951682217,53,5,58
3992759129,53,0,53
4183143615,53,0,53
4226227102,53,1,54
4227599543,53,0,53
4247959813,53,3,56
4405523956,53,8,61
4429461077,53,1,54
4479094273,53,1,54
4485831863,53,2,55
4629672376,53,0,53
4659654224,53,3,56
4696877743,53,0,53
4707467188,53,2,55
4842309661,53,0,53
4845415637,53,13,66
4858778547,53,2,55
4860570419,53,2,55
4869158308,53,1,54
4875923319,53,2,55
4886053419,53,6,59
4903277523,53,1,54
4926296153,53,12,65
701191479654481923,53,0,53
702524531412488193,53,0,53
704061400960933889,53,0,53
704413867917447168,53,0,53
704936995806683137,53,15,68
705281954170556417,53,3,56
705548001255800833,53,0,53
707771294024994818,53,3,56
708230888744570882,53,2,55
708468714488860672,53,5,58
709722550058795009,53,2,55
710544079931572224,53,0,53
715956584023719937,53,18,71
716004945628151809,53,22,75
717132040395554817,53,0,53
721484105850822656,53,3,56
721780311202390017,53,4,57
723665567912202241,53,2,55
724736735364542464,53,1,54
725683704337719296,53,0,53
726020282536853504,53,15,68
731394599952908288,53,1,54
732702202372841472,53,2,55
732736514006753280,53,4,57
739217267104309248,53,1,54
739994610798202881,53,1,54
742064950345138176,53,3,56
742425115124629504,53,1,54
745045128713224192,53,1,54
753933982077710336,53,4,57
757482753247973376,53,6,59
759051618625032193,53,1,54
760332710393020416,53,3,56
768275668937412608,53,1,54
769607999304400896,53,3,56
772849841261150208,53,2,55
774104327984001024,53,2,55
776470695995854849,53,1,54
776606687918555137,53,1,54
776607439307157504,53,2,55
783447229080010753,53,1,54
784813979432476672,53,5,58
787094440129073152,53,1,54
788587909360316418,53,1,54
795738730493460480,53,1,54
7080552,52,21,73
14136963,52,1,53
16495008,52,5,57
18102864,52,5,57
18256467,52,0,52
18498934,52,0,52
19264063,52,5,57
20197657,52,0,52
20319147,52,5,57
20724439,52,1,53
20878297,52,1,53
21651982,52,1,53
23202327,52,8,60
24739879,52,0,52
26459660,52,5,57
27268424,52,8,60
28796543,52,3,55
31667040,52,0,52
32824532,52,2,54
32877719,52,4,56
33786168,52,2,54
36538396,52,42,94
37911318,52,3,55
38756029,52,4,56
38976390,52,10,62
40874240,52,106,158
42151849,52,0,52
42283761,52,0,52
49465966,52,0,52
53931403,52,2,54
55009905,52,4,56
56312505,52,6,58
57200416,52,2,54
58191549,52,2,54
59319365,52,3,55
61415761,52,37,89
62074831,52,2,54
63357527,52,7,59
66736020,52,3,55
71613350,52,0,52
72406138,52,11,63
75112589,52,1,53
77327887,52,0,52
79175176,52,0,52
89490661,52,27,79
91476949,52,0,52
94384054,52,3,55
94818581,52,0,52
135258477,52,0,52
149318455,52,3,55
150063841,52,1,53
176564327,52,1,53
189225689,52,1,53
201185778,52,2,54
215666915,52,0,52
218348332,52,5,57
225356039,52,1,53
226723035,52,2,54
240400042,52,0,52
240413628,52,5,57
241266878,52,19,71
250952665,52,1,53
255224112,52,0,52
255756500,52,0,52
260383000,52,1,53
265011368,52,2,54
265413645,52,7,59
269902419,52,2,54
271172870,52,9,61
271269713,52,2,54
293321174,52,3,55
303791619,52,0,52
319432175,52,4,56
330027143,52,0,52
340551401,52,1,53
378812637,52,0,52
392479429,52,0,52
394231278,52,1,53
394817605,52,0,52
408084708,52,1,53
411194431,52,1,53
421991445,52,1,53
422176238,52,0,52
431102563,52,1,53
431217249,52,0,52
446755818,52,1,53
468215851,52,2,54
492651615,52,2,54
517022181,52,1,53
520469407,52,1,53
524159710,52,0,52
531893966,52,1,53
533666781,52,2,54
538725244,52,4,56
544886223,52,1,53
564710013,52,0,52
586083217,52,2,54
594186569,52,1,53
614498529,52,0,52
615931330,52,1,53
631398702,52,1,53
633316772,52,5,57
636745764,52,2,54
714508458,52,3,55
741779779,52,0,52
752016452,52,6,58
782708911,52,1,53
785597240,52,0,52
788289768,52,5,57
789599245,52,2,54
806254171,52,4,56
825351942,52,9,61
846330048,52,44,96
860729216,52,1,53
860807707,52,61,113
863844014,52,1,53
867253105,52,0,52
873780536,52,18,70
885701209,52,5,57
891309109,52,1,53
910728050,52,3,55
921573337,52,2,54
957646411,52,0,52
963965377,52,1,53
974728872,52,0,52
985580779,52,6,58
985914938,52,1,53
1018422037,52,8,60
1087226053,52,2,54
1152739855,52,1,53
1210098278,52,42,94
1263033402,52,10,62
1284984632,52,6,58
1322744570,52,2,54
1514355565,52,1,53
1533617113,52,0,52
1536979502,52,0,52
1646839651,52,2,54
1655493013,52,3,55
1854774709,52,3,55
1877544272,52,1,53
1886667756,52,7,59
1904362783,52,6,58
1942092877,52,0,52
1951406928,52,8,60
1978934762,52,4,56
2167340796,52,29,81
2193668930,52,1,53
2215680066,52,4,56
2228896081,52,0,52
2268321580,52,1,53
2284514707,52,103,155
2292492709,52,1,53
2315937240,52,5,57
2326394664,52,2,54
2341458348,52,28,80
2402021480,52,1,53
2415253009,52,0,52
2442980549,52,1,53
2471529011,52,0,52
2472987812,52,5,57
2511520796,52,1,53
2530913162,52,6,58
2691652430,52,6,58
2704214133,52,4,56
2739946522,52,2,54
2745025351,52,0,52
2756122461,52,0,52
2772932936,52,0,52
2780767405,52,4,56
2801177472,52,2,54
2802577265,52,0,52
2804447746,52,0,52
2837304870,52,0,52
2880211960,52,3,55
2881554124,52,16,68
2889274562,52,1,53
2898721132,52,1,53
2901033340,52,2,54
2910763666,52,0,52
2975906151,52,0,52
2980539141,52,2,54
3001595159,52,0,52
3023012504,52,3,55
3039975060,52,8,60
3061240205,52,0,52
3085537886,52,2,54
3087493799,52,3,55
3122401793,52,0,52
3124412854,52,2,54
3126780107,52,0,52
3128315470,52,0,52
3185061097,52,1,53
3191493157,52,5,57
3201406413,52,1,53
3245064082,52,0,52
3297008537,52,3,55
3400679703,52,2,54
3576049577,52,5,57
3651908234,52,8,60
3741686833,52,2,54
3951303628,52,0,52
3983315893,52,0,52
4136439261,52,0,52
4145327770,52,3,55
4179304881,52,0,52
4319043259,52,0,52
4328529973,52,2,54
4356572423,52,2,54
4363198276,52,0,52
4518641069,52,2,54
4634229331,52,2,54
4704024206,52,16,68
4816775232,52,9,61
4817802313,52,0,52
4835275677,52,0,52
4861243801,52,1,53
4896873268,52,1,53
4911342745,52,1,53
701466020704288773,52,2,54
704165704149303296,52,0,52
705033380837126144,52,0,52
705173135998459904,52,2,54
709086771548704769,52,3,55
710804522856108032,52,0,52
711232777774112768,52,0,52
714643054993350656,52,0,52
717245755862491137,52,8,60
719939067136385024,52,0,52
723231998534422532,52,0,52
726066162228830212,52,0,52
727256361877262336,52,82,134
728350943381704707,52,6,58
729858247297900544,52,8,60
730702539243413504,52,0,52
736413606930059264,52,4,56
737356489829023744,52,1,53
738902155675869184,52,1,53
739960384573046784,52,1,53
745789778885550080,52,0,52
750042359442780161,52,5,57
750561204905672704,52,1,53
754726089906327552,52,7,59
758818543001440256,52,2,54
759224582003888128,52,9,61
759304595805839360,52,1,53
760263090503950336,52,2,54
761667353230782464,52,0,52
762341141769433088,52,0,52
763691654050185216,52,0,52
763827086826110976,52,5,57
764196532287578113,52,1,53
767171236598206464,52,4,56
768848067097354240,52,0,52
772906825058492417,52,0,52
777293077077594112,52,0,52
777531256267378688,52,0,52
782012440191959040,52,0,52
784984271102418946,52,3,55
785541000613724160,52,1,53
787415804740382720,52,3,55
792849663552581633,52,1,53
15546191,51,8,59
15852085,51,6,57
16263066,51,0,51
16488155,51,0,51
16664309,51,56,107
17547456,51,4,55
17896573,51,14,65
17904171,51,2,53
17955431,51,1,52
18786099,51,7,58
18843752,51,50,101
19423796,51,2,53
20668255,51,7,58
21371939,51,58,109
22089153,51,1,52
22375287,51,3,54
22460413,51,3,54
23795703,51,1,52
25464516,51,3,54
28586814,51,2,53
29522778,51,2,53
30989204,51,0,51
32812229,51,0,51
32921811,51,0,51
36423281,51,34,85
36459231,51,13,64
36640129,51,3,54
36644183,51,4,55
36703948,51,1,52
37038925,51,0,51
37845006,51,1,52
38896608,51,6,57
38908846,51,0,51
39312095,51,1,52
39733598,51,1,52
43702019,51,7,58
45439376,51,1,52
45838753,51,2,53
51082437,51,0,51
51315192,51,4,55
54052856,51,0,51
55676803,51,3,54
57256424,51,2,53
58208753,51,3,54
62006607,51,5,56
63003206,51,4,55
64219311,51,4,55
64676384,51,0,51
66240525,51,4,55
66686131,51,69,120
70751132,51,6,57
74529892,51,5,56
75104538,51,4,55
77142080,51,16,67
77672278,51,3,54
85386747,51,0,51
89814085,51,0,51
105112655,51,4,55
114133182,51,4,55
130727278,51,0,51
131551379,51,1,52
131632068,51,0,51
133971844,51,5,56
160633170,51,0,51
161485260,51,9,60
163269552,51,3,54
195435902,51,2,53
195738913,51,9,60
215062076,51,4,55
215179218,51,1,52
218351169,51,1,52
219878231,51,1,52
228525788,51,0,51
235326480,51,3,54
244101227,51,0,51
246464087,51,2,53
253397577,51,0,51
253736558,51,0,51
253997764,51,4,55
255827278,51,181,232
259489745,51,3,54
264478251,51,1,52
265500719,51,3,54
267705113,51,0,51
274218971,51,1,52
295309894,51,0,51
311642750,51,7,58
326448522,51,5,56
332101950,51,2,53
344362966,51,1,52
348182875,51,1,52
350045415,51,0,51
350334606,51,1,52
357528866,51,6,57
360433657,51,0,51
369318439,51,11,62
373041469,51,3,54
374712154,51,0,51
383523420,51,0,51
395032876,51,13,64
403683707,51,7,58
414003816,51,811,862
425369804,51,2,53
448160125,51,0,51
455571514,51,2,53
466157580,51,3,54
476995113,51,1,52
488803791,51,3,54
523085134,51,0,51
525590041,51,3,54
538370777,51,11,62
538588302,51,1,52
540903074,51,3,54
542047708,51,3,54
562518749,51,3,54
582352257,51,1,52
588676346,51,1,52
594870096,51,4,55
607269372,51,3,54
611024226,51,0,51
616871283,51,8,59
627586031,51,1,52
700680157,51,3,54
703994049,51,3,54
741835819,51,1,52
756260832,51,15,66
796742695,51,6,57
805559731,51,1,52
814233661,51,13,64
831864182,51,7,58
841519644,51,5,56
870650388,51,1,52
898924958,51,0,51
902229428,51,0,51
916888770,51,1,52
920219473,51,3,54
952437877,51,0,51
964690014,51,3,54
971718576,51,1,52
980692004,51,5,56
1005944970,51,2,53
1035376896,51,0,51
1057645927,51,5,56
1076547972,51,2,53
1183754426,51,5,56
1307480432,51,1,52
1398100382,51,30,81
1446627703,51,2,53
1536416384,51,0,51
1539063318,51,6,57
1549873879,51,1,52
1552235011,51,0,51
1594433984,51,5,56
1618559449,51,0,51
1844541786,51,2,53
1869855643,51,0,51
1884527750,51,1,52
1896329528,51,2,53
1933427017,51,1,52
2179158133,51,0,51
2218006742,51,1,52
2229626686,51,2,53
2241671448,51,2,53
2249754560,51,0,51
2271057959,51,6,57
2278340414,51,3,54
2288500874,51,0,51
2299203717,51,1,52
2315679386,51,2,53
2326445461,51,1,52
2351423275,51,1,52
2377159574,51,0,51
2404148318,51,9,60
2409702013,51,7,58
2420888429,51,3,54
2437505664,51,3,54
2449650492,51,2,53
2486240888,51,0,51
2495373469,51,1,52
2497564429,51,1,52
2516648145,51,1,52
2523016759,51,7,58
2586109003,51,0,51
2588059406,51,0,51
2614244476,51,1,52
2817108419,51,20,71
2822619188,51,1,52
2863719031,51,0,51
2907388143,51,4,55
2981105207,51,1,52
3007502276,51,31,82
3024126927,51,2,53
3124317363,51,0,51
3238287192,51,3,54
3294419901,51,0,51
3299686409,51,7,58
3306514502,51,4,55
3311859836,51,1,52
3314562109,51,3,54
3352999153,51,3,54
3385362887,51,0,51
3420965393,51,5,56
3642738076,51,1,52
3644789603,51,3,54
3685459885,51,3,54
3688938677,51,5,56
3797194522,51,4,55
3826785916,51,3,54
3844149733,51,0,51
3896298147,51,18,69
4041137254,51,0,51
4051494614,51,2,53
4149878065,51,114,165
4190648303,51,5,56
4313704880,51,3,54
4479963690,51,1,52
4505848156,51,0,51
4561771266,51,1,52
4690759914,51,2,53
4761415980,51,2,53
4808501420,51,2,53
4809282252,51,3,54
4810135299,51,3,54
4855691473,51,0,51
4860406902,51,2,53
4880025725,51,0,51
4916082367,51,0,51
4916609161,51,1,52
4919996619,51,2,53
703995932048756736,51,0,51
704037936912855043,51,50,101
705387040561610753,51,2,53
705447324831453186,51,4,55
707383117510672384,51,0,51
710581544864231424,51,0,51
711265942668333056,51,2,53
711895741757845504,51,1,52
713317918344224768,51,0,51
716485050145964033,51,3,54
721729851120431110,51,0,51
722252957564084224,51,2,53
722791121085005825,51,4,55
723987935947792384,51,2,53
724386879924277249,51,2,53
725052846400520193,51,2,53
726404417881276416,51,0,51
727542153094647808,51,7,58
728354872454582272,51,1,52
728710508019253248,51,3,54
729120041795395584,51,3,54
732612795078844416,51,0,51
733505984782467073,51,5,56
734168588001673216,51,0,51
737852458865659904,51,2,53
738580093866385408,51,0,51
742530593808748544,51,7,58
745086276844527617,51,2,53
747407830836088832,51,5,56
752065734956707840,51,4,55
756544143690563585,51,0,51
757993419792875520,51,3,54
758658550939942913,51,2,53
758964734091628544,51,2,53
760229667353788416,51,22,73
761457242965053440,51,0,51
763157274529497088,51,1,52
764121267104583680,51,2,53
764915105742151680,51,4,55
774845372371902466,51,2,53
781287378770075650,51,6,57
783106049394020352,51,4,55
786189934868701184,51,2,53
786292158756229121,51,0,51
793431539535187968,51,0,51
795469042710679552,51,0,51
12818342,50,2,52
15997821,50,1,51
16857735,50,3,53
18167420,50,0,50
18296251,50,7,57
19470319,50,0,50
22407212,50,1,51
23329582,50,3,53
24415592,50,2,52
25690056,50,0,50
26558549,50,0,50
27426002,50,2,52
27933342,50,0,50
28455414,50,3,53
30254642,50,7,57
31603691,50,2,52
33915872,50,1,51
34857549,50,2,52
36540441,50,1,51
38093586,50,2,52
38493206,50,108,158
38578484,50,4,54
39606118,50,151,201
41018809,50,0,50
41468232,50,4,54
41747308,50,0,50
42433492,50,5,55
46746326,50,4,54
49394235,50,2,52
52136249,50,0,50
54258469,50,1,51
54756393,50,0,50
59875712,50,0,50
61577412,50,0,50
63212108,50,2,52
63860918,50,7,57
74030198,50,4,54
87375704,50,7,57
88042869,50,2,52
90915144,50,0,50
91632753,50,0,50
115125517,50,4,54
117190373,50,0,50
123804092,50,1,51
124297037,50,0,50
133487623,50,1,51
135932635,50,2,52
167621823,50,3,53
172157075,50,0,50
182757505,50,1,51
188133381,50,19,69
189142311,50,0,50
190297564,50,7,57
195939956,50,9,59
197499997,50,0,50
202324598,50,6,56
217585327,50,1,51
238790896,50,3,53
250443584,50,0,50
250699864,50,1,51
255287771,50,1,51
256481089,50,4,54
259262340,50,1,51
265041082,50,0,50
266193138,50,5,55
268148729,50,0,50
270679712,50,17,67
272383381,50,0,50
278601154,50,0,50
300444499,50,0,50
314737410,50,0,50
315817464,50,0,50
322266894,50,1,51
322876261,50,119,169
334555988,50,5,55
343663197,50,3,53
344349680,50,1,51
357029197,50,10,60
368522972,50,2,52
368546958,50,1,51
390216261,50,0,50
433587038,50,5,55
447554226,50,1,51
456330615,50,5,55
464384723,50,4,54
466135293,50,2,52
467526081,50,0,50
468505984,50,0,50
469124398,50,2,52
474178244,50,6,56
495288236,50,11,61
505073189,50,5,55
526298403,50,4,54
533712421,50,4,54
533819133,50,2,52
546938667,50,2,52
562498029,50,42,92
603327736,50,4,54
604614336,50,1,51
609374869,50,1,51
710174464,50,7,57
754193946,50,5,55
787697712,50,0,50
830296058,50,0,50
850043929,50,0,50
867336522,50,3,53
885433602,50,1,51
885871045,50,4,54
889947217,50,0,50
901116877,50,0,50
907376150,50,112,162
936712939,50,2,52
981235849,50,8,58
1094450082,50,0,50
1126515734,50,0,50
1164224114,50,47,97
1174762118,50,6,56
1197450984,50,1,51
1257841076,50,0,50
1264718888,50,2,52
1265831268,50,0,50
1283962532,50,3,53
1289581219,50,2,52
1294711250,50,3,53
1295403289,50,1,51
1384985540,50,1,51
1491562196,50,4,54
1491803100,50,0,50
1497052566,50,0,50
1642971589,50,1,51
1663190052,50,0,50
1668756914,50,3,53
1689920359,50,1,51
1854392378,50,0,50
1909804782,50,1,51
1949582760,50,3,53
1961684689,50,8,58
2175238395,50,0,50
2178579863,50,1,51
2197108820,50,4,54
2260671804,50,0,50
2275392128,50,1,51
2279480828,50,0,50
2304030557,50,0,50
2315117503,50,4,54
2316186648,50,1,51
2393602768,50,2,52
2403832916,50,1,51
2431062566,50,3,53
2449002349,50,2,52
2449517581,50,1,51
2471698340,50,0,50
2494211736,50,3,53
2528938028,50,2,52
2571006433,50,2,52
2585231318,50,1,51
2589138230,50,1,51
2597371074,50,2,52
2660686388,50,1,51
2720901920,50,5,55
2753190737,50,0,50
2758568315,50,5,55
2766496962,50,4,54
2769723541,50,0,50
2778186092,50,1,51
2792749508,50,10,60
2840811923,50,3,53
2867786359,50,2,52
2955091368,50,1,51
2980643273,50,0,50
3027590737,50,2,52
3029083276,50,2,52
3047524458,50,1,51
3071051950,50,0,50
3080842813,50,3,53
3098579870,50,4,54
3105393939,50,3,53
3151825386,50,1,51
3152222052,50,7,57
3183970359,50,0,50
3197854454,50,0,50
3226368062,50,13,63
3258756065,50,15,65
3259181138,50,7,57
3284862317,50,1,51
3288416890,50,5,55
3290310954,50,7,57
3296515157,50,6,56
3298532682,50,4,54
3309140282,50,3,53
3339557473,50,4,54
3349598134,50,4,54
3359569401,50,5,55
3365929053,50,23,73
3381043833,50,6,56
3385951406,50,73,123
3428604087,50,3,53
3431974692,50,10,60
3589745233,50,9,59
3730737375,50,1,51
3766303583,50,1,51
3885281773,50,0,50
3899901209,50,0,50
3906984673,50,1,51
3914229792,50,5,55
3955451301,50,7,57
4020301643,50,3,53
4265685075,50,7,57
4420881087,50,1,51
4436237532,50,3,53
4501660992,50,1,51
4551433697,50,3,53
4569256400,50,2,52
4702628401,50,0,50
4736046826,50,0,50
4744226312,50,1,51
4781182130,50,1,51
4801269416,50,2,52
4839872717,50,1,51
4917059115,50,4,54
4924257923,50,3,53
694737927436259328,50,2,52
700012302502924288,50,9,59
701661430978891776,50,4,54
703803520869269504,50,2,52
704050141955825664,50,1,51
705051811376406528,50,8,58
705053571855880193,50,0,50
705541526755999744,50,3,53
706520222572744704,50,3,53
711298631765086208,50,3,53
714154785595854848,50,1,51
716466583812440065,50,4,54
719904229343817728,50,5,55
722804596180066304,50,1,51
723177563099533312,50,3,53
723260693936361472,50,1,51
725121719539736578,50,2,52
729969215864627200,50,0,50
731853484308475904,50,1,51
733635404826435585,50,4,54
738804119029350401,50,5,55
739892025718247424,50,0,50
742109971152674816,50,5,55
742649089171591168,50,1,51
745413665877155840,50,79,129
747050570838642688,50,0,50
747278641730625536,50,4,54
748350314894417920,50,1,51
752527630134571008,50,0,50
758709471069831168,50,72,122
759110604456095746,50,4,54
760332035433066527,50,0,50
760619229003612160,50,0,50
761571301341339648,50,2,52
761967205349285889,50,4,54
766713830462205954,50,3,53
768945650461310976,50,1,51
770710228996423680,50,6,56
771447660062445568,50,0,50
773030309377953792,50,2,52
776241198642171905,50,9,59
776894363217649664,50,2,52
780627110406742016,50,1,51
781631990630014977,50,0,50
783472689793101824,50,0,50
785471573109059588,50,1,51
785685594131210240,50,1,51
786030861724422144,50,2,52
790324600601141249,50,3,53
794265973935243265,50,0,50
804886459480162304,50,4,54
3385951,49,3,52
7445952,49,0,49
12365662,49,0,49
15385236,49,0,49
17196238,49,1,50
17686264,49,3,52
17901142,49,0,49
17980523,49,1,50
18154797,49,5,54
19040876,49,17,66
19147357,49,2,51
19716616,49,2,51
19729977,49,1,50
19790638,49,1,50
19873638,49,0,49
21604812,49,5,54
22853555,49,0,49
23148563,49,3,52
25960025,49,1,50
26107813,49,0,49
26119706,49,2,51
27185109,49,0,49
28565796,49,3,52
29530235,49,0,49
29550280,49,2,51
29888040,49,1,50
31270875,49,1,50
32785658,49,1,50
41964312,49,0,49
46705928,49,3,52
48922832,49,1,50
50836519,49,0,49
51073819,49,4,53
51398426,49,3,52
51752582,49,4,53
55702797,49,6,55
55784767,49,5,54
55962332,49,4,53
60306758,49,1,50
60618660,49,3,52
61374952,49,1,50
64924719,49,1,50
68254271,49,4,53
83701522,49,1,50
88063821,49,3,52
92190429,49,4,53
98722292,49,1,50
110011661,49,3,52
137479625,49,4,53
142015635,49,8,57
148830421,49,7,56
151622477,49,8,57
154969490,49,1,50
178406304,49,1,50
187832891,49,0,49
188035916,49,1,50
191536966,49,0,49
203104573,49,1,50
216194646,49,15,64
217285732,49,2,51
218318227,49,4,53
225547122,49,0,49
234431553,49,1,50
234920973,49,2,51
236089410,49,0,49
243464401,49,4,53
248093449,49,2,51
259932636,49,2,51
259953451,49,0,49
262935830,49,3,52
264037935,49,2,51
278886027,49,7,56
302705113,49,0,49
304432374,49,1,50
305312541,49,0,49
317329114,49,4,53
320436793,49,3,52
323331530,49,10,59
330671747,49,2,51
343334093,49,0,49
346015198,49,18,67
353784941,49,0,49
361619297,49,0,49
366717113,49,7,56
370827550,49,2,51
375088757,49,4,53
388493964,49,1,50
402316003,49,0,49
403916159,49,0,49
403992815,49,4,53
405573630,49,0,49
411346195,49,3,52
414826904,49,1,50
430749539,49,4,53
443806263,49,3,52
459352886,49,0,49
471456089,49,0,49
485000277,49,2,51
485186489,49,4,53
505283706,49,2,51
506320602,49,4,53
510513542,49,4,53
516881774,49,3,52
526823315,49,1,50
531487443,49,1,50
553115760,49,4,53
553642348,49,2,51
564213018,49,5,54
570224711,49,1,50
573069476,49,2,51
588475097,49,1,50
589761428,49,3,52
592482577,49,3,52
593684027,49,1,50
594030059,49,4,53
628540456,49,1,50
708087467,49,7,56
709040768,49,1,50
774638658,49,2,51
836653135,49,3,52
906620078,49,0,49
932642034,49,0,49
985474284,49,28,77
1113040141,49,1,50
1213592012,49,3,52
1336027442,49,1,50
1480709586,49,2,51
1515436488,49,2,51
1542280320,49,1,50
1543061419,49,1,50
1556770668,49,2,51
1648133851,49,19,68
1689677240,49,7,56
1689713910,49,2,51
1904454054,49,1,50
1917852378,49,3,52
1940260496,49,1,50
1949150929,49,2,51
2156546366,49,1,50
2188675351,49,0,49
2202063951,49,2,51
2218418312,49,6,55
2234925522,49,0,49
2263215584,49,0,49
2303590597,49,3,52
2334290731,49,1,50
2364498854,49,1,50
2366436001,49,2,51
2384630372,49,0,49
2402434039,49,10,59
2413643408,49,11,60
2418774365,49,9,58
2424016218,49,0,49
2466946866,49,1,50
2473688136,49,0,49
2530338060,49,0,49
2632792360,49,0,49
2645588238,49,0,49
2654754882,49,0,49
2745608658,49,1,50
2750405587,49,4,53
2758364275,49,0,49
2763922588,49,5,54
2825233042,49,4,53
2896350377,49,113,162
2914539832,49,0,49
2931498373,49,0,49
2953990040,49,1,50
2960698066,49,0,49
2969016113,49,1,50
2997024476,49,0,49
3023037872,49,2,51
3051577197,49,1,50
3141841122,49,1,50
3150800516,49,2,51
3164585753,49,0,49
3182914285,49,4,53
3197533890,49,3,52
3226951291,49,18,67
3248832505,49,5,54
3249267995,49,3,52
3253027628,49,1,50
3266123786,49,6,55
3277495507,49,2,51
3277908812,49,1,50
3289517712,49,2,51
3299793614,49,1,50
3308943338,49,0,49
3309060326,49,1,50
3352666880,49,1,50
3367831959,49,4,53
3394126212,49,7,56
3400214957,49,2,51
3457705635,49,1,50
3487606421,49,0,49
3514746562,49,1,50
3538586536,49,5,54
3546270030,49,1,50
3742043794,49,3,52
3754538597,49,0,49
3763923435,49,0,49
3853490176,49,23,72
3862578854,49,1,50
3951040096,49,1,50
3951548597,49,9,58
3960051754,49,3,52
3979350321,49,1,50
3987670581,49,2,51
4065467391,49,5,54
4104163753,49,2,51
4121675907,49,2,51
4185780682,49,3,52
4308876136,49,2,51
4580018975,49,0,49
4601612841,49,0,49
4622876853,49,1,50
4644743654,49,0,49
4681341252,49,2,51
4729969669,49,0,49
4769880336,49,3,52
4825511490,49,1,50
4826326078,49,3,52
4893166665,49,2,51
4902931114,49,1,50
4921955894,49,15,64
704045759235289088,49,0,49
704056669651664896,49,0,49
705060931487686656,49,7,56
705187763482726401,49,14,63
705443933199814656,49,3,52
705455253186023424,49,3,52
705770005636321280,49,1,50
708276033389268993,49,1,50
709206392406605824,49,7,56
711720038193999872,49,1,50
713031225141669889,49,9,58
713129219497279488,49,14,63
713426483566522370,49,43,92
713458899790204928,49,0,49
713609371725537281,49,5,54
715349560491520000,49,7,56
715976478643458048,49,3,52
716606543563726848,49,0,49
719303466259189760,49,0,49
721446222549147648,49,14,63
724312332080271361,49,1,50
725682717048725508,49,1,50
732586320724250624,49,0,49
734334239185965057,49,1,50
740731151199940608,49,4,53
740751762592833536,49,5,54
740762147437826048,49,3,52
740927718653583361,49,3,52
741075726154235904,49,1,50
742019915331207168,49,0,49
742072664957669379,49,2,51
742688584805810176,49,0,49
746221924141793282,49,1,50
746364687785332736,49,58,107
747807029637619712,49,2,51
752226479853928448,49,0,49
754111587003228160,49,0,49
754790951093141504,49,1,50
756820331331919872,49,4,53
757059641218138112,49,1,50
757697650095382528,49,1,50
758116173154230272,49,3,52
758353695331356672,49,2,51
758468774769164288,49,4,53
759201627354128384,49,5,54
760262868751228928,49,1,50
763208946249113600,49,1,50
772072088697991168,49,0,49
774027448333852672,49,9,58
774633717016977408,49,3,52
777231806814838784,49,0,49
778801597425983488,49,2,51
779833229427679232,49,0,49
780099768970252288,49,0,49
780513055646056448,49,0,49
782606707113373697,49,0,49
786977767304925186,49,1,50
788482305543184384,49,0,49
790542535609360384,49,0,49
790648531824541696,49,0,49
790738424806244352,49,0,49
796033080893050882,49,4,53
797129793443627008,49,0,49
3555091,48,5,53
14250027,48,2,50
15081557,48,0,48
15111291,48,1,49
15430971,48,1,49
15501473,48,2,50
15896379,48,4,52
16458168,48,3,51
16585364,48,1,49
16696943,48,1,49
17223539,48,1,49
17528683,48,16,64
17738807,48,0,48
18175352,48,0,48
18261890,48,6,54
19173608,48,3,51
19288813,48,3,51
19583690,48,0,48
19788053,48,4,52
21308831,48,1,49
23485848,48,1,49
23808467,48,2,50
23855955,48,5,53
27389866,48,0,48
28491204,48,0,48
28614127,48,1,49
28739528,48,3,51
29888553,48,2,50
32604463,48,0,48
33551814,48,1,49
36692010,48,3,51
37093688,48,2,50
38277184,48,0,48
38637761,48,7,55
39327538,48,3,51
40227122,48,7,55
45671909,48,7,55
49102516,48,3,51
50258410,48,1,49
53745076,48,3,51
53906268,48,0,48
64580621,48,2,50
67813165,48,6,54
70419078,48,4,52
73208930,48,4,52
74214410,48,7,55
80313338,48,0,48
80397412,48,0,48
81637419,48,0,48
83444500,48,2,50
88393337,48,2,50
89746479,48,0,48
91002295,48,1,49
103855686,48,2,50
115748677,48,0,48
116064137,48,0,48
118080620,48,0,48
122112256,48,0,48
122737652,48,1,49
126977940,48,1,49
130694028,48,2,50
133546344,48,32,80
139631790,48,1,49
145732922,48,0,48
151120685,48,3,51
159499110,48,0,48
163563071,48,3,51
163995099,48,3,51
188328580,48,39,87
188743698,48,0,48
189244866,48,5,53
202609554,48,4,52
216918505,48,1,49
220556120,48,5,53
223906023,48,0,48
233385720,48,0,48
273063705,48,3,51
276585326,48,3,51
277769074,48,1,49
288983232,48,19,67
291423655,48,5,53
292137928,48,0,48
295211634,48,0,48
295824553,48,15,63
298721341,48,3,51
300313868,48,1,49
301656286,48,6,54
307195603,48,0,48
313427517,48,1,49
332177911,48,3,51
339821379,48,0,48
341020028,48,11,59
343690300,48,4,52
347434721,48,3,51
350336467,48,0,48
353459688,48,1,49
353617415,48,3,51
369721618,48,1,49
372547727,48,8,56
378656067,48,2,50
393162108,48,0,48
402851081,48,1,49
409454354,48,1,49
415173156,48,0,48
416690465,48,0,48
426647320,48,1,49
431198790,48,1,49
441724006,48,3,51
466015719,48,0,48
471860043,48,1,49
472384524,48,2,50
476488934,48,8,56
485317023,48,5,53
494850455,48,2,50
498251000,48,0,48
498716177,48,7,55
504914912,48,9,57
510346708,48,0,48
514895669,48,5,53
520602508,48,12,60
524349790,48,14,62
525641764,48,2,50
528868170,48,0,48
528887033,48,2,50
542181157,48,9,57
548103696,48,6,54
563395284,48,0,48
575548421,48,0,48
585680866,48,1,49
590135826,48,1,49
604850428,48,0,48
627753316,48,0,48
704240354,48,1,49
743901649,48,2,50
751630650,48,1,49
770879618,48,3,51
785849148,48,6,54
786099570,48,1,49
791893795,48,25,73
814121478,48,1,49
846278138,48,0,48
863681048,48,1,49
874612346,48,2,50
898154778,48,2,50
898513765,48,1,49
899793746,48,0,48
905028212,48,2,50
930445050,48,1,49
937475790,48,0,48
965122116,48,5,53
968160950,48,3,51
976840800,48,1,49
985456944,48,0,48
1019050309,48,1,49
1030976863,48,0,48
1033563788,48,0,48
1061426095,48,1,49
1062399590,48,1,49
1069289803,48,3,51
1113219986,48,0,48
1129053980,48,0,48
1135993442,48,3,51
1159024446,48,1,49
1232727414,48,3,51
1283444665,48,1,49
1318501536,48,2,50
1326133188,48,1,49
1345035674,48,5,53
1347984576,48,5,53
1371572360,48,4,52
1392951560,48,1,49
1399760516,48,4,52
1418994619,48,1,49
1442644592,48,5,53
1499988313,48,0,48
1553281753,48,4,52
1563786553,48,0,48
1618273526,48,5,53
1688723334,48,0,48
1703950411,48,6,54
1859188802,48,1,49
1896176113,48,0,48
1917430519,48,0,48
1928561437,48,6,54
1938242809,48,0,48
2161195857,48,1,49
2163043872,48,2,50
2172274432,48,13,61
2211846925,48,0,48
2228761844,48,3,51
2288286954,48,0,48
2338854559,48,5,53
2347115762,48,3,51
2375634619,48,1,49
2391939410,48,19,67
2394221167,48,1,49
2396566723,48,2,50
2422582753,48,1,49
2465052920,48,17,65
2496137333,48,2,50
2541458987,48,0,48
2591708060,48,2,50
2597438132,48,20,68
2598174548,48,7,55
2608484690,48,2,50
2610325766,48,0,48
2651368746,48,5,53
2672693279,48,1,49
2712877389,48,2,50
2740963884,48,0,48
2781222461,48,4,52
2810218451,48,0,48
2852652593,48,0,48
2882182229,48,1,49
2883458831,48,0,48
2889350176,48,6,54
2891525041,48,1,49
2893781806,48,1,49
2903638510,48,0,48
2903789200,48,1,49
2916833592,48,1,49
2939172598,48,2,50
2947289345,48,0,48
2974905669,48,0,48
2996391235,48,45,93
3020725115,48,1,49
3069031028,48,0,48
3115929100,48,5,53
3166231758,48,0,48
3229897105,48,0,48
3239410373,48,0,48
3264454478,48,2,50
3293536514,48,0,48
3300592908,48,0,48
3310073894,48,3,51
3357427702,48,62,110
3374376179,48,2,50
3374464498,48,1,49
3585170600,48,1,49
3643472174,48,1,49
3677742792,48,11,59
3731565562,48,0,48
3947635155,48,2,50
3951629363,48,5,53
3983390404,48,0,48
4001155055,48,1,49
4070135893,48,1,49
4072455314,48,4,52
4183454412,48,6,54
4218861628,48,0,48
4220703903,48,0,48
4270034653,48,28,76
4330061833,48,2,50
4378260195,48,0,48
4493811689,48,1,49
4531144214,48,2,50
4540597289,48,3,51
4561269621,48,1,49
4603626500,48,1,49
4613327727,48,0,48
4644515728,48,2,50
4645471333,48,1,49
4827828404,48,1,49
4828389530,48,0,48
4837575037,48,16,64
4840914130,48,1,49
4852151439,48,5,53
4856166765,48,10,58
4857510065,48,0,48
4860451825,48,0,48
4871007471,48,3,51
4874584312,48,3,51
4884088424,48,7,55
4898611444,48,1,49
4903418961,48,5,53
4909226006,48,0,48
4921245314,48,2,50
697702556840042496,48,4,52
702174406739685377,48,4,52
702229911478657025,48,19,67
705057751538536448,48,6,54
706371655342399489,48,0,48
706877059813871616,48,0,48
707702775606583298,48,4,52
708861516485758979,48,1,49
709151676503035908,48,4,52
711728047137935365,48,8,56
713895213337559041,48,2,50
714128911823724545,48,0,48
715043644332511232,48,6,54
717070029334798336,48,20,68
718748352997777408,48,2,50
720118842387734530,48,2,50
721721504254279681,48,0,48
723339615009034243,48,3,51
727118720431214592,48,4,52
727562579824902144,48,4,52
732261441802240000,48,0,48
739620116967477248,48,2,50
741052907718610944,48,2,50
742212279920250881,48,0,48
742246352164245504,48,3,51
747446319707467776,48,4,52
750249106971459584,48,2,50
750347587622883328,48,1,49
751841669327097856,48,3,51
752052047948746752,48,0,48
753594430330900481,48,5,53
755046423750701056,48,0,48
755866213411094532,48,1,49
756173967241674752,48,1,49
756531416720998400,48,1,49
756586905802776576,48,0,48
757044869076574208,48,1,49
757735890278055936,48,4,52
758972178641526785,48,0,48
761991004786483200,48,1,49
764462985960050688,48,9,57
764656460055793665,48,1,49
765184420961722368,48,0,48
768204297351884800,48,2,50
769270897622523904,48,3,51
770057078190768128,48,0,48
776591471768133632,48,0,48
780569827689627648,48,0,48
784399151891095552,48,1,49
784770399162642432,48,0,48
786314876176261121,48,1,49
806836993246302208,48,0,48
6124022,47,1,48
6660832,47,4,51
14567400,47,3,50
14974705,47,0,47
15723459,47,9,56
16053877,47,2,49
16321455,47,0,47
17221762,47,3,50
17250739,47,2,49
17915515,47,6,53
18020819,47,1,48
18382395,47,2,49
18491047,47,1,48
19085578,47,17,64
19315409,47,1,48
19479214,47,0,47
20073498,47,0,47
23254225,47,5,52
23476830,47,1,48
25887469,47,1,48
26331079,47,0,47
26446148,47,2,49
28279013,47,1,48
28720668,47,2,49
35655149,47,1,48
38060861,47,1,48
38412432,47,10,57
43094696,47,2,49
44084579,47,0,47
47657632,47,3,50
48227953,47,0,47
49667824,47,0,47
53290939,47,2,49
57545507,47,0,47
59158737,47,0,47
59868822,47,0,47
66112783,47,4,51
69256645,47,2,49
70907532,47,1,48
75556439,47,0,47
80414884,47,2,49
81536673,47,1,48
82238235,47,2,49
88802656,47,1,48
91116664,47,3,50
100388750,47,1,48
107980048,47,0,47
108719754,47,2,49
111596475,47,0,47
119788492,47,4,51
121320968,47,0,47
138719684,47,0,47
154532809,47,0,47
172394944,47,4,51
182109473,47,0,47
184780576,47,9,56
188855808,47,1,48
198320543,47,0,47
205825760,47,1,48
208083510,47,3,50
214924517,47,0,47
230862501,47,2,49
236469595,47,2,49
239160808,47,3,50
245176643,47,1,48
248390271,47,2,49
250994300,47,1,48
264861120,47,109,156
283218964,47,9,56
285502685,47,0,47
291513648,47,0,47
291836843,47,0,47
299500993,47,1,48
302004290,47,3,50
317497526,47,0,47
320190988,47,0,47
326461699,47,5,52
327486719,47,0,47
339438465,47,1,48
340241228,47,0,47
341730948,47,0,47
346238506,47,1,48
364271170,47,0,47
364582849,47,0,47
373624354,47,0,47
374227012,47,2,49
381858912,47,2,49
385118433,47,0,47
393811802,47,5,52
395615772,47,2,49
403538003,47,0,47
427781006,47,0,47
433327429,47,0,47
455005452,47,2,49
463332152,47,6,53
464215072,47,4,51
466155095,47,1,48
467055846,47,1,48
468002667,47,1,48
471140093,47,1,48
471602432,47,7,54
472616280,47,3,50
480118170,47,2,49
485561695,47,5,52
499225004,47,0,47
505612937,47,0,47
511418873,47,3,50
520024817,47,0,47
531501670,47,3,50
556118417,47,4,51
562739106,47,1,48
570276406,47,0,47
583162248,47,0,47
589606816,47,98,145
589743866,47,0,47
606706320,47,0,47
611481343,47,3,50
635853773,47,6,53
729122378,47,0,47
730216224,47,3,50
792119786,47,195,242
793044632,47,3,50
800830567,47,3,50
801962070,47,0,47
830010780,47,3,50
837196154,47,8,55
851132778,47,0,47
860200224,47,1,48
874449763,47,0,47
883221594,47,0,47
903936306,47,1,48
971650873,47,0,47
974644963,47,3,50
989356418,47,1,48
1002755539,47,0,47
1044333870,47,0,47
1086590593,47,1,48
1102400054,47,7,54
1138934300,47,3,50
1169054324,47,0,47
1190898636,47,1,48
1195535130,47,1,48
1251973729,47,1,48
1272041820,47,2,49
1325570360,47,1,48
1340590758,47,2,49
1390517288,47,0,47
1442284158,47,2,49
1492097414,47,1,48
1531025130,47,6,53
1546813656,47,1,48
1602790766,47,2,49
1633845685,47,1,48
1685704016,47,1,48
1725045786,47,3,50
2150883966,47,1,48
2151312392,47,2,49
2161304592,47,5,52
2170250454,47,3,50
2194376383,47,0,47
2220816894,47,2,49
2243563716,47,2,49
2247799814,47,474,521
2253809280,47,1,48
2294996064,47,0,47
2306455197,47,0,47
2307678744,47,0,47
2321127874,47,1,48
2357131886,47,1,48
2370408858,47,2,49
2377608169,47,6,53
2396615286,47,51,98
2401226713,47,2,49
2410389179,47,1,48
2497653734,47,1,48
2563572732,47,3,50
2575669503,47,1,48
2578228160,47,1,48
2614154826,47,3,50
2651972052,47,0,47
2690379065,47,2,49
2712346884,47,0,47
2734350850,47,1,48
2774344453,47,10,57
2790188549,47,3,50
2796694542,47,0,47
2829134533,47,0,47
2840725832,47,0,47
2849278880,47,8,55
2872089275,47,0,47
2884168344,47,5,52
2890424216,47,3,50
2942539763,47,1,48
2960728245,47,2,49
2988574833,47,2,49
2998441830,47,3,50
3002739417,47,5,52
3006898359,47,0,47
3092702114,47,0,47
3122998279,47,1,48
3135644715,47,0,47
3182951912,47,0,47
3183365155,47,3,50
3220667984,47,1,48
3270484302,47,6,53
3296504462,47,7,54
3304180552,47,3,50
3305807583,47,0,47
3313497140,47,1,48
3333300262,47,4,51
3334645247,47,3,50
3373398734,47,0,47
3408607037,47,3,50
3408800658,47,1,48
3415590485,47,6,53
3425788059,47,3,50
3441318737,47,1,48
3474079573,47,0,47
3567976575,47,0,47
3641924772,47,2,49
3701456237,47,1,48
3752188217,47,0,47
3939870857,47,1,48
3961773437,47,1,48
4006650737,47,1,48
4186868062,47,2,49
4229931792,47,1,48
4230121426,47,0,47
4381832833,47,1,48
4386596537,47,0,47
4628073860,47,2,49
4634898340,47,0,47
4714536563,47,1,48
4760941626,47,6,53
4802984436,47,0,47
4826329370,47,2,49
4855731869,47,2,49
4862031445,47,1,48
4864544880,47,0,47
4909774782,47,0,47
700702984880177153,47,3,50
701769551705313280,47,2,49
702685793777680384,47,2,49
704750600114667522,47,1,48
705447435229908993,47,2,49
708125409334812673,47,0,47
708507201057390592,47,0,47
709150271050530817,47,7,54
709190330382360576,47,0,47
711767316200087552,47,0,47
716607221186961409,47,1,48
717471446595796993,47,1,48
720727929798270976,47,1,48
722942823847170048,47,2,49
723877207328829440,47,7,54
724256633317109760,47,6,53
724766868448358400,47,1,48
726130407821840385,47,0,47
727528521980121088,47,0,47
727919321016504322,47,1,48
728650543510519808,47,1,48
733080144110342144,47,0,47
735251379657150464,47,6,53
735620738707824640,47,1,48
739852455739957253,47,3,50
741069503715500032,47,0,47
743541442858094592,47,1,48
745054993082945536,47,3,50
745310686608228352,47,0,47
745330351162138624,47,0,47
751820025074450432,47,0,47
752570644265447425,47,4,51
753603887307759616,47,0,47
756062753207398400,47,0,47
756727823537172480,47,2,49
757083003428282369,47,6,53
757702747852378112,47,2,49
758506047845732352,47,0,47
758774390356078592,47,1,48
759884080640958464,47,0,47
760015724341366784,47,1,48
760086515057688580,47,2,49
760558374870220800,47,1,48
761949956525752320,47,0,47
762744759710388224,47,1,48
763789779775344640,47,1,48
772853064969621504,47,0,47
775712920571408384,47,1,48
778956463763025922,47,1,48
780511822159884288,47,0,47
782798424466984960,47,7,54
785183708072542208,47,5,52
785960947831537664,47,0,47
787497351300550656,47,2,49
788870935214493700,47,2,49
801244238709223424,47,0,47
14145006,46,1,47
14241002,46,8,54
15268664,46,3,49
16476840,46,4,50
16944247,46,0,46
17728675,46,2,48
17804200,46,0,46
18026638,46,17,63
19829425,46,1,47
21043723,46,108,154
21622300,46,0,46
21789896,46,1,47
21951518,46,2,48
22114816,46,4,50
22548342,46,11,57
26340571,46,2,48
30849514,46,2,48
36071842,46,2,48
37263055,46,0,46
37644319,46,65,111
40225145,46,1,47
41806188,46,8,54
42463851,46,0,46
44540754,46,4,50
46275679,46,2,48
47522283,46,4,50
48153233,46,0,46
49067869,46,1,47
49181951,46,5,51
49915511,46,9,55
50596568,46,0,46
53671842,46,0,46
55227849,46,0,46
55346544,46,5,51
59690496,46,1,47
61245025,46,2,48
61329674,46,3,49
62891290,46,1,47
66367082,46,5,51
67083017,46,2,48
68672927,46,204,250
70405961,46,0,46
76803949,46,0,46
87852077,46,1,47
94108148,46,1,47
94172234,46,6,52
104576154,46,6,52
108199025,46,1,47
119115911,46,0,46
119550386,46,2,48
125793686,46,1,47
143032193,46,2,48
155599665,46,2,48
161392521,46,45,91
164694542,46,1,47
167381320,46,0,46
168178331,46,0,46
170899638,46,5,51
172437103,46,2,48
185136724,46,1,47
193587776,46,1,47
200697773,46,66,112
201015826,46,1,47
214462611,46,0,46
224334872,46,3,49
226565178,46,1,47
227515490,46,0,46
248145799,46,1,47
250196494,46,0,46
252212790,46,2,48
253110295,46,1,47
253743317,46,1,47
253821190,46,0,46
254782844,46,2,48
279872903,46,1,47
286897024,46,39,85
291762449,46,6,52
292018509,46,1,47
302095194,46,4,50
303214636,46,0,46
316633314,46,2,48
317425134,46,0,46
322891515,46,3,49
329243385,46,3,49
329393228,46,4,50
334784172,46,0,46
352704896,46,1,47
355227643,46,1,47
361626502,46,3,49
371590610,46,1,47
380664031,46,220,266
390504218,46,0,46
392425423,46,111,157
403808202,46,3,49
407821546,46,0,46
431312488,46,2,48
433707567,46,0,46
433851538,46,1,47
435704007,46,16,62
437294311,46,1,47
442996741,46,1,47
449340199,46,0,46
462147169,46,1,47
473545254,46,0,46
474216194,46,0,46
476252416,46,2,48
481688811,46,1,47
498065924,46,0,46
512118934,46,45,91
513166561,46,1,47
517946537,46,141,187
528823333,46,0,46
535639721,46,1,47
538695567,46,0,46
541198983,46,13,59
541865911,46,1,47
551501971,46,3,49
563882991,46,0,46
568521829,46,8,54
581155449,46,1,47
591234235,46,8,54
591505507,46,13,59
600564384,46,3,49
605615206,46,0,46
610943786,46,2,48
613567155,46,3,49
713552918,46,3,49
716036897,46,0,46
718139901,46,10,56
729264391,46,0,46
738213997,46,0,46
752214001,46,3,49
771954126,46,1,47
782303490,46,0,46
841021819,46,1,47
853181179,46,2,48
897953586,46,5,51
906473184,46,1,47
935243696,46,0,46
945764516,46,2,48
950785243,46,0,46
968152074,46,3,49
1004127458,46,4,50
1012329853,46,107,153
1040035627,46,0,46
1048567297,46,3,49
1049560369,46,38,84
1068299220,46,1,47
1081492134,46,0,46
1087371266,46,0,46
1129661486,46,6,52
1140206870,46,4,50
1258072117,46,3,49
1280895307,46,0,46
1341994849,46,0,46
1381816832,46,2,48
1391197644,46,1,47
1537114890,46,1,47
1642402514,46,3,49
1651836092,46,2,48
1724090454,46,1,47
1833262453,46,1,47
1902074076,46,0,46
1919066210,46,10,56
1924704842,46,4,50
1926784362,46,0,46
2168836950,46,2,48
2174951994,46,1,47
2185040400,46,0,46
2191667112,46,1,47
2198012756,46,15,61
2248264080,46,5,51
2290267526,46,0,46
2305604299,46,1,47
2427001231,46,0,46
2430963199,46,6,52
2434263253,46,3,49
2440491916,46,0,46
2470726178,46,1,47
2471573202,46,1,47
2563774736,46,0,46
2608392828,46,7,53
2632281735,46,0,46
2696359013,46,3,49
2730345168,46,145,191
2758919382,46,3,49
2787440325,46,0,46
2877066660,46,0,46
2882142219,46,1,47
2882969383,46,4,50
2912429401,46,8,54
2946516430,46,1,47
2975208676,46,4,50
2980625739,46,91,137
2986629393,46,1,47
2998676088,46,3,49
3010561082,46,3,49
3044723537,46,1,47
3068913639,46,2,48
3074050795,46,10,56
3111742566,46,0,46
3217074844,46,2,48
3224850985,46,1,47
3232154714,46,0,46
3240296479,46,0,46
3271614739,46,1,47
3282704666,46,5,51
3288887892,46,3,49
3308367739,46,0,46
3344355014,46,4,50
3352346254,46,23,69
3368510943,46,0,46
3410397921,46,8,54
3433805284,46,0,46
3579203061,46,0,46
3619924812,46,0,46
3669084197,46,0,46
3688954348,46,1,47
3782610866,46,0,46
3821516071,46,1,47
3885497892,46,3,49
3907420344,46,5,51
4469978536,46,1,47
4510942877,46,1,47
4629127277,46,0,46
4696669572,46,1,47
4735945653,46,5,51
4760985321,46,29,75
4832039992,46,0,46
4864761905,46,0,46
4872095711,46,4,50
4895457413,46,0,46
4908634933,46,1,47
702687397721608193,46,5,51
703432450945347584,46,0,46
703772709499641856,46,1,47
703976689068544001,46,1,47
705223262209310724,46,1,47
705624677650030592,46,1,47
705870770308644864,46,8,54
706058284952850434,46,1,47
707095049943785472,46,1,47
708838526121484288,46,5,51
709136798946107393,46,3,49
709445066209808384,46,0,46
709853706590810112,46,3,49
713729940907298818,46,0,46
714448256441393152,46,0,46
715538507767422976,46,3,49
717250526912634880,46,7,53
718283360540442624,46,110,156
719026073527169024,46,38,84
722091171653271552,46,0,46
729788871525928960,46,4,50
731501349590851585,46,3,49
737862347616858114,46,1,47
742911761917956096,46,0,46
749961919566606336,46,0,46
752993338752577536,46,3,49
754119485410406400,46,2,48
755077018392272896,46,0,46
756180804749844481,46,0,46
756664311620243456,46,9,55
756921598721060864,46,6,52
757907298299867136,46,0,46
758644827386851328,46,2,48
761230250227433472,46,2,48
764145946791809025,46,0,46
765909678257737728,46,0,46
767102180985827328,46,1,47
767422731423997953,46,1,47
768784582359384064,46,4,50
770386784962224128,46,0,46
780592147183472640,46,1,47
782943056731439104,46,0,46
783374323792830469,46,0,46
786932247697952769,46,3,49
791144305251540992,46,0,46
795062177715650560,46,1,47
12609722,45,1,46
15251062,45,0,45
15706904,45,1,46
16150088,45,5,50
16233069,45,0,45
16305494,45,100,145
16411611,45,6,51
18061290,45,0,45
19195060,45,1,46
20686808,45,7,52
20778273,45,4,49
21669254,45,0,45
23282823,45,157,202
23343968,45,13,58
23712980,45,3,48
24197612,45,7,52
24840051,45,2,47
24923433,45,9,54
26324044,45,3,48
28352458,45,0,45
30116368,45,3,48
31999788,45,89,134
34637312,45,2,47
34999849,45,3,48
38284349,45,0,45
39010961,45,0,45
41941809,45,0,45
43611246,45,0,45
48163110,45,7,52
50142062,45,1,46
50608221,45,3,48
53400224,45,0,45
53724802,45,0,45
54068475,45,9,54
54204222,45,4,49
54717966,45,2,47
56174050,45,0,45
61246660,45,1,46
64126031,45,0,45
64445968,45,7,52
68032331,45,0,45
68726696,45,2,47
69239961,45,0,45
70508257,45,4,49
73418626,45,1,46
88481501,45,0,45
90545216,45,6,51
100029213,45,1,46
102494487,45,6,51
107288394,45,2,47
107905668,45,2,47
115696599,45,3,48
118739362,45,3,48
125300190,45,1,46
132994627,45,1,46
133024127,45,4,49
136119798,45,3,48
137468455,45,1,46
148891227,45,0,45
150627581,45,7,52
159558751,45,2,47
162244544,45,0,45
169194976,45,1,46
174859814,45,27,72
180693935,45,0,45
183993932,45,2,47
186867756,45,0,45
193271701,45,0,45
199147021,45,2,47
204937893,45,0,45
210766152,45,7,52
219913524,45,1,46
223930293,45,3,48
239359472,45,2,47
241140071,45,0,45
245207295,45,12,57
253837061,45,1,46
255850782,45,1,46
270357687,45,0,45
274110620,45,4,49
292098147,45,2,47
292453746,45,3,48
310304438,45,0,45
312428361,45,3,48
325808019,45,0,45
333980549,45,0,45
338527731,45,5,50
346396839,45,0,45
362650462,45,2,47
368129933,45,3,48
381789114,45,0,45
383451190,45,2,47
388053635,45,2,47
395435114,45,6,51
449728001,45,2,47
457694206,45,4,49
462906157,45,158,203
484285034,45,1,46
489917221,45,0,45
489950748,45,3,48
494344928,45,11,56
502522308,45,0,45
517876210,45,5,50
518173036,45,0,45
526634900,45,0,45
528054929,45,1,46
534573303,45,0,45
536503190,45,3,48
543891695,45,14,59
552093372,45,2,47
557848699,45,2,47
558102316,45,0,45
566951220,45,7,52
567444662,45,0,45
575415438,45,4,49
578995848,45,1,46
579342153,45,0,45
580332073,45,1,46
581159462,45,1,46
583935564,45,0,45
602239077,45,5,50
618738927,45,18,63
710207894,45,0,45
715012953,45,0,45
716403872,45,2,47
752519988,45,0,45
764350034,45,0,45
774389106,45,10,55
791987130,45,0,45
793484450,45,4,49
815915684,45,0,45
826147004,45,3,48
837269790,45,0,45
838731198,45,5,50
862427270,45,0,45
890678706,45,1,46
913225194,45,1,46
930801715,45,5,50
934846849,45,0,45
946137247,45,1,46
961365841,45,0,45
965799433,45,2,47
971661344,45,0,45
971690120,45,1,46
971702970,45,1,46
1002252854,45,1,46
1011453344,45,1,46
1019553703,45,3,48
1020994344,45,0,45
1037916060,45,4,49
1152602977,45,4,49
1179735018,45,1,46
1190126720,45,2,47
1220041100,45,7,52
1238328264,45,3,48
1249841863,45,2,47
1270110955,45,45,90
1288931610,45,2,47
1310072310,45,0,45
1357940293,45,1,46
1378413031,45,2,47
1553994727,45,2,47
1554230515,45,1,46
1556631295,45,4,49
1556786912,45,4,49
1576552782,45,2,47
1600886802,45,0,45
1604396971,45,0,45
1613460655,45,1,46
1694549647,45,2,47
1694885834,45,2,47
1872273902,45,0,45
1886792648,45,0,45
1902108692,45,0,45
1927194554,45,1,46
1944110094,45,0,45
1957816716,45,0,45
2163093254,45,1,46
2167351699,45,3,48
2181907192,45,1,46
2221466498,45,0,45
2229483438,45,26,71
2252413165,45,0,45
2253514663,45,1,46
2255656483,45,3,48
2276689928,45,3,48
2390798966,45,1,46
2393225036,45,1,46
2402328198,45,2,47
2430421322,45,1,46
2469188485,45,0,45
2510342521,45,0,45
2531251164,45,0,45
2553493034,45,0,45
2567368587,45,1,46
2571166136,45,2,47
2572023445,45,0,45
2601713766,45,0,45
2654505852,45,1,46
2656384385,45,5,50
2678893892,45,0,45
2689237130,45,0,45
2726311681,45,4,49
2758670870,45,0,45
2849543985,45,1,46
2853543524,45,1,46
2923076966,45,1,46
2931241601,45,0,45
2934095944,45,1,46
2939237375,45,3,48
2955831936,45,0,45
2999847544,45,0,45
3016594538,45,0,45
3064008829,45,2,47
3069707196,45,1,46
3115999308,45,2,47
3122344651,45,0,45
3124805247,45,1,46
3140800256,45,2,47
3167765216,45,3,48
3220525124,45,2,47
3245557531,45,3,48
3260284128,45,4,49
3266606743,45,2,47
3286691174,45,3,48
3301954655,45,1,46
3302017177,45,4,49
3335841262,45,1,46
3392820749,45,2,47
3396826060,45,3,48
3404713047,45,0,45
3404927277,45,2,47
3439377245,45,0,45
3507746300,45,5,50
3508875013,45,1,46
3621904955,45,3,48
3742228335,45,0,45
3794595441,45,1,46
3870717493,45,1,46
3944400912,45,0,45
3953871255,45,0,45
3995606259,45,1,46
4012078510,45,24,69
4062613580,45,0,45
4152372557,45,3,48
4236797793,45,19,64
4265514193,45,2,47
4288313601,45,0,45
4449657053,45,6,51
4493227335,45,0,45
4493557462,45,20,65
4625980813,45,3,48
4709924396,45,2,47
4743545684,45,3,48
4765070485,45,7,52
4833162304,45,2,47
4842336327,45,6,51
4847434255,45,0,45
4849891627,45,1,46
4870820331,45,1,46
4888530105,45,3,48
4909691868,45,2,47
702712957315067904,45,0,45
704883235428417536,45,1,46
705453273034178562,45,5,50
705523093759008770,45,0,45
705753116575207427,45,2,47
708693714768498688,45,3,48
711049864260542464,45,0,45
711234856328437760,45,3,48
712101965870854144,45,1,46
713123197265264640,45,0,45
713411686548553728,45,0,45
714672556029132800,45,4,49
719538702020644864,45,1,46
720627618672848896,45,65,110
721472876545753089,45,6,51
724471652638138368,45,3,48
729758095744770048,45,0,45
731967056258588672,45,1,46
732369010109505536,45,1,46
733663714042351616,45,9,54
735498014161313792,45,1,46
736166259436314624,45,0,45
739079370518728704,45,0,45
739161514599284736,45,2,47
742885492971032576,45,2,47
750602968282460160,45,0,45
753965841729945600,45,0,45
754315067550605312,45,0,45
754557635043602432,45,2,47
755589877165621248,45,0,45
756641885079371776,45,2,47
756875338920013824,45,1,46
757772480186638341,45,0,45
758846415535611904,45,6,51
759041764225200128,45,0,45
759461353790795776,45,2,47
759849094135238658,45,3,48
759930043208503296,45,0,45
761513608006234112,45,5,50
761912109068353536,45,2,47
764412749485080576,45,0,45
764601975505911808,45,2,47
765395035537838082,45,5,50
769696193643286528,45,0,45
776712643230965760,45,2,47
777005325702443008,45,41,86
777213856141733888,45,1,46
785492907423916032,45,5,50
786016396555784193,45,1,46
786947480688746496,45,0,45
787966461847363584,45,0,45
788815923784232961,45,0,45
791760653652406272,45,1,46
792615986532712448,45,0,45
798964534027419648,45,1,46
1652311,44,0,44
15613677,44,7,51
15916814,44,2,46
16059147,44,3,47
18116897,44,0,44
18150569,44,2,46
19811684,44,1,45
19880131,44,4,48
21833728,44,48,92
21898998,44,3,47
22019443,44,1,45
23140272,44,3,47
23197119,44,1,45
23260238,44,7,51
23320177,44,2,46
23582253,44,1,45
23700885,44,3,47
23761487,44,0,44
24517068,44,1,45
25100452,44,1,45
25890053,44,0,44
27553223,44,3,47
28135590,44,8,52
28948013,44,1,45
31228313,44,1,45
35336511,44,49,93
35863860,44,5,49
37008541,44,0,44
37600949,44,2,46
38661821,44,1,45
38671143,44,10,54
39720993,44,2,46
40532427,44,5,49
41458112,44,4,48
44035242,44,0,44
48790588,44,3,47
52210927,44,2,46
55330244,44,2,46
56601816,44,3,47
56703219,44,2,46
66120866,44,3,47
66533526,44,3,47
68698563,44,2,46
73020093,44,0,44
73833366,44,0,44
81660893,44,0,44
87551569,44,0,44
88199127,44,7,51
101485226,44,0,44
109935441,44,9,53
116545753,44,7,51
122825865,44,105,149
128414115,44,69,113
140444623,44,0,44
146174639,44,1,45
147413467,44,0,44
156863135,44,0,44
167396597,44,4,48
168167828,44,0,44
172900594,44,0,44
183875464,44,2,46
185848527,44,0,44
189742005,44,0,44
196142199,44,0,44
203741053,44,1,45
211697280,44,0,44
219346345,44,1,45
220830116,44,2,46
229781294,44,5,49
230063310,44,0,44
236489432,44,0,44
236937971,44,1,45
241665167,44,6,50
246193294,44,7,51
250368274,44,0,44
251754138,44,1,45
252439316,44,1,45
261662054,44,0,44
278409971,44,5,49
279134171,44,6,50
282126132,44,2,46
283666442,44,0,44
285310648,44,0,44
289024427,44,0,44
293491180,44,0,44
297795505,44,13,57
302637919,44,0,44
327939439,44,42,86
330990433,44,0,44
343341061,44,0,44
352169101,44,0,44
352345266,44,4,48
354242112,44,0,44
356179182,44,1,45
356887474,44,4,48
362507159,44,2,46
384700571,44,0,44
393619151,44,12,56
398912980,44,5,49
409755697,44,0,44
414831408,44,2,46
431792477,44,1,45
436142163,44,0,44
451055997,44,3,47
461520458,44,3,47
469479670,44,1,45
479810905,44,0,44
518329202,44,1,45
522721869,44,1,45
526660425,44,2,46
547269263,44,4,48
550149812,44,2,46
552809279,44,1,45
554835606,44,9,53
577799707,44,0,44
604545802,44,1,45
632509336,44,1,45
636577503,44,2,46
709828169,44,95,139
712838645,44,0,44
728542435,44,0,44
810394104,44,0,44
811790936,44,1,45
817290612,44,2,46
860856512,44,1,45
891495506,44,1,45
898014660,44,1,45
923966221,44,9,53
931103167,44,0,44
945107768,44,0,44
950498635,44,14,58
961507586,44,3,47
996376165,44,1,45
1014322812,44,2,46
1163688457,44,2,46
1164802782,44,4,48
1211552317,44,0,44
1241009113,44,0,44
1253568632,44,0,44
1255463628,44,4,48
1262706668,44,1,45
1273608968,44,0,44
1274036917,44,0,44
1340614891,44,2,46
1348029342,44,3,47
1383647425,44,27,71
1426551440,44,0,44
1432029667,44,2,46
1452705462,44,22,66
1470149846,44,6,50
1477779715,44,11,55
1552074031,44,0,44
1613581280,44,1,45
1675665944,44,0,44
1712769853,44,2,46
1723768340,44,1,45
1730401736,44,0,44
1905556350,44,1,45
1932204139,44,1,45
1959354810,44,0,44
1976035584,44,1,45
2160177936,44,0,44
2161916196,44,0,44
2197082592,44,0,44
2213023254,44,0,44
2223716640,44,3,47
2231898250,44,4,48
2252077580,44,1,45
2275549626,44,0,44
2316180260,44,20,64
2354247799,44,1,45
2370913862,44,3,47
2373209178,44,3,47
2377977842,44,2,46
2398047932,44,0,44
2413466165,44,0,44
2434638414,44,1,45
2440315070,44,1,45
2481490956,44,0,44
2485285513,44,1,45
2530795260,44,1,45
2559861152,44,0,44
2571662929,44,0,44
2573809598,44,0,44
2591181487,44,5,49
2609488185,44,1,45
2673939073,44,1,45
2685926647,44,2,46
2686507783,44,0,44
2693070990,44,0,44
2718102598,44,0,44
2721886694,44,2,46
2725396660,44,2,46
2734062937,44,0,44
2764770081,44,3,47
2783573437,44,0,44
2804776891,44,0,44
2847324303,44,0,44
2851097662,44,2,46
2884101774,44,2,46
2889372518,44,1,45
2893721968,44,1,45
2923396405,44,2,46
2961260697,44,0,44
2966696277,44,0,44
2980275479,44,2,46
2985926225,44,0,44
3012562356,44,5,49
3025426229,44,2,46
3081651703,44,0,44
3087829876,44,5,49
3092625141,44,54,98
3138282135,44,0,44
3145222706,44,0,44
3150825104,44,0,44
3159457957,44,7,51
3159852925,44,5,49
3172925846,44,1,45
3185391227,44,0,44
3198403974,44,0,44
3310678645,44,31,75
3313742461,44,8,52
3327462432,44,1,45
3337332138,44,6,50
3339750639,44,1,45
3347119809,44,0,44
3361137749,44,0,44
3415444161,44,0,44
3426800667,44,0,44
3429073925,44,20,64
3510138854,44,0,44
3535919123,44,2,46
3542894832,44,3,47
3578738958,44,2,46
3586982112,44,1,45
3681315799,44,2,46
3740933056,44,5,49
3753843013,44,1,45
3788048898,44,0,44
3821227853,44,77,121
3867248416,44,2,46
3886006265,44,10,54
3905984894,44,0,44
3969260535,44,0,44
4051105637,44,2,46
4056688163,44,1,45
4064337137,44,1,45
4101682175,44,8,52
4185258202,44,0,44
4188266200,44,2,46
4190690175,44,1,45
4197113232,44,1,45
4251107240,44,25,69
4298028747,44,0,44
4301518955,44,0,44
4305818178,44,1,45
4327911434,44,6,50
4426447393,44,7,51
4541141723,44,5,49
4614180852,44,3,47
4679018610,44,2,46
4715340387,44,0,44
4770637006,44,0,44
4781576424,44,2,46
4849687732,44,0,44
4855625836,44,0,44
4890021436,44,2,46
4894976452,44,0,44
4901383443,44,0,44
4924799507,44,1,45
701539315424370689,44,2,46
703307131718598656,44,3,47
703681847130066944,44,0,44
705852089746862080,44,4,48
705902960967094272,44,0,44
707822771313758208,44,0,44
708073528680124416,44,3,47
708160999400951814,44,0,44
708989437074612224,44,2,46
712170099717885952,44,10,54
712298250678611968,44,8,52
712521180389965824,44,3,47
713459371292884992,44,1,45
714105267051364355,44,2,46
714557332550606848,44,3,47
717044114903072768,44,2,46
719346381362634752,44,0,44
720809762112335873,44,0,44
721792285571203072,44,0,44
721820289147928578,44,2,46
722063693459140608,44,2,46
723703628775735296,44,4,48
726518562173624320,44,2,46
728303310848036864,44,0,44
730036785624055808,44,3,47
731568881131790336,44,5,49
733346502987423745,44,1,45
734572269251526658,44,2,46
739829818745868289,44,3,47
741007338526543872,44,0,44
741364964653432832,44,1,45
742840482640732160,44,4,48
748627094607921152,44,0,44
749972627096207360,44,1,45
750362261387153408,44,4,48
750463436547559426,44,1,45
753728205387862019,44,1,45
754469174227775488,44,1,45
754798546361126912,44,1,45
756221612471517184,44,0,44
756292709426475008,44,15,59
758071194213941248,44,2,46
758116873343033344,44,1,45
758139361070227456,44,3,47
761835928017068032,44,0,44
762023868869509121,44,3,47
763187370149634048,44,2,46
764208847506378754,44,3,47
764956573009534978,44,3,47
766599149747855360,44,0,44
767747343131172864,44,2,46
769616735112531969,44,2,46
772631926939279361,44,0,44
774010076768169984,44,2,46
775128501343006721,44,1,45
777264808827682816,44,3,47
778265291457527808,44,6,50
780587184608776192,44,3,47
781158305712500737,44,2,46
781190984419926016,44,3,47
785806035118198784,44,2,46
786206540487286784,44,0,44
787444033064951808,44,1,45
789265440086241280,44,0,44
790366867508465664,44,2,46
793887941709991936,44,0,44
794779909482758144,44,1,45
1965481,43,1,44
3176101,43,0,43
7179562,43,0,43
14286436,43,0,43
14972032,43,0,43
15235231,43,23,66
15507394,43,0,43
15808337,43,0,43
16668042,43,111,154
16974170,43,0,43
17756037,43,137,180
17770592,43,2,45
19043568,43,1,44
19304431,43,2,45
19899344,43,6,49
21582436,43,0,43
23490211,43,20,63
23775006,43,7,50
24082870,43,0,43
25349353,43,0,43
25608404,43,7,50
25749677,43,1,44
26968053,43,26,69
27127777,43,4,47
27520546,43,0,43
29303633,43,1,44
29997030,43,3,46
31057963,43,4,47
31841023,43,1,44
32749308,43,16,59
32903442,43,0,43
32936695,43,3,46
33569976,43,3,46
33949279,43,0,43
34842246,43,4,47
35086246,43,2,45
35241709,43,6,49
36632898,43,1,44
38422859,43,1,44
41984259,43,1,44
42357317,43,1,44
43598363,43,1,44
45989925,43,1,44
48260520,43,1,44
52576622,43,3,46
53056220,43,0,43
53646445,43,4,47
56722736,43,47,90
57068859,43,2,45
57140744,43,1,44
59204121,43,2,45
59320978,43,9,52
59502546,43,0,43
59926008,43,7,50
65208984,43,1,44
65795287,43,0,43
66331676,43,2,45
67789604,43,1,44
68137018,43,0,43
76081768,43,0,43
76852415,43,2,45
80642818,43,3,46
91363073,43,3,46
91399352,43,1,44
91489292,43,6,49
99345632,43,0,43
110427690,43,2,45
116332666,43,4,47
121217779,43,2,45
121941520,43,2,45
123308985,43,1,44
124371986,43,1,44
124462493,43,1,44
139572108,43,0,43
144871453,43,0,43
152275110,43,2,45
157568244,43,3,46
160142930,43,10,53
160405041,43,1,44
164159637,43,3,46
167376255,43,1,44
168547637,43,2,45
168939739,43,0,43
171816060,43,1,44
182362853,43,3,46
189434508,43,2,45
205313916,43,4,47
212233838,43,3,46
214252230,43,0,43
217419469,43,1,44
218807808,43,0,43
220176878,43,0,43
234637874,43,6,49
242598609,43,4,47
244105169,43,0,43
246842298,43,0,43
248446275,43,0,43
248839551,43,3,46
254708177,43,3,46
255561451,43,0,43
256903879,43,0,43
257399079,43,2,45
260887591,43,1,44
263841129,43,0,43
264117963,43,2,45
275068772,43,1,44
278543761,43,1,44
281867669,43,0,43
285018358,43,0,43
291397518,43,1,44
292604873,43,3,46
295350253,43,1,44
302718876,43,0,43
304547737,43,1,44
306859494,43,4,47
310884882,43,2,45
314858337,43,1,44
323997815,43,83,126
347696176,43,1,44
368879658,43,6,49
369819300,43,0,43
370057201,43,0,43
383295283,43,0,43
392736272,43,0,43
394274636,43,1,44
403032481,43,1,44
405044444,43,11,54
413513361,43,3,46
421081811,43,0,43
428224490,43,2,45
454271978,43,4,47
460444796,43,1,44
468825226,43,1,44
477002167,43,4,47
479198786,43,4,47
482654644,43,2,45
492823036,43,6,49
494128669,43,4,47
500442132,43,1,44
507597672,43,0,43
518338216,43,1,44
518924553,43,2,45
520847919,43,0,43
521578179,43,0,43
525695875,43,0,43
552421902,43,6,49
567774090,43,4,47
589135400,43,0,43
622969430,43,0,43
623683951,43,2,45
626461599,43,0,43
740483180,43,5,48
744266600,43,0,43
753971905,43,7,50
784586876,43,0,43
829500602,43,2,45
840127854,43,3,46
844679060,43,1,44
846975906,43,0,43
855185545,43,1,44
857001662,43,0,43
858218017,43,56,99
860755346,43,1,44
865490748,43,0,43
865559503,43,2,45
896838770,43,4,47
971699006,43,1,44
998397548,43,5,48
1009228740,43,5,48
1032888870,43,1,44
1037571367,43,2,45
1077444631,43,0,43
1090381783,43,0,43
1138580173,43,3,46
1146683604,43,11,54
1176537264,43,6,49
1190888904,43,0,43
1248792727,43,0,43
1292473633,43,1,44
1380473012,43,1,44
1413137276,43,3,46
1458765055,43,0,43
1496319918,43,47,90
1550096929,43,2,45
1590030210,43,12,55
1592603066,43,0,43
1602488677,43,1,44
1648923450,43,0,43
1666562821,43,1,44
1681212607,43,1,44
1692332671,43,0,43
1700050153,43,3,46
1734086719,43,4,47
1911832471,43,1,44
1917632858,43,9,52
1924767546,43,0,43
1942570267,43,1,44
1967730090,43,30,73
2181807818,43,1,44
2191707162,43,0,43
2193751920,43,0,43
2263235750,43,1,44
2297042556,43,3,46
2327061237,43,18,61
2350665602,43,1,44
2359770622,43,0,43
2361150007,43,2,45
2369254212,43,0,43
2375710609,43,0,43
2376574058,43,3,46
2411379535,43,0,43
2415316554,43,2,45
2430341433,43,85,128
2431107457,43,69,112
2433752617,43,4,47
2462505022,43,0,43
2466940272,43,0,43
2488263439,43,2,45
2506093844,43,2,45
2507679270,43,1,44
2551251168,43,2,45
2600494596,43,0,43
2691699349,43,1,44
2704037341,43,0,43
2734422033,43,0,43
2737950909,43,0,43
2746041570,43,0,43
2780744569,43,276,319
2784716033,43,20,63
2806133447,43,3,46
2819576381,43,0,43
2832742492,43,4,47
2863649873,43,1,44
2883496247,43,1,44
2892785463,43,5,48
2906724325,43,0,43
2919907586,43,3,46
2926179374,43,0,43
3000586269,43,14,57
3064034982,43,2,45
3082678956,43,0,43
3116027374,43,3,46
3145424584,43,7,50
3182139098,43,5,48
3191888037,43,27,70
3283426488,43,42,85
3290357255,43,0,43
3322416832,43,3,46
3378028228,43,0,43
3395959787,43,0,43
3433089843,43,0,43
3434826046,43,0,43
3517913240,43,3,46
3530476579,43,4,47
3672630558,43,1,44
3701029827,43,0,43
3756494357,43,77,120
3829384702,43,2,45
3852632832,43,0,43
3887329758,43,0,43
3950803107,43,4,47
3952002555,43,2,45
3965614753,43,0,43
4175281287,43,19,62
4200373047,43,2,45
4220326775,43,29,72
4221355919,43,0,43
4269384553,43,1,44
4396164623,43,0,43
4499231112,43,0,43
4581946221,43,1,44
4657978753,43,0,43
4665011307,43,0,43
4692175110,43,0,43
4720843217,43,0,43
4765867515,43,0,43
4771372706,43,0,43
4808970863,43,3,46
4811340372,43,4,47
4833947182,43,2,45
4850163500,43,5,48
4852104802,43,3,46
4852120812,43,2,45
4861429539,43,11,54
4865357793,43,0,43
4871147014,43,2,45
4877803011,43,1,44
4880140966,43,0,43
698552537155248129,43,0,43
698992648275804160,43,2,45
702745887282311168,43,2,45
702765464619978752,43,4,47
703047530297188352,43,2,45
703048228531523584,43,1,44
704734969617211393,43,0,43
705229526293311488,43,1,44
705403283612016640,43,0,43
705440823488483328,43,1,44
706338925980184577,43,1,44
707548815394545665,43,1,44
707982215016091648,43,0,43
708045756930859012,43,1,44
708085361239457792,43,1,44
710123736175783938,43,7,50
711601349461282817,43,0,43
711650270342565888,43,0,43
711653083529551873,43,3,46
712219677716553728,43,1,44
713039021518118921,43,2,45
713091070666493953,43,2,45
714513504842203137,43,1,44
714895954185469954,43,4,47
715685027749605378,43,1,44
715911790799032320,43,2,45
716007822379630592,43,3,46
716044779046445056,43,0,43
717896347861565440,43,2,45
727144124340531200,43,0,43
727877524634636288,43,0,43
730534685688795137,43,0,43
738759178139770880,43,387,430
741876442988838912,43,1,44
742803279277527040,43,3,46
743767679253778432,43,0,43
745439009770344448,43,4,47
745582173055500288,43,0,43
746008255567015936,43,6,49
746925237271298048,43,1,44
747817839612964864,43,79,122
753151147272179712,43,0,43
754743870462783488,43,3,46
756274853871845376,43,2,45
757268667138727936,43,2,45
757499077781098496,43,4,47
758011007000203264,43,4,47
758088028309127173,43,1,44
760109551127363585,43,2,45
760543880647315456,43,2,45
762049638849445888,43,1,44
766060892433838081,43,1,44
772473286236209153,43,0,43
773318638321430528,43,0,43
776956299879780352,43,3,46
781058453435449344,43,0,43
782330633301483520,43,2,45
788270114843963392,43,3,46
788956855733252096,43,2,45
789821479676502016,43,1,44
789877763641446401,43,0,43
791241662127181824,43,2,45
792450401731829760,43,0,43
792767410130460672,43,1,44
795437483106435073,43,0,43
801874250621558784,43,0,43
849591,42,15,57
10113082,42,1,43
10329862,42,0,42
14542994,42,1,43
15503566,42,3,45
15975961,42,4,46
16163050,42,0,42
16833387,42,0,42
16974191,42,0,42
17055997,42,3,45
18583216,42,0,42
19561541,42,0,42
20281069,42,0,42
20992939,42,1,43
21081237,42,0,42
21784741,42,4,46
21899643,42,4,46
21906070,42,38,80
22273976,42,0,42
23860507,42,93,135
24618161,42,2,44
25975551,42,4,46
27061458,42,2,44
27943433,42,1,43
28611453,42,0,42
30847216,42,1,43
31361333,42,2,44
31403243,42,1,43
31602162,42,0,42
34985828,42,0,42
36030707,42,0,42
38766918,42,2,44
42410634,42,2,44
44667379,42,6,48
46204483,42,0,42
46808996,42,3,45
47396702,42,9,51
48796550,42,1,43
52000700,42,0,42
52247328,42,12,54
52835271,42,3,45
52915212,42,2,44
56486919,42,5,47
58938170,42,1,43
59664088,42,0,42
62418222,42,13,55
63659200,42,1,43
65020791,42,0,42
65411746,42,2,44
65892745,42,1,43
69786575,42,0,42
73142016,42,1,43
79579759,42,5,47
82757763,42,5,47
91589529,42,1,43
92267344,42,1,43
94489102,42,3,45
94620467,42,2,44
95936044,42,2,44
100604794,42,6,48
104556243,42,3,45
105711954,42,2,44
113488773,42,2,44
114939532,42,0,42
132569061,42,1,43
133996388,42,2,44
151503345,42,1,43
153266090,42,1,43
157851432,42,2,44
158076899,42,2,44
167645831,42,1,43
169215309,42,2,44
169270982,42,15,57
173545946,42,2,44
173582183,42,3,45
178830272,42,2,44
184027478,42,1,43
186559921,42,6,48
197111814,42,2,44
199859048,42,1,43
203963862,42,4,46
206414832,42,1,43
214049826,42,0,42
220170317,42,2,44
236699369,42,0,42
238708638,42,2,44
244491521,42,22,64
259119456,42,3,45
269472958,42,0,42
273190130,42,0,42
274254006,42,3,45
275253981,42,0,42
281273320,42,5,47
282835484,42,1,43
289486347,42,0,42
291510808,42,5,47
292597626,42,0,42
296616859,42,3,45
299441066,42,8,50
307869614,42,1,43
310160851,42,1,43
319154113,42,0,42
323531113,42,4,46
326825780,42,2,44
330809456,42,3,45
331244791,42,0,42
336820875,42,3,45
365187844,42,0,42
377768898,42,0,42
380507460,42,0,42
386057207,42,1,43
391069836,42,2,44
397873205,42,1,43
404394147,42,0,42
415646327,42,5,47
429454010,42,0,42
445861289,42,2,44
447578641,42,4,46
455996058,42,0,42
462476602,42,1,43
463961564,42,60,102
467348164,42,1,43
471181953,42,6,48
476945927,42,0,42
479824168,42,0,42
488774213,42,0,42
517084598,42,6,48
517295547,42,17,59
517917379,42,0,42
527633784,42,0,42
532363503,42,0,42
533358812,42,2,44
535114284,42,3,45
550394711,42,1,43
577010235,42,20,62
583372173,42,0,42
589945852,42,0,42
594197204,42,4,46
596037557,42,0,42
601890937,42,44,86
611695803,42,0,42
621162806,42,0,42
622459795,42,4,46
629884158,42,2,44
727843496,42,7,49
819776665,42,3,45
842298572,42,0,42
844387908,42,1,43
846342331,42,1,43
853681404,42,3,45
860982284,42,0,42
863770784,42,0,42
870606980,42,0,42
963506827,42,5,47
1003475954,42,0,42
1045017146,42,4,46
1089536220,42,9,51
1107232490,42,48,90
1123796598,42,0,42
1130413016,42,1,43
1135102880,42,1,43
1143033450,42,1,43
1150441159,42,0,42
1165903134,42,0,42
1166023872,42,1,43
1176395430,42,6,48
1183139779,42,0,42
1197603300,42,0,42
1244769805,42,0,42
1268623633,42,2,44
1353255667,42,1,43
1385710256,42,3,45
1411778334,42,0,42
1455775747,42,1,43
1458612992,42,0,42
1513566746,42,0,42
1514955175,42,1,43
1551743478,42,1,43
1572171775,42,2,44
1604196067,42,0,42
1606267572,42,1,43
1621650469,42,0,42
1665499566,42,3,45
1726065793,42,1,43
1922049619,42,2,44
1942242588,42,0,42
2178421679,42,0,42
2268255932,42,1,43
2290385455,42,0,42
2305559156,42,3,45
2313758816,42,7,49
2325832484,42,1,43
2331412429,42,0,42
2351763901,42,15,57
2358121866,42,0,42
2408083531,42,1,43
2410109210,42,2,44
2429191928,42,0,42
2432276299,42,0,42
2485482500,42,2,44
2492759569,42,2,44
2538053700,42,18,60
2614102603,42,1,43
2712626912,42,0,42
2721974507,42,5,47
2738650720,42,0,42
2822081884,42,2,44
2829903282,42,0,42
2848120880,42,1,43
2853383033,42,2,44
2861750577,42,37,79
2914194664,42,0,42
2923078709,42,1,43
2947985193,42,0,42
2982647266,42,1,43
3026155783,42,3,45
3035236380,42,4,46
3039387387,42,0,42
3063884472,42,0,42
3097951626,42,3,45
3102013813,42,45,87
3117586530,42,1,43
3127051172,42,5,47
3142736154,42,0,42
3158642347,42,1,43
3178180567,42,2,44
3188680431,42,1,43
3248207436,42,0,42
3287861576,42,0,42
3302109098,42,0,42
3307081590,42,1,43
3323489113,42,1,43
3363431893,42,0,42
3407652327,42,0,42
3413765235,42,5,47
3432028156,42,1,43
3451152737,42,2,44
3462792734,42,2,44
3621278472,42,2,44
3688570336,42,1,43
3748722495,42,2,44
3886002978,42,2,44
3937414520,42,0,42
3979459223,42,1,43
4049463448,42,4,46
4090670667,42,0,42
4100661015,42,3,45
4182817251,42,2,44
4235585306,42,4,46
4421492243,42,5,47
4493744734,42,1,43
4514994134,42,3,45
4559611528,42,0,42
4568014212,42,2,44
4625146454,42,7,49
4626522202,42,1,43
4635474421,42,4,46
4651265777,42,0,42
4776840380,42,0,42
4819836965,42,0,42
4828084955,42,3,45
4828461104,42,4,46
4850956993,42,0,42
4877263391,42,1,43
4899089719,42,0,42
4908057860,42,2,44
4909688801,42,1,43
4927660282,42,2,44
694731966017437696,42,0,42
702374492622946304,42,2,44
702982928809250818,42,3,45
705001163301715968,42,3,45
705188885064617986,42,3,45
705263442307854336,42,5,47
706227461130833921,42,5,47
706548508791181312,42,0,42
706919457139105792,42,12,54
709845588284743680,42,1,43
710570503484866561,42,1,43
711703346592288769,42,1,43
713352850458484736,42,0,42
714445385809399809,42,3,45
714647220268744704,42,36,78
714976443294433280,42,0,42
717851956648259584,42,1,43
718496703842807809,42,0,42
718923808338411520,42,0,42
720065344216436736,42,1,43
722573792590094336,42,55,97
725491027595956225,42,2,44
726218666304540672,42,3,45
729669192908214273,42,0,42
730796773023715330,42,4,46
733465589423857664,42,1,43
736293436245053440,42,1,43
738837671477280768,42,1,43
739397111012331520,42,0,42
739578420393185280,42,3,45
740401579556212736,42,3,45
741057608887324673,42,7,49
741459435311104001,42,2,44
743217472241799168,42,0,42
745031274641887232,42,0,42
746936927287291904,42,5,47
747598831219523585,42,1,43
750137597125533696,42,0,42
750476336007880704,42,0,42
750679220737626112,42,2,44
750749058210365440,42,0,42
752543790481629184,42,5,47
757979386582675456,42,4,46
758762349180452864,42,0,42
759199671730536453,42,1,43
760312668750217216,42,0,42
762525732073504768,42,1,43
763184369729171456,42,0,42
764289800127979520,42,6,48
776138240118128640,42,1,43
776903299630968832,42,4,46
777936101860253696,42,1,43
778825140863807488,42,3,45
779526027957731328,42,3,45
780398943452618752,42,0,42
782989180070539264,42,1,43
784609875447975937,42,1,43
785229334478979073,42,5,47
785928945413656576,42,1,43
789057550914162688,42,0,42
789106227892609024,42,0,42
792848107012632576,42,1,43
795740403660099584,42,1,43
12136922,41,2,43
15036587,41,2,43
15916896,41,3,44
15944272,41,1,42
16038334,41,2,43
16381920,41,6,47
16585472,41,2,43
16890140,41,0,41
17131970,41,7,48
17778921,41,0,41
18121293,41,2,43
18128814,41,4,45
19212015,41,149,190
20932641,41,0,41
21680436,41,7,48
22214019,41,2,43
22297480,41,8,49
22531807,41,8,49
22823425,41,2,43
23268382,41,2,43
23353927,41,0,41
24470087,41,119,160
24891727,41,4,45
26015031,41,14,55
26379654,41,0,41
29854321,41,9,50
31267020,41,0,41
32420474,41,8,49
33595560,41,0,41
35592547,41,3,44
35593859,41,0,41
36863988,41,2,43
40712226,41,2,43
42624414,41,2,43
43234626,41,1,42
48111419,41,0,41
49966475,41,5,46
50177875,41,2,43
58081563,41,5,46
60667165,41,9,50
60863039,41,0,41
69800408,41,4,45
73302068,41,1,42
75098654,41,3,44
76704541,41,0,41
78135318,41,75,116
81281442,41,12,53
81654528,41,1,42
82541470,41,0,41
88689345,41,0,41
90966455,41,1,42
92098143,41,0,41
93112589,41,4,45
107603126,41,1,42
118539868,41,5,46
122241218,41,1,42
122397629,41,6,47
124585743,41,34,75
124832157,41,3,44
134552828,41,2,43
136331968,41,3,44
137054636,41,0,41
143260376,41,3,44
143367468,41,0,41
144495813,41,2,43
153456944,41,1,42
155082887,41,2,43
172444420,41,17,58
179280878,41,0,41
188490490,41,0,41
203561332,41,2,43
204475242,41,36,77
219425653,41,0,41
223996109,41,1,42
227495975,41,2,43
232972471,41,5,46
236130472,41,1,42
243447830,41,1,42
244693950,41,71,112
246508670,41,1,42
247860908,41,5,46
250484469,41,5,46
250937927,41,4,45
251052944,41,5,46
261098344,41,1,42
262789592,41,10,51
262926031,41,0,41
265047559,41,0,41
273018807,41,0,41
275219058,41,0,41
276547070,41,0,41
282481585,41,2,43
284231137,41,0,41
285036622,41,0,41
285434613,41,51,92
291140584,41,1,42
299934350,41,1,42
303306701,41,0,41
304143520,41,0,41
305382465,41,0,41
309418741,41,2,43
328788232,41,0,41
331632622,41,1,42
335851836,41,1,42
361993677,41,1,42
362832455,41,2,43
370448731,41,1,42
381883950,41,4,45
382997671,41,42,83
383353522,41,0,41
395079223,41,0,41
403714562,41,3,44
410135192,41,96,137
421610271,41,6,47
426427104,41,0,41
434002596,41,0,41
452906786,41,3,44
454784580,41,1,42
459198906,41,0,41
465229292,41,0,41
470919829,41,1,42
473136093,41,3,44
475851491,41,0,41
503207023,41,5,46
530923847,41,2,43
534329922,41,0,41
536567784,41,5,46
546886420,41,10,51
551303014,41,0,41
580183473,41,0,41
583271416,41,12,53
591981595,41,6,47
605727932,41,7,48
605757334,41,49,90
608642919,41,3,44
611350965,41,5,46
613132047,41,4,45
616139632,41,0,41
618459683,41,1,42
623805899,41,35,76
711507721,41,2,43
802994066,41,4,45
821768503,41,0,41
832250910,41,2,43
840862346,41,4,45
874710998,41,0,41
874724448,41,3,44
884805792,41,3,44
888366840,41,3,44
889979617,41,2,43
902996089,41,2,43
904821493,41,0,41
922902360,41,7,48
926991108,41,0,41
973285034,41,7,48
1018194906,41,3,44
1096586868,41,1,42
1176941214,41,0,41
1235018342,41,0,41
1267362949,41,5,46
1327545288,41,8,49
1331648558,41,0,41
1363176446,41,1,42
1373340229,41,0,41
1433208163,41,0,41
1487174827,41,0,41
1488864481,41,0,41
1515254905,41,6,47
1539267602,41,1,42
1547074368,41,0,41
1567096106,41,0,41
1575420398,41,1,42
1575877765,41,6,47
1633570850,41,0,41
1646120928,41,0,41
1649168856,41,1,42
1687446302,41,0,41
1708943438,41,5,46
1869694814,41,4,45
1898457872,41,8,49
1908173622,41,5,46
1945832287,41,0,41
1947303967,41,8,49
2168939118,41,2,43
2175228423,41,0,41
2204149843,41,8,49
2258357868,41,69,110
2284999053,41,3,44
2292743989,41,5,46
2302317949,41,2,43
2308522168,41,0,41
2317877251,41,0,41
2342229080,41,0,41
2354132022,41,2,43
2355449911,41,3,44
2410082140,41,1,42
2444383308,41,1,42
2449120862,41,1,42
2450466770,41,0,41
2492436446,41,1,42
2534195028,41,6,47
2559988867,41,2,43
2566263529,41,0,41
2570394455,41,4,45
2577523154,41,1,42
2582749406,41,0,41
2601852176,41,3,44
2607548723,41,12,53
2642927008,41,1,42
2666471250,41,1,42
2699133224,41,1,42
2732189535,41,0,41
2734172982,41,1,42
2760179705,41,0,41
2763918127,41,3,44
2812263523,41,5,46
2839133459,41,0,41
2905732231,41,0,41
2914529775,41,5,46
2933006569,41,1,42
2942674881,41,1,42
2948377131,41,1,42
2951365431,41,0,41
2956302163,41,0,41
2975434728,41,4,45
3111993791,41,9,50
3125467751,41,3,44
3130273178,41,0,41
3138206694,41,0,41
3138432499,41,1,42
3140892751,41,4,45
3147178391,41,23,64
3180104533,41,2,43
3180945745,41,3,44
3187227260,41,0,41
3195852355,41,2,43
3219094901,41,2,43
3230944180,41,51,92
3243442856,41,0,41
3248753868,41,26,67
3250995991,41,17,58
3251856613,41,0,41
3254834376,41,0,41
3268499018,41,2,43
3274872775,41,2,43
3307958689,41,8,49
3318236150,41,1,42
3330331589,41,4,45
3382116075,41,1,42
3388624480,41,2,43
3395386792,41,0,41
3433043523,41,0,41
3433416514,41,5,46
3499821328,41,3,44
3516831555,41,0,41
3552847212,41,1,42
3580870876,41,1,42
3676611552,41,1,42
3691110204,41,46,87
3718489576,41,0,41
3752201597,41,0,41
3866503797,41,0,41
3961543272,41,1,42
3968544013,41,0,41
3980772021,41,3,44
4011111203,41,1,42
4041329212,41,0,41
4048852873,41,2,43
4050412827,41,0,41
4052958852,41,6,47
4114739418,41,6,47
4167427523,41,1,42
4193691373,41,5,46
4205765434,41,0,41
4261744219,41,3,44
4312282894,41,6,47
4437595465,41,2,43
4456348512,41,6,47
4519248732,41,0,41
4559321559,41,0,41
4620581234,41,4,45
4628483539,41,5,46
4760851634,41,0,41
4766014272,41,1,42
4785474946,41,5,46
4796109501,41,0,41
4808784389,41,3,44
4844017714,41,4,45
4850792501,41,0,41
4852244465,41,5,46
4855431552,41,0,41
4855973961,41,0,41
701948083467255808,41,3,44
702661458329411584,41,59,100
703001594007130112,41,11,52
704045497787351041,41,0,41
704844310462631936,41,0,41
705462856523735040,41,0,41
705895022445649920,41,2,43
705932948743331840,41,0,41
709038017822871552,41,0,41
709519114562240512,41,0,41
710938082304864256,41,4,45
712046046147436544,41,1,42
712438702690013184,41,2,43
713167359016460289,41,2,43
717248692789579776,41,0,41
717712255618531328,41,2,43
718303168875139072,41,2,43
718433446440398848,41,1,42
718983299608129537,41,8,49
719192489110863873,41,6,47
720398081234051072,41,34,75
721245691964567552,41,5,46
721424391217635329,41,7,48
723627018953187328,41,0,41
725348771245228032,41,3,44
726284909191389185,41,0,41
726996253897162756,41,3,44
727672002106916865,41,1,42
729414721095393280,41,1,42
729633894572691458,41,3,44
731549970990518273,41,10,51
731592373038370817,41,4,45
737338752910036992,41,0,41
737880623092797440,41,4,45
739362376919584769,41,0,41
741014101808283649,41,1,42
741047463608360960,41,2,43
742749379623165955,41,4,45
743834123987468289,41,2,43
745610036135796736,41,6,47
745737590171590656,41,2,43
747831888769736705,41,0,41
750052672128950272,41,0,41
750495337417060352,41,9,50
751812818341507072,41,0,41
754710770563190786,41,0,41
757239530336444416,41,0,41
757372694400729088,41,1,42
758999979172036610,41,2,43
759104387755147264,41,2,43
763028459606212608,41,4,45
766750546426531840,41,1,42
767100463871176704,41,2,43
773342482465755136,41,1,42
782153015478345728,41,2,43
782306035587551232,41,0,41
783507240783192064,41,0,41
788758047086772224,41,3,44
789167334413828097,41,0,41
789567258301521921,41,1,42
796502298071597057,41,5,46
800540782893535232,41,7,48
802700606385352704,41,0,41
806527312862842884,41,0,41
5920142,40,2,42
15619273,40,3,43
15654342,40,2,42
15874552,40,1,41
15899328,40,3,43
16145231,40,45,85
16636188,40,2,42
20032655,40,2,42
21112972,40,1,41
22117805,40,2,42
23186695,40,1,41
23920295,40,1,41
24128118,40,1,41
24495084,40,5,45
24786780,40,14,54
25340368,40,0,40
26214781,40,2,42
26477912,40,4,44
27768893,40,6,46
28048959,40,1,41
29073978,40,13,53
29835084,40,4,44
29910265,40,0,40
32603508,40,4,44
33516738,40,1,41
37107711,40,0,40
39753444,40,0,40
40397696,40,6,46
42486601,40,1,41
43358898,40,9,49
44083132,40,0,40
44304085,40,0,40
44856596,40,0,40
46860972,40,3,43
48981836,40,1,41
49519644,40,1,41
52758609,40,1,41
52832649,40,5,45
53477624,40,2,42
56300259,40,3,43
59757778,40,3,43
61396565,40,1,41
67194809,40,1,41
68441794,40,0,40
70209480,40,8,48
71749168,40,0,40
75204166,40,0,40
79219229,40,1,41
79360614,40,0,40
84896183,40,2,42
86980340,40,2,42
87603897,40,3,43
89475542,40,0,40
97981165,40,1,41
104394500,40,0,40
108709348,40,4,44
115473990,40,0,40
118351622,40,0,40
121243616,40,7,47
122984574,40,2,42
129386944,40,1,41
129559686,40,5,45
133452057,40,0,40
150526306,40,1,41
156660120,40,13,53
158715457,40,0,40
160970211,40,0,40
166408582,40,0,40
168100032,40,0,40
172116803,40,5,45
177662834,40,5,45
178005137,40,0,40
182083010,40,2,42
184467438,40,0,40
186427366,40,0,40
192539687,40,2,42
211681647,40,0,40
215853553,40,2,42
216848117,40,1,41
217634501,40,7,47
232962457,40,66,106
244468236,40,2,42
245623456,40,1,41
251713964,40,3,43
253441096,40,1,41
261040803,40,0,40
266956775,40,0,40
273387066,40,5,45
274338901,40,1,41
277501298,40,0,40
280609806,40,0,40
289066063,40,2,42
292904253,40,0,40
296622166,40,5,45
297670560,40,0,40
299874769,40,5,45
304547610,40,2,42
306362002,40,2,42
313246509,40,1,41
322014610,40,3,43
327004121,40,9,49
327049481,40,1,41
327378368,40,3,43
334672145,40,4,44
336185185,40,0,40
348213054,40,5,45
351087735,40,1,41
351311908,40,4,44
355568701,40,2,42
355958960,40,25,65
367230652,40,1,41
370394868,40,3,43
381806169,40,5,45
386751965,40,0,40
388432699,40,18,58
389987139,40,1,41
392234755,40,0,40
395621401,40,0,40
397770228,40,2,42
404341852,40,0,40
405909513,40,0,40
425324192,40,0,40
436015732,40,1,41
438040010,40,5,45
442426470,40,2,42
449274200,40,1,41
449853758,40,2,42
454535085,40,1,41
459912248,40,4,44
471641303,40,1,41
474202929,40,0,40
486772028,40,2,42
489917005,40,3,43
497399405,40,3,43
498549950,40,0,40
515779438,40,3,43
525828807,40,3,43
530003517,40,1,41
537858279,40,0,40
540224975,40,1,41
552617586,40,0,40
599630385,40,1,41
604914237,40,0,40
614801913,40,0,40
624167897,40,1,41
633299317,40,3,43
714513542,40,3,43
740388907,40,0,40
757914175,40,3,43
767851026,40,4,44
774920402,40,0,40
787718738,40,0,40
788226090,40,3,43
794594016,40,2,42
832486927,40,162,202
835852447,40,1,41
838993651,40,3,43
846953653,40,5,45
854069137,40,1,41
858919249,40,0,40
860679312,40,0,40
880915572,40,3,43
887823206,40,0,40
900941707,40,0,40
906020701,40,1,41
916321278,40,2,42
920120467,40,2,42
922400370,40,1,41
923536003,40,36,76
952134750,40,1,41
962149968,40,0,40
970875331,40,0,40
993395660,40,1,41
1027202444,40,4,44
1152901056,40,2,42
1199009539,40,1,41
1247871055,40,0,40
1265092100,40,0,40
1268703074,40,11,51
1278184561,40,1,41
1279467138,40,2,42
1363429202,40,4,44
1368917580,40,0,40
1370664036,40,1,41
1391749608,40,0,40
1400503214,40,2,42
1429320763,40,10,50
1486664918,40,0,40
1512098724,40,20,60
1516541190,40,6,46
1528941756,40,2,42
1533459110,40,1,41
1544134861,40,1,41
1596494082,40,2,42
1611012930,40,0,40
1613072618,40,2,42
1642055916,40,1,41
1691191314,40,5,45
1694814012,40,2,42
1855698619,40,0,40
1876106299,40,3,43
1901818802,40,1,41
1905026599,40,2,42
1927262184,40,0,40
1960890499,40,15,55
1964909868,40,1,41
2159359333,40,1,41
2170958000,40,0,40
2178404130,40,3,43
2183125940,40,96,136
2198399148,40,3,43
2200017093,40,1,41
2253118696,40,2,42
2270572174,40,3,43
2292880440,40,1,41
2321655144,40,3,43
2328854769,40,0,40
2345671772,40,1,41
2462268236,40,2,42
2473250695,40,2,42
2559570124,40,0,40
2588321996,40,4,44
2602664509,40,0,40
2647929202,40,0,40
2652869926,40,0,40
2663115926,40,7,47
2725265705,40,0,40
2735601086,40,1,41
2742895799,40,1,41
2795593730,40,1,41
2822712590,40,9,49
2823388010,40,22,62
2826768270,40,3,43
2828383725,40,0,40
2829857279,40,2,42
2897186950,40,1,41
2914094224,40,1,41
2921084698,40,4,44
2971038920,40,4,44
2996676051,40,2,42
3003809282,40,1,41
3010442038,40,0,40
3012873702,40,1,41
3027046846,40,0,40
3059785752,40,1,41
3070465286,40,5,45
3072155190,40,0,40
3097543386,40,1,41
3100204337,40,1,41
3127156630,40,0,40
3130204726,40,2,42
3134411065,40,4,44
3151927958,40,3,43
3172586621,40,0,40
3237253542,40,1,41
3268992600,40,1,41
3270951991,40,7,47
3295853040,40,5,45
3302427155,40,0,40
3310933380,40,2,42
3311821730,40,1,41
3311852304,40,6,46
3312840571,40,25,65
3318206586,40,0,40
3330521339,40,2,42
3343738493,40,10,50
3351985150,40,1,41
3367479335,40,0,40
3378425511,40,0,40
3378536763,40,0,40
3400926868,40,1,41
3410039561,40,0,40
3422292133,40,20,60
3430727757,40,2,42
3434305366,40,60,100
3448205183,40,0,40
3476754372,40,3,43
3547021343,40,1,41
3673042064,40,1,41
3691747216,40,2,42
3711496576,40,21,61
3774929113,40,2,42
3778468094,40,4,44
3885698292,40,0,40
3886284912,40,1,41
3905363417,40,2,42
3951200003,40,0,40
4048893132,40,0,40
4099846101,40,3,43
4196754560,40,4,44
4289916037,40,0,40
4360278497,40,0,40
4417103368,40,2,42
4438176707,40,2,42
4439316435,40,0,40
4464165737,40,3,43
4497682306,40,1,41
4588225574,40,0,40
4729571957,40,1,41
4740016162,40,0,40
4764867800,40,3,43
4779554234,40,0,40
4795549490,40,1,41
4854207081,40,2,42
4855444971,40,1,41
4858453113,40,2,42
4885770726,40,1,41
700436266001629184,40,5,45
701164616093712387,40,2,42
701191393906130944,40,8,48
701576022429315073,40,0,40
702729262927912960,40,6,46
705177418382716928,40,0,40
705424631843459072,40,12,52
705440564628561921,40,1,41
705547111698280449,40,1,41
705640302443278336,40,0,40
709951650438504449,40,1,41
710800779750277120,40,1,41
711410423808049152,40,0,40
712433595042803712,40,0,40
714098600356216835,40,0,40
723800680733921280,40,16,56
725215565476847616,40,0,40
725331518340620288,40,2,42
728171360153821184,40,3,43
728221452927827969,40,4,44
728249688651091968,40,0,40
728296044065226752,40,1,41
729856292832030720,40,0,40
731055520933613568,40,0,40
732063205565042688,40,4,44
734906484807639044,40,1,41
741085101816205312,40,1,41
741359729297874944,40,1,41
743085080621387776,40,4,44
743890811377487873,40,12,52
743958589660925952,40,4,44
745209567450013696,40,0,40
754020308328128513,40,0,40
754029187921391616,40,0,40
754740260366606337,40,2,42
755887026034003969,40,0,40
756353529770602496,40,2,42
756667245036568576,40,1,41
756905088724107264,40,2,42
757518814770827265,40,0,40
759044070874415104,40,6,46
760277554339119104,40,1,41
762122318298640385,40,2,42
762909857888567296,40,0,40
763916861411102720,40,2,42
764293467283591168,40,1,41
767500274151731200,40,11,51
771547760852029440,40,0,40
774939332541022208,40,3,43
780584212680220674,40,0,40
781328550448271360,40,2,42
785888408547708928,40,2,42
785969493176619009,40,0,40
787269401875779584,40,1,41
787812116220801024,40,3,43
787825747586973696,40,0,40
790224701666762752,40,0,40
810924463596240896,40,0,40
7279532,39,0,39
10704782,39,2,41
14347972,39,17,56
14453481,39,15,54
16354904,39,0,39
16499746,39,5,44
16933756,39,0,39
18170412,39,1,40
18224278,39,7,46
18365188,39,0,39
19920823,39,0,39
20439040,39,0,39
21027717,39,0,39
21283587,39,3,42
21901064,39,2,41
22099720,39,9,48
22158652,39,1,40
22209659,39,7,46
22342138,39,0,39
22784691,39,1,40
23112668,39,7,46
23966019,39,1,40
24687735,39,21,60
24756264,39,0,39
25073952,39,0,39
25097371,39,42,81
25395434,39,5,44
26237787,39,19,58
26241252,39,4,43
27688800,39,3,42
27897429,39,3,42
36343389,39,0,39
36473243,39,7,46
36541952,39,15,54
40066886,39,3,42
40898836,39,2,41
41142788,39,1,40
41598175,39,2,41
43959446,39,0,39
49311062,39,1,40
49709806,39,0,39
49900513,39,0,39
52206656,39,1,40
55113653,39,3,42
55388433,39,4,43
57256117,39,0,39
59718022,39,1,40
60030161,39,5,44
61776145,39,1,40
64071544,39,4,43
67812258,39,6,45
70183588,39,2,41
72242356,39,1,40
73010587,39,0,39
73034638,39,0,39
74672763,39,0,39
75411585,39,1,40
88184615,39,2,41
102568724,39,0,39
102979557,39,7,46
107039908,39,2,41
109226944,39,0,39
110653294,39,0,39
116239679,39,2,41
128108354,39,7,46
128802901,39,2,41
136114272,39,0,39
136154921,39,2,41
136811343,39,5,44
139136299,39,2,41
144742947,39,2,41
149851544,39,0,39
151104800,39,0,39
151354625,39,1,40
156770444,39,0,39
163118377,39,0,39
166019278,39,6,45
175025658,39,1,40
185030814,39,0,39
190648628,39,3,42
193972607,39,4,43
206086913,39,10,49
206342228,39,5,44
215364805,39,0,39
224700804,39,4,43
225944590,39,0,39
226360469,39,13,52
229936591,39,1,40
234078455,39,4,43
236960917,39,0,39
243799119,39,5,44
246883126,39,2,41
247454439,39,0,39
255519585,39,5,44
255734349,39,5,44
256747148,39,7,46
261751772,39,1,40
279540229,39,0,39
289044386,39,11,50
292732274,39,1,40
301425474,39,25,64
302301151,39,2,41
305107809,39,2,41
308486447,39,2,41
309461851,39,0,39
309843986,39,3,42
312705978,39,6,45
316385307,39,3,42
321566499,39,2,41
326070425,39,0,39
328274164,39,2,41
329202149,39,1,40
330476024,39,3,42
335545660,39,1,40
335645986,39,2,41
338707907,39,0,39
346008191,39,2,41
362126121,39,3,42
363345099,39,1,40
364956613,39,2,41
378844779,39,2,41
379555472,39,2,41
390208861,39,0,39
398712660,39,0,39
411902451,39,1,40
416540142,39,5,44
438224887,39,3,42
459292972,39,1,40
470744587,39,5,44
475912792,39,0,39
476155020,39,0,39
480631707,39,1,40
485179361,39,1,40
487805364,39,2,41
497882349,39,0,39
505322398,39,5,44
524662686,39,1,40
526346146,39,13,52
531282820,39,0,39
531478621,39,0,39
531846662,39,0,39
532198406,39,1,40
541279160,39,3,42
542986589,39,2,41
546366633,39,9,48
547946524,39,0,39
553188772,39,2,41
556663797,39,2,41
565078449,39,2,41
568016521,39,3,42
598769926,39,1,40
600640132,39,4,43
632024017,39,0,39
633067163,39,0,39
634133167,39,0,39
703379082,39,0,39
703431236,39,0,39
715847058,39,0,39
726677305,39,0,39
747664766,39,0,39
751564710,39,0,39
778058112,39,3,42
785870101,39,3,42
805615368,39,2,41
861193644,39,0,39
874650284,39,1,40
874764805,39,4,43
881263908,39,8,47
884436247,39,1,40
887408437,39,3,42
898819579,39,1,40
948248791,39,1,40
969961921,39,0,39
971314140,39,1,40
977147916,39,1,40
1001964392,39,2,41
1003525832,39,0,39
1004875412,39,0,39
1009250894,39,0,39
1013330785,39,2,41
1033175820,39,0,39
1051928820,39,3,42
1100253632,39,12,51
1146358172,39,1,40
1186457310,39,40,79
1195739216,39,0,39
1244812615,39,4,43
1244814114,39,2,41
1259574180,39,6,45
1268941237,39,8,47
1301029633,39,1,40
1330419680,39,0,39
1345908156,39,0,39
1350877831,39,2,41
1370051250,39,2,41
1381700040,39,2,41
1428404786,39,4,43
1439905116,39,1,40
1475664978,39,0,39
1480827560,39,2,41
1486668450,39,0,39
1549084826,39,2,41
1554397106,39,1,40
1573314817,39,1,40
1580368334,39,1,40
1583303323,39,1,40
1643303508,39,1,40
1650974696,39,0,39
1672726728,39,2,41
1854443772,39,0,39
1861420770,39,2,41
1909350781,39,2,41
1924722175,39,0,39
2150706998,39,1,40
2151831962,39,0,39
2174626496,39,4,43
2186623778,39,0,39
2187093872,39,2,41
2198337368,39,5,44
2201016251,39,1,40
2230583870,39,0,39
2263491734,39,0,39
2265995712,39,4,43
2270517973,39,2,41
2273940452,39,0,39
2305593470,39,3,42
2316421645,39,3,42
2322083631,39,0,39
2347181874,39,0,39
2366203478,39,1,40
2379034351,39,1,40
2396784606,39,0,39
2418424520,39,0,39
2425776899,39,4,43
2429968151,39,1,40
2449913803,39,3,42
2522828272,39,0,39
2575616970,39,3,42
2581403106,39,2,41
2678662218,39,3,42
2701640767,39,3,42
2715665504,39,1,40
2730969312,39,12,51
2749420137,39,1,40
2758422311,39,13,52
2762498891,39,0,39
2774660844,39,13,52
2802168925,39,0,39
2803927925,39,4,43
2808451328,39,0,39
2830421171,39,3,42
2844821364,39,1,40
2869639730,39,0,39
2871962572,39,3,42
2881858611,39,0,39
2902125272,39,0,39
2908476190,39,0,39
2933746246,39,1,40
2937521891,39,0,39
2965802529,39,1,40
2969469335,39,2,41
2970247138,39,0,39
2981310283,39,3,42
2993764250,39,2,41
3007259166,39,2,41
3011372552,39,3,42
3013467001,39,1,40
3031492372,39,2,41
3044869781,39,0,39
3066709410,39,0,39
3083893884,39,1,40
3102061236,39,0,39
3105345650,39,0,39
3112453126,39,1,40
3128245387,39,0,39
3140361675,39,0,39
3144975525,39,3,42
3171942875,39,0,39
3248216430,39,11,50
3258077976,39,3,42
3276860738,39,0,39
3277884570,39,0,39
3280551852,39,4,43
3283696554,39,1,40
3300573645,39,1,40
3301068508,39,0,39
3310109503,39,3,42
3318210126,39,5,44
3321104317,39,3,42
3325294146,39,4,43
3355762883,39,0,39
3395283258,39,0,39
3406262997,39,1,40
3419869632,39,2,41
3439408259,39,2,41
3507630725,39,3,42
3555533775,39,2,41
3592477283,39,85,124
3700121652,39,2,41
3827026513,39,2,41
3873587412,39,8,47
3886768280,39,1,40
3928500439,39,19,58
3937940121,39,1,40
3948881354,39,0,39
3964348939,39,2,41
4079134623,39,1,40
4209505221,39,5,44
4219716856,39,0,39
4381232594,39,0,39
4409820215,39,1,40
4438143382,39,1,40
4473046635,39,0,39
4478215214,39,0,39
4478395109,39,13,52
4635506516,39,4,43
4663571046,39,0,39
4716475529,39,1,40
4803435259,39,32,71
4827451242,39,1,40
4828189779,39,0,39
4837032275,39,4,43
4840456839,39,4,43
4843615563,39,0,39
4845279488,39,3,42
4847689937,39,4,43
4855401508,39,3,42
4856285775,39,15,54
4896469439,39,1,40
4913370821,39,0,39
4914966441,39,1,40
698574139498622977,39,0,39
699352097641381888,39,0,39
700492921053663232,39,3,42
704006510523904000,39,2,41
707434425169141761,39,3,42
708060230404280320,39,2,41
708668343075672064,39,1,40
711361626339840004,39,50,89
713116055774691328,39,1,40
713521542215249920,39,2,41
714105137053048832,39,6,45
715312709450002432,39,9,48
715508894882250753,39,3,42
718129515067625472,39,1,40
720214479271829508,39,8,47
720280075866779648,39,1,40
722795407068114947,39,4,43
722977019361783810,39,0,39
727602643221155840,39,2,41
727944955839287296,39,1,40
728531080819687424,39,1,40
728641950811852800,39,0,39
733278643007459328,39,37,76
733664876149805056,39,0,39
734465997512560640,39,0,39
734490401768394755,39,2,41
734844795177275394,39,0,39
736847435314528256,39,1,40
737103592981725185,39,0,39
739907278153781248,39,0,39
740392415731683328,39,0,39
741505922250506240,39,1,40
742130114738192384,39,1,40
743465689176911872,39,2,41
743967261904379904,39,0,39
746474237674684416,39,0,39
746939863547641857,39,41,80
747445513738326017,39,0,39
750750607443685377,39,12,51
752227514676809728,39,5,44
752240832279896064,39,2,41
754046636108546048,39,0,39
754492034510102528,39,0,39
755399855418159104,39,1,40
755521483045076992,39,10,49
755929956647968768,39,4,43
756335027538038784,39,5,44
756595268770992129,39,1,40
756951966526255104,39,2,41
757775301220765697,39,3,42
759818994996043780,39,1,40
760868744734216193,39,0,39
761888456716976128,39,5,44
764212502108352512,39,1,40
764695504684920832,39,2,41
769235174840209408,39,0,39
770124445373591554,39,1,40
770664676493369344,39,1,40
773245942833225729,39,2,41
779784828199854080,39,1,40
780136355854561280,39,0,39
781894244915154944,39,1,40
782556135354015744,39,4,43
783781681433944066,39,0,39
785085656573751296,39,0,39
785101109371113473,39,0,39
785149463413268480,39,17,56
785516253356044289,39,0,39
785571197945720832,39,1,40
789840134871089152,39,3,42
790242243110055936,39,4,43
794603729269956608,39,0,39
794699195634642944,39,0,39
15571020,38,3,41
15957148,38,0,38
15999489,38,4,42
16054307,38,4,42
16494852,38,0,38
17347183,38,4,42
18294439,38,2,40
19017604,38,3,41
21041737,38,49,87
21190891,38,6,44
21416153,38,6,44
22564991,38,2,40
22801995,38,2,40
23341160,38,13,51
23974759,38,5,43
24875893,38,2,40
26603208,38,54,92
27943435,38,0,38
28740137,38,3,41
29113206,38,1,39
30672522,38,2,40
33513113,38,6,44
34040742,38,4,42
35760927,38,3,41
35927967,38,3,41
37650763,38,1,39
41543840,38,0,38
42220805,38,0,38
43012783,38,1,39
44879731,38,18,56
45253608,38,1,39
46168593,38,0,38
47261104,38,36,74
47534393,38,5,43
48232999,38,6,44
50479074,38,2,40
52777209,38,1,39
53977215,38,0,38
54343319,38,3,41
57868165,38,6,44
57922077,38,6,44
59167512,38,0,38
60149899,38,0,38
64796855,38,4,42
65388145,38,2,40
66171661,38,0,38
68741628,38,5,43
71251611,38,2,40
76383130,38,0,38
77277289,38,1,39
78194344,38,1,39
79236840,38,7,45
85500878,38,0,38
90748312,38,10,48
92108204,38,0,38
92592711,38,1,39
103169292,38,1,39
103685034,38,0,38
103999662,38,1,39
104890099,38,8,46
111489288,38,3,41
116354877,38,0,38
118143600,38,2,40
118613799,38,0,38
119773352,38,1,39
127034085,38,2,40
131056491,38,84,122
135623999,38,1,39
138733375,38,2,40
147742327,38,2,40
153035550,38,0,38
153206692,38,0,38
153836337,38,4,42
155078285,38,28,66
163912172,38,0,38
173320139,38,0,38
173946236,38,0,38
175228827,38,1,39
177458793,38,0,38
179712835,38,3,41
181678158,38,0,38
181768648,38,0,38
182978104,38,0,38
210818055,38,46,84
217197823,38,1,39
223851518,38,0,38
225733872,38,2,40
226650520,38,0,38
228426881,38,4,42
233154866,38,2,40
241142139,38,0,38
244710180,38,4,42
246391473,38,1,39
246483147,38,0,38
248365518,38,2,40
250432648,38,0,38
256471924,38,1,39
258599690,38,1,39
263189865,38,1,39
263466197,38,0,38
278598136,38,0,38
279767235,38,0,38
281709557,38,1,39
282311572,38,94,132
282545133,38,0,38
291469949,38,0,38
293202687,38,0,38
294965479,38,2,40
298005622,38,0,38
319449022,38,1,39
328062541,38,0,38
328325681,38,0,38
334358670,38,2,40
343042963,38,0,38
343796539,38,0,38
345327921,38,1,39
348988815,38,0,38
355269993,38,3,41
360679048,38,0,38
389604704,38,17,55
394392730,38,11,49
401476997,38,3,41
402421303,38,10,48
413467117,38,5,43
415304375,38,12,50
418320988,38,0,38
423745681,38,1,39
430280342,38,3,41
430874049,38,0,38
445748075,38,1,39
448094092,38,2,40
453210266,38,3,41
463217851,38,2,40
469495539,38,4,42
472578030,38,1,39
476140498,38,4,42
481185350,38,1,39
485139684,38,0,38
485380959,38,3,41
516610672,38,0,38
522810877,38,5,43
531819301,38,2,40
543787955,38,0,38
545556451,38,7,45
550952740,38,8,46
557965039,38,1,39
562349265,38,1,39
565705598,38,0,38
574166517,38,60,98
587788594,38,3,41
591082773,38,3,41
598925796,38,5,43
611453229,38,0,38
619338295,38,0,38
701836302,38,0,38
705289537,38,18,56
707509885,38,1,39
718425343,38,1,39
745854734,38,5,43
748122746,38,5,43
763861297,38,0,38
809791356,38,0,38
822087764,38,4,42
838114771,38,1,39
857524502,38,0,38
886089686,38,1,39
890419434,38,0,38
898914379,38,1,39
898953248,38,1,39
920171611,38,0,38
934824404,38,22,60
956476459,38,0,38
971110213,38,0,38
973690849,38,0,38
987276150,38,5,43
989828034,38,0,38
1004700588,38,1,39
1015498958,38,15,53
1033381926,38,0,38
1041049706,38,1,39
1062080533,38,0,38
1141341337,38,0,38
1165934089,38,12,50
1174810652,38,1,39
1191779618,38,3,41
1205012060,38,7,45
1213317290,38,7,45
1244813546,38,5,43
1275386664,38,1,39
1326561475,38,0,38
1327153980,38,16,54
1346009221,38,0,38
1353319578,38,2,40
1359937304,38,0,38
1367960106,38,0,38
1452414205,38,1,39
1512898946,38,0,38
1525642765,38,6,44
1569117439,38,2,40
1597871198,38,0,38
1601806597,38,3,41
1620807828,38,0,38
1665662592,38,0,38
1671674240,38,3,41
1711020378,38,0,38
1850025186,38,1,39
1911047845,38,1,39
1928465972,38,3,41
1945700048,38,1,39
1947701389,38,0,38
1969699820,38,211,249
1975071793,38,9,47
2152065493,38,4,42
2159101465,38,0,38
2190315380,38,0,38
2197915761,38,4,42
2245441478,38,2,40
2258837632,38,0,38
2274236514,38,0,38
2300674015,38,1,39
2331151852,38,3,41
2341830598,38,3,41
2363153406,38,6,44
2376897325,38,0,38
2377227270,38,3,41
2379073304,38,2,40
2413184599,38,1,39
2435376143,38,1,39
2481146024,38,11,49
2494336640,38,1,39
2512639418,38,1,39
2554481982,38,6,44
2564242730,38,0,38
2565885570,38,2,40
2568045356,38,0,38
2572210154,38,3,41
2600701256,38,0,38
2602331814,38,2,40
2643648334,38,3,41
2710247557,38,0,38
2714514184,38,1,39
2716890256,38,0,38
2729597328,38,3,41
2735971002,38,5,43
2756749971,38,0,38
2788825460,38,1,39
2795517045,38,89,127
2797087746,38,0,38
2806550071,38,3,41
2849737078,38,0,38
2891477268,38,27,65
2900199711,38,1,39
2916106687,38,1,39
2918864866,38,0,38
2931638989,38,0,38
2941215106,38,4,42
2974042497,38,2,40
2985226185,38,5,43
2998672193,38,0,38
3005393969,38,4,42
3008786138,38,0,38
3016958270,38,2,40
3022569391,38,3,41
3028702631,38,1,39
3082103783,38,0,38
3100909277,38,12,50
3107013420,38,0,38
3117201194,38,2,40
3123582751,38,0,38
3130936492,38,14,52
3150627607,38,1,39
3171993852,38,81,119
3196498726,38,1,39
3219494347,38,0,38
3234026785,38,4,42
3240827762,38,0,38
3248171159,38,111,149
3259944788,38,3,41
3273909626,38,0,38
3289698763,38,3,41
3291426967,38,0,38
3302168249,38,5,43
3332044263,38,9,47
3348399252,38,0,38
3351115882,38,19,57
3362315553,38,2,40
3373146857,38,1,39
3393638278,38,0,38
3403262584,38,1,39
3415403236,38,1,39
3440895073,38,9,47
3535592477,38,2,40
3654152234,38,1,39
3733874901,38,1,39
3849470423,38,0,38
3899611695,38,2,40
3920702536,38,1,39
4070031695,38,0,38
4227291359,38,2,40
4250222283,38,2,40
4252710329,38,1,39
4286365994,38,3,41
4296903437,38,1,39
4420887556,38,2,40
4475324234,38,1,39
4480660572,38,2,40
4488611353,38,1,39
4519046181,38,2,40
4558104928,38,0,38
4700004686,38,0,38
4728945939,38,6,44
4821941002,38,6,44
4822683460,38,32,70
4827439747,38,0,38
4869625953,38,0,38
4908074112,38,1,39
700470686444224513,38,132,170
701188479305166848,38,1,39
701197806707601408,38,31,69
701572991159762944,38,1,39
702855327184773120,38,1,39
704748594134441985,38,6,44
705663278790217728,38,4,42
705765061923639297,38,0,38
706143846627876864,38,0,38
706171873084710912,38,0,38
706636772034228224,38,5,43
706986801945255936,38,1,39
708351751791972352,38,0,38
709781726076215297,38,1,39
712014736938946560,38,3,41
713083570525487104,38,1,39
713340918443585540,38,13,51
713708851283894273,38,0,38
714921389204115456,38,2,40
716346117496168452,38,0,38
721095824285896705,38,0,38
721185346797572096,38,4,42
728256344109649920,38,0,38
728295232136187904,38,1,39
728506974153904128,38,0,38
728780021007933440,38,0,38
731191558175744000,38,2,40
733321207441989632,38,0,38
733705474625822720,38,0,38
734508499476975620,38,0,38
734544412227817473,38,3,41
736357094614401025,38,0,38
736606212645523456,38,1,39
740894695115661312,38,2,40
743411745570553856,38,6,44
744367703511572480,38,15,53
746185901806616576,38,0,38
748631877154545665,38,0,38
749272993415598081,38,1,39
750032386818052096,38,2,40
751235370990260224,38,1,39
752554775212732416,38,0,38
754789756798545920,38,1,39
755731653910200320,38,0,38
755756656684732417,38,0,38
756563692897046528,38,1,39
757117204198490112,38,87,125
757712849405775872,38,1,39
758833798553280512,38,0,38
758904866748051456,38,0,38
759545392232931328,38,0,38
759826240408723456,38,8,46
760598911228768256,38,3,41
761987126682529792,38,0,38
764104351606382593,38,2,40
764894089284165632,38,0,38
773721827726229505,38,2,40
773932994319056898,38,5,43
776112384310071296,38,2,40
777840825732632576,38,3,41
782415530800001024,38,1,39
784759395091570688,38,0,38
785504771092295685,38,1,39
785593287927148544,38,0,38
786711289427034113,38,6,44
787014198756831236,38,0,38
789172980676857856,38,1,39
790618224882626560,38,0,38
795001167298330626,38,0,38
795045825219072000,38,1,39
795103722682642432,38,1,39
804469868388978688,38,1,39
971661,37,15,52
11203972,37,24,61
11259812,37,20,57
14784838,37,0,37
14972897,37,1,38
15255099,37,0,37
15545122,37,19,56
16064507,37,3,40
16077604,37,1,38
17503749,37,6,43
17549260,37,3,40
18093218,37,8,45
18132806,37,0,37
19348078,37,0,37
19726614,37,2,39
19805098,37,11,48
20617541,37,0,37
21099490,37,1,38
21788148,37,2,39
22141405,37,3,40
22283739,37,0,37
22342196,37,4,41
22453967,37,0,37
22641513,37,0,37
22856092,37,5,42
22871846,37,0,37
23239866,37,1,38
24017836,37,1,38
24500438,37,0,37
24639297,37,23,60
25990183,37,5,42
26175308,37,2,39
26623652,37,1,38
32861300,37,0,37
34771848,37,36,73
35751240,37,0,37
36682899,37,1,38
37837989,37,2,39
38520509,37,1,38
40342875,37,0,37
42914466,37,2,39
44540580,37,0,37
44877071,37,0,37
45123759,37,0,37
45342065,37,4,41
47673131,37,3,40
49075903,37,24,61
50867670,37,2,39
52624182,37,1,38
54238037,37,1,38
55953050,37,5,42
56076684,37,0,37
56513077,37,0,37
59043234,37,5,42
62517611,37,0,37
66576089,37,0,37
67513011,37,0,37
68036081,37,0,37
69087505,37,0,37
69560992,37,4,41
69983247,37,1,38
71813531,37,5,42
75308194,37,0,37
77074671,37,0,37
85881268,37,123,160
85935915,37,1,38
87791314,37,1,38
95963751,37,22,59
102012760,37,6,43
106275281,37,0,37
106798740,37,7,44
108327100,37,1,38
108374171,37,0,37
108448775,37,4,41
111041751,37,0,37
121689892,37,4,41
136676834,37,3,40
148489517,37,1,38
149343976,37,0,37
156316105,37,3,40
159254509,37,0,37
167034819,37,28,65
169662689,37,0,37
172062059,37,19,56
175570287,37,1,38
188744528,37,1,38
209492244,37,3,40
215048241,37,2,39
220798237,37,12,49
225060163,37,2,39
225980234,37,3,40
226325141,37,4,41
228173701,37,1,38
228989699,37,1,38
234388164,37,0,37
243039783,37,1,38
246676814,37,0,37
249840560,37,0,37
249863162,37,0,37
252596668,37,2,39
266326338,37,99,136
270112367,37,1,38
273721360,37,0,37
276526861,37,0,37
280082481,37,36,73
282292279,37,1,38
282694449,37,7,44
292423442,37,0,37
314059037,37,1,38
320264267,37,19,56
325702746,37,1,38
325852273,37,2,39
328542104,37,1,38
332603508,37,2,39
334189096,37,1,38
334840399,37,3,40
339760532,37,4,41
339930373,37,1,38
357920064,37,6,43
362678762,37,0,37
371397959,37,1,38
373445899,37,10,47
374050196,37,2,39
376454567,37,1,38
377738649,37,13,50
381419034,37,1,38
384053876,37,0,37
400475649,37,3,40
401788949,37,4,41
413964250,37,0,37
421214258,37,2,39
425242890,37,0,37
426978340,37,0,37
427530846,37,1,38
429518052,37,2,39
429656041,37,29,66
438734886,37,0,37
448515675,37,3,40
450038170,37,0,37
452047490,37,3,40
454508318,37,5,42
463430212,37,3,40
468967571,37,4,41
479162158,37,0,37
480468112,37,4,41
483463529,37,0,37
487110460,37,0,37
489596897,37,156,193
492378961,37,2,39
493139231,37,7,44
497305362,37,0,37
499375218,37,0,37
506679272,37,0,37
526890302,37,1,38
531477359,37,0,37
532285060,37,3,40
541775217,37,0,37
544550563,37,0,37
549849310,37,4,41
554720674,37,0,37
562577357,37,3,40
578116322,37,0,37
586302978,37,0,37
604192753,37,3,40
616280155,37,3,40
634887926,37,0,37
706729200,37,6,43
708199243,37,0,37
717092428,37,0,37
718489813,37,1,38
790947306,37,2,39
798890670,37,35,72
800922559,37,6,43
803173140,37,1,38
820981124,37,3,40
823809320,37,1,38
847366633,37,0,37
862329896,37,2,39
863112138,37,6,43
864654433,37,2,39
872720660,37,2,39
879375541,37,1,38
896663095,37,21,58
904863313,37,1,38
916028340,37,0,37
923354220,37,2,39
959221897,37,0,37
974702786,37,0,37
981648751,37,1,38
989075172,37,1,38
1012186134,37,0,37
1038035846,37,0,37
1041634262,37,2,39
1078094414,37,8,45
1093982809,37,0,37
1107466603,37,5,42
1143427123,37,0,37
1160657016,37,0,37
1190787578,37,3,40
1212980208,37,0,37
1225439204,37,3,40
1252192320,37,2,39
1276628905,37,0,37
1280460602,37,1,38
1284956808,37,37,74
1296273774,37,5,42
1328235834,37,0,37
1332282085,37,5,42
1385192168,37,3,40
1414004473,37,2,39
1430934241,37,1,38
1475854296,37,0,37
1488430634,37,1,38
1511217822,37,0,37
1512422664,37,5,42
1537533012,37,3,40
1572891265,37,1,38
1619271554,37,0,37
1626628812,37,0,37
1652975815,37,0,37
1671666800,37,7,44
1713545467,37,7,44
1856905159,37,2,39
1905590354,37,2,39
1907138881,37,0,37
1916227254,37,2,39
1925211558,37,0,37
1932731941,37,1,38
1957549567,37,1,38
1965473114,37,0,37
2167127884,37,0,37
2203366063,37,2,39
2209475688,37,1,38
2217012464,37,4,41
2220926125,37,2,39
2226814305,37,12,49
2235375674,37,0,37
2241051079,37,0,37
2250588878,37,3,40
2304347564,37,4,41
2306224973,37,3,40
2316129218,37,0,37
2318053692,37,0,37
2320136372,37,0,37
2345066354,37,1,38
2345400449,37,4,41
2358670026,37,1,38
2386122563,37,0,37
2424990789,37,2,39
2431040719,37,0,37
2433739250,37,0,37
2461452080,37,3,40
2466886974,37,0,37
2495795860,37,3,40
2509208545,37,13,50
2523550801,37,3,40
2541152706,37,5,42
2565881196,37,3,40
2590455874,37,0,37
2610047376,37,1,38
2614573805,37,0,37
2628343968,37,1,38
2630860357,37,0,37
2638470127,37,5,42
2651123542,37,2,39
2671624065,37,2,39
2678507624,37,2,39
2683660098,37,0,37
2712636045,37,0,37
2725063516,37,0,37
2725366949,37,2,39
2730415841,37,0,37
2760044804,37,1,38
2814219296,37,1,38
2837232529,37,3,40
2851567917,37,1,38
2863981279,37,5,42
2892478027,37,1,38
2909445756,37,4,41
2916260301,37,0,37
2952918416,37,1,38
2984315612,37,2,39
3007649562,37,0,37
3008375875,37,1,38
3012706790,37,1,38
3018045140,37,1,38
3036337623,37,5,42
3047673636,37,4,41
3051775448,37,4,41
3102380327,37,0,37
3105906045,37,0,37
3108028516,37,7,44
3132214797,37,0,37
3148877797,37,1,38
3177045557,37,2,39
3179416538,37,2,39
3183628416,37,2,39
3288439464,37,2,39
3289828542,37,1,38
3298979539,37,1,38
3306240758,37,2,39
3309030811,37,0,37
3322599720,37,2,39
3335118161,37,0,37
3345860475,37,1,38
3349299893,37,0,37
3399692344,37,7,44
3406355121,37,5,42
3408977751,37,0,37
3424622265,37,1,38
3450433461,37,2,39
3600498984,37,0,37
3837034932,37,1,38
3997371015,37,0,37
4023264794,37,6,43
4077359361,37,1,38
4188839159,37,0,37
4197687407,37,6,43
4214489914,37,2,39
4247374520,37,17,54
4471802893,37,2,39
4510618880,37,2,39
4516752821,37,4,41
4548789923,37,1,38
4617078921,37,1,38
4706038334,37,1,38
4714745576,37,2,39
4809786318,37,2,39
4828981858,37,1,38
4868153237,37,8,45
4883851405,37,0,37
4884501977,37,0,37
4890261560,37,1,38
4902276596,37,4,41
4907448865,37,0,37
696160650108645376,37,6,43
698281146749091844,37,4,41
701108317205041152,37,0,37
702268182334078976,37,0,37
703386293225582592,37,3,40
703731973001494528,37,1,38
703990775223169025,37,5,42
704745691327823872,37,2,39
705077483587149825,37,0,37
705226656181424129,37,4,41
705440359627694081,37,1,38
705547270142476289,37,5,42
705552682098884609,37,1,38
706334295560843264,37,0,37
707268711674150912,37,1,38
707959452750761985,37,34,71
708492474272985088,37,3,40
709858300494528512,37,0,37
710169596351741952,37,0,37
710822071006199811,37,4,41
711175460030382080,37,0,37
712387674204545024,37,1,38
712746935430594561,37,0,37
713545766472536064,37,3,40
713817057062682625,37,0,37
714610499581677568,37,9,46
715807531063488513,37,3,40
715864293917515776,37,1,38
715901802470834177,37,5,42
720830388994576384,37,3,40
722247664121856001,37,5,42
724407830502080514,37,1,38
725197907981262848,37,6,43
725638153134968832,37,5,42
725649006903304192,37,0,37
725709705289555968,37,2,39
728960435370741760,37,5,42
732313606545494017,37,3,40
732686986671071232,37,2,39
732779507506020352,37,0,37
733310629575053313,37,4,41
734837094359519232,37,1,38
736753920916082688,37,20,57
740737373496049664,37,0,37
741304899967717376,37,2,39
742624879166427136,37,0,37
743230765392027648,37,1,38
744230196492926978,37,1,38
745677553684348928,37,0,37
746757128937963520,37,1,38
746772082155995136,37,1,38
747034257453780992,37,2,39
747248029279780864,37,1,38
749404886153003013,37,2,39
749572677707390976,37,12,49
750472856107180033,37,1,38
751095331408973824,37,1,38
753544691988238336,37,0,37
753734120807825408,37,4,41
755223683422162944,37,3,40
756147789180968960,37,9,46
756505449063645184,37,0,37
756883948165300224,37,2,39
758476776972521472,37,0,37
758745929797074946,37,1,38
759155531332390912,37,23,60
762460523069706241,37,0,37
763120931455860737,37,1,38
763229068418510849,37,4,41
765924428739907584,37,1,38
767752095424323584,37,1,38
769780035431518208,37,0,37
772127780221902852,37,0,37
772893590515310592,37,1,38
774092138136997889,37,4,41
775705422254579712,37,0,37
776426293843853312,37,0,37
777679891059716096,37,2,39
780151685159223297,37,0,37
781604538079911936,37,2,39
782432863224561665,37,0,37
784292065924362240,37,1,38
784782734476488704,37,0,37
784954339987103744,37,0,37
786667916284534784,37,0,37
786864752953790464,37,1,38
788654438453948416,37,0,37
788787888653729793,37,15,52
789712828642971648,37,0,37
790266936042979328,37,1,38
790631890961047552,37,0,37
5644772,36,4,40
15453642,36,1,37
15593938,36,2,38
15831043,36,0,36
16246600,36,0,36
16375082,36,0,36
17580892,36,209,245
17829602,36,0,36
18539060,36,0,36
18856444,36,11,47
19428305,36,16,52
20994010,36,0,36
23023076,36,0,36
23698372,36,1,37
25314325,36,6,42
26961730,36,0,36
27302870,36,1,37
28932042,36,11,47
29188590,36,0,36
29264652,36,0,36
29676310,36,3,39
32946026,36,4,40
33384077,36,2,38
33973135,36,0,36
34129680,36,3,39
34225918,36,0,36
34740950,36,0,36
34822906,36,0,36
35150454,36,10,46
35339431,36,1,37
35678795,36,2,38
39843438,36,7,43
43059212,36,3,39
44519396,36,2,38
46303458,36,4,40
46331824,36,6,42
47808357,36,18,54
48440800,36,1,37
49115079,36,3,39
49360504,36,4,40
49908261,36,3,39
49931341,36,13,49
50230100,36,3,39
51491905,36,1,37
51850716,36,12,48
52434833,36,0,36
52874873,36,1,37
53051706,36,1,37
55819647,36,2,38
55943959,36,5,41
56243065,36,1,37
59838665,36,3,39
62010077,36,2,38
64056441,36,2,38
70998668,36,1,37
73260226,36,0,36
75364356,36,1,37
76855943,36,4,40
79161924,36,1,37
85193060,36,0,36
87084547,36,2,38
87996263,36,3,39
90716367,36,1,37
92924320,36,3,39
93661140,36,9,45
115142697,36,2,38
118552712,36,9,45
123374666,36,1,37
128057998,36,0,36
131229768,36,10,46
133673844,36,8,44
135162497,36,0,36
140313757,36,0,36
166426753,36,9,45
173816046,36,0,36
178063571,36,213,249
178077004,36,0,36
182639708,36,9,45
185098894,36,2,38
190054680,36,1,37
194671030,36,0,36
199462863,36,3,39
210978450,36,4,40
214912969,36,1,37
216427165,36,2,38
216595995,36,5,41
227828685,36,1,37
236537234,36,2,38
239317927,36,1,37
240392735,36,0,36
246964352,36,0,36
252172352,36,0,36
252566795,36,43,79
262830649,36,0,36
282837401,36,2,38
283302980,36,3,39
293158668,36,0,36
298856575,36,2,38
299066548,36,1,37
303341647,36,4,40
305963186,36,0,36
307574569,36,3,39
307871413,36,1,37
312401904,36,0,36
319899633,36,4,40
323552584,36,3,39
325340700,36,128,164
326558601,36,3,39
328414096,36,0,36
335868637,36,3,39
336346706,36,23,59
338341096,36,3,39
339136008,36,0,36
350149869,36,2,38
357279184,36,0,36
362503598,36,0,36
362816527,36,1,37
367124252,36,0,36
368120569,36,1,37
373954620,36,6,42
374075080,36,0,36
378589636,36,1,37
379552999,36,2,38
383313838,36,1,37
385204223,36,2,38
391329975,36,1,37
393375338,36,0,36
394997731,36,6,42
396917296,36,2,38
400231424,36,1,37
406749494,36,3,39
415260322,36,3,39
416545083,36,1,37
417501491,36,0,36
430057402,36,100,136
432393010,36,6,42
442483276,36,1,37
447892829,36,5,41
457100694,36,2,38
460731718,36,1,37
461407034,36,0,36
462360228,36,4,40
485856231,36,2,38
495021290,36,3,39
496034026,36,0,36
512529083,36,1,37
519908310,36,2,38
525815214,36,0,36
525897438,36,0,36
533588637,36,2,38
543849900,36,1,37
557342650,36,2,38
576943917,36,13,49
577460870,36,2,38
580497629,36,4,40
584250571,36,3,39
585793071,36,2,38
594069871,36,15,51
599278288,36,0,36
612039441,36,1,37
618520189,36,1,37
637238340,36,1,37
715313755,36,0,36
751630776,36,2,38
784572878,36,2,38
802803109,36,0,36
809668830,36,0,36
814205442,36,0,36
858826550,36,4,40
860754242,36,2,38
874730298,36,6,42
874743145,36,0,36
876171846,36,0,36
876922530,36,2,38
884845076,36,3,39
885794670,36,3,39
888018469,36,1,37
890012570,36,1,37
898793922,36,0,36
920219388,36,0,36
921437132,36,2,38
931250203,36,2,38
940827752,36,1,37
956674950,36,0,36
966589987,36,0,36
971701411,36,1,37
974208194,36,0,36
995021599,36,1,37
1113279439,36,4,40
1123623794,36,0,36
1123927430,36,1,37
1138153808,36,3,39
1146451310,36,2,38
1172807389,36,10,46
1176615978,36,20,56
1181145474,36,0,36
1215452526,36,3,39
1228544646,36,0,36
1242844508,36,4,40
1270683908,36,0,36
1272578366,36,1,37
1306073227,36,0,36
1355812272,36,2,38
1367955294,36,1,37
1369895352,36,1,37
1373825996,36,1,37
1394982732,36,0,36
1400459156,36,17,53
1402064899,36,0,36
1508408258,36,1,37
1539490387,36,5,41
1557623508,36,0,36
1558285112,36,0,36
1561071572,36,4,40
1577923980,36,40,76
1583223793,36,0,36
1614139699,36,2,38
1630817652,36,2,38
1640935394,36,0,36
1645747034,36,0,36
1655764603,36,0,36
1674207854,36,0,36
1689840086,36,3,39
1703385944,36,13,49
1713876973,36,1,37
1724076054,36,48,84
1836596648,36,0,36
1863840511,36,1,37
1908966157,36,0,36
1944751946,36,0,36
2151584808,36,0,36
2155044732,36,33,69
2171462377,36,0,36
2177884896,36,2,38
2200371072,36,1,37
2215048717,36,2,38
2225714888,36,3,39
2288822688,36,0,36
2295011677,36,3,39
2314712185,36,3,39
2316170618,36,1,37
2342479104,36,1,37
2353593612,36,10,46
2355250290,36,16,52
2359840116,36,0,36
2363741781,36,0,36
2397911038,36,3,39
2400802064,36,2,38
2407317296,36,2,38
2428234741,36,3,39
2432406973,36,0,36
2456117977,36,2,38
2473502048,36,5,41
2495686176,36,0,36
2506235881,36,2,38
2525288249,36,1,37
2528734262,36,2,38
2538600419,36,0,36
2556018119,36,1,37
2557808328,36,1,37
2559647343,36,0,36
2580813590,36,1,37
2606479753,36,0,36
2608820132,36,3,39
2612389550,36,2,38
2656878260,36,1,37
2670349022,36,2,38
2725846373,36,0,36
2728564708,36,89,125
2734702156,36,0,36
2737439639,36,1,37
2743016176,36,0,36
2758466932,36,0,36
2760003200,36,1,37
2796896663,36,0,36
2819948867,36,9,45
2846634309,36,1,37
2848815176,36,0,36
2851584669,36,0,36
2889400799,36,2,38
2916987844,36,2,38
2920023271,36,2,38
2927296336,36,1,37
2950999113,36,6,42
2961282598,36,7,43
2970841557,36,0,36
2972603730,36,0,36
2973251831,36,2,38
2984902622,36,0,36
2989806605,36,5,41
3001664273,36,1,37
3009671076,36,1,37
3033004077,36,0,36
3186250136,36,0,36
3210955977,36,0,36
3222603005,36,6,42
3232678552,36,32,68
3237317506,36,0,36
3267790106,36,0,36
3300034136,36,4,40
3302447514,36,3,39
3307295642,36,47,83
3314448032,36,3,39
3315983471,36,0,36
3320668554,36,0,36
3353270825,36,0,36
3360895901,36,0,36
3366981532,36,0,36
3375847114,36,2,38
3385894453,36,0,36
3389743767,36,0,36
3402477771,36,4,40
3402935435,36,8,44
3405071801,36,3,39
3407373749,36,6,42
3419251773,36,2,38
3424315647,36,1,37
3505036469,36,3,39
3663447194,36,3,39
3690288257,36,10,46
3704509697,36,1,37
3776151672,36,3,39
3811615161,36,3,39
3856166652,36,2,38
3892378648,36,3,39
3905580854,36,0,36
4004747884,36,0,36
4062325094,36,0,36
4097531721,36,2,38
4202914407,36,0,36
4251339195,36,1,37
4494198912,36,9,45
4508317473,36,1,37
4559222536,36,0,36
4579566674,36,0,36
4646430650,36,9,45
4647391693,36,3,39
4739619246,36,2,38
4754483534,36,0,36
4761058401,36,1,37
4771171702,36,3,39
4832681197,36,1,37
4836728134,36,1,37
4851185832,36,1,37
4853969889,36,1,37
4857371924,36,1,37
4878021700,36,2,38
4894714154,36,0,36
4908376578,36,0,36
4924013120,36,1,37
701322706495602688,36,0,36
701471466492137472,36,0,36
701921614464737280,36,0,36
703015984563490816,36,1,37
703694982117527554,36,0,36
703815891285360640,36,1,37
703991966581837826,36,2,38
704684786397421568,36,9,45
704733783602438145,36,0,36
704919514375389185,36,0,36
705415096978178048,36,4,40
706170263617085445,36,0,36
706242358422024197,36,1,37
707965319202136064,36,2,38
707980992569413633,36,10,46
708275182381694976,36,12,48
708767770733780994,36,0,36
709388303603245056,36,2,38
710502954973982720,36,26,62
710516179354259456,36,3,39
710757561604186112,36,0,36
711249489881927680,36,0,36
711785942986547201,36,0,36
711977155542921216,36,0,36
712365402257539072,36,2,38
712396411896258561,36,4,40
714523717997629441,36,0,36
714720425801084930,36,97,133
715651113941397504,36,3,39
717121839537852417,36,10,46
718816526279712768,36,3,39
719366482904293376,36,1,37
721084599602966530,36,4,40
721456838286422017,36,12,48
721660608735801344,36,1,37
723203744079437824,36,0,36
724477412310847488,36,2,38
725007874544422912,36,8,44
729808344005873664,36,4,40
730091317783453696,36,11,47
733602109044613120,36,0,36
733730879898554368,36,2,38
733832235829202946,36,0,36
736322868351377408,36,2,38
737319512593158144,36,1,37
738467272201641985,36,4,40
739473798622248960,36,0,36
741620123253903360,36,0,36
742785974527201280,36,3,39
744238530679840768,36,0,36
744291583625859072,36,0,36
745199798421168128,36,0,36
747572247196401664,36,1,37
748295191585394688,36,9,45
750881078693531649,36,35,71
751466597420822528,36,10,46
751978185009487872,36,3,39
753832292519284736,36,3,39
754086125917106176,36,5,41
754456672454713345,36,1,37
755208206687866880,36,1,37
756518261492101120,36,1,37
756558822609678336,36,3,39
756634797791858688,36,0,36
756695748029231106,36,0,36
756834039810498560,36,0,36
756977954903719936,36,1,37
757203949074153472,36,2,38
757269937996099584,36,8,44
757270718010814465,36,0,36
758549398590676992,36,0,36
759501875976679424,36,2,38
759834095262240768,36,1,37
760061445354745856,36,0,36
760171712788987904,36,0,36
760455234963533825,36,0,36
765200722719744000,36,4,40
765744717288079360,36,1,37
767604438718644224,36,5,41
769359462926692352,36,1,37
770741168300695552,36,1,37
773703671397904386,36,0,36
774485690050543616,36,0,36
775668002674974720,36,4,40
777913524269953024,36,1,37
779875481113866240,36,2,38
780611680115884032,36,0,36
783299859956703232,36,1,37
783665694256660480,36,0,36
784901294926532608,36,1,37
785114914927022080,36,2,38
786236978589163520,36,1,37
786392219150262272,36,0,36
786596529796739072,36,0,36
787278819954724864,36,2,38
788377541384007680,36,0,36
788961442410139648,36,1,37
789512359693938688,36,0,36
791264221824704512,36,0,36
1064591,35,1,36
4450541,35,235,270
5385802,35,12,47
7846072,35,1,36
14155179,35,1,36
14934249,35,1,36
15034917,35,7,42
15291089,35,0,35
15632764,35,0,35
16009327,35,1,36
16214639,35,1,36
16485255,35,1,36
16973693,35,0,35
17758555,35,2,37
17919534,35,0,35
18091453,35,0,35
18768055,35,3,38
18792744,35,10,45
20262122,35,0,35
20312809,35,3,38
20606171,35,3,38
20694023,35,0,35
21541478,35,2,37
21572910,35,5,40
22095918,35,4,39
22272525,35,0,35
22844639,35,80,115
23006862,35,0,35
23057591,35,2,37
23445502,35,0,35
23552570,35,1,36
23617145,35,8,43
23865214,35,0,35
23901220,35,5,40
23921732,35,4,39
26543865,35,0,35
26583983,35,0,35
27077530,35,2,37
27487661,35,2,37
27867336,35,2,37
29689907,35,4,39
30471246,35,2,37
30961636,35,1,36
31654519,35,4,39
31759781,35,2,37
32765764,35,7,42
33424339,35,2,37
34041397,35,3,38
34852731,35,27,62
35456542,35,0,35
35880671,35,2,37
36370935,35,4,39
37457035,35,1,36
39395970,35,0,35
40331907,35,3,38
43391167,35,3,38
44673422,35,2,37
44983352,35,41,76
45279852,35,4,39
47925018,35,1,36
48630780,35,1,36
49088725,35,1,36
49383967,35,1,36
49616509,35,18,53
50606840,35,2,37
51243805,35,3,38
52475068,35,0,35
55338449,35,2,37
55460035,35,0,35
55975531,35,8,43
57366775,35,0,35
58422100,35,1,36
59132205,35,1,36
61170779,35,4,39
61565052,35,93,128
61850552,35,0,35
63384915,35,2,37
64002024,35,1,36
68958874,35,1,36
74152318,35,1,36
74179515,35,4,39
76687969,35,7,42
79228319,35,14,49
80698046,35,1,36
81206841,35,2,37
83161315,35,1,36
88074260,35,0,35
95054448,35,1,36
97638645,35,0,35
100253123,35,0,35
124227622,35,31,66
126524754,35,2,37
126742743,35,0,35
134314521,35,0,35
135541389,35,86,121
142260298,35,0,35
144421851,35,0,35
145225231,35,1,36
149518328,35,4,39
152720466,35,9,44
159180954,35,7,42
162061216,35,1,36
164308569,35,1,36
167602761,35,0,35
171572246,35,0,35
172852209,35,1,36
183749594,35,1,36
186282830,35,1,36
190445775,35,5,40
195154644,35,1,36
198351204,35,1,36
202380388,35,5,40
211782456,35,0,35
215847987,35,0,35
220776068,35,0,35
232750303,35,4,39
234578556,35,2,37
239120471,35,8,43
242184225,35,1,36
242954148,35,40,75
243050493,35,3,38
244200696,35,54,89
247078573,35,7,42
257019790,35,45,80
257295694,35,1,36
257599992,35,1,36
261331780,35,0,35
262497363,35,2,37
262669225,35,0,35
263230222,35,0,35
268477981,35,3,38
271111636,35,1,36
277171795,35,2,37
278706086,35,3,38
282261125,35,4,39
283596167,35,0,35
283806058,35,15,50
298424508,35,2,37
299205846,35,0,35
301579240,35,0,35
303221379,35,2,37
309522479,35,0,35
310889423,35,38,73
312248392,35,278,313
315269055,35,1,36
318405671,35,0,35
332897589,35,1,36
334147917,35,0,35
343699311,35,0,35
344373492,35,6,41
346352141,35,0,35
358918792,35,54,89
366345469,35,3,38
371393999,35,6,41
373438956,35,0,35
379589540,35,0,35
381276559,35,93,128
382309890,35,3,38
392371418,35,0,35
397467224,35,0,35
406517011,35,20,55
410846961,35,0,35
414820581,35,3,38
414847200,35,1,36
418183971,35,0,35
427572789,35,8,43
438482224,35,1,36
454243257,35,1,36
460420428,35,3,38
467502833,35,1,36
474524867,35,6,41
487636243,35,0,35
497091703,35,0,35
500299655,35,1,36
502590965,35,1,36
514955038,35,2,37
520044571,35,2,37
523404926,35,2,37
525599719,35,1,36
528064878,35,4,39
528893228,35,8,43
532036852,35,1,36
535977623,35,23,58
548401368,35,0,35
548462015,35,0,35
560369534,35,3,38
560473499,35,0,35
562357936,35,2,37
574185238,35,0,35
574906304,35,0,35
580392669,35,0,35
589164489,35,2,37
597723223,35,4,39
600676843,35,0,35
617374428,35,1,36
621670573,35,6,41
715610399,35,0,35
731361834,35,7,42
735054343,35,1,36
773798108,35,0,35
788352756,35,3,38
796527092,35,3,38
813442106,35,3,38
822236245,35,0,35
838147382,35,1,36
838776517,35,0,35
838834219,35,0,35
840360877,35,0,35
852023280,35,1,36
856923007,35,0,35
860743292,35,2,37
862412810,35,2,37
867074707,35,0,35
872688145,35,2,37
874727256,35,0,35
876593372,35,0,35
889753225,35,2,37
914172234,35,3,38
924880790,35,2,37
930702685,35,15,50
937104326,35,3,38
950528365,35,0,35
953127818,35,1,36
967377534,35,2,37
971728669,35,0,35
1016236338,35,2,37
1069749984,35,2,37
1079090887,35,0,35
1102665366,35,2,37
1146996146,35,1,36
1206613706,35,3,38
1275823254,35,2,37
1301130374,35,4,39
1338172567,35,1,36
1349827549,35,0,35
1361701068,35,1,36
1362949182,35,7,42
1374607968,35,2,37
1466848657,35,3,38
1477007400,35,2,37
1500110215,35,4,39
1528566337,35,1,36
1566844140,35,2,37
1589158382,35,1,36
1732554619,35,1,36
1859617915,35,9,44
1892706422,35,1,36
1898744154,35,1,36
1929906547,35,0,35
1932725256,35,26,61
1959741181,35,2,37
1975681640,35,0,35
2152887491,35,7,42
2157144406,35,1,36
2184951126,35,2,37
2200521729,35,3,38
2211523339,35,3,38
2264940392,35,0,35
2315567360,35,31,66
2325020102,35,0,35
2342158009,35,1,36
2346324656,35,0,35
2350417909,35,0,35
2352419610,35,1,36
2363947608,35,2,37
2367689654,35,0,35
2376931951,35,0,35
2378856948,35,4,39
2380753334,35,2,37
2384307876,35,1,36
2386014535,35,1,36
2398138445,35,1,36
2422857948,35,12,47
2426314290,35,0,35
2452084164,35,1,36
2462409840,35,1,36
2479235838,35,0,35
2479805844,35,0,35
2480250607,35,0,35
2482564454,35,1,36
2496955879,35,4,39
2500180849,35,1,36
2502210610,35,0,35
2505849054,35,5,40
2511118496,35,3,38
2553390169,35,2,37
2564490607,35,3,38
2566277820,35,2,37
2572297835,35,2,37
2579392453,35,3,38
2661682980,35,34,69
2671606470,35,0,35
2715213326,35,2,37
2768705528,35,2,37
2775492818,35,4,39
2780349343,35,0,35
2782540259,35,84,119
2783495877,35,1,36
2784112758,35,0,35
2796409918,35,0,35
2811559556,35,0,35
2865775333,35,1,36
2872381109,35,1,36
2876805107,35,0,35
2881845034,35,0,35
2888790906,35,0,35
2899667551,35,14,49
2910989007,35,1,36
2919402261,35,0,35
2922345639,35,6,41
2936489040,35,2,37
2938300815,35,2,37
2952358669,35,1,36
2957796468,35,2,37
2958647850,35,0,35
2966390447,35,3,38
2992918764,35,5,40
3005338850,35,0,35
3013801747,35,5,40
3027136328,35,2,37
3029257097,35,0,35
3078888900,35,6,41
3096707241,35,8,43
3100289864,35,8,43
3135007412,35,2,37
3180263192,35,0,35
3183379785,35,0,35
3194881206,35,2,37
3219435535,35,0,35
3225752815,35,0,35
3230073566,35,3,38
3236114473,35,2,37
3255990757,35,1,36
3262189247,35,0,35
3272432550,35,3,38
3274781244,35,2,37
3281104514,35,0,35
3283610875,35,0,35
3284358254,35,3,38
3288255523,35,0,35
3295640656,35,3,38
3303507079,35,2,37
3308262654,35,2,37
3309410179,35,2,37
3317649485,35,883,918
3320095912,35,3,38
3321622632,35,1,36
3330850514,35,1,36
3371687206,35,8,43
3398926684,35,0,35
3406622921,35,1,36
3410649923,35,2,37
3427421892,35,3,38
3433542112,35,0,35
3436127559,35,0,35
3447318737,35,0,35
3537940462,35,1,36
3558723977,35,0,35
3656734762,35,0,35
3656965641,35,0,35
3686488635,35,10,45
3733116913,35,0,35
3748851388,35,10,45
3752375848,35,0,35
3756121400,35,0,35
3857029036,35,1,36
3883382892,35,0,35
3888041654,35,1,36
3899337568,35,2,37
3950505686,35,0,35
3975306379,35,2,37
4040707780,35,18,53
4053792132,35,1,36
4068850692,35,2,37
4101971008,35,0,35
4110734913,35,1,36
4234566983,35,4,39
4248448093,35,1,36
4322390847,35,2,37
4362647958,35,6,41
4497975453,35,0,35
4500067813,35,3,38
4647698781,35,5,40
4663463858,35,0,35
4691290693,35,2,37
4705719842,35,0,35
4765885723,35,4,39
4847359965,35,2,37
4847649851,35,5,40
4856467638,35,22,57
4872840237,35,3,38
4926451633,35,0,35
702278767901806592,35,6,41
703041129441169408,35,2,37
706601723067015171,35,2,37
706957320165654529,35,2,37
708475007572115456,35,1,36
709137537336356864,35,1,36
710569468234211328,35,2,37
711246080097329153,35,3,38
711863220462624770,35,0,35
711976037446520833,35,1,36
713447417287299072,35,0,35
713857567898910720,35,1,36
715154591847956481,35,1,36
715331991244242944,35,1,36
715988903732359169,35,1,36
716408971175694336,35,5,40
721122884190674944,35,0,35
721685068243202048,35,0,35
722635060856406018,35,19,54
723262061950590976,35,0,35
723954024173576192,35,4,39
725458108483559427,35,81,116
728299868964392960,35,2,37
730626865778434048,35,0,35
731277824951128064,35,3,38
733647579070730240,35,1,36
739413453534728192,35,0,35
742290486455504897,35,2,37
742434019166420992,35,0,35
743774301405347840,35,0,35
744981881754554369,35,0,35
746142066539925504,35,0,35
746537986871857155,35,2,37
747842096397164544,35,1,36
749590114754392064,35,0,35
750820129701785600,35,2,37
751409391530758144,35,1,36
751846050906845185,35,62,97
753777286600650752,35,0,35
754286796201086976,35,5,40
754425653018198016,35,0,35
755134211493953536,35,0,35
756726996575457280,35,26,61
758658213785001984,35,1,36
758699773339824128,35,4,39
759460422223290368,35,2,37
759589911833874432,35,0,35
760326265177972736,35,1,36
760732579528073216,35,15,50
764338030731603968,35,0,35
764824774061109248,35,2,37
766079939921805312,35,0,35
768267059495071744,35,0,35
769877140846370817,35,0,35
773876814733246464,35,1,36
776157160527032320,35,4,39
777927463385100292,35,1,36
781606219626651648,35,36,71
781955843705143296,35,0,35
782219111606652928,35,1,36
784883082692222976,35,4,39
784919182315958280,35,0,35
785287232341086305,35,3,38
785844037894963200,35,2,37
787083805798572032,35,2,37
789300582435565570,35,0,35
789334139224948740,35,0,35
789920978486829056,35,0,35
791716725347737600,35,0,35
792156104365146112,35,7,42
793116215896117248,35,1,36
8470932,34,6,40
14098607,34,32,66
14833495,34,0,34
15244807,34,5,39
15593503,34,1,35
16497486,34,0,34
16823666,34,0,34
16904352,34,0,34
16966147,34,2,36
17192613,34,2,36
17424987,34,3,37
17520908,34,10,44
17586038,34,1,35
17686959,34,99,133
18142127,34,0,34
19211550,34,4,38
19445088,34,0,34
19798988,34,1,35
20026287,34,0,34
20532568,34,1,35
20884752,34,2,36
21295919,34,4,38
21590255,34,16,50
22081490,34,2,36
22693900,34,0,34
22964781,34,3,37
23154538,34,3,37
24270183,34,1,35
24434613,34,1,35
24503209,34,4,38
26410248,34,2,36
28910203,34,0,34
29682488,34,0,34
30336420,34,17,51
31042387,34,0,34
31066731,34,0,34
34747138,34,1,35
36789992,34,2,36
38627176,34,1,35
38759727,34,2,36
39698272,34,5,39
39790265,34,2,36
40164923,34,3,37
40290737,34,3,37
41399055,34,3,37
41745189,34,86,120
42719424,34,0,34
43181625,34,7,41
43234399,34,1,35
43237308,34,4,38
43571221,34,0,34
44542844,34,2,36
44789289,34,1,35
47178280,34,0,34
47822036,34,0,34
48249973,34,1,35
48448141,34,26,60
49810250,34,31,65
51588583,34,0,34
52399952,34,8,42
54175963,34,1,35
56240116,34,0,34
57985206,34,12,46
61753466,34,1,35
62329472,34,1,35
66695025,34,0,34
66870413,34,0,34
71631772,34,1,35
76921999,34,1,35
76945464,34,0,34
80088421,34,1,35
84111298,34,3,37
85144184,34,0,34
88887465,34,0,34
91952810,34,0,34
92075232,34,8,42
96308150,34,3,37
105915870,34,6,40
109883502,34,4,38
119242296,34,1,35
119372154,34,1,35
119504200,34,1,35
123589286,34,3,37
125991454,34,5,39
128990886,34,44,78
129623588,34,4,38
136779698,34,1,35
138630138,34,0,34
140364806,34,0,34
141443118,34,18,52
147372685,34,3,37
152460864,34,0,34
154129921,34,2,36
165077508,34,0,34
167709191,34,0,34
182037443,34,16,50
199320876,34,2,36
199794201,34,2,36
200585819,34,9,43
208218338,34,1,35
208406496,34,5,39
218041902,34,2,36
220754622,34,0,34
227849128,34,3,37
237572596,34,108,142
237904069,34,24,58
241244965,34,2,36
248794070,34,1,35
249130717,34,0,34
250044986,34,0,34
251497683,34,2,36
258170404,34,0,34
264933553,34,0,34
265406319,34,0,34
276013365,34,3,37
276712789,34,4,38
278737142,34,10,44
284829131,34,0,34
285445441,34,2,36
297649561,34,0,34
297734644,34,5,39
299188947,34,32,66
299190586,34,2,36
304853118,34,0,34
322005131,34,4,38
324615201,34,2,36
328266970,34,2,36
328878936,34,7,41
330386339,34,1,35
330636420,34,5,39
338609055,34,0,34
343496793,34,0,34
347360273,34,0,34
348714857,34,13,47
351065345,34,0,34
363124757,34,2,36
371249247,34,6,40
374300387,34,4,38
442477682,34,10,44
444901886,34,1,35
464881483,34,13,47
466910974,34,0,34
473470944,34,1,35
474984124,34,2,36
475450029,34,0,34
476800612,34,8,42
483834356,34,0,34
490670185,34,0,34
490742110,34,3,37
495156559,34,0,34
496148442,34,4,38
498877915,34,0,34
516103610,34,5,39
517188455,34,5,39
521208966,34,0,34
531244825,34,5,39
539573373,34,120,154
549787050,34,4,38
552382596,34,4,38
552924646,34,3,37
553610484,34,0,34
567607876,34,0,34
573827350,34,2,36
574844012,34,0,34
579604254,34,1,35
595659014,34,3,37
611231642,34,1,35
634177160,34,0,34
635204452,34,0,34
713898991,34,1,35
733358491,34,1,35
763932978,34,0,34
766877288,34,0,34
774398426,34,1,35
786202915,34,0,34
800276814,34,0,34
803856074,34,0,34
818468149,34,0,34
820684206,34,5,39
821485038,34,2,36
833504414,34,0,34
835882182,34,0,34
836831760,34,3,37
841669206,34,4,38
845738432,34,0,34
846408660,34,4,38
847131722,34,0,34
859269433,34,0,34
861712795,34,1,35
874668458,34,1,35
881316235,34,0,34
908299470,34,2,36
928609825,34,0,34
931124869,34,0,34
938000136,34,4,38
950901037,34,2,36
971676432,34,0,34
984163496,34,4,38
991417058,34,1,35
1027064312,34,4,38
1077390931,34,4,38
1097027300,34,1,35
1108071056,34,10,44
1125919046,34,0,34
1150947134,34,1,35
1177749511,34,6,40
1205945437,34,2,36
1225139749,34,0,34
1295939190,34,0,34
1317306907,34,0,34
1364121194,34,5,39
1373030486,34,5,39
1375611350,34,0,34
1402518188,34,0,34
1414148558,34,0,34
1431738110,34,40,74
1439420180,34,0,34
1462741056,34,2,36
1473117674,34,0,34
1584532416,34,2,36
1585942327,34,0,34
1589267491,34,1,35
1602062761,34,0,34
1629379027,34,1,35
1652178457,34,2,36
1837344762,34,3,37
1846346186,34,0,34
1850028188,34,2,36
1888955550,34,5,39
1923926888,34,2,36
1930957724,34,0,34
1948566475,34,0,34
1957948550,34,192,226
2147720607,34,3,37
2173377687,34,5,39
2188196646,34,110,144
2188580912,34,1,35
2208948786,34,0,34
2231772223,34,14,48
2253480787,34,0,34
2260877996,34,6,40
2284527962,34,0,34
2310773554,34,1,35
2349500015,34,2,36
2354950216,34,7,41
2363282160,34,1,35
2387062759,34,0,34
2409427819,34,2,36
2417900712,34,0,34
2423923734,34,0,34
2440678873,34,0,34
2476528534,34,0,34
2561941926,34,1,35
2587831062,34,0,34
2592607476,34,5,39
2601706543,34,1,35
2649603068,34,0,34
2650655484,34,1,35
2720985711,34,0,34
2741028829,34,1,35
2767689713,34,3,37
2778801901,34,8,42
2783556584,34,2,36
2785187253,34,0,34
2787078412,34,1,35
2791085711,34,0,34
2792635322,34,0,34
2800299198,34,0,34
2802616144,34,10,44
2819481453,34,2,36
2829929063,34,0,34
2849157505,34,4,38
2859193062,34,3,37
2863342030,34,0,34
2880122418,34,1,35
2890828923,34,23,57
2904798755,34,8,42
2917665944,34,0,34
2923345308,34,1,35
2942485773,34,2,36
2973116134,34,0,34
2988263369,34,0,34
2992982113,34,7,41
2997917589,34,0,34
2998921151,34,18,52
3040944827,34,0,34
3049702774,34,0,34
3064349069,34,0,34
3081150402,34,2,36
3087215919,34,1,35
3104950051,34,2,36
3115189952,34,7,41
3122063100,34,2,36
3138165577,34,2,36
3147366720,34,1,35
3148918255,34,0,34
3179913415,34,1,35
3195722274,34,0,34
3222584008,34,2,36
3247368589,34,5,39
3253872859,34,145,179
3268217642,34,3,37
3272470699,34,1,35
3273444259,34,1,35
3273686822,34,0,34
3278935033,34,11,45
3287679715,34,3,37
3308780358,34,1,35
3309406657,34,3,37
3321093093,34,0,34
3328423162,34,1,35
3331438299,34,0,34
3347633549,34,3,37
3352811752,34,4,38
3360971962,34,0,34
3381889324,34,2,36
3403358770,34,1,35
3416492837,34,0,34
3419229712,34,1,35
3426815657,34,0,34
3436973898,34,1,35
3446400141,34,2,36
3543212476,34,10,44
3575378472,34,0,34
3684969616,34,0,34
3699372194,34,6,40
3709571592,34,1,35
3754203439,34,2,36
3872372007,34,2,36
3877226181,34,0,34
3886355786,34,0,34
3886882694,34,0,34
3900933074,34,0,34
3947035575,34,2,36
3948028767,34,0,34
3948409287,34,0,34
4057229428,34,3,37
4144822943,34,4,38
4160659823,34,0,34
4174835657,34,1,35
4181605174,34,0,34
4294163174,34,1,35
4332537622,34,1,35
4378548322,34,2,36
4384459071,34,0,34
4395336136,34,0,34
4438559657,34,1,35
4491301093,34,1,35
4559654121,34,0,34
4574801895,34,0,34
4580297434,34,0,34
4628215283,34,0,34
4645207093,34,1,35
4750731803,34,1,35
4756403252,34,0,34
4770819067,34,1,35
4813381526,34,0,34
4824686469,34,0,34
4841505674,34,4,38
4850486962,34,0,34
4860372490,34,0,34
4861014138,34,0,34
4878624004,34,1,35
4902646414,34,0,34
4910549686,34,1,35
702327830818988032,34,2,36
703159573411028992,34,6,40
703387270603091968,34,0,34
705462668073762817,34,7,41
706792464506458112,34,0,34
708473261097689088,34,4,38
710243513951096832,34,0,34
710593632886083584,34,0,34
712195032091140096,34,1,35
714793656595714049,34,1,35
715546508750426112,34,1,35
715634444061777921,34,2,36
717795762734649344,34,2,36
718400822980276224,34,1,35
722843940194373634,34,1,35
723740118687731713,34,0,34
724481913658830848,34,2,36
726784186217062400,34,2,36
727743683085373440,34,0,34
728326774027919360,34,0,34
728337592173760512,34,1,35
729169458120380416,34,3,37
730124074127609856,34,0,34
733034434031693824,34,0,34
733403248531406849,34,2,36
733754578093629440,34,1,35
734163328809979904,34,0,34
734352218099310593,34,0,34
738031868923150336,34,4,38
738251836281344000,34,0,34
738802573843406848,34,6,40
739266906637533184,34,2,36
742759797645291521,34,103,137
742780023078309888,34,1,35
746015426610528256,34,1,35
746168414998138880,34,2,36
748822976687112192,34,0,34
751834799464067072,34,2,36
753102160938885120,34,3,37
756005745385168896,34,0,34
757689964482142208,34,0,34
757768475884609539,34,1,35
757780037848272896,34,1,35
757870525137817600,34,2,36
761954314436894720,34,0,34
762128576439128064,34,0,34
766091761085276160,34,1,35
766318102577577985,34,34,68
766964096126320640,34,112,146
767355839535456257,34,0,34
767585192945016832,34,1,35
768169446863089668,34,0,34
768791161830043648,34,0,34
769005411605286912,34,2,36
769716882517598208,34,0,34
772182020181024768,34,1,35
775524349352693760,34,3,37
776534347486683136,34,1,35
779909694970355713,34,0,34
780943391102267396,34,4,38
781964899597492224,34,0,34
784174055108677632,34,0,34
785168766690742272,34,1,35
785330939547320321,34,0,34
786576360781119489,34,0,34
786973721688993794,34,14,48
788514631568457728,34,2,36
788547589704601600,34,3,37
789623538340601856,34,0,34
791075490891177986,34,1,35
3704721,33,2,35
11650472,33,51,84
13133622,33,2,35
14303901,33,42,75
14503017,33,1,34
14566202,33,1,34
15710392,33,4,37
16101275,33,1,34
16117033,33,1,34
16313037,33,1,34
16439941,33,2,35
18007357,33,0,33
18063275,33,0,33
19094006,33,3,36
19920619,33,1,34
20255569,33,0,33
20702013,33,40,73
21515927,33,1,34
21754958,33,8,41
21930092,33,0,33
22657288,33,0,33
23359584,33,20,53
23443030,33,6,39
23522649,33,1,34
23882137,33,4,37
24289671,33,1,34
24920077,33,19,52
25281508,33,176,209
25655525,33,390,423
25859153,33,1,34
25864669,33,0,33
28051710,33,4,37
28905454,33,6,39
29061853,33,2,35
29155874,33,2,35
29557078,33,1,34
29717101,33,1,34
29826440,33,2,35
29900310,33,11,44
30299535,33,0,33
30335514,33,1,34
32956032,33,1,34
33017812,33,4,37
33408119,33,0,33
34824846,33,11,44
34844572,33,36,69
35132551,33,20,53
38751869,33,0,33
40126220,33,1,34
41009501,33,2,35
41638738,33,0,33
43052896,33,53,86
46726877,33,6,39
47101524,33,80,113
49524978,33,7,40
50064327,33,4,37
51467573,33,3,36
51929238,33,0,33
55066569,33,0,33
55207986,33,1,34
55638244,33,29,62
57196393,33,3,36
58708159,33,3,36
59693131,33,13,46
60428049,33,3,36
65933324,33,0,33
70414498,33,3,36
70491757,33,0,33
73717434,33,0,33
74352982,33,0,33
81951329,33,2,35
82304910,33,0,33
83663354,33,32,65
83696994,33,0,33
86963075,33,13,46
88459400,33,7,40
90841218,33,4,37
91136700,33,2,35
98983044,33,0,33
100834759,33,3,36
103162772,33,2,35
111129351,33,0,33
111645399,33,5,38
111680876,33,1,34
115859543,33,1,34
116034628,33,0,33
119374225,33,1,34
122645569,33,0,33
126214413,33,0,33
129318404,33,0,33
131018989,33,61,94
135500979,33,1,34
135860379,33,3,36
138264201,33,1,34
152313793,33,3,36
155388582,33,1,34
158200959,33,0,33
162078051,33,9,42
163249953,33,24,57
164517537,33,2,35
166733807,33,1,34
168280744,33,9,42
169315871,33,0,33
179688121,33,45,78
180728640,33,0,33
183825988,33,1,34
185608493,33,1,34
196300844,33,0,33
197807729,33,1,34
202157841,33,1,34
206244842,33,1,34
211281752,33,1,34
215446790,33,2,35
226668481,33,0,33
226771694,33,0,33
233305430,33,3,36
244768566,33,9,42
247991761,33,3,36
248692627,33,2,35
249690709,33,1,34
253843457,33,1,34
256307364,33,0,33
258958718,33,1,34
260101360,33,3,36
260613788,33,33,66
263403738,33,10,43
267260555,33,0,33
267880384,33,36,69
269908647,33,3,36
270519221,33,2,35
278048411,33,0,33
286385325,33,3,36
286611915,33,0,33
298173729,33,16,49
304108848,33,1,34
305720645,33,0,33
308069641,33,0,33
321067957,33,1,34
325875562,33,0,33
326957730,33,7,40
329880387,33,24,57
333502347,33,10,43
334677420,33,0,33
335523025,33,0,33
337611162,33,0,33
337924783,33,0,33
344892125,33,0,33
348708535,33,2,35
349406681,33,0,33
350557906,33,1,34
357650733,33,2,35
364373899,33,0,33
370531404,33,1,34
371000239,33,1,34
371573470,33,1,34
376226841,33,1,34
377540405,33,29,62
385621323,33,0,33
394840322,33,0,33
396000863,33,0,33
397388188,33,1,34
400364870,33,0,33
402503039,33,3,36
409525621,33,0,33
412611552,33,18,51
420285647,33,0,33
444551766,33,3,36
456933970,33,1,34
463732269,33,8,41
475376364,33,2,35
484966779,33,3,36
486251102,33,0,33
489953934,33,1,34
514919679,33,2,35
516716585,33,0,33
517509150,33,29,62
519375166,33,0,33
519939792,33,2,35
521167914,33,0,33
521956786,33,0,33
524875121,33,2,35
525716208,33,4,37
526636421,33,2,35
531787097,33,0,33
532545303,33,0,33
543137089,33,2,35
543570964,33,0,33
543825564,33,0,33
556955675,33,2,35
560242800,33,0,33
563757940,33,3,36
568328339,33,2,35
571621476,33,0,33
572254714,33,2,35
590232437,33,2,35
593726287,33,1,34
594793018,33,6,39
596552712,33,1,34
598973191,33,49,82
607651527,33,0,33
608037041,33,0,33
608637244,33,5,38
622048252,33,1,34
624190591,33,2,35
626503046,33,2,35
627850271,33,2,35
637201512,33,3,36
727081999,33,1,34
767403506,33,1,34
785812196,33,0,33
794407608,33,1,34
818232091,33,0,33
820939880,33,1,34
822363751,33,6,39
840260323,33,1,34
851737482,33,3,36
856546831,33,2,35
860746436,33,2,35
870899976,33,10,43
874689018,33,1,34
898620702,33,0,33
913217281,33,0,33
932662676,33,2,35
974941968,33,2,35
987663426,33,3,36
1008670964,33,0,33
1072779949,33,2,35
1216771548,33,0,33
1226408898,33,0,33
1253625300,33,2,35
1293232651,33,1,34
1302051864,33,1,34
1310635141,33,0,33
1319463302,33,4,37
1335691658,33,2,35
1344444050,33,1,34
1349309172,33,0,33
1356014941,33,2,35
1372334730,33,0,33
1410704167,33,0,33
1416860036,33,3,36
1431515167,33,0,33
1439502062,33,3,36
1445037980,33,1,34
1458502212,33,2,35
1479787818,33,1,34
1540130562,33,1,34
1564394012,33,0,33
1571405365,33,171,204
1581496496,33,2,35
1636608985,33,3,36
1654328281,33,3,36
1656584834,33,1,34
1659221779,33,10,43
1665971227,33,0,33
1671375415,33,1,34
1714715671,33,0,33
1829729568,33,0,33
1856030857,33,0,33
1876803560,33,1,34
1880694320,33,1,34
1881242641,33,1,34
1888491548,33,1,34
1941901813,33,0,33
1945471525,33,5,38
1948206732,33,1,34
1955274228,33,5,38
1963305084,33,2,35
1972052347,33,0,33
2182328123,33,0,33
2292444842,33,0,33
2303077585,33,0,33
2306936250,33,13,46
2312970171,33,1,34
2344154581,33,2,35
2414913756,33,421,454
2451732978,33,0,33
2470382715,33,0,33
2511026986,33,0,33
2535602895,33,12,45
2548705994,33,4,37
2552660940,33,0,33
2553147588,33,0,33
2591748824,33,0,33
2598963590,33,1,34
2601987001,33,4,37
2606631223,33,1,34
2651479032,33,3,36
2663706607,33,1,34
2700350600,33,1,34
2736359780,33,17,50
2751363538,33,0,33
2753078363,33,2,35
2753101117,33,0,33
2763882690,33,4,37
2771402348,33,2,35
2777081299,33,3,36
2806538506,33,2,35
2846769033,33,8,41
2850885256,33,1,34
2854752538,33,5,38
2875700829,33,1,34
2893615324,33,0,33
2894032402,33,1,34
2901997214,33,0,33
2918745238,33,0,33
2940416491,33,0,33
2943551813,33,2,35
2961811544,33,0,33
2962365465,33,1,34
2964984533,33,3,36
2981739731,33,2,35
2984727962,33,2,35
2990815466,33,1,34
2996938075,33,1,34
3009290796,33,0,33
3012462963,33,97,130
3038448744,33,4,37
3044814820,33,1,34
3065731996,33,0,33
3075611245,33,2,35
3091032342,33,2,35
3147339230,33,52,85
3153097690,33,0,33
3172255772,33,0,33
3195774341,33,0,33
3196378109,33,1,34
3252255049,33,1,34
3252427103,33,4,37
3276668192,33,0,33
3286921321,33,1,34
3293996892,33,0,33
3294706108,33,0,33
3304624766,33,7,40
3309076194,33,2,35
3309330103,33,2,35
3322495152,33,0,33
3326803669,33,3,36
3332539701,33,0,33
3373787331,33,10,43
3374544441,33,0,33
3400783660,33,0,33
3407550015,33,19,52
3407890707,33,1,34
3428908882,33,0,33
3434525997,33,3,36
3446851336,33,1,34
3530928317,33,1,34
3532067113,33,3,36
3567518362,33,9,42
3593561720,33,0,33
3610183155,33,1,34
3639843072,33,3,36
3685845554,33,0,33
3718933637,33,10,43
3732681194,33,0,33
3736424545,33,1,34
3738735440,33,7,40
3762107189,33,0,33
3763577115,33,0,33
3836008983,33,11,44
3887004793,33,2,35
3887861183,33,4,37
3906673351,33,1,34
4049454617,33,2,35
4164281008,33,1,34
4186843694,33,36,69
4200476578,33,0,33
4211424263,33,4,37
4237222877,33,0,33
4289328804,33,0,33
4317202159,33,2,35
4346983639,33,10,43
4404122535,33,2,35
4404234263,33,0,33
4440477501,33,4,37
4448216892,33,1,34
4539392354,33,0,33
4583509888,33,1,34
4691819016,33,0,33
4723652773,33,0,33
4746444355,33,4,37
4754265403,33,1,34
4779099726,33,3,36
4799328876,33,1,34
4851732495,33,1,34
4867783367,33,2,35
4874948752,33,2,35
4915505566,33,1,34
699750351218593793,33,2,35
701791937372823553,33,0,33
702293463543341056,33,1,34
703663330796269569,33,1,34
704456321345703937,33,0,33
704720247224475649,33,2,35
704767544297545728,33,0,33
705188810921943041,33,3,36
705408746705559552,33,1,34
705464031323168768,33,1,34
705589955922276352,33,0,33
705888798333386753,33,0,33
706057240319561728,33,3,36
706562556371058690,33,1,34
706625433790455808,33,1,34
707216946131906560,33,0,33
708472457364172800,33,1,34
709066110537043968,33,0,33
709087996851691521,33,0,33
709175213439627264,33,0,33
709512776818008065,33,1,34
709789026123911168,33,4,37
710623332157284352,33,1,34
712340223590420480,33,0,33
712504238107176961,33,1,34
713143274631000064,33,2,35
713261481207287808,33,0,33
714485038591696896,33,11,44
716002600626298882,33,2,35
716368005555302400,33,1,34
716718406515429377,33,0,33
717361483303272448,33,3,36
718127097655533569,33,0,33
718794534579257344,33,0,33
721788256711409664,33,0,33
722561814106648577,33,5,38
722915786969329665,33,0,33
723473426053255169,33,0,33
724594033033666561,33,0,33
726604728117956609,33,2,35
726960078859976704,33,17,50
727529229068324864,33,2,35
728634258806460417,33,6,39
730818893481160705,33,3,36
732944818590994432,33,2,35
733432007049482246,33,1,34
733483627355328512,33,10,43
733733716963545088,33,1,34
734230549032620032,33,5,38
735893868302995456,33,0,33
736347371005566977,33,2,35
736944362643283972,33,1,34
737327980377219073,33,0,33
738464598735618048,33,0,33
738562316443254785,33,1,34
742712986427498496,33,1,34
743773512230440960,33,9,42
744156414126481408,33,4,37
744952778930294784,33,1,34
745307089489190912,33,0,33
747219565327745024,33,0,33
748638568776601604,33,2,35
751458536631132161,33,0,33
753398144314904580,33,2,35
754518774624034816,33,1,34
755455172093046784,33,52,85
756869488105127937,33,3,36
758008733767200768,33,7,40
758079923651092480,33,0,33
758892492104142848,33,4,37
759039053421355008,33,0,33
761395706443825152,33,2,35
761711481347911681,33,1,34
761728617927864320,33,1,34
762759912048906240,33,1,34
763891017753829376,33,5,38
764267536892461056,33,0,33
766895643218575360,33,0,33
767097077184749568,33,1,34
768929562457759744,33,4,37
772228162122022912,33,0,33
772930000651743232,33,3,36
773051844989947904,33,2,35
777239811925086208,33,1,34
781335110419357696,33,3,36
782331847711883264,33,1,34
782804193585336320,33,1,34
784566226999767040,33,3,36
785301408018894848,33,3,36
785855589146566657,33,2,35
785937946868318209,33,2,35
786171249823129600,33,0,33
787343990626496512,33,0,33
787786631025614848,33,2,35
787941261353164800,33,0,33
788550180006092800,33,2,35
789950608220360704,33,0,33
790000439475499009,33,0,33
791957863249829888,33,1,34
792192451943534592,33,1,34
793521852308070400,33,0,33
798625607949185024,33,0,33
799057148844064768,33,0,33
14169184,32,2,34
14454814,32,7,39
14787799,32,3,35
16016946,32,1,33
16449355,32,1,33
16471667,32,0,32
18195110,32,5,37
18363806,32,0,32
19212059,32,0,32
19269578,32,2,34
19278454,32,0,32
19899606,32,2,34
20201631,32,0,32
20268039,32,11,43
20834145,32,1,33
21231531,32,1,33
21430553,32,1,33
22026906,32,8,40
22146095,32,0,32
22208701,32,0,32
22415679,32,2,34
23144570,32,3,35
24529056,32,2,34
24535839,32,0,32
25158148,32,0,32
25639323,32,0,32
25704380,32,0,32
25948917,32,4,36
28146479,32,3,35
28680340,32,0,32
28844869,32,13,45
29455283,32,0,32
30063549,32,1,33
30359476,32,0,32
30541239,32,4,36
31295465,32,1,33
31419590,32,0,32
32292455,32,3,35
32502282,32,0,32
33252751,32,1,33
33347217,32,5,37
33837758,32,2,34
34384708,32,0,32
34925099,32,0,32
35961279,32,0,32
37033886,32,8,40
37076194,32,1,33
37102679,32,2,34
37113904,32,0,32
37194117,32,1,33
37272075,32,0,32
37781088,32,2,34
39085028,32,3,35
39678501,32,2,34
40675306,32,1,33
40921511,32,6,38
41292032,32,0,32
47406802,32,0,32
47600280,32,2,34
51855187,32,0,32
52110681,32,0,32
53347857,32,3,35
54031747,32,2,34
54214482,32,0,32
56079107,32,3,35
56898928,32,0,32
57859575,32,2,34
61269457,32,0,32
63762686,32,2,34
64067668,32,2,34
64637578,32,0,32
64943336,32,0,32
65803294,32,118,150
68049571,32,7,39
68503084,32,2,34
69739698,32,2,34
70449732,32,1,33
71609345,32,0,32
73438641,32,1,33
74170337,32,0,32
74245749,32,1,33
91390903,32,0,32
92370453,32,0,32
93710794,32,2,34
95029703,32,2,34
95354681,32,0,32
95987075,32,0,32
96972239,32,4,36
100909514,32,4,36
104068896,32,1,33
105078752,32,1,33
105345807,32,3,35
108100600,32,2,34
109556764,32,21,53
116384038,32,2,34
117180375,32,2,34
117830399,32,1,33
120994148,32,1,33
121733782,32,0,32
126097850,32,3,35
126810099,32,1,33
135376922,32,3,35
135577188,32,1,33
135984761,32,0,32
137850413,32,1,33
139737780,32,1,33
145635898,32,0,32
146666161,32,0,32
155653637,32,2,34
158803720,32,2,34
165824753,32,0,32
175694185,32,1,33
176308130,32,0,32
181771233,32,2,34
193759500,32,1,33
193986763,32,2,34
194097857,32,1,33
196579078,32,0,32
199909211,32,3,35
207075855,32,0,32
207767402,32,1,33
215010668,32,1,33
224560141,32,0,32
224717981,32,1,33
225452189,32,2,34
227821431,32,1,33
229701797,32,2,34
230279984,32,26,58
231764211,32,1,33
232498181,32,6,38
236843654,32,0,32
244318780,32,1,33
245799603,32,2,34
251839291,32,0,32
258537744,32,3,35
259717275,32,0,32
264948270,32,4,36
265681909,32,3,35
266971640,32,0,32
270703376,32,0,32
270763468,32,0,32
277069083,32,0,32
286772735,32,0,32
292987643,32,1,33
302493941,32,0,32
302934462,32,0,32
313999642,32,0,32
315062034,32,1,33
315230262,32,0,32
317145743,32,0,32
324507238,32,1,33
329144572,32,2,34
338453687,32,1,33
340539361,32,1,33
347234638,32,2,34
349141375,32,0,32
355175444,32,0,32
356973774,32,9,41
359327898,32,0,32
360076254,32,1,33
361557521,32,5,37
364298687,32,2,34
370346711,32,0,32
370753620,32,1,33
371515056,32,0,32
382108851,32,1,33
383029629,32,0,32
394374488,32,3,35
395701428,32,3,35
407349090,32,1,33
408023195,32,1,33
409216221,32,0,32
409735484,32,11,43
411046193,32,2,34
415899014,32,0,32
423669642,32,0,32
424769541,32,0,32
431134324,32,1,33
431819231,32,0,32
438136994,32,2,34
442366363,32,2,34
461803818,32,2,34
464133380,32,2,34
464228783,32,201,233
465170464,32,1,33
469795401,32,1,33
471537637,32,2,34
480602546,32,2,34
515728731,32,6,38
516454831,32,0,32
526142974,32,1,33
529551094,32,0,32
531486373,32,0,32
531887214,32,0,32
551133971,32,0,32
558045041,32,1,33
566273326,32,0,32
577599672,32,0,32
586447578,32,5,37
586834492,32,0,32
588229029,32,38,70
626019705,32,1,33
635695613,32,2,34
702908163,32,6,38
739815102,32,3,35
757159999,32,1,33
759920736,32,0,32
760600202,32,4,36
786898950,32,2,34
787484389,32,1,33
789861342,32,7,39
796881152,32,1,33
798681264,32,4,36
800925944,32,2,34
815587908,32,0,32
817765256,32,12,44
838254506,32,39,71
842510270,32,0,32
860616002,32,2,34
861193664,32,2,34
880043546,32,0,32
904132304,32,1,33
930431917,32,4,36
930817033,32,0,32
936858992,32,5,37
937112780,32,0,32
938674796,32,1,33
946406934,32,1,33
946723260,32,0,32
971673278,32,3,35
983197898,32,1,33
985209492,32,0,32
1002319988,32,0,32
1011809412,32,3,35
1020954092,32,0,32
1069795652,32,1,33
1077650310,32,2,34
1208275561,32,1,33
1213976437,32,0,32
1247857681,32,1,33
1275898807,32,0,32
1290239300,32,0,32
1292002213,32,0,32
1293971611,32,0,32
1317573619,32,2,34
1339041386,32,1,33
1367646829,32,5,37
1379977964,32,0,32
1389491784,32,1,33
1406015426,32,3,35
1406090676,32,0,32
1418897785,32,0,32
1448332729,32,0,32
1473329342,32,1,33
1511640528,32,4,36
1526661217,32,4,36
1559299861,32,0,32
1561841910,32,1,33
1581319537,32,1,33
1601809441,32,1,33
1606398271,32,8,40
1609045596,32,46,78
1623513960,32,0,32
1626823730,32,1,33
1648614846,32,0,32
1692065287,32,1,33
1694147149,32,0,32
1713162734,32,1,33
1713717439,32,1,33
1866480170,32,0,32
1872328056,32,1,33
1920598429,32,67,99
1970899050,32,2,34
1972905378,32,1,33
2156889458,32,0,32
2174196228,32,0,32
2222074681,32,2,34
2226722576,32,1,33
2227000550,32,0,32
2229125732,32,1,33
2229205690,32,1,33
2230388154,32,9,41
2235082710,32,0,32
2251411867,32,8,40
2259620022,32,3,35
2265784546,32,0,32
2299291615,32,2,34
2315964782,32,0,32
2332743042,32,8,40
2352554992,32,1,33
2355244596,32,4,36
2356854715,32,0,32
2372023345,32,1,33
2377993263,32,2,34
2405619967,32,0,32
2414809730,32,0,32
2417578280,32,1,33
2419643551,32,0,32
2437786279,32,0,32
2441254856,32,2,34
2470064492,32,0,32
2498890181,32,0,32
2505993487,32,0,32
2555015406,32,1,33
2561543528,32,1,33
2674638409,32,0,32
2711791104,32,0,32
2751492235,32,0,32
2779880657,32,1,33
2782638680,32,7,39
2792513884,32,4,36
2795274284,32,3,35
2828068783,32,13,45
2850251396,32,0,32
2858265918,32,0,32
2877572414,32,0,32
2881159244,32,3,35
2906025137,32,0,32
2923435484,32,0,32
2924844877,32,1,33
2932232055,32,0,32
2933793124,32,181,213
2941294806,32,3,35
2973332381,32,1,33
2981931988,32,0,32
2983542782,32,2,34
2989317506,32,0,32
2992220948,32,41,73
3010279711,32,1,33
3013884787,32,1,33
3033694176,32,0,32
3038162049,32,0,32
3068746850,32,11,43
3086048431,32,0,32
3090939294,32,3,35
3103325751,32,0,32
3111212589,32,2,34
3134933764,32,0,32
3163091378,32,1,33
3183397512,32,3,35
3192644318,32,4,36
3222807427,32,4,36
3285759732,32,9,41
3297018338,32,1,33
3300897852,32,0,32
3308686370,32,7,39
3309846734,32,1,33
3316379060,32,3,35
3320711341,32,0,32
3326929034,32,1,33
3369341459,32,3,35
3373263501,32,0,32
3373447595,32,4,36
3374059366,32,1,33
3385176093,32,1,33
3399851125,32,3,35
3404096482,32,0,32
3421549115,32,5,37
3481462632,32,2,34
3515682374,32,1,33
3538886836,32,0,32
3561605056,32,0,32
3578921292,32,3,35
3580248555,32,0,32
3597219792,32,7,39
3657635540,32,0,32
3736102154,32,1,33
3739426048,32,1,33
3855726676,32,4,36
3889441812,32,8,40
3923526221,32,3,35
3934105634,32,6,38
3943312469,32,1,33
3946915763,32,5,37
3963583343,32,0,32
3974933355,32,1,33
4065268685,32,1,33
4128509135,32,1,33
4136288014,32,3,35
4259633173,32,4,36
4347349633,32,5,37
4358890277,32,0,32
4417764312,32,0,32
4531063460,32,0,32
4537963534,32,0,32
4602806240,32,3,35
4608306202,32,1,33
4630508963,32,3,35
4651662108,32,0,32
4658847687,32,1,33
4710023955,32,1,33
4721261321,32,1,33
4804670369,32,0,32
4831262592,32,9,41
4834364387,32,2,34
4840436542,32,3,35
4847382234,32,0,32
4857807669,32,0,32
4867480174,32,0,32
4877063547,32,3,35
4920514499,32,0,32
4924175848,32,4,36
700916397828780032,32,0,32
701635568040615936,32,0,32
702477697696473088,32,1,33
702991518420885505,32,1,33
703715923371360258,32,2,34
704369721236262912,32,14,46
705444833779806208,32,1,33
705594282418245632,32,15,47
706276161148604416,32,2,34
706280211923349505,32,0,32
707766407061069824,32,86,118
709028843772731394,32,0,32
709600530285211648,32,25,57
710338897147006977,32,2,34
710457041249247233,32,3,35
710664381697171456,32,22,54
711002368431656960,32,0,32
711345995506778112,32,1,33
711563738617262080,32,2,34
711645724350349312,32,0,32
712802455466082304,32,3,35
713050278086320128,32,0,32
716371621380890624,32,144,176
717191759147573248,32,2,34
719915239513436160,32,0,32
721764949492690944,32,1,33
724040092671709184,32,1,33
727348590507642880,32,1,33
727537643995680768,32,5,37
731090168766205952,32,0,32
734141502209789956,32,3,35
735264957382549504,32,3,35
736928475412627457,32,2,34
737157292085284864,32,0,32
738073831600885761,32,1,33
738424563634081792,32,5,37
738470646443741184,32,1,33
740018228693327873,32,5,37
745472494031667200,32,0,32
745997384472211456,32,3,35
746520724253323264,32,0,32
746739304035123202,32,1,33
747226566330048514,32,0,32
747720941929639936,32,1,33
747942001342091265,32,1,33
748693480570916865,32,1,33
749700931478958080,32,0,32
749723508477865984,32,1,33
750356877800767489,32,0,32
750518836890247168,32,0,32
754329137993617408,32,0,32
755888717852712960,32,1,33
757036573519151105,32,2,34
757811997140393984,32,5,37
757945226581250049,32,1,33
758038795639853056,32,1,33
758404686009409536,32,2,34
758822403380088832,32,2,34
760273723115053056,32,1,33
760302672218099712,32,0,32
760766585007026176,32,1,33
761455354278535168,32,0,32
761531476928180224,32,0,32
763148607960784896,32,30,62
763474780045574144,32,1,33
763553629533974528,32,2,34
763567741076959232,32,2,34
766003898935115776,32,3,35
767871736066945024,32,2,34
769282526854651904,32,1,33
769291590862905344,32,2,34
771610765463654401,32,1,33
773274699111497728,32,0,32
775037118074720256,32,2,34
779812450581422080,32,2,34
780147609335762945,32,0,32
780498032999723010,32,5,37
780891230146334720,32,1,33
781845505785548800,32,3,35
781909708902989829,32,2,34
781916141522395137,32,0,32
782047301418250240,32,0,32
783084207635591168,32,2,34
785198451935973376,32,0,32
785210578239426560,32,7,39
786024164637433856,32,0,32
786706368002654208,32,0,32
787151146028789763,32,2,34
787365422668582912,32,2,34
787868622647689220,32,2,34
788403857822998528,32,0,32
789581157079842817,32,1,33
790256431731585024,32,0,32
793966820805918720,32,0,32
796384857140051969,32,2,34
796862654442774528,32,0,32
6142892,31,0,31
6436842,31,0,31
11233922,31,2,33
12691912,31,0,31
15487216,31,0,31
15593133,31,0,31
15813220,31,0,31
16596145,31,2,33
16598023,31,1,32
16716652,31,7,38
17238838,31,2,33
17309168,31,5,36
18604137,31,13,44
18785821,31,0,31
19088288,31,263,294
21604529,31,2,33
22116240,31,1,32
22523182,31,1,32
22532718,31,1,32
23199382,31,4,35
24096196,31,0,31
25207598,31,249,280
25243171,31,1,32
25291915,31,1,32
25614085,31,98,129
25776681,31,2,33
25967788,31,0,31
26476418,31,4,35
27303015,31,4,35
30170214,31,3,34
30584242,31,1,32
31326703,31,3,34
31403779,31,217,248
33070154,31,3,34
33378508,31,0,31
34665063,31,4,35
35254201,31,1,32
35512400,31,4,35
36012557,31,3,34
36060489,31,37,68
36616694,31,1,32
37219538,31,5,36
40047120,31,0,31
40755803,31,0,31
42508115,31,0,31
43538243,31,1,32
46252269,31,0,31
46446876,31,0,31
47680487,31,26,57
48274829,31,0,31
49705874,31,1,32
50116463,31,1,32
51059203,31,0,31
53920756,31,0,31
53979469,31,2,33
54266097,31,3,34
54386976,31,17,48
54628695,31,1,32
54669026,31,0,31
54746171,31,0,31
54800309,31,1,32
55817905,31,1,32
58966831,31,17,48
59171389,31,1,32
60291691,31,2,33
60608180,31,0,31
65678753,31,3,34
65977908,31,3,34
67328619,31,0,31
67386663,31,1,32
67834193,31,0,31
70483645,31,0,31
71172514,31,0,31
72133241,31,0,31
75922468,31,2,33
76808845,31,0,31
78330077,31,3,34
82345698,31,0,31
83696620,31,2,33
87124838,31,4,35
87133189,31,10,41
90114466,31,1,32
91272139,31,2,33
92375131,31,0,31
106211842,31,4,35
111680038,31,0,31
113367070,31,0,31
114641566,31,2,33
115221411,31,0,31
115572490,31,0,31
116242348,31,1,32
123078358,31,0,31
123102547,31,22,53
123104786,31,5,36
123392734,31,3,34
129822361,31,0,31
137821463,31,0,31
153493034,31,1,32
160725808,31,0,31
162455570,31,0,31
169067442,31,1,32
169287189,31,1,32
169479357,31,1,32
173835301,31,3,34
185201341,31,10,41
186306688,31,2,33
202289395,31,2,33
236612480,31,1,32
236994654,31,0,31
237422935,31,0,31
244185134,31,3,34
247203598,31,20,51
247554673,31,0,31
248495275,31,1,32
251622278,31,2,33
254503283,31,0,31
259071132,31,2,33
259235653,31,0,31
262800802,31,30,61
264234073,31,1,32
266067803,31,1,32
266829947,31,4,35
269199676,31,0,31
279223008,31,5,36
284513272,31,0,31
286646117,31,1,32
299410813,31,1,32
301064256,31,2,33
305330589,31,6,37
309220398,31,1,32
309912805,31,0,31
310393282,31,6,37
312310942,31,1,32
318188424,31,5,36
319777109,31,0,31
325268721,31,0,31
331156135,31,14,45
333265493,31,1,32
338577578,31,0,31
342718646,31,1,32
352556270,31,0,31
354963969,31,0,31
366837962,31,3,34
368335248,31,1,32
370150144,31,1,32
373569258,31,1,32
374104340,31,0,31
374577469,31,2,33
375897463,31,2,33
390833402,31,4,35
402786385,31,0,31
403748836,31,2,33
404553582,31,0,31
410972730,31,32,63
415065685,31,1,32
419207807,31,0,31
419314910,31,2,33
422426986,31,0,31
428415988,31,2,33
434692359,31,44,75
438004703,31,2,33
438058661,31,1,32
454669156,31,2,33
463236395,31,0,31
466114458,31,3,34
468977349,31,0,31
473495152,31,0,31
479561466,31,4,35
484315301,31,0,31
486826149,31,0,31
492067643,31,2,33
496425816,31,3,34
503110156,31,1,32
518399661,31,3,34
531776421,31,2,33
538957992,31,2,33
547020406,31,0,31
548154251,31,1,32
551385464,31,0,31
556058664,31,0,31
557822951,31,3,34
558176031,31,0,31
558796482,31,2,33
562206555,31,0,31
565392187,31,1,32
580398317,31,1,32
587321929,31,1,32
595009255,31,5,36
600563512,31,2,33
606681626,31,15,46
607548922,31,1,32
627062744,31,1,32
633940200,31,1,32
634912541,31,125,156
710236344,31,0,31
710709284,31,0,31
741940195,31,1,32
745460419,31,1,32
755664769,31,18,49
760914554,31,0,31
761829432,31,0,31
761900468,31,2,33
773440021,31,2,33
787992990,31,0,31
800718805,31,6,37
816433094,31,0,31
820946378,31,0,31
827945862,31,0,31
832113828,31,1,32
835670628,31,4,35
852111510,31,0,31
860804286,31,4,35
865096939,31,0,31
870494790,31,3,34
874989727,31,0,31
894500924,31,0,31
897808416,31,3,34
917035902,31,2,33
925543507,31,1,32
926709408,31,4,35
940275042,31,1,32
940368062,31,0,31
953492220,31,0,31
960903805,31,1,32
1007921610,31,1,32
1023829232,31,0,31
1034491885,31,0,31
1035848113,31,0,31
1039992620,31,2,33
1057766052,31,0,31
1063797871,31,0,31
1078616966,31,1,32
1096643864,31,1,32
1176863142,31,0,31
1207624764,31,1,32
1215947096,31,0,31
1260624205,31,3,34
1265511644,31,3,34
1331464566,31,0,31
1374064320,31,4,35
1378929362,31,0,31
1379717754,31,16,47
1385704519,31,0,31
1411396740,31,1,32
1428245454,31,28,59
1439822767,31,0,31
1452076885,31,1,32
1490530716,31,3,34
1541165762,31,4,35
1546826034,31,0,31
1551433328,31,0,31
1563531085,31,0,31
1563908942,31,0,31
1583065752,31,0,31
1601702700,31,0,31
1632447824,31,0,31
1635157651,31,1,32
1657216530,31,0,31
1697320214,31,1,32
1715176734,31,2,33
1724144856,31,2,33
1896543121,31,0,31
1912605966,31,0,31
1952616246,31,0,31
1955037554,31,2,33
2152381201,31,0,31
2185248516,31,0,31
2186286104,31,2,33
2194470846,31,0,31
2195714795,31,2,33
2211557965,31,0,31
2232453613,31,8,39
2236592053,31,3,34
2249735870,31,0,31
2256488685,31,1,32
2264884166,31,1,32
2270730038,31,0,31
2275217533,31,1,32
2303580964,31,0,31
2314248248,31,0,31
2324993199,31,6,37
2331226718,31,0,31
2343979981,31,3,34
2356511864,31,5,36
2389509259,31,0,31
2411474370,31,119,150
2414639174,31,9,40
2445365048,31,180,211
2474468982,31,2,33
2528186978,31,3,34
2546446292,31,0,31
2562263036,31,2,33
2565744114,31,1,32
2568580494,31,0,31
2571259391,31,0,31
2574833642,31,1,32
2577234667,31,0,31
2600608982,31,13,44
2608956567,31,109,140
2652836498,31,8,39
2686954111,31,0,31
2719676142,31,2,33
2729892194,31,0,31
2746629183,31,1,32
2834647215,31,4,35
2835302481,31,1,32
2841285942,31,1,32
2847348915,31,0,31
2853085550,31,0,31
2865615140,31,1,32
2865918416,31,6,37
2870986553,31,0,31
2883812893,31,3,34
2886539880,31,2,33
2905131322,31,1,32
2912052396,31,3,34
2921901638,31,7,38
2927486686,31,0,31
2958653284,31,1,32
2959996754,31,1,32
2963455081,31,0,31
2965069174,31,3,34
2972957083,31,1,32
2973873375,31,0,31
2997912220,31,1,32
3002623375,31,0,31
3015828635,31,1,32
3068929088,31,13,44
3073529252,31,1,32
3096899894,31,3,34
3098670091,31,1,32
3113037179,31,3,34
3124192828,31,0,31
3125193946,31,0,31
3128263743,31,0,31
3137790714,31,0,31
3150936162,31,0,31
3154563449,31,0,31
3178726424,31,1,32
3183565787,31,0,31
3184571905,31,1,32
3187837817,31,0,31
3194913091,31,105,136
3221789425,31,2,33
3254523441,31,0,31
3265850268,31,1,32
3279791720,31,3,34
3282583820,31,0,31
3289402512,31,2,33
3297257181,31,1,32
3302578926,31,0,31
3302611902,31,8,39
3308085366,31,1,32
3309169489,31,1,32
3315439488,31,0,31
3315515508,31,1,32
3316226920,31,3,34
3370804054,31,3,34
3381686297,31,21,52
3397974917,31,2,33
3407012584,31,6,37
3416205759,31,12,43
3420915977,31,4,35
3444477798,31,1,32
3535660221,31,0,31
3550775417,31,0,31
3692432178,31,1,32
3710140574,31,0,31
3839311094,31,46,77
3864060553,31,15,46
3883130052,31,6,37
4030559243,31,0,31
4035871276,31,73,104
4040817507,31,2,33
4067308933,31,13,44
4142925801,31,6,37
4200649324,31,0,31
4210963228,31,0,31
4247238738,31,2,33
4312731082,31,1,32
4320997876,31,0,31
4324276754,31,1,32
4329010814,31,1,32
4407185385,31,11,42
4636639456,31,0,31
4673962992,31,0,31
4679565122,31,2,33
4698967314,31,7,38
4699205802,31,0,31
4716827713,31,13,44
4718628227,31,0,31
4726232661,31,0,31
4736466269,31,0,31
4744263869,31,0,31
4798408953,31,0,31
4800678578,31,7,38
4817792593,31,3,34
4826942304,31,0,31
4827715518,31,0,31
4830908293,31,1,32
4851259457,31,0,31
4851658781,31,0,31
4852194585,31,1,32
4859290759,31,0,31
4872100245,31,0,31
701241849248219136,31,32,63
702168623402455040,31,0,31
703382437997445120,31,4,35
703893401071067136,31,3,34
705092549971681281,31,9,40
705097596759461889,31,8,39
705110007931674625,31,2,33
705496335919677440,31,0,31
705532607790870528,31,3,34
705935908608937984,31,1,32
706022607741542400,31,3,34
706945534003548160,31,0,31
708367303616802816,31,0,31
708803925504348161,31,0,31
709623799465938944,31,12,43
710698883739877379,31,3,34
711119933992665089,31,3,34
711686456041836544,31,1,32
711992101739876352,31,2,33
713114100310605825,31,5,36
713136705943896065,31,2,33
714202855666794496,31,2,33
714591140851396609,31,36,67
714627238767931392,31,0,31
715682402694078464,31,0,31
716294560482205702,31,2,33
716343453022556160,31,0,31
716872983080361986,31,1,32
717760565771431936,31,0,31
717876696595177472,31,0,31
717975540368482304,31,0,31
719299687027580928,31,0,31
720221484665409537,31,1,32
720574705976090624,31,2,33
725804046490161152,31,1,32
726469349184299008,31,1,32
726889342380216321,31,0,31
728713560029683712,31,1,32
732331271616008192,31,1,32
732344634089725952,31,9,40
732381681471127554,31,0,31
732539124087918592,31,2,33
733188143424405504,31,0,31
733467898761482242,31,2,33
734242344447410176,31,1,32
736223394153308160,31,1,32
739844197935644672,31,4,35
740186171582582784,31,4,35
740281847033122817,31,0,31
741378420366561280,31,1,32
742033355202428929,31,0,31
742057264635334657,31,2,33
743162463038877696,31,0,31
746611260448452608,31,0,31
746776023262466048,31,1,32
750160145343193088,31,1,32
750371547039272960,31,2,33
750423992087900160,31,0,31
750734789225832448,31,2,33
751231705919348736,31,0,31
751481455105101828,31,3,34
753933122455035904,31,0,31
754190162821718019,31,1,32
754786694340104192,31,2,33
755152059335401473,31,0,31
755992103235231744,31,2,33
756990304889077760,31,0,31
757190661049348096,31,0,31
757255733704548352,31,3,34
757322124637966336,31,3,34
758385891073069056,31,1,32
758787188268019712,31,14,45
758860045203353600,31,3,34
759845601882157056,31,93,124
760357702245638144,31,4,35
760546878110838784,31,0,31
760574684626690048,31,0,31
760930001348722688,31,0,31
761396912591282176,31,5,36
761903023375417345,31,2,33
762784033629614080,31,0,31
763356055963181058,31,13,44
763546257100988421,31,0,31
763558949576581120,31,3,34
763681087923056640,31,0,31
765727543643168768,31,0,31
765979700808286208,31,0,31
766268109275660289,31,3,34
766336416334872577,31,0,31
766393799631405056,31,1,32
766828437235306496,31,181,212
769524104999399424,31,0,31
770407144357232640,31,0,31
772204212201590789,31,0,31
775090176762585088,31,8,39
775361216294359040,31,1,32
775933684620730368,31,4,35
776884843514822656,31,1,32
776912400805003267,31,0,31
777402151731548160,31,0,31
778233310849929217,31,2,33
780952145176715264,31,16,47
781905575281995776,31,0,31
782016866780794880,31,0,31
782710809055092737,31,2,33
783460492576600064,31,0,31
784836293280698368,31,0,31
784909028602150912,31,3,34
785693257707565056,31,0,31
787072423099191297,31,1,32
787509697129484290,31,0,31
787521385539174400,31,2,33
788883306926465024,31,1,32
790281261642285056,31,1,32
791001485693816832,31,1,32
794744669536141312,31,0,31
794872639391088640,31,1,32
797420693872906240,31,1,32
13957012,30,4,34
14156070,30,9,39
14962178,30,23,53
15828077,30,0,30
16343453,30,2,32
16729563,30,1,31
17833458,30,0,30
17911160,30,2,32
18267698,30,66,96
18581346,30,6,36
18892635,30,1,31
18946095,30,1,31
19112577,30,2,32
19424979,30,0,30
20686956,30,3,33
20842368,30,1,31
20938220,30,3,33
21023963,30,0,30
21095543,30,2,32
22674471,30,10,40
23155102,30,5,35
23221789,30,4,34
23459209,30,0,30
23935846,30,61,91
23998456,30,3,33
25750526,30,37,67
26038491,30,5,35
26043187,30,2,32
27413161,30,2,32
28114405,30,3,33
28759149,30,1,31
29509120,30,0,30
31326110,30,1,31
31439632,30,7,37
32620288,30,1,31
32822134,30,10,40
32895694,30,50,80
33977442,30,1,31
33978796,30,0,30
34755730,30,3,33
34915384,30,15,45
34986245,30,0,30
36303972,30,37,67
36752462,30,0,30
37324914,30,3,33
37387025,30,2,32
37984883,30,0,30
40028472,30,0,30
40311118,30,5,35
40601473,30,89,119
40679921,30,6,36
40896353,30,3,33
42760278,30,2,32
42912657,30,4,34
43226515,30,1,31
43981262,30,1,31
44632582,30,2,32
45415734,30,0,30
45687114,30,1,31
45892654,30,1,31
47393725,30,2,32
48531818,30,1,31
48534885,30,3,33
49317402,30,0,30
49886799,30,1,31
51259550,30,206,236
54479718,30,3,33
54545080,30,1,31
56321765,30,4,34
56383613,30,0,30
59528873,30,2,32
61052908,30,3,33
63379962,30,1,31
66978366,30,1,31
70874746,30,0,30
75346250,30,14,44
77019125,30,1,31
82391914,30,0,30
84932800,30,5,35
85175754,30,4,34
101052299,30,0,30
103863035,30,1,31
109432033,30,82,112
111248362,30,9,39
113453298,30,0,30
116921689,30,17,47
121521978,30,1,31
123099087,30,0,30
125232619,30,5,35
133344166,30,2,32
133788296,30,0,30
138517877,30,0,30
140897785,30,5,35
146378272,30,0,30
151086788,30,1,31
151633342,30,181,211
152396241,30,2,32
154022203,30,1,31
154031734,30,4,34
156702369,30,1,31
158397313,30,1,31
161470091,30,1,31
162427235,30,2,32
172202473,30,1,31
177296591,30,36,66
178891683,30,2,32
191229219,30,0,30
193589482,30,0,30
198297462,30,1,31
218609039,30,8,38
220175178,30,1,31
221334900,30,3,33
224220364,30,1,31
225122833,30,1,31
227410667,30,0,30
228051072,30,1,31
228580599,30,16,46
234528768,30,0,30
235982663,30,0,30
237773172,30,0,30
242051914,30,92,122
242349065,30,1,31
250400144,30,0,30
251386628,30,2,32
253813547,30,4,34
255236525,30,1,31
256690928,30,0,30
260954365,30,6,36
260958707,30,0,30
262425295,30,5,35
264321813,30,0,30
264761699,30,0,30
266951368,30,1,31
273239749,30,0,30
273807743,30,1,31
274347607,30,0,30
281260988,30,0,30
281537076,30,11,41
286449548,30,0,30
294918280,30,34,64
301482943,30,0,30
301666178,30,0,30
304123273,30,1,31
306743476,30,18,48
308023682,30,20,50
313542861,30,0,30
316792267,30,3,33
317942805,30,2,32
321787970,30,6,36
323573448,30,3,33
332555909,30,4,34
338793695,30,6,36
343657212,30,0,30
351760702,30,1,31
355281733,30,0,30
356445267,30,2,32
365796009,30,1,31
366362402,30,0,30
366929502,30,5,35
372523676,30,1,31
374653073,30,0,30
376510469,30,10,40
377258998,30,9,39
379648875,30,23,53
386695490,30,0,30
388459260,30,2,32
389571668,30,4,34
392605105,30,0,30
405561109,30,86,116
405915417,30,0,30
409095055,30,3,33
411978591,30,4,34
414857304,30,1,31
421550872,30,3,33
423571900,30,2,32
424268790,30,1,31
424962590,30,0,30
425418920,30,1,31
444384825,30,0,30
447061276,30,0,30
448304460,30,0,30
449088089,30,0,30
450732687,30,2,32
462407508,30,0,30
463770958,30,2,32
468752441,30,1,31
469765052,30,0,30
470037777,30,0,30
475023376,30,0,30
476551154,30,0,30
476789609,30,3,33
478623642,30,0,30
485703398,30,3,33
486969119,30,0,30
489410977,30,2,32
489877664,30,0,30
503246844,30,0,30
506958753,30,21,51
510672731,30,0,30
513087375,30,1,31
516065423,30,2,32
517883337,30,0,30
528056773,30,1,31
528975480,30,4,34
542117414,30,4,34
545150728,30,1,31
547983120,30,1,31
566487841,30,1,31
568632080,30,1,31
569150450,30,0,30
570327991,30,2,32
578255600,30,0,30
578863035,30,1,31
581016346,30,12,42
582927693,30,13,43
588479306,30,1,31
604954282,30,1,31
610545368,30,1,31
615823983,30,1,31
617539417,30,0,30
619805447,30,0,30
636732886,30,14,44
713911318,30,1,31
730002108,30,0,30
777184849,30,4,34
792786013,30,18,48
801739872,30,3,33
809503508,30,1,31
824450408,30,173,203
833958488,30,3,33
847891100,30,3,33
857340684,30,1,31
862290390,30,1,31
864584708,30,1,31
868705938,30,1,31
869975162,30,28,58
870832458,30,2,32
874748636,30,2,32
885350262,30,0,30
885562404,30,0,30
886169604,30,0,30
886955454,30,0,30
896531688,30,3,33
898632456,30,0,30
898934738,30,1,31
899200940,30,2,32
911357186,30,36,66
912720674,30,0,30
944145019,30,4,34
970441448,30,1,31
979740954,30,0,30
1078265564,30,2,32
1115212123,30,0,30
1124001830,30,1,31
1138721281,30,0,30
1183316539,30,29,59
1190473434,30,0,30
1197201529,30,82,112
1200578346,30,0,30
1214487787,30,16,46
1226446382,30,1,31
1236621132,30,1,31
1264730210,30,0,30
1289296345,30,5,35
1296796748,30,3,33
1300282147,30,2,32
1324903004,30,0,30
1330622328,30,0,30
1345573890,30,3,33
1346530920,30,0,30
1373139446,30,2,32
1373151770,30,0,30
1420998086,30,1,31
1457257904,30,0,30
1460958716,30,9,39
1523800610,30,0,30
1560971378,30,14,44
1575829314,30,8,38
1626795866,30,1,31
1663972316,30,0,30
1681255195,30,0,30
1681577958,30,0,30
1691497362,30,1,31
1700299290,30,0,30
1779400009,30,2,32
1877589422,30,1,31
1914180367,30,0,30
1918788540,30,48,78
1922314573,30,3,33
1934829006,30,4,34
2161362299,30,0,30
2163248447,30,155,185
2170199291,30,0,30
2183184162,30,4,34
2183426318,30,0,30
2184852668,30,0,30
2188935480,30,0,30
2207745422,30,1,31
2209784385,30,1,31
2229229510,30,0,30
2253942480,30,2,32
2265397625,30,0,30
2273909467,30,9,39
2279709169,30,25,55
2288010913,30,4,34
2288420395,30,1,31
2316449503,30,1,31
2319191922,30,0,30
2320715947,30,19,49
2324486774,30,20,50
2329127948,30,8,38
2345326239,30,0,30
2359841120,30,1,31
2387384929,30,2,32
2397116178,30,0,30
2411049716,30,0,30
2453683651,30,4,34
2465032116,30,1,31
2468067276,30,2,32
2468949685,30,1,31
2474075239,30,5,35
2489626609,30,0,30
2499471749,30,2,32
2543349274,30,0,30
2550868435,30,2,32
2560420130,30,2,32
2585161697,30,3,33
2591850408,30,0,30
2596615888,30,3,33
2646042243,30,0,30
2670435529,30,0,30
2676250353,30,3,33
2696042526,30,1,31
2738917506,30,1,31
2748498740,30,0,30
2768251144,30,2,32
2786208072,30,0,30
2793025407,30,2,32
2812213387,30,0,30
2849429377,30,2,32
2858147054,30,3,33
2869678709,30,0,30
2881142339,30,2,32
2884845544,30,12,42
2886912795,30,0,30
2906585239,30,0,30
2910433472,30,1,31
2910601859,30,2,32
2918656216,30,0,30
2921064451,30,1,31
2921128481,30,0,30
2937774497,30,2,32
2938694991,30,0,30
2950853907,30,3,33
2958046713,30,1,31
2975075685,30,1,31
2979063580,30,1,31
3004718668,30,1,31
3011582208,30,467,497
3013115308,30,0,30
3047653613,30,12,42
3061683608,30,0,30
3067008811,30,2,32
3132934262,30,4,34
3136363472,30,0,30
3161760900,30,6,36
3163053138,30,1,31
3164552998,30,0,30
3194563406,30,0,30
3194610617,30,0,30
3195513629,30,1,31
3199367057,30,2,32
3219651913,30,1,31
3223276734,30,0,30
3224778482,30,5,35
3226142304,30,3,33
3232787852,30,9,39
3253802385,30,1,31
3261776403,30,1,31
3267456386,30,0,30
3271454629,30,1,31
3278219526,30,1,31
3280118120,30,2,32
3308721355,30,0,30
3309232338,30,0,30
3313618153,30,18,48
3318186731,30,2,32
3324980713,30,10,40
3340669355,30,0,30
3344154155,30,1,31
3368433035,30,0,30
3377077337,30,0,30
3384583971,30,0,30
3387234539,30,0,30
3400377634,30,0,30
3412633515,30,0,30
3417165439,30,2,32
3425902299,30,3,33
3447882436,30,0,30
3462167427,30,1,31
3509784732,30,0,30
3511146197,30,1,31
3515798233,30,0,30
3519971534,30,0,30
3540136515,30,1,31
3560501177,30,12,42
3600767297,30,2,32
3621478814,30,0,30
3640518799,30,0,30
3720378749,30,0,30
3742451713,30,1,31
3784682297,30,1,31
3797652973,30,0,30
3843606622,30,7,37
3950481494,30,1,31
3960660869,30,1,31
3976676854,30,2,32
3983193989,30,0,30
4029018734,30,2,32
4037606414,30,0,30
4046570075,30,0,30
4123605387,30,47,77
4150911455,30,1,31
4189571176,30,0,30
4208784194,30,2,32
4360816521,30,1,31
4419976126,30,1,31
4509866893,30,1,31
4541409616,30,0,30
4544335296,30,10,40
4548203357,30,3,33
4553731353,30,1,31
4636339047,30,1,31
4707183105,30,3,33
4776334706,30,1,31
4822552521,30,1,31
4830392379,30,2,32
4833915448,30,0,30
4836526685,30,0,30
4843389850,30,0,30
4847995936,30,5,35
4853435608,30,11,41
4854853970,30,34,64
4864767518,30,0,30
4909663939,30,1,31
697387702094839808,30,0,30
702114817960767488,30,2,32
702334244127842304,30,0,30
702683501083148288,30,0,30
702971762192023552,30,1,31
703309534039830530,30,3,33
703326863645614080,30,0,30
703421872881270784,30,0,30
704399652209233920,30,6,36
704884530734362624,30,6,36
706629696914595840,30,4,34
708890781600190464,30,0,30
709846226565406720,30,8,38
712945580734021632,30,0,30
713026548014694400,30,3,33
713214806099173376,30,1,31
713731054906044417,30,65,95
713733295859752960,30,6,36
714228500991860736,30,1,31
714530362974674944,30,1,31
714754793806426112,30,2,32
716243108862828544,30,0,30
716418247579549696,30,13,43
716734128687878144,30,14,44
716824080838762498,30,0,30
718124510902362112,30,0,30
720660111161630720,30,20,50
720749485308051456,30,1,31
721511882926895104,30,2,32
727800899813449732,30,0,30
728575684872900608,30,0,30
730039478740500480,30,0,30
733382503856242688,30,0,30
733643652216545281,30,1,31
734460737846956032,30,1,31
741056068856348673,30,1,31
741463059311398912,30,0,30
742200997016047616,30,0,30
742804733761556481,30,0,30
743042947596226560,30,0,30
743468305340563457,30,0,30
743848278643576832,30,0,30
744659136932085761,30,0,30
744717045162401793,30,4,34
746616900554231808,30,0,30
749327740306755584,30,1,31
750422736867102720,30,4,34
752663232087678976,30,5,35
752924934200975360,30,0,30
753723707604869120,30,0,30
754791686887399424,30,9,39
754844914119311360,30,0,30
755650304461398016,30,1,31
756576589178175488,30,0,30
756647373728866304,30,0,30
756971933875499008,30,5,35
757039540078993408,30,0,30
757341795063894016,30,3,33
758633230648086528,30,2,32
758863826867490816,30,1,31
759105567302389760,30,0,30
759622660271710209,30,3,33
760105555658625024,30,2,32
761398488655683585,30,1,31
761883230266134528,30,0,30
764086009927700480,30,0,30
764200366346997760,30,0,30
764942960651743232,30,33,63
765332195892428800,30,0,30
765418607404658688,30,0,30
769192599852765184,30,0,30
770415572668604416,30,0,30
771338527753773056,30,0,30
771702791668719616,30,2,32
773172956277174273,30,0,30
773721072743157764,30,2,32
774095843620032517,30,0,30
774483262693527553,30,2,32
776843875688194048,30,0,30
777420148466589696,30,2,32
777840443241402372,30,2,32
777989927397130243,30,3,33
778602647183958016,30,0,30
779788261594173440,30,0,30
781711271326605313,30,4,34
782088338455064576,30,0,30
784436080573423616,30,1,31
784885482966704128,30,0,30
786902500406358016,30,6,36
786992915331420160,30,2,32
788174438390837248,30,1,31
788426549863350272,30,3,33
788457493152268290,30,0,30
789310438450171904,30,0,30
789861908794843137,30,3,33
790346710765572096,30,1,31
791227726938066944,30,0,30
794219334247841792,30,2,32
794514838298955776,30,0,30
795377906214195205,30,0,30
797485736782131204,30,9,39
797573968903348224,30,0,30
798579983417389056,30,5,35
804105386135552000,30,0,30
4389861,29,2,31
11332012,29,30,59
14154658,29,2,31
14354402,29,1,30
16088623,29,1,30
16118453,29,1,30
17001745,29,2,31
17108735,29,0,29
17999615,29,0,29
18025987,29,0,29
18789285,29,1,30
19087036,29,0,29
19786336,29,2,31
19912400,29,1,30
20221833,29,47,76
20365254,29,0,29
20592715,29,12,41
20644194,29,0,29
20734021,29,0,29
20734137,29,4,33
21044127,29,3,32
21447013,29,1,30
21497127,29,18,47
23200445,29,0,29
23303238,29,0,29
23718007,29,5,34
23769113,29,2,31
23897285,29,4,33
24184050,29,3,32
24465244,29,0,29
24581337,29,15,44
24783855,29,1,30
24804145,29,4,33
24993882,29,0,29
25300494,29,2,31
25616958,29,0,29
25886679,29,0,29
25900060,29,2,31
26067145,29,11,40
26284625,29,4,33
27592328,29,23,52
29198219,29,1,30
30238286,29,75,104
31251948,29,34,63
32820396,29,92,121
33048690,29,1,30
33579246,29,3,32
35252397,29,1,30
36252052,29,3,32
36383937,29,1,30
36662949,29,1,30
38335908,29,1,30
39414818,29,2,31
40823404,29,1,30
42740158,29,2,31
44126879,29,1,30
45111677,29,0,29
45286378,29,11,40
45751855,29,0,29
47421452,29,157,186
47560583,29,4,33
48472776,29,1,30
48608766,29,96,125
49821852,29,1,30
51353013,29,22,51
52389827,29,0,29
52849103,29,3,32
54212757,29,0,29
56321382,29,1,30
57578032,29,1,30
59019150,29,17,46
59819790,29,0,29
61013133,29,3,32
61232244,29,0,29
64511469,29,0,29
65632975,29,1,30
69686220,29,0,29
69888855,29,0,29
70970349,29,0,29
71311025,29,2,31
73778967,29,1,30
75077990,29,0,29
78058235,29,0,29
78204783,29,41,70
80310070,29,1,30
81189820,29,2,31
82722757,29,106,135
83082117,29,0,29
85809765,29,2,31
90715655,29,1,30
99798986,29,0,29
102554917,29,1,30
107493239,29,0,29
113478472,29,0,29
115583848,29,0,29
115785635,29,0,29
119295989,29,1,30
122280146,29,0,29
123426001,29,2,31
129299681,29,0,29
130213653,29,0,29
135293244,29,0,29
142357743,29,5,34
143053356,29,2,31
146185934,29,0,29
151693972,29,1,30
163934789,29,1,30
164787959,29,2,31
165783048,29,0,29
167127478,29,0,29
167985567,29,58,87
170484423,29,5,34
172883388,29,1,30
182408576,29,1,30
186404028,29,1,30
187896600,29,0,29
193672826,29,0,29
205090086,29,0,29
206455766,29,0,29
208426234,29,0,29
210643324,29,1,30
215792580,29,50,79
216188796,29,2,31
225282844,29,0,29
236629733,29,10,39
238653938,29,0,29
241603565,29,0,29
244383132,29,0,29
244783697,29,1,30
246550812,29,0,29
247319675,29,4,33
249174256,29,0,29
252667299,29,0,29
252672508,29,5,34
257102056,29,0,29
257304118,29,11,40
259236480,29,1,30
260357180,29,1,30
261070450,29,0,29
261587783,29,0,29
264241703,29,0,29
265579433,29,0,29
271397843,29,0,29
282578001,29,1,30
295018023,29,6,35
307154654,29,1,30
317041794,29,1,30
321451391,29,1,30
322074102,29,5,34
329149337,29,0,29
337913586,29,0,29
338207832,29,1,30
343062801,29,0,29
344687656,29,67,96
348541378,29,5,34
350018443,29,1,30
354029529,29,16,45
354662997,29,0,29
355658756,29,1,30
356640391,29,1,30
358756624,29,34,63
360270732,29,0,29
362774363,29,5,34
366403007,29,1,30
369571434,29,2,31
369769679,29,0,29
370249230,29,21,50
373188333,29,0,29
374052792,29,0,29
374426962,29,2,31
375795665,29,3,32
376004201,29,2,31
383064409,29,2,31
389853513,29,0,29
395961945,29,0,29
410056274,29,66,95
410073869,29,3,32
412900191,29,0,29
413347462,29,2,31
416452162,29,0,29
419429445,29,0,29
449825496,29,1,30
450909346,29,1,30
452200701,29,1,30
472334928,29,1,30
478046581,29,0,29
482264528,29,2,31
485227016,29,2,31
488706702,29,26,55
489938054,29,0,29
493233377,29,1,30
496241794,29,4,33
500191750,29,1,30
517998358,29,1,30
518032499,29,0,29
524724189,29,2,31
529780833,29,0,29
530906381,29,0,29
531861596,29,0,29
543173625,29,0,29
544121184,29,0,29
545477814,29,6,35
546537304,29,1,30
549226241,29,6,35
561589946,29,2,31
565780879,29,0,29
566215695,29,0,29
577419772,29,0,29
582202048,29,1,30
583053128,29,23,52
583479126,29,2,31
591036434,29,0,29
591161523,29,1,30
593513239,29,37,66
595843976,29,1,30
601019861,29,0,29
606374313,29,0,29
608328568,29,3,32
618561429,29,1,30
618800638,29,0,29
707089945,29,1,30
710518998,29,9,38
716690881,29,0,29
719670127,29,0,29
720201626,29,0,29
726459679,29,0,29
741071292,29,0,29
755031012,29,2,31
756418506,29,1,30
763588974,29,2,31
765103513,29,1,30
802800517,29,1,30
808000502,29,4,33
809264905,29,0,29
820820455,29,4,33
846068634,29,0,29
867908994,29,0,29
879101749,29,0,29
885873505,29,2,31
886912231,29,1,30
887734345,29,2,31
889980282,29,5,34
890017790,29,0,29
893424193,29,0,29
900670338,29,2,31
902026446,29,0,29
905457379,29,9,38
908242453,29,2,31
925696418,29,2,31
932756239,29,7,36
935457662,29,1,30
936076370,29,0,29
959405664,29,1,30
971113837,29,0,29
979826190,29,1,30
991819500,29,0,29
993751938,29,3,32
999505526,29,0,29
1007288292,29,2,31
1010242938,29,45,74
1020987296,29,2,31
1046130326,29,0,29
1059439951,29,0,29
1077941046,29,59,88
1119922741,29,0,29
1120710696,29,2,31
1153638055,29,0,29
1180138560,29,0,29
1198586353,29,0,29
1216394977,29,1,30
1240094562,29,2,31
1242530948,29,15,44
1252462039,29,1,30
1259777808,29,0,29
1308859460,29,0,29
1311691297,29,1,30
1346841865,29,2,31
1372235592,29,5,34
1376628199,29,1,30
1391147497,29,1,30
1396364528,29,1,30
1426366417,29,4,33
1448600947,29,1,30
1475614704,29,0,29
1498054537,29,0,29
1508256306,29,3,32
1522701391,29,2,31
1549646784,29,2,31
1552758084,29,2,31
1578462980,29,1,30
1588522664,29,13,42
1597398924,29,3,32
1611092930,29,1,30
1621772646,29,0,29
1631012478,29,1,30
1636504729,29,18,47
1641587688,29,15,44
1665989184,29,0,29
1697601812,29,4,33
1731218809,29,0,29
1850238841,29,1,30
1898323730,29,2,31
1939374470,29,2,31
2172769033,29,0,29
2173429307,29,0,29
2229667098,29,8,37
2251214227,29,0,29
2256051936,29,0,29
2259313549,29,2,31
2259628106,29,2,31
2260916852,29,0,29
2266237447,29,0,29
2282764988,29,3,32
2282901638,29,2,31
2286053444,29,25,54
2293741730,29,0,29
2296825206,29,8,37
2312876293,29,2,31
2347600854,29,1,30
2351834171,29,0,29
2352747468,29,2,31
2354290194,29,1,30
2354351132,29,0,29
2354603203,29,0,29
2367863310,29,44,73
2397417427,29,1,30
2409731749,29,0,29
2415763000,29,20,49
2452941261,29,0,29
2472900414,29,0,29
2491517276,29,2,31
2494331432,29,1,30
2577407858,29,2,31
2607290564,29,3,32
2614590522,29,3,32
2615426114,29,1,30
2616022205,29,2,31
2660660057,29,2,31
2671637985,29,0,29
2678546629,29,0,29
2693483792,29,0,29
2696614196,29,6,35
2716009550,29,0,29
2732944034,29,23,52
2742875619,29,0,29
2744499831,29,3,32
2745750277,29,2,31
2757448826,29,0,29
2761689456,29,0,29
2776359793,29,0,29
2779491677,29,0,29
2780772424,29,0,29
2786538098,29,12,41
2793210591,29,1,30
2794918633,29,29,58
2795346754,29,0,29
2809494898,29,0,29
2829709110,29,0,29
2832448102,29,1,30
2837699769,29,0,29
2838885389,29,18,47
2845139661,29,4,33
2845682873,29,0,29
2851424382,29,3,32
2855057905,29,2,31
2867012530,29,4,33
2888159474,29,0,29
2898661221,29,0,29
2906655619,29,1,30
2906686150,29,1,30
2911665405,29,0,29
2917819983,29,0,29
2921540254,29,1,30
2954149923,29,0,29
2954177062,29,0,29
2968336179,29,0,29
2975241365,29,0,29
2996041481,29,1,30
3001089752,29,0,29
3001955970,29,1,30
3003856807,29,4,33
3023555720,29,0,29
3025313319,29,11,40
3031516391,29,42,71
3041601060,29,2,31
3074740384,29,5,34
3092210625,29,0,29
3172329278,29,1,30
3221612144,29,0,29
3221793170,29,0,29
3231124062,29,0,29
3249128817,29,0,29
3249532906,29,4,33
3252846136,29,0,29
3268368296,29,1,30
3281923249,29,1,30
3285693535,29,6,35
3300707338,29,3,32
3309060937,29,3,32
3343313111,29,0,29
3346028595,29,2,31
3370854327,29,1,30
3374686642,29,0,29
3375750819,29,0,29
3389994447,29,1,30
3400340842,29,0,29
3405485447,29,0,29
3411657459,29,1,30
3417930154,29,53,82
3420848757,29,10,39
3421521977,29,1,30
3428467521,29,0,29
3439063247,29,5,34
3439151479,29,0,29
3441370463,29,8,37
3496480695,29,2,31
3513982827,29,0,29
3519570797,29,0,29
3562670235,29,1,30
3589220899,29,36,65
3640665857,29,0,29
3685449739,29,6,35
3706930099,29,1,30
3709245494,29,5,34
3717104297,29,0,29
3731667975,29,4,33
3827212293,29,0,29
3844486840,29,3,32
3884024652,29,1,30
3987964414,29,0,29
4016226980,29,2,31
4040545096,29,0,29
4068291741,29,26,55
4252846115,29,0,29
4345685308,29,3,32
4375193021,29,2,31
4389029254,29,2,31
4399000953,29,1,30
4463109927,29,0,29
4479753433,29,3,32
4507257257,29,0,29
4530247278,29,0,29
4663876474,29,0,29
4680225427,29,2,31
4690701944,29,5,34
4731209658,29,3,32
4760000560,29,6,35
4827414799,29,0,29
4831347854,29,7,36
4854560182,29,1,30
4858582215,29,1,30
4862020418,29,1,30
4872514721,29,1,30
4872545033,29,4,33
4885459213,29,4,33
4888504990,29,1,30
4890632512,29,1,30
4893041892,29,1,30
4900835503,29,0,29
4902230948,29,9,38
4904124102,29,2,31
697624523915460608,29,15,44
701097198814150656,29,1,30
702150083727339520,29,10,39
702336786505203712,29,0,29
702359085501587456,29,4,33
704523480755249152,29,2,31
704817841787183104,29,1,30
706319484152369152,29,0,29
706862762979237888,29,2,31
706871180821553152,29,0,29
707730595091066881,29,0,29
710110798626947073,29,78,107
710723351090626560,29,2,31
710833727958597632,29,1,30
711680198622621696,29,10,39
712318816940892161,29,0,29
712512516568576001,29,0,29
713204456419004416,29,2,31
713854330181328896,29,0,29
713903848914464768,29,1,30
714289549908832256,29,6,35
714616876131692548,29,0,29
715032913365057536,29,0,29
715354673553805313,29,2,31
716835652701007873,29,2,31
717338356590321664,29,2,31
718581452837953540,29,0,29
719207572306145280,29,3,32
720788088314695680,29,2,31
722586461292220416,29,1,30
722937227454447616,29,0,29
723193361817948160,29,4,33
724014785516310528,29,6,35
724875505057550336,29,20,49
725027888114876416,29,1,30
727292045962936320,29,9,38
727998336029085697,29,0,29
728172121877184512,29,1,30
728261214132838400,29,0,29
730119974413545472,29,1,30
731256759117996032,29,204,233
732027968206184449,29,1,30
732357632665604102,29,3,32
733120668968058880,29,0,29
735111338754592768,29,2,31
737207020009476096,29,0,29
738569655866908672,29,2,31
738684768246587392,29,7,36
740532661702234112,29,0,29
741162512893239296,29,0,29
742043212144095232,29,0,29
742374319506984960,29,0,29
742456129419116544,29,3,32
742836029665730561,29,0,29
742881584773246976,29,2,31
743222063683371008,29,18,47
743243705046425600,29,0,29
744269116673003520,29,0,29
745346531469852673,29,4,33
745830283828666373,29,0,29
747198762041348096,29,0,29
747853121632641025,29,1,30
748165651345334272,29,9,38
748786742388404225,29,1,30
748950183904354306,29,0,29
749114034532675584,29,0,29
749677194813681664,29,3,32
750404428172103680,29,1,30
751306504439992320,29,1,30
752216933630676992,29,1,30
753671060323655680,29,0,29
754514983099047936,29,0,29
754770601647243264,29,2,31
755837922247454720,29,3,32
756922395437375489,29,0,29
757286809432891393,29,3,32
758205182106894336,29,1,30
758435161008594944,29,2,31
758618301434105856,29,0,29
758806545819848705,29,0,29
759389445355220993,29,7,36
759405053253939200,29,5,34
759432833983246340,29,1,30
759876493304483840,29,1,30
760499502771998720,29,2,31
761062103880830977,29,0,29
761789169676918784,29,2,31
762307250794799104,29,0,29
762347611693219840,29,0,29
762685737393393664,29,2,31
764858163258462208,29,5,34
765406239236902913,29,0,29
766697167998160897,29,2,31
766776577942138881,29,0,29
768331451649495040,29,0,29
768899554880032768,29,7,36
769622989323112448,29,0,29
770039507307622401,29,0,29
774407190660591616,29,0,29
774835929856999424,29,3,32
776116785364013056,29,0,29
777495478678282241,29,2,31
779122026824933379,29,1,30
780543746911776772,29,0,29
781324419943829504,29,2,31
786911784045256704,29,0,29
788563350959513603,29,0,29
788572741142126592,29,0,29
788931198030491650,29,1,30
789494653183664128,29,1,30
791350179844788224,29,0,29
793930714295234560,29,0,29
794952683400491008,29,3,32
10796522,28,119,147
15293354,28,3,31
15501181,28,0,28
15722134,28,0,28
16145570,28,5,33
16245688,28,6,34
16256826,28,73,101
16370335,28,2,30
16623813,28,17,45
17135404,28,1,29
17268641,28,0,28
17546315,28,0,28
17595705,28,24,52
18025295,28,103,131
18707909,28,3,31
21238575,28,174,202
21728125,28,1,29
22176444,28,87,115
22253744,28,3,31
23277531,28,7,35
23286054,28,0,28
23634082,28,0,28
23921425,28,3,31
24060128,28,1,29
24798770,28,0,28
25427075,28,19,47
25460386,28,19,47
25974530,28,0,28
26246387,28,0,28
26869660,28,2,30
27482561,28,6,34
27502789,28,3,31
27503607,28,1,29
27711663,28,0,28
27894838,28,1,29
28089206,28,3,31
28538480,28,13,41
28540576,28,10,38
29300132,28,2,30
30700790,28,0,28
30925817,28,2,30
31603074,28,20,48
31771801,28,0,28
32861990,28,1,29
32883227,28,0,28
33882566,28,0,28
34537611,28,3,31
35046064,28,3,31
35715964,28,1,29
36151349,28,0,28
36377711,28,4,32
36700664,28,14,42
36912112,28,2,30
37413356,28,4,32
37467514,28,0,28
38918603,28,1,29
39503152,28,0,28
41860721,28,4,32
42625888,28,2,30
44034144,28,0,28
45183629,28,3,31
45685606,28,24,52
45993561,28,1,29
49011683,28,0,28
49258789,28,0,28
49377137,28,3,31
50020504,28,1,29
50940086,28,3,31
52544617,28,1,29
52691060,28,0,28
53531637,28,5,33
54036451,28,1,29
55921325,28,0,28
56528998,28,0,28
59908541,28,0,28
60074423,28,2,30
63981951,28,1,29
64091925,28,0,28
64432312,28,3,31
69060179,28,0,28
76694973,28,1,29
77233634,28,0,28
79308896,28,0,28
80219513,28,0,28
81102122,28,1,29
83145937,28,2,30
84183328,28,8,36
84784706,28,1,29
85729788,28,92,120
85764846,28,0,28
87983269,28,18,46
89505480,28,1,29
90190851,28,1,29
91702501,28,3,31
91997913,28,0,28
92378358,28,0,28
92643660,28,3,31
93496023,28,0,28
95926972,28,6,34
104911583,28,1,29
105914164,28,122,150
106814808,28,40,68
110350272,28,0,28
111622904,28,0,28
112604113,28,2,30
116344653,28,1,29
118828087,28,3,31
124275991,28,0,28
130274802,28,0,28
134691641,28,1,29
135052785,28,0,28
155706357,28,0,28
167512844,28,1,29
170282236,28,2,30
171961219,28,4,32
176065392,28,0,28
176406752,28,2,30
182265955,28,4,32
187465681,28,1,29
191307274,28,1,29
214280711,28,0,28
219889123,28,0,28
220181900,28,1,29
220478007,28,0,28
222959565,28,2,30
226376376,28,0,28
235662557,28,0,28
237861624,28,0,28
240076272,28,0,28
256167506,28,2,30
257079509,28,1,29
258193694,28,1,29
259568690,28,0,28
261266404,28,3,31
261492615,28,2,30
262775854,28,6,34
263850628,28,1,29
264265349,28,57,85
264308201,28,0,28
266816841,28,6,34
266820951,28,0,28
267122769,28,0,28
271878957,28,2,30
274270807,28,2,30
274584425,28,1,29
276822827,28,0,28
277605714,28,4,32
283680660,28,1,29
287377410,28,2,30
287684453,28,3,31
291524500,28,3,31
293613793,28,1,29
299947438,28,1,29
302250603,28,1,29
304340078,28,8,36
308524859,28,0,28
308701309,28,1,29
326834999,28,1,29
330554495,28,0,28
336328667,28,0,28
341601545,28,0,28
347411113,28,3,31
349112124,28,2,30
349123601,28,1,29
359380972,28,0,28
360166584,28,0,28
360386911,28,0,28
360406171,28,2,30
365259831,28,30,58
370874475,28,0,28
372246345,28,3,31
374647891,28,0,28
378525804,28,1,29
378615551,28,0,28
380735071,28,0,28
390148968,28,1,29
393051126,28,5,33
401090263,28,51,79
408949398,28,0,28
414819212,28,2,30
415862154,28,0,28
416314524,28,0,28
418106794,28,1,29
420434832,28,0,28
428650847,28,3,31
431591422,28,2,30
433812769,28,3,31
438925106,28,1,29
443858973,28,4,32
453144804,28,14,42
456010061,28,0,28
466135190,28,1,29
466159804,28,0,28
468775243,28,2,30
472192584,28,0,28
479604138,28,0,28
483330559,28,14,42
485802652,28,1,29
494758799,28,0,28
516058615,28,0,28
516947063,28,4,32
527794687,28,2,30
531177374,28,0,28
531887269,28,5,33
533366813,28,3,31
534865721,28,1,29
547374726,28,0,28
560427054,28,1,29
564823429,28,0,28
565551550,28,2,30
576215318,28,32,60
584711715,28,0,28
587603306,28,1,29
590548511,28,2,30
591137993,28,1,29
592027120,28,8,36
604108965,28,1,29
609742172,28,0,28
612926516,28,3,31
619712282,28,5,33
627498975,28,0,28
627778780,28,1,29
629963553,28,4,32
637211551,28,1,29
713544404,28,1,29
720849914,28,1,29
733860786,28,2,30
762922969,28,1,29
789565747,28,0,28
792376735,28,0,28
795189212,28,0,28
799179380,28,0,28
806054906,28,11,39
809937938,28,40,68
855810870,28,0,28
860529242,28,0,28
860633640,28,3,31
860703266,28,7,35
863108198,28,0,28
863140584,28,1,29
874486416,28,0,28
874647294,28,3,31
886003284,28,1,29
898728732,28,14,42
899552364,28,0,28
900692305,28,0,28
904806890,28,3,31
911296592,28,1,29
919225968,28,1,29
939993330,28,3,31
945163508,28,0,28
956336772,28,1,29
960407670,28,0,28
960959850,28,1,29
961708938,28,0,28
965175332,28,0,28
968462576,28,47,75
980677158,28,2,30
988930274,28,0,28
1006223461,28,1,29
1009586215,28,0,28
1013547847,28,5,33
1018411010,28,0,28
1018852788,28,0,28
1024508293,28,3,31
1026625958,28,1,29
1048676918,28,0,28
1075666621,28,3,31
1097173861,28,1,29
1109717125,28,0,28
1109948761,28,0,28
1135766310,28,0,28
1136183546,28,1,29
1152537608,28,1,29
1173783175,28,0,28
1188313718,28,1,29
1194481567,28,3,31
1194489445,28,2,30
1250525803,28,1,29
1270821780,28,3,31
1355879684,28,1,29
1411570177,28,1,29
1422241538,28,93,121
1426219171,28,2,30
1434197689,28,0,28
1448900724,28,0,28
1483144573,28,0,28
1525123428,28,0,28
1549619689,28,1,29
1551661933,28,0,28
1554242034,28,0,28
1573489183,28,14,42
1591958660,28,4,32
1602462715,28,1,29
1623946224,28,128,156
1645492662,28,0,28
1646350188,28,2,30
1666276608,28,3,31
1676526090,28,1,29
1695275784,28,4,32
1715873324,28,0,28
1716790891,28,5,33
1717472930,28,0,28
1861366094,28,1,29
1880936238,28,2,30
1888576038,28,2,30
1897239480,28,213,241
1902324499,28,0,28
1919572561,28,0,28
1925008657,28,24,52
1934235469,28,3,31
1961011867,28,6,34
2167614493,28,1,29
2172271177,28,0,28
2182388115,28,0,28
2190334998,28,85,113
2194980390,28,0,28
2206912764,28,1,29
2241227238,28,0,28
2247523105,28,0,28
2257115702,28,0,28
2280915056,28,2,30
2323408049,28,0,28
2327489498,28,0,28
2330478312,28,4,32
2365960436,28,6,34
2366191117,28,0,28
2377725654,28,6,34
2378211719,28,0,28
2380248444,28,1,29
2381090153,28,0,28
2393904024,28,0,28
2398307725,28,1,29
2421573058,28,0,28
2449541426,28,1,29
2471124091,28,3,31
2477520062,28,0,28
2477973888,28,1,29
2484687302,28,0,28
2489678468,28,9,37
2501646657,28,2,30
2502374664,28,0,28
2530238334,28,1,29
2534846484,28,2,30
2557001794,28,0,28
2568214243,28,1,29
2612497135,28,0,28
2660858287,28,3,31
2670891362,28,1,29
2685305707,28,1,29
2686498352,28,0,28
2707013208,28,7,35
2718033174,28,0,28
2718347636,28,5,33
2758909685,28,0,28
2772269179,28,2,30
2781642025,28,0,28
2815001012,28,2,30
2841124905,28,0,28
2875293499,28,1,29
2876187492,28,0,28
2876262085,28,1,29
2880950984,28,3,31
2889580492,28,3,31
2893105286,28,2,30
2898273472,28,3,31
2900089822,28,3,31
2907677723,28,2,30
2916042097,28,2,30
2924171436,28,4,32
2926422877,28,14,42
2941503296,28,6,34
2942723847,28,1,29
2953815043,28,1,29
2957319204,28,1,29
2957862936,28,0,28
2992098261,28,0,28
2992942526,28,0,28
2994986252,28,2,30
3010348122,28,2,30
3015643258,28,0,28
3040629041,28,0,28
3045309160,28,0,28
3050749924,28,1,29
3058173341,28,1,29
3063458561,28,0,28
3129173873,28,0,28
3129950010,28,3,31
3152149212,28,1,29
3160755637,28,0,28
3162938935,28,0,28
3167133651,28,0,28
3167787682,28,1,29
3191320373,28,0,28
3195562285,28,0,28
3198505583,28,1,29
3218856866,28,1,29
3222286221,28,35,63
3247172676,28,2,30
3261301581,28,2,30
3280018782,28,0,28
3285503460,28,41,69
3296374777,28,0,28
3302080368,28,0,28
3306653178,28,2,30
3308015671,28,1,29
3310460813,28,0,28
3321608545,28,1,29
3324009111,28,2,30
3325526691,28,49,77
3338998989,28,1,29
3350791899,28,0,28
3354391834,28,9,37
3355967475,28,1,29
3360665687,28,0,28
3361775416,28,0,28
3369487119,28,0,28
3372690887,28,2,30
3374985201,28,0,28
3386242443,28,2,30
3405633784,28,0,28
3411313300,28,2,30
3417271510,28,0,28
3432319258,28,0,28
3437290984,28,7,35
3482577855,28,1,29
3535372707,28,0,28
3584223502,28,1,29
3603903382,28,43,71
3608616616,28,1,29
3655555695,28,2,30
3678961213,28,0,28
3692502683,28,0,28
3708823576,28,4,32
3751733963,28,0,28
3752307856,28,1,29
3794736614,28,0,28
3955288893,28,1,29
3962359768,28,1,29
3997189576,28,1,29
4007921186,28,3,31
4053486254,28,2,30
4068969256,28,3,31
4085864957,28,3,31
4120521808,28,0,28
4120788040,28,7,35
4180736069,28,38,66
4188671596,28,0,28
4190671941,28,1,29
4194981732,28,4,32
4201269555,28,1,29
4253240716,28,2,30
4286853023,28,3,31
4309360395,28,3,31
4400389162,28,0,28
4411413941,28,0,28
4420888095,28,0,28
4517420427,28,1,29
4546627221,28,0,28
4568453987,28,0,28
4588548075,28,1,29
4664372353,28,8,36
4669997558,28,0,28
4693274185,28,2,30
4709569894,28,0,28
4757624958,28,1,29
4779807799,28,0,28
4784793518,28,4,32
4786850497,28,1,29
4786972094,28,0,28
4796707521,28,1,29
4842923147,28,5,33
4843267216,28,1,29
4851844111,28,2,30
4857142363,28,0,28
4864844152,28,0,28
4869461704,28,0,28
4869863960,28,3,31
4873507006,28,0,28
4893667468,28,2,30
4906366823,28,1,29
4913986767,28,1,29
4914405634,28,0,28
4916429928,28,2,30
4921965911,28,1,29
702555452899467264,28,0,28
703013994781474816,28,0,28
703095412652011521,28,4,32
703166917503164416,28,0,28
703362216477655040,28,2,30
705590214157271040,28,0,28
707077738620780544,28,13,41
708492825302687744,28,3,31
708560981060784128,28,0,28
708723150679314432,28,0,28
709218170473717760,28,0,28
709531491961692160,28,1,29
710141541440851970,28,1,29
710686577702273024,28,13,41
710738910725275648,28,2,30
712391107439665152,28,0,28
713148360459481088,28,0,28
713274665989353472,28,1,29
713710583703584768,28,0,28
714475233420382209,28,43,71
715972567807303680,28,1,29
716598967962898432,28,0,28
717838876182581248,28,0,28
718214940251840512,28,0,28
718855997914279937,28,0,28
720219959998201856,28,0,28
721421306852298752,28,1,29
723604409922531328,28,1,29
724480230241361920,28,0,28
728268268482355200,28,2,30
728737219649802240,28,4,32
728760171686584320,28,8,36
728789019614580736,28,2,30
729309883741315074,28,2,30
729684719399395331,28,8,36
730540191782457344,28,3,31
731980507894833156,28,0,28
732144057598812160,28,1,29
732736080311635968,28,24,52
736253548866863105,28,1,29
736468620201463808,28,18,46
736616731154731009,28,0,28
736920747403321344,28,0,28
737768072258412544,28,3,31
738875422876827648,28,3,31
740647204784906240,28,1,29
740696336572416000,28,0,28
741013154608484352,28,7,35
741715557334949888,28,1,29
742076049618538496,28,1,29
742468442595463168,28,3,31
743771049142198272,28,0,28
744503122865717248,28,4,32
745332318265544704,28,2,30
747861126575067137,28,1,29
749360135856746496,28,1,29
750362236326072320,28,0,28
751309993375391744,28,2,30
751480450493714432,28,9,37
751604104212934656,28,0,28
754423028163936257,28,0,28
756613576442408961,28,0,28
757331201841475584,28,1,29
757585894316453888,28,0,28
757770815664369664,28,0,28
757771068107022336,28,2,30
758076297876602880,28,2,30
758440723884695552,28,0,28
758564817795817472,28,3,31
759182214441512960,28,0,28
759239515793985538,28,1,29
759981838425292800,28,0,28
760163220296466432,28,1,29
761379422146531328,28,1,29
761467015362072576,28,0,28
761469154813554692,28,6,34
762747482392498176,28,0,28
763399037412319232,28,0,28
763591935806148608,28,0,28
765027984709332992,28,0,28
765753847428120576,28,1,29
766381167184609280,28,0,28
767164027126505472,28,0,28
768877488113975297,28,0,28
770441175903801344,28,2,30
771817051828523008,28,0,28
772162036386193412,28,1,29
774714745064656896,28,0,28
776545690679971840,28,1,29
778773256241242112,28,0,28
779111726390185984,28,1,29
779515151477186560,28,0,28
780461239579336704,28,0,28
781337906094874624,28,1,29
782800010446602240,28,1,29
783489144999796736,28,0,28
783492978937565184,28,2,30
783504755846967296,28,0,28
783695717281988608,28,0,28
784587132069371904,28,5,33
785072040101441536,28,0,28
785317138261127170,28,0,28
786093031321731072,28,1,29
786680466376097792,28,2,30
786754435221291008,28,0,28
787751973533708288,28,1,29
787782266902618113,28,0,28
789102751795912704,28,0,28
790302215579639808,28,2,30
791294413360144386,28,5,33
792138228312571904,28,0,28
796047420165603328,28,1,29
796630392858177536,28,1,29
797249915646668800,28,0,28
12146652,27,117,144
14102830,27,0,27
14382003,27,1,28
14640904,27,3,30
14933230,27,1,28
15294551,27,96,123
15350894,27,5,32
15589520,27,0,27
16008055,27,0,27
16073596,27,12,39
16672802,27,0,27
16789028,27,1,28
16980327,27,4,31
17179729,27,0,27
17580047,27,1,28
17886038,27,0,27
18006752,27,37,64
18109764,27,0,27
18183341,27,0,27
18536597,27,0,27
19130431,27,0,27
19368455,27,37,64
21266998,27,58,85
21622781,27,1,28
22090051,27,0,27
22230837,27,17,44
22623064,27,1,28
23457271,27,1,28
23681268,27,5,32
23866855,27,39,66
23948939,27,4,31
24402471,27,3,30
25519387,27,0,27
25862769,27,0,27
26227614,27,3,30
26287303,27,1,28
26486485,27,0,27
27503295,27,5,32
27948914,27,0,27
28067087,27,1,28
28180607,27,0,27
29355945,27,0,27
30508936,27,19,46
31257236,27,0,27
31366271,27,0,27
33155165,27,6,33
33224816,27,0,27
35251215,27,10,37
35787028,27,2,29
36053459,27,9,36
36079719,27,0,27
36206194,27,0,27
37119143,27,4,31
38017472,27,6,33
38027424,27,0,27
38288399,27,7,34
38415895,27,6,33
38889717,27,0,27
39761721,27,0,27
40585077,27,2,29
40616386,27,0,27
40804500,27,0,27
42330331,27,0,27
43343466,27,0,27
43741078,27,1,28
44973626,27,1,28
45388420,27,8,35
45741687,27,1,28
47968287,27,58,85
49087476,27,0,27
49431990,27,1,28
51316600,27,3,30
52050137,27,0,27
54429124,27,1,28
54694077,27,3,30
55084134,27,0,27
58167998,27,1,28
59709743,27,1,28
60245162,27,2,29
60668078,27,1,28
61528025,27,2,29
62484834,27,1,28
62617728,27,2,29
63263764,27,36,63
65820260,27,4,31
67786142,27,0,27
68892218,27,2,29
69051632,27,1,28
70558871,27,3,30
70991572,27,0,27
71026275,27,1,28
72640894,27,0,27
72646719,27,5,32
74900991,27,1,28
77428290,27,0,27
77674335,27,2,29
77749735,27,0,27
78689495,27,0,27
84192400,27,1,28
86158601,27,9,36
88950571,27,0,27
91197186,27,3,30
92046806,27,0,27
102956304,27,0,27
104944305,27,2,29
108410407,27,16,43
113869410,27,1,28
114345786,27,1,28
114599695,27,0,27
125739736,27,1,28
128318585,27,2,29
129739645,27,1,28
130955341,27,0,27
135119602,27,0,27
138943087,27,1,28
143532744,27,2,29
145300545,27,0,27
146434618,27,2,29
155856531,27,3,30
157924147,27,0,27
158270604,27,0,27
160260616,27,0,27
161878136,27,0,27
163340416,27,1,28
175127426,27,0,27
176841121,27,0,27
177126106,27,2,29
177789597,27,0,27
180212590,27,0,27
184463503,27,0,27
193998603,27,13,40
194521859,27,15,42
195309263,27,1,28
197208738,27,1,28
200188892,27,0,27
201204167,27,0,27
206522478,27,1,28
212569651,27,0,27
213038249,27,7,34
218005880,27,1,28
222377795,27,4,31
223666042,27,2,29
235614474,27,1,28
237627069,27,0,27
244190283,27,1,28
248024430,27,11,38
257137215,27,3,30
259935332,27,0,27
263962759,27,2,29
264593922,27,2,29
265084821,27,4,31
268919988,27,2,29
269542029,27,1,28
270327100,27,1,28
272150198,27,3,30
273599427,27,15,42
280714445,27,1,28
281118242,27,2,29
285048452,27,3,30
285489489,27,1,28
288341428,27,0,27
291526015,27,2,29
296576610,27,2,29
296689970,27,134,161
301528453,27,2,29
314718559,27,0,27
315895544,27,1,28
316826448,27,8,35
318114180,27,2,29
323938202,27,28,55
327034642,27,0,27
333075722,27,0,27
333623100,27,0,27
335348476,27,0,27
336868319,27,1,28
343576924,27,1,28
343779402,27,1,28
355471161,27,0,27
360860719,27,0,27
369104872,27,2,29
378270693,27,7,34
381234311,27,2,29
383546124,27,0,27
383922702,27,0,27
385102600,27,0,27
385292192,27,23,50
386261924,27,1,28
386988527,27,0,27
390910877,27,20,47
391837240,27,0,27
398065475,27,1,28
403774018,27,1,28
405726861,27,5,32
408261686,27,3,30
416658756,27,0,27
417436290,27,0,27
419217206,27,0,27
420632480,27,0,27
421611727,27,1,28
426257553,27,1,28
428386574,27,1,28
430242977,27,1,28
449279042,27,0,27
449297593,27,2,29
457754229,27,1,28
460577661,27,16,43
460922503,27,0,27
466123593,27,0,27
472280781,27,1,28
477223529,27,1,28
478139796,27,0,27
478779243,27,7,34
481431094,27,1,28
483947271,27,0,27
484229824,27,0,27
488246163,27,1,28
491446583,27,2,29
501703032,27,1,28
504884281,27,1,28
509246038,27,0,27
529776638,27,0,27
533616394,27,1,28
533712415,27,1,28
537249424,27,3,30
539406133,27,0,27
539586889,27,3,30
544417880,27,1,28
556598797,27,1,28
560439023,27,1,28
564612626,27,46,73
571302883,27,0,27
577670568,27,0,27
583117972,27,200,227
584332361,27,0,27
588568778,27,0,27
599813808,27,0,27
616253221,27,3,30
617442211,27,1,28
622656101,27,2,29
626993302,27,1,28
634653428,27,1,28
635042082,27,0,27
703977055,27,0,27
707718853,27,2,29
718628982,27,2,29
723419556,27,2,29
723484982,27,0,27
731889331,27,1,28
733174519,27,0,27
734953902,27,1,28
737503514,27,1,28
741559212,27,2,29
778249376,27,2,29
785097534,27,0,27
795680612,27,1,28
828031543,27,1,28
834368840,27,0,27
842358253,27,0,27
844551222,27,0,27
845719214,27,1,28
859066843,27,0,27
879086671,27,0,27
880212104,27,1,28
886193449,27,2,29
893856362,27,5,32
911656490,27,1,28
915594294,27,0,27
933499596,27,10,37
933638226,27,24,51
935962824,27,0,27
944302712,27,1,28
948862650,27,2,29
951008132,27,4,31
980074483,27,0,27
1000495650,27,0,27
1006669717,27,5,32
1023381835,27,3,30
1038807607,27,2,29
1056733165,27,1,28
1060914175,27,15,42
1072596854,27,3,30
1077894253,27,1,28
1105525076,27,2,29
1114205983,27,0,27
1126806397,27,5,32
1132574724,27,3,30
1141290451,27,1,28
1147389702,27,0,27
1163194243,27,0,27
1171311098,27,4,31
1173375464,27,0,27
1206461976,27,0,27
1224879644,27,0,27
1228600591,27,0,27
1235699436,27,0,27
1248879590,27,0,27
1252571708,27,4,31
1268438574,27,1,28
1270365588,27,3,30
1281870092,27,0,27
1289677170,27,1,28
1322458364,27,1,28
1338071226,27,0,27
1370179141,27,0,27
1375182300,27,0,27
1380642218,27,0,27
1388832054,27,2,29
1415736788,27,0,27
1425492876,27,1,28
1468070952,27,0,27
1511704177,27,2,29
1514067583,27,26,53
1558894586,27,0,27
1566921122,27,21,48
1598061848,27,0,27
1605390901,27,9,36
1607353381,27,1,28
1618546020,27,2,29
1627003320,27,1,28
1650207420,27,85,112
1662779209,27,1,28
1675245090,27,1,28
1699588867,27,1,28
1707990578,27,1,28
1708595209,27,1,28
1928003306,27,67,94
1954611157,27,1,28
1963333646,27,4,31
1964701855,27,5,32
2149211726,27,0,27
2153165539,27,0,27
2157536322,27,3,30
2186440241,27,0,27
2191516176,27,58,85
2194393136,27,0,27
2203864672,27,0,27
2208155130,27,3,30
2210785530,27,0,27
2236728919,27,0,27
2245893757,27,0,27
2247089962,27,0,27
2279146838,27,3,30
2279856378,27,2,29
2285705570,27,0,27
2292985338,27,3,30
2326907673,27,1,28
2328752058,27,1,28
2344344060,27,1,28
2352034502,27,0,27
2361492889,27,32,59
2362074535,27,7,34
2363491255,27,4,31
2383997634,27,2,29
2386773386,27,0,27
2387456798,27,1,28
2402545362,27,1,28
2409733933,27,0,27
2424612050,27,1,28
2453750406,27,7,34
2471629956,27,134,161
2480449009,27,0,27
2488283983,27,0,27
2491677565,27,1,28
2495637565,27,53,80
2515531737,27,1,28
2517934204,27,0,27
2529006980,27,2,29
2535329815,27,0,27
2541846630,27,1,28
2561732154,27,0,27
2573215164,27,1,28
2605567669,27,1,28
2611985836,27,0,27
2647447129,27,1,28
2648623689,27,0,27
2651310065,27,1,28
2663033660,27,0,27
2686761836,27,3,30
2697051646,27,2,29
2725984264,27,3,30
2733167334,27,3,30
2741840265,27,1,28
2746644052,27,86,113
2757379478,27,4,31
2775294374,27,14,41
2786470997,27,2,29
2793066487,27,4,31
2805752907,27,0,27
2821395222,27,0,27
2835673912,27,1,28
2837730250,27,2,29
2849120455,27,3,30
2870218359,27,1,28
2883728066,27,1,28
2892332825,27,2,29
2896232636,27,2,29
2900571793,27,1,28
2906153937,27,0,27
2909467906,27,7,34
2919642347,27,2,29
2920159280,27,0,27
2922889499,27,0,27
2923596620,27,3,30
2926034424,27,0,27
2938370841,27,1,28
2940707102,27,14,41
2946968159,27,0,27
2955544497,27,3,30
2964300550,27,1,28
2965188131,27,0,27
2979342909,27,4,31
3005175598,27,0,27
3012905111,27,0,27
3018593496,27,0,27
3018627712,27,4,31
3054219378,27,7,34
3073538623,27,0,27
3089155533,27,0,27
3101869670,27,1,28
3123766732,27,0,27
3152610704,27,1,28
3187006614,27,6,33
3187797233,27,0,27
3191478638,27,3,30
3223739808,27,0,27
3234094376,27,18,45
3239494151,27,6,33
3240178021,27,0,27
3247816152,27,3,30
3261795973,27,3,30
3267571482,27,0,27
3271901318,27,2,29
3285311196,27,4,31
3288512762,27,2,29
3295009275,27,2,29
3302298378,27,0,27
3302760739,27,3,30
3308751358,27,0,27
3309861414,27,1,28
3311051301,27,2,29
3313966759,27,0,27
3316268159,27,0,27
3319032004,27,1,28
3323835137,27,6,33
3372741552,27,2,29
3372988474,27,1,28
3387219983,27,18,45
3400629094,27,1,28
3407336476,27,0,27
3418181213,27,15,42
3484468463,27,1,28
3666280823,27,0,27
3668101515,27,1,28
3722926336,27,2,29
3749872334,27,3,30
3760858937,27,9,36
3767489541,27,1,28
3814854558,27,1,28
3883987944,27,0,27
3894565992,27,0,27
3943313901,27,0,27
3964788613,27,0,27
4019286209,27,0,27
4042063131,27,1,28
4145868135,27,0,27
4153263555,27,1,28
4185080121,27,1,28
4188415121,27,13,40
4220356454,27,0,27
4221628654,27,1,28
4237932478,27,3,30
4257641237,27,1,28
4258239203,27,0,27
4260990112,27,5,32
4326490694,27,0,27
4443517659,27,0,27
4483376954,27,0,27
4492207332,27,0,27
4499749708,27,6,33
4501010472,27,0,27
4520330172,27,4,31
4542694583,27,1,28
4557534912,27,3,30
4562528655,27,0,27
4579106073,27,0,27
4612282901,27,12,39
4657250113,27,0,27
4691014674,27,3,30
4750304641,27,2,29
4788847399,27,3,30
4809762201,27,1,28
4827112993,27,2,29
4851888083,27,0,27
4855300067,27,1,28
4862611007,27,3,30
4866249237,27,2,29
4872639933,27,1,28
4876598333,27,5,32
4882027661,27,2,29
4891138177,27,13,40
4900070889,27,6,33
4912074684,27,0,27
4925848539,27,2,29
701156170174754819,27,0,27
701877047098933248,27,1,28
702259658199666688,27,0,27
703011091643801600,27,0,27
703486201605435393,27,3,30
703738699775877120,27,0,27
704287801311928320,27,16,43
704403215127674881,27,2,29
705485359883354112,27,0,27
706320238669856769,27,0,27
706609051652759552,27,1,28
706991954408550400,27,1,28
707303863443804160,27,0,27
707994226387058688,27,1,28
708168355488731136,27,2,29
708722250279731205,27,4,31
711649299323465728,27,9,36
713054566175129604,27,0,27
713756394722340864,27,1,28
714181893013393409,27,1,28
714234573345931264,27,0,27
714905903774961664,27,2,29
715941995806593028,27,0,27
716031610571792384,27,0,27
716297841098928129,27,0,27
716790287000014848,27,1,28
717311132021600258,27,2,29
717421242186338305,27,4,31
717538175590076416,27,0,27
717820719942356994,27,0,27
719181118461911040,27,0,27
719603009731346432,27,0,27
720412508427714560,27,0,27
725064022211448832,27,2,29
725348521436655616,27,0,27
725559512535543808,27,1,28
726834650929348608,27,5,32
726849109840121857,27,0,27
726915888239235072,27,20,47
728989442552168448,27,0,27
731524556100263937,27,0,27
732732958998548481,27,2,29
733451904500400128,27,1,28
733825841952493569,27,1,28
734626588202045440,27,2,29
737500098909769728,27,2,29
737756573196529664,27,43,70
737802320386260992,27,0,27
738885049743872001,27,2,29
740188504118972416,27,3,30
740531241309462528,27,0,27
742493199202197507,27,2,29
742859598814666752,27,5,32
743089596297150466,27,0,27
745135695379914753,27,60,87
746199929995988993,27,1,28
747459942815240192,27,4,31
747774644044849152,27,1,28
747981703671615489,27,1,28
749301240899653632,27,0,27
749688843297755136,27,0,27
751115625938952192,27,1,28
751445579410972672,27,2,29
751596676888997888,27,0,27
751842472532250624,27,2,29
752463643187486720,27,0,27
752882313189613568,27,0,27
753365654271471616,27,0,27
753506614359887872,27,1,28
754366616855543808,27,5,32
755096900903243776,27,28,55
756481999733415937,27,5,32
756541125637378049,27,5,32
756816754198794240,27,6,33
757065683436003328,27,0,27
757598133882916864,27,0,27
757644159888990208,27,0,27
758516694180438017,27,7,34
759042553433903104,27,0,27
760010318860816384,27,0,27
761238040656306177,27,2,29
761368924797673472,27,1,28
761533655848222720,27,2,29
761665641019432960,27,0,27
762802687544963072,27,3,30
764867042910416900,27,1,28
765547943915089920,27,0,27
765747826425036800,27,1,28
766608889466986496,27,0,27
767065086083014656,27,0,27
767779398409936896,27,1,28
767907628777222144,27,1,28
768892724686626816,27,0,27
769217927614697472,27,0,27
771007452548521984,27,1,28
773740631101497344,27,2,29
774009922908483589,27,2,29
774928290834419712,27,1,28
775199416470818817,27,1,28
775784007799889920,27,2,29
776526303553957888,27,1,28
777876223653453824,27,0,27
781339459912630272,27,0,27
782921179254419456,27,1,28
783043287099793408,27,4,31
784110317412446211,27,0,27
784433729301164032,27,3,30
784525174087544832,27,0,27
784872435770241024,27,0,27
785317976979361792,27,0,27
785984877661294592,27,0,27
786226739236200449,27,0,27
786657812172705793,27,1,28
786981416269549570,27,0,27
787354419566444544,27,0,27
788186395596685313,27,0,27
788719576322306048,27,2,29
789851520464486400,27,1,28
790299486497234945,27,0,27
790950115968188416,27,0,27
792084793680879616,27,2,29
792208232580128772,27,0,27
796846794785386496,27,0,27
802309255550226432,27,0,27
14052001,26,3,29
14162306,26,0,26
15088984,26,2,28
15158145,26,0,26
15223619,26,5,31
15233150,26,7,33
15897499,26,0,26
16170327,26,0,26
16274093,26,3,29
16802422,26,123,149
16886028,26,4,30
17200324,26,0,26
17431441,26,63,89
17753712,26,2,28
17907090,26,0,26
18202628,26,1,27
18217429,26,0,26
18551125,26,1,27
18602626,26,0,26
19432024,26,2,28
19520823,26,1,27
19541129,26,2,28
20535530,26,1,27
20855352,26,0,26
21343120,26,2,28
21651653,26,0,26
22250215,26,155,181
22407074,26,0,26
22502240,26,3,29
22707692,26,669,695
23080067,26,2,28
23082565,26,1,27
24287541,26,61,87
24334111,26,1,27
24806248,26,36,62
25052282,26,0,26
25241577,26,2,28
25461727,26,2,28
25593846,26,3,29
26178869,26,54,80
26245422,26,0,26
26329311,26,0,26
27308283,26,0,26
28610833,26,16,42
28622119,26,10,36
30048912,26,0,26
30657274,26,1,27
31425593,26,3,29
31947076,26,4,30
32391632,26,3,29
33922853,26,0,26
34642177,26,3,29
34945388,26,2,28
36068913,26,0,26
37078624,26,0,26
37261787,26,1,27
38122727,26,1,27
38439017,26,0,26
39750808,26,99,125
41531198,26,0,26
41570083,26,3,29
41933342,26,0,26
41940890,26,3,29
43265919,26,0,26
44139525,26,1,27
44788203,26,0,26
45091067,26,1,27
46260635,26,1,27
46386780,26,0,26
46549652,26,1,27
47169646,26,0,26
47245107,26,0,26
47925659,26,5,31
48219360,26,56,82
48935709,26,1,27
49224286,26,0,26
51175300,26,1,27
52297037,26,0,26
52965562,26,33,59
54306830,26,2,28
54571567,26,2,28
55348286,26,1,27
57208072,26,1,27
60150436,26,0,26
60788341,26,0,26
63398970,26,0,26
63796576,26,3,29
65451305,26,1,27
66524409,26,0,26
68549259,26,1,27
70752796,26,11,37
71739104,26,10,36
73152491,26,4,30
73506545,26,0,26
73774391,26,4,30
74171716,26,1,27
74679161,26,0,26
74743478,26,1,27
76357246,26,0,26
78382995,26,0,26
78548969,26,1,27
82126521,26,0,26
82681900,26,0,26
82974493,26,0,26
86643035,26,1,27
88028261,26,1,27
88030347,26,0,26
90567643,26,0,26
91015271,26,0,26
92863531,26,0,26
94314330,26,1,27
95537281,26,0,26
95740746,26,0,26
96281487,26,1,27
97168944,26,0,26
98257723,26,0,26
104712514,26,7,33
108617838,26,10,36
108789800,26,3,29
109693738,26,6,32
111150595,26,1,27
114926605,26,0,26
118808496,26,4,30
124943300,26,0,26
126134277,26,5,31
126467626,26,2,28
129629925,26,1,27
129700516,26,0,26
130098780,26,0,26
131361119,26,4,30
134663382,26,1,27
144311413,26,0,26
147522388,26,1,27
147601825,26,2,28
149763376,26,39,65
155075025,26,1,27
155645571,26,0,26
155684926,26,4,30
155718531,26,5,31
155728591,26,1,27
156168388,26,1,27
159604387,26,1,27
160984682,26,0,26
166122260,26,2,28
170359315,26,8,34
182515934,26,0,26
191267131,26,2,28
194663746,26,0,26
205776502,26,2,28
213513491,26,0,26
231150279,26,2,28
234598759,26,0,26
241101807,26,0,26
242952079,26,0,26
243013050,26,0,26
244082347,26,0,26
246561534,26,0,26
247334850,26,0,26
249526963,26,0,26
250282209,26,4,30
250794655,26,5,31
255082401,26,0,26
260405159,26,2,28
260569668,26,0,26
264807038,26,3,29
266963382,26,1,27
267529750,26,3,29
271173459,26,0,26
272473479,26,0,26
273470651,26,1,27
278215497,26,1,27
282601032,26,0,26
286774015,26,0,26
290233828,26,0,26
291474783,26,1,27
292432931,26,3,29
293490008,26,1,27
293607250,26,2,28
311599942,26,6,32
312848382,26,42,68
314861116,26,0,26
315577494,26,3,29
316721035,26,0,26
321708469,26,2,28
324647339,26,0,26
329881704,26,1,27
330650569,26,1,27
331156072,26,2,28
335167117,26,0,26
336202987,26,1,27
339668058,26,0,26
340534889,26,124,150
340667312,26,0,26
341347708,26,3,29
346104472,26,0,26
348265982,26,3,29
356760927,26,0,26
362038774,26,1,27
362144633,26,0,26
367271007,26,46,72
367860799,26,0,26
368886939,26,0,26
372811012,26,3,29
374735534,26,1,27
378705132,26,17,43
380875509,26,1,27
381083743,26,0,26
381825043,26,0,26
382082527,26,1,27
390995583,26,1,27
402261330,26,0,26
402415168,26,0,26
406483952,26,1,27
409333307,26,0,26
409354503,26,1,27
413297266,26,4,30
413385783,26,1,27
413424037,26,0,26
419010896,26,0,26
424047059,26,43,69
425496582,26,0,26
428612791,26,12,38
433503807,26,0,26
435357159,26,6,32
436173150,26,1,27
437233077,26,11,37
437985622,26,3,29
452259765,26,1,27
453315760,26,0,26
454427951,26,0,26
457101340,26,1,27
458936864,26,1,27
467940513,26,0,26
468835918,26,0,26
470782696,26,2,28
470982444,26,0,26
477174486,26,3,29
478311835,26,1,27
480074801,26,3,29
480425523,26,0,26
481673287,26,2,28
482509752,26,1,27
485729203,26,0,26
487738628,26,0,26
487863630,26,0,26
492323414,26,2,28
492691818,26,1,27
495954190,26,0,26
497259005,26,3,29
512720481,26,1,27
517036583,26,53,79
522360500,26,5,31
523509662,26,0,26
524395290,26,5,31
527599017,26,3,29
529030579,26,0,26
529548712,26,2,28
529878423,26,1,27
531743814,26,0,26
532844046,26,2,28
534036081,26,0,26
536065674,26,1,27
549187553,26,0,26
563839094,26,0,26
568178203,26,0,26
570737640,26,0,26
575702452,26,0,26
576722197,26,2,28
577931916,26,0,26
582158348,26,2,28
582475384,26,4,30
586674717,26,0,26
591216069,26,0,26
600781884,26,4,30
607589959,26,1,27
609350642,26,73,99
612400931,26,4,30
632341418,26,1,27
701227334,26,3,29
739359528,26,4,30
739750578,26,0,26
760436942,26,12,38
799531411,26,37,63
800904228,26,0,26
807908498,26,4,30
847975615,26,3,29
855532044,26,0,26
856800361,26,1,27
863467417,26,5,31
873962580,26,0,26
875405858,26,1,27
878990466,26,1,27
889171842,26,0,26
899059525,26,2,28
907030550,26,0,26
907991616,26,6,32
908203088,26,1,27
934644187,26,4,30
944470134,26,19,45
948739382,26,0,26
948926197,26,1,27
961580058,26,0,26
974387840,26,1,27
979035560,26,0,26
979671722,26,2,28
991935716,26,4,30
995603191,26,2,28
1031656525,26,0,26
1058559158,26,3,29
1092957523,26,1,27
1096384538,26,5,31
1099484792,26,0,26
1099771423,26,16,42
1112735490,26,0,26
1113478698,26,1,27
1125331903,26,1,27
1135718227,26,2,28
1151358560,26,1,27
1167684505,26,0,26
1178181198,26,0,26
1206707749,26,4,30
1209148250,26,1,27
1258024417,26,0,26
1264595431,26,2,28
1276838893,26,3,29
1283083940,26,3,29
1317689665,26,23,49
1323832532,26,0,26
1346086549,26,0,26
1367996418,26,0,26
1379288282,26,2,28
1387455805,26,0,26
1431397615,26,0,26
1485140750,26,16,42
1491702116,26,0,26
1514294240,26,3,29
1531368576,26,4,30
1539564943,26,187,213
1541453958,26,0,26
1546213250,26,5,31
1565520805,26,0,26
1580519107,26,1,27
1608622200,26,1,27
1661246144,26,2,28
1667595798,26,1,27
1677223735,26,1,27
1682000011,26,0,26
1720901078,26,5,31
1737867176,26,0,26
1895019528,26,0,26
1899311851,26,4,30
1899519440,26,0,26
1908540390,26,2,28
1936046084,26,0,26
1966947283,26,0,26
2148516548,26,0,26
2159443772,26,1,27
2180684928,26,0,26
2193188934,26,1,27
2197269483,26,0,26
2217311312,26,1,27
2223712032,26,2,28
2227421756,26,1,27
2235997850,26,1,27
2256955180,26,0,26
2259624884,26,8,34
2268216577,26,0,26
2273987011,26,0,26
2280604004,26,0,26
2295387722,26,0,26
2313204826,26,0,26
2317865342,26,5,31
2326097029,26,1,27
2329228969,26,2,28
2337257995,26,0,26
2344143396,26,2,28
2351061389,26,1,27
2361689892,26,1,27
2363994735,26,1,27
2369615720,26,1,27
2370932966,26,0,26
2373026731,26,3,29
2374985612,26,1,27
2375930988,26,0,26
2382419276,26,22,48
2384932446,26,12,38
2391488834,26,2,28
2418433230,26,3,29
2429107224,26,2,28
2463296298,26,0,26
2464142360,26,0,26
2477578740,26,1,27
2483058894,26,2,28
2491541811,26,0,26
2506843521,26,4,30
2508865969,26,0,26
2524265943,26,0,26
2538960527,26,0,26
2539734440,26,0,26
2556296572,26,0,26
2561581740,26,0,26
2565756013,26,19,45
2579357802,26,32,58
2584707819,26,0,26
2603889660,26,1,27
2609203934,26,0,26
2628736962,26,1,27
2651159225,26,0,26
2651771336,26,2,28
2685295314,26,0,26
2721197463,26,1,27
2724108939,26,0,26
2742779667,26,37,63
2747746256,26,5,31
2777663295,26,0,26
2781863338,26,34,60
2797159519,26,1,27
2802596549,26,1,27
2824338852,26,0,26
2825364882,26,3,29
2833820181,26,0,26
2842490193,26,0,26
2845557394,26,3,29
2860925230,26,0,26
2863847967,26,1,27
2867333480,26,0,26
2868011398,26,2,28
2872566267,26,0,26
2906297560,26,0,26
2909434459,26,4,30
2932407149,26,0,26
2934225042,26,0,26
2937962502,26,0,26
2945957444,26,0,26
2952812118,26,1,27
2959126525,26,3,29
2962256404,26,0,26
2973618197,26,0,26
2974047566,26,1,27
3004708835,26,0,26
3006547948,26,0,26
3008582531,26,1,27
3018681440,26,1,27
3028626035,26,0,26
3029094087,26,0,26
3033091670,26,1,27
3041814392,26,41,67
3044984776,26,0,26
3063695086,26,0,26
3064024516,26,2,28
3068012937,26,0,26
3079573805,26,0,26
3108389382,26,1,27
3111642198,26,27,53
3134472066,26,0,26
3165533265,26,2,28
3177025910,26,11,37
3179532613,26,0,26
3198703118,26,6,32
3199694339,26,0,26
3239607127,26,3,29
3242430558,26,0,26
3246529033,26,0,26
3250033507,26,8,34
3258164892,26,0,26
3274540554,26,0,26
3280974990,26,0,26
3293451154,26,0,26
3294793927,26,0,26
3301266202,26,1,27
3308946410,26,3,29
3313043539,26,2,28
3313959727,26,1,27
3324887006,26,4,30
3333282196,26,2,28
3356920227,26,1,27
3362034705,26,0,26
3368523225,26,1,27
3371934153,26,0,26
3379415254,26,7,33
3407832663,26,0,26
3426852760,26,3,29
3437287514,26,2,28
3438905373,26,1,27
3472770748,26,0,26
3507574155,26,2,28
3533102955,26,0,26
3540707537,26,2,28
3583743192,26,2,28
3621592873,26,1,27
3635023273,26,0,26
3759653953,26,0,26
3777159977,26,0,26
3828050120,26,0,26
3886275382,26,0,26
3949371634,26,67,93
3982104784,26,3,29
4043751910,26,1,27
4052853920,26,2,28
4060827133,26,2,28
4134199684,26,2,28
4158522254,26,1,27
4184859132,26,1,27
4198222373,26,1,27
4230787578,26,1,27
4252034273,26,1,27
4252444512,26,2,28
4264534757,26,0,26
4282032138,26,3,29
4311933197,26,2,28
4313353574,26,0,26
4319136795,26,0,26
4325817255,26,0,26
4333492606,26,3,29
4362795376,26,2,28
4387371377,26,3,29
4408482973,26,0,26
4418147727,26,1,27
4428208822,26,1,27
4436418312,26,6,32
4458798496,26,2,28
4462113379,26,1,27
4477184968,26,5,31
4560603439,26,0,26
4583755941,26,0,26
4592415394,26,0,26
4600840696,26,1,27
4745707874,26,2,28
4746663639,26,2,28
4828273992,26,1,27
4832280332,26,0,26
4841835910,26,0,26
4851732400,26,6,32
4861854657,26,1,27
4874464340,26,1,27
4875264318,26,1,27
4882350197,26,1,27
4905757443,26,0,26
696037878204338176,26,1,27
700758423722328064,26,0,26
701944711221813248,26,1,27
702910650993999873,26,0,26
703343582682357760,26,1,27
706320650894495744,26,1,27
706570628929708033,26,7,33
706816179701051392,26,0,26
706845290016464896,26,0,26
707036972804517888,26,1,27
708487421202006017,26,4,30
708720589897383937,26,0,26
709556297025392640,26,2,28
710990834972233728,26,3,29
712765848075698177,26,2,28
713190826751475712,26,0,26
713468406742257667,26,2,28
713792594141118464,26,0,26
713796149476327428,26,4,30
714935548163526660,26,1,27
715393823728279557,26,1,27
715598672168411136,26,0,26
716083716297244672,26,0,26
717421495497187330,26,0,26
720015142570713088,26,0,26
720707740578881536,26,1,27
722208912947085312,26,1,27
722458037307375616,26,2,28
724051582992691200,26,4,30
724311770655903744,26,0,26
727705955492888577,26,1,27
727800423277432832,26,1,27
727840825661661184,26,126,152
732813586062577668,26,1,27
733063923620945920,26,1,27
733136967911759874,26,0,26
735349460901978112,26,3,29
735881480006602753,26,3,29
736539369058799616,26,5,31
736608773154963456,26,0,26
737838367845568512,26,1,27
738828733243658240,26,2,28
738916801065717762,26,0,26
739163971220078593,26,2,28
739578759032897536,26,0,26
739795354816643072,26,2,28
740946214426972160,26,9,35
741425611135143936,26,5,31
742402735404908544,26,0,26
744119760053506049,26,0,26
744894698934804480,26,0,26
745104834370506752,26,4,30
748332221136678913,26,0,26
748927345650700288,26,1,27
750003771070177282,26,0,26
750352721211854852,26,0,26
750917763569479680,26,1,27
751587452092051456,26,0,26
751865604416516096,26,2,28
753292912197185536,26,2,28
753454613953556484,26,6,32
753564731236032512,26,2,28
753668889712570369,26,2,28
755401950548623360,26,0,26
755906752038703105,26,3,29
756297062728204288,26,4,30
756557010603302912,26,1,27
757000704670175232,26,0,26
757497935038906368,26,10,36
757660463228391424,26,1,27
758384189687336960,26,1,27
758486422806462464,26,38,64
759823466308603904,26,0,26
760687843123531776,26,1,27
760969229994749952,26,1,27
762474432594006016,26,0,26
762702297394741248,26,0,26
762713985808424960,26,0,26
762744235774750720,26,1,27
763925851939348481,26,0,26
764184583252377600,26,1,27
764364316002832385,26,0,26
764566572866252800,26,37,63
764624876053340160,26,1,27
765984515407970305,26,0,26
766558838874963968,26,0,26
768578913425559552,26,1,27
768902143822528512,26,0,26
768947692122828800,26,4,30
771192570386886656,26,1,27
771666649887801344,26,3,29
772787634703831042,26,0,26
773169389902270469,26,14,40
774268257951944704,26,0,26
774806549357355008,26,0,26
778221490512814080,26,0,26
778229897500225536,26,0,26
779692213970178048,26,0,26
780178176806760448,26,1,27
780598056290885632,26,2,28
780765555905048581,26,0,26
781132617588445184,26,0,26
782395015527927809,26,9,35
782819653362016257,26,0,26
783288781000609792,26,0,26
783435923484618753,26,0,26
783705736345825280,26,1,27
784759971074478080,26,0,26
785954323729571840,26,0,26
786450409594294273,26,2,28
786625037151277056,26,1,27
786929909012627456,26,4,30
787133676580515840,26,7,33
788423419088007168,26,0,26
788577513882554368,26,0,26
789591364476383232,26,0,26
791319195057135616,26,0,26
791439367994617857,26,0,26
792905323992330240,26,1,27
793364808917737472,26,0,26
793784909731102720,26,0,26
793964893800112128,26,1,27
794301447944933376,26,0,26
795817572960784384,26,0,26
796881684234993664,26,0,26
797445626359414784,26,1,27
817652,25,13,38
4390331,25,45,70
9234502,25,67,92
9671192,25,4,29
11691422,25,1,26
14252200,25,0,25
15931176,25,1,26
16055100,25,1,26
16164141,25,3,28
16456398,25,88,113
16714212,25,0,25
16844431,25,2,27
17139147,25,52,77
17679507,25,36,61
17996546,25,6,31
18012981,25,3,28
18465866,25,1,26
18545481,25,1,26
18734692,25,0,25
19124171,25,0,25
19192629,25,1,26
19236097,25,1,26
19315260,25,3,28
19485684,25,0,25
19993019,25,0,25
20281328,25,3,28
20605155,25,0,25
21080187,25,2,27
21329404,25,2,27
21567214,25,6,31
22121692,25,2,27
22455409,25,0,25
22571517,25,0,25
22587337,25,2,27
22774874,25,1,26
22777290,25,0,25
22905734,25,0,25
22958891,25,0,25
23050300,25,2,27
23727080,25,0,25
24001196,25,2,27
24154387,25,0,25
24443129,25,0,25
24655516,25,57,82
24789569,25,0,25
25039208,25,1,26
25061464,25,3,28
25121822,25,0,25
25632938,25,2,27
26643566,25,2,27
27565899,25,5,30
27767014,25,0,25
28696411,25,0,25
28796846,25,1,26
29242470,25,3,28
29400182,25,19,44
29476670,25,0,25
30518844,25,2,27
31170963,25,1,26
31243987,25,1,26
31351577,25,0,25
32258091,25,10,35
33122257,25,0,25
33398863,25,2,27
33874101,25,0,25
34073994,25,20,45
34123574,25,6,31
35005762,25,257,282
35852232,25,0,25
37438067,25,0,25
37841963,25,0,25
38030814,25,0,25
38078173,25,5,30
38242184,25,1,26
38877373,25,16,41
39118722,25,4,29
39921150,25,2,27
40674211,25,0,25
40693519,25,2,27
40848321,25,0,25
42488500,25,0,25
43360303,25,0,25
43846556,25,0,25
43974425,25,1,26
44294968,25,1,26
44374397,25,0,25
44778859,25,3,28
45088970,25,1,26
45177874,25,2,27
46638460,25,4,29
48106805,25,1,26
48238003,25,2,27
48549791,25,2,27
48794154,25,1,26
49213418,25,0,25
49964679,25,6,31
50019727,25,1,26
51510721,25,0,25
51658756,25,24,49
51911358,25,0,25
52816412,25,1,26
52924549,25,1,26
53374468,25,0,25
54081437,25,2,27
54159671,25,4,29
54862527,25,1,26
55979829,25,0,25
56260787,25,0,25
56768796,25,0,25
59612125,25,93,118
60075968,25,0,25
62981355,25,0,25
65600958,25,1,26
65793480,25,1,26
66227698,25,1,26
66540938,25,2,27
66760872,25,0,25
68820562,25,2,27
69670513,25,1,26
70903573,25,1,26
72346752,25,6,31
73323926,25,1,26
74643479,25,1,26
75437441,25,1,26
77824819,25,0,25
77865638,25,4,29
77898077,25,0,25
82425179,25,6,31
84974211,25,2,27
86832980,25,0,25
87021946,25,2,27
89655673,25,1,26
91712665,25,0,25
92402664,25,2,27
93229339,25,0,25
94721499,25,2,27
95747120,25,6,31
100400328,25,0,25
104644971,25,2,27
107140298,25,1,26
108667631,25,1,26
111495996,25,0,25
115148632,25,8,33
119250657,25,0,25
119559815,25,1,26
121584802,25,30,55
122861885,25,11,36
122873848,25,2,27
124073241,25,3,28
126665405,25,0,25
128433999,25,0,25
128924568,25,2,27
130364653,25,1,26
130707313,25,27,52
133836870,25,0,25
134762700,25,0,25
134876788,25,3,28
136261853,25,1,26
136332449,25,1,26
140604619,25,0,25
144365572,25,9,34
151310648,25,1,26
151534851,25,0,25
151670826,25,0,25
151891919,25,2,27
153883005,25,0,25
158429392,25,2,27
160091538,25,0,25
164029981,25,12,37
167012826,25,1,26
169707964,25,1,26
171247320,25,1,26
178195293,25,0,25
184270826,25,0,25
185200940,25,0,25
185944702,25,0,25
191154063,25,0,25
192115751,25,1,26
192623138,25,2,27
193507567,25,6,31
193546326,25,0,25
194615561,25,7,32
198516386,25,2,27
199770246,25,0,25
202385245,25,6,31
203765012,25,12,37
207095438,25,2,27
213173322,25,1,26
217196705,25,0,25
220459947,25,0,25
220711637,25,1,26
221225600,25,1,26
227109989,25,5,30
227333373,25,15,40
238366185,25,4,29
240123646,25,0,25
248208545,25,22,47
252421931,25,0,25
260434835,25,2,27
260851261,25,0,25
261477088,25,3,28
262273722,25,27,52
263232325,25,1,26
264582867,25,1,26
274330940,25,0,25
276265535,25,0,25
280470533,25,1,26
285084927,25,1,26
286378589,25,0,25
297014456,25,7,32
297515378,25,0,25
297525809,25,6,31
298821330,25,1,26
302478008,25,27,52
304161911,25,4,29
307533900,25,0,25
308538946,25,2,27
308599771,25,0,25
311565295,25,1,26
318669660,25,0,25
319933679,25,11,36
322676446,25,1,26
323858082,25,2,27
325172592,25,1,26
331755529,25,3,28
334360002,25,2,27
334517485,25,2,27
337900109,25,0,25
341008064,25,1,26
349109633,25,0,25
353872365,25,0,25
353989833,25,0,25
355370633,25,4,29
359783677,25,7,32
360265243,25,1,26
368007690,25,0,25
370119444,25,0,25
370161936,25,1,26
370182558,25,0,25
373017530,25,1,26
375764669,25,0,25
377461353,25,0,25
377564416,25,1,26
381824581,25,2,27
386689070,25,0,25
388027679,25,0,25
389054761,25,0,25
389255262,25,2,27
392945034,25,0,25
395713066,25,16,41
396831702,25,3,28
397218846,25,0,25
400396591,25,0,25
403069173,25,5,30
405202746,25,0,25
412492241,25,2,27
413430793,25,2,27
414972734,25,0,25
420562668,25,0,25
421624693,25,0,25
427062600,25,4,29
429512817,25,1,26
431266192,25,0,25
431269308,25,3,28
433179055,25,13,38
434370853,25,3,28
435714270,25,9,34
443813947,25,0,25
463151276,25,3,28
465907914,25,4,29
469347511,25,2,27
470501931,25,1,26
470519929,25,0,25
470648192,25,0,25
472313473,25,2,27
472470717,25,0,25
475171253,25,0,25
476494583,25,1,26
478007109,25,2,27
485153001,25,1,26
491809971,25,27,52
498796011,25,0,25
499484316,25,0,25
504717565,25,1,26
508390512,25,3,28
510864650,25,0,25
516122420,25,2,27
517273826,25,0,25
518890672,25,1,26
519431995,25,1,26
520556809,25,2,27
521457466,25,3,28
524329211,25,0,25
527037927,25,1,26
527102751,25,0,25
531487234,25,1,26
532458706,25,1,26
532808829,25,1,26
534567002,25,3,28
534756724,25,0,25
538455539,25,0,25
538672823,25,0,25
542751106,25,0,25
551515241,25,1,26
552425403,25,4,29
556445447,25,0,25
557125271,25,0,25
557467330,25,2,27
559484882,25,0,25
568184650,25,0,25
574681599,25,1,26
583134891,25,0,25
587860632,25,0,25
594880665,25,1,26
596857608,25,0,25
601612456,25,0,25
606350673,25,0,25
627083707,25,4,29
629262455,25,3,28
630593966,25,1,26
634709377,25,1,26
635011613,25,32,57
705968575,25,4,29
719802375,25,9,34
728443410,25,1,26
749918670,25,3,28
752526390,25,2,27
757171202,25,11,36
792013898,25,0,25
797267688,25,0,25
807604742,25,1,26
811601875,25,1,26
816373094,25,3,28
827891118,25,0,25
845439942,25,25,50
853604239,25,1,26
855702115,25,1,26
860586306,25,0,25
885698496,25,3,28
906933410,25,0,25
911631679,25,0,25
932590334,25,0,25
935107915,25,1,26
937219711,25,1,26
945354510,25,0,25
965041794,25,0,25
994459970,25,0,25
1012874467,25,0,25
1024851235,25,1,26
1026787952,25,5,30
1027010347,25,1,26
1039096513,25,0,25
1047814982,25,1,26
1063586514,25,1,26
1106993252,25,1,26
1114631166,25,0,25
1145998106,25,2,27
1147323110,25,3,28
1210938492,25,0,25
1252799490,25,0,25
1260613740,25,0,25
1297451766,25,1,26
1307631529,25,0,25
1328323945,25,59,84
1361033106,25,0,25
1392298944,25,1,26
1410498362,25,1,26
1420535665,25,0,25
1432738645,25,3,28
1438510748,25,0,25
1441689559,25,1,26
1471263182,25,2,27
1477241472,25,66,91
1493926051,25,0,25
1506623174,25,0,25
1516311044,25,0,25
1529146724,25,1,26
1534688612,25,1,26
1539949615,25,9,34
1577729556,25,1,26
1579079004,25,0,25
1592241618,25,0,25
1595843437,25,1,26
1621641222,25,0,25
1655254044,25,0,25
1661631498,25,1,26
1685727828,25,2,27
1687940354,25,0,25
1707121399,25,0,25
1854011028,25,0,25
1865655768,25,0,25
1876680134,25,5,30
1886091822,25,0,25
1893911497,25,0,25
1902319381,25,0,25
1919761124,25,0,25
1937948592,25,2,27
1951901286,25,4,29
1955132936,25,0,25
1979304396,25,1,26
2174030340,25,0,25
2176832773,25,1,26
2195138947,25,0,25
2209293534,25,0,25
2266026677,25,0,25
2283072056,25,0,25
2283830406,25,0,25
2294738263,25,0,25
2309040594,25,1,26
2318146704,25,0,25
2318295893,25,1,26
2324172788,25,0,25
2326195717,25,2,27
2329396765,25,2,27
2334209379,25,2,27
2336791286,25,0,25
2340796446,25,2,27
2350862439,25,1,26
2369738137,25,1,26
2376137988,25,21,46
2384029214,25,0,25
2386129907,25,3,28
2413221252,25,2,27
2422404318,25,0,25
2424509093,25,1,26
2432382067,25,0,25
2439112543,25,10,35
2465121307,25,0,25
2471412372,25,0,25
2482534224,25,0,25
2489973943,25,0,25
2491958276,25,1,26
2504665885,25,2,27
2563835355,25,3,28
2573180551,25,0,25
2603546683,25,1,26
2610154286,25,1,26
2635938934,25,0,25
2659891316,25,0,25
2664014848,25,2,27
2697104683,25,0,25
2724563700,25,2,27
2736241034,25,0,25
2772021610,25,4,29
2780538444,25,2,27
2796958821,25,0,25
2805567608,25,1,26
2824879909,25,1,26
2832339722,25,1,26
2859135956,25,2,27
2859834039,25,24,49
2866359840,25,0,25
2876409783,25,4,29
2878172763,25,0,25
2886203944,25,0,25
2888343627,25,0,25
2888639310,25,2,27
2893065922,25,1,26
2899459274,25,1,26
2900550678,25,0,25
2905644674,25,3,28
2915051906,25,0,25
2921806562,25,0,25
2922382356,25,1,26
2946306947,25,0,25
2952991943,25,0,25
2954560451,25,0,25
2960800713,25,0,25
2966602877,25,3,28
2974050191,25,3,28
2982249556,25,1,26
2984973176,25,2,27
2991305751,25,0,25
2993757900,25,0,25
2996774558,25,0,25
2997665350,25,2,27
3001383634,25,3,28
3008212598,25,0,25
3016663159,25,5,30
3031989972,25,3,28
3033514428,25,2,27
3041046351,25,0,25
3045618437,25,5,30
3045623481,25,0,25
3055659682,25,2,27
3056895455,25,14,39
3092264183,25,1,26
3096888222,25,1,26
3103892153,25,1,26
3111906865,25,31,56
3126748277,25,0,25
3131146028,25,1,26
3149805223,25,21,46
3150064879,25,1,26
3155429771,25,0,25
3155937592,25,0,25
3161702264,25,4,29
3163153987,25,1,26
3168027631,25,6,31
3199192864,25,0,25
3236515189,25,1,26
3239296926,25,0,25
3245295971,25,1,26
3252876416,25,4,29
3261126494,25,0,25
3280168868,25,0,25
3285996325,25,0,25
3289985369,25,8,33
3302582467,25,39,64
3302937423,25,7,32
3352666283,25,6,31
3360393232,25,3,28
3364493488,25,6,31
3365673193,25,1,26
3383132693,25,4,29
3384693167,25,2,27
3390324809,25,55,80
3398473491,25,2,27
3406296927,25,2,27
3407027063,25,0,25
3410970723,25,11,36
3421294156,25,1,26
3428612625,25,0,25
3483407775,25,3,28
3538500985,25,29,54
3569274195,25,1,26
3599230874,25,2,27
3602054056,25,5,30
3607014433,25,1,26
3679543701,25,3,28
3687229034,25,1,26
3690259413,25,0,25
3734278582,25,6,31
3770520201,25,0,25
3795821783,25,0,25
3878378117,25,1,26
3883769178,25,2,27
3901212561,25,1,26
3951481780,25,0,25
3973611433,25,1,26
3980190357,25,0,25
3993460632,25,0,25
4027220187,25,0,25
4029679066,25,8,33
4121402866,25,0,25
4162145293,25,1,26
4200872440,25,2,27
4205389155,25,0,25
4217784198,25,0,25
4236320361,25,0,25
4265370202,25,0,25
4273596738,25,0,25
4314211220,25,2,27
4356112575,25,0,25
4364549596,25,0,25
4389666737,25,0,25
4404484933,25,1,26
4431506777,25,0,25
4449018866,25,1,26
4459860733,25,0,25
4476585079,25,2,27
4539515362,25,1,26
4574782876,25,1,26
4604285055,25,0,25
4614026592,25,2,27
4627890312,25,2,27
4640736685,25,79,104
4646677163,25,25,50
4653515302,25,3,28
4665099555,25,0,25
4739157457,25,0,25
4788434852,25,0,25
4794575438,25,2,27
4808061608,25,0,25
4831637882,25,2,27
4851457765,25,2,27
4854399704,25,3,28
4855679932,25,1,26
4855981534,25,1,26
4862169731,25,2,27
4866822281,25,6,31
4884762153,25,7,32
4893764356,25,1,26
4910058137,25,12,37
4912086355,25,2,27
4917092018,25,365,390
4928573711,25,1,26
697096087551791104,25,1,26
701817141729824768,25,2,27
702854044415610880,25,4,29
703062904300396545,25,0,25
703788786854010880,25,3,28
703828166092017664,25,1,26
705158346756767748,25,1,26
705419616772820992,25,2,27
705545842615169024,25,0,25
705553375144886273,25,2,27
705583781269413888,25,0,25
706896860120621057,25,2,27
708509225446727680,25,14,39
709123313960783872,25,3,28
709366875923177477,25,1,26
711339386374238208,25,0,25
712459124081086464,25,1,26
713010560569356289,25,0,25
713437214621892608,25,1,26
713472415125344257,25,20,45
715691321172692993,25,0,25
715697237439807488,25,0,25
716794620613500929,25,3,28
717551184479854592,25,1,26
719291357173575680,25,0,25
719555941885194241,25,0,25
719751873138466816,25,2,27
722943022128893953,25,0,25
725487186003501057,25,1,26
725824403821449216,25,3,28
726845117928079360,25,0,25
727614904811786240,25,0,25
727869988229492736,25,5,30
727986762044186624,25,0,25
731670733454233600,25,10,35
732990697444253696,25,0,25
733514206926897152,25,1,26
735909518928928769,25,7,32
737968267088662528,25,1,26
738761064930627584,25,14,39
741316259149664256,25,1,26
742369903500361732,25,2,27
742751332935700480,25,1,26
744885223800737794,25,0,25
745087194415534080,25,1,26
746238343818551296,25,4,29
746364681044951040,25,2,27
747945458966790149,25,1,26
751034069824176128,25,4,29
751313506977259521,25,1,26
751510293746839552,25,2,27
752336219804016640,25,0,25
752509588340170752,25,1,26
753281103608381442,25,1,26
754217648326479872,25,0,25
754913164827959300,25,39,64
755265125700014080,25,0,25
755555418869407744,25,0,25
755794782211936256,25,1,26
755825401029472256,25,0,25
756147814594404352,25,0,25
756994340463910913,25,0,25
759942949794897921,25,0,25
760874986806534144,25,1,26
761242544256720896,25,4,29
761408394653753345,25,0,25
761642877504151553,25,3,28
762405017244491776,25,2,27
762547271154237440,25,3,28
762619700744368130,25,1,26
765242652610531328,25,1,26
766000572298297344,25,0,25
767076006423298048,25,6,31
768115406355636224,25,0,25
768299806888386560,25,1,26
768450191405912064,25,2,27
769244237099442176,25,3,28
770800063937261570,25,1,26
771745883016794112,25,2,27
772882708448018432,25,0,25
773125693102256128,25,0,25
773564016312606722,25,0,25
774224733072220161,25,0,25
774343912907497472,25,0,25
774971892675510272,25,1,26
775023111213244418,25,2,27
776260629510385669,25,6,31
776696966784790528,25,0,25
778060006625345537,25,0,25
778130429253672961,25,4,29
780420205507862529,25,0,25
781210351559962625,25,1,26
781588204793188352,25,2,27
783304405189746688,25,0,25
783479704619720705,25,0,25
784575252370190338,25,0,25
784815159537573888,25,0,25
784896698841694208,25,0,25
785231424664309760,25,0,25
785292569689231360,25,1,26
785937578570637312,25,0,25
785987898994597888,25,0,25
786771714290094081,25,1,26
787032341138944000,25,0,25
788203295366012928,25,0,25
788445930169044993,25,1,26
789033010637209600,25,0,25
789398453432430594,25,0,25
789762899359174656,25,0,25
791006653441187840,25,0,25
791573885514690560,25,1,26
795196802744074241,25,1,26
796831708406513664,25,0,25
797062295138336768,25,0,25
797151574841851904,25,1,26
797699520016564224,25,0,25
1354481,24,0,24
5392032,24,1,25
5559672,24,1,25
14188475,24,0,24
14494756,24,1,25
14617868,24,13,37
14875642,24,1,25
14902429,24,3,27
15025627,24,2,26
15088394,24,211,235
15759387,24,2,26
16023914,24,6,30
16190045,24,92,116
16223021,24,18,42
16474992,24,81,105
16504112,24,2,26
16552994,24,10,34
16568993,24,1,25
16854594,24,0,24
17107705,24,1,25
17129511,24,63,87
17915444,24,4,28
18083233,24,0,24
18231227,24,4,28
18236427,24,19,43
18288270,24,1,25
18440701,24,5,29
18524546,24,0,24
18732759,24,1,25
19470460,24,0,24
19609647,24,1,25
19742158,24,1,25
19877089,24,4,28
19938133,24,1,25
20075367,24,4,28
20837497,24,1,25
20929393,24,0,24
21764166,24,9,33
22204106,24,34,58
22217130,24,0,24
22376976,24,5,29
22516523,24,63,87
22717757,24,0,24
22858466,24,64,88
23169161,24,2,26
23206590,24,1,25
23257880,24,0,24
23341211,24,0,24
23536054,24,0,24
24326939,24,12,36
24377469,24,2,26
24709604,24,0,24
26563557,24,0,24
26698994,24,4,28
26803644,24,5,29
27114006,24,4,28
27339847,24,3,27
27847980,24,1,25
27994089,24,8,32
29560033,24,0,24
29724054,24,3,27
30335609,24,0,24
31295722,24,0,24
33210626,24,0,24
33284185,24,0,24
34428229,24,0,24
35211401,24,0,24
36679987,24,9,33
36881789,24,2,26
36972878,24,6,30
38584053,24,2,26
39044562,24,1,25
39930604,24,54,78
41919763,24,1,25
42330362,24,4,28
43590098,24,55,79
43716714,24,0,24
45743810,24,46,70
47036166,24,3,27
47339383,24,2,26
48536590,24,24,48
49268003,24,0,24
49665600,24,4,28
49721208,24,2,26
52132735,24,0,24
52230962,24,106,130
52456292,24,4,28
52766267,24,43,67
54307730,24,2,26
56264156,24,0,24
58494215,24,2,26
58510019,24,3,27
59290642,24,0,24
59816480,24,7,31
60815392,24,0,24
61699521,24,1,25
61759988,24,0,24
63557746,24,1,25
63598514,24,0,24
64856364,24,3,27
64935186,24,2,26
65784672,24,0,24
66084645,24,0,24
70249595,24,1,25
71346348,24,2,26
72978331,24,7,31
75407958,24,14,38
75890826,24,5,29
76202350,24,14,38
76221976,24,1,25
76413574,24,5,29
76700880,24,1,25
76992333,24,1,25
77610933,24,1,25
77810156,24,0,24
79595933,24,1,25
80196616,24,3,27
80565959,24,0,24
80904174,24,7,31
83205874,24,1,25
83423014,24,7,31
83694862,24,0,24
83871133,24,45,69
85450895,24,0,24
87273143,24,1,25
87472496,24,0,24
88707220,24,2,26
88778290,24,0,24
90071422,24,1,25
93201495,24,0,24
93507320,24,9,33
94848564,24,46,70
95267395,24,0,24
98794963,24,0,24
99015340,24,8,32
100383930,24,8,32
103316756,24,0,24
105301721,24,17,41
106594205,24,0,24
107114546,24,8,32
107209699,24,0,24
109046315,24,0,24
110012005,24,0,24
111448140,24,12,36
114084933,24,1,25
115773444,24,2,26
118837027,24,27,51
120433474,24,0,24
122279472,24,0,24
124135103,24,0,24
132284741,24,1,25
132414085,24,0,24
133123890,24,1,25
134910221,24,0,24
136080402,24,1,25
136333630,24,0,24
137161937,24,1,25
138816276,24,0,24
139852216,24,0,24
141529750,24,2,26
142169813,24,5,29
143035892,24,0,24
143601325,24,0,24
147058193,24,1,25
152141325,24,0,24
153770827,24,3,27
156596350,24,4,28
156621888,24,0,24
158108788,24,0,24
158876370,24,0,24
160631338,24,0,24
162393428,24,0,24
163903231,24,0,24
164060477,24,1,25
164108194,24,0,24
165129147,24,0,24
165158213,24,4,28
165938084,24,267,291
168653242,24,2,26
171405013,24,1,25
181635339,24,0,24
190260040,24,156,180
191575386,24,9,33
196759287,24,0,24
200918966,24,19,43
204165034,24,0,24
207373000,24,13,37
216427371,24,0,24
216802451,24,46,70
217191293,24,0,24
218795383,24,6,30
220867835,24,2,26
224429962,24,0,24
227505545,24,2,26
236821600,24,0,24
237716736,24,1,25
239219739,24,0,24
241734244,24,4,28
242268514,24,2,26
242507768,24,101,125
244528437,24,0,24
247645743,24,0,24
247749454,24,3,27
253138129,24,0,24
253396454,24,5,29
261286446,24,1,25
264561595,24,2,26
264590248,24,0,24
269418215,24,1,25
269798459,24,110,134
270671495,24,1,25
272133470,24,2,26
273911853,24,0,24
274699038,24,2,26
278658252,24,1,25
282532497,24,0,24
282884150,24,31,55
283078892,24,1,25
283301194,24,1,25
293758378,24,1,25
298097846,24,0,24
299239037,24,5,29
301698016,24,0,24
307624483,24,0,24
318306484,24,2,26
319379485,24,6,30
320298982,24,3,27
321090531,24,0,24
322814734,24,4,28
323630440,24,1,25
323954760,24,2,26
327199193,24,1,25
328576045,24,1,25
329906361,24,0,24
335769474,24,5,29
337484648,24,2,26
340614610,24,0,24
344339901,24,1,25
345878117,24,1,25
349851620,24,0,24
350256675,24,0,24
354668309,24,3,27
359432186,24,0,24
368141453,24,1,25
369126477,24,0,24
369181340,24,1,25
369233586,24,0,24
370851096,24,0,24
372086400,24,0,24
374035508,24,0,24
382301240,24,0,24
383914503,24,0,24
384735991,24,0,24
385934073,24,4,28
387802929,24,91,115
389138781,24,3,27
389628690,24,1,25
394844566,24,0,24
400419867,24,3,27
403683364,24,6,30
404380685,24,0,24
405738823,24,1,25
407899543,24,0,24
412597196,24,1,25
421560288,24,1,25
426318954,24,0,24
429555728,24,3,27
429994175,24,1,25
430303626,24,4,28
433712039,24,0,24
434306906,24,2,26
437922131,24,0,24
452188848,24,0,24
453338871,24,1,25
453737097,24,0,24
457733755,24,26,50
467350671,24,0,24
472004282,24,1,25
475070894,24,0,24
479573518,24,1,25
482094875,24,0,24
484391366,24,1,25
484793941,24,1,25
489753256,24,0,24
493353561,24,0,24
494283547,24,1,25
502444141,24,2,26
505571994,24,0,24
508912796,24,0,24
529651185,24,1,25
530840674,24,2,26
540674312,24,3,27
542337152,24,1,25
550139275,24,19,43
551977052,24,1,25
552153447,24,0,24
558124219,24,3,27
561789525,24,0,24
562150653,24,1,25
563330983,24,3,27
565886416,24,55,79
572282251,24,20,44
579136928,24,9,33
586675216,24,2,26
588212812,24,0,24
590296794,24,0,24
590320358,24,2,26
601076863,24,3,27
609566238,24,2,26
609901685,24,11,35
610132216,24,0,24
610986290,24,14,38
618108487,24,0,24
621524387,24,0,24
624001614,24,1,25
624404495,24,1,25
627009465,24,4,28
703621922,24,0,24
745040809,24,0,24
753579799,24,1,25
764499774,24,0,24
765763200,24,7,31
771873738,24,4,28
776566081,24,0,24
792185112,24,1,25
807907748,24,0,24
807959784,24,38,62
808163215,24,1,25
811821134,24,5,29
813551298,24,0,24
824761309,24,1,25
832119061,24,1,25
834549427,24,0,24
836739151,24,4,28
838550334,24,0,24
855632448,24,0,24
857364864,24,0,24
858703718,24,2,26
860694828,24,0,24
860745307,24,10,34
862353008,24,2,26
863375160,24,2,26
871373700,24,3,27
872496962,24,0,24
873867937,24,0,24
874416372,24,1,25
876176365,24,0,24
879471643,24,0,24
883520581,24,0,24
885545527,24,0,24
885752418,24,1,25
894437281,24,26,50
898948664,24,0,24
901682234,24,0,24
905828148,24,43,67
914579376,24,0,24
918701881,24,0,24
930539119,24,1,25
933717482,24,1,25
942042157,24,2,26
942422990,24,195,219
954821858,24,2,26
974783574,24,0,24
975222775,24,1,25
976048075,24,0,24
1000682874,24,1,25
1007673409,24,1,25
1013159964,24,1,25
1022671232,24,12,36
1026274753,24,0,24
1037600706,24,0,24
1039855052,24,1,25
1063020260,24,1,25
1073091163,24,3,27
1074309715,24,1,25
1110638977,24,0,24
1112345178,24,0,24
1118782550,24,0,24
1129196694,24,0,24
1139009154,24,1,25
1149205350,24,0,24
1156745101,24,1,25
1232352379,24,1,25
1234881763,24,1,25
1247473934,24,2,26
1260890918,24,0,24
1300471279,24,1,25
1305818593,24,82,106
1334517361,24,1,25
1343302033,24,1,25
1345913064,24,0,24
1353176904,24,0,24
1356407618,24,1,25
1357519957,24,1,25
1370305729,24,5,29
1375865798,24,17,41
1385043074,24,0,24
1411284846,24,52,76
1416325297,24,1,25
1445459683,24,22,46
1452178320,24,0,24
1453575974,24,0,24
1473389773,24,0,24
1491685098,24,1,25
1518224006,24,1,25
1520262811,24,0,24
1531421635,24,1,25
1553356248,24,1,25
1566374298,24,1,25
1615046382,24,0,24
1618489146,24,3,27
1658893915,24,0,24
1678214898,24,0,24
1681616449,24,12,36
1689059100,24,0,24
1703081617,24,1,25
1705723650,24,0,24
1735548000,24,0,24
1798038414,24,0,24
1838299639,24,2,26
1882308859,24,0,24
1882587048,24,0,24
1884588199,24,6,30
1912250641,24,2,26
1918328431,24,1,25
1918583286,24,0,24
1946781036,24,0,24
2159749123,24,5,29
2172483070,24,4,28
2181062480,24,1,25
2189005345,24,1,25
2191416554,24,15,39
2194449554,24,2,26
2198195308,24,0,24
2202409262,24,0,24
2203803242,24,1,25
2220520570,24,0,24
2223798168,24,0,24
2225768023,24,0,24
2239382563,24,0,24
2285952204,24,0,24
2288290041,24,2,26
2290263476,24,41,65
2291727162,24,0,24
2308536067,24,1,25
2322841139,24,4,28
2331126811,24,0,24
2335888069,24,0,24
2351091272,24,8,32
2358466422,24,0,24
2358657098,24,0,24
2358964705,24,0,24
2359839329,24,0,24
2391634122,24,1,25
2391652105,24,0,24
2391666504,24,1,25
2399994516,24,6,30
2407596612,24,2,26
2415129116,24,2,26
2417697408,24,0,24
2422672854,24,1,25
2430867420,24,0,24
2436005928,24,6,30
2447021562,24,16,40
2449807573,24,2,26
2460179640,24,5,29
2465050130,24,10,34
2496761904,24,0,24
2536413269,24,0,24
2540442901,24,22,46
2543101195,24,1,25
2556080483,24,3,27
2557025744,24,1,25
2566129082,24,0,24
2569610618,24,1,25
2573271828,24,2,26
2582267186,24,1,25
2614012526,24,0,24
2645345017,24,0,24
2647065392,24,1,25
2663472666,24,1,25
2664656059,24,11,35
2685275731,24,0,24
2687812910,24,0,24
2689680983,24,2,26
2706776460,24,1,25
2708440904,24,1,25
2718290253,24,1,25
2729969164,24,0,24
2741861713,24,2,26
2756388564,24,55,79
2762530599,24,1,25
2774767756,24,0,24
2787264796,24,0,24
2792290643,24,0,24
2799588421,24,1,25
2814058404,24,0,24
2833257757,24,37,61
2835748534,24,0,24
2840612615,24,0,24
2847473297,24,0,24
2852146912,24,0,24
2857356332,24,1,25
2858773094,24,5,29
2865492398,24,2,26
2867085759,24,0,24
2869244972,24,3,27
2872998329,24,0,24
2886960807,24,0,24
2890882618,24,2,26
2892835481,24,3,27
2905440816,24,0,24
2909547865,24,0,24
2934132679,24,0,24
2949759118,24,0,24
2958955621,24,5,29
2962793673,24,0,24
2970788482,24,1,25
2977113252,24,0,24
2990184260,24,0,24
2991660165,24,0,24
2993449593,24,3,27
3003944897,24,2,26
3005920144,24,0,24
3014556784,24,3,27
3015933151,24,0,24
3021120843,24,0,24
3021855115,24,0,24
3024985276,24,1,25
3028112102,24,1,25
3028521775,24,0,24
3028585335,24,1,25
3034705719,24,0,24
3039776543,24,1,25
3041272960,24,1,25
3061500557,24,0,24
3063636825,24,0,24
3075937554,24,1,25
3082854989,24,0,24
3086316936,24,28,52
3108798962,24,4,28
3129341603,24,2,26
3129377794,24,0,24
3132013730,24,0,24
3146821087,24,1,25
3148615135,24,1,25
3189913314,24,5,29
3219011624,24,1,25
3230452814,24,0,24
3231110399,24,0,24
3236642367,24,0,24
3238891936,24,4,28
3239528339,24,1,25
3241244638,24,0,24
3253977751,24,1,25
3267121628,24,1,25
3268257942,24,0,24
3279080143,24,0,24
3284780220,24,2,26
3288251190,24,0,24
3298044948,24,0,24
3298217143,24,1,25
3304285316,24,2,26
3305686549,24,1,25
3308047830,24,0,24
3310710740,24,1,25
3310736730,24,5,29
3314688078,24,0,24
3318460012,24,3,27
3322567050,24,2,26
3327646711,24,0,24
3342447502,24,1,25
3349146432,24,0,24
3361137260,24,2,26
3361152821,24,8,32
3368308073,24,0,24
3372964272,24,0,24
3376823993,24,0,24
3377698605,24,0,24
3378035614,24,1,25
3386395377,24,0,24
3407320093,24,2,26
3410342393,24,0,24
3418637039,24,19,43
3424052428,24,0,24
3461039896,24,1,25
3475784183,24,3,27
3523505068,24,0,24
3576975202,24,5,29
3610771572,24,2,26
3623355676,24,0,24
3669275308,24,3,27
3685052935,24,2,26
3737020394,24,0,24
3744122597,24,2,26
3749580927,24,1,25
3764909057,24,2,26
3771567196,24,2,26
3789299356,24,283,307
3799339160,24,1,25
3843280635,24,0,24
3847365196,24,1,25
3911715449,24,2,26
3915545652,24,0,24
3943341312,24,3,27
3951048021,24,0,24
3963331812,24,1,25
3987753333,24,0,24
3988448954,24,1,25
4036201153,24,2,26
4051942230,24,0,24
4053394332,24,0,24
4053595324,24,3,27
4071754307,24,3,27
4190662395,24,4,28
4276162951,24,2,26
4287743662,24,1,25
4297448777,24,2,26
4311518788,24,0,24
4321195753,24,0,24
4324005802,24,2,26
4327908132,24,0,24
4332398488,24,1,25
4339089552,24,0,24
4427266643,24,4,28
4428047453,24,2,26
4428520827,24,3,27
4446582923,24,1,25
4448376513,24,0,24
4481114002,24,2,26
4497873137,24,1,25
4510043956,24,0,24
4558823843,24,0,24
4562265737,24,1,25
4563551241,24,0,24
4577829142,24,0,24
4624858456,24,0,24
4637634941,24,0,24
4697858022,24,0,24
4698528180,24,0,24
4706313916,24,7,31
4719018701,24,2,26
4724227437,24,0,24
4729714512,24,30,54
4735890980,24,0,24
4792037787,24,2,26
4799702183,24,25,49
4817499936,24,1,25
4827107987,24,2,26
4827815232,24,10,34
4828122127,24,0,24
4839710530,24,45,69
4842240494,24,1,25
4842405982,24,3,27
4850526914,24,0,24
4853488571,24,2,26
4860874593,24,2,26
4866736083,24,4,28
4885310336,24,4,28
4892156662,24,1,25
4903193932,24,0,24
4908634846,24,0,24
4923028283,24,7,31
4925508629,24,3,27
696459996603813888,24,10,34
700896273642160128,24,1,25
701864743070355456,24,1,25
701985977108078592,24,8,32
703349256724152320,24,0,24
704085173617324032,24,5,29
704138585893691397,24,0,24
705223032139345920,24,0,24
705431188266209280,24,3,27
705438968377167872,24,2,26
705804187221807104,24,1,25
706407344733818880,24,1,25
706553611338121216,24,0,24
706839866491928581,24,0,24
706933411080830976,24,3,27
707284988069351424,24,0,24
707774958743658496,24,0,24
708137767805399046,24,1,25
708259950921912320,24,0,24
708312636576784385,24,3,27
708328635480932353,24,1,25
708556971784474624,24,1,25
709177003383980032,24,1,25
709443025311830017,24,2,26
710654777835696128,24,0,24
711935509820477441,24,7,31
712282144307974145,24,3,27
712866792679596032,24,1,25
713094905552248832,24,3,27
713476277706031105,24,0,24
713522028813221891,24,2,26
713901840744652800,24,0,24
713985253501702144,24,0,24
714112029632630784,24,0,24
714464009597095937,24,2,26
716330150523080704,24,2,26
717449149810143232,24,2,26
717819087385178113,24,0,24
719029680242823169,24,5,29
719842332103831552,24,0,24
719880137752330240,24,3,27
721077250137964544,24,1,25
721507249152110592,24,0,24
721709218567335936,24,1,25
721806701716971520,24,0,24
722166211115491328,24,4,28
724213065131110401,24,0,24
726894220452200448,24,2,26
730415316166168576,24,0,24
731672055977000960,24,9,33
732693454858428416,24,6,30
733678425806934016,24,0,24
735541707438182400,24,0,24
737849454242500608,24,2,26
738411779898802176,24,0,24
738782186455900160,24,1,25
739313405719257088,24,3,27
740300003885735936,24,9,33
741280542025453568,24,0,24
741933318770413568,24,4,28
743416406876684289,24,1,25
743834202349527040,24,0,24
744927651542949893,24,11,35
745379554752077824,24,0,24
746727866054893568,24,2,26
748375102111244288,24,0,24
749258617505931265,24,0,24
749420867772248065,24,5,29
751914174201139200,24,3,27
753415944538460160,24,3,27
754354336948334592,24,0,24
755495536346689536,24,13,37
755600231467802624,24,2,26
755647953109393408,24,2,26
756302180215296001,24,0,24
756629224216231936,24,3,27
756880499881103365,24,11,35
756974026413731840,24,3,27
757282945723932672,24,8,32
757782194341371904,24,0,24
757842931046690816,24,0,24
758091593127718914,24,0,24
758678857939464192,24,0,24
758795404934688768,24,1,25
759171431640862720,24,0,24
759808790829080576,24,3,27
760029339211669508,24,0,24
760075252948934656,24,0,24
763370567139549184,24,0,24
765904290791784448,24,3,27
766154926896668672,24,0,24
766255092483887108,24,0,24
766986965963055104,24,0,24
768544404252549122,24,16,40
768662780291317760,24,0,24
769662374508920832,24,1,25
771870367774281728,24,2,26
774686030406365184,24,0,24
774748909851639808,24,0,24
777565985406451712,24,0,24
777601766909063168,24,3,27
779892063492005888,24,0,24
780049042357129216,24,0,24
780607935068016645,24,1,25
780794347461586944,24,0,24
783089876690411524,24,1,25
784539461296291840,24,1,25
784878948631060480,24,1,25
785168713582600192,24,1,25
785195595858259968,24,1,25
785975129167704064,24,0,24
786247896622587904,24,1,25
786284375499378690,24,7,31
786323577175932928,24,1,25
787899892668567552,24,1,25
788022764988792832,24,0,24
788084904542154752,24,0,24
788423061909286913,24,0,24
789020309684748288,24,0,24
789152310362411008,24,7,31
791406684807827456,24,1,25
792516951155302400,24,0,24
793594651005612032,24,0,24
794666269513498624,24,0,24
795015683776147456,24,0,24
796463421000536064,24,0,24
796774214036549636,24,4,28
797840111241043968,24,11,35
798978598933823489,24,0,24
799472368263557120,24,0,24
11073512,23,0,23
14820509,23,44,67
15146870,23,1,24
15157567,23,3,26
15700813,23,2,25
15985213,23,0,23
16267083,23,1,24
16393888,23,3,26
16817222,23,0,23
17056051,23,2,25
17105240,23,3,26
17264634,23,189,212
17379398,23,5,28
17669628,23,7,30
18085903,23,2,25
18478669,23,0,23
18548111,23,0,23
18647663,23,0,23
18849368,23,1,24
18957055,23,0,23
19003611,23,0,23
19477874,23,2,25
19632886,23,2,25
19653141,23,2,25
19873653,23,3,26
20558020,23,0,23
20737729,23,1,24
20926514,23,0,23
21060711,23,4,27
21067606,23,0,23
21178239,23,0,23
21583867,23,10,33
21634278,23,0,23
21656717,23,2,25
21683796,23,0,23
21773704,23,23,46
22064255,23,119,142
22599386,23,0,23
22858448,23,0,23
23053953,23,7,30
23131938,23,4,27
23534613,23,4,27
23604785,23,26,49
23838790,23,0,23
24305174,23,1,24
24813872,23,12,35
25407310,23,6,29
25991031,23,0,23
26402216,23,1,24
28246898,23,0,23
28583641,23,81,104
28679429,23,0,23
28681873,23,1,24
28685589,23,0,23
29251012,23,4,27
29287755,23,0,23
29534201,23,4,27
29979038,23,0,23
30534072,23,0,23
31157715,23,2,25
32658528,23,0,23
32685110,23,0,23
32920313,23,3,26
32988755,23,5,28
33462040,23,0,23
33663178,23,2,25
34120418,23,7,30
34569770,23,1,24
34610263,23,3,26
35480674,23,3,26
35837209,23,1,24
36321982,23,2,25
36349535,23,5,28
37129155,23,2,25
38706803,23,1,24
39396021,23,0,23
40908549,23,6,29
42304448,23,0,23
44464065,23,4,27
46276566,23,2,25
46627940,23,0,23
46986079,23,3,26
47113735,23,3,26
47204170,23,5,28
47771481,23,6,29
49324978,23,0,23
49505876,23,16,39
50336367,23,0,23
51326500,23,14,37
52647524,23,4,27
52737870,23,0,23
53114955,23,0,23
53912756,23,1,24
54289519,23,1,24
54358945,23,1,24
54945426,23,0,23
54954072,23,1,24
55413460,23,3,26
56192739,23,0,23
56958507,23,0,23
57614352,23,0,23
58113236,23,2,25
58630346,23,1,24
60165404,23,14,37
60481849,23,3,26
60741954,23,0,23
64265755,23,1,24
65726219,23,0,23
65779852,23,11,34
72392058,23,0,23
72849378,23,0,23
73717605,23,6,29
76490413,23,1,24
77337059,23,2,25
79633960,23,0,23
80351928,23,0,23
80999225,23,1,24
83470215,23,3,26
83955876,23,15,38
83979815,23,0,23
84865908,23,2,25
94146506,23,0,23
94280478,23,0,23
100862693,23,0,23
103121228,23,3,26
103222382,23,9,32
103605264,23,1,24
103976021,23,4,27
104261303,23,3,26
104274071,23,2,25
104657062,23,3,26
104743153,23,0,23
110318156,23,7,30
111502883,23,1,24
113178740,23,2,25
114235871,23,2,25
121829079,23,2,25
122997557,23,2,25
126336155,23,0,23
128360486,23,0,23
129788863,23,0,23
131080812,23,2,25
131157205,23,4,27
132220401,23,2,25
133354334,23,0,23
134419939,23,1,24
134460106,23,0,23
136479913,23,0,23
136881432,23,72,95
138631890,23,2,25
139491667,23,5,28
142742074,23,0,23
143247248,23,0,23
146459577,23,52,75
150146448,23,1,24
150338030,23,0,23
153227410,23,1,24
154909077,23,0,23
156611821,23,6,29
164191595,23,2,25
168479728,23,107,130
170087628,23,0,23
170739116,23,0,23
170763654,23,0,23
171561129,23,1,24
174266782,23,5,28
174977643,23,3,26
181196634,23,0,23
183399458,23,1,24
194489115,23,3,26
196292489,23,8,31
197221861,23,0,23
199393177,23,2,25
201821833,23,0,23
202187060,23,0,23
203058745,23,10,33
203289062,23,2,25
207150709,23,0,23
218082596,23,0,23
221526580,23,1,24
222861547,23,1,24
223263548,23,0,23
224704872,23,5,28
224820157,23,0,23
238882112,23,1,24
241406440,23,17,40
243882040,23,11,34
247269447,23,1,24
248988561,23,1,24
252803331,23,1,24
256449419,23,0,23
256709630,23,0,23
261326494,23,1,24
261878833,23,1,24
262834804,23,6,29
262896496,23,0,23
264437427,23,1,24
271074488,23,0,23
272250791,23,6,29
277810122,23,41,64
278585862,23,2,25
279334833,23,3,26
280340521,23,0,23
286884325,23,1,24
290749657,23,2,25
293275271,23,0,23
295169719,23,0,23
295863148,23,3,26
301148733,23,0,23
301733414,23,1,24
302611492,23,3,26
302720798,23,1,24
305980209,23,0,23
308888287,23,0,23
309206948,23,1,24
312873552,23,2,25
312987287,23,0,23
314655658,23,1,24
316505077,23,0,23
317950551,23,1,24
320927817,23,0,23
322064312,23,1,24
326406448,23,4,27
329443798,23,1,24
329520809,23,1,24
331906375,23,0,23
337447628,23,1,24
337473512,23,0,23
339962901,23,2,25
343012467,23,0,23
343405613,23,0,23
345959527,23,4,27
348071022,23,74,97
348862487,23,0,23
351185849,23,0,23
358233532,23,2,25
360808281,23,1,24
364436594,23,1,24
371340747,23,0,23
374144787,23,0,23
374779409,23,0,23
379717031,23,1,24
379767285,23,3,26
380113623,23,2,25
381321514,23,0,23
381731159,23,2,25
383418826,23,8,31
386856278,23,0,23
388017681,23,8,31
389559621,23,1,24
391763203,23,1,24
392513288,23,3,26
395048148,23,2,25
398354613,23,21,44
403148973,23,0,23
406525423,23,33,56
414552429,23,0,23
416772537,23,0,23
420256088,23,5,28
422790982,23,2,25
437143466,23,2,25
451113127,23,1,24
454241383,23,1,24
454633246,23,2,25
456152070,23,3,26
459471568,23,0,23
464904932,23,0,23
466218562,23,0,23
466276457,23,0,23
470268558,23,121,144
471694651,23,1,24
472155463,23,0,23
473777801,23,0,23
478148698,23,1,24
483487295,23,2,25
483784350,23,2,25
485057218,23,1,24
491227446,23,2,25
495080509,23,1,24
495185704,23,0,23
496762984,23,2,25
496796636,23,0,23
501835093,23,0,23
505044794,23,0,23
505128368,23,0,23
505935928,23,1,24
506735232,23,1,24
514489563,23,3,26
515875166,23,3,26
519744927,23,1,24
525403335,23,0,23
525465568,23,0,23
532021170,23,2,25
532782147,23,1,24
536155463,23,0,23
540019941,23,1,24
541328418,23,0,23
548802093,23,2,25
551850819,23,0,23
551941377,23,1,24
552089644,23,2,25
556078740,23,1,24
556250249,23,0,23
566844675,23,2,25
575770760,23,0,23
575976006,23,1,24
582135529,23,17,40
585182654,23,1,24
590156804,23,4,27
592185078,23,1,24
593809668,23,1,24
594300121,23,1,24
608243816,23,8,31
609109916,23,1,24
609244628,23,0,23
613810928,23,1,24
617619927,23,162,185
627865229,23,0,23
631543401,23,8,31
636611445,23,0,23
703211408,23,0,23
705564782,23,99,122
705997410,23,0,23
709085574,23,1,24
714646234,23,2,25
714753149,23,2,25
720896389,23,4,27
722779350,23,1,24
730756428,23,4,27
736951440,23,0,23
737810892,23,1,24
743438647,23,2,25
749939078,23,13,36
755897108,23,2,25
760134366,23,0,23
772505262,23,0,23
778506216,23,0,23
779241055,23,3,26
787264867,23,1,24
788452310,23,0,23
790325839,23,0,23
790398000,23,10,33
792219673,23,0,23
800624990,23,3,26
805935860,23,5,28
814503757,23,1,24
823454042,23,1,24
824382936,23,1,24
835827074,23,1,24
843665610,23,4,27
844421089,23,0,23
845325566,23,6,29
846673729,23,0,23
851561316,23,0,23
851741624,23,1,24
854736331,23,1,24
855755587,23,1,24
857624024,23,0,23
857892534,23,0,23
860753305,23,1,24
875142642,23,0,23
884724134,23,0,23
887512130,23,0,23
890302164,23,3,26
891479666,23,1,24
894436309,23,4,27
901726730,23,0,23
903122724,23,2,25
908368650,23,8,31
928946293,23,1,24
929047183,23,1,24
933788114,23,40,63
937605804,23,0,23
938069005,23,8,31
942042836,23,1,24
958223216,23,24,47
960619339,23,0,23
970976972,23,4,27
974935658,23,1,24
991395636,23,1,24
1016248201,23,1,24
1017570618,23,3,26
1021386648,23,0,23
1024109838,23,0,23
1051767258,23,9,32
1074128436,23,7,30
1075593985,23,1,24
1090537537,23,1,24
1116952748,23,3,26
1126512673,23,0,23
1128612673,23,2,25
1149103728,23,0,23
1150937168,23,0,23
1162112953,23,30,53
1191690626,23,0,23
1208683914,23,0,23
1208851772,23,0,23
1209684721,23,6,29
1213105958,23,2,25
1223205924,23,5,28
1247553415,23,0,23
1291763527,23,1,24
1310811456,23,3,26
1324250802,23,0,23
1327854876,23,1,24
1328597425,23,1,24
1331865774,23,2,25
1341530864,23,3,26
1357969682,23,0,23
1372645488,23,1,24
1412594412,23,3,26
1413545528,23,0,23
1478389008,23,2,25
1485951612,23,0,23
1486744616,23,17,40
1512642086,23,1,24
1532683722,23,49,72
1544349642,23,1,24
1611093804,23,5,28
1627415906,23,0,23
1630621772,23,0,23
1633495021,23,0,23
1650913326,23,0,23
1674283712,23,0,23
1687089073,23,65,88
1692359030,23,0,23
1703201424,23,5,28
1716086210,23,1,24
1723392776,23,1,24
1724526038,23,4,27
1775516696,23,2,25
1855757575,23,2,25
1856183472,23,1,24
1886402096,23,15,38
1886919373,23,5,28
1902620707,23,4,27
1904325156,23,1,24
1911478922,23,49,72
1923871626,23,0,23
1929258950,23,8,31
1933506578,23,0,23
1964112182,23,9,32
1973453534,23,0,23
1977386683,23,2,25
2154940484,23,0,23
2171469827,23,1,24
2172169509,23,1,24
2190400729,23,0,23
2194945326,23,3,26
2204089021,23,41,64
2204909892,23,5,28
2205121861,23,2,25
2225194662,23,0,23
2241845783,23,0,23
2269237075,23,1,24
2298672626,23,1,24
2317666646,23,0,23
2333619771,23,0,23
2348119694,23,1,24
2349023034,23,0,23
2360832798,23,0,23
2362892479,23,0,23
2365857750,23,1,24
2371990877,23,1,24
2379316620,23,0,23
2419621051,23,0,23
2428168765,23,1,24
2438889943,23,2,25
2444622247,23,6,29
2469905970,23,3,26
2470194618,23,14,37
2474444498,23,0,23
2481061993,23,1,24
2495181530,23,0,23
2515686963,23,0,23
2528896927,23,3,26
2530551944,23,0,23
2555385283,23,1,24
2565467173,23,0,23
2573197924,23,0,23
2590278009,23,31,54
2607035342,23,0,23
2613167647,23,3,26
2654636243,23,0,23
2673057731,23,1,24
2723673599,23,0,23
2740546270,23,169,192
2745331075,23,4,27
2763692645,23,0,23
2763745062,23,10,33
2766044811,23,2,25
2774254504,23,0,23
2789153572,23,3,26
2792672981,23,78,101
2794860920,23,3,26
2795646840,23,0,23
2796798901,23,1,24
2809396552,23,195,218
2818659153,23,4,27
2819822130,23,0,23
2821352243,23,0,23
2833160985,23,1,24
2852457007,23,2,25
2860850722,23,0,23
2882989863,23,2,25
2885560028,23,2,25
2893916902,23,0,23
2900659636,23,0,23
2907412790,23,0,23
2939887733,23,1,24
2944914207,23,0,23
2961824689,23,16,39
2965212617,23,0,23
2999770351,23,2,25
2999908613,23,1,24
3003950637,23,0,23
3037092217,23,1,24
3040069319,23,0,23
3070655398,23,0,23
3071413653,23,1,24
3086043541,23,1,24
3090978444,23,1,24
3105323173,23,1,24
3155324821,23,0,23
3184426408,23,1,24
3184671876,23,0,23
3202808548,23,5,28
3214959652,23,10,33
3224597315,23,2,25
3229058694,23,78,101
3237360028,23,1,24
3240284270,23,1,24
3242188868,23,2,25
3243163729,23,3,26
3244262617,23,0,23
3246616311,23,1,24
3251989200,23,1,24
3253702923,23,2,25
3259694996,23,2,25
3265439376,23,1,24
3281137237,23,0,23
3284950100,23,2,25
3290617216,23,2,25
3290631534,23,1,24
3293018744,23,5,28
3294093036,23,0,23
3294140459,23,0,23
3300205033,23,1,24
3311748353,23,0,23
3315416702,23,0,23
3321672559,23,1,24
3323238999,23,1,24
3324972963,23,0,23
3343777197,23,2,25
3349297331,23,0,23
3355426034,23,0,23
3365814686,23,0,23
3387910827,23,0,23
3418880782,23,1,24
3419257222,23,1,24
3419970083,23,0,23
3431787033,23,2,25
3433581652,23,0,23
3439522222,23,0,23
3445813274,23,1,24
3476167333,23,0,23
3509698695,23,0,23
3527373813,23,2,25
3576468316,23,0,23
3576722714,23,1,24
3609762852,23,3,26
3676179976,23,1,24
3769602256,23,1,24
3807500952,23,2,25
3819608294,23,5,28
3829918459,23,3,26
3833913915,23,1,24
3838496359,23,0,23
3882457513,23,42,65
3899793796,23,1,24
3908636894,23,5,28
3951949763,23,0,23
3988483934,23,3,26
4005006215,23,0,23
4005092840,23,134,157
4032383368,23,1,24
4052199193,23,1,24
4091106004,23,0,23
4130189355,23,21,44
4136794512,23,0,23
4171425689,23,2,25
4202559260,23,1,24
4251207672,23,0,23
4262263900,23,0,23
4307979493,23,1,24
4334482653,23,0,23
4376571623,23,1,24
4441303487,23,0,23
4498653509,23,1,24
4549134672,23,0,23
4549852397,23,0,23
4554408269,23,0,23
4559608274,23,1,24
4585351826,23,2,25
4618682419,23,4,27
4642553576,23,1,24
4644292634,23,2,25
4652637732,23,2,25
4685262612,23,1,24
4704612192,23,0,23
4711312194,23,1,24
4742069898,23,0,23
4766257664,23,13,36
4776174948,23,0,23
4805950214,23,0,23
4813958617,23,0,23
4822938341,23,1,24
4823986414,23,0,23
4839141805,23,2,25
4842382102,23,0,23
4852302424,23,1,24
4852505482,23,0,23
4853549680,23,0,23
4859809317,23,1,24
4883149572,23,1,24
4893786143,23,1,24
4893893681,23,0,23
4900169815,23,0,23
4922884573,23,4,27
4925625639,23,0,23
700270901380718593,23,2,25
700327414472314881,23,20,43
700415062704427012,23,4,27
700669772929708033,23,0,23
700743446059814912,23,0,23
702949911684317184,23,0,23
703069812050829313,23,12,35
703332665781575680,23,0,23
703795647380520960,23,0,23
704089377807454208,23,3,26
704774802230288384,23,2,25
705091163234107392,23,0,23
705264216211644416,23,2,25
705427852636856321,23,4,27
705443053415206912,23,0,23
705448989030817792,23,3,26
705551837785677824,23,3,26
705597059475214336,23,2,25
705610284833095682,23,1,24
705973742048923648,23,2,25
705997396686172161,23,2,25
706257469262069760,23,2,25
706647360835694592,23,0,23
707287429326049280,23,2,25
707370312720105474,23,0,23
708433143729008640,23,23,46
708846222916894720,23,0,23
708850011140784128,23,3,26
709753864698912768,23,1,24
712248310686425088,23,1,24
712334829388484608,23,0,23
713407886374862848,23,0,23
713535791419559940,23,1,24
714864507798077444,23,0,23
715119725341061120,23,2,25
715172976963022852,23,1,24
715199755811471361,23,1,24
715868721923944448,23,14,37
716296309305528320,23,0,23
716379642475651072,23,3,26
718218205202923520,23,4,27
718224168425271296,23,0,23
718375439367028737,23,202,225
719424218174263297,23,0,23
719445846572548097,23,1,24
720704755761172481,23,1,24
720980329201143809,23,4,27
721861463149654016,23,0,23
722420172124852224,23,0,23
722639268951101440,23,0,23
722699766598090752,23,3,26
723545296794357761,23,0,23
726786052925591553,23,0,23
726832758987849733,23,0,23
727649560621768704,23,3,26
727928133157015553,23,0,23
728940113229656064,23,2,25
729520195736195072,23,13,36
731194331189612544,23,1,24
731931625215287296,23,0,23
732246885826695168,23,5,28
733055332507848704,23,0,23
734174779784077312,23,2,25
734215254251429888,23,2,25
734526310593232898,23,37,60
735890957791596544,23,0,23
735961524934746113,23,0,23
736357513071714304,23,0,23
736781452528885761,23,2,25
737446994109726720,23,3,26
738339549055614976,23,3,26
739237283920912384,23,0,23
741029391250116610,23,0,23
741320867033010176,23,3,26
742078298889457666,23,0,23
742150236005486592,23,0,23
743390215201382400,23,0,23
744645630543421442,23,0,23
744993988415913985,23,1,24
745810160896081920,23,0,23
746390494050062336,23,0,23
746753704578056194,23,2,25
746867917434781697,23,0,23
746896188759121920,23,0,23
747573243352072192,23,0,23
747914680669134848,23,8,31
748884139730927620,23,1,24
749355239426428928,23,0,23
749856588492640256,23,6,29
750700489914802177,23,0,23
750801638063910913,23,9,32
751132059536687104,23,0,23
751398492849967104,23,0,23
751468850151993344,23,1,24
753065078509871105,23,5,28
753310237843529728,23,0,23
754371321430216704,23,2,25
756140398792192000,23,0,23
756691370434256896,23,1,24
757289963683667968,23,0,23
757632850057310209,23,0,23
757766847890546690,23,1,24
758189186184650752,23,0,23
758383680767168515,23,0,23
758520043311341568,23,2,25
759149978648387584,23,2,25
761360517441007617,23,0,23
761368650741784576,23,1,24
762122505062580225,23,0,23
762410728280252417,23,1,24
762508826004172801,23,2,25
762681968572194817,23,0,23
762878463711649792,23,4,27
763167994788847616,23,1,24
764580947262107648,23,0,23
764648651159470080,23,3,26
765323726699106305,23,2,25
765707926610796544,23,0,23
766426255638065153,23,1,24
767987258150518784,23,11,34
769246084162023424,23,0,23
771394841838170112,23,1,24
774045353096146944,23,0,23
774506772325335040,23,0,23
774937444848398336,23,1,24
775126826540642304,23,0,23
776858806361788416,23,2,25
778043368089595904,23,13,36
779754896631488512,23,0,23
780898922088673280,23,0,23
782627278312177664,23,0,23
782711675195625472,23,0,23
783485509066633217,23,0,23
783802950569254912,23,6,29
785087068368171008,23,1,24
785557425369722880,23,0,23
787979089403576321,23,0,23
789152878946508801,23,0,23
789167464042991616,23,0,23
789280152513486849,23,0,23
789430173796077568,23,1,24
789624163002617857,23,1,24
792624036547137536,23,0,23
792655506414243841,23,1,24
792943414702645249,23,0,23
794195676431142912,23,1,24
795091889527595008,23,0,23
795295603550928896,23,2,25
796715429817413636,23,2,25
796774726014238720,23,2,25
797364803631284224,23,0,23
800423597323874304,23,0,23
805556161701216256,23,0,23
1336291,22,1,23
5145071,22,0,22
7591572,22,45,67
12474152,22,1,23
12996592,22,1,23
14522779,22,14,36
14800149,22,0,22
14810054,22,2,24
14934964,22,6,28
15724305,22,0,22
15946404,22,6,28
16558608,22,0,22
16848470,22,0,22
16853875,22,0,22
17031077,22,0,22
17233536,22,2,24
17444647,22,10,32
17593911,22,0,22
18019121,22,6,28
18111483,22,0,22
18175598,22,1,23
18198499,22,1,23
18244206,22,13,35
18668686,22,2,24
18812741,22,4,26
19101786,22,2,24
19491668,22,0,22
19858241,22,0,22
19960756,22,3,25
20138128,22,3,25
20216281,22,0,22
20598873,22,2,24
20685158,22,0,22
22287842,22,0,22
22468101,22,0,22
22491659,22,2,24
22513566,22,1,23
22536520,22,5,27
22568294,22,1,23
23700259,22,0,22
23722910,22,1,23
24130487,22,2,24
24133107,22,1,23
24426634,22,1,23
24470535,22,7,29
24520600,22,0,22
24869391,22,1,23
25230558,22,1,23
25808658,22,8,30
25907720,22,0,22
26596157,22,0,22
26868545,22,0,22
27228928,22,0,22
27777776,22,0,22
29726028,22,2,24
30206446,22,0,22
30268894,22,0,22
30422050,22,0,22
30994811,22,0,22
32483486,22,12,34
33220629,22,2,24
33327895,22,1,23
34194051,22,1,23
34637327,22,0,22
34681234,22,0,22
35041828,22,1,23
36039018,22,2,24
36344945,22,1,23
36444487,22,3,25
36450120,22,1,23
36676006,22,1,23
36923476,22,1,23
36952214,22,0,22
37023435,22,0,22
37238077,22,6,28
37335260,22,1,23
38435334,22,0,22
38670272,22,7,29
38919023,22,2,24
39502036,22,0,22
39908142,22,86,108
39997450,22,0,22
40452673,22,3,25
41221587,22,1,23
41232967,22,0,22
41621936,22,1,23
41911104,22,6,28
41911895,22,3,25
44401063,22,1,23
45460456,22,1,23
45846954,22,0,22
47253430,22,9,31
47255381,22,0,22
47697376,22,3,25
48329469,22,2,24
48745786,22,4,26
49172121,22,14,36
49390987,22,0,22
49887912,22,2,24
50328079,22,7,29
50831585,22,0,22
51615054,22,0,22
53081437,22,2,24
54753814,22,0,22
54759492,22,3,25
56035004,22,0,22
56432677,22,2,24
57504135,22,0,22
58310286,22,1,23
58477980,22,2,24
58607069,22,1,23
59816192,22,251,273
59819458,22,0,22
60059469,22,0,22
60747339,22,2,24
61783235,22,0,22
62909709,22,0,22
63188134,22,4,26
63230162,22,0,22
63528313,22,2,24
63829580,22,0,22
64748982,22,0,22
65181167,22,3,25
66499214,22,0,22
66858909,22,1,23
66886804,22,6,28
67720874,22,5,27
67735915,22,1,23
71656731,22,2,24
74091615,22,0,22
75391501,22,1,23
78343030,22,4,26
80052046,22,1,23
80195106,22,1,23
80965639,22,0,22
83716230,22,0,22
83725282,22,1,23
86730270,22,0,22
88106201,22,5,27
88494677,22,1,23
88951664,22,2,24
90478743,22,20,42
92105154,22,2,24
94215997,22,0,22
95655865,22,1,23
96261366,22,4,26
97269417,22,0,22
97970494,22,0,22
98292224,22,0,22
99608225,22,1,23
100337625,22,3,25
100343376,22,1,23
106514937,22,8,30
107903506,22,0,22
108417706,22,9,31
112220804,22,0,22
112857411,22,46,68
115121540,22,0,22
117342715,22,2,24
118164746,22,1,23
118409087,22,0,22
118713637,22,3,25
118978778,22,0,22
119886696,22,0,22
119995912,22,0,22
121483166,22,0,22
122141448,22,2,24
125139541,22,5,27
126781018,22,1,23
129154489,22,0,22
130094578,22,2,24
131311703,22,0,22
132299087,22,0,22
133055630,22,2,24
133347354,22,1,23
137145948,22,0,22
139737576,22,7,29
143123814,22,3,25
143930251,22,3,25
146706066,22,2,24
152245925,22,3,25
154342251,22,43,65
155766124,22,0,22
157158368,22,0,22
157463086,22,0,22
161469698,22,2,24
161754114,22,1,23
162162267,22,1,23
164012840,22,0,22
164672446,22,2,24
165351064,22,2,24
169208724,22,0,22
172559532,22,34,56
173539846,22,1,23
174202438,22,0,22
179987990,22,1,23
180074028,22,1,23
180614856,22,4,26
181064035,22,23,45
184985292,22,0,22
186395658,22,0,22
188935214,22,0,22
189632299,22,0,22
191638016,22,1,23
192309131,22,0,22
197994096,22,0,22
198000806,22,1,23
205028527,22,2,24
205618606,22,1,23
207648834,22,0,22
209964234,22,3,25
211414510,22,3,25
216669257,22,0,22
217515933,22,0,22
217649062,22,0,22
219867331,22,0,22
222850010,22,1,23
224564319,22,0,22
228015335,22,197,219
228402205,22,0,22
232414186,22,1,23
234103674,22,0,22
235321600,22,0,22
235887538,22,1,23
236104601,22,1,23
236681060,22,25,47
236684588,22,0,22
248053168,22,1,23
249203597,22,0,22
260288666,22,0,22
260527870,22,0,22
265732510,22,0,22
266280051,22,0,22
266989727,22,4,26
267835355,22,0,22
272076747,22,0,22
274508914,22,0,22
281320206,22,1,23
288609351,22,3,25
295171830,22,1,23
298722510,22,0,22
299926882,22,0,22
304816094,22,0,22
307011013,22,1,23
308674565,22,12,34
310563764,22,0,22
312213753,22,2,24
315083853,22,0,22
316578266,22,122,144
319436171,22,9,31
323499989,22,2,24
329420345,22,1,23
329523464,22,0,22
332461251,22,41,63
333385090,22,1,23
334267452,22,1,23
340789196,22,0,22
341452245,22,0,22
352537680,22,1,23
357556617,22,0,22
357765984,22,2,24
357929796,22,0,22
365256150,22,0,22
367843406,22,24,46
368838415,22,5,27
370128703,22,1,23
372046324,22,0,22
377305070,22,1,23
378379412,22,0,22
378832892,22,0,22
385064598,22,0,22
385745715,22,1,23
387543532,22,0,22
387748557,22,0,22
391122868,22,1,23
391774028,22,0,22
393088169,22,2,24
396826355,22,0,22
408696926,22,6,28
410204660,22,0,22
414398508,22,1,23
418639778,22,0,22
423010837,22,0,22
425936834,22,4,26
426153895,22,48,70
427211577,22,1,23
428024771,22,3,25
433180944,22,0,22
434681649,22,3,25
437949264,22,1,23
441543169,22,6,28
445572564,22,90,112
449019734,22,0,22
449265720,22,2,24
454774863,22,0,22
461220518,22,0,22
466008745,22,3,25
466364654,22,24,46
476133699,22,0,22
476386235,22,0,22
476537959,22,3,25
479051516,22,1,23
479384808,22,1,23
479881865,22,0,22
480933989,22,0,22
482392171,22,2,24
482408064,22,0,22
484514913,22,0,22
486917776,22,0,22
488582518,22,1,23
490763121,22,0,22
490890950,22,0,22
494366371,22,0,22
494999217,22,5,27
497128463,22,1,23
498221887,22,0,22
498294953,22,0,22
500322924,22,2,24
500956881,22,0,22
512344582,22,0,22
513251462,22,0,22
514840946,22,4,26
518715637,22,4,26
519524383,22,1,23
520799250,22,1,23
525635864,22,1,23
526282981,22,8,30
531192647,22,3,25
531475091,22,1,23
531482624,22,3,25
531583403,22,2,24
532737749,22,4,26
534848085,22,2,24
542258446,22,0,22
543447755,22,1,23
546562045,22,0,22
549203022,22,2,24
553224712,22,1,23
562371864,22,1,23
563767568,22,0,22
564974398,22,0,22
567416690,22,0,22
572755657,22,246,268
574876139,22,0,22
583663235,22,1,23
594683722,22,9,31
599941773,22,1,23
603332749,22,5,27
607238071,22,0,22
630549883,22,0,22
634036652,22,1,23
634386286,22,2,24
710710809,22,0,22
712568610,22,1,23
729246649,22,0,22
734163434,22,0,22
741819595,22,1,23
753465446,22,3,25
765855852,22,10,32
774672882,22,20,42
775415430,22,3,25
785855912,22,1,23
792005616,22,0,22
795368869,22,3,25
796527032,22,1,23
799264962,22,1,23
799711939,22,5,27
802985486,22,1,23
804426548,22,2,24
811628198,22,0,22
815613804,22,1,23
817338631,22,0,22
820596079,22,32,54
823440272,22,0,22
827733534,22,2,24
830796049,22,0,22
833007811,22,0,22
841958790,22,1,23
842374393,22,2,24
843685032,22,5,27
857655936,22,2,24
862306448,22,2,24
865001173,22,1,23
876694266,22,0,22
877128822,22,2,24
878482088,22,1,23
880046730,22,0,22
885712620,22,5,27
886231915,22,0,22
898927489,22,1,23
900282421,22,0,22
903953910,22,5,27
923252185,22,4,26
927846468,22,0,22
930191521,22,2,24
933391981,22,0,22
948986054,22,0,22
968032866,22,0,22
970516614,22,0,22
973256724,22,1,23
988792045,22,2,24
989936976,22,0,22
990077707,22,1,23
990952728,22,3,25
998475457,22,4,26
1005313796,22,0,22
1036047091,22,0,22
1053967986,22,0,22
1058692386,22,0,22
1064213600,22,0,22
1071540248,22,0,22
1086656658,22,1,23
1102547078,22,1,23
1112486646,22,61,83
1116198943,22,0,22
1117619276,22,0,22
1144033710,22,0,22
1148334116,22,0,22
1158273516,22,0,22
1159047036,22,62,84
1160157319,22,0,22
1161449142,22,2,24
1166107657,22,1,23
1172892373,22,0,22
1184494045,22,2,24
1187944056,22,4,26
1228841420,22,0,22
1228881116,22,1,23
1267142234,22,1,23
1272713011,22,1,23
1344022837,22,29,51
1351595492,22,0,22
1358415961,22,0,22
1360271748,22,3,25
1385840035,22,0,22
1414713511,22,38,60
1417793336,22,2,24
1420720760,22,0,22
1430844234,22,0,22
1439946865,22,1,23
1447630747,22,0,22
1453102772,22,0,22
1455890449,22,0,22
1464091735,22,0,22
1465338450,22,0,22
1486309188,22,5,27
1500145819,22,1,23
1539042794,22,1,23
1542240896,22,1,23
1548924426,22,3,25
1548937776,22,0,22
1555472870,22,0,22
1578926892,22,3,25
1592079828,22,1,23
1643052990,22,1,23
1646973566,22,2,24
1651428402,22,2,24
1659942950,22,0,22
1662709308,22,0,22
1684704224,22,2,24
1717467607,22,1,23
1718752172,22,0,22
1796165244,22,0,22
1850291239,22,0,22
1852671354,22,0,22
1857629936,22,1,23
1875417510,22,0,22
1883007956,22,0,22
1887127284,22,2,24
1895992122,22,4,26
1897817845,22,4,26
1898295032,22,2,24
1904550620,22,1,23
1938269708,22,0,22
1959214038,22,1,23
2179227690,22,1,23
2183015779,22,1,23
2183513012,22,0,22
2228911879,22,4,26
2229020947,22,1,23
2259655699,22,13,35
2268016048,22,4,26
2277317736,22,1,23
2286862575,22,45,67
2292074120,22,0,22
2308628382,22,0,22
2332956539,22,2,24
2336560186,22,0,22
2344070632,22,3,25
2350281912,22,0,22
2360066418,22,0,22
2377567476,22,0,22
2383282580,22,13,35
2401363642,22,0,22
2409039450,22,0,22
2421495771,22,1,23
2426253331,22,1,23
2432310906,22,8,30
2435540122,22,16,38
2451808070,22,4,26
2478823596,22,0,22
2482467620,22,2,24
2503043095,22,0,22
2506436971,22,3,25
2510923102,22,0,22
2524390371,22,0,22
2531443716,22,0,22
2542093392,22,1,23
2572112909,22,6,28
2587548721,22,20,42
2597869922,22,0,22
2612971414,22,3,25
2654366676,22,0,22
2710920008,22,0,22
2712999488,22,0,22
2715657882,22,2,24
2725650857,22,37,59
2733284586,22,6,28
2738512605,22,6,28
2740452163,22,8,30
2741553948,22,0,22
2741677529,22,1,23
2742212314,22,2,24
2790113463,22,1,23
2801519730,22,0,22
2802522952,22,6,28
2825963158,22,1,23
2831146381,22,1,23
2831866067,22,0,22
2837008834,22,0,22
2842753576,22,3,25
2854323813,22,2,24
2863451998,22,0,22
2868513371,22,3,25
2871416611,22,10,32
2875990708,22,2,24
2876342505,22,0,22
2883353289,22,14,36
2884962678,22,1,23
2885409424,22,1,23
2895293826,22,1,23
2896380156,22,0,22
2899171851,22,1,23
2906396959,22,0,22
2913769696,22,0,22
2919009327,22,1,23
2922401920,22,0,22
2938584851,22,0,22
2949092680,22,4,26
2950031657,22,20,42
2974971244,22,0,22
2981363392,22,0,22
2981495019,22,0,22
2983484457,22,1,23
2984852882,22,0,22
2989279619,22,1,23
2991363564,22,0,22
3013763125,22,1,23
3019966110,22,1,23
3041523664,22,0,22
3049833302,22,0,22
3055645150,22,0,22
3063099461,22,2,24
3063299361,22,0,22
3063811661,22,1,23
3065350508,22,6,28
3069681082,22,0,22
3091296230,22,0,22
3098141915,22,4,26
3118411242,22,1,23
3132898530,22,11,33
3134005926,22,10,32
3137648726,22,50,72
3139101181,22,3,25
3152182926,22,0,22
3173348733,22,1,23
3179516406,22,0,22
3182357444,22,0,22
3188918976,22,6,28
3192392773,22,1,23
3220418570,22,1,23
3230825595,22,17,39
3236254500,22,2,24
3266109458,22,1,23
3266173884,22,1,23
3276881384,22,0,22
3280703743,22,0,22
3292008341,22,0,22
3294764065,22,1,23
3295431565,22,0,22
3298348667,22,0,22
3303655311,22,1,23
3310345907,22,0,22
3318189546,22,0,22
3324966218,22,2,24
3325144356,22,2,24
3327340341,22,2,24
3341148963,22,1,23
3351297111,22,0,22
3363915879,22,0,22
3376601414,22,1,23
3379181751,22,0,22
3382075726,22,1,23
3384496811,22,0,22
3390221867,22,2,24
3397239460,22,0,22
3397533639,22,0,22
3408555129,22,1,23
3408887953,22,3,25
3426237448,22,0,22
3434719150,22,2,24
3438661869,22,1,23
3443482040,22,1,23
3453942737,22,1,23
3483845499,22,1,23
3496942214,22,0,22
3505493176,22,1,23
3537202635,22,3,25
3587325614,22,4,26
3609862152,22,0,22
3661539314,22,1,23
3699834797,22,2,24
3808400353,22,0,22
3882491892,22,4,26
3888630515,22,0,22
3931810113,22,1,23
3939833602,22,0,22
3951178401,22,0,22
4020035189,22,1,23
4043058735,22,2,24
4053554429,22,0,22
4057854497,22,5,27
4088547303,22,4,26
4100017613,22,1,23
4109426293,22,0,22
4144068922,22,0,22
4166478580,22,1,23
4186294360,22,1,23
4188430279,22,0,22
4198769722,22,0,22
4220876422,22,4,26
4230386423,22,4,26
4252553543,22,14,36
4272988225,22,2,24
4353369155,22,0,22
4373325793,22,2,24
4386427643,22,2,24
4409765777,22,0,22
4443635298,22,1,23
4453420752,22,2,24
4455054612,22,3,25
4465545972,22,5,27
4501021340,22,1,23
4506194007,22,0,22
4508868526,22,0,22
4513215379,22,81,103
4513795767,22,2,24
4527747562,22,0,22
4594814402,22,1,23
4595689636,22,68,90
4627029672,22,0,22
4668843754,22,2,24
4715309654,22,2,24
4735889903,22,0,22
4736015117,22,2,24
4751207234,22,2,24
4761217758,22,12,34
4761425001,22,1,23
4822536123,22,5,27
4824787895,22,1,23
4838144877,22,0,22
4843717437,22,3,25
4852667166,22,0,22
4875352630,22,27,49
4878650007,22,1,23
4887373775,22,2,24
4893582459,22,1,23
4924317899,22,1,23
701058263278862337,22,0,22
701206869415747584,22,6,28
702724661327450112,22,0,22
702933958913175553,22,0,22
703006689960849408,22,0,22
703088067142266880,22,0,22
703799818682892288,22,0,22
704847016573022209,22,0,22
705116785532653568,22,0,22
705563459426131969,22,1,23
705880928116199424,22,4,26
705963579502104576,22,1,23
706152791031488512,22,2,24
706542798724444160,22,69,91
706952308203122690,22,2,24
708011780023263232,22,0,22
708048921289998336,22,0,22
708503044057530368,22,1,23
708646188174548992,22,146,168
708658575640551425,22,1,23
708805977718591488,22,21,43
709076303278833666,22,10,32
709532938350690306,22,3,25
709835912125878272,22,1,23
710646152060919809,22,1,23
711541775551352832,22,2,24
712706648327004160,22,3,25
712755297283096577,22,9,31
712770846658433025,22,0,22
713426363256938496,22,1,23
713911836022714368,22,1,23
714083650984349698,22,1,23
714146188677816320,22,1,23
714892767961415681,22,0,22
714926141925097472,22,7,29
715207401180237824,22,2,24
715475896036012033,22,4,26
715654770694955008,22,0,22
716089832871567360,22,0,22
716144052362616834,22,0,22
717780392070160384,22,9,31
717823531258503168,22,1,23
718167356070105089,22,1,23
720408950449909760,22,1,23
721029611543511041,22,14,36
721311165918224384,22,0,22
721571639142391808,22,0,22
723352020246122497,22,60,82
724078666301485056,22,0,22
724580711693348867,22,1,23
725867168726929412,22,5,27
726270016119697408,22,2,24
728715518094417920,22,0,22
729048277669253120,22,0,22
729298175253680129,22,0,22
729640904806563840,22,3,25
730591283337535488,22,2,24
731284674895618049,22,3,25
732020123389820929,22,0,22
732033531304501252,22,0,22
732215336158826497,22,230,252
732743680952438784,22,0,22
732976058266464256,22,1,23
735404313866948608,22,0,22
735433430838718464,22,0,22
739780316152401920,22,1,23
740820794725543937,22,1,23
741387214832177152,22,0,22
742097611130183680,22,2,24
742664931217178624,22,0,22
743170232676556801,22,2,24
743503887974408192,22,0,22
744036646610403328,22,0,22
745063531410767872,22,1,23
745240971147943937,22,3,25
745750044540833792,22,0,22
746693401240756224,22,3,25
746778256288817153,22,2,24
747617765750628352,22,1,23
748351285703761920,22,1,23
748686034393849857,22,1,23
749365287758200832,22,1,23
750462268551340032,22,0,22
750707209970024448,22,2,24
750997817947197440,22,10,32
751401832887492608,22,0,22
751475833534046208,22,1,23
751847532200853504,22,0,22
752046404395110400,22,0,22
752237063441936384,22,1,23
752855424244801537,22,0,22
753774780759826433,22,6,28
754358472649474048,22,2,24
754818422379311104,22,0,22
755130880692133888,22,0,22
755229485419683840,22,1,23
755445125447168000,22,0,22
756615199914721280,22,1,23
756751777106579457,22,1,23
756785664511709184,22,0,22
756819037103853569,22,0,22
757305033935290368,22,3,25
757334838953250816,22,1,23
757588336835956736,22,0,22
757764767964553216,22,1,23
758021666760855552,22,0,22
758307367306100740,22,3,25
758565961301630977,22,1,23
758792526555906048,22,0,22
759085449952399360,22,0,22
759101816659406848,22,0,22
759246045398364160,22,6,28
759910548389539840,22,1,23
760184091409088512,22,0,22
760823333730471936,22,2,24
761673641885130752,22,1,23
762026135546957824,22,3,25
762515679190712320,22,6,28
763414567863005184,22,0,22
763844670422126592,22,0,22
763926273504579585,22,0,22
764664012114108416,22,4,26
767004510782787584,22,1,23
767393403919224832,22,0,22
768093027231424512,22,0,22
768979719987482625,22,0,22
770449922395078657,22,0,22
772121935362666496,22,2,24
772498983201550336,22,0,22
773707693504794629,22,0,22
773986289695744000,22,5,27
773992705437364224,22,0,22
774703880705675264,22,23,45
774937403081449472,22,0,22
775838218423984128,22,4,26
777853893900316672,22,0,22
777971586720788480,22,0,22
778947337494237184,22,2,24
779777356172972032,22,2,24
780208199978749953,22,0,22
780594161959378944,22,0,22
781125491302473728,22,1,23
782310190431346688,22,0,22
782331913881001984,22,0,22
784105193063473152,22,1,23
784496896870014976,22,22,44
784845483835437056,22,3,25
785176227791253504,22,0,22
785455383737348097,22,0,22
785746783951527936,22,1,23
786970407102324736,22,0,22
787072755430625280,22,2,24
787691178976219137,22,0,22
788857857013796864,22,0,22
788900591728668673,22,0,22
789619303393927168,22,0,22
789948626348806144,22,0,22
789978012066451456,22,6,28
790057338598109184,22,0,22
790725486426988545,22,2,24
793452003141844996,22,0,22
794541949248122880,22,1,23
794691969108819968,22,0,22
795061148395540480,22,0,22
796415438930448385,22,2,24
796807918121259010,22,17,39
797489634045558785,22,1,23
8723282,21,1,22
14146572,21,0,21
14204817,21,0,21
14328405,21,0,21
14581602,21,0,21
14604465,21,0,21
14736261,21,0,21
14962437,21,18,39
15071547,21,0,21
15147009,21,1,22
15244352,21,1,22
15281435,21,1,22
15328129,21,8,29
15521991,21,1,22
15941116,21,2,23
15945496,21,1,22
15966418,21,1,22
16158692,21,6,27
16208846,21,25,46
16420194,21,0,21
16469505,21,119,140
16475978,21,45,66
16527100,21,2,23
16538713,21,0,21
16588666,21,14,35
16643649,21,0,21
16750391,21,0,21
16812135,21,0,21
17028391,21,0,21
17398725,21,0,21
17726407,21,2,23
18085565,21,10,31
18113160,21,49,70
18458105,21,0,21
18741944,21,23,44
18772564,21,0,21
18932315,21,0,21
19648957,21,5,26
20113220,21,0,21
21009217,21,3,24
21095724,21,1,22
21149162,21,44,65
21283870,21,4,25
21742949,21,4,25
22004284,21,0,21
22805192,21,15,36
22821563,21,64,85
23195603,21,1,22
23355113,21,0,21
23507249,21,0,21
23687917,21,22,43
23835119,21,4,25
24081461,21,1,22
24262144,21,0,21
25065527,21,5,26
25185603,21,1,22
25368960,21,12,33
25635800,21,12,33
25660988,21,1,22
26259429,21,2,23
26700483,21,0,21
26812918,21,2,23
27559988,21,2,23
28199470,21,2,23
28426437,21,6,27
28562677,21,0,21
28712882,21,4,25
28912614,21,1,22
29190953,21,3,24
29807088,21,2,23
30416706,21,0,21
31417953,21,84,105
31445547,21,1,22
32368497,21,0,21
32646616,21,0,21
33810385,21,4,25
35620074,21,13,34
35774006,21,0,21
36187515,21,2,23
36498524,21,0,21
36751380,21,0,21
37033185,21,2,23
37381180,21,39,60
38047949,21,0,21
38469172,21,6,27
39309177,21,3,24
39890009,21,3,24
41365429,21,0,21
42231269,21,0,21
42283722,21,0,21
43214345,21,1,22
43244562,21,1,22
43749437,21,4,25
44321298,21,1,22
44338956,21,0,21
44481763,21,4,25
44595454,21,5,26
44959884,21,3,24
45608788,21,2,23
45647641,21,46,67
45673524,21,50,71
46156529,21,2,23
46195585,21,2,23
46522067,21,86,107
46923727,21,0,21
47064235,21,0,21
47279266,21,0,21
47554499,21,133,154
48099542,21,0,21
48130139,21,1,22
48169508,21,9,30
48499287,21,4,25
49499772,21,0,21
49510201,21,0,21
49690314,21,0,21
49694359,21,0,21
49781865,21,2,23
50438882,21,1,22
50745143,21,2,23
51111575,21,3,24
51331402,21,3,24
51757193,21,2,23
52658734,21,2,23
53787946,21,0,21
53997854,21,0,21
54453833,21,0,21
55399489,21,4,25
56044856,21,2,23
56275127,21,2,23
56779441,21,1,22
57461026,21,2,23
58892667,21,1,22
59995042,21,2,23
61326807,21,4,25
61347340,21,0,21
62465724,21,5,26
65185026,21,0,21
65382842,21,13,34
67632815,21,1,22
69078882,21,0,21
70308625,21,0,21
73490800,21,0,21
73922714,21,0,21
74389869,21,1,22
76133672,21,0,21
76938029,21,40,61
77074685,21,0,21
78481599,21,4,25
79656999,21,0,21
80211578,21,4,25
80313943,21,0,21
80968470,21,0,21
82383649,21,2,23
84129927,21,1,22
87007752,21,2,23
87120401,21,0,21
87410126,21,1,22
87844934,21,4,25
89442672,21,1,22
90036756,21,2,23
91634316,21,0,21
91816361,21,1,22
93546606,21,0,21
95482149,21,2,23
95704598,21,0,21
95707279,21,17,38
97670814,21,1,22
104593148,21,0,21
105861463,21,0,21
105873327,21,1,22
105939126,21,0,21
106651620,21,0,21
111571153,21,0,21
114700046,21,0,21
115589788,21,6,27
116017907,21,1,22
117844563,21,2,23
118619214,21,35,56
124679061,21,2,23
124898913,21,116,137
126197204,21,1,22
126599658,21,0,21
126661808,21,0,21
129077234,21,2,23
129296015,21,1,22
130091666,21,0,21
130600530,21,2,23
131326812,21,0,21
131757521,21,25,46
131939707,21,2,23
135345709,21,0,21
138248250,21,2,23
140409016,21,0,21
143539322,21,2,23
147408059,21,1,22
153117197,21,1,22
160164598,21,8,29
160312107,21,0,21
161888205,21,0,21
163879552,21,1,22
166751914,21,0,21
167306978,21,0,21
169775526,21,0,21
175841078,21,0,21
177507309,21,1,22
181173607,21,0,21
182827255,21,0,21
184267522,21,0,21
184448143,21,3,24
188124034,21,0,21
189116097,21,0,21
192230195,21,0,21
192294214,21,0,21
194160226,21,0,21
194203648,21,1,22
196802928,21,239,260
199467201,21,2,23
207741450,21,6,27
211191777,21,4,25
215436133,21,0,21
217320158,21,11,32
217503637,21,1,22
224191683,21,0,21
225798076,21,0,21
226326037,21,0,21
226401187,21,0,21
229470916,21,0,21
231076439,21,0,21
233354616,21,2,23
234531577,21,1,22
235189841,21,0,21
237488620,21,4,25
238350762,21,29,50
238696316,21,5,26
242117919,21,0,21
244271602,21,0,21
244610169,21,0,21
245403223,21,0,21
247240916,21,0,21
247872733,21,6,27
250875516,21,2,23
252260320,21,1,22
252434833,21,0,21
255123448,21,2,23
255638314,21,0,21
257086746,21,81,102
257088807,21,5,26
260294326,21,0,21
260554898,21,0,21
261053799,21,1,22
261331531,21,3,24
261760711,21,1,22
263301914,21,0,21
264292425,21,44,65
264627904,21,0,21
266894776,21,30,51
268170197,21,1,22
270029540,21,0,21
273510199,21,0,21
274411094,21,0,21
277373678,21,1,22
294928501,21,0,21
294996030,21,0,21
297561618,21,0,21
300162142,21,2,23
301898676,21,0,21
302240023,21,24,45
304988603,21,7,28
330020539,21,1,22
339128765,21,0,21
339935948,21,0,21
341537548,21,0,21
342521658,21,0,21
345302515,21,0,21
347927563,21,21,42
357561076,21,1,22
359784067,21,0,21
365047482,21,1,22
366079629,21,5,26
369121003,21,1,22
370968677,21,0,21
371412800,21,54,75
372418397,21,2,23
374331930,21,0,21
377069601,21,0,21
379082219,21,0,21
383719410,21,3,24
388436712,21,0,21
393789166,21,1,22
394669902,21,0,21
400312877,21,0,21
401080387,21,3,24
421425015,21,0,21
422724447,21,1,22
426831880,21,3,24
428290762,21,0,21
431590274,21,1,22
431901670,21,2,23
432168639,21,2,23
439141551,21,26,47
446585016,21,0,21
447543387,21,1,22
452650311,21,0,21
453537985,21,2,23
458000128,21,0,21
462476619,21,3,24
462614179,21,0,21
462683900,21,1,22
465101416,21,1,22
472407653,21,13,34
473943335,21,0,21
475152225,21,0,21
478726723,21,0,21
480853069,21,2,23
482769573,21,0,21
483288555,21,3,24
488097542,21,0,21
493339105,21,0,21
493833883,21,0,21
497497133,21,1,22
498351854,21,1,22
505049911,21,1,22
506829723,21,0,21
506838025,21,0,21
510249048,21,1,22
518159107,21,1,22
519951175,21,0,21
531485005,21,1,22
531953001,21,1,22
532694029,21,1,22
535800205,21,6,27
537518144,21,0,21
538683858,21,4,25
541763692,21,4,25
544001732,21,3,24
544197275,21,0,21
544767854,21,1,22
545068087,21,0,21
545181592,21,0,21
546063497,21,5,26
547976514,21,0,21
551335832,21,5,26
556839915,21,5,26
566820033,21,6,27
566852387,21,0,21
571865935,21,1,22
575037059,21,2,23
576580745,21,0,21
579936874,21,0,21
585968039,21,0,21
586236516,21,4,25
600525969,21,0,21
606747591,21,1,22
611621888,21,0,21
625336683,21,0,21
628773709,21,0,21
632641566,21,0,21
634653238,21,2,23
634928390,21,1,22
637110015,21,0,21
711930655,21,0,21
733065768,21,0,21
739657206,21,1,22
754135908,21,70,91
760584998,21,0,21
765515454,21,0,21
781248848,21,0,21
787263306,21,0,21
787981196,21,1,22
789745892,21,0,21
792904291,21,1,22
797333324,21,0,21
807741085,21,0,21
807915757,21,0,21
812547223,21,1,22
813106447,21,24,45
823358438,21,1,22
834766856,21,0,21
836456366,21,1,22
840546942,21,0,21
844266685,21,0,21
850348448,21,3,24
853565910,21,56,77
860665718,21,1,22
861667687,21,0,21
863380201,21,0,21
865457972,21,0,21
870845882,21,1,22
873092654,21,0,21
873595740,21,0,21
876698706,21,0,21
878634900,21,3,24
883263121,21,3,24
890937192,21,0,21
892395486,21,4,25
894097136,21,0,21
896142427,21,0,21
901964414,21,2,23
903272714,21,1,22
905093052,21,1,22
910122312,21,1,22
917320920,21,6,27
932568674,21,0,21
935605250,21,2,23
955070096,21,2,23
961634492,21,1,22
980583553,21,0,21
986818338,21,0,21
1000055215,21,3,24
1006890408,21,1,22
1015818757,21,1,22
1020698905,21,0,21
1025230921,21,0,21
1028455254,21,0,21
1033317714,21,0,21
1052096910,21,0,21
1079657856,21,1,22
1097689651,21,0,21
1115237750,21,11,32
1117612238,21,5,26
1128274993,21,15,36
1134924498,21,0,21
1161094050,21,1,22
1180615920,21,0,21
1182902648,21,2,23
1206586722,21,0,21
1213771675,21,0,21
1213911559,21,0,21
1258946970,21,2,23
1264291556,21,36,57
1281274712,21,2,23
1283077502,21,1,22
1291892442,21,0,21
1302283879,21,0,21
1313849851,21,0,21
1321086265,21,1,22
1335801494,21,2,23
1355554723,21,1,22
1364411220,21,0,21
1364716526,21,6,27
1375989128,21,1,22
1386383472,21,0,21
1387697934,21,0,21
1427757265,21,17,38
1427984040,21,4,25
1449530082,21,0,21
1449739435,21,0,21
1450604106,21,2,23
1471194955,21,2,23
1475383028,21,13,34
1485892766,21,1,22
1491173161,21,0,21
1502485694,21,2,23
1520420251,21,1,22
1535717894,21,0,21
1536429432,21,0,21
1546276651,21,1,22
1547356278,21,0,21
1559553608,21,3,24
1561089912,21,0,21
1564462296,21,1,22
1565939916,21,15,36
1576237694,21,1,22
1614046992,21,1,22
1628635566,21,1,22
1633043419,21,1,22
1633332583,21,0,21
1636710595,21,0,21
1656884071,21,1,22
1676285761,21,12,33
1688241835,21,1,22
1692595236,21,0,21
1710743832,21,1,22
1720486674,21,0,21
1723377714,21,0,21
1723963088,21,259,280
1738993470,21,0,21
1854824490,21,0,21
1855886287,21,1,22
1898603372,21,1,22
1902517718,21,1,22
1909349292,21,1,22
1918194433,21,1,22
1944541326,21,19,40
1949714474,21,0,21
1979558660,21,2,23
2147940818,21,3,24
2169030391,21,1,22
2181557906,21,0,21
2189423735,21,1,22
2194920665,21,0,21
2196815964,21,2,23
2197211915,21,1,22
2207094739,21,0,21
2212904599,21,4,25
2215879679,21,0,21
2231620806,21,0,21
2234928185,21,1,22
2246040793,21,0,21
2246300086,21,0,21
2254009364,21,1,22
2264160576,21,0,21
2276231108,21,2,23
2301036477,21,1,22
2313099380,21,0,21
2314436467,21,4,25
2326219613,21,1,22
2326435081,21,4,25
2335033318,21,0,21
2344021386,21,18,39
2346795098,21,0,21
2347931476,21,0,21
2366439978,21,1,22
2371458409,21,0,21
2383812842,21,2,23
2400634020,21,2,23
2407464848,21,14,35
2407546644,21,0,21
2409053802,21,13,34
2412783114,21,4,25
2416566847,21,0,21
2419941380,21,0,21
2425168518,21,0,21
2434224397,21,0,21
2440969560,21,3,24
2441304533,21,99,120
2442888666,21,1,22
2449802033,21,1,22
2461112153,21,2,23
2472775062,21,0,21
2492331576,21,1,22
2546573490,21,5,26
2547164918,21,0,21
2553853866,21,2,23
2555827455,21,1,22
2604459826,21,2,23
2648649574,21,3,24
2656964354,21,0,21
2679693610,21,1,22
2690144502,21,0,21
2706275978,21,1,22
2716654852,21,0,21
2726962305,21,1,22
2728086690,21,1,22
2738141926,21,1,22
2749477690,21,0,21
2750998994,21,0,21
2754793927,21,1,22
2774828070,21,0,21
2781937882,21,0,21
2782761216,21,3,24
2783744424,21,0,21
2787161234,21,0,21
2798432052,21,14,35
2814630924,21,6,27
2821285640,21,0,21
2822083197,21,0,21
2822643869,21,0,21
2828705712,21,3,24
2832240406,21,1,22
2833820049,21,2,23
2845812077,21,1,22
2849119986,21,1,22
2857490568,21,1,22
2862601353,21,0,21
2865256862,21,2,23
2873768027,21,1,22
2874267124,21,2,23
2902466997,21,0,21
2906438088,21,1,22
2907441884,21,0,21
2908592659,21,0,21
2912690232,21,4,25
2917883047,21,0,21
2922580895,21,2,23
2929788994,21,0,21
2936126634,21,2,23
2947516651,21,0,21
2949215445,21,3,24
2951936199,21,1,22
2953879725,21,0,21
2954658153,21,0,21
2954877723,21,0,21
2965513601,21,0,21
2977541814,21,0,21
2981527736,21,0,21
2989552338,21,0,21
2990384832,21,1,22
3007183806,21,1,22
3007425528,21,0,21
3008332158,21,0,21
3031663242,21,0,21
3041439671,21,0,21
3051277161,21,0,21
3051557842,21,1,22
3060807039,21,3,24
3067258507,21,1,22
3083087059,21,2,23
3083100860,21,1,22
3091497673,21,0,21
3092154496,21,5,26
3094633482,21,0,21
3102537224,21,1,22
3119128519,21,3,24
3121389109,21,0,21
3131156139,21,30,51
3140536102,21,0,21
3146669395,21,0,21
3147901760,21,31,52
3152525286,21,1,22
3153169857,21,1,22
3159920865,21,3,24
3161909573,21,1,22
3168587810,21,6,27
3170219888,21,1,22
3195958794,21,0,21
3200060140,21,0,21
3222442128,21,3,24
3239655545,21,5,26
3247872083,21,0,21
3266573028,21,0,21
3267262818,21,5,26
3272489034,21,0,21
3277696483,21,0,21
3281962837,21,1,22
3283640142,21,2,23
3288394404,21,165,186
3295525348,21,16,37
3296618000,21,2,23
3296808694,21,0,21
3300720066,21,2,23
3302619474,21,5,26
3303171969,21,0,21
3309059281,21,4,25
3316046800,21,0,21
3327822738,21,0,21
3335725691,21,1,22
3343990737,21,0,21
3364589120,21,11,32
3368370707,21,0,21
3386706274,21,0,21
3389569895,21,0,21
3391923453,21,0,21
3394522377,21,0,21
3403885420,21,8,29
3407979981,21,2,23
3410838076,21,3,24
3416486123,21,2,23
3416691374,21,0,21
3416790562,21,0,21
3429103977,21,0,21
3431860631,21,3,24
3436689190,21,0,21
3452391747,21,0,21
3461633913,21,1,22
3477237494,21,0,21
3493287256,21,23,44
3510181992,21,0,21
3561506713,21,1,22
3573799035,21,4,25
3588724591,21,0,21
3605768360,21,0,21
3609515654,21,2,23
3622416747,21,0,21
3625547893,21,2,23
3661147404,21,1,22
3679902917,21,1,22
3694282641,21,0,21
3696155236,21,0,21
3756112462,21,0,21
3770224034,21,0,21
3820134261,21,0,21
3836777421,21,1,22
3887020360,21,2,23
3891181454,21,1,22
3951013695,21,1,22
3951354377,21,2,23
4033291282,21,0,21
4070867414,21,3,24
4089598337,21,0,21
4144902193,21,1,22
4153055959,21,1,22
4175166177,21,3,24
4182674061,21,1,22
4186629436,21,0,21
4195101027,21,0,21
4205889616,21,0,21
4215270853,21,1,22
4229423897,21,3,24
4252024517,21,1,22
4270474275,21,0,21
4284485295,21,0,21
4292036594,21,1,22
4318426814,21,1,22
4337549712,21,0,21
4386338182,21,2,23
4442509288,21,0,21
4500550336,21,3,24
4502524513,21,0,21
4504524141,21,1,22
4529760329,21,2,23
4543730249,21,0,21
4546986377,21,0,21
4579254377,21,70,91
4595859140,21,0,21
4604399120,21,0,21
4615978780,21,1,22
4686056544,21,0,21
4719950390,21,0,21
4724956086,21,2,23
4744800701,21,0,21
4751156820,21,2,23
4776405689,21,0,21
4803718315,21,0,21
4804341614,21,0,21
4810978275,21,2,23
4815903735,21,1,22
4819949903,21,0,21
4825530312,21,0,21
4826568672,21,0,21
4827998498,21,0,21
4831817125,21,0,21
4836019291,21,1,22
4844061312,21,1,22
4846143313,21,0,21
4847825488,21,5,26
4850561243,21,0,21
4879819876,21,0,21
4891438977,21,1,22
4908275244,21,7,28
4923610094,21,0,21
4925162165,21,3,24
4926116489,21,3,24
700795470679920641,21,5,26
702009772661415936,21,0,21
702324312103989248,21,0,21
703542014248415232,21,0,21
704055159043678208,21,1,22
704372003852173313,21,0,21
704395080145231877,21,0,21
704419970000756737,21,0,21
704528333799878656,21,2,23
705204981645725698,21,0,21
705393584955064320,21,36,57
705425631501271041,21,3,24
705792417627148288,21,0,21
705961747157397505,21,2,23
706860406308884481,21,0,21
707737957667639296,21,1,22
708397400847753216,21,1,22
709127787571970049,21,17,38
709600336378339328,21,0,21
710444201637507072,21,0,21
712072062844723200,21,0,21
712707024346292224,21,1,22
712806283175469056,21,1,22
713563324634554368,21,1,22
713643350587478016,21,1,22
713810505064849408,21,1,22
715342282099073024,21,29,50
716752048742645762,21,1,22
718555294574321665,21,9,30
720470041263763456,21,0,21
720560059189751808,21,2,23
721066866244866048,21,1,22
721173225632309249,21,1,22
721455747901603841,21,5,26
721631665165090817,21,0,21
723929245710475264,21,0,21
726586992683810817,21,5,26
727282855521349632,21,52,73
727624649237008386,21,2,23
728295069049073664,21,1,22
729027105703497730,21,0,21
729437182432296960,21,0,21
730538508566331393,21,1,22
734094404965662720,21,2,23
734496160598003712,21,4,25
734889778852814848,21,1,22
735625996993323012,21,0,21
735872026968088576,21,0,21
736361538290778113,21,2,23
736881313651662851,21,0,21
740457417390100482,21,0,21
740551162621919233,21,0,21
741334289376116736,21,2,23
741767726235013120,21,0,21
742199930631118848,21,3,24
742363711755550720,21,1,22
742470690993934336,21,0,21
742820288489000960,21,0,21
742897362293559296,21,1,22
742901217555185665,21,1,22
743525135907315712,21,13,34
743729570268880896,21,0,21
744661707570679809,21,1,22
745448995502309377,21,1,22
746124811752120320,21,0,21
750406188408377344,21,0,21
750702669530959873,21,3,24
751550687884877824,21,0,21
752299790336192512,21,3,24
752491657250082816,21,4,25
753945226075443200,21,0,21
754316904358182912,21,0,21
754636314436366337,21,1,22
755038953753804801,21,0,21
755463371286249472,21,0,21
756251097354776576,21,1,22
756666733063204864,21,9,30
757739254462160896,21,1,22
758732497634992128,21,1,22
759540618611691520,21,0,21
759739541351571456,21,0,21
759880310032957440,21,0,21
760434096258576384,21,0,21
760799468434300928,21,3,24
761106128138752000,21,6,27
761336374226259972,21,0,21
761644045584171008,21,0,21
762038402640261120,21,0,21
762109154160996353,21,1,22
762386032843034624,21,0,21
762849750727073794,21,0,21
764441530991915008,21,0,21
764570270753394689,21,1,22
765211440118628352,21,1,22
765634361815339013,21,0,21
765704323749642240,21,8,29
765812512868671489,21,1,22
767061791985831939,21,0,21
767472511982395392,21,2,23
767804933680852993,21,0,21
769275544789745664,21,0,21
771682904825094144,21,4,25
772538587221032960,21,0,21
772614147741593600,21,2,23
772666594581413888,21,5,26
774024858908946432,21,0,21
774329681772294145,21,0,21
774662897649745921,21,0,21
776162091786907648,21,0,21
776852641041133568,21,0,21
777955795124252672,21,0,21
781311693326462976,21,1,22
782425941800878081,21,0,21
782458726493982720,21,0,21
782590273326944256,21,1,22
783385985736437761,21,0,21
783482886183800832,21,3,24
783516714071883776,21,1,22
784800990600040448,21,0,21
785198943114186753,21,0,21
785554563793231872,21,0,21
785561706302844928,21,3,24
786015331647037440,21,0,21
786088069141323777,21,0,21
786430850682515456,21,1,22
786675987425718272,21,0,21
786954525399740417,21,0,21
786962201043173377,21,0,21
787080406944342016,21,0,21
787350115467993088,21,0,21
787430971821797377,21,0,21
787448510610153473,21,1,22
788628494246932480,21,0,21
789866791891705856,21,0,21
791007976156983296,21,1,22
791490961075347457,21,2,23
792168168496115712,21,0,21
792218549779505152,21,2,23
793071405965475841,21,1,22
793101953534308352,21,0,21
793829539948355585,21,0,21
795245115061235712,21,0,21
795774693944852480,21,18,39
800405969670787072,21,12,33
7418782,20,2,22
9244632,20,5,25
13524182,20,11,31
14389581,20,101,121
14562610,20,1,21
14829708,20,1,21
15184043,20,3,23
15220853,20,191,211
15652947,20,80,100
15851279,20,0,20
15877086,20,1,21
16099749,20,1,21
16167937,20,0,20
16261075,20,3,23
16710420,20,0,20
16794451,20,0,20
16931849,20,13,33
16961669,20,1,21
17365683,20,51,71
17389437,20,11,31
17794712,20,1,21
18604802,20,1,21
19205806,20,0,20
19328244,20,0,20
19346335,20,12,32
19346439,20,12,32
19777469,20,8,28
19848243,20,7,27
20516387,20,0,20
20665229,20,0,20
20897273,20,3,23
21081138,20,3,23
21349717,20,0,20
21857709,20,5,25
22363638,20,2,22
23892889,20,26,46
24025673,20,1,21
24295324,20,0,20
25020935,20,2,22
25239309,20,0,20
25553371,20,0,20
25598416,20,1,21
26429927,20,3,23
26550151,20,2,22
27385174,20,2,22
27866907,20,0,20
27929213,20,3,23
28620456,20,1,21
28672288,20,2,22
28974585,20,21,41
29125086,20,0,20
29226662,20,2,22
31194096,20,7,27
32152226,20,0,20
32840896,20,1,21
32920077,20,0,20
33058778,20,1,21
33082208,20,1,21
33506922,20,0,20
33597773,20,0,20
34206624,20,1,21
34443014,20,5,25
34828884,20,0,20
34981934,20,0,20
35519472,20,1,21
35955737,20,0,20
36297832,20,110,130
36661021,20,0,20
36671325,20,0,20
36689983,20,0,20
37168048,20,2,22
37266969,20,0,20
37418551,20,1,21
39592842,20,5,25
40183366,20,3,23
40229468,20,2,22
41104760,20,0,20
41567024,20,1,21
41862133,20,4,24
42783341,20,1,21
43713337,20,0,20
44161855,20,0,20
44425430,20,1,21
45507382,20,10,30
46171322,20,0,20
47085809,20,1,21
47514193,20,0,20
47630337,20,100,120
48542562,20,2,22
49139523,20,2,22
49838589,20,0,20
49982217,20,0,20
50759157,20,4,24
51296658,20,2,22
52143834,20,1,21
52248853,20,2,22
52426384,20,6,26
52441523,20,4,24
53166363,20,7,27
53563914,20,1,21
54345385,20,0,20
56370125,20,0,20
57659443,20,0,20
57721915,20,10,30
58246576,20,3,23
58608119,20,4,24
59511593,20,36,56
60403862,20,39,59
60968019,20,9,29
61013605,20,0,20
61099080,20,0,20
63007815,20,0,20
63183956,20,0,20
66789991,20,0,20
67182312,20,0,20
68022809,20,1,21
69025232,20,0,20
72154785,20,14,34
72358967,20,1,21
78003337,20,2,22
79917675,20,3,23
81044595,20,2,22
81577736,20,0,20
81651824,20,1,21
82561829,20,2,22
83473354,20,1,21
83856416,20,2,22
83928746,20,0,20
85032772,20,7,27
85161137,20,1,21
85723812,20,11,31
86567764,20,0,20
88929040,20,0,20
88952703,20,0,20
91657636,20,0,20
92934050,20,0,20
94603953,20,15,35
94785086,20,0,20
95096253,20,5,25
95580976,20,0,20
96476726,20,3,23
96481472,20,0,20
101122971,20,2,22
103729364,20,0,20
104009371,20,0,20
104632334,20,0,20
105556328,20,0,20
106114561,20,0,20
108556027,20,31,51
109640315,20,0,20
110567206,20,0,20
111745371,20,3,23
111800440,20,1,21
112556567,20,0,20
113003059,20,4,24
113433874,20,1,21
114076207,20,2,22
115792183,20,2,22
117641761,20,2,22
120192391,20,0,20
121932562,20,6,26
124088898,20,1,21
125187110,20,0,20
125508744,20,0,20
125940437,20,2,22
126840137,20,1,21
132614794,20,0,20
135127362,20,0,20
137469793,20,3,23
137917421,20,1,21
139207344,20,57,77
141665446,20,0,20
143182513,20,0,20
153328620,20,0,20
156121907,20,1,21
159152889,20,1,21
160569420,20,0,20
163217488,20,0,20
167199433,20,3,23
167808426,20,0,20
168470806,20,3,23
173278051,20,0,20
177018643,20,3,23
177403417,20,0,20
183080996,20,0,20
183446812,20,0,20
183702595,20,2,22
184583809,20,0,20
190298721,20,17,37
191868171,20,1,21
195409987,20,36,56
217436311,20,0,20
220053608,20,1,21
221574777,20,0,20
222457900,20,3,23
224464384,20,1,21
226319081,20,0,20
233270850,20,0,20
233749323,20,68,88
237978659,20,5,25
240877748,20,2,22
244703006,20,0,20
245347553,20,1,21
245688940,20,170,190
247070475,20,0,20
254277749,20,0,20
257728165,20,0,20
260718084,20,0,20
263468245,20,1,21
264219467,20,0,20
266216381,20,1,21
267415036,20,0,20
269235211,20,0,20
270470351,20,3,23
271012721,20,1,21
274702185,20,0,20
275108673,20,0,20
275580401,20,1,21
275865954,20,2,22
287332701,20,0,20
289019185,20,0,20
291568608,20,0,20
292532781,20,4,24
297777186,20,0,20
300038251,20,3,23
301125660,20,11,31
303393393,20,5,25
312091084,20,0,20
314046584,20,3,23
314752435,20,0,20
317308866,20,1,21
319939901,20,161,181
323945681,20,0,20
324181192,20,0,20
324624887,20,1,21
326750744,20,0,20
327113920,20,2,22
328063384,20,32,52
329124055,20,0,20
330382888,20,22,42
330643379,20,0,20
330667582,20,0,20
331134407,20,0,20
332671860,20,1,21
334860497,20,0,20
335346361,20,3,23
335968069,20,2,22
339070429,20,0,20
339341358,20,3,23
340254170,20,0,20
341125045,20,1,21
341587981,20,13,33
341871312,20,3,23
341920476,20,2,22
343140908,20,1,21
344030291,20,1,21
344457248,20,0,20
344790880,20,0,20
348195871,20,0,20
351860076,20,7,27
355028519,20,108,128
356482191,20,1,21
357875764,20,3,23
362102766,20,1,21
362720271,20,0,20
368595179,20,0,20
372654770,20,0,20
374331041,20,0,20
376207492,20,2,22
377922629,20,0,20
380059087,20,4,24
383943165,20,2,22
385832022,20,1,21
386321943,20,0,20
389830064,20,2,22
390945006,20,6,26
391511827,20,5,25
394840496,20,2,22
395090553,20,0,20
395309103,20,0,20
398971451,20,3,23
399559298,20,5,25
399664117,20,2,22
400362275,20,9,29
415061207,20,0,20
418463502,20,1,21
428330981,20,1,21
430355510,20,0,20
438005989,20,2,22
438704241,20,0,20
439425408,20,0,20
445150482,20,0,20
447732824,20,2,22
449354070,20,3,23
454159018,20,0,20
455724651,20,0,20
456692341,20,3,23
459880050,20,0,20
462086039,20,0,20
465046002,20,8,28
465753888,20,0,20
468840811,20,1,21
468867774,20,0,20
469333246,20,0,20
472653307,20,3,23
474582246,20,1,21
477139331,20,0,20
490900516,20,1,21
491461409,20,4,24
494606832,20,4,24
495639191,20,1,21
497923683,20,1,21
500614553,20,1,21
500977616,20,4,24
507765274,20,4,24
513828239,20,0,20
525744732,20,0,20
526665072,20,2,22
528799787,20,2,22
529639879,20,0,20
532459682,20,1,21
532541784,20,0,20
532550602,20,2,22
533360549,20,1,21
534054259,20,4,24
535662805,20,6,26
537407702,20,0,20
537733390,20,0,20
541264666,20,0,20
545783958,20,32,52
547089105,20,10,30
548136534,20,5,25
548686554,20,33,53
553442966,20,4,24
553556852,20,1,21
563280248,20,3,23
563591448,20,0,20
565484537,20,0,20
568394922,20,0,20
575851079,20,1,21
576265220,20,0,20
577542778,20,1,21
581938804,20,0,20
582110240,20,2,22
582431201,20,1,21
582438876,20,0,20
583417675,20,0,20
589267990,20,1,21
596040234,20,1,21
597674628,20,0,20
599299335,20,0,20
606899877,20,2,22
610798597,20,3,23
612373254,20,2,22
612687229,20,0,20
621510513,20,1,21
627681619,20,1,21
634318836,20,0,20
634700204,20,0,20
635639298,20,15,35
636385533,20,0,20
701439590,20,1,21
711468500,20,0,20
712425673,20,1,21
713101027,20,0,20
720933708,20,0,20
722796474,20,2,22
725553660,20,3,23
739441651,20,5,25
746218334,20,0,20
756098730,20,0,20
761751146,20,2,22
793148808,20,0,20
794756856,20,2,22
794810444,20,7,27
795181796,20,1,21
808723213,20,0,20
810900824,20,0,20
816554017,20,1,21
826418413,20,1,21
850415456,20,0,20
850799772,20,1,21
858298832,20,0,20
860000556,20,0,20
860337132,20,2,22
860462443,20,1,21
860834695,20,0,20
861389503,20,0,20
861749072,20,1,21
864023971,20,0,20
872244828,20,0,20
874716008,20,1,21
880212324,20,6,26
880734110,20,0,20
891975739,20,1,21
896258742,20,0,20
898878062,20,2,22
898890931,20,0,20
906797149,20,0,20
908575746,20,0,20
911449694,20,3,23
924296569,20,2,22
946181190,20,0,20
949902092,20,0,20
957988681,20,0,20
965030126,20,0,20
965291425,20,0,20
978356479,20,2,22
1024343706,20,1,21
1033054934,20,0,20
1033884138,20,0,20
1053951518,20,1,21
1075358484,20,0,20
1090948867,20,0,20
1096193232,20,0,20
1118767826,20,3,23
1121021298,20,0,20
1145275878,20,0,20
1149329881,20,0,20
1161902875,20,12,32
1162246946,20,29,49
1170936564,20,2,22
1180894088,20,13,33
1206769123,20,42,62
1216135416,20,7,27
1226297179,20,0,20
1232896136,20,0,20
1247950627,20,2,22
1257728660,20,0,20
1279745744,20,1,21
1312018158,20,1,21
1315660920,20,0,20
1321040010,20,105,125
1343174804,20,3,23
1352809248,20,2,22
1352943596,20,0,20
1365722599,20,0,20
1424259144,20,3,23
1428779270,20,0,20
1437524407,20,1,21
1439415132,20,0,20
1450093045,20,3,23
1466328062,20,0,20
1497061999,20,0,20
1505033899,20,0,20
1512120685,20,1,21
1532520655,20,1,21
1543945596,20,1,21
1548445549,20,0,20
1548680298,20,0,20
1568570185,20,2,22
1594131900,20,2,22
1596201889,20,0,20
1617920198,20,21,41
1633972807,20,0,20
1634072269,20,0,20
1636614612,20,1,21
1639708165,20,11,31
1655392543,20,1,21
1656295028,20,0,20
1657494204,20,0,20
1657850624,20,1,21
1669518787,20,0,20
1677107869,20,0,20
1687123081,20,0,20
1689661140,20,0,20
1703641686,20,2,22
1717201566,20,1,21
1729684957,20,0,20
1736256206,20,1,21
1736784662,20,1,21
1852759986,20,0,20
1869483864,20,1,21
1895272381,20,0,20
1904471768,20,4,24
1918476012,20,0,20
1948326829,20,0,20
1952486390,20,1,21
2153955220,20,0,20
2168124374,20,1,21
2168339228,20,4,24
2178997382,20,1,21
2182901815,20,4,24
2189273233,20,3,23
2196753756,20,0,20
2201472438,20,1,21
2211578611,20,2,22
2211873528,20,2,22
2213187704,20,1,21
2214059189,20,0,20
2216885251,20,3,23
2223706189,20,28,48
2232463302,20,0,20
2247762848,20,5,25
2248532045,20,0,20
2252141125,20,1,21
2273611549,20,1,21
2287366542,20,1,21
2295207583,20,1,21
2304875737,20,0,20
2306649924,20,1,21
2311435027,20,3,23
2312490275,20,0,20
2321692843,20,0,20
2326661910,20,1,21
2337069912,20,3,23
2337404778,20,3,23
2338536413,20,0,20
2344133618,20,0,20
2356039387,20,1,21
2374442761,20,0,20
2384315095,20,1,21
2389229665,20,3,23
2395727402,20,1,21
2396900864,20,0,20
2397963961,20,0,20
2401094684,20,1,21
2410866554,20,0,20
2412051059,20,1,21
2413328906,20,0,20
2423655841,20,1,21
2446391384,20,1,21
2463065714,20,13,33
2464891208,20,3,23
2467265258,20,6,26
2480410962,20,5,25
2486428728,20,0,20
2497469630,20,0,20
2504776866,20,1,21
2517972111,20,6,26
2545127837,20,2,22
2556186301,20,2,22
2556597078,20,1,21
2565890590,20,0,20
2581520946,20,0,20
2582784396,20,1,21
2586083948,20,1,21
2590165561,20,3,23
2621112670,20,0,20
2643265624,20,0,20
2652479553,20,2,22
2661849196,20,103,123
2691010512,20,1,21
2691724104,20,0,20
2716090164,20,1,21
2743926708,20,19,39
2744700777,20,0,20
2753635067,20,0,20
2761058436,20,0,20
2776761935,20,0,20
2777541422,20,3,23
2781000162,20,9,29
2785130772,20,15,35
2790292676,20,0,20
2792156701,20,1,21
2792460998,20,1,21
2793882489,20,2,22
2801416642,20,2,22
2806434087,20,0,20
2806502518,20,0,20
2807212838,20,1,21
2810410272,20,0,20
2820675258,20,0,20
2828277842,20,3,23
2831130631,20,1,21
2831890095,20,0,20
2836093694,20,3,23
2838985557,20,6,26
2848441504,20,1,21
2861560795,20,6,26
2863007584,20,1,21
2865189077,20,1,21
2873436753,20,1,21
2873683010,20,1,21
2878181861,20,1,21
2890041417,20,0,20
2892009773,20,0,20
2895550656,20,0,20
2902080767,20,0,20
2907480944,20,0,20
2918888515,20,0,20
2920038271,20,2,22
2922771731,20,0,20
2924299552,20,0,20
2926077784,20,8,28
2935327129,20,0,20
2937800715,20,0,20
2945102090,20,0,20
2951650024,20,0,20
2954834457,20,1,21
2957924592,20,12,32
2965033316,20,0,20
2967067762,20,1,21
2975591738,20,0,20
2976275589,20,0,20
2977638041,20,0,20
2986224695,20,1,21
2991021323,20,0,20
3001872387,20,0,20
3004667276,20,0,20
3021012297,20,2,22
3028330171,20,110,130
3029103423,20,0,20
3035178282,20,0,20
3056067609,20,1,21
3062173249,20,3,23
3069213205,20,2,22
3084601743,20,0,20
3100287020,20,13,33
3105486589,20,1,21
3116092217,20,10,30
3124240699,20,0,20
3128771203,20,15,35
3133488306,20,21,41
3134348914,20,0,20
3137080890,20,0,20
3152781182,20,1,21
3163287318,20,1,21
3170150494,20,1,21
3192162344,20,0,20
3198007208,20,3,23
3221174205,20,0,20
3235262916,20,0,20
3238374120,20,0,20
3241894396,20,1,21
3257125194,20,0,20
3262647457,20,0,20
3266526978,20,10,30
3270278192,20,0,20
3279743282,20,5,25
3279858728,20,0,20
3279959438,20,0,20
3284548350,20,1,21
3284734879,20,2,22
3285858660,20,0,20
3291036316,20,0,20
3306708540,20,3,23
3308335640,20,0,20
3309746437,20,3,23
3309750788,20,128,148
3315699097,20,1,21
3316153363,20,1,21
3344423229,20,1,21
3352020591,20,3,23
3368399765,20,0,20
3368748808,20,3,23
3374462962,20,1,21
3378047121,20,1,21
3380261283,20,1,21
3382875633,20,0,20
3401364406,20,3,23
3416490233,20,5,25
3422820227,20,2,22
3427945215,20,0,20
3434310231,20,0,20
3437701371,20,1,21
3440610735,20,0,20
3454716494,20,1,21
3486684076,20,0,20
3513617596,20,2,22
3514746509,20,0,20
3530308753,20,0,20
3586157234,20,19,39
3610212673,20,1,21
3610245193,20,3,23
3635055497,20,1,21
3642876553,20,1,21
3664107674,20,0,20
3696905176,20,2,22
3702282797,20,0,20
3727744574,20,1,21
3749310432,20,1,21
3773938152,20,1,21
3776163314,20,0,20
3800043494,20,1,21
3820101447,20,17,37
3866590998,20,0,20
3876116112,20,0,20
3884739794,20,0,20
3885837808,20,2,22
3924579323,20,3,23
3952686017,20,4,24
3973555694,20,1,21
3985708041,20,2,22
3991549978,20,2,22
4041613093,20,0,20
4126651576,20,0,20
4127176371,20,5,25
4187570980,20,1,21
4222065377,20,0,20
4232491715,20,1,21
4252766553,20,24,44
4277872221,20,0,20
4304922674,20,0,20
4328643374,20,0,20
4372718717,20,3,23
4398342436,20,0,20
4437621434,20,0,20
4458552374,20,1,21
4462752988,20,0,20
4471436832,20,0,20
4475746215,20,1,21
4486692259,20,0,20
4504753632,20,1,21
4510335197,20,4,24
4554441981,20,0,20
4556527316,20,0,20
4568368933,20,0,20
4570982009,20,0,20
4592948895,20,1,21
4610672903,20,0,20
4629424968,20,2,22
4650277340,20,0,20
4694916865,20,2,22
4718366057,20,0,20
4739804974,20,4,24
4799034262,20,1,21
4828302720,20,3,23
4830104837,20,5,25
4840342132,20,0,20
4841197752,20,1,21
4850965729,20,0,20
4861630186,20,5,25
4871789453,20,4,24
4884428062,20,2,22
4889286604,20,1,21
4898873949,20,0,20
4908519872,20,1,21
4910251161,20,0,20
4925311677,20,1,21
4925875802,20,2,22
4926173698,20,0,20
695453113310793729,20,4,24
699344605888782341,20,1,21
700849582758977537,20,1,21
701208692398514176,20,0,20
701813652970721281,20,0,20
702144086107619328,20,2,22
702231408388022272,20,0,20
704363061013057536,20,6,26
704391691361509376,20,1,21
704814042884534272,20,0,20
705070003855360000,20,7,27
705504173031346176,20,0,20
705775525059551233,20,0,20
705955796002058240,20,0,20
706130849973063680,20,0,20
706627706956414976,20,0,20
706734903824670720,20,0,20
706765451812941824,20,0,20
706835581561651200,20,0,20
707237642052698112,20,0,20
707713872690614272,20,0,20
708234367836004352,20,0,20
708854800570585088,20,1,21
709049614666629121,20,6,26
709360974730375168,20,0,20
709688854727561216,20,2,22
711013678070370305,20,0,20
711201107834380288,20,0,20
711259831802302465,20,3,23
712420829045325824,20,0,20
712838693543784448,20,0,20
713054955460890624,20,0,20
714120276909232128,20,1,21
714134344399323136,20,2,22
714415008017321988,20,0,20
715302855612178432,20,1,21
716398108649865216,20,1,21
717112832160980992,20,5,25
717477187159363584,20,0,20
718096309916475392,20,0,20
718279599910686724,20,5,25
719601294068072448,20,0,20
719649555051102208,20,0,20
720285069831729152,20,0,20
720759417399078912,20,0,20
721532347758186497,20,0,20
721863148152692736,20,1,21
723387344175296512,20,3,23
723406336571006976,20,1,21
723439921692729345,20,1,21
723775368528842752,20,0,20
725072297388826624,20,2,22
725612078678069248,20,0,20
725888800120049665,20,0,20
728387264447811584,20,0,20
729777053092839424,20,2,22
730092476376092673,20,7,27
732678794297757696,20,0,20
732751545104617472,20,2,22
734755116780249089,20,0,20
735454706986803201,20,2,22
735938662651822080,20,0,20
736585207986409478,20,0,20
737741017986834432,20,1,21
738497216596180992,20,4,24
738597394422497281,20,1,21
738722580543111169,20,0,20
738962621362118656,20,76,96
740527558454849536,20,0,20
740657986842943489,20,34,54
740882729445789696,20,1,21
740892748077629442,20,0,20
741441895830716416,20,0,20
741629442208866304,20,2,22
741790666188029953,20,2,22
743075850699018240,20,6,26
743274927600504832,20,3,23
743339042754813954,20,1,21
744655509345689600,20,3,23
745358296790474752,20,0,20
745696520666812417,20,0,20
746906352014921728,20,2,22
747967353682550784,20,2,22
748101736464715777,20,0,20
748692403029209088,20,4,24
748718521689911296,20,0,20
749433231133536258,20,2,22
750356418373357569,20,2,22
750423143907487744,20,1,21
751486023855640576,20,2,22
752538749825843200,20,0,20
752588640119713793,20,18,38
752994539795730432,20,0,20
754744283035492353,20,0,20
754805752083124224,20,0,20
755163634041401344,20,0,20
756164171247386624,20,0,20
756317661265596416,20,1,21
756868908015988737,20,1,21
756894018051596288,20,0,20
757617130426789888,20,1,21
758453075820425216,20,7,27
758462193151148034,20,0,20
758491329894748160,20,1,21
758896810060488704,20,0,20
759336849248808960,20,0,20
759887318601826304,20,1,21
760624242073464832,20,2,22
760920104976736258,20,5,25
761236000072806400,20,4,24
761437093755101184,20,0,20
763184450658197504,20,0,20
763506863098953728,20,0,20
764582522219012096,20,0,20
764638757593112577,20,1,21
765563397492477952,20,7,27
766730009088143360,20,0,20
767014248522231809,20,14,34
767049467442794497,20,1,21
768636515945623552,20,0,20
770309357875716096,20,0,20
774439473677336576,20,4,24
774639942953799680,20,0,20
774711008652849152,20,0,20
775128047397826560,20,2,22
775505922831572992,20,3,23
776412309883281408,20,4,24
776839703832035328,20,174,194
777145939236716544,20,0,20
778240250157993986,20,1,21
778388553109614592,20,1,21
778412333953650688,20,1,21
778812243601268736,20,0,20
780240382923714560,20,4,24
781228438413803520,20,0,20
781241236405555201,20,2,22
781648480917786624,20,1,21
782586815861620736,20,0,20
783472582930665472,20,0,20
783476734947622912,20,4,24
783747023145017344,20,2,22
783873339962064901,20,0,20
785142404324229120,20,0,20
785312859806760961,20,0,20
785351004212514816,20,22,42
786024451389337600,20,2,22
786226474294644736,20,0,20
786342078758293504,20,1,21
787001217327128576,20,0,20
787086012702871552,20,3,23
787385187638374400,20,0,20
788170486744178688,20,0,20
788264899826692096,20,0,20
788398915376652290,20,1,21
788946484993536001,20,0,20
789899528065454080,20,0,20
790701216246403072,20,0,20
790929577816104962,20,0,20
791278462887571457,20,1,21
792859701193113600,20,0,20
793296031085539328,20,1,21
794191075397304320,20,1,21
795322694791266304,20,0,20
795605725598928896,20,0,20
796254083531374592,20,35,55
796619447209365504,20,2,22
796844095251554304,20,0,20
797159297545306112,20,0,20
797851915333685249,20,0,20
799754264272744448,20,0,20
9369062,19,52,71
10673732,19,1,20
14095099,19,1,20
14345619,19,4,23
14357840,19,0,19
14890693,19,0,19
15450833,19,0,19
15567292,19,2,21
15631948,19,0,19
15702490,19,6,25
16088941,19,21,40
16280644,19,98,117
16318793,19,1,20
16481904,19,4,23
16488971,19,1,20
16518302,19,1,20
16538070,19,35,54
16567007,19,3,22
16619573,19,2,21
16728901,19,2,21
16822681,19,6,25
16872627,19,2,21
16923594,19,0,19
16934454,19,12,31
17570427,19,1,20
17852490,19,0,19
17971108,19,21,40
18089606,19,7,26
18184205,19,37,56
18459548,19,42,61
18941023,19,0,19
18993272,19,0,19
19052834,19,22,41
19488600,19,0,19
19736402,19,0,19
19802846,19,123,142
20377488,19,0,19
20638910,19,1,20
20758113,19,1,20
21023944,19,1,20
21326535,19,1,20
21507288,19,0,19
21887070,19,0,19
21994669,19,1,20
22036532,19,3,22
22044633,19,1,20
22490171,19,1,20
22615740,19,1,20
23133818,19,0,19
23152434,19,23,42
23638473,19,0,19
24191104,19,2,21
24214420,19,58,77
24647418,19,0,19
24721692,19,0,19
24802208,19,1,20
24986934,19,0,19
25966515,19,0,19
26199079,19,4,23
26266763,19,1,20
26478410,19,3,22
26571511,19,6,25
26596853,19,26,45
27142719,19,7,26
27522964,19,1,20
27598149,19,0,19
27750971,19,5,24
27892367,19,3,22
27996978,19,1,20
28259354,19,0,19
28615834,19,0,19
28708693,19,1,20
29904592,19,8,27
30363347,19,1,20
30461007,19,1,20
31018214,19,5,24
31136655,19,0,19
31640311,19,0,19
32611827,19,2,21
32673296,19,0,19
33057575,19,0,19
33332251,19,0,19
33558742,19,0,19
33670079,19,1,20
33822094,19,3,22
34667474,19,8,27
34987581,19,0,19
35735966,19,11,30
36760140,19,1,20
36783236,19,0,19
37343668,19,0,19
37667472,19,1,20
37820407,19,0,19
39369267,19,4,23
40232064,19,1,20
40398279,19,1,20
41612682,19,0,19
41849649,19,8,27
42446781,19,0,19
43094737,19,20,39
43231323,19,0,19
43669598,19,3,22
43713179,19,0,19
43912531,19,3,22
45436403,19,39,58
45453221,19,1,20
46161518,19,0,19
46208109,19,0,19
46698493,19,0,19
46980850,19,0,19
49094502,19,2,21
49316020,19,4,23
49320629,19,104,123
49387997,19,0,19
51389668,19,0,19
51738464,19,0,19
52835889,19,7,26
53098426,19,1,20
55273251,19,1,20
55772489,19,2,21
56216595,19,0,19
56811428,19,4,23
58377855,19,4,23
58531406,19,0,19
59294920,19,1,20
60219461,19,1,20
60464113,19,0,19
61300409,19,0,19
61557079,19,2,21
62534094,19,0,19
63198085,19,0,19
63717541,19,6,25
64187612,19,0,19
64592901,19,1,20
65120930,19,1,20
67777042,19,2,21
70244584,19,2,21
71877669,19,3,22
72273677,19,0,19
72288050,19,0,19
72705995,19,0,19
73093201,19,0,19
73132440,19,1,20
73238031,19,0,19
74225171,19,1,20
74698831,19,1,20
78402200,19,5,24
78673069,19,1,20
79207306,19,1,20
80231203,19,0,19
82277624,19,0,19
82550664,19,1,20
82781637,19,0,19
82944319,19,5,24
83351051,19,0,19
91614066,19,0,19
92102012,19,0,19
96914630,19,0,19
97065490,19,0,19
98160936,19,74,93
99203384,19,4,23
100851185,19,0,19
102116847,19,0,19
103133752,19,0,19
103716179,19,4,23
104203606,19,0,19
104584321,19,0,19
104962266,19,0,19
107114864,19,0,19
107265071,19,0,19
107281934,19,2,21
107448374,19,2,21
108265218,19,0,19
108971750,19,1,20
110728224,19,9,28
111362656,19,0,19
112098803,19,27,46
113220558,19,0,19
115205601,19,6,25
116164338,19,1,20
117480668,19,0,19
118056084,19,0,19
118120696,19,5,24
118582411,19,0,19
118591651,19,0,19
118717877,19,4,23
122811521,19,6,25
123399058,19,2,21
123752501,19,9,28
124068207,19,4,23
124953604,19,288,307
125632328,19,229,248
128230509,19,2,21
128264908,19,0,19
129037428,19,0,19
133211017,19,1,20
133442846,19,3,22
133851001,19,3,22
134229643,19,0,19
134421450,19,8,27
134556017,19,0,19
137527606,19,1,20
140170747,19,4,23
145069503,19,2,21
146106393,19,0,19
149241602,19,0,19
150029977,19,0,19
151564988,19,0,19
157199202,19,3,22
157336687,19,0,19
160213508,19,0,19
165073959,19,61,80
170625577,19,1,20
176401886,19,0,19
180080295,19,3,22
185554632,19,0,19
187578767,19,1,20
189340638,19,3,22
189355737,19,0,19
191292799,19,0,19
192538987,19,1,20
193084500,19,0,19
194237286,19,1,20
197610038,19,0,19
197896207,19,30,49
197939628,19,0,19
197954667,19,2,21
198125236,19,2,21
200599429,19,30,49
201429995,19,2,21
202776130,19,3,22
206426068,19,2,21
208132243,19,0,19
209881621,19,1,20
211552068,19,0,19
215894644,19,0,19
216359285,19,0,19
217395061,19,2,21
217451940,19,0,19
220311287,19,0,19
221812027,19,4,23
222945323,19,2,21
224033818,19,2,21
224155347,19,1,20
224545271,19,1,20
224759173,19,1,20
224790874,19,1,20
226309095,19,0,19
227041147,19,0,19
227045856,19,3,22
233933230,19,4,23
234212106,19,9,28
235862048,19,3,22
237721432,19,0,19
237789950,19,0,19
241235167,19,1,20
244327443,19,0,19
244727098,19,2,21
248666088,19,6,25
249711100,19,3,22
250757326,19,0,19
256569885,19,1,20
256804632,19,2,21
257332880,19,0,19
258188346,19,2,21
259132341,19,0,19
263599409,19,0,19
263692122,19,1,20
264517861,19,4,23
265053824,19,0,19
267103266,19,1,20
267362167,19,0,19
270396457,19,0,19
273121006,19,0,19
277727876,19,0,19
285305829,19,18,37
288665033,19,0,19
289643986,19,0,19
296727616,19,0,19
298358188,19,0,19
299899265,19,6,25
301118447,19,1,20
301588004,19,2,21
303264203,19,1,20
305736905,19,14,33
307076445,19,0,19
308486909,19,2,21
309823441,19,0,19
311111466,19,0,19
312426669,19,0,19
313748579,19,1,20
314686526,19,1,20
315233616,19,0,19
315878798,19,24,43
316525578,19,0,19
317020471,19,0,19
317221104,19,0,19
317429844,19,0,19
324176873,19,1,20
328605492,19,0,19
332076821,19,1,20
334807765,19,1,20
334910921,19,14,33
338883115,19,1,20
339375290,19,0,19
344164779,19,0,19
345012450,19,5,24
345492829,19,1,20
346257872,19,109,128
347667393,19,2,21
349284744,19,1,20
351374855,19,0,19
353944682,19,0,19
359441420,19,0,19
361082542,19,3,22
364050399,19,0,19
368374852,19,0,19
370108542,19,6,25
372591844,19,2,21
373697514,19,0,19
374941126,19,4,23
377742397,19,1,20
379184516,19,0,19
379732614,19,1,20
379869831,19,55,74
385579048,19,0,19
395048623,19,0,19
398277133,19,0,19
399544189,19,2,21
400152273,19,3,22
400274496,19,0,19
401132286,19,0,19
403212778,19,1,20
406368932,19,0,19
411745222,19,15,34
426118191,19,206,225
427121266,19,0,19
427711559,19,1,20
430441399,19,0,19
430579114,19,17,36
431180818,19,0,19
434328861,19,1,20
439388907,19,0,19
441197202,19,0,19
441338964,19,8,27
443249435,19,0,19
449220098,19,0,19
451652218,19,0,19
454239822,19,0,19
456124358,19,0,19
457677251,19,7,26
467955084,19,3,22
470368752,19,4,23
481530169,19,1,20
483115921,19,2,21
486818311,19,0,19
490209794,19,1,20
490910538,19,1,20
492195257,19,0,19
492857535,19,1,20
494277470,19,1,20
497267629,19,0,19
498426278,19,1,20
507064624,19,0,19
507646186,19,1,20
509325037,19,3,22
514088512,19,0,19
517850667,19,2,21
521407671,19,1,20
523535719,19,0,19
525002011,19,1,20
525745600,19,2,21
526251283,19,5,24
526705317,19,0,19
528969261,19,4,23
529539123,19,0,19
531198081,19,2,21
532790251,19,1,20
534861597,19,2,21
539808666,19,3,22
541344212,19,0,19
545454402,19,0,19
551580888,19,1,20
552088974,19,0,19
552331554,19,0,19
553942108,19,1,20
559969624,19,0,19
563364243,19,1,20
569424342,19,0,19
571262169,19,0,19
574251558,19,0,19
575813393,19,2,21
584324219,19,2,21
585293149,19,3,22
591179346,19,0,19
592206075,19,0,19
594063601,19,0,19
595458667,19,0,19
596025267,19,2,21
599629187,19,0,19
604010080,19,0,19
604243082,19,1,20
613645325,19,17,36
634763540,19,0,19
636670884,19,0,19
701784218,19,4,23
702307014,19,0,19
706583599,19,2,21
708312124,19,1,20
716881447,19,1,20
720423386,19,0,19
728027647,19,0,19
739879068,19,0,19
747552781,19,3,22
749297342,19,0,19
750591996,19,0,19
760239025,19,0,19
769702230,19,56,75
776732773,19,0,19
790488312,19,2,21
791655535,19,0,19
810165422,19,7,26
820187383,19,140,159
828515774,19,0,19
829377914,19,1,20
830391134,19,1,20
832556244,19,1,20
844298942,19,0,19
848162755,19,1,20
860066108,19,1,20
860748115,19,1,20
869027394,19,4,23
874753344,19,0,19
876665545,19,0,19
878765654,19,2,21
885581376,19,1,20
886479487,19,0,19
889572613,19,3,22
893110278,19,1,20
896444431,19,0,19
897729498,19,0,19
898364478,19,0,19
926383879,19,34,53
928916442,19,0,19
952346700,19,0,19
965298974,19,9,28
980967950,19,1,20
989143826,19,1,20
995324370,19,0,19
1011890714,19,2,21
1021051020,19,0,19
1035498296,19,10,29
1046633114,19,0,19
1054626264,19,0,19
1063678573,19,0,19
1068499243,19,0,19
1078226077,19,1,20
1078364629,19,0,19
1080478009,19,1,20
1120468128,19,0,19
1137269324,19,0,19
1144758798,19,0,19
1146093337,19,9,28
1148519652,19,0,19
1170241909,19,0,19
1170467268,19,0,19
1173120433,19,2,21
1195684554,19,99,118
1220185501,19,0,19
1226337056,19,0,19
1228892215,19,12,31
1237606628,19,0,19
1244940750,19,0,19
1247567090,19,0,19
1249421250,19,3,22
1252290174,19,0,19
1260815024,19,0,19
1276032140,19,0,19
1284817364,19,0,19
1326017760,19,1,20
1350838814,19,0,19
1352117203,19,2,21
1362814699,19,0,19
1367842826,19,3,22
1371382580,19,2,21
1378625954,19,66,85
1387956504,19,6,25
1419032479,19,6,25
1430693623,19,1,20
1438111322,19,2,21
1473152466,19,0,19
1559489454,19,2,21
1584389125,19,0,19
1597174627,19,0,19
1604705870,19,6,25
1634765034,19,1,20
1638677252,19,0,19
1659050538,19,0,19
1671319380,19,1,20
1688330221,19,2,21
1702474909,19,2,21
1711305966,19,1,20
1717287152,19,2,21
1723401421,19,4,23
1728258050,19,1,20
1736961432,19,4,23
1741652718,19,0,19
1838538889,19,1,20
1841844116,19,0,19
1852114382,19,0,19
1860845568,19,1,20
1902594594,19,0,19
1904088906,19,1,20
1904924659,19,0,19
1912483620,19,0,19
1912628701,19,2,21
1920807991,19,5,24
1924526202,19,1,20
1932989486,19,2,21
1941331974,19,0,19
1942650354,19,0,19
1945713420,19,11,30
1952154218,19,1,20
1969388486,19,2,21
2150927341,19,0,19
2156193709,19,1,20
2161859750,19,0,19
2161960356,19,2,21
2165653659,19,1,20
2177395602,19,1,20
2188590806,19,0,19
2190989893,19,0,19
2191261921,19,0,19
2192428772,19,0,19
2195963083,19,0,19
2197938198,19,0,19
2198382409,19,0,19
2209543435,19,5,24
2221921292,19,1,20
2238259269,19,4,23
2248135296,19,0,19
2248582168,19,47,66
2259161310,19,0,19
2262874359,19,1,20
2263629997,19,1,20
2266122404,19,0,19
2267700079,19,41,60
2272523274,19,0,19
2276275093,19,3,22
2291671807,19,1,20
2293061179,19,1,20
2317581632,19,2,21
2317691186,19,1,20
2317766706,19,1,20
2324429156,19,0,19
2325948218,19,0,19
2332608247,19,77,96
2339530706,19,0,19
2343879504,19,0,19
2348340188,19,0,19
2361264798,19,0,19
2364021598,19,35,54
2369245394,19,1,20
2369663047,19,0,19
2370857077,19,0,19
2386363226,19,0,19
2393132612,19,2,21
2404751063,19,0,19
2414322239,19,0,19
2415599563,19,13,32
2420366149,19,3,22
2422306772,19,1,20
2430043946,19,4,23
2447072976,19,0,19
2460409950,19,0,19
2468354379,19,83,102
2505288287,19,0,19
2506087878,19,3,22
2516892498,19,20,39
2520962647,19,1,20
2521994133,19,0,19
2522588959,19,5,24
2534793225,19,1,20
2544249232,19,1,20
2544335442,19,23,42
2556035725,19,3,22
2556245796,19,3,22
2560729351,19,1,20
2561754672,19,1,20
2564147810,19,0,19
2594626578,19,1,20
2610318511,19,0,19
2612746873,19,3,22
2626353269,19,0,19
2634079639,19,0,19
2654931765,19,1,20
2658322862,19,0,19
2667679178,19,1,20
2697039827,19,0,19
2704050443,19,2,21
2712266808,19,0,19
2716672169,19,0,19
2718412046,19,1,20
2732639884,19,0,19
2733816872,19,0,19
2738119976,19,2,21
2753134785,19,1,20
2764289161,19,1,20
2765142236,19,3,22
2769022138,19,0,19
2779313336,19,0,19
2779948099,19,11,30
2799784358,19,0,19
2828245246,19,0,19
2834669914,19,16,35
2861962451,19,0,19
2868384747,19,5,24
2870972260,19,0,19
2878768800,19,5,24
2879055304,19,1,20
2891603469,19,0,19
2902347709,19,1,20
2914572341,19,0,19
2921909866,19,2,21
2922437656,19,296,315
2925806962,19,1,20
2933914001,19,0,19
2940008444,19,1,20
2946196150,19,0,19
2953845617,19,0,19
2961515086,19,1,20
2968120646,19,0,19
2974858709,19,1,20
2975722854,19,8,27
2991422896,19,1,20
3010730080,19,0,19
3014019560,19,0,19
3018305249,19,2,21
3020719215,19,3,22
3027817342,19,0,19
3030520504,19,1,20
3040523064,19,4,23
3045114260,19,0,19
3051264005,19,0,19
3053461148,19,0,19
3057368110,19,1,20
3060262782,19,0,19
3070563499,19,0,19
3082986714,19,0,19
3103275975,19,0,19
3115122820,19,0,19
3118962182,19,2,21
3121037413,19,0,19
3122720961,19,0,19
3130384930,19,0,19
3133749851,19,0,19
3145161800,19,0,19
3171050462,19,3,22
3186883325,19,1,20
3188650714,19,0,19
3198349443,19,0,19
3215652991,19,0,19
3224926583,19,0,19
3225672224,19,0,19
3241060727,19,0,19
3242026466,19,6,25
3276465355,19,0,19
3281097205,19,1,20
3285790464,19,0,19
3289180086,19,31,50
3289367082,19,0,19
3291278575,19,0,19
3293178390,19,144,163
3293877845,19,1,20
3297626120,19,0,19
3299253784,19,12,31
3301040332,19,0,19
3303338004,19,0,19
3304564878,19,1,20
3308354227,19,1,20
3309829364,19,1,20
3310576629,19,0,19
3314758074,19,3,22
3320355142,19,1,20
3343099876,19,0,19
3344218324,19,4,23
3359145249,19,18,37
3363294490,19,9,28
3379164785,19,0,19
3385911286,19,0,19
3388190735,19,0,19
3396584299,19,1,20
3406414649,19,0,19
3407501451,19,1,20
3410394815,19,1,20
3413414961,19,0,19
3415038574,19,0,19
3419004964,19,0,19
3434699187,19,0,19
3443212698,19,0,19
3525815595,19,0,19
3555848597,19,6,25
3575459537,19,0,19
3617198666,19,0,19
3619631053,19,0,19
3687565213,19,0,19
3710642235,19,0,19
3722729547,19,3,22
3732699793,19,1,20
3761468116,19,2,21
3799407015,19,13,32
3819546437,19,0,19
3848929221,19,1,20
3883828038,19,1,20
3885412152,19,1,20
3904720814,19,1,20
3940816709,19,3,22
3945696515,19,0,19
3946704868,19,2,21
3948068248,19,1,20
3959989991,19,0,19
3976085120,19,0,19
4003130001,19,6,25
4028896753,19,0,19
4074792076,19,18,37
4080552432,19,0,19
4082935167,19,0,19
4083455412,19,0,19
4100137708,19,0,19
4143069520,19,0,19
4144003185,19,3,22
4156289597,19,0,19
4161577273,19,0,19
4161660072,19,1,20
4166090062,19,4,23
4189063032,19,2,21
4230344434,19,0,19
4237853053,19,3,22
4246312469,19,6,25
4344068775,19,1,20
4392980353,19,3,22
4418925045,19,0,19
4437772394,19,0,19
4444519815,19,0,19
4517468242,19,0,19
4520344907,19,4,23
4577053995,19,0,19
4608262533,19,2,21
4655839099,19,1,20
4675578302,19,0,19
4685670614,19,1,20
4691231430,19,0,19
4691259085,19,0,19
4749472154,19,0,19
4784219062,19,0,19
4817658812,19,0,19
4833619047,19,4,23
4835563329,19,0,19
4835604723,19,1,20
4848957831,19,0,19
4852417521,19,2,21
4855581299,19,0,19
4872703431,19,0,19
4875186527,19,0,19
4876115712,19,1,20
4876400715,19,0,19
4884026140,19,0,19
4884249002,19,78,97
4887507675,19,2,21
4904610446,19,0,19
4907850459,19,0,19
702546053258727425,19,0,19
702586202025803777,19,1,20
703008987352936448,19,0,19
703029018367549441,19,1,20
703030660399648769,19,3,22
703398850900299776,19,8,27
703907049277689857,19,1,20
704041886089084928,19,3,22
704482448630005760,19,1,20
704517770650775553,19,5,24
705447318602907648,19,1,20
705461369794002944,19,0,19
705794670454898691,19,1,20
705913054563684352,19,2,21
706244165609213952,19,0,19
707705933804269570,19,2,21
708032271509356544,19,0,19
708704504217280513,19,2,21
709036278990381056,19,0,19
709155768210231296,19,0,19
709199086608584704,19,1,20
709475563618983936,19,1,20
710226149687701504,19,0,19
710471692896837632,19,1,20
710566737566011392,19,1,20
710873370255106048,19,1,20
711587041549557760,19,0,19
712414600717799426,19,0,19
712649289982484481,19,0,19
713373725215707136,19,0,19
713402423402848256,19,2,21
713857568460947458,19,0,19
713940483798466561,19,0,19
714499402669359106,19,0,19
715603871951753216,19,0,19
715974889065345024,19,2,21
717059614295121920,19,5,24
717867080305999872,19,0,19
718849113303949312,19,3,22
720655025232547840,19,0,19
723953379379027968,19,2,21
724677011537575936,19,0,19
725105719259856897,19,0,19
725563520067231744,19,0,19
726021605231591424,19,0,19
727978810440716288,19,0,19
728706287719075840,19,0,19
729104492873043970,19,1,20
729460254614773761,19,1,20
730865908575576064,19,5,24
732304406171897856,19,0,19
732983334268248064,19,1,20
733790457881321473,19,3,22
734133344565395460,19,0,19
734147873315520512,19,0,19
734221958007652352,19,1,20
735337219452506112,19,0,19
736323427754074113,19,5,24
737319832744431616,19,0,19
737995931413413888,19,0,19
738710158176571392,19,0,19
739230417946021888,19,0,19
739262467247771649,19,0,19
739398659893268480,19,3,22
740323932201308160,19,0,19
740994680981204992,19,16,35
741266545901326336,19,1,20
741458608471216129,19,0,19
742079170344194049,19,0,19
742351669564952576,19,2,21
742458049147736064,19,1,20
742537276459253761,19,0,19
742947873730531328,19,0,19
744281884310405120,19,25,44
745030690912120833,19,2,21
745414485637201921,19,0,19
745431642919968769,19,0,19
746173035019788288,19,1,20
746567119517560832,19,0,19
746878444655411201,19,1,20
746884292689571840,19,0,19
747526955478695936,19,0,19
749251943911096320,19,0,19
749820055144263680,19,22,41
750668508103671808,19,0,19
750747532095991808,19,1,20
751397979500806144,19,0,19
753144452189868032,19,4,23
754349931910074368,19,0,19
754610315887685632,19,0,19
754732411943092224,19,0,19
755157340928761858,19,0,19
755405239197458434,19,3,22
755572010265174016,19,0,19
755859120729694209,19,2,21
756547846824787968,19,0,19
756930738138734592,19,0,19
757224645040930816,19,4,23
757383978810761216,19,0,19
757598683223339009,19,0,19
757745686796394496,19,0,19
757762285590896640,19,0,19
757851271751536641,19,0,19
757965690460516353,19,0,19
759035471921946626,19,3,22
759186559648174080,19,29,48
759401970578915329,19,0,19
759476616074502144,19,1,20
759751090808115200,19,4,23
759852641811693568,19,0,19
760137974797438976,19,0,19
760221556354277376,19,0,19
760250728162078724,19,0,19
760304521553653760,19,0,19
760627673324412928,19,0,19
760750137027153920,19,0,19
761002459347181568,19,0,19
761591537469759488,19,0,19
762468781226549248,19,2,21
762788716523950080,19,0,19
763419429820444672,19,3,22
763805148938285056,19,0,19
763903558970257408,19,1,20
763916429892603904,19,0,19
764105871416700929,19,2,21
764200668827705348,19,0,19
765355667662237698,19,0,19
767363969170440192,19,0,19
768999832958570496,19,0,19
770375799513972736,19,1,20
771406518570852352,19,0,19
771686204156866561,19,0,19
772317077629640704,19,0,19
773524731421192192,19,2,21
773591111797440512,19,0,19
773710762602799104,19,1,20
774010112277118980,19,0,19
774051186488082433,19,0,19
774293672531820544,19,11,30
774659093256634368,19,0,19
774758837454774272,19,1,20
775113163931054080,19,0,19
775788624583413760,19,0,19
776329373964042240,19,3,22
777229123752124416,19,0,19
777645386269859840,19,1,20
778386953846816769,19,0,19
780390612113711105,19,0,19
780512899504668672,19,1,20
780817940308295681,19,3,22
781125579844100100,19,4,23
782037091232411648,19,0,19
782283171786174465,19,0,19
782602133476638720,19,0,19
782645753319567362,19,0,19
782692238568456192,19,0,19
782717292819853313,19,0,19
783298529678790658,19,0,19
783350449948635137,19,1,20
783748954668138496,19,0,19
784791980018638848,19,0,19
785187383176077313,19,1,20
785318587934187522,19,1,20
785923168091373569,19,0,19
786384211535990784,19,0,19
786769087271665665,19,0,19
787374492842659840,19,3,22
789145493410492416,19,0,19
789232077619068928,19,0,19
789646861741199360,19,1,20
790377187966787584,19,3,22
791114183903358977,19,0,19
792885902590808064,19,0,19
792906569310670848,19,0,19
794297777127903233,19,0,19
794982737648160768,19,0,19
795657108524040193,19,1,20
795697168350871552,19,0,19
796339264531337217,19,0,19
796964364209233920,19,0,19
797873440296464384,19,0,19
798242442034155520,19,5,24
799237407124099072,19,0,19
802213270513971200,19,0,19
755703,18,0,18
7544762,18,52,70
10324632,18,0,18
14396770,18,0,18
14465410,18,1,19
14668277,18,2,20
14752306,18,0,18
15212736,18,51,69
15246549,18,1,19
15379902,18,1,19
15655537,18,3,21
15773072,18,177,195
15835746,18,0,18
15851178,18,0,18
15975316,18,16,34
16063672,18,2,20
16108245,18,0,18
16166128,18,4,22
16184610,18,0,18
16272976,18,0,18
16513043,18,0,18
16619175,18,2,20
17045777,18,1,19
17266188,18,0,18
17376429,18,16,34
17484454,18,2,20
17491154,18,2,20
17626317,18,9,27
17885630,18,1,19
18000767,18,1,19
18080108,18,3,21
18086847,18,3,21
18496526,18,39,57
18888561,18,0,18
18959644,18,97,115
19031443,18,1,19
19188890,18,0,18
20362627,18,0,18
20370018,18,0,18
20729032,18,34,52
20825522,18,0,18
21155483,18,62,80
21231908,18,0,18
21237658,18,22,40
21385057,18,0,18
21771686,18,20,38
21897322,18,2,20
21939993,18,0,18
22065943,18,0,18
22283715,18,0,18
22429865,18,0,18
22440812,18,26,44
22456513,18,4,22
22484490,18,0,18
22530000,18,8,26
22694767,18,2,20
22826544,18,0,18
22905009,18,0,18
22991773,18,0,18
23120752,18,0,18
23446050,18,2,20
23568539,18,1,19
23580800,18,2,20
23804708,18,0,18
24064455,18,17,35
25173349,18,0,18
25363146,18,11,29
25422054,18,1,19
25827542,18,0,18
26017280,18,2,20
26322844,18,1,19
26581576,18,1,19
26625439,18,11,29
26832339,18,0,18
27213810,18,0,18
27404671,18,0,18
28229726,18,1,19
28472070,18,1,19
28954941,18,0,18
29351788,18,2,20
29808850,18,17,35
29833442,18,2,20
30106118,18,1,19
31059685,18,0,18
31136966,18,0,18
31460146,18,2,20
31494483,18,4,22
32395512,18,0,18
32750528,18,9,27
32782882,18,72,90
33108473,18,1,19
33528800,18,0,18
33570964,18,5,23
33878714,18,1,19
34866143,18,0,18
35036599,18,0,18
35422349,18,1,19
35583219,18,5,23
35810515,18,6,24
36651563,18,0,18
36771189,18,112,130
37490814,18,0,18
37813045,18,1,19
38198508,18,1,19
39242559,18,1,19
40218911,18,0,18
40732344,18,1,19
40732968,18,0,18
40953407,18,0,18
41414361,18,0,18
42102210,18,0,18
42318346,18,0,18
42543403,18,1,19
42901906,18,0,18
42912666,18,1,19
42916923,18,6,24
42994751,18,1,19
43351449,18,4,22
44075113,18,3,21
44260891,18,1,19
44342873,18,4,22
44426727,18,4,22
44480621,18,2,20
45099851,18,0,18
45734324,18,0,18
45778088,18,0,18
46822091,18,0,18
47114495,18,0,18
47193058,18,2,20
47777043,18,0,18
48195067,18,0,18
48308217,18,0,18
48474625,18,32,50
48475530,18,1,19
48528332,18,1,19
48761781,18,0,18
49121643,18,0,18
49130199,18,7,25
50069586,18,1,19
50508504,18,0,18
50854399,18,0,18
50934577,18,0,18
51023513,18,0,18
51144390,18,0,18
51244305,18,1,19
51489067,18,0,18
51976177,18,0,18
52512356,18,3,21
52759830,18,2,20
52779314,18,0,18
53181989,18,1,19
53707699,18,0,18
54096689,18,11,29
54344219,18,3,21
54410303,18,0,18
55853059,18,59,77
56136366,18,0,18
56871486,18,2,20
57465698,18,4,22
57840601,18,3,21
58149302,18,0,18
59140216,18,0,18
59434294,18,8,26
59651331,18,0,18
59908391,18,18,36
60075685,18,4,22
61049859,18,3,21
61231226,18,2,20
62829146,18,4,22
64047470,18,1,19
66054053,18,0,18
66888939,18,0,18
68578835,18,10,28
73502819,18,0,18
75811600,18,0,18
76057201,18,0,18
80963391,18,25,43
81820835,18,4,22
84030041,18,3,21
85696760,18,0,18
86002703,18,0,18
86538839,18,0,18
86620692,18,1,19
87748261,18,0,18
88312530,18,0,18
88480047,18,6,24
88864364,18,42,60
89967445,18,0,18
91237064,18,0,18
92051191,18,0,18
94436427,18,1,19
107223446,18,0,18
108052332,18,10,28
111206460,18,0,18
111618249,18,7,25
112436394,18,0,18
112603618,18,20,38
114553093,18,0,18
115052289,18,1,19
119150202,18,1,19
123411969,18,18,36
124410425,18,0,18
124735878,18,0,18
125210002,18,2,20
125238520,18,0,18
126168062,18,1,19
127239057,18,5,23
130268161,18,28,46
130658940,18,0,18
136492629,18,1,19
139509652,18,0,18
140343754,18,0,18
141579532,18,0,18
141682204,18,8,26
142703093,18,1,19
143981224,18,0,18
149543566,18,31,49
154979522,18,0,18
156447411,18,0,18
158715511,18,1,19
164254921,18,10,28
167277255,18,1,19
167633911,18,0,18
167800704,18,0,18
167923560,18,0,18
168908163,18,4,22
171530695,18,3,21
173851898,18,0,18
175740342,18,1,19
176326102,18,1,19
181289030,18,0,18
184263574,18,0,18
188493438,18,0,18
189471098,18,2,20
190379408,18,0,18
193455882,18,1,19
193605885,18,12,30
196168350,18,1,19
196184447,18,1,19
205904588,18,4,22
206333044,18,1,19
212992692,18,1,19
213291366,18,1,19
215667555,18,47,65
216329795,18,0,18
223522535,18,0,18
224059152,18,0,18
227546698,18,0,18
230447654,18,1,19
230826920,18,0,18
231410482,18,1,19
231571707,18,1,19
233610279,18,0,18
242812474,18,2,20
244754634,18,22,40
245202219,18,0,18
247922761,18,3,21
248273573,18,0,18
249362999,18,1,19
249653063,18,0,18
250804389,18,0,18
251352323,18,0,18
254930104,18,2,20
255826721,18,22,40
256295530,18,2,20
256612344,18,0,18
258029335,18,0,18
259094582,18,21,39
261093402,18,0,18
263692373,18,0,18
266632498,18,0,18
266719414,18,0,18
269744823,18,10,28
272431268,18,13,31
280587878,18,0,18
281582041,18,4,22
282657027,18,0,18
283759033,18,1,19
288337039,18,9,27
290885049,18,39,57
290908041,18,15,33
291729326,18,1,19
291865105,18,0,18
294230121,18,1,19
302059038,18,3,21
302703623,18,0,18
309290288,18,0,18
309843766,18,5,23
314616501,18,0,18
319637000,18,1,19
329872299,18,0,18
330623773,18,16,34
331370204,18,3,21
331489082,18,2,20
334282175,18,0,18
334914087,18,1,19
337884264,18,2,20
338317842,18,0,18
339700787,18,1,19
343087091,18,3,21
346531863,18,1,19
346713429,18,0,18
354335542,18,0,18
354993695,18,0,18
357090691,18,48,66
358536349,18,0,18
363882398,18,0,18
365570380,18,0,18
369158562,18,0,18
371434586,18,1,19
372998325,18,2,20
373657768,18,1,19
377207363,18,6,24
379279989,18,0,18
379747365,18,1,19
380758788,18,2,20
389078968,18,2,20
390880995,18,1,19
390885971,18,0,18
391600412,18,1,19
392897999,18,0,18
399097938,18,1,19
400270219,18,0,18
401748480,18,3,21
405733200,18,0,18
406778399,18,1,19
409457597,18,0,18
410210428,18,0,18
414010452,18,59,77
414956114,18,1,19
415588863,18,5,23
418820343,18,0,18
420014514,18,3,21
420609870,18,1,19
423695614,18,5,23
424248616,18,1,19
427591520,18,1,19
428486349,18,30,48
431345987,18,0,18
434367915,18,7,25
439199052,18,0,18
441434232,18,15,33
456714411,18,0,18
460358894,18,0,18
461747789,18,1,19
462640039,18,1,19
465303003,18,0,18
469022809,18,3,21
470601243,18,52,70
473528903,18,0,18
475030642,18,164,182
475145379,18,3,21
477389338,18,8,26
481644165,18,0,18
481725816,18,4,22
483456995,18,1,19
495990888,18,2,20
499329344,18,5,23
499342833,18,0,18
506858709,18,2,20
512328016,18,0,18
514200930,18,0,18
517657942,18,0,18
522594399,18,1,19
523760928,18,0,18
523986537,18,1,19
524576435,18,0,18
524655367,18,0,18
525644236,18,2,20
526017873,18,1,19
526147690,18,3,21
526677951,18,0,18
527045074,18,2,20
529961778,18,0,18
531525580,18,6,24
531554519,18,1,19
532485646,18,3,21
533535507,18,0,18
534841292,18,0,18
539160514,18,1,19
542071766,18,2,20
542153653,18,3,21
548705374,18,0,18
552245790,18,3,21
554497503,18,2,20
556431426,18,4,22
557862434,18,0,18
568746638,18,1,19
570041682,18,0,18
570790523,18,1,19
578981845,18,3,21
581898234,18,0,18
585273426,18,1,19
587977882,18,1,19
590375230,18,0,18
592853778,18,0,18
595250319,18,0,18
604048241,18,0,18
606723977,18,0,18
606907410,18,58,76
610438412,18,0,18
619605487,18,2,20
621400341,18,0,18
621422144,18,1,19
624937493,18,0,18
631379480,18,2,20
632544849,18,6,24
633902152,18,2,20
634308314,18,3,21
637158833,18,0,18
700630947,18,0,18
703726138,18,1,19
704068854,18,2,20
704559630,18,0,18
709498740,18,0,18
710111395,18,4,22
723554358,18,3,21
726777476,18,1,19
741709310,18,0,18
755615538,18,2,20
760869378,18,0,18
770828178,18,2,20
774825306,18,0,18
776163331,18,0,18
777059101,18,0,18
789025232,18,1,19
794272717,18,0,18
799257301,18,11,29
807998719,18,2,20
808175803,18,0,18
820683806,18,0,18
823354662,18,0,18
830868836,18,0,18
834995324,18,0,18
837561853,18,55,73
838891357,18,0,18
848832067,18,0,18
852483272,18,0,18
855844130,18,1,19
860631620,18,1,19
863525576,18,1,19
865763376,18,22,40
871152319,18,1,19
879272462,18,3,21
881040913,18,0,18
882696823,18,0,18
885741559,18,0,18
888971406,18,0,18
895681783,18,10,28
898872932,18,2,20
902109204,18,0,18
907059944,18,2,20
909715267,18,0,18
913228118,18,3,21
930032755,18,0,18
930323370,18,35,53
937995541,18,0,18
944010049,18,1,19
946104655,18,0,18
954124423,18,0,18
954825379,18,0,18
961144195,18,4,22
963257515,18,0,18
967681843,18,1,19
970240309,18,2,20
988279338,18,1,19
998474294,18,0,18
1014094537,18,4,22
1021984146,18,1,19
1026901148,18,0,18
1026951212,18,0,18
1046846558,18,2,20
1054000729,18,1,19
1064074980,18,1,19
1068809875,18,3,21
1097763126,18,0,18
1126379408,18,2,20
1144064870,18,0,18
1164554108,18,0,18
1184045791,18,2,20
1187303720,18,0,18
1202410422,18,3,21
1222918302,18,0,18
1227671594,18,0,18
1261865556,18,1,19
1262828227,18,4,22
1263313555,18,1,19
1275994950,18,3,21
1281889598,18,0,18
1284564762,18,0,18
1284745723,18,1,19
1286019073,18,2,20
1289293753,18,1,19
1307220464,18,0,18
1309394527,18,0,18
1312391016,18,1,19
1317650570,18,1,19
1324900231,18,0,18
1326446600,18,0,18
1327078226,18,4,22
1330703660,18,0,18
1364259432,18,0,18
1370640842,18,0,18
1373468185,18,2,20
1385644158,18,1,19
1399133514,18,0,18
1416794803,18,1,19
1429031490,18,2,20
1431345054,18,3,21
1446959204,18,3,21
1449608436,18,0,18
1454758754,18,0,18
1461593689,18,0,18
1500129642,18,0,18
1509947786,18,3,21
1520120174,18,0,18
1521690068,18,0,18
1544545028,18,0,18
1551281456,18,0,18
1577325823,18,0,18
1603672698,18,1,19
1603899235,18,3,21
1609603213,18,2,20
1623104534,18,0,18
1648746326,18,1,19
1655780005,18,0,18
1656232657,18,1,19
1658484290,18,1,19
1669932314,18,0,18
1679085500,18,1,19
1679865180,18,6,24
1681044234,18,1,19
1683533647,18,44,62
1690908734,18,0,18
1713955530,18,1,19
1716110708,18,0,18
1719704100,18,0,18
1848242569,18,3,21
1858905666,18,1,19
1932816230,18,35,53
1938871628,18,0,18
1954914690,18,1,19
2151661864,18,0,18
2152847043,18,3,21
2155949312,18,0,18
2167457869,18,1,19
2173981217,18,1,19
2175147457,18,18,36
2177442122,18,0,18
2204434298,18,4,22
2214273115,18,3,21
2217125934,18,0,18
2221610149,18,0,18
2221686996,18,10,28
2229646347,18,21,39
2231172813,18,0,18
2232567099,18,1,19
2252629401,18,0,18
2253119772,18,0,18
2255796822,18,0,18
2263075896,18,0,18
2263883537,18,1,19
2272137097,18,23,41
2275671929,18,4,22
2277225526,18,0,18
2283799285,18,0,18
2300158004,18,0,18
2307667986,18,9,27
2314486826,18,1,19
2316754312,18,1,19
2317410492,18,0,18
2350626350,18,0,18
2364026722,18,0,18
2377345701,18,0,18
2379961994,18,1,19
2380549591,18,0,18
2383564050,18,1,19
2390165938,18,2,20
2391721326,18,0,18
2393578651,18,0,18
2395404686,18,2,20
2401888740,18,0,18
2402321532,18,1,19
2418922016,18,1,19
2422201032,18,0,18
2433195168,18,0,18
2439661933,18,0,18
2440073538,18,0,18
2447644512,18,12,30
2447899070,18,1,19
2456786886,18,0,18
2457164720,18,0,18
2463571945,18,1,19
2465958361,18,31,49
2469843235,18,0,18
2500964167,18,0,18
2501885184,18,1,19
2509290431,18,0,18
2536713494,18,0,18
2545580321,18,0,18
2549648706,18,0,18
2551156820,18,0,18
2565328111,18,0,18
2570121708,18,0,18
2571468719,18,0,18
2573363284,18,0,18
2584830338,18,0,18
2587627947,18,0,18
2599864886,18,0,18
2600300989,18,20,38
2608625641,18,2,20
2612644832,18,0,18
2612954227,18,0,18
2621487040,18,1,19
2645055219,18,0,18
2647531357,18,0,18
2652024210,18,1,19
2659964124,18,0,18
2676744402,18,0,18
2692810169,18,0,18
2693122980,18,0,18
2698652231,18,0,18
2710824398,18,7,25
2716269940,18,0,18
2720586630,18,87,105
2728438789,18,2,20
2729109958,18,1,19
2736373039,18,0,18
2748533854,18,0,18
2751990444,18,3,21
2758282257,18,0,18
2761493147,18,1,19
2776515108,18,2,20
2787720983,18,1,19
2790691692,18,1,19
2796694167,18,0,18
2799071012,18,0,18
2810858166,18,0,18
2819619718,18,1,19
2821881229,18,0,18
2822505065,18,0,18
2837366998,18,0,18
2838772325,18,0,18
2857456425,18,0,18
2860954941,18,1,19
2874346049,18,2,20
2874387150,18,10,28
2874493975,18,1,19
2875828868,18,4,22
2912107932,18,0,18
2916860376,18,40,58
2919977303,18,1,19
2923198636,18,0,18
2926270218,18,0,18
2929026104,18,0,18
2939884998,18,0,18
2942265545,18,8,26
2945947649,18,0,18
2946380788,18,0,18
2954110321,18,1,19
2956697207,18,1,19
2959996658,18,3,21
2970378245,18,0,18
2982868572,18,12,30
2988388635,18,0,18
2994231243,18,0,18
2997037393,18,0,18
3003694756,18,1,19
3011714569,18,1,19
3017705364,18,2,20
3024559889,18,0,18
3029186128,18,0,18
3031032827,18,0,18
3031294189,18,3,21
3047786710,18,1,19
3056544366,18,1,19
3059387009,18,0,18
3064237389,18,4,22
3064736655,18,19,37
3077398541,18,0,18
3078831746,18,0,18
3082157129,18,17,35
3083798229,18,0,18
3088092171,18,22,40
3090318623,18,2,20
3093684389,18,1,19
3099543917,18,0,18
3104869452,18,0,18
3106063313,18,0,18
3118252168,18,0,18
3119050321,18,0,18
3141166670,18,3,21
3142956788,18,0,18
3158348022,18,0,18
3160287114,18,0,18
3164614729,18,0,18
3166063806,18,0,18
3167280587,18,0,18
3192605996,18,2,20
3192954225,18,0,18
3218898478,18,0,18
3227484185,18,1,19
3229118956,18,0,18
3232003635,18,0,18
3234295855,18,15,33
3237429813,18,0,18
3238979114,18,0,18
3243417940,18,3,21
3247737961,18,0,18
3248505095,18,4,22
3254370702,18,0,18
3283645590,18,1,19
3291772165,18,0,18
3299974706,18,1,19
3302658674,18,0,18
3309187556,18,2,20
3310596380,18,0,18
3311706055,18,1,19
3312236731,18,2,20
3320903689,18,1,19
3321386251,18,88,106
3347290719,18,0,18
3352309965,18,0,18
3370018318,18,1,19
3370128503,18,2,20
3381212277,18,0,18
3384010133,18,0,18
3384217595,18,1,19
3384887279,18,0,18
3386316311,18,1,19
3390129334,18,2,20
3399349145,18,0,18
3402040767,18,0,18
3407879860,18,4,22
3408499533,18,0,18
3437945597,18,0,18
3453346696,18,0,18
3495057261,18,0,18
3529074436,18,0,18
3540668052,18,2,20
3546465556,18,2,20
3566838975,18,0,18
3589464580,18,1,19
3594747380,18,2,20
3599739012,18,35,53
3629180713,18,2,20
3634747458,18,4,22
3647466679,18,1,19
3688827749,18,0,18
3719198295,18,0,18
3787809673,18,1,19
3798307395,18,5,23
3808868956,18,3,21
3872700794,18,0,18
3906226763,18,1,19
3907871658,18,0,18
3913020809,18,0,18
3921319332,18,0,18
3957834941,18,0,18
3959508322,18,1,19
3981638170,18,0,18
4007243953,18,0,18
4034137642,18,0,18
4034504169,18,1,19
4040347175,18,0,18
4050743122,18,12,30
4055699596,18,0,18
4063739834,18,1,19
4099693318,18,2,20
4124454623,18,2,20
4130538973,18,0,18
4155721936,18,0,18
4157381963,18,0,18
4171349059,18,0,18
4175195954,18,3,21
4198152689,18,0,18
4214106723,18,0,18
4221776955,18,1,19
4241941692,18,0,18
4281570916,18,39,57
4281723747,18,0,18
4307372600,18,0,18
4330490235,18,0,18
4354651457,18,1,19
4363987641,18,0,18
4410066135,18,3,21
4485952115,18,0,18
4501230762,18,1,19
4502852418,18,5,23
4556760676,18,0,18
4578930138,18,1,19
4630032317,18,1,19
4641957134,18,5,23
4686567074,18,1,19
4696444861,18,0,18
4706221872,18,0,18
4709063357,18,0,18
4740825513,18,5,23
4765476146,18,4,22
4776980650,18,0,18
4790055615,18,2,20
4794699393,18,2,20
4814509174,18,0,18
4815572195,18,0,18
4833319836,18,0,18
4833753718,18,0,18
4833875471,18,2,20
4849413012,18,0,18
4851276082,18,6,24
4852157987,18,0,18
4857221537,18,0,18
4861558506,18,0,18
4861988838,18,48,66
4864961020,18,1,19
4866912910,18,1,19
4871908732,18,0,18
4872434897,18,0,18
4875318701,18,0,18
4886039734,18,3,21
4898071876,18,137,155
4912718010,18,3,21
4920690549,18,0,18
697443656706453504,18,0,18
700434897140371458,18,0,18
700782582972157952,18,0,18
701944225848541184,18,0,18
702225352001716224,18,0,18
702291376617234432,18,2,20
702520771172696064,18,2,20
702538484679057409,18,15,33
703223999195693057,18,0,18
703638002455724036,18,11,29
703781523829493760,18,2,20
703798067586338816,18,1,19
703949093735931904,18,1,19
704130750644244480,18,1,19
705285051576160257,18,0,18
705374152446840832,18,0,18
705414597034033152,18,1,19
705480398537670656,18,1,19
705611573293789184,18,0,18
705756565991727104,18,0,18
705899613681807360,18,0,18
705921595190046720,18,0,18
705925401688809472,18,2,20
706295563847929856,18,1,19
706839060711661568,18,0,18
707726839742124032,18,0,18
709182829037375489,18,3,21
709599386334957568,18,0,18
709807914274430978,18,0,18
710646913977024513,18,3,21
710882642955075585,18,1,19
711466688902868992,18,1,19
711793053871312896,18,0,18
711810952874876932,18,2,20
711896750857043969,18,0,18
713210089788735489,18,0,18
713375864742805505,18,1,19
713494070862155776,18,0,18
713514828946477056,18,0,18
714198829998821376,18,45,63
714281194288988161,18,1,19
714307238546919426,18,3,21
714978043006038016,18,0,18
715005534835838977,18,3,21
716738500423319552,18,0,18
717374983442472961,18,0,18
718149456269418496,18,1,19
719286249970728960,18,0,18
720427434760212480,18,0,18
720793674720915456,18,0,18
721050601740746752,18,0,18
721062094712365056,18,0,18
721467490673397761,18,2,20
721735342953533440,18,2,20
722234327010975744,18,2,20
722456434672160768,18,0,18
722887595965997056,18,0,18
723622126721355776,18,1,19
723889888098017281,18,2,20
724397745713238016,18,1,19
724752040057028608,18,0,18
725342237370937344,18,2,20
725852792053616641,18,3,21
726066085703749632,18,4,22
726569449919242240,18,2,20
727595749844910080,18,3,21
727647631099334656,18,4,22
728401273670631424,18,0,18
728468115097423872,18,3,21
728485446871703552,18,2,20
728729515204194304,18,0,18
728804782878666752,18,0,18
730195745819742208,18,0,18
730227109797367810,18,0,18
730495274137739264,18,0,18
731118334561947648,18,1,19
731237641786531840,18,21,39
731555699881332736,18,1,19
731579150952239104,18,1,19
731709129354559488,18,5,23
732193702333009921,18,1,19
735499561339232256,18,2,20
735601340152418305,18,11,29
736670280303710208,18,2,20
736911671482945536,18,0,18
737313345947111426,18,7,25
738399937734397952,18,0,18
738515496736161794,18,1,19
738712955706085377,18,1,19
738751364277391360,18,242,260
739177102046601216,18,1,19
739285855454396416,18,1,19
739664413330804737,18,0,18
739799450642567169,18,1,19
740043766153629696,18,0,18
740744452021604352,18,0,18
741382040357097473,18,0,18
741808975214153728,18,21,39
742420413591003136,18,19,37
743561610338275328,18,0,18
743901070397579265,18,1,19
744117249821184000,18,0,18
744134265227612160,18,0,18
744615007149752320,18,0,18
745304896862195714,18,1,19
745459492515520514,18,0,18
746305022816825344,18,0,18
746460382957604864,18,10,28
746701871176421379,18,0,18
747544919485603844,18,0,18
747906100905680896,18,0,18
748677326448230400,18,6,24
750366674964979712,18,1,19
750880737151291392,18,1,19
751029578219552768,18,0,18
751407847108333568,18,1,19
751495917975502849,18,0,18
751577699072618497,18,0,18
751589089040752640,18,0,18
751694998391762945,18,0,18
752223333832355840,18,0,18
753547433481691138,18,0,18
753635294667124736,18,0,18
753797257237893121,18,0,18
754008826446249984,18,1,19
754117398563729408,18,0,18
755357951548858368,18,0,18
755450132242452482,18,0,18
755844443555508229,18,2,20
755900963685216256,18,0,18
755918787237511168,18,3,21
756214713696989184,18,1,19
756255959039606785,18,1,19
756844406804799488,18,0,18
756892774847438848,18,12,30
757019219124822016,18,1,19
757638061652119552,18,0,18
758337198102052864,18,0,18
758473671304286209,18,0,18
758742703240654849,18,0,18
759170913824673793,18,0,18
759340563380305920,18,8,26
759511663116709888,18,16,34
759807262755913728,18,0,18
760266420542255105,18,1,19
760728440152743936,18,0,18
760884617712771072,18,2,20
761584747600424960,18,0,18
762719914213904384,18,0,18
763086112130736128,18,3,21
763882037841367041,18,3,21
764339051172200448,18,0,18
764475731699204097,18,0,18
765001215750963201,18,0,18
765212916819890176,18,0,18
765669548259434496,18,3,21
766076506263187456,18,0,18
766463969599062016,18,0,18
767445910015967235,18,1,19
767468254172368896,18,0,18
767733852961845248,18,0,18
768153071129997312,18,0,18
768860326553063424,18,0,18
769238743563862016,18,0,18
770037428795084802,18,0,18
770174775226408960,18,2,20
770710825111814144,18,0,18
771054545468321793,18,0,18
773157350798659584,18,0,18
773357135971356672,18,2,20
774065167156047872,18,0,18
775403147770466304,18,1,19
775761530126118912,18,0,18
776562563022622720,18,0,18
777126939605684225,18,1,19
777582502697373696,18,0,18
778781732812132352,18,0,18
778909283157172232,18,2,20
779145585890910208,18,0,18
782202723269767168,18,0,18
782217508665327618,18,0,18
782790943267323904,18,0,18
782858617418428416,18,7,25
783003777146163204,18,0,18
783480786796228608,18,0,18
783796249074003969,18,0,18
784359423607209984,18,0,18
784763664075149312,18,1,19
784776943174553601,18,4,22
784808665509457921,18,0,18
785235667697569792,18,0,18
785348223477035008,18,2,20
785435917397925888,18,0,18
786213333670047744,18,0,18
786814536452022273,18,2,20
787071989101891584,18,0,18
787151120925941760,18,0,18
787408923166904320,18,0,18
787449090086952960,18,1,19
787763844231917568,18,0,18
787909745386684416,18,0,18
788083321360220160,18,1,19
788141458654015489,18,1,19
788647738934124544,18,0,18
791089339111317504,18,0,18
791535569985605632,18,1,19
792232694797242368,18,0,18
793527746341244928,18,0,18
793568744677203968,18,0,18
793622750216585217,18,0,18
794950710634786817,18,3,21
795220159426220034,18,0,18
795300555354677250,18,1,19
795316582369071104,18,0,18
795899558438064128,18,0,18
812670250810560512,18,0,18
2988601,17,2,19
4937061,17,27,44
5469272,17,1,18
5849252,17,61,78
8220042,17,0,17
11724882,17,19,36
14137559,17,0,17
14400534,17,0,17
14448151,17,0,17
14836055,17,65,82
15143559,17,0,17
15329294,17,1,18
15886477,17,211,228
15987245,17,0,17
16155872,17,1,18
16540169,17,401,418
16569075,17,3,20
16601559,17,2,19
16743540,17,5,22
16763018,17,1,18
17180761,17,5,22
17769201,17,1,18
17861740,17,2,19
17903589,17,0,17
17972808,17,0,17
18117002,17,0,17
18176907,17,24,41
18208790,17,1,18
18263606,17,2,19
18404320,17,0,17
18587683,17,3,20
18820464,17,2,19
18840396,17,1,18
18892099,17,1,18
18916507,17,4,21
19038534,17,0,17
19066543,17,1,18
19141379,17,5,22
19304182,17,0,17
19458818,17,22,39
19797994,17,0,17
19896312,17,0,17
19950438,17,0,17
20476170,17,1,18
20577527,17,0,17
20695280,17,7,24
20832710,17,0,17
20944649,17,5,22
20953826,17,4,21
20964739,17,85,102
21271252,17,3,20
21465838,17,47,64
21631487,17,6,23
21785414,17,0,17
21812268,17,0,17
21866516,17,2,19
21932745,17,99,116
22546773,17,1,18
22851481,17,1,18
23382865,17,0,17
23531441,17,0,17
24684457,17,0,17
24721342,17,1,18
25920303,17,102,119
26495540,17,0,17
26546985,17,0,17
26699134,17,1,18
27259780,17,1,18
27467006,17,0,17
27691835,17,1,18
28789535,17,2,19
28837597,17,0,17
29234408,17,0,17
29246575,17,0,17
29439865,17,0,17
30030404,17,47,64
30458840,17,1,18
30540412,17,0,17
30728952,17,28,45
31226007,17,1,18
31244338,17,3,20
31880558,17,0,17
32517403,17,0,17
33416880,17,0,17
33791390,17,9,26
34418531,17,0,17
34974207,17,0,17
35165115,17,4,21
36376016,17,1,18
36817968,17,0,17
36844168,17,0,17
36947165,17,1,18
37409515,17,2,19
37514841,17,0,17
37820026,17,0,17
38430190,17,6,23
38664653,17,1,18
38874173,17,0,17
38885583,17,8,25
39593862,17,0,17
40037619,17,1,18
40195663,17,0,17
40407057,17,1,18
40599597,17,0,17
40937190,17,2,19
41063452,17,3,20
41457954,17,1,18
42167266,17,0,17
42203731,17,0,17
42266389,17,1,18
42335390,17,0,17
42904769,17,1,18
42927897,17,1,18
43182702,17,1,18
43873770,17,0,17
44734306,17,0,17
44901486,17,1,18
45661807,17,0,17
46868661,17,2,19
46870471,17,0,17
47206195,17,10,27
47309891,17,1,18
48336703,17,6,23
48337612,17,0,17
48395396,17,0,17
48628504,17,0,17
48828637,17,1,18
48980630,17,14,31
49118221,17,0,17
49169452,17,1,18
49174212,17,0,17
49384747,17,2,19
49412814,17,13,30
49794258,17,3,20
50153822,17,0,17
50417872,17,0,17
50536281,17,1,18
51468345,17,5,22
51747166,17,0,17
51897156,17,0,17
51915336,17,3,20
52793412,17,0,17
53486967,17,0,17
53935500,17,3,20
53987594,17,13,30
54194375,17,2,19
54333231,17,0,17
55375197,17,0,17
55414986,17,15,32
55999144,17,0,17
57754858,17,2,19
60435440,17,0,17
61317568,17,0,17
61662979,17,1,18
62195654,17,0,17
62702595,17,1,18
65714838,17,2,19
67219774,17,0,17
67435927,17,1,18
68164526,17,0,17
69043629,17,5,22
69209757,17,2,19
71266895,17,0,17
71822327,17,0,17
72861809,17,4,21
74495978,17,1,18
74967096,17,0,17
79939817,17,0,17
81279355,17,0,17
81602176,17,7,24
83989145,17,0,17
86572499,17,1,18
86856593,17,0,17
87325840,17,0,17
89524897,17,1,18
89568925,17,0,17
89728787,17,1,18
90803598,17,44,61
92479528,17,0,17
93251080,17,35,52
94616343,17,1,18
97452920,17,32,49
98737961,17,20,37
100146431,17,34,51
101640907,17,6,23
101761135,17,1,18
103065252,17,0,17
104297073,17,1,18
104315028,17,2,19
105657541,17,0,17
107210351,17,0,17
108369640,17,2,19
109057738,17,2,19
109606702,17,0,17
110261209,17,1,18
110444352,17,1,18
114038919,17,0,17
114314317,17,0,17
115769460,17,1,18
119137286,17,0,17
121298616,17,2,19
122797377,17,1,18
123786241,17,0,17
123953834,17,0,17
124208925,17,2,19
125798518,17,0,17
126097335,17,1,18
127050046,17,0,17
132255502,17,1,18
132714235,17,0,17
134638326,17,2,19
135800929,17,0,17
136297274,17,0,17
136457053,17,0,17
137690167,17,3,20
137859132,17,0,17
138889809,17,2,19
139719874,17,0,17
140061083,17,3,20
142132410,17,0,17
143311631,17,0,17
145530134,17,0,17
146552379,17,82,99
147944578,17,0,17
149283016,17,1,18
151418953,17,0,17
152952253,17,0,17
155375958,17,0,17
157119121,17,15,32
158201879,17,3,20
158232894,17,1,18
158406543,17,2,19
159235547,17,0,17
159739516,17,0,17
160238978,17,15,32
162114552,17,1,18
163655954,17,39,56
165601042,17,0,17
166744008,17,1,18
167445839,17,0,17
167478588,17,17,34
169057854,17,0,17
172524100,17,0,17
173830574,17,0,17
176399002,17,1,18
179077911,17,0,17
185384093,17,1,18
186562905,17,0,17
187181177,17,0,17
187494576,17,0,17
187805921,17,2,19
188952581,17,0,17
189359275,17,18,35
192750449,17,0,17
196341304,17,10,27
196485169,17,0,17
198004487,17,1,18
198887163,17,0,17
199115337,17,3,20
204032583,17,1,18
204581663,17,1,18
206923789,17,3,20
209158031,17,2,19
209286311,17,0,17
209297825,17,6,23
209609597,17,21,38
210819084,17,0,17
211316124,17,12,29
211941677,17,1,18
212569140,17,65,82
212988314,17,2,19
218666554,17,0,17
221016297,17,2,19
222382498,17,0,17
224113132,17,0,17
228787055,17,0,17
229556037,17,2,19
230474638,17,13,30
234210040,17,0,17
234518211,17,1,18
237074736,17,0,17
240844658,17,2,19
240847333,17,4,21
241130649,17,0,17
244128517,17,0,17
244421716,17,0,17
245637898,17,29,46
246225908,17,0,17
247464058,17,0,17
247556352,17,1,18
247902161,17,0,17
251294222,17,2,19
253093355,17,1,18
253598513,17,4,21
255828978,17,1,18
256124808,17,0,17
256295544,17,49,66
256426166,17,0,17
260549383,17,0,17
261790244,17,0,17
262904330,17,0,17
266948718,17,0,17
269987759,17,0,17
271957908,17,0,17
273805344,17,0,17
274742614,17,29,46
278859571,17,17,34
279271779,17,0,17
281998968,17,62,79
282070199,17,1,18
284503325,17,1,18
285345984,17,0,17
287555166,17,14,31
288487427,17,0,17
291176818,17,1,18
291206418,17,0,17
291789016,17,94,111
292035253,17,2,19
292632842,17,1,18
292677542,17,0,17
296845074,17,2,19
300318952,17,1,18
300886586,17,4,21
301544087,17,1,18
304225239,17,24,41
304990238,17,0,17
305500037,17,3,20
305719688,17,2,19
305730520,17,0,17
309507255,17,0,17
310019709,17,0,17
312331735,17,8,25
313649334,17,0,17
317757429,17,0,17
319320722,17,2,19
320351900,17,2,19
321239727,17,1,18
322583942,17,0,17
322673249,17,0,17
322802128,17,134,151
323543521,17,0,17
323665834,17,5,22
325326195,17,0,17
325577961,17,4,21
326307302,17,1,18
328935079,17,0,17
329764906,17,29,46
333495282,17,1,18
334190707,17,19,36
335663104,17,2,19
337645971,17,0,17
340987580,17,1,18
346722730,17,4,21
348243140,17,5,22
350394196,17,1,18
351004316,17,0,17
358183099,17,0,17
362476937,17,0,17
363897940,17,0,17
364426964,17,17,34
364843932,17,39,56
365110972,17,1,18
367021773,17,0,17
370901348,17,0,17
372596280,17,1,18
373946754,17,0,17
374827671,17,0,17
374878874,17,2,19
377034602,17,0,17
383187284,17,1,18
383745024,17,0,17
384408332,17,6,23
386041891,17,1,18
386871415,17,1,18
387180500,17,0,17
391627155,17,0,17
392532561,17,1,18
393493649,17,0,17
398433535,17,0,17
399712913,17,125,142
401098850,17,3,20
402167290,17,1,18
408210883,17,0,17
411133921,17,19,36
413110177,17,0,17
414017901,17,0,17
414692885,17,0,17
419147701,17,0,17
419203687,17,0,17
419322822,17,3,20
420842266,17,0,17
422091115,17,1,18
424359321,17,1,18
427524867,17,1,18
430925352,17,0,17
433797384,17,0,17
444056010,17,3,20
446185500,17,0,17
453434183,17,0,17
458658954,17,1,18
459377073,17,0,17
459417777,17,0,17
459598831,17,0,17
460708814,17,34,51
461231528,17,0,17
461619791,17,17,34
462104542,17,0,17
462705896,17,0,17
463423541,17,7,24
463577491,17,6,23
467012970,17,1,18
469809333,17,3,20
469887806,17,0,17
474994622,17,0,17
483272505,17,91,108
483360857,17,51,68
485903965,17,0,17
486199439,17,0,17
488114705,17,0,17
488578718,17,33,50
490882435,17,1,18
491410363,17,0,17
491876567,17,1,18
493413450,17,2,19
498592890,17,0,17
500205853,17,1,18
500825161,17,4,21
501382779,17,2,19
505294099,17,0,17
507005896,17,3,20
522769636,17,0,17
523409160,17,32,49
524435492,17,0,17
525093493,17,0,17
525774964,17,0,17
529550241,17,1,18
531188000,17,0,17
532350416,17,1,18
533398720,17,1,18
534516052,17,40,57
535523641,17,0,17
537819812,17,7,24
543579701,17,0,17
546451096,17,1,18
547839306,17,1,18
555189098,17,1,18
555888719,17,1,18
558804104,17,1,18
559026650,17,2,19
560601184,17,3,20
565564688,17,0,17
573648634,17,0,17
574897008,17,0,17
581328883,17,2,19
582628128,17,0,17
582816559,17,0,17
585436880,17,0,17
587450353,17,1,18
589611827,17,0,17
589702477,17,2,19
592434777,17,0,17
595704980,17,0,17
597533478,17,0,17
599724279,17,0,17
606018621,17,18,35
617251857,17,0,17
619594427,17,0,17
621903526,17,0,17
633166518,17,0,17
633928540,17,2,19
701717287,17,3,20
705302928,17,4,21
707646062,17,2,19
709125840,17,1,18
716357128,17,24,41
721126764,17,0,17
729793134,17,14,31
736098319,17,4,21
736313629,17,1,18
763937394,17,0,17
770886643,17,1,18
778800050,17,2,19
783366373,17,0,17
787604106,17,0,17
788270724,17,0,17
790635542,17,0,17
790727005,17,2,19
791749561,17,0,17
798946304,17,0,17
802968073,17,0,17
804041095,17,2,19
817797181,17,0,17
818086818,17,0,17
818433979,17,0,17
821702395,17,0,17
821855882,17,0,17
822657043,17,4,21
836265236,17,1,18
839382708,17,4,21
849469999,17,7,24
854807468,17,17,34
855402486,17,1,18
856441238,17,1,18
864150841,17,1,18
866854704,17,2,19
873866796,17,0,17
874528644,17,5,22
876147692,17,0,17
883776121,17,0,17
884385044,17,4,21
885502069,17,0,17
887373558,17,0,17
896510954,17,0,17
913661934,17,0,17
933326388,17,1,18
938545490,17,0,17
944834478,17,1,18
965124828,17,0,17
965378311,17,0,17
971683278,17,0,17
978988118,17,2,19
986102785,17,1,18
989113968,17,2,19
991906664,17,1,18
992415788,17,1,18
992769464,17,0,17
1005661218,17,2,19
1009268858,17,0,17
1044269046,17,0,17
1046347496,17,33,50
1054581776,17,0,17
1074270792,17,0,17
1079911297,17,10,27
1096105645,17,7,24
1109632718,17,2,19
1113677119,17,1,18
1120928966,17,0,17
1121041207,17,0,17
1131642499,17,0,17
1140923334,17,1,18
1140964663,17,0,17
1164005534,17,111,128
1170835550,17,1,18
1173640273,17,2,19
1177089950,17,2,19
1201385401,17,3,20
1205950728,17,0,17
1242448184,17,3,20
1249138614,17,0,17
1265267131,17,0,17
1271261790,17,0,17
1281023744,17,1,18
1289022930,17,0,17
1297160756,17,0,17
1301849335,17,4,21
1306341967,17,2,19
1321469929,17,9,26
1332895716,17,1,18
1339636518,17,0,17
1352501647,17,3,20
1359973026,17,0,17
1360724952,17,0,17
1368266503,17,0,17
1371968256,17,8,25
1374639792,17,1,18
1391083603,17,0,17
1402569169,17,3,20
1412827658,17,34,51
1429394420,17,2,19
1454805656,17,0,17
1460990838,17,0,17
1467292537,17,5,22
1480938668,17,2,19
1489242751,17,44,61
1500566642,17,6,23
1517853098,17,3,20
1529296482,17,0,17
1543813320,17,0,17
1546365578,17,15,32
1553662393,17,2,19
1556314411,17,1,18
1564830780,17,2,19
1564887174,17,0,17
1572753211,17,46,63
1592295258,17,31,48
1599074077,17,0,17
1603928257,17,0,17
1621646768,17,0,17
1627096298,17,1,18
1636096963,17,0,17
1651812188,17,2,19
1653119336,17,0,17
1662667621,17,0,17
1666293420,17,1,18
1668927602,17,0,17
1679920388,17,0,17
1691989070,17,1,18
1719723380,17,0,17
1735962325,17,0,17
1858908798,17,1,18
1858979298,17,1,18
1914175069,17,0,17
1922383902,17,2,19
1924713692,17,0,17
1941634514,17,11,28
1942491492,17,2,19
1959863778,17,4,21
1961611543,17,0,17
1967254920,17,14,31
2158351362,17,0,17
2165033947,17,0,17
2177020681,17,6,23
2183094133,17,1,18
2184099044,17,0,17
2193244912,17,0,17
2201961761,17,1,18
2207220680,17,3,20
2207793974,17,2,19
2209620793,17,1,18
2210466440,17,1,18
2229119851,17,0,17
2231502417,17,1,18
2236630092,17,2,19
2236807992,17,0,17
2250377624,17,0,17
2251110438,17,0,17
2252507200,17,0,17
2268491845,17,1,18
2277456289,17,0,17
2277539018,17,0,17
2280934110,17,4,21
2285393028,17,0,17
2299760259,17,0,17
2299805002,17,0,17
2308915462,17,0,17
2312629360,17,0,17
2316510456,17,0,17
2328599465,17,28,45
2340189013,17,0,17
2341487051,17,0,17
2345733360,17,0,17
2349040381,17,47,64
2363355038,17,0,17
2371563159,17,7,24
2372551692,17,0,17
2384023989,17,2,19
2384266081,17,0,17
2384379247,17,0,17
2389476140,17,2,19
2389965782,17,0,17
2389983493,17,0,17
2407837068,17,21,38
2411344512,17,0,17
2411519856,17,1,18
2432666996,17,1,18
2437473804,17,0,17
2448009284,17,0,17
2463311894,17,2,19
2491392374,17,0,17
2494227602,17,1,18
2495111623,17,7,24
2510012744,17,0,17
2531291947,17,0,17
2535818742,17,0,17
2560897779,17,2,19
2581758266,17,4,21
2587836241,17,2,19
2597948622,17,0,17
2601046317,17,0,17
2607662054,17,0,17
2609080965,17,0,17
2611612819,17,0,17
2614101470,17,2,19
2620036328,17,1,18
2678460650,17,2,19
2705305118,17,8,25
2712558528,17,0,17
2719194484,17,2,19
2722776560,17,0,17
2728087455,17,2,19
2739031121,17,1,18
2740949143,17,0,17
2741977362,17,1,18
2780752866,17,3,20
2784512070,17,0,17
2786595088,17,0,17
2787250985,17,0,17
2787354521,17,0,17
2795038573,17,1,18
2800304920,17,0,17
2815343736,17,5,22
2817574596,17,0,17
2835640580,17,0,17
2841405708,17,0,17
2844062117,17,13,30
2846920197,17,0,17
2847914748,17,1,18
2852246867,17,1,18
2863426818,17,0,17
2865955714,17,0,17
2865996064,17,0,17
2872182800,17,0,17
2876089065,17,0,17
2876296416,17,3,20
2879716421,17,0,17
2883642739,17,0,17
2892813209,17,39,56
2899652893,17,0,17
2910489511,17,0,17
2923239419,17,0,17
2930191855,17,1,18
2931973490,17,2,19
2934187508,17,1,18
2942591855,17,1,18
2949040399,17,0,17
2951557967,17,1,18
2955680897,17,0,17
2958933391,17,1,18
2959943312,17,0,17
2960952118,17,0,17
2969176766,17,5,22
2979635170,17,0,17
2984823707,17,0,17
2986665808,17,2,19
2988887736,17,5,22
2989082161,17,1,18
2998775706,17,2,19
3001990221,17,0,17
3012535787,17,1,18
3024192877,17,0,17
3031598693,17,0,17
3034696782,17,0,17
3035050503,17,38,55
3035104155,17,1,18
3039579287,17,26,43
3042536098,17,0,17
3048012656,17,7,24
3068652335,17,0,17
3078437699,17,1,18
3089436840,17,2,19
3092226373,17,0,17
3096343158,17,8,25
3098633816,17,115,132
3115625324,17,7,24
3146355365,17,5,22
3155050277,17,0,17
3179698566,17,0,17
3180348709,17,0,17
3182542934,17,0,17
3188147200,17,0,17
3224570478,17,0,17
3231472499,17,1,18
3234408417,17,2,19
3234488267,17,3,20
3236864952,17,0,17
3239557565,17,0,17
3241310077,17,0,17
3248499709,17,2,19
3251996683,17,0,17
3260501408,17,0,17
3265405430,17,1,18
3273280238,17,7,24
3279481914,17,1,18
3294291206,17,12,29
3300506041,17,0,17
3306434286,17,0,17
3309041036,17,1,18
3309699228,17,2,19
3312926479,17,0,17
3316185079,17,2,19
3321522151,17,0,17
3322128315,17,3,20
3325439054,17,0,17
3329029883,17,1,18
3340267793,17,9,26
3341167402,17,0,17
3341915639,17,0,17
3343303213,17,0,17
3377656947,17,1,18
3383747345,17,2,19
3386144187,17,1,18
3386645433,17,0,17
3394104999,17,0,17
3399724272,17,0,17
3403559897,17,3,20
3404611078,17,0,17
3405998171,17,0,17
3406224915,17,0,17
3407218889,17,0,17
3421336634,17,1,18
3422424723,17,1,18
3425065571,17,0,17
3448073356,17,0,17
3465231434,17,6,23
3480922277,17,0,17
3505603697,17,0,17
3557212097,17,3,20
3566967734,17,2,19
3592503441,17,16,33
3615048733,17,1,18
3642820995,17,1,18
3654605656,17,6,23
3672584544,17,1,18
3788511796,17,0,17
3829711873,17,2,19
3885753673,17,2,19
3886585092,17,0,17
3890842812,17,0,17
3899572515,17,1,18
3992373014,17,0,17
4056036501,17,2,19
4092771273,17,0,17
4125016213,17,0,17
4145475327,17,0,17
4174875852,17,0,17
4195788737,17,0,17
4199318061,17,0,17
4218329141,17,0,17
4236041892,17,0,17
4236225623,17,0,17
4236653893,17,2,19
4238620393,17,2,19
4254271933,17,1,18
4260880996,17,1,18
4261786212,17,21,38
4279295662,17,1,18
4288328778,17,1,18
4301396186,17,4,21
4311289161,17,1,18
4360488737,17,1,18
4362748213,17,3,20
4369873220,17,1,18
4375933455,17,2,19
4378183094,17,1,18
4398940653,17,0,17
4402730416,17,0,17
4407927736,17,0,17
4410268877,17,1,18
4419819735,17,0,17
4432519283,17,0,17
4438408632,17,0,17
4480818194,17,1,18
4491561740,17,0,17
4536649529,17,1,18
4540968848,17,0,17
4562564779,17,0,17
4607291892,17,2,19
4609062205,17,0,17
4643860580,17,1,18
4653908325,17,1,18
4679262937,17,0,17
4687760371,17,0,17
4703993852,17,0,17
4711551751,17,2,19
4726128470,17,7,24
4763927952,17,0,17
4773280901,17,0,17
4794295272,17,3,20
4799357908,17,0,17
4819885773,17,0,17
4833895174,17,0,17
4839472522,17,2,19
4854007623,17,3,20
4858681278,17,0,17
4860537862,17,1,18
4875704002,17,1,18
4877203143,17,0,17
4886285983,17,1,18
4889133357,17,2,19
4889393727,17,0,17
4893919870,17,0,17
4898315151,17,1,18
4901249158,17,0,17
4902641728,17,2,19
698873347141148672,17,0,17
701170828805668864,17,1,18
701280249334476801,17,0,17
701816835205771265,17,2,19
702861324368408576,17,2,19
702932084520673280,17,0,17
702956068620496896,17,1,18
703056617210781696,17,0,17
703342508533637120,17,0,17
703393441649139712,17,1,18
703421609630105600,17,2,19
705454296154796032,17,33,50
705522295058649089,17,0,17
705571106300698624,17,0,17
705908279604477952,17,1,18
706123096806330368,17,1,18
706529963026022400,17,3,20
706553596175900672,17,1,18
707667783086055424,17,3,20
708776654202482688,17,0,17
710829502843064320,17,0,17
711048545130909696,17,1,18
711222533438181376,17,0,17
711227500479668225,17,1,18
711558521670787073,17,1,18
711626309458386944,17,64,81
711667732656168960,17,1,18
712188908994334720,17,0,17
713220523677892608,17,11,28
713720632874237952,17,4,21
714099594813181952,17,2,19
714203497495982080,17,0,17
714836972582387712,17,2,19
714975429476675585,17,3,20
715265005763989504,17,2,19
716280247788838912,17,1,18
718194213519826944,17,0,17
718589881904009216,17,0,17
718591127792840709,17,1,18
719215656260866048,17,0,17
719285756095672321,17,0,17
719604531433238528,17,2,19
720012564311207937,17,0,17
720763573387927552,17,0,17
720986249528381440,17,1,18
722488382027214848,17,2,19
722776896065277952,17,0,17
722895357550538752,17,0,17
725243643083251713,17,0,17
726148912440991745,17,2,19
726567428487008256,17,0,17
727883101347692544,17,1,18
728598282386198528,17,0,17
728938478453592065,17,1,18
729818939933495297,17,2,19
730707453646655488,17,1,18
731014036364623872,17,0,17
731978738334736384,17,0,17
732579593735954432,17,0,17
732734544923746306,17,1,18
734123781292167172,17,137,154
735172303076634625,17,0,17
735241904787361792,17,0,17
735943352198139904,17,9,26
736027942426316801,17,1,18
736264981809901568,17,0,17
738657473641480192,17,1,18
740206796531486720,17,0,17
740894115227938817,17,2,19
741256723806228480,17,1,18
742055549932445696,17,0,17
742070314901737472,17,0,17
742079834143227905,17,0,17
742224913549819904,17,3,20
742484118215131136,17,1,18
742786620194099200,17,4,21
743077316679454720,17,1,18
743210089192947712,17,1,18
743311013747920897,17,1,18
743931428132560898,17,0,17
744040300075716608,17,0,17
745578796112293888,17,0,17
745624076480315392,17,1,18
746622316365357056,17,0,17
746736462050267136,17,2,19
746865313149517824,17,0,17
747200707527311360,17,1,18
747385592481189888,17,1,18
747784417825808384,17,2,19
747891442018811905,17,0,17
749705355693731840,17,0,17
750355005358501888,17,5,22
750527070585913344,17,0,17
750836216195604480,17,0,17
751272706167812096,17,0,17
751554484950544385,17,1,18
752926343751491584,17,0,17
753408759758630912,17,0,17
754338098184593409,17,1,18
754471601396068352,17,4,21
754571701749440512,17,2,19
754621924492193792,17,9,26
754780477312098304,17,5,22
755983477850320896,17,3,20
756550440540516352,17,0,17
756555141755527169,17,1,18
756576092207583232,17,0,17
757556461220356097,17,0,17
757723942178004993,17,0,17
757961401180819456,17,0,17
757987750133903360,17,0,17
758328141995610112,17,0,17
759069899381612544,17,0,17
759076434581139456,17,1,18
759100984970838017,17,1,18
759355546877198336,17,6,23
759428272132284417,17,0,17
759504261726277632,17,3,20
759908563187740674,17,5,22
760089723893194752,17,0,17
760181258328666112,17,0,17
760286000912277508,17,0,17
760324850024062976,17,1,18
760417451708444672,17,1,18
762021767862812672,17,4,21
762551773940768768,17,0,17
762642153981878272,17,0,17
762929013694291968,17,0,17
763045909382909952,17,1,18
764109911601123328,17,0,17
764469775825186817,17,2,19
764836234871046144,17,0,17
764909821694926848,17,0,17
766020982251421697,17,1,18
766797083290456064,17,1,18
770076139897364480,17,0,17
770188237121974272,17,4,21
772375457664757760,17,0,17
772628773728509952,17,1,18
773224952828923912,17,5,22
773368959785512960,17,0,17
773456922758504449,17,0,17
773970535365668864,17,1,18
774239723019730945,17,0,17
774776866230108160,17,2,19
775024644948492288,17,6,23
775137093773365249,17,4,21
775156374460170240,17,0,17
775326461142167552,17,0,17
775408517469630465,17,1,18
775679266570768385,17,3,20
775899392268177409,17,1,18
776049318796996608,17,10,27
776522858193379330,17,0,17
777152385802235904,17,0,17
778063703467896833,17,0,17
779336029773918208,17,0,17
780428100085526529,17,2,19
780494406667427840,17,0,17
782001636260446208,17,37,54
784137856713228288,17,0,17
784415426834857984,17,1,18
784528921056448512,17,0,17
784760200666361856,17,0,17
785212533611245568,17,0,17
785228481827254273,17,2,19
785323116163497988,17,0,17
785812924321247232,17,0,17
785824802472759296,17,0,17
786312777136648193,17,0,17
786697533246541824,17,0,17
787105855279927297,17,1,18
787457832673128448,17,1,18
787807715418451968,17,0,17
788715822147629056,17,0,17
789142884847157248,17,0,17
789332739707310080,17,0,17
790059204874637312,17,0,17
790737717172789248,17,0,17
791134806859972608,17,0,17
791359406546030592,17,0,17
792418821759913984,17,0,17
792858787430273024,17,0,17
793167275989827584,17,0,17
793200858208931840,17,3,20
793958545947561984,17,1,18
793967425276485633,17,0,17
794578732845412352,17,0,17
794585101501796353,17,0,17
796285454492438528,17,0,17
796490110367834112,17,0,17
796762033165193216,17,0,17
797099974760730625,17,1,18
798448993663533056,17,0,17
798623595526230017,17,0,17
799516264012115968,17,0,17
7053452,16,0,16
7716692,16,23,39
8431652,16,33,49
11335322,16,0,16
13209362,16,0,16
13568282,16,0,16
14652995,16,0,16
14833394,16,2,18
15158378,16,0,16
15710000,16,4,20
15755071,16,0,16
15798091,16,1,17
15828458,16,1,17
15975947,16,1,17
16002166,16,43,59
16022444,16,6,22
16196491,16,0,16
16358480,16,0,16
16395141,16,1,17
16419554,16,0,16
16580203,16,0,16
16672102,16,2,18
16781837,16,3,19
16940220,16,3,19
17027924,16,63,79
17178342,16,37,53
17194090,16,46,62
17249962,16,81,97
17250787,16,1,17
17593090,16,10,26
17627501,16,0,16
17692404,16,0,16
17848133,16,2,18
17879232,16,25,41
17926194,16,0,16
17995040,16,11,27
18029310,16,25,41
18292066,16,0,16
18346123,16,1,17
18347836,16,0,16
18380492,16,0,16
18639902,16,2,18
18712213,16,0,16
19058949,16,3,19
19094857,16,3,19
19173787,16,9,25
19359393,16,1,17
19486234,16,2,18
19571797,16,0,16
19604274,16,29,45
19664528,16,0,16
20468214,16,0,16
20489855,16,1,17
20577610,16,3,19
20737589,16,109,125
20760167,16,5,21
20862206,16,0,16
20983355,16,3,19
21060213,16,2,18
21308092,16,1,17
21372910,16,0,16
21598656,16,0,16
21631041,16,93,109
21692233,16,7,23
21765641,16,0,16
22034460,16,0,16
22067083,16,0,16
22140483,16,0,16
22472243,16,0,16
22619067,16,0,16
22706494,16,0,16
23041680,16,1,17
23302751,16,3,19
23355965,16,1,17
23559325,16,0,16
23863268,16,46,62
23909181,16,0,16
24089505,16,1,17
24134004,16,44,60
24452368,16,5,21
24840112,16,0,16
25066687,16,0,16
25579796,16,1,17
25607929,16,0,16
25643316,16,0,16
26181751,16,1,17
26403171,16,0,16
26514034,16,2,18
26787330,16,1,17
27087581,16,0,16
27132706,16,1,17
27282874,16,2,18
27810469,16,3,19
28009510,16,1,17
28509393,16,0,16
28548999,16,1,17
28574172,16,1,17
28902705,16,0,16
29051099,16,0,16
29107017,16,7,23
29611208,16,0,16
29959269,16,10,26
30012468,16,1,17
30012714,16,0,16
30188316,16,3,19
30979516,16,0,16
31126354,16,0,16
31265409,16,44,60
31442310,16,9,25
31451108,16,1,17
31703974,16,1,17
31756169,16,2,18
32004851,16,0,16
32384729,16,1,17
32524700,16,0,16
33222260,16,0,16
33892897,16,0,16
34052852,16,1,17
34101591,16,0,16
34146432,16,1,17
34583224,16,0,16
34605070,16,5,21
34729212,16,0,16
34766357,16,0,16
34825615,16,43,59
35327101,16,1,17
35751654,16,1,17
36146461,16,1,17
36162923,16,0,16
36574486,16,7,23
36928388,16,2,18
37095245,16,0,16
37180472,16,3,19
37218057,16,0,16
37229237,16,0,16
37355843,16,1,17
37502757,16,3,19
37540072,16,4,20
37575562,16,0,16
37800781,16,2,18
37990581,16,101,117
38961826,16,20,36
39197185,16,16,32
39199572,16,1,17
40083800,16,14,30
40410872,16,1,17
41258425,16,0,16
41640710,16,4,20
41683292,16,0,16
41959688,16,2,18
42291979,16,0,16
43025190,16,2,18
43874073,16,0,16
44183682,16,0,16
44520200,16,0,16
44884844,16,1,17
45503645,16,8,24
45989687,16,5,21
46005773,16,0,16
46110026,16,0,16
46193096,16,1,17
47178745,16,0,16
47210070,16,0,16
47865182,16,3,19
48098530,16,30,46
48438566,16,6,22
48503842,16,0,16
49013218,16,2,18
50573579,16,0,16
51131135,16,0,16
51166899,16,1,17
51681238,16,14,30
51844779,16,0,16
52540473,16,2,18
53307596,16,1,17
55364459,16,220,236
55381915,16,0,16
56907829,16,1,17
60229776,16,2,18
60286717,16,0,16
60366403,16,0,16
60625265,16,5,21
61206499,16,1,17
62873590,16,0,16
64859158,16,4,20
64947971,16,0,16
65078777,16,4,20
65525247,16,3,19
65679924,16,0,16
65749052,16,48,64
66894977,16,1,17
67113610,16,2,18
69182771,16,0,16
70108838,16,1,17
70489691,16,0,16
70512796,16,1,17
71394131,16,4,20
71820856,16,1,17
72647147,16,1,17
74007589,16,2,18
74621194,16,0,16
75880875,16,0,16
78490815,16,3,19
81275807,16,0,16
82925241,16,1,17
83063878,16,1,17
85022028,16,1,17
88230801,16,0,16
89638814,16,3,19
90093920,16,1,17
92427237,16,1,17
93226754,16,0,16
96369874,16,0,16
96463885,16,0,16
98708779,16,3,19
99769623,16,5,21
100363260,16,2,18
103632744,16,1,17
104360245,16,1,17
107519872,16,5,21
107620090,16,1,17
108099703,16,2,18
108957671,16,0,16
111008993,16,0,16
111266876,16,2,18
111421228,16,1,17
112044228,16,30,46
112250126,16,3,19
112532974,16,46,62
113326816,16,0,16
114023339,16,11,27
115819256,16,44,60
117948113,16,0,16
123144263,16,6,22
123886905,16,24,40
124365333,16,0,16
126664025,16,1,17
127058061,16,0,16
127692727,16,2,18
129480288,16,1,17
131065699,16,0,16
133490383,16,4,20
134266209,16,0,16
137222083,16,0,16
138476060,16,1,17
139780160,16,3,19
140576694,16,1,17
141000817,16,0,16
142348663,16,0,16
142379064,16,0,16
142388057,16,0,16
142488183,16,1,17
143905862,16,2,18
144001050,16,1,17
144882045,16,0,16
145200095,16,1,17
149283816,16,113,129
150259898,16,0,16
150974182,16,1,17
152777701,16,0,16
155621001,16,1,17
155883145,16,4,20
156713905,16,0,16
158288741,16,1,17
158744829,16,3,19
167507211,16,1,17
168418797,16,1,17
169063212,16,53,69
171143408,16,0,16
171766368,16,13,29
173435768,16,2,18
174834678,16,3,19
175610607,16,0,16
176081577,16,0,16
179719307,16,20,36
181366570,16,2,18
182087152,16,3,19
182542970,16,3,19
184575530,16,9,25
184963882,16,9,25
185034929,16,1,17
185397435,16,0,16
185680503,16,2,18
189171318,16,1,17
189491262,16,0,16
190434186,16,0,16
191889748,16,3,19
192362709,16,1,17
192913862,16,1,17
192932586,16,4,20
192979771,16,1,17
196538976,16,4,20
198739013,16,0,16
199152115,16,4,20
199924232,16,112,128
200367576,16,1,17
204629577,16,0,16
207130902,16,0,16
208110094,16,2,18
211868425,16,0,16
211908080,16,1,17
213957512,16,1,17
214257117,16,1,17
215210215,16,1,17
215504885,16,0,16
215638826,16,0,16
216852605,16,0,16
220967973,16,1,17
221728295,16,1,17
221933545,16,0,16
226628296,16,0,16
226753401,16,3,19
228949567,16,1,17
229870631,16,0,16
232691447,16,0,16
233753611,16,1,17
234464514,16,1,17
234841262,16,21,37
240248851,16,1,17
240541799,16,1,17
242147639,16,3,19
242419182,16,0,16
243813534,16,0,16
244104169,16,50,66
244194764,16,0,16
246622539,16,0,16
247219290,16,0,16
247933127,16,0,16
248878026,16,1,17
250395409,16,0,16
250832467,16,1,17
253340432,16,96,112
253362439,16,0,16
256372407,16,30,46
256836579,16,2,18
260271000,16,11,27
260724365,16,14,30
260832250,16,0,16
260837279,16,0,16
262514795,16,0,16
262732844,16,0,16
266344260,16,2,18
266773693,16,0,16
268265145,16,126,142
271445870,16,3,19
271724092,16,0,16
271927117,16,2,18
272558204,16,0,16
274253864,16,9,25
278134227,16,0,16
280848678,16,8,24
281186804,16,0,16
283712056,16,1,17
284468784,16,1,17
284554824,16,0,16
287049739,16,2,18
289689943,16,1,17
289851944,16,2,18
293883644,16,2,18
298361520,16,0,16
299768855,16,0,16
300989278,16,0,16
302893855,16,0,16
303711122,16,2,18
305401065,16,7,23
305430740,16,1,17
306089200,16,0,16
307100108,16,1,17
307501105,16,6,22
308392991,16,1,17
308520434,16,0,16
308698101,16,35,51
308847854,16,2,18
314459108,16,0,16
316068886,16,0,16
326302727,16,1,17
327291999,16,0,16
329299147,16,1,17
334984710,16,0,16
335395983,16,0,16
336603273,16,0,16
336724624,16,0,16
336890375,16,0,16
338031989,16,2,18
339278388,16,0,16
339433442,16,28,44
342678370,16,0,16
345402650,16,0,16
346946582,16,0,16
348256779,16,2,18
348405348,16,16,32
358891775,16,0,16
359352020,16,2,18
359380842,16,0,16
359703527,16,2,18
361240640,16,0,16
362194716,16,0,16
366961153,16,0,16
366968982,16,1,17
371082634,16,0,16
373266120,16,0,16
375602531,16,0,16
375996958,16,2,18
378326413,16,1,17
379954624,16,9,25
380428148,16,0,16
382925348,16,0,16
383732067,16,15,31
384852760,16,95,111
385064919,16,0,16
385732310,16,18,34
387379421,16,0,16
391107481,16,2,18
395086166,16,1,17
399634891,16,0,16
399770251,16,2,18
402253671,16,0,16
407065731,16,167,183
407102506,16,0,16
411873397,16,0,16
412708248,16,0,16
413354155,16,0,16
414377015,16,0,16
414779767,16,1,17
428015407,16,0,16
429914633,16,187,203
430247366,16,2,18
431320133,16,3,19
432853114,16,4,20
436046160,16,0,16
436237971,16,4,20
437136022,16,3,19
437351921,16,0,16
437976104,16,0,16
437993308,16,0,16
441196417,16,39,55
450456574,16,0,16
450896910,16,3,19
456544490,16,0,16
458541895,16,3,19
466182968,16,6,22
467190577,16,0,16
468841864,16,6,22
470040782,16,0,16
471654072,16,0,16
472286193,16,13,29
474607359,16,0,16
476116249,16,2,18
480998405,16,0,16
483801298,16,0,16
485084898,16,4,20
485771557,16,1,17
493552385,16,1,17
495738748,16,0,16
500368977,16,4,20
502921274,16,1,17
506867679,16,1,17
518073837,16,0,16
518604430,16,1,17
523444665,16,0,16
524927105,16,0,16
525656191,16,0,16
526639915,16,1,17
526771609,16,0,16
527045624,16,0,16
529554812,16,0,16
531470153,16,1,17
531686758,16,4,20
536624155,16,0,16
537659229,16,0,16
541776775,16,0,16
553549148,16,4,20
557175261,16,65,81
557204442,16,3,19
576900493,16,1,17
578348491,16,0,16
579221658,16,0,16
587634506,16,1,17
589352994,16,3,19
590383725,16,2,18
592903683,16,3,19
594565041,16,1,17
594683030,16,1,17
596988433,16,0,16
597608194,16,0,16
599468635,16,2,18
607558430,16,131,147
611300843,16,0,16
615063716,16,1,17
616076314,16,1,17
616342385,16,1,17
617503082,16,0,16
618400592,16,1,17
628681061,16,5,21
628974330,16,2,18
633051933,16,0,16
705547471,16,0,16
708382640,16,1,17
712723506,16,2,18
719024137,16,0,16
720319694,16,0,16
727403658,16,0,16
729582066,16,0,16
740690785,16,0,16
744085244,16,0,16
745871496,16,0,16
746412380,16,0,16
753498337,16,0,16
761840947,16,0,16
762161982,16,0,16
764693912,16,0,16
794729790,16,2,18
801558991,16,31,47
811581271,16,1,17
816498234,16,0,16
820711196,16,0,16
826091713,16,1,17
828068220,16,3,19
831334795,16,0,16
831403332,16,0,16
834527166,16,2,18
836196590,16,3,19
838744770,16,1,17
842591886,16,0,16
845720863,16,0,16
848058758,16,0,16
860736900,16,43,59
860792701,16,0,16
866992398,16,1,17
867558302,16,6,22
874666160,16,1,17
874879436,16,2,18
874982761,16,0,16
880607718,16,1,17
882996836,16,10,26
885689898,16,1,17
888020989,16,1,17
889060909,16,0,16
896218406,16,67,83
899281622,16,4,20
902319876,16,1,17
902912694,16,0,16
911441450,16,3,19
913556318,16,0,16
913746768,16,0,16
918308737,16,1,17
923048539,16,0,16
925198759,16,0,16
929449244,16,0,16
933529471,16,8,24
935424727,16,0,16
943784629,16,0,16
950046762,16,7,23
950137164,16,0,16
950669815,16,0,16
968695147,16,1,17
971314926,16,3,19
971674807,16,0,16
972913693,16,0,16
977578987,16,62,78
983393984,16,7,23
990117218,16,1,17
992418211,16,0,16
1005418232,16,0,16
1009753356,16,0,16
1010576666,16,0,16
1013816983,16,0,16
1016203122,16,1,17
1020693991,16,0,16
1036073851,16,0,16
1037981756,16,0,16
1045152924,16,0,16
1074412741,16,1,17
1081917078,16,1,17
1087699130,16,0,16
1090617691,16,0,16
1099886172,16,0,16
1099911368,16,0,16
1101260046,16,0,16
1123298202,16,0,16
1126947913,16,2,18
1133990527,16,0,16
1139784158,16,2,18
1155187514,16,3,19
1161745994,16,0,16
1173768188,16,2,18
1177305456,16,2,18
1191551504,16,1,17
1195226809,16,0,16
1198993620,16,0,16
1199444118,16,0,16
1205637763,16,1,17
1219415456,16,6,22
1226575850,16,2,18
1231063938,16,0,16
1300902798,16,4,20
1315215290,16,1,17
1317386574,16,1,17
1325435304,16,0,16
1327445671,16,0,16
1332790873,16,0,16
1343409090,16,0,16
1350260952,16,3,19
1357104116,16,0,16
1391194573,16,1,17
1395519654,16,1,17
1397408886,16,1,17
1405536954,16,2,18
1428750181,16,4,20
1436383542,16,0,16
1442360178,16,0,16
1468958264,16,0,16
1473637028,16,1,17
1488824611,16,0,16
1497426696,16,1,17
1522233546,16,0,16
1529543604,16,26,42
1533875574,16,31,47
1539877200,16,0,16
1541810790,16,0,16
1548714900,16,41,57
1571415415,16,1,17
1572069818,16,0,16
1576451894,16,2,18
1581370232,16,18,34
1589598432,16,0,16
1605803646,16,0,16
1609314476,16,2,18
1611740714,16,0,16
1616499505,16,0,16
1628705161,16,1,17
1630388406,16,0,16
1634104609,16,3,19
1643372954,16,0,16
1646428351,16,1,17
1657026456,16,0,16
1668323952,16,0,16
1683989281,16,0,16
1696559630,16,0,16
1706287950,16,0,16
1852078938,16,2,18
1864025971,16,0,16
1885408069,16,0,16
1887728492,16,2,18
1911916754,16,4,20
1921918771,16,0,16
1935485820,16,0,16
1939857116,16,0,16
1965178524,16,0,16
1972011242,16,0,16
1974376430,16,0,16
2149187136,16,0,16
2151197595,16,0,16
2166891876,16,0,16
2176495019,16,0,16
2187376209,16,0,16
2187890709,16,0,16
2191568058,16,262,278
2192482406,16,2,18
2198490006,16,0,16
2204151218,16,0,16
2208220569,16,0,16
2224371960,16,1,17
2229113615,16,0,16
2239756608,16,0,16
2265056095,16,1,17
2267824729,16,0,16
2269700892,16,0,16
2273480588,16,40,56
2278763924,16,0,16
2284038110,16,2,18
2288502022,16,0,16
2296153657,16,4,20
2317758254,16,0,16
2322061000,16,0,16
2326507813,16,9,25
2332235059,16,1,17
2341500979,16,3,19
2342529030,16,3,19
2343038408,16,0,16
2349823937,16,2,18
2355819120,16,5,21
2359950842,16,2,18
2360077765,16,2,18
2360584935,16,0,16
2361035581,16,0,16
2365144826,16,0,16
2366210331,16,3,19
2370461894,16,2,18
2372275920,16,0,16
2383153776,16,1,17
2385687918,16,0,16
2387866316,16,0,16
2391126823,16,0,16
2396900088,16,1,17
2400327835,16,1,17
2411243293,16,0,16
2416607574,16,0,16
2418965260,16,0,16
2423067464,16,25,41
2427696800,16,1,17
2445309506,16,0,16
2449933674,16,0,16
2456001049,16,0,16
2456819246,16,2,18
2464123015,16,0,16
2467221034,16,1,17
2485147661,16,0,16
2490062928,16,0,16
2495936003,16,0,16
2496431774,16,0,16
2501736092,16,3,19
2505222847,16,1,17
2522314376,16,2,18
2523313824,16,73,89
2525915053,16,0,16
2533537206,16,1,17
2543335537,16,0,16
2547381468,16,0,16
2564631644,16,55,71
2595930770,16,1,17
2611184223,16,4,20
2638077076,16,0,16
2664984804,16,1,17
2665355906,16,0,16
2683249604,16,0,16
2690971946,16,1,17
2696939690,16,0,16
2699235528,16,3,19
2701013090,16,2,18
2701302842,16,0,16
2706688476,16,1,17
2707984935,16,0,16
2724571536,16,9,25
2727791899,16,26,42
2750105810,16,36,52
2759849080,16,0,16
2765867772,16,0,16
2781738769,16,1,17
2787190267,16,0,16
2801142899,16,0,16
2815575734,16,0,16
2816931336,16,2,18
2817746302,16,0,16
2820963171,16,0,16
2821153130,16,1,17
2822947159,16,1,17
2834256081,16,0,16
2839124913,16,1,17
2841300251,16,0,16
2848954575,16,0,16
2853741102,16,0,16
2853984334,16,0,16
2855034976,16,0,16
2858760822,16,0,16
2859077261,16,0,16
2861097099,16,0,16
2873477152,16,0,16
2882505671,16,0,16
2882668578,16,1,17
2886229029,16,0,16
2887465954,16,0,16
2891911385,16,1,17
2891985448,16,1,17
2895896323,16,4,20
2898704970,16,0,16
2904632621,16,2,18
2906382661,16,10,26
2911584743,16,0,16
2922963321,16,0,16
2949356537,16,2,18
2950384738,16,0,16
2954362544,16,0,16
2955182857,16,0,16
2955195313,16,29,45
2955949655,16,3,19
2957834513,16,5,21
2960002796,16,0,16
2971798906,16,0,16
2973434993,16,0,16
2978062070,16,0,16
2991880292,16,1,17
3004611981,16,0,16
3007910217,16,0,16
3013025071,16,35,51
3013098503,16,5,21
3015363981,16,0,16
3026020697,16,27,43
3041965488,16,1,17
3044678985,16,0,16
3044979110,16,0,16
3045492374,16,0,16
3048230120,16,0,16
3048311150,16,5,21
3048696842,16,0,16
3051525488,16,1,17
3055785488,16,1,17
3065694667,16,0,16
3073767893,16,0,16
3074268848,16,1,17
3076414425,16,16,32
3082531732,16,2,18
3083161148,16,1,17
3084038139,16,1,17
3084428675,16,1,17
3084934406,16,1,17
3086932586,16,117,133
3097452136,16,0,16
3097964623,16,3,19
3099216789,16,1,17
3103405428,16,0,16
3131742505,16,7,23
3153759025,16,0,16
3154626832,16,0,16
3158376637,16,0,16
3164429564,16,1,17
3187180760,16,0,16
3194192489,16,0,16
3202241423,16,8,24
3206763843,16,2,18
3222278001,16,5,21
3228619837,16,2,18
3231915649,16,7,23
3237928572,16,0,16
3241331233,16,2,18
3246902548,16,1,17
3247206079,16,55,71
3248922007,16,8,24
3252448547,16,0,16
3259395934,16,2,18
3260333023,16,0,16
3262605728,16,3,19
3267813259,16,4,20
3283822129,16,1,17
3285132888,16,0,16
3286521156,16,12,28
3288561991,16,0,16
3290191140,16,6,22
3290712925,16,0,16
3299417422,16,1,17
3300140956,16,0,16
3301003065,16,5,21
3301125478,16,2,18
3305436433,16,6,22
3306272207,16,1,17
3310200301,16,4,20
3312054601,16,17,33
3315899976,16,3,19
3315915496,16,1,17
3317731823,16,0,16
3318317879,16,0,16
3320491171,16,0,16
3321056655,16,1,17
3326187167,16,0,16
3332621387,16,4,20
3342318723,16,2,18
3344058732,16,0,16
3345484813,16,0,16
3346563977,16,1,17
3370265475,16,0,16
3374730436,16,0,16
3377338395,16,2,18
3382008621,16,1,17
3385796296,16,0,16
3390416469,16,3,19
3398001239,16,0,16
3399891132,16,0,16
3406302903,16,0,16
3406345414,16,15,31
3407711843,16,1,17
3419149029,16,0,16
3419970249,16,1,17
3423340305,16,1,17
3436428207,16,0,16
3437533737,16,0,16
3441460515,16,1,17
3452450774,16,0,16
3455541672,16,0,16
3455958437,16,1,17
3496653913,16,18,34
3514897695,16,1,17
3529678097,16,8,24
3530459894,16,0,16
3544386553,16,7,23
3568469379,16,0,16
3580984589,16,0,16
3605539156,16,0,16
3614519775,16,1,17
3658917628,16,0,16
3687095659,16,3,19
3729359129,16,0,16
3773204536,16,2,18
3776165780,16,1,17
3795916280,16,100,116
3796326673,16,3,19
3865617273,16,0,16
3884681113,16,0,16
3887166732,16,2,18
3948968715,16,0,16
3951921975,16,0,16
3981708033,16,0,16
3981757870,16,0,16
4014764772,16,0,16
4021000228,16,3,19
4064511322,16,14,30
4068555947,16,2,18
4122249809,16,0,16
4129925714,16,5,21
4169367017,16,1,17
4170203713,16,0,16
4178147542,16,0,16
4183453293,16,0,16
4197482331,16,1,17
4207838237,16,1,17
4214792969,16,6,22
4238567247,16,0,16
4243094787,16,1,17
4246137673,16,1,17
4251338118,16,2,18
4253518530,16,2,18
4257549712,16,4,20
4260688751,16,0,16
4288831515,16,0,16
4299703995,16,0,16
4346218768,16,0,16
4351174154,16,0,16
4356521955,16,2,18
4368887532,16,0,16
4408175009,16,2,18
4429709805,16,13,29
4442992814,16,1,17
4445235254,16,3,19
4478468420,16,3,19
4479556872,16,0,16
4496070142,16,2,18
4507100297,16,1,17
4516730846,16,0,16
4554958937,16,1,17
4559620033,16,0,16
4567491501,16,2,18
4587350532,16,6,22
4615814789,16,6,22
4627222575,16,2,18
4658038115,16,0,16
4670319246,16,3,19
4703755045,16,4,20
4720932492,16,0,16
4755442692,16,1,17
4766167781,16,1,17
4767059000,16,2,18
4771860976,16,1,17
4780031715,16,0,16
4798486641,16,0,16
4803503540,16,1,17
4825794748,16,1,17
4832318893,16,0,16
4838243939,16,0,16
4843793211,16,1,17
4846405135,16,5,21
4851555418,16,18,34
4854822338,16,17,33
4855348395,16,1,17
4857707848,16,0,16
4858309627,16,0,16
4858839653,16,0,16
4863860536,16,3,19
4873947553,16,0,16
4875625013,16,0,16
4877864391,16,0,16
4885197972,16,4,20
4885908499,16,1,17
4893845362,16,5,21
4903259482,16,1,17
4912635480,16,1,17
694782973720170496,16,0,16
696017927519264768,16,1,17
701494270994190338,16,0,16
702901831408553984,16,0,16
702967165968748546,16,1,17
703231679427645440,16,7,23
704407724088541185,16,64,80
705461595749683200,16,2,18
705483630882246660,16,2,18
705544558210359296,16,2,18
706287175583686656,16,0,16
706312326283014145,16,16,32
706640654802276353,16,1,17
706925365848100864,16,1,17
707066578332983297,16,0,16
708118382193676289,16,1,17
708119970291384320,16,2,18
709140228615712768,16,0,16
709744715973926912,16,3,19
709860664538312705,16,0,16
710194271937114112,16,0,16
710237263406485507,16,0,16
710668475811962880,16,0,16
710925757166567426,16,0,16
711294095025709056,16,2,18
711683229795811328,16,0,16
711739240791609344,16,0,16
712300913348780032,16,1,17
712602649909141504,16,0,16
712729721671266304,16,0,16
712752235860484096,16,0,16
713552572158574592,16,6,22
713720392393875456,16,2,18
714673924592762880,16,106,122
714916261419958273,16,6,22
715005068903194624,16,0,16
715521779532476416,16,5,21
716741847469670400,16,0,16
717491773795393537,16,4,20
720376700383539202,16,0,16
721145448694571009,16,0,16
722214946071662593,16,0,16
722538185788678144,16,0,16
722875241081413632,16,0,16
722956907976118272,16,3,19
723159660522434560,16,4,20
724339146916040705,16,1,17
724955143905619972,16,0,16
727362004290273284,16,1,17
727609925459976193,16,1,17
727888035660988416,16,0,16
728290589138026496,16,0,16
728314215052787713,16,3,19
728736799971934208,16,0,16
729370090022576128,16,25,41
729453298600681472,16,3,19
729864320239206401,16,1,17
730200301374836736,16,0,16
730346841452187648,16,0,16
730591551705878532,16,7,23
731466943983697920,16,0,16
731777628181561344,16,1,17
732564004313403392,16,1,17
733038955323625472,16,0,16
733136108154851328,16,3,19
733309260793286656,16,27,43
733662645988032512,16,8,24
733868373126356992,16,1,17
734116403339493380,16,0,16
735690181882175489,16,1,17
736006051846180865,16,3,19
736008538124869633,16,0,16
737428078159265792,16,0,16
738016317102510080,16,0,16
738398452531363840,16,0,16
739770634360782848,16,0,16
740609566853988352,16,0,16
741988156099039232,16,1,17
743238786813992960,16,5,21
743561144929947648,16,7,23
744238030937030656,16,0,16
744374519951855616,16,0,16
745808314571751424,16,1,17
745853715194712064,16,0,16
746120634686570496,16,1,17
747084744148590592,16,0,16
748515255169359874,16,1,17
748691436061720576,16,0,16
748898905257947139,16,4,20
750134495022546944,16,1,17
750351717921730561,16,2,18
750489243047170048,16,0,16
750508000293556226,16,0,16
750698054391595008,16,2,18
750773870936797184,16,0,16
752448414776954880,16,1,17
753744600221753344,16,0,16
754749254942339072,16,1,17
755170273868021763,16,1,17
755421196292726784,16,0,16
756647341025656832,16,2,18
757452018713669632,16,3,19
757948794780553216,16,1,17
757972135449014273,16,1,17
759135544173555714,16,8,24
760275687945150464,16,0,16
760581131028799488,16,0,16
760938412450848769,16,0,16
761256419748302848,16,1,17
761598048766140416,16,0,16
764897038387392514,16,1,17
767438346901749760,16,0,16
768172191485661184,16,0,16
769613135217057794,16,0,16
771149628024565760,16,1,17
771170963568201728,16,1,17
771316046015803394,16,0,16
771905627220275200,16,4,20
772586621535256576,16,0,16
773231026009169920,16,0,16
773767013609172992,16,0,16
773858182523396098,16,0,16
774025469847101440,16,0,16
774032786932035584,16,0,16
774174227209400325,16,2,18
774259972830064640,16,0,16
774759598699876352,16,0,16
775011145836924929,16,0,16
775409767321772032,16,0,16
775870494897803264,16,1,17
777021881807310849,16,1,17
777548430503653376,16,29,45
777657391445905408,16,0,16
778937164860186624,16,0,16
779080368494305280,16,3,19
779528561208074240,16,2,18
779699661237985281,16,3,19
782035508658667521,16,2,18
782711447105273856,16,0,16
783122009903554562,16,0,16
783460176292478977,16,0,16
784210643427725313,16,1,17
784492923895230464,16,1,17
784720355751591936,16,0,16
784905447979352064,16,3,19
785314787366502400,16,0,16
785623230862200832,16,0,16
786263933212504064,16,0,16
786265679444008960,16,4,20
787274143347662848,16,0,16
787402471119335424,16,0,16
787415975159291905,16,1,17
787425781584506881,16,0,16
787696273856036864,16,1,17
788569298910326785,16,0,16
789564178893725696,16,0,16
789569939619385344,16,0,16
791409932516073472,16,0,16
792910548279046144,16,0,16
793148462216773632,16,0,16
793169171093807105,16,2,18
794053061043843072,16,0,16
795139740404170752,16,0,16
796411352076066816,16,0,16
796702428720664576,16,0,16
796826431271698432,16,0,16
5539902,15,22,37
6751172,15,12,27
8057892,15,16,31
11353012,15,2,17
13130902,15,9,24
14165438,15,5,20
14200865,15,3,18
14206115,15,133,148
14396621,15,0,15
14413370,15,1,16
14695406,15,6,21
15150904,15,63,78
15248759,15,4,19
15256692,15,0,15
15327294,15,2,17
15403199,15,1,16
15468048,15,11,26
15574241,15,1,16
15771033,15,0,15
15808113,15,143,158
16086265,15,0,15
16208604,15,2,17
16224540,15,30,45
16276235,15,3,18
16365009,15,7,22
16603994,15,3,18
16634734,15,0,15
16667056,15,0,15
16705739,15,39,54
16807199,15,1,16
17065072,15,0,15
17292374,15,4,19
17322647,15,0,15
17391764,15,18,33
17399993,15,0,15
17543438,15,2,17
17675012,15,0,15
17694503,15,0,15
17824640,15,3,18
17859329,15,0,15
17931424,15,11,26
17934084,15,2,17
18263932,15,2,17
18275107,15,2,17
18511844,15,0,15
18612314,15,1,16
19017283,15,5,20
19288213,15,15,30
19946427,15,0,15
20206173,15,4,19
20291821,15,0,15
20651510,15,24,39
20652644,15,2,17
20958510,15,6,21
20998010,15,0,15
21002366,15,1,16
21025348,15,0,15
21051642,15,0,15
21352313,15,3,18
21427532,15,1,16
21516232,15,0,15
21517837,15,0,15
21675819,15,0,15
21888315,15,0,15
21953248,15,95,110
22089171,15,1,16
22131412,15,0,15
22139304,15,3,18
22308696,15,1,16
22401113,15,0,15
22573088,15,0,15
22718922,15,56,71
22744107,15,2,17
22874752,15,4,19
22922330,15,0,15
23088656,15,0,15
23139855,15,0,15
23580599,15,0,15
23622654,15,2,17
23719629,15,0,15
23997794,15,0,15
24046940,15,25,40
24358969,15,3,18
25114739,15,0,15
25179492,15,3,18
25541952,15,0,15
25651451,15,0,15
25820175,15,1,16
26068217,15,2,17
26228963,15,0,15
26794454,15,0,15
27159188,15,1,16
27348745,15,0,15
27561930,15,1,16
27928942,15,0,15
28144315,15,39,54
28154792,15,2,17
28385502,15,0,15
30129520,15,0,15
30149991,15,0,15
30182111,15,11,26
31136691,15,2,17
31486321,15,0,15
31537809,15,2,17
31583837,15,0,15
32408385,15,1,16
32415221,15,3,18
32517621,15,0,15
32616089,15,1,16
32688429,15,1,16
32893413,15,0,15
32947456,15,0,15
32976847,15,0,15
33049958,15,1,16
33448946,15,1,16
35028052,15,2,17
35132300,15,0,15
35134562,15,1,16
35244263,15,24,39
35962023,15,1,16
37007392,15,0,15
37306357,15,0,15
37440465,15,0,15
37738671,15,2,17
38278141,15,2,17
39097744,15,1,16
39413891,15,0,15
40783447,15,1,16
40908760,15,0,15
41802500,15,1,16
41840886,15,0,15
42096193,15,0,15
43843368,15,0,15
43853719,15,3,18
44686891,15,65,80
44916775,15,3,18
45347610,15,0,15
45453701,15,0,15
45474081,15,0,15
45572084,15,0,15
45684760,15,1,16
45754706,15,0,15
46966049,15,0,15
47025294,15,0,15
48335572,15,4,19
48354791,15,4,19
48637571,15,0,15
48961308,15,4,19
49027519,15,0,15
49171203,15,6,21
49439070,15,0,15
49449923,15,0,15
49475369,15,0,15
49564360,15,0,15
49826596,15,3,18
49919584,15,2,17
50041304,15,1,16
50140961,15,7,22
50248625,15,145,160
51629015,15,0,15
52775821,15,1,16
53976892,15,0,15
54223283,15,1,16
54587772,15,0,15
54902588,15,1,16
55497476,15,0,15
56089093,15,14,29
56182743,15,3,18
58690829,15,0,15
59565371,15,9,24
59703142,15,1,16
60581110,15,4,19
61112850,15,4,19
61550544,15,0,15
61788166,15,4,19
62164075,15,0,15
63192711,15,1,16
65019775,15,0,15
65028873,15,1,16
65208304,15,2,17
65490861,15,1,16
67059714,15,0,15
68112791,15,0,15
69076530,15,1,16
69935538,15,0,15
70700565,15,0,15
70843212,15,7,22
71605581,15,1,16
74361371,15,0,15
75579386,15,0,15
76682484,15,0,15
77140255,15,0,15
79846109,15,0,15
81157313,15,9,24
81406748,15,0,15
82673619,15,0,15
82901787,15,10,25
82977318,15,0,15
83303123,15,4,19
83420146,15,0,15
84132632,15,0,15
86444548,15,5,20
89222644,15,0,15
89362111,15,1,16
90478046,15,1,16
93938988,15,0,15
93949976,15,3,18
94156992,15,7,22
94323272,15,0,15
94657218,15,2,17
94685278,15,4,19
95313746,15,3,18
95727566,15,1,16
96549745,15,4,19
97044552,15,0,15
98718069,15,14,29
98763982,15,18,33
99995021,15,1,16
100678690,15,15,30
100949009,15,46,61
102207210,15,0,15
104380273,15,0,15
104942727,15,0,15
105735512,15,0,15
105807298,15,0,15
107810378,15,0,15
110221832,15,0,15
110226860,15,1,16
116858501,15,0,15
118048366,15,90,105
118189149,15,1,16
121825148,15,0,15
123904445,15,1,16
125180028,15,1,16
125779273,15,1,16
125848454,15,17,32
126159995,15,0,15
127104824,15,16,31
127339365,15,0,15
130319078,15,0,15
132220999,15,1,16
132416162,15,0,15
133096088,15,1,16
133150603,15,0,15
133381409,15,4,19
133466157,15,1,16
133604695,15,0,15
134759961,15,0,15
135088714,15,0,15
137166190,15,0,15
137455850,15,2,17
138993808,15,2,17
139805230,15,1,16
141083533,15,50,65
143410013,15,0,15
143480447,15,0,15
143675481,15,0,15
144684404,15,0,15
144878180,15,3,18
146590158,15,0,15
149134024,15,2,17
152445218,15,0,15
154193489,15,0,15
156488043,15,3,18
157375025,15,1,16
157476541,15,0,15
158449295,15,2,17
158830659,15,7,22
159160657,15,0,15
159379957,15,72,87
161634424,15,0,15
163636661,15,7,22
165283481,15,0,15
171590750,15,1,16
174751311,15,0,15
174901309,15,0,15
177951261,15,0,15
178485644,15,0,15
179735140,15,0,15
180538911,15,1,16
180549163,15,1,16
182294790,15,2,17
183753455,15,365,380
185505217,15,2,17
187595513,15,0,15
191236835,15,0,15
192329667,15,14,29
193590938,15,1,16
196288317,15,2,17
200556904,15,0,15
201989602,15,3,18
202580424,15,1,16
210342473,15,2,17
211031794,15,25,40
211582180,15,0,15
214055923,15,0,15
215817792,15,1,16
216481167,15,1,16
218360927,15,1,16
221402136,15,1,16
225242632,15,0,15
226109322,15,0,15
226280774,15,0,15
226322098,15,2,17
228908647,15,3,18
229754424,15,0,15
231169484,15,83,98
232407783,15,0,15
233465804,15,1,16
233732925,15,1,16
234306352,15,32,47
236195607,15,0,15
236635912,15,0,15
237359015,15,0,15
239550784,15,0,15
242809733,15,1,16
245598207,15,1,16
245742125,15,0,15
252714778,15,1,16
253775997,15,1,16
255548061,15,0,15
255807625,15,4,19
258616893,15,0,15
259115841,15,2,17
259350892,15,0,15
259426992,15,1,16
260826738,15,0,15
261419030,15,0,15
263330063,15,1,16
263651287,15,1,16
264127028,15,0,15
264199679,15,5,20
265039705,15,7,22
266252872,15,36,51
270975043,15,3,18
272182722,15,1,16
273151261,15,0,15
273456262,15,3,18
274206539,15,0,15
275409506,15,1,16
280249258,15,0,15
281850018,15,0,15
283324428,15,0,15
283568421,15,0,15
283693065,15,0,15
284097614,15,0,15
284210345,15,0,15
290751155,15,6,21
291257996,15,1,16
292108110,15,0,15
292867712,15,0,15
297111224,15,23,38
297186667,15,2,17
298806482,15,0,15
299382149,15,1,16
304094331,15,0,15
304741321,15,4,19
305340077,15,0,15
307064175,15,0,15
308809136,15,27,42
311910862,15,35,50
315073604,15,0,15
316878955,15,4,19
319870311,15,1,16
322655860,15,3,18
322818384,15,1,16
325301928,15,0,15
326489988,15,2,17
327720735,15,21,36
329247033,15,2,17
330698933,15,0,15
331304772,15,0,15
333842939,15,10,25
336251590,15,3,18
336928080,15,0,15
343183085,15,0,15
343211136,15,0,15
343883430,15,0,15
344079731,15,1,16
345340740,15,0,15
345953160,15,0,15
351281151,15,0,15
352029881,15,0,15
352422467,15,0,15
352427063,15,22,37
353461486,15,13,28
354454783,15,0,15
355569274,15,3,18
355588991,15,0,15
356962840,15,2,17
356977181,15,0,15
357088284,15,1,16
358785126,15,1,16
361012054,15,2,17
364041281,15,0,15
364348103,15,0,15
365534323,15,0,15
366163310,15,89,104
373375154,15,7,22
384735751,15,2,17
388593451,15,0,15
390576798,15,2,17
391710881,15,2,17
391958055,15,0,15
392759748,15,2,17
393382745,15,0,15
393559440,15,0,15
394861519,15,1,16
398382457,15,0,15
399131503,15,0,15
400447530,15,0,15
402062483,15,0,15
402088101,15,1,16
404835422,15,1,16
409449561,15,1,16
409571529,15,1,16
410189286,15,0,15
412786058,15,0,15
413082565,15,2,17
415117769,15,0,15
416500352,15,3,18
417588965,15,1,16
419298176,15,0,15
424864218,15,9,24
428190468,15,0,15
429776032,15,0,15
431021668,15,0,15
437863554,15,1,16
441183450,15,0,15
447901259,15,0,15
448110520,15,3,18
455044657,15,0,15
459808988,15,8,23
460313287,15,2,17
460517397,15,0,15
462714238,15,1,16
463291599,15,0,15
463919314,15,0,15
470759269,15,0,15
472239477,15,0,15
474534521,15,12,27
477107920,15,2,17
478241588,15,0,15
480126213,15,0,15
480741630,15,1,16
481645650,15,0,15
481680614,15,1,16
483414137,15,0,15
490442378,15,1,16
494248670,15,2,17
495379332,15,2,17
495454106,15,24,39
497369817,15,5,20
498147755,15,2,17
501598774,15,0,15
501621543,15,0,15
502083228,15,0,15
504585035,15,1,16
505918122,15,0,15
506221743,15,7,22
509370540,15,4,19
522419100,15,1,16
525041762,15,1,16
525630064,15,0,15
525658733,15,0,15
525685170,15,3,18
529564536,15,0,15
531288644,15,0,15
531681682,15,6,21
532473961,15,0,15
539516578,15,0,15
551645648,15,2,17
555348271,15,1,16
557392103,15,6,21
559604346,15,2,17
560021764,15,2,17
561223753,15,1,16
561654065,15,1,16
562527600,15,3,18
565173729,15,0,15
566936555,15,3,18
570082713,15,2,17
574483864,15,1,16
574498841,15,0,15
574561631,15,0,15
575649944,15,1,16
575876864,15,0,15
576311581,15,5,20
576540754,15,0,15
581132385,15,1,16
581186129,15,1,16
584772257,15,0,15
585355293,15,0,15
587913152,15,0,15
590200523,15,17,32
591422285,15,0,15
593360775,15,3,18
604016671,15,4,19
604125800,15,3,18
605576332,15,6,21
606804764,15,1,16
621469942,15,0,15
625113600,15,6,21
625175087,15,0,15
625610952,15,0,15
625955478,15,0,15
627227732,15,16,31
627423111,15,0,15
631974136,15,4,19
633347340,15,5,20
634039696,15,0,15
702914452,15,0,15
706977590,15,0,15
711257366,15,0,15
718420838,15,1,16
720650605,15,0,15
724455948,15,3,18
725583151,15,1,16
742917781,15,0,15
750700196,15,1,16
751276910,15,0,15
761760456,15,2,17
771466680,15,1,16
777352568,15,0,15
781371608,15,0,15
785462696,15,0,15
790763930,15,2,17
793975748,15,98,113
794068016,15,0,15
797104076,15,0,15
798884040,15,0,15
801505615,15,0,15
802844174,15,11,26
829973677,15,3,18
834313268,15,6,21
839552486,15,0,15
841278211,15,0,15
845618803,15,2,17
850018478,15,0,15
854762246,15,2,17
860669334,15,2,17
861387236,15,2,17
866152442,15,0,15
874972292,15,0,15
882457231,15,1,16
885480031,15,0,15
887279923,15,2,17
887694002,15,0,15
893408173,15,1,16
898975153,15,2,17
899069065,15,1,16
902259738,15,6,21
906398461,15,2,17
907258501,15,2,17
911132971,15,0,15
912854852,15,1,16
932961493,15,0,15
933435002,15,1,16
940705411,15,0,15
955304970,15,0,15
974643019,15,1,16
984212630,15,3,18
1000678674,15,25,40
1012855112,15,0,15
1027468292,15,17,32
1033567555,15,1,16
1035830546,15,0,15
1041467953,15,0,15
1086779562,15,1,16
1087298454,15,0,15
1089225517,15,3,18
1090949053,15,0,15
1096901059,15,2,17
1098918846,15,1,16
1109219245,15,2,17
1112054485,15,0,15
1114477892,15,0,15
1114498543,15,0,15
1118449106,15,0,15
1119760256,15,13,28
1123276669,15,0,15
1150005829,15,0,15
1152262452,15,1,16
1162122936,15,2,17
1164454327,15,7,22
1169976930,15,0,15
1170230138,15,2,17
1191824160,15,21,36
1206653862,15,0,15
1211250157,15,0,15
1226634644,15,0,15
1228166172,15,0,15
1231756489,15,0,15
1240234368,15,16,31
1250541372,15,0,15
1252439720,15,2,17
1267361276,15,0,15
1271372744,15,0,15
1310305866,15,2,17
1311239418,15,0,15
1334147376,15,1,16
1335335990,15,3,18
1339674523,15,93,108
1354125025,15,7,22
1354595803,15,0,15
1357813057,15,0,15
1360654633,15,7,22
1362401384,15,1,16
1406385260,15,4,19
1416608809,15,0,15
1419133700,15,16,31
1421165305,15,2,17
1424237832,15,3,18
1458439400,15,1,16
1465076010,15,0,15
1465857446,15,0,15
1465875630,15,0,15
1475862068,15,0,15
1516864579,15,0,15
1539573439,15,0,15
1561748137,15,2,17
1566972458,15,1,16
1577180352,15,0,15
1578260917,15,2,17
1597349443,15,144,159
1602756109,15,1,16
1604385620,15,0,15
1604464490,15,78,93
1613308716,15,0,15
1635639588,15,3,18
1653547458,15,72,87
1653865512,15,1,16
1656854814,15,0,15
1680787039,15,4,19
1681799972,15,5,20
1684459844,15,5,20
1689047689,15,7,22
1689107486,15,0,15
1702612033,15,0,15
1710569406,15,3,18
1713116346,15,0,15
1714291674,15,0,15
1715424829,15,3,18
1838116152,15,0,15
1840174130,15,1,16
1851724128,15,1,16
1864755553,15,68,83
1866515948,15,0,15
1874836183,15,46,61
1883010258,15,1,16
1896282120,15,0,15
1897895070,15,1,16
1901521532,15,0,15
1902620815,15,1,16
1902744264,15,0,15
1918970364,15,0,15
1930755211,15,2,17
1953264426,15,1,16
1959377820,15,0,15
1961714515,15,0,15
1968864102,15,1,16
1970209064,15,27,42
2148326161,15,2,17
2161513081,15,1,16
2172456390,15,1,16
2176367849,15,0,15
2180335990,15,0,15
2180932376,15,0,15
2198228839,15,0,15
2201496456,15,0,15
2202007650,15,2,17
2218197721,15,1,16
2226498389,15,15,30
2230379864,15,0,15
2230732530,15,0,15
2237981508,15,1,16
2243399487,15,0,15
2250974250,15,0,15
2254051315,15,3,18
2284791354,15,0,15
2286925580,15,0,15
2298318975,15,1,16
2307398179,15,0,15
2315961337,15,0,15
2317264570,15,0,15
2320282583,15,0,15
2322271843,15,3,18
2322627596,15,2,17
2324438203,15,0,15
2337532952,15,0,15
2340405962,15,0,15
2341463325,15,0,15
2343260671,15,3,18
2359962552,15,0,15
2359971156,15,1,16
2377679396,15,0,15
2395148904,15,0,15
2409414559,15,11,26
2411756245,15,0,15
2416197957,15,0,15
2419237344,15,0,15
2421228369,15,328,343
2422473806,15,2,17
2422609288,15,1,16
2427440598,15,0,15
2429060695,15,0,15
2432458718,15,2,17
2434111068,15,0,15
2444059646,15,0,15
2448442819,15,0,15
2456416379,15,0,15
2488361384,15,0,15
2500085616,15,3,18
2503212930,15,0,15
2504210854,15,0,15
2509028211,15,1,16
2511288156,15,1,16
2532895536,15,1,16
2540218875,15,3,18
2551238826,15,0,15
2555339258,15,0,15
2564602460,15,17,32
2567249148,15,0,15
2567380872,15,1,16
2568277984,15,4,19
2570188195,15,0,15
2576228224,15,0,15
2578180728,15,0,15
2580877686,15,0,15
2596755883,15,0,15
2604187910,15,5,20
2605729207,15,2,17
2606135916,15,4,19
2606491464,15,0,15
2607910416,15,0,15
2610177851,15,0,15
2612531854,15,1,16
2618545285,15,2,17
2653470437,15,0,15
2657311645,15,3,18
2664821018,15,1,16
2680343168,15,0,15
2684970169,15,0,15
2688584306,15,56,71
2699496506,15,0,15
2716396488,15,3,18
2722197817,15,1,16
2723839305,15,0,15
2729575889,15,52,67
2736437222,15,0,15
2743422475,15,0,15
2758750863,15,0,15
2759226287,15,0,15
2761997377,15,0,15
2764921236,15,6,21
2768014614,15,13,28
2773673031,15,2,17
2776280441,15,1,16
2786149478,15,1,16
2798791881,15,1,16
2813818866,15,3,18
2814373835,15,0,15
2821085781,15,0,15
2821690119,15,1,16
2829324315,15,0,15
2832758068,15,0,15
2842151621,15,2,17
2845920603,15,3,18
2847275926,15,0,15
2850591152,15,0,15
2856040823,15,0,15
2857592041,15,5,20
2858292438,15,123,138
2861525438,15,0,15
2863652613,15,0,15
2865097300,15,0,15
2867187561,15,0,15
2872691287,15,0,15
2875389721,15,1,16
2881773947,15,0,15
2883901746,15,0,15
2884931843,15,35,50
2886095098,15,1,16
2889322139,15,11,26
2892166218,15,0,15
2892798304,15,1,16
2895142636,15,0,15
2903263931,15,2,17
2924716780,15,0,15
2926894777,15,1,16
2931442110,15,0,15
2932309798,15,0,15
2936474595,15,0,15
2941544031,15,0,15
2943153294,15,4,19
2945093643,15,1,16
2948721975,15,1,16
2951248157,15,0,15
2953943299,15,1,16
2954029242,15,0,15
2954152887,15,0,15
2960676179,15,63,78
2964723836,15,4,19
2966759458,15,5,20
2970292666,15,0,15
2975602937,15,0,15
2991619090,15,0,15
2996469091,15,1,16
3004263659,15,5,20
3006482092,15,7,22
3012226551,15,0,15
3012968397,15,1,16
3017400805,15,43,58
3018934037,15,0,15
3029498212,15,7,22
3033374716,15,1,16
3053219203,15,33,48
3053302480,15,0,15
3060686136,15,1,16
3068164931,15,0,15
3073394760,15,0,15
3074977748,15,1,16
3075480662,15,0,15
3078628110,15,16,31
3078934723,15,3,18
3080505088,15,1,16
3082608188,15,0,15
3086966142,15,0,15
3106462089,15,0,15
3108829436,15,0,15
3110836174,15,0,15
3111889034,15,51,66
3131659283,15,0,15
3139169208,15,0,15
3141635426,15,1,16
3142040172,15,0,15
3142652013,15,0,15
3161490206,15,0,15
3167792656,15,1,16
3168262477,15,0,15
3173775066,15,1,16
3177163979,15,6,21
3178600815,15,0,15
3181215324,15,0,15
3186760511,15,0,15
3186881174,15,1,16
3201496815,15,0,15
3215229393,15,44,59
3233164543,15,13,28
3235781586,15,0,15
3253247822,15,0,15
3255899868,15,0,15
3256171963,15,0,15
3257953402,15,0,15
3267052561,15,2,17
3280132735,15,1,16
3283011559,15,0,15
3284496625,15,1,16
3291772795,15,0,15
3294049086,15,0,15
3296061428,15,9,24
3299274481,15,1,16
3307155135,15,1,16
3308028025,15,0,15
3309255936,15,0,15
3313551824,15,0,15
3317736372,15,14,29
3321788900,15,0,15
3334733512,15,0,15
3341306789,15,3,18
3342782873,15,1,16
3347074210,15,0,15
3355267340,15,1,16
3356822239,15,0,15
3357690645,15,1,16
3357794771,15,0,15
3359956055,15,13,28
3360536902,15,0,15
3364539193,15,0,15
3369281925,15,6,21
3369981640,15,1,16
3383270200,15,3,18
3385838248,15,47,62
3388457170,15,1,16
3390516207,15,0,15
3406376374,15,0,15
3406657565,15,38,53
3413010460,15,0,15
3438670359,15,1,16
3444072078,15,1,16
3452754267,15,1,16
3481819822,15,0,15
3503796201,15,1,16
3515319143,15,4,19
3520370125,15,0,15
3551866097,15,0,15
3581658501,15,0,15
3611742255,15,0,15
3640646474,15,0,15
3643434741,15,7,22
3719994193,15,10,25
3734728095,15,2,17
3738781344,15,0,15
3747664756,15,9,24
3751212856,15,1,16
3763557754,15,2,17
3770755153,15,0,15
3823837283,15,0,15
3885822870,15,0,15
3912690147,15,0,15
3920426061,15,94,109
3925988414,15,0,15
3933930814,15,18,33
3950303961,15,1,16
3956312159,15,0,15
3958254802,15,0,15
4032290002,15,0,15
4065201676,15,1,16
4073722333,15,0,15
4076789116,15,0,15
4126703173,15,73,88
4129797267,15,1,16
4172504241,15,0,15
4186787057,15,1,16
4187533960,15,0,15
4189511355,15,2,17
4210168960,15,3,18
4214216901,15,1,16
4230683833,15,12,27
4232323161,15,0,15
4235794633,15,1,16
4262191877,15,0,15
4272870988,15,0,15
4281876748,15,0,15
4297750456,15,0,15
4410419542,15,0,15
4433842521,15,1,16
4445821040,15,0,15
4480685953,15,1,16
4497680356,15,1,16
4500337213,15,1,16
4514476585,15,0,15
4528381939,15,0,15
4560016829,15,2,17
4567558817,15,0,15
4589943100,15,2,17
4595596392,15,0,15
4650468374,15,2,17
4660010299,15,2,17
4690230878,15,0,15
4713599028,15,2,17
4718074639,15,0,15
4721597967,15,8,23
4726333573,15,0,15
4732288278,15,45,60
4735616514,15,1,16
4739541433,15,0,15
4752378667,15,0,15
4757535874,15,12,27
4758892179,15,0,15
4765953461,15,0,15
4786256739,15,6,21
4787115639,15,0,15
4798747937,15,4,19
4821206233,15,0,15
4821267819,15,1,16
4830829960,15,1,16
4835059104,15,0,15
4838532895,15,1,16
4846998158,15,4,19
4855095035,15,3,18
4855473743,15,0,15
4856532991,15,12,27
4857123970,15,0,15
4857539577,15,1,16
4862685012,15,1,16
4871065809,15,0,15
4889338797,15,0,15
4898754082,15,1,16
4901300127,15,7,22
4907299348,15,1,16
4908518635,15,0,15
4908682293,15,4,19
4910037911,15,0,15
4910280976,15,3,18
4919625967,15,2,17
4925078533,15,4,19
695254219020967936,15,0,15
700435164443254784,15,2,17
700676748384403457,15,0,15
701227251128348672,15,0,15
702340456328245248,15,4,19
702630027809017856,15,0,15
702994617545986049,15,2,17
703802274552946688,15,0,15
703961591537016832,15,1,16
703969051588952064,15,0,15
705394978088824834,15,0,15
705482193498468353,15,0,15
705548647618850816,15,0,15
706232376519761922,15,3,18
706586325072400386,15,0,15
706602069222944768,15,2,17
706649628041555970,15,0,15
707046656437387264,15,0,15
707100830214696960,15,0,15
707112887295172608,15,1,16
707313806007996419,15,20,35
707543656832471040,15,0,15
707587565143105537,15,65,80
708063091418763264,15,2,17
708114112320962561,15,1,16
708316308266491904,15,0,15
708752278765899777,15,0,15
708819563950039040,15,1,16
709428262259130369,15,3,18
709457614896107520,15,6,21
709519706919669760,15,1,16
709622115612413952,15,0,15
709916850407272450,15,4,19
711561672234811392,15,0,15
711696227205836804,15,1,16
712222040917413888,15,0,15
712486976243560448,15,2,17
712723605088374784,15,0,15
712884008535719936,15,6,21
713044248065482752,15,0,15
713377689743335424,15,4,19
714535003292434432,15,1,16
714864070910943232,15,32,47
716422046536769536,15,2,17
716677234166091777,15,1,16
717122653472047104,15,25,40
717346188945670145,15,0,15
717450830702620672,15,0,15
717673239133233153,15,0,15
718377859094589440,15,1,16
720339929608249345,15,0,15
721230762033475585,15,0,15
722435133811343360,15,1,16
722538733078126592,15,0,15
722754363920244736,15,0,15
722882042116116484,15,1,16
723651304023691264,15,0,15
724041947766099969,15,0,15
724761618534428672,15,1,16
724799473038282752,15,36,51
725657923511312385,15,2,17
726492410725978113,15,1,16
726768455026765824,15,0,15
727294525534777344,15,0,15
727311184425144321,15,1,16
727909047987404800,15,1,16
728355428589965312,15,4,19
728760805521391616,15,1,16
728801321546076161,15,0,15
729698771123245056,15,1,16
729710867441438722,15,1,16
729815811012038657,15,6,21
730604257783758848,15,0,15
731089011977097216,15,0,15
731345043072507905,15,0,15
731459657169031168,15,2,17
732194163832279040,15,0,15
732387885085802496,15,0,15
732728326171832320,15,0,15
733245517497532416,15,0,15
733279356492079106,15,1,16
733647227328049157,15,0,15
735398138886791168,15,1,16
735578612246577153,15,0,15
735645437848227840,15,5,20
736643211846930432,15,0,15
737152687490338816,15,0,15
737850885959733248,15,1,16
738236807414841344,15,0,15
738426943742312448,15,1,16
738483854420279297,15,11,26
738746750693842944,15,0,15
738957041637679108,15,0,15
739994344774475776,15,2,17
740237927754534912,15,1,16
740472918275133441,15,0,15
740578297784864768,15,4,19
740755127330447361,15,5,20
741258851215912961,15,0,15
742140620769243138,15,0,15
742394400920109057,15,0,15
742765356498882565,15,0,15
743239346409570304,15,0,15
743240809026195457,15,4,19
743974448529715201,15,1,16
745334356235911168,15,5,20
745771288799621122,15,6,21
746179736636776448,15,2,17
746443582618247169,15,0,15
746548346211295232,15,0,15
747590405793943552,15,0,15
747653602605473792,15,1,16
747944513923067904,15,4,19
748182087958675457,15,1,16
748266316839137280,15,0,15
748588783336042496,15,0,15
749119362565484546,15,1,16
749710462661562368,15,2,17
751049160821014528,15,2,17
751445536796913664,15,1,16
751579245105782788,15,76,91
752178532042862592,15,0,15
752748181058777088,15,1,16
753429367682764800,15,0,15
754390822720679937,15,0,15
754602700583698432,15,0,15
754785641787863040,15,0,15
754827390858080256,15,0,15
755044931778019328,15,1,16
755972306627796993,15,0,15
756183832173445120,15,1,16
756461825735139328,15,2,17
756475790355816449,15,1,16
756541917551296512,15,0,15
756542834564554753,15,2,17
756830707675193344,15,0,15
756882141384892416,15,2,17
757010505735241728,15,0,15
757250385325264896,15,2,17
757320917282394112,15,3,18
757685458834903041,15,1,16
758630424167927808,15,1,16
758858618322071552,15,0,15
759046543307440130,15,0,15
759407974578290688,15,1,16
759808471319605248,15,0,15
759824352288309248,15,1,16
759900781176819712,15,0,15
760187707725185024,15,1,16
760502819644403712,15,9,24
761214892997275648,15,0,15
761349941507792896,15,1,16
761480997615599616,15,1,16
761570018157031425,15,1,16
761740814028410881,15,4,19
762745166415400960,15,0,15
762873996664725506,15,0,15
763127538419834880,15,6,21
763539447778377729,15,1,16
763743063500095488,15,0,15
763859547416956928,15,0,15
764970970926895108,15,1,16
765117036800475136,15,6,21
766054295838089217,15,2,17
766335804910211072,15,0,15
766464589320089602,15,1,16
766551683937689601,15,1,16
766837990752739328,15,1,16
767551188296314882,15,1,16
767720894491832320,15,0,15
768523651297775616,15,1,16
768573864020443139,15,0,15
768590761239519232,15,1,16
771179675129307136,15,3,18
771246805543641088,15,0,15
771432410147794944,15,0,15
772231345737199616,15,0,15
774024608974508032,15,1,16
774716412204032000,15,0,15
775631997171601408,15,0,15
775980230519427072,15,0,15
776163363424497665,15,0,15
776409663541800961,15,0,15
776920338026340352,15,0,15
778079331251687424,15,0,15
778640162578374656,15,0,15
778693643976581120,15,0,15
779003977333563392,15,0,15
779260893230227456,15,1,16
780588547455627265,15,0,15
780841661253378048,15,0,15
781242128986804224,15,0,15
781636463817428992,15,5,20
782225864813457408,15,0,15
782693402278109184,15,0,15
782887460288147456,15,2,17
784058102366736386,15,0,15
784101291144380416,15,0,15
785108142455660544,15,0,15
785209073012736003,15,0,15
785258033383215104,15,5,20
785878756397314048,15,0,15
786049771005812736,15,0,15
786648252229844992,15,1,16
786871131114528769,15,1,16
787022557505392640,15,1,16
787292796629749761,15,0,15
788003644939440128,15,0,15
788167510575022080,15,0,15
788513507998183424,15,0,15
788873902265073665,15,0,15
788893718568763392,15,0,15
789507558142685184,15,0,15
789677364196151297,15,1,16
790330198831009793,15,0,15
791311721491226624,15,1,16
792138253910573058,15,0,15
792385188978429952,15,0,15
792576774987247617,15,0,15
793161585598562304,15,0,15
793198650642075652,15,1,16
794630243105538048,15,2,17
794801385594298368,15,0,15
795456727781113856,15,0,15
796316790179692544,15,0,15
796399863055298560,15,1,16
796733131147640832,15,0,15
797976786386595840,15,0,15
799206160943304705,15,0,15
799926768891138048,15,0,15
803739752826433537,15,0,15
805117810343079936,15,0,15
807474427864629249,15,1,16
22203,14,0,14
1012781,14,2,16
1680191,14,3,17
2471871,14,0,14
2537001,14,1,15
3587471,14,5,19
9251032,14,1,15
10070082,14,0,14
14524269,14,2,16
14524358,14,0,14
14533816,14,11,25
14641650,14,11,25
14794544,14,0,14
15157073,14,3,17
15422042,14,0,14
15542691,14,2,16
15584019,14,2,16
15696583,14,0,14
15870659,14,17,31
15964729,14,27,41
15986565,14,1,15
16031185,14,0,14
16065882,14,0,14
16087500,14,0,14
16163639,14,51,65
16163824,14,1,15
16209032,14,0,14
16225882,14,32,46
16363462,14,0,14
16702010,14,5,19
16912536,14,0,14
16916866,14,1,15
17014593,14,27,41
17118176,14,0,14
17176334,14,7,21
17190356,14,2,16
17196735,14,1,15
17291452,14,3,17
17297166,14,3,17
17453602,14,0,14
17651152,14,0,14
17750752,14,0,14
17912690,14,2,16
17983145,14,2,16
18115072,14,0,14
18292099,14,0,14
18371924,14,9,23
18389414,14,4,18
18492571,14,1,15
18720386,14,0,14
18916362,14,0,14
18991429,14,1,15
18996956,14,0,14
19056900,14,14,28
19059966,14,2,16
19131322,14,10,24
19145935,14,1,15
19291582,14,5,19
19295519,14,1,15
19379681,14,1,15
19669366,14,68,82
19725494,14,1,15
19737961,14,1,15
19740477,14,3,17
20072611,14,1,15
20566174,14,0,14
20634939,14,277,291
20678856,14,1,15
20763767,14,0,14
20871276,14,21,35
20940505,14,1,15
21037189,14,0,14
21387734,14,0,14
21393906,14,1,15
21729540,14,126,140
21943677,14,1,15
21971111,14,1,15
22021684,14,0,14
22029634,14,0,14
22077095,14,0,14
22084422,14,0,14
22102899,14,8,22
22264801,14,27,41
22368073,14,0,14
22375830,14,1,15
22817190,14,0,14
22953032,14,2,16
23028301,14,0,14
23109874,14,0,14
23238447,14,2,16
23358714,14,0,14
23468150,14,2,16
23910844,14,40,54
24529599,14,0,14
24589390,14,1,15
24645354,14,0,14
24719090,14,4,18
24910924,14,0,14
24978351,14,0,14
25022104,14,2,16
25135325,14,46,60
25511878,14,4,18
25588490,14,21,35
25921501,14,82,96
26259102,14,1,15
26865397,14,0,14
27433174,14,1,15
27491396,14,2,16
27569037,14,0,14
27697994,14,2,16
27812706,14,11,25
28347470,14,1,15
28461452,14,0,14
28787382,14,0,14
28874412,14,0,14
28876983,14,0,14
28975085,14,3,17
28985451,14,0,14
29210791,14,2,16
29874079,14,1,15
30113742,14,0,14
30298386,14,4,18
30460070,14,3,17
30651089,14,0,14
30706364,14,32,46
30991176,14,0,14
31165706,14,0,14
31475986,14,0,14
31649494,14,0,14
31741565,14,1,15
32188537,14,1,15
32485921,14,0,14
33171866,14,0,14
33272139,14,2,16
33320007,14,0,14
34280404,14,0,14
34523703,14,0,14
35150914,14,1,15
35357560,14,1,15
35487945,14,0,14
35522981,14,0,14
35779221,14,0,14
36008885,14,1,15
36436573,14,1,15
37046582,14,3,17
37093993,14,3,17
37233098,14,1,15
37431585,14,0,14
38319124,14,7,21
38664964,14,1,15
38735749,14,3,17
39466313,14,4,18
39574828,14,0,14
39669227,14,1,15
39806039,14,0,14
40058836,14,3,17
41496208,14,0,14
42633612,14,27,41
42641225,14,2,16
42657110,14,33,47
42786325,14,0,14
42795398,14,0,14
43426166,14,0,14
43535129,14,0,14
43791278,14,0,14
44193923,14,4,18
44870728,14,0,14
45658900,14,0,14
46633801,14,0,14
46710093,14,1,15
47434357,14,0,14
48015951,14,0,14
48094853,14,4,18
48185455,14,6,20
48273540,14,10,24
48956768,14,0,14
49161541,14,34,48
49219756,14,1,15
50370046,14,22,36
50765284,14,9,23
50913919,14,0,14
51106562,14,1,15
51310793,14,43,57
51611871,14,17,31
51788651,14,0,14
52049944,14,0,14
52118721,14,4,18
52319005,14,36,50
53414016,14,0,14
53499607,14,2,16
53562467,14,1,15
54087109,14,0,14
54661743,14,49,63
55131809,14,2,16
55384857,14,0,14
56133200,14,0,14
57249443,14,3,17
58149437,14,0,14
58253405,14,1,15
58392270,14,21,35
58405074,14,1,15
58889580,14,0,14
59984176,14,0,14
60694227,14,0,14
61399101,14,18,32
63580642,14,1,15
63859236,14,14,28
64006605,14,0,14
64405364,14,1,15
65221033,14,3,17
65401126,14,60,74
66362598,14,0,14
66530198,14,1,15
66649542,14,1,15
67563281,14,0,14
67621283,14,1,15
68971153,14,0,14
69903467,14,3,17
70083403,14,0,14
70163893,14,0,14
70299246,14,0,14
73174692,14,0,14
73278970,14,1,15
73516554,14,0,14
73524774,14,27,41
73695527,14,2,16
73797943,14,118,132
74055758,14,2,16
74292997,14,3,17
74527290,14,0,14
74747986,14,0,14
74778688,14,7,21
76436317,14,6,20
77346660,14,1,15
78098629,14,0,14
79007681,14,0,14
79532585,14,54,68
81110720,14,1,15
82818234,14,0,14
83303827,14,0,14
85138554,14,0,14
85435148,14,0,14
85850927,14,2,16
86342349,14,0,14
86602514,14,1,15
87518903,14,1,15
88427831,14,48,62
89967196,14,0,14
90664162,14,10,24
91273583,14,1,15
95354349,14,0,14
96368753,14,0,14
97115402,14,0,14
99847545,14,1,15
100730088,14,0,14
101068845,14,2,16
105799821,14,3,17
106395831,14,2,16
109525069,14,0,14
110451755,14,25,39
111331653,14,2,16
111461685,14,0,14
111483325,14,0,14
112799090,14,0,14
113765235,14,0,14
114232546,14,85,99
115566086,14,0,14
116463474,14,0,14
116596219,14,0,14
118322302,14,0,14
119315975,14,1,15
120570735,14,1,15
120928333,14,0,14
123049736,14,0,14
123207485,14,3,17
125541187,14,1,15
125895657,14,2,16
127442747,14,0,14
127886719,14,0,14
127989194,14,3,17
130253662,14,1,15
131104065,14,1,15
132976110,14,0,14
135191334,14,0,14
135717495,14,0,14
136684975,14,3,17
137308373,14,0,14
138564865,14,2,16
138581916,14,1,15
138874510,14,0,14
139891948,14,233,247
140370955,14,1,15
140499925,14,4,18
140846763,14,1,15
141431340,14,0,14
142475908,14,0,14
142770500,14,0,14
146439811,14,0,14
149986590,14,0,14
150141435,14,0,14
151284118,14,0,14
152746123,14,7,21
159642842,14,1,15
161926589,14,1,15
161953542,14,0,14
164300201,14,0,14
164918214,14,1,15
166532724,14,1,15
167633260,14,2,16
168838692,14,27,41
170384986,14,4,18
171303295,14,1,15
173205440,14,0,14
175906210,14,0,14
176195692,14,0,14
177335956,14,3,17
177564016,14,1,15
179792367,14,2,16
180312074,14,9,23
184305246,14,0,14
185641780,14,6,20
186267621,14,1,15
187731818,14,22,36
189254142,14,1,15
191168712,14,0,14
192156775,14,0,14
192348819,14,1,15
196669323,14,2,16
199886612,14,1,15
200951410,14,0,14
201737643,14,4,18
202762189,14,5,19
204447658,14,0,14
206308167,14,2,16
208355828,14,0,14
208796606,14,0,14
209667075,14,8,22
210103294,14,10,24
211254604,14,1,15
212061451,14,11,25
212218744,14,0,14
213546106,14,1,15
215471573,14,0,14
218023967,14,2,16
221634221,14,1,15
222695674,14,6,20
223525789,14,1,15
223587670,14,0,14
225817388,14,1,15
228337805,14,1,15
228808611,14,2,16
229739659,14,0,14
230470681,14,1,15
232057968,14,0,14
232199552,14,1,15
232326339,14,3,17
232330159,14,60,74
233723894,14,2,16
237074694,14,0,14
237341117,14,0,14
240073748,14,42,56
240662590,14,0,14
241179144,14,0,14
241580028,14,85,99
242249661,14,0,14
242438723,14,47,61
243239561,14,1,15
244243393,14,0,14
244940243,14,0,14
246335616,14,0,14
246452808,14,2,16
247533830,14,1,15
248008803,14,0,14
249457353,14,2,16
251380256,14,4,18
251467804,14,0,14
252353889,14,89,103
253297776,14,0,14
253572234,14,4,18
255112736,14,14,28
258025056,14,3,17
259351323,14,1,15
261239939,14,0,14
261309165,14,1,15
263248117,14,1,15
264284066,14,10,24
265561347,14,0,14
266851753,14,0,14
268017460,14,1,15
268982777,14,1,15
269211359,14,7,21
271153311,14,0,14
273822483,14,29,43
274134586,14,47,61
274235307,14,1,15
274291198,14,0,14
274673203,14,7,21
275190051,14,5,19
276034885,14,0,14
278011665,14,1,15
279715769,14,0,14
280570672,14,0,14
282654181,14,0,14
282848539,14,1,15
286723230,14,19,33
288423246,14,0,14
290279078,14,0,14
290791716,14,6,20
292109202,14,3,17
293735764,14,1,15
294548660,14,0,14
298305218,14,1,15
298571004,14,1,15
302139306,14,0,14
303418470,14,1,15
304218448,14,5,19
305058487,14,0,14
305139533,14,0,14
305944410,14,0,14
312272485,14,0,14
313001959,14,1,15
315495725,14,30,44
322512693,14,0,14
323729282,14,0,14
325706016,14,0,14
326306496,14,0,14
327376703,14,0,14
329897411,14,1,15
331376866,14,2,16
332997496,14,0,14
334603161,14,2,16
337939813,14,1,15
338027397,14,1,15
338661843,14,3,17
339833601,14,1,15
340112392,14,0,14
342091243,14,4,18
342687441,14,3,17
345201831,14,0,14
345528511,14,2,16
346382931,14,0,14
347879411,14,0,14
350409642,14,0,14
351739907,14,0,14
354573179,14,0,14
358557704,14,0,14
361891239,14,0,14
364703609,14,0,14
366823166,14,0,14
366951900,14,1,15
370448975,14,0,14
370700098,14,0,14
375251236,14,0,14
375335044,14,98,112
377017564,14,34,48
377878096,14,1,15
380990062,14,0,14
382385308,14,5,19
382503016,14,0,14
384393903,14,5,19
384612364,14,0,14
385482181,14,0,14
385982814,14,0,14
389793691,14,0,14
390696780,14,23,37
391529306,14,0,14
392250887,14,0,14
393719256,14,0,14
394642779,14,1,15
396115930,14,0,14
396238864,14,1,15
396725099,14,0,14
399699003,14,1,15
400849604,14,7,21
401534412,14,0,14
403816757,14,3,17
405067218,14,1,15
405097178,14,18,32
405336045,14,0,14
408112541,14,3,17
410853772,14,1,15
420148179,14,6,20
422337739,14,0,14
427078055,14,22,36
428714056,14,0,14
429660359,14,0,14
434070975,14,0,14
436713050,14,3,17
437541777,14,5,19
438848563,14,1,15
439802515,14,1,15
440383922,14,2,16
440440376,14,0,14
448657878,14,0,14
453128140,14,0,14
459967036,14,0,14
461720824,14,1,15
462083646,14,0,14
462924454,14,11,25
463162523,14,2,16
464236389,14,0,14
465571691,14,3,17
466602805,14,0,14
468982444,14,0,14
473015654,14,11,25
474094828,14,0,14
474450287,14,168,182
474933822,14,0,14
475962776,14,2,16
479199117,14,32,46
482581535,14,5,19
484112309,14,0,14
484383350,14,0,14
485345534,14,2,16
485389497,14,5,19
487603504,14,0,14
489096099,14,0,14
491434290,14,2,16
493129895,14,1,15
493564658,14,0,14
498160865,14,0,14
511079248,14,16,30
513724263,14,142,156
513897240,14,1,15
514793921,14,22,36
519527502,14,3,17
519670291,14,0,14
521069477,14,2,16
525651335,14,0,14
527986046,14,0,14
529959846,14,0,14
531498152,14,0,14
532396684,14,0,14
532549823,14,0,14
533420020,14,0,14
533745954,14,1,15
533817988,14,0,14
533861025,14,0,14
536226434,14,1,15
537483882,14,0,14
537502486,14,0,14
539626367,14,1,15
544664866,14,1,15
546101526,14,2,16
547916304,14,0,14
556224141,14,24,38
556537535,14,5,19
558428367,14,0,14
562336915,14,3,17
562546851,14,7,21
562927744,14,1,15
567156832,14,2,16
571900336,14,0,14
574038392,14,2,16
582641228,14,0,14
588653841,14,1,15
588772165,14,2,16
596032049,14,0,14
601059917,14,1,15
602746837,14,5,19
606042176,14,1,15
608766372,14,1,15
610940307,14,0,14
630623243,14,0,14
632514374,14,0,14
634206528,14,1,15
634847061,14,1,15
635608354,14,1,15
637095652,14,0,14
637378200,14,0,14
702808427,14,0,14
706448439,14,1,15
706798602,14,2,16
711487408,14,44,58
716331431,14,0,14
717117104,14,0,14
722747010,14,1,15
731364756,14,33,47
735740870,14,2,16
740396101,14,2,16
746509921,14,0,14
760430132,14,1,15
765811470,14,0,14
765953809,14,1,15
781242108,14,1,15
783160380,14,0,14
787762730,14,1,15
788318868,14,0,14
807566756,14,0,14
809679248,14,4,18
814054454,14,39,53
814347121,14,0,14
821752764,14,0,14
824171096,14,2,16
825284011,14,2,16
833558286,14,23,37
833716484,14,0,14
840188797,14,2,16
840430100,14,1,15
847146938,14,0,14
849984217,14,0,14
852963704,14,0,14
854893364,14,3,17
859869386,14,2,16
859995390,14,4,18
860566802,14,0,14
860620777,14,0,14
860726142,14,27,41
863439654,14,0,14
864702738,14,0,14
869870810,14,15,29
869929628,14,0,14
870370238,14,0,14
874580526,14,1,15
874642392,14,0,14
875801995,14,1,15
880427526,14,0,14
884144382,14,1,15
884375935,14,1,15
889986612,14,65,79
891939067,14,1,15
893221620,14,3,17
896437094,14,0,14
898758776,14,0,14
899050380,14,1,15
914482993,14,36,50
914849041,14,1,15
920133836,14,37,51
921553350,14,1,15
921921205,14,0,14
928757526,14,0,14
930867854,14,1,15
933490604,14,0,14
934715324,14,0,14
937839451,14,0,14
959508212,14,5,19
971075875,14,0,14
976137115,14,0,14
983087851,14,0,14
987271694,14,1,15
987419070,14,1,15
994201890,14,0,14
996026984,14,1,15
997617085,14,1,15
1005465739,14,0,14
1005675566,14,62,76
1006798741,14,1,15
1009695398,14,3,17
1018481402,14,3,17
1019904385,14,0,14
1024602439,14,0,14
1027002823,14,3,17
1027809378,14,2,16
1029245744,14,1,15
1039880508,14,0,14
1070466906,14,1,15
1079337114,14,1,15
1086844627,14,1,15
1089808014,14,0,14
1090352485,14,0,14
1095850464,14,0,14
1099631100,14,0,14
1100239808,14,0,14
1101461131,14,2,16
1105817226,14,0,14
1112910402,14,2,16
1113014004,14,0,14
1117363285,14,2,16
1120000410,14,0,14
1150585999,14,0,14
1160466199,14,0,14
1167655052,14,1,15
1175517073,14,0,14
1200402781,14,1,15
1201650390,14,0,14
1202396466,14,0,14
1208242087,14,0,14
1210100041,14,1,15
1227974245,14,2,16
1244838444,14,0,14
1244877632,14,0,14
1246224342,14,1,15
1247921690,14,1,15
1249345100,14,0,14
1253537509,14,0,14
1255903026,14,0,14
1260552937,14,0,14
1260594385,14,3,17
1263039614,14,0,14
1265377520,14,150,164
1265725291,14,0,14
1275353785,14,1,15
1286650968,14,3,17
1291945022,14,0,14
1292405179,14,0,14
1336532426,14,0,14
1340788394,14,0,14
1345203475,14,1,15
1350490724,14,3,17
1362973190,14,0,14
1374960906,14,0,14
1376211092,14,0,14
1387193570,14,0,14
1408489530,14,4,18
1411392968,14,0,14
1412146206,14,1,15
1424000143,14,1,15
1433111642,14,0,14
1444154436,14,0,14
1462419804,14,0,14
1474955562,14,1,15
1484901426,14,1,15
1499717940,14,0,14
1526040211,14,0,14
1535067990,14,0,14
1545834288,14,106,120
1548885522,14,0,14
1553531790,14,6,20
1558814131,14,2,16
1565219120,14,0,14
1570527168,14,0,14
1578652435,14,2,16
1580410358,14,2,16
1587466063,14,1,15
1590170551,14,0,14
1598382890,14,0,14
1600890871,14,0,14
1602224485,14,0,14
1624068175,14,0,14
1632524730,14,0,14
1650293515,14,0,14
1658844264,14,0,14
1677884888,14,0,14
1687227996,14,5,19
1709851429,14,2,16
1728709824,14,1,15
1730808588,14,0,14
1732333092,14,0,14
1734921174,14,0,14
1854744828,14,5,19
1867948308,14,0,14
1909440120,14,0,14
1917155592,14,1,15
1917413191,14,1,15
1926368468,14,0,14
1942265899,14,0,14
1957439592,14,0,14
1967699275,14,0,14
1969854638,14,2,16
2152399620,14,12,26
2182864742,14,0,14
2187410251,14,0,14
2189281280,14,2,16
2190743918,14,1,15
2192669496,14,0,14
2200469485,14,0,14
2202241436,14,0,14
2205522188,14,3,17
2212367318,14,0,14
2216236636,14,4,18
2219908493,14,0,14
2220506960,14,1,15
2226209612,14,1,15
2241366900,14,0,14
2250558999,14,1,15
2253749594,14,0,14
2260136896,14,0,14
2266719852,14,3,17
2267153620,14,0,14
2267230360,14,0,14
2275941343,14,0,14
2296489322,14,0,14
2297287812,14,0,14
2305185066,14,0,14
2305422800,14,0,14
2316016705,14,0,14
2316261613,14,2,16
2328864018,14,0,14
2330679966,14,1,15
2338845175,14,0,14
2349548360,14,4,18
2350843699,14,1,15
2362243668,14,7,21
2369267088,14,0,14
2369949012,14,4,18
2374042004,14,10,24
2378544046,14,2,16
2378589452,14,0,14
2393404729,14,0,14
2393581879,14,1,15
2400514933,14,1,15
2409724183,14,0,14
2411241788,14,0,14
2414713926,14,2,16
2418192986,14,1,15
2425627795,14,0,14
2431893434,14,76,90
2443251613,14,1,15
2445831720,14,0,14
2449376624,14,0,14
2451213262,14,0,14
2452965958,14,0,14
2456882041,14,0,14
2458430952,14,0,14
2470629656,14,0,14
2472585332,14,0,14
2475664423,14,1,15
2475879654,14,0,14
2482714827,14,0,14
2483802816,14,1,15
2494535184,14,1,15
2496426625,14,28,42
2515926170,14,0,14
2516676608,14,3,17
2517613931,14,1,15
2517960549,14,0,14
2546187997,14,0,14
2548663428,14,0,14
2553780078,14,7,21
2557439485,14,7,21
2557951345,14,0,14
2562448932,14,0,14
2568205389,14,1,15
2572639884,14,0,14
2574761296,14,3,17
2576189067,14,0,14
2581612784,14,3,17
2590587253,14,0,14
2600363390,14,0,14
2612666747,14,0,14
2612687124,14,0,14
2620443829,14,0,14
2628549594,14,0,14
2663383536,14,38,52
2663833982,14,0,14
2674018634,14,0,14
2678262456,14,0,14
2681034206,14,0,14
2693576557,14,1,15
2699373416,14,4,18
2701324983,14,0,14
2708017993,14,0,14
2712941675,14,1,15
2716912161,14,0,14
2728468209,14,1,15
2728548453,14,5,19
2732059282,14,1,15
2739348212,14,1,15
2741907996,14,1,15
2744280377,14,0,14
2746516812,14,0,14
2750542617,14,0,14
2750946760,14,0,14
2754476877,14,0,14
2759112658,14,0,14
2767073855,14,1,15
2773303505,14,0,14
2774348379,14,0,14
2780589802,14,0,14
2784465503,14,0,14
2787296480,14,0,14
2790255338,14,2,16
2794683217,14,0,14
2796688712,14,32,46
2797781981,14,0,14
2805625933,14,31,45
2806604058,14,1,15
2811854974,14,1,15
2822776393,14,0,14
2824082847,14,0,14
2828912736,14,0,14
2830629595,14,7,21
2836209635,14,0,14
2839105630,14,3,17
2841543441,14,0,14
2846757844,14,2,16
2851081194,14,1,15
2851170553,14,2,16
2859672185,14,4,18
2861314394,14,6,20
2863648886,14,0,14
2863821045,14,1,15
2871170340,14,1,15
2872892445,14,0,14
2873148310,14,2,16
2875166787,14,4,18
2876784264,14,1,15
2880526847,14,1,15
2887193468,14,0,14
2890487970,14,1,15
2891102076,14,1,15
2893187232,14,0,14
2898774523,14,0,14
2900922205,14,0,14
2907538328,14,0,14
2915156131,14,21,35
2916453969,14,0,14
2916948354,14,1,15
2917805117,14,0,14
2933037223,14,0,14
2937602114,14,3,17
2938879381,14,0,14
2939883742,14,0,14
2942713684,14,2,16
2946166619,14,0,14
2947982368,14,1,15
2951888973,14,1,15
2954067070,14,1,15
2955193089,14,0,14
2955223171,14,13,27
2956907564,14,2,16
2964667680,14,0,14
2972490881,14,0,14
2975236341,14,0,14
2980158591,14,1,15
2983061616,14,3,17
2988875170,14,3,17
2989202299,14,0,14
2990492520,14,0,14
2993751669,14,1,15
2996908511,14,0,14
3000570031,14,0,14
3000731108,14,2,16
3003941690,14,0,14
3005967147,14,0,14
3006066894,14,8,22
3008255957,14,0,14
3008563219,14,0,14
3011102368,14,0,14
3014458142,14,0,14
3018866593,14,0,14
3019066734,14,1,15
3030014077,14,2,16
3037406240,14,0,14
3045451903,14,18,32
3063768839,14,3,17
3064998581,14,0,14
3068623383,14,3,17
3069068019,14,6,20
3073654150,14,23,37
3074892055,14,1,15
3079986094,14,14,28
3081438934,14,2,16
3082377461,14,1,15
3100150554,14,12,26
3100782233,14,2,16
3100971154,14,0,14
3103685384,14,1,15
3123219290,14,2,16
3131055521,14,0,14
3138234121,14,0,14
3148364235,14,0,14
3153884493,14,0,14
3155384017,14,0,14
3160723585,14,0,14
3162335712,14,0,14
3166191012,14,0,14
3178468062,14,2,16
3183258223,14,0,14
3184361426,14,3,17
3187327858,14,0,14
3189260718,14,0,14
3194409189,14,1,15
3207634137,14,0,14
3207769199,14,0,14
3219825611,14,1,15
3221601313,14,0,14
3232420087,14,0,14
3233132948,14,0,14
3235942168,14,1,15
3239371518,14,6,20
3240977187,14,1,15
3242282423,14,1,15
3243269196,14,0,14
3279142772,14,3,17
3282712128,14,1,15
3283630650,14,0,14
3291037459,14,1,15
3291287113,14,5,19
3294568307,14,1,15
3295676167,14,0,14
3297251422,14,0,14
3298014613,14,1,15
3298498828,14,0,14
3301554829,14,3,17
3303947876,14,1,15
3304835283,14,0,14
3306461020,14,0,14
3308399474,14,1,15
3309644628,14,0,14
3310410181,14,2,16
3311261335,14,1,15
3317433083,14,0,14
3321587954,14,1,15
3323028668,14,0,14
3333449173,14,2,16
3344459109,14,0,14
3346461694,14,0,14
3346524075,14,1,15
3347124562,14,0,14
3350050792,14,0,14
3358476593,14,0,14
3360093633,14,0,14
3363921843,14,3,17
3367588869,14,0,14
3367878088,14,0,14
3368305144,14,0,14
3373014359,14,0,14
3379313458,14,1,15
3391988373,14,0,14
3395654357,14,2,16
3398815755,14,0,14
3403248579,14,1,15
3406519702,14,1,15
3408690993,14,28,42
3409683004,14,0,14
3435157629,14,0,14
3437392077,14,2,16
3482749164,14,2,16
3485534236,14,2,16
3525808576,14,0,14
3529147343,14,5,19
3581776997,14,1,15
3602468956,14,2,16
3619706593,14,0,14
3632508195,14,0,14
3634721415,14,0,14
3643611973,14,0,14
3649970475,14,1,15
3666323838,14,7,21
3675797296,14,0,14
3677884220,14,0,14
3690573735,14,0,14
3712288516,14,1,15
3724326737,14,2,16
3742798042,14,2,16
3761801717,14,1,15
3802200040,14,0,14
3817655326,14,2,16
3819802282,14,0,14
3829170972,14,1,15
3837450274,14,2,16
3858734717,14,2,16
3864687866,14,10,24
3866393207,14,1,15
3874205379,14,1,15
3899549477,14,2,16
3949891877,14,3,17
3950800875,14,2,16
3951736702,14,0,14
3957513999,14,1,15
3962047102,14,0,14
3973738272,14,2,16
3995400639,14,2,16
4017653352,14,88,102
4039099932,14,1,15
4039210060,14,0,14
4051791192,14,1,15
4053440711,14,0,14
4063081753,14,1,15
4068383237,14,0,14
4087431493,14,0,14
4103200533,14,0,14
4161055163,14,4,18
4164502153,14,1,15
4180119742,14,0,14
4194326488,14,2,16
4204555638,14,1,15
4207060932,14,0,14
4330019413,14,3,17
4350976092,14,0,14
4352845293,14,7,21
4363087155,14,1,15
4370418312,14,2,16
4376979677,14,0,14
4400176468,14,2,16
4408824333,14,0,14
4413836909,14,0,14
4416069678,14,0,14
4441613267,14,1,15
4481454492,14,0,14
4493661761,14,0,14
4496706159,14,2,16
4498209202,14,0,14
4499581109,14,0,14
4518391693,14,0,14
4528626621,14,0,14
4566979040,14,0,14
4590937817,14,2,16
4591029915,14,0,14
4593518204,14,1,15
4615390939,14,1,15
4644373213,14,2,16
4662662179,14,0,14
4702004719,14,4,18
4706351601,14,0,14
4711674644,14,7,21
4756663196,14,0,14
4771480634,14,0,14
4779482532,14,4,18
4790236097,14,0,14
4824474133,14,1,15
4827134799,14,0,14
4835568794,14,1,15
4839404062,14,0,14
4839919690,14,0,14
4847039181,14,1,15
4854483518,14,0,14
4855787066,14,0,14
4859475975,14,46,60
4865162691,14,1,15
4870727583,14,0,14
4871295767,14,1,15
4885723893,14,0,14
4886039295,14,0,14
4893678659,14,0,14
4900516826,14,2,16
4909154777,14,5,19
4911156555,14,3,17
4916553442,14,2,16
697831925730275329,14,0,14
700494913939484673,14,0,14
701463454331199489,14,0,14
701958702996267008,14,4,18
703013046910914561,14,0,14
703214955948969984,14,3,17
703260703176708096,14,0,14
703553180710244352,14,1,15
703884431745032194,14,0,14
704030468467916800,14,0,14
704119598845538305,14,0,14
704615650065383424,14,10,24
704732069054779392,14,2,16
704772620734992384,14,0,14
705086052680077312,14,1,15
706096756996620288,14,0,14
706780549994586112,14,2,16
707038140289183744,14,0,14
707293752629415936,14,0,14
707357024032403456,14,0,14
707607797266030592,14,1,15
708334243508850688,14,4,18
709174821033119744,14,33,47
709244675555790848,14,0,14
709262824372117504,14,0,14
709388957046280192,14,0,14
710233103910903808,14,0,14
711226664680865792,14,14,28
711228940833017856,14,1,15
711236005357957121,14,0,14
711255241581326337,14,0,14
711259174475272193,14,0,14
711309436858589189,14,0,14
711649223427563520,14,0,14
711938990702764033,14,0,14
711950561097048067,14,1,15
712386271037890561,14,0,14
712760109571514368,14,2,16
712862315574599682,14,5,19
713141248207556609,14,0,14
713295152408870912,14,0,14
713798530503020544,14,0,14
713896360471166977,14,0,14
714177881111445505,14,2,16
714606155083816960,14,0,14
715445893810368512,14,98,112
715566876856700929,14,2,16
715608695996960770,14,0,14
715954031361990656,14,1,15
717864675283767296,14,0,14
718515884172533760,14,0,14
719022564245278721,14,2,16
719028209916973056,14,0,14
721563885325553665,14,1,15
722835579025625088,14,0,14
725783439572496384,14,1,15
725859719945019396,14,0,14
726068157501333504,14,2,16
726608406560169984,14,2,16
728286360159817729,14,6,20
729144507975917570,14,0,14
730173433326260225,14,2,16
731537041272406016,14,1,15
731615474115612672,14,0,14
732043925481914368,14,0,14
732353954424578048,14,1,15
733914596960964609,14,12,26
734167499722264577,14,0,14
734458815874269186,14,6,20
735240327334875137,14,0,14
735300837942034432,14,0,14
736219370376990724,14,1,15
738198103455617025,14,1,15
738246051736391684,14,3,17
738379610728062977,14,0,14
738382430332063745,14,16,30
738877233243119617,14,3,17
738880258204569600,14,0,14
738926039670214657,14,0,14
739285918310223872,14,0,14
740162910068973569,14,2,16
740302853974167555,14,3,17
741353028582674433,14,5,19
742149367562264576,14,0,14
742150814467166208,14,1,15
742805967260274688,14,2,16
742854047716151296,14,0,14
743295682295930880,14,0,14
743491001013141504,14,1,15
743886917507309568,14,1,15
743932579313639424,14,0,14
744363167644450817,14,0,14
744631682339332101,14,5,19
744635169097846784,14,0,14
744944593947471872,14,0,14
744966560188555265,14,0,14
745343360722833409,14,3,17
745361580909461509,14,1,15
745699859169165312,14,74,88
746156359683440640,14,1,15
746723082837057537,14,0,14
747098475289022465,14,0,14
747145740481347585,14,0,14
747890424526798849,14,1,15
748863183855710208,14,8,22
748904561058967552,14,5,19
749405905393885184,14,49,63
749668298984333312,14,0,14
749945237267775488,14,0,14
750366840946167808,14,0,14
750430322618015744,14,2,16
750565450602414084,14,0,14
750765023916650497,14,0,14
751163395013906432,14,5,19
751269296706195456,14,1,15
751528100018741252,14,0,14
751551835039760384,14,5,19
751592454290337792,14,0,14
752281899880607744,14,0,14
752729781972574208,14,0,14
752868667596083200,14,6,20
753625678617116672,14,0,14
753822497514991618,14,0,14
753904169870827520,14,1,15
755401879396360192,14,0,14
755423363439464448,14,1,15
755443768527036416,14,0,14
755863004147773441,14,2,16
756166429838225409,14,2,16
756182570598035456,14,2,16
756351757509353472,14,0,14
756562164350087169,14,32,46
756645604370092032,14,1,15
756655385914773504,14,1,15
756659591832866817,14,6,20
756695231697915904,14,2,16
756789529135108096,14,0,14
757041854126891008,14,0,14
757335446246621185,14,0,14
757487756314566657,14,2,16
757684461630660608,14,0,14
757705510430842881,14,0,14
757769978909188096,14,1,15
758373895871336449,14,0,14
758750903234998272,14,1,15
759001649528475648,14,0,14
759052119185895424,14,3,17
759176720968736768,14,1,15
759718140867665920,14,3,17
760115447119224832,14,3,17
760194196175073280,14,1,15
760373671236173824,14,0,14
760455562727391233,14,0,14
760532902970925057,14,0,14
760840313099264000,14,0,14
761580708988981250,14,2,16
762746289029206016,14,0,14
762777547142758400,14,2,16
763346742951772160,14,0,14
763793997462659072,14,0,14
763931106869522435,14,0,14
764091814060122112,14,0,14
764377889072553985,14,0,14
764835662382133249,14,0,14
765517019407982593,14,0,14
765711609691906048,14,1,15
767018223858483200,14,2,16
767938862534553600,14,31,45
768528699800981504,14,3,17
768990686922301440,14,0,14
769261380616749057,14,0,14
770125549385711617,14,0,14
771364592266141696,14,0,14
771563682262241280,14,1,15
772232811856093184,14,0,14
772775652277817344,14,0,14
773611653686554624,14,1,15
774099479716765698,14,0,14
774761232473681920,14,0,14
774770401234726912,14,1,15
774808198322593794,14,0,14
775039639782563841,14,0,14
775423080776687617,14,0,14
777266308480139264,14,0,14
777878638511489024,14,1,15
778779437315698688,14,1,15
778954490200354816,14,1,15
779334883399172096,14,2,16
779676595510317056,14,0,14
779745441990713347,14,1,15
780191049637588992,14,2,16
780231318764388352,14,1,15
780831622035705856,14,0,14
781222611527139328,14,1,15
781444941130166272,14,0,14
781588177098252288,14,2,16
781861172970557440,14,0,14
782534268991877120,14,0,14
783478419027787776,14,1,15
783822221579911168,14,0,14
784412479627472896,14,2,16
784413017752670208,14,0,14
784814872009838592,14,0,14
784950270853873664,14,0,14
785169473481285632,14,0,14
785313552231829505,14,2,16
785740650540961793,14,0,14
785904499764396032,14,0,14
785914297524236289,14,1,15
785995659207806976,14,2,16
786320407867432961,14,0,14
786341891117809665,14,0,14
786349641633665025,14,0,14
786559120673570817,14,0,14
786575753416695808,14,0,14
787243415708823552,14,0,14
787427214140723202,14,5,19
787676543149568000,14,1,15
788094759734644740,14,0,14
788392607692890112,14,0,14
788740033683619841,14,0,14
788756372317933572,14,1,15
789622455732011008,14,0,14
790360625058816000,14,2,16
790687525794820096,14,1,15
790743321912102912,14,0,14
790784952652759040,14,0,14
791321727892463616,14,0,14
791740268617707520,14,1,15
791830478600843264,14,16,30
792069467878588416,14,1,15
792382820727398400,14,5,19
792930170013306880,14,0,14
792949378218459136,14,0,14
793841732202864640,14,0,14
794049387085242370,14,2,16
794308208663752704,14,0,14
795776679301902336,14,0,14
795892689833250816,14,0,14
796002224560373760,14,1,15
796062129325363200,14,0,14
796312014285115392,14,0,14
796432427925311488,14,1,15
796753331779670018,14,0,14
796862816246341632,14,0,14
797472038675972096,14,0,14
797544507487227904,14,2,16
809495147046170624,14,1,15
7439352,13,1,14
11783502,13,20,33
13189422,13,81,94
14073052,13,1,14
14170285,13,1,14
14170924,13,1,14
14326865,13,9,22
14340761,13,0,13
14524566,13,37,50
14563368,13,0,13
14761282,13,8,21
14794913,13,7,20
14968524,13,0,13
15420797,13,0,13
15518855,13,4,17
15809449,13,2,15
15880390,13,26,39
15909404,13,0,13
15936831,13,0,13
16118314,13,2,15
16121820,13,1,14
16275311,13,2,15
16371593,13,0,13
16659187,13,24,37
16831827,13,1,14
17113333,13,36,49
17214980,13,2,15
17278992,13,14,27
17426310,13,38,51
17427218,13,14,27
17597031,13,13,26
17614726,13,7,20
17688757,13,3,16
17875557,13,6,19
17895921,13,1,14
17953982,13,4,17
17997831,13,0,13
18027048,13,0,13
18060283,13,3,16
18119582,13,1,14
18122583,13,119,132
18184729,13,3,16
18267131,13,15,28
18364496,13,2,15
18565672,13,2,15
18777782,13,0,13
19052100,13,0,13
19084896,13,5,18
19101867,13,31,44
19141948,13,39,52
19163142,13,16,29
19178811,13,2,15
19216617,13,9,22
19272707,13,1,14
19420419,13,0,13
19665440,13,6,19
19722723,13,13,26
19819733,13,4,17
19863866,13,3,16
20115368,13,43,56
20274806,13,0,13
20593946,13,0,13
20757381,13,0,13
20837206,13,0,13
21002422,13,1,14
21213421,13,0,13
21603901,13,0,13
21789755,13,0,13
21839927,13,0,13
22230285,13,0,13
22375545,13,4,17
22477910,13,0,13
22524716,13,1,14
22614415,13,2,15
22634280,13,2,15
22902652,13,6,19
23123275,13,27,40
23139337,13,0,13
23362545,13,2,15
23537344,13,2,15
24035161,13,8,21
24092727,13,1,14
24122825,13,0,13
24173738,13,58,71
24229371,13,1,14
24382532,13,0,13
24466497,13,0,13
24674159,13,0,13
24734660,13,0,13
24924077,13,0,13
24972610,13,0,13
25026363,13,0,13
25035164,13,1,14
25359850,13,0,13
25366108,13,0,13
25727872,13,0,13
25766709,13,0,13
25854943,13,0,13
25878710,13,0,13
25938388,13,1,14
26120406,13,1,14
26205329,13,1,14
26501472,13,0,13
26549550,13,0,13
26694773,13,1,14
26702253,13,5,18
26876136,13,1,14
27066548,13,0,13
27281124,13,0,13
27413165,13,0,13
27437359,13,1,14
27452032,13,0,13
27662295,13,48,61
27894377,13,0,13
27941422,13,0,13
27968672,13,91,104
28137091,13,1,14
28450531,13,37,50
28581993,13,0,13
28602340,13,3,16
28615971,13,1,14
28847899,13,55,68
28958495,13,0,13
29493642,13,1,14
29699124,13,0,13
29746168,13,0,13
29913890,13,3,16
30675595,13,2,15
30760653,13,0,13
30850133,13,1,14
31158873,13,0,13
31219558,13,1,14
31296988,13,0,13
31321976,13,1,14
31351471,13,0,13
31623445,13,0,13
31627144,13,7,20
31727602,13,0,13
32068770,13,0,13
32138442,13,0,13
32587634,13,120,133
33260951,13,1,14
33762777,13,0,13
34181213,13,3,16
34953508,13,0,13
35033756,13,0,13
36246810,13,0,13
36545100,13,53,66
36732789,13,1,14
36759251,13,0,13
36775802,13,0,13
37375268,13,0,13
37410763,13,0,13
37497836,13,1,14
38109190,13,0,13
38182445,13,23,36
38441022,13,1,14
39195666,13,0,13
39260727,13,0,13
39675274,13,0,13
39737021,13,0,13
40204783,13,1,14
40336955,13,32,45
40740614,13,0,13
40879151,13,0,13
40991765,13,117,130
41391501,13,1,14
42291075,13,130,143
42431958,13,0,13
42440843,13,5,18
42744368,13,2,15
42979713,13,1,14
44075260,13,8,21
44626786,13,0,13
45032017,13,1,14
45770282,13,2,15
46296116,13,0,13
46378571,13,1,14
46446488,13,3,16
46688887,13,0,13
46930158,13,1,14
47733149,13,1,14
48056728,13,1,14
48215218,13,41,54
48258928,13,87,100
48486244,13,0,13
48520727,13,71,84
48691703,13,0,13
48723457,13,1,14
49203495,13,6,19
49367691,13,1,14
49551962,13,33,46
49875775,13,0,13
50057841,13,4,17
51241418,13,22,35
51607692,13,2,15
52385325,13,0,13
52472589,13,1,14
53283278,13,28,41
53442496,13,5,18
54426629,13,1,14
54713427,13,4,17
55937386,13,0,13
55993133,13,1,14
56076496,13,0,13
57174231,13,2,15
57762831,13,3,16
57800770,13,5,18
58073153,13,2,15
58174783,13,1,14
58684655,13,3,16
60426701,13,1,14
60467856,13,1,14
60994106,13,2,15
62885484,13,4,17
63624411,13,0,13
63820326,13,18,31
64595423,13,0,13
65071335,13,1,14
67120640,13,3,16
67781252,13,0,13
68810928,13,7,20
69412801,13,1,14
69874367,13,1,14
69982557,13,0,13
70292462,13,11,24
71918006,13,0,13
72082974,13,0,13
72414244,13,0,13
73521580,13,4,17
74144130,13,1,14
74381900,13,1,14
74641039,13,0,13
75087004,13,101,114
75093850,13,0,13
75436954,13,0,13
77001975,13,0,13
77155938,13,1,14
78975358,13,4,17
81209043,13,0,13
82714485,13,1,14
83530948,13,0,13
84755746,13,0,13
85117657,13,41,54
85997303,13,1,14
86123044,13,407,420
86463993,13,0,13
86997733,13,0,13
87581072,13,0,13
88186734,13,0,13
90712626,13,0,13
91269109,13,15,28
91767511,13,0,13
92157633,13,23,36
92622448,13,2,15
92859297,13,2,15
93566460,13,0,13
95002936,13,0,13
95105360,13,0,13
95185323,13,0,13
95705320,13,0,13
96312731,13,2,15
96849429,13,0,13
100351450,13,2,15
101115655,13,0,13
101532348,13,99,112
102272757,13,2,15
102418398,13,1,14
104032955,13,0,13
104275768,13,0,13
104393674,13,2,15
106724705,13,0,13
107851409,13,0,13
108691767,13,0,13
108829833,13,8,21
110192074,13,1,14
112010839,13,0,13
117197740,13,0,13
117625714,13,0,13
118406943,13,1,14
120618787,13,2,15
121182080,13,0,13
122376915,13,0,13
123666193,13,1,14
124046612,13,0,13
127248799,13,0,13
128604687,13,164,177
128739038,13,28,41
129879392,13,0,13
132911028,13,1,14
134545906,13,0,13
135065451,13,1,14
135139643,13,0,13
136432427,13,5,18
138275643,13,0,13
138579487,13,1,14
138697598,13,29,42
139217461,13,0,13
139612874,13,12,25
140639817,13,30,43
140894915,13,1,14
141710222,13,0,13
141834186,13,5,18
143103749,13,7,20
144206754,13,87,100
145962822,13,2,15
146535286,13,0,13
147723974,13,4,17
148185803,13,1,14
150486258,13,1,14
151336313,13,26,39
153258537,13,0,13
153590959,13,4,17
156285331,13,4,17
157504533,13,0,13
157816284,13,0,13
159094719,13,12,25
159294634,13,0,13
160134655,13,1,14
160357324,13,0,13
161805706,13,0,13
164124057,13,1,14
164749328,13,1,14
164910933,13,2,15
166713322,13,1,14
167063209,13,0,13
167383354,13,0,13
168281661,13,6,19
170739009,13,1,14
171399275,13,1,14
174523869,13,2,15
175374379,13,0,13
175467265,13,2,15
176824864,13,0,13
178124513,13,0,13
180668126,13,0,13
180936015,13,14,27
181228776,13,2,15
181356930,13,4,17
185568256,13,1,14
186413830,13,0,13
186467957,13,1,14
189042188,13,89,102
190773151,13,0,13
192398928,13,0,13
193822911,13,10,23
196848112,13,1,14
197265148,13,0,13
197541888,13,9,22
198646174,13,0,13
199470192,13,1,14
199674129,13,1,14
205414077,13,0,13
205823356,13,0,13
207638718,13,1,14
209673508,13,5,18
210998305,13,1,14
212615359,13,0,13
212769991,13,106,119
214598256,13,0,13
215995013,13,0,13
217258486,13,1,14
217456017,13,0,13
217834196,13,1,14
218252857,13,1,14
218747317,13,1,14
221115739,13,0,13
221748931,13,0,13
221810111,13,0,13
222387441,13,1,14
222560613,13,0,13
223190592,13,1,14
225444173,13,3,16
225907026,13,0,13
228550101,13,2,15
228718122,13,0,13
228801227,13,0,13
229711660,13,0,13
230987397,13,3,16
231079847,13,9,22
232084770,13,0,13
232202108,13,24,37
232851192,13,51,64
232932541,13,4,17
235443172,13,0,13
236205140,13,7,20
236983092,13,0,13
237587916,13,1,14
237862156,13,15,28
240555684,13,44,57
240682764,13,0,13
241981136,13,3,16
242874600,13,23,36
243317260,13,2,15
245004972,13,1,14
245780164,13,0,13
246570558,13,0,13
246992639,13,1,14
247072211,13,0,13
247987019,13,0,13
249332641,13,2,15
250289744,13,1,14
250964031,13,9,22
252351846,13,0,13
253257813,13,73,86
255791158,13,2,15
256250696,13,0,13
256704936,13,1,14
257531308,13,0,13
258631265,13,4,17
258647920,13,11,24
259356333,13,2,15
259362322,13,0,13
259485957,13,1,14
260848405,13,46,59
261932596,13,0,13
262226227,13,1,14
263335079,13,4,17
263385908,13,1,14
264050862,13,5,18
264992286,13,2,15
265852096,13,0,13
266106751,13,0,13
266721397,13,0,13
267759071,13,2,15
268959807,13,1,14
268984962,13,0,13
271093564,13,0,13
271828234,13,0,13
274700845,13,0,13
274747288,13,4,17
275483015,13,1,14
278717550,13,0,13
280235129,13,1,14
280451091,13,22,35
280646623,13,0,13
280816894,13,1,14
281326832,13,0,13
286760617,13,0,13
287260619,13,2,15
291634634,13,0,13
292660557,13,7,20
294843986,13,0,13
296402033,13,0,13
297094087,13,1,14
298646188,13,0,13
298997025,13,121,134
301543744,13,0,13
306977257,13,0,13
307758952,13,0,13
308613652,13,0,13
308697957,13,2,15
310033671,13,3,16
314324297,13,0,13
316091496,13,0,13
316788214,13,5,18
317227020,13,0,13
318719834,13,0,13
320682437,13,0,13
321714710,13,0,13
321900940,13,1,14
324312716,13,0,13
324888907,13,1,14
326152929,13,0,13
326261271,13,1,14
326872938,13,0,13
328031388,13,0,13
331096788,13,73,86
331247872,13,34,47
332954364,13,0,13
333597356,13,0,13
333617720,13,0,13
335006147,13,0,13
335341470,13,0,13
335347855,13,0,13
339447195,13,5,18
340145013,13,0,13
340898041,13,1,14
342480764,13,3,16
342737639,13,0,13
342780479,13,3,16
343579122,13,0,13
345629680,13,0,13
349228040,13,0,13
351025262,13,1,14
355092961,13,1,14
358916954,13,0,13
358972147,13,2,15
360373188,13,0,13
361545699,13,0,13
363240308,13,67,80
363343129,13,0,13
366110782,13,3,16
367812846,13,0,13
368146460,13,0,13
369817189,13,1,14
370708942,13,2,15
371903299,13,0,13
374019355,13,0,13
374775473,13,2,15
375709212,13,0,13
377061609,13,2,15
377628601,13,0,13
380376280,13,0,13
381070733,13,19,32
384462620,13,0,13
385502831,13,1,14
385606496,13,0,13
386208188,13,0,13
387201661,13,0,13
387337095,13,0,13
391076532,13,0,13
391845644,13,0,13
393002630,13,1,14
393469195,13,6,19
394321115,13,0,13
397066908,13,0,13
397585567,13,0,13
398400514,13,2,15
398932680,13,0,13
400081361,13,3,16
401638876,13,42,55
406443172,13,1,14
408756567,13,1,14
408947366,13,2,15
409500841,13,2,15
411127156,13,0,13
412433785,13,0,13
413583598,13,0,13
414207033,13,0,13
415272771,13,0,13
415519370,13,0,13
416586428,13,3,16
418105123,13,1,14
418653695,13,31,44
419851690,13,2,15
421616276,13,80,93
424659720,13,0,13
425242899,13,0,13
427735173,13,2,15
427873707,13,2,15
429146543,13,0,13
431232780,13,0,13
435099091,13,0,13
435529332,13,43,56
438208553,13,1,14
438741589,13,0,13
443318003,13,2,15
443346137,13,0,13
445966346,13,19,32
446244671,13,0,13
446305805,13,1,14
446946729,13,0,13
450138864,13,2,15
451624015,13,1,14
454544636,13,0,13
455463026,13,2,15
455993785,13,1,14
456235676,13,3,16
457998446,13,1,14
458882421,13,1,14
460245074,13,0,13
460306596,13,0,13
460721761,13,0,13
462167988,13,1,14
468009701,13,0,13
469485790,13,1,14
469708044,13,4,17
474428104,13,0,13
474609984,13,0,13
475105475,13,1,14
475357022,13,0,13
479114898,13,6,19
480627662,13,0,13
482058157,13,0,13
484119725,13,2,15
484392100,13,0,13
487751114,13,0,13
488580338,13,4,17
490358055,13,0,13
491472275,13,4,17
493647991,13,0,13
493799966,13,0,13
495675076,13,0,13
497548528,13,0,13
498104181,13,0,13
498533521,13,0,13
503888136,13,0,13
513336010,13,3,16
513957463,13,0,13
514928516,13,2,15
518023834,13,1,14
521860025,13,3,16
526543401,13,0,13
526838156,13,0,13
527007725,13,1,14
529544659,13,6,19
529559476,13,2,15
532336532,13,1,14
532727261,13,3,16
533356814,13,3,16
533359010,13,0,13
534622823,13,26,39
534667698,13,2,15
540725011,13,0,13
543100520,13,0,13
546949422,13,0,13
547177001,13,0,13
548808008,13,3,16
549438168,13,0,13
550161898,13,0,13
550481330,13,0,13
552074490,13,2,15
553385067,13,7,20
554223333,13,0,13
556075679,13,2,15
556193280,13,0,13
561080358,13,4,17
561152916,13,0,13
561693655,13,0,13
562661529,13,0,13
565950438,13,1,14
568468004,13,0,13
568678633,13,1,14
569163929,13,0,13
570291143,13,0,13
574558983,13,3,16
580546410,13,0,13
581361410,13,0,13
582158237,13,0,13
587086805,13,5,18
594977106,13,2,15
595113982,13,3,16
595779264,13,0,13
595802967,13,2,15
599857189,13,51,64
600447667,13,0,13
603069068,13,0,13
604749728,13,0,13
606565180,13,0,13
608387419,13,7,20
608797619,13,0,13
610554846,13,0,13
611683512,13,0,13
616290540,13,1,14
618979636,13,0,13
626152233,13,5,18
630263091,13,0,13
632028989,13,0,13
632451267,13,0,13
633642303,13,5,18
634786832,13,0,13
635772687,13,0,13
636021954,13,1,14
636192957,13,2,15
705980383,13,0,13
711906041,13,0,13
716359009,13,0,13
723447702,13,2,15
724305529,13,0,13
728693384,13,2,15
734898031,13,0,13
744878689,13,1,14
755950314,13,0,13
763898126,13,0,13
765008965,13,1,14
766729603,13,1,14
787532041,13,0,13
789498620,13,0,13
790903590,13,0,13
794177658,13,1,14
800649050,13,0,13
800847230,13,0,13
804056125,13,33,46
809743100,13,0,13
809841650,13,2,15
810898260,13,4,17
820222220,13,0,13
822400398,13,4,17
823253312,13,0,13
823776234,13,3,16
824410974,13,2,15
829881631,13,23,36
831501763,13,0,13
837792786,13,0,13
844562467,13,1,14
844631388,13,12,25
845501731,13,1,14
845997336,13,2,15
851512388,13,20,33
859116272,13,29,42
860567124,13,2,15
860678558,13,86,99
862074955,13,2,15
863268762,13,2,15
865538113,13,6,19
870662736,13,0,13
874698217,13,2,15
877012760,13,0,13
878330492,13,0,13
884877037,13,0,13
889712364,13,2,15
892355978,13,22,35
894381348,13,0,13
898911343,13,0,13
901039452,13,1,14
910332056,13,5,18
920154038,13,0,13
923641921,13,1,14
924519457,13,6,19
930890593,13,15,28
932493572,13,0,13
937935620,13,0,13
954254209,13,0,13
954749178,13,2,15
961486051,13,21,34
977524813,13,164,177
986001565,13,3,16
988031065,13,2,15
993375716,13,1,14
1002428413,13,0,13
1002952122,13,0,13
1025614039,13,0,13
1056565525,13,0,13
1067148937,13,1,14
1067226835,13,0,13
1071924378,13,0,13
1078347888,13,1,14
1080360157,13,0,13
1084264573,13,18,31
1086940165,13,0,13
1091158724,13,0,13
1093676077,13,2,15
1096634354,13,0,13
1099211917,13,0,13
1105925390,13,0,13
1109489928,13,4,17
1109531767,13,3,16
1113699042,13,0,13
1124793164,13,14,27
1125200126,13,2,15
1138786148,13,2,15
1142632076,13,2,15
1143762104,13,1,14
1146803324,13,4,17
1158014083,13,2,15
1160139679,13,0,13
1175522263,13,6,19
1190170914,13,0,13
1199134992,13,0,13
1201588993,13,0,13
1206798049,13,1,14
1210093458,13,2,15
1214588815,13,1,14
1230987930,13,0,13
1234512097,13,0,13
1236465925,13,18,31
1236599971,13,0,13
1244408377,13,55,68
1246197373,13,0,13
1246461865,13,1,14
1247829421,13,1,14
1263818557,13,0,13
1268309995,13,2,15
1269230888,13,0,13
1283991870,13,0,13
1285470354,13,1,14
1289936286,13,1,14
1328073102,13,0,13
1330960597,13,0,13
1332710534,13,1,14
1337191410,13,1,14
1338970938,13,0,13
1350525013,13,0,13
1364473080,13,2,15
1366586622,13,1,14
1368782430,13,3,16
1372525938,13,0,13
1377105552,13,0,13
1377251935,13,0,13
1388082097,13,1,14
1403922198,13,24,37
1423636519,13,0,13
1442153910,13,1,14
1456065164,13,0,13
1476160183,13,0,13
1494071780,13,20,33
1496521154,13,0,13
1507311499,13,0,13
1521839923,13,1,14
1546182913,13,0,13
1549163946,13,54,67
1553784145,13,0,13
1557946734,13,62,75
1565949176,13,0,13
1566650000,13,173,186
1577809932,13,1,14
1591246537,13,4,17
1604622487,13,1,14
1611381841,13,2,15
1621733996,13,1,14
1630857529,13,3,16
1646145848,13,21,34
1646552162,13,2,15
1648119618,13,0,13
1668150649,13,23,36
1686241021,13,19,32
1713975984,13,0,13
1719118620,13,1,14
1720135123,13,0,13
1726482864,13,0,13
1772912448,13,1,14
1892321022,13,1,14
1901850828,13,1,14
1902708264,13,1,14
1905450626,13,1,14
1918405448,13,0,13
1932827204,13,3,16
1933259448,13,51,64
1935526057,13,0,13
1949094570,13,1,14
1952905440,13,117,130
1961222886,13,0,13
1964237336,13,1,14
1972140308,13,4,17
1976922576,13,1,14
2149722708,13,3,16
2151953562,13,36,49
2152372657,13,0,13
2157985906,13,1,14
2165541865,13,1,14
2167450238,13,0,13
2170659260,13,0,13
2173482021,13,0,13
2176147428,13,0,13
2180954007,13,0,13
2186713040,13,0,13
2187994738,13,1,14
2189467173,13,0,13
2198799080,13,0,13
2201702179,13,3,16
2204987781,13,0,13
2205307702,13,0,13
2206911420,13,0,13
2207780696,13,1,14
2207810264,13,0,13
2207983856,13,24,37
2219308640,13,0,13
2219634163,13,6,19
2223970000,13,0,13
2224269474,13,2,15
2231715235,13,10,23
2235136839,13,0,13
2244273308,13,0,13
2251173986,13,0,13
2251196504,13,0,13
2257182600,13,1,14
2257188564,13,17,30
2258935390,13,0,13
2259421699,13,0,13
2261566189,13,1,14
2262117780,13,1,14
2273970641,13,1,14
2278047080,13,0,13
2290095248,13,1,14
2297047892,13,0,13
2301712239,13,3,16
2302134103,13,1,14
2303913996,13,39,52
2305243058,13,1,14
2305350474,13,0,13
2314105303,13,1,14
2319973422,13,2,15
2324711184,13,1,14
2327757307,13,0,13
2335700454,13,0,13
2338352352,13,0,13
2341991868,13,0,13
2345943294,13,1,14
2350372873,13,0,13
2361048439,13,0,13
2365035804,13,0,13
2369044532,13,0,13
2371258508,13,1,14
2380910684,13,3,16
2382503989,13,0,13
2388542496,13,1,14
2392754617,13,0,13
2393239022,13,1,14
2416161665,13,1,14
2416290745,13,8,21
2417849328,13,67,80
2418948093,13,3,16
2420878274,13,0,13
2421258722,13,1,14
2421366896,13,0,13
2426812660,13,0,13
2434317325,13,3,16
2437572073,13,0,13
2438680456,13,0,13
2444893800,13,0,13
2445575938,13,0,13
2451788305,13,0,13
2454097038,13,0,13
2460655577,13,0,13
2465019278,13,1,14
2466984685,13,0,13
2476744728,13,1,14
2481255624,13,29,42
2486429757,13,0,13
2492252882,13,1,14
2493065016,13,1,14
2508309150,13,0,13
2509636747,13,0,13
2511333536,13,1,14
2518142015,13,2,15
2522358388,13,0,13
2528078443,13,0,13
2536714351,13,0,13
2544315597,13,1,14
2551359792,13,1,14
2558835048,13,1,14
2561267025,13,1,14
2561274363,13,0,13
2569356161,13,5,18
2570958510,13,3,16
2581221601,13,0,13
2612559980,13,1,14
2614957939,13,0,13
2621907359,13,0,13
2637146391,13,0,13
2638607271,13,1,14
2641233545,13,0,13
2650788296,13,5,18
2653335268,13,1,14
2656183728,13,1,14
2667470454,13,52,65
2677776884,13,0,13
2678256842,13,0,13
2680194549,13,10,23
2681304936,13,0,13
2687852175,13,0,13
2693424380,13,0,13
2695616874,13,0,13
2712817529,13,3,16
2718436656,13,0,13
2718810483,13,1,14
2722320954,13,2,15
2730558604,13,72,85
2737455611,13,0,13
2740220411,13,0,13
2745748828,13,0,13
2752967992,13,2,15
2755264862,13,0,13
2759740097,13,0,13
2775080270,13,1,14
2780360712,13,0,13
2781126390,13,3,16
2782468024,13,1,14
2793276151,13,40,53
2797375422,13,0,13
2812745721,13,2,15
2816034688,13,0,13
2816389687,13,0,13
2836678822,13,0,13
2837515466,13,0,13
2840507843,13,0,13
2840899226,13,0,13
2841652475,13,2,15
2842156169,13,0,13
2845009334,13,1,14
2853761597,13,3,16
2858905800,13,0,13
2863386137,13,38,51
2865603940,13,0,13
2867210533,13,0,13
2867978738,13,0,13
2868489318,13,0,13
2869837616,13,1,14
2872541276,13,0,13
2873852461,13,3,16
2883604951,13,4,17
2887457763,13,0,13
2890676769,13,0,13
2892113915,13,2,15
2904707494,13,0,13
2915019196,13,0,13
2916046923,13,0,13
2918039334,13,0,13
2920580201,13,0,13
2923742921,13,0,13
2934382038,13,0,13
2937726345,13,0,13
2940545469,13,0,13
2944416396,13,0,13
2946470248,13,1,14
2956321963,13,1,14
2966484359,13,9,22
2969477171,13,0,13
2970815432,13,1,14
2980539639,13,0,13
2983208653,13,1,14
2983247831,13,0,13
2985068335,13,0,13
3009017174,13,1,14
3012484640,13,0,13
3015769570,13,0,13
3018534915,13,2,15
3033239928,13,0,13
3036763592,13,0,13
3042192534,13,0,13
3042332424,13,0,13
3044549208,13,5,18
3045102860,13,0,13
3048128511,13,1,14
3058453790,13,1,14
3068159657,13,3,16
3074028617,13,0,13
3079257360,13,1,14
3083319637,13,4,17
3098964876,13,0,13
3106787658,13,0,13
3109639241,13,0,13
3115514453,13,0,13
3120799914,13,1,14
3122063347,13,18,31
3128019132,13,0,13
3138055501,13,0,13
3142131231,13,0,13
3153115992,13,3,16
3161255514,13,3,16
3168258530,13,0,13
3170722166,13,0,13
3171860673,13,1,14
3187439772,13,2,15
3188095939,13,0,13
3188210995,13,1,14
3192554636,13,7,20
3198294457,13,0,13
3211507067,13,1,14
3216762959,13,2,15
3230853392,13,14,27
3230937520,13,3,16
3232011392,13,0,13
3237925740,13,0,13
3240339932,13,0,13
3241630417,13,1,14
3243958059,13,0,13
3250075058,13,1,14
3250931534,13,0,13
3255069311,13,0,13
3270302156,13,1,14
3271147447,13,1,14
3273293636,13,0,13
3273749714,13,2,15
3277602912,13,1,14
3280279746,13,0,13
3284033108,13,9,22
3286480659,13,1,14
3289137513,13,0,13
3289184786,13,0,13
3296368816,13,0,13
3298049407,13,0,13
3298145299,13,1,14
3299924978,13,541,554
3300109534,13,96,109
3300732967,13,1,14
3301726709,13,0,13
3308763876,13,0,13
3309054674,13,0,13
3309111666,13,1,14
3309878041,13,2,15
3310714556,13,0,13
3313095451,13,1,14
3315281814,13,1,14
3334900841,13,0,13
3343309577,13,1,14
3345490205,13,0,13
3361836573,13,0,13
3368032828,13,2,15
3372141252,13,0,13
3375626561,13,0,13
3386434841,13,0,13
3388297109,13,1,14
3396238763,13,0,13
3397286780,13,0,13
3398797317,13,0,13
3410304976,13,0,13
3413357080,13,0,13
3420826823,13,0,13
3420908103,13,1,14
3430116587,13,0,13
3430731647,13,1,14
3431018362,13,1,14
3436249294,13,151,164
3448617916,13,1,14
3452743032,13,1,14
3460943473,13,0,13
3464356520,13,0,13
3485027415,13,0,13
3486818352,13,2,15
3515385263,13,0,13
3530718374,13,4,17
3535292002,13,1,14
3577587321,13,1,14
3586900037,13,1,14
3593499977,13,0,13
3617424096,13,23,36
3620475495,13,1,14
3642926714,13,0,13
3654145274,13,11,24
3656021658,13,2,15
3706669633,13,0,13
3740921128,13,0,13
3744319817,13,2,15
3753356896,13,0,13
3804101379,13,0,13
3845600841,13,1,14
3873885075,13,1,14
3883137801,13,1,14
3886122313,13,0,13
3897219198,13,1,14
3903128778,13,1,14
3905069575,13,1,14
3917135784,13,0,13
3919134861,13,4,17
3920439020,13,2,15
3949766614,13,0,13
3979712477,13,1,14
4011786921,13,0,13
4049327974,13,1,14
4054015115,13,0,13
4057549227,13,0,13
4062967156,13,0,13
4072379236,13,0,13
4105670354,13,0,13
4144088020,13,1,14
4147434554,13,0,13
4160847493,13,0,13
4191384772,13,3,16
4210362046,13,1,14
4229157745,13,0,13
4241984015,13,1,14
4246782124,13,0,13
4247913261,13,2,15
4261082614,13,0,13
4276514596,13,4,17
4288744516,13,0,13
4288913560,13,0,13
4298218512,13,0,13
4311809895,13,23,36
4322438135,13,1,14
4389249678,13,2,15
4389258215,13,0,13
4417223172,13,0,13
4444079477,13,2,15
4483004278,13,5,18
4492875073,13,15,28
4494445035,13,0,13
4508980693,13,1,14
4535219532,13,0,13
4549070952,13,0,13
4564038852,13,0,13
4564665231,13,1,14
4572431595,13,0,13
4593354743,13,0,13
4599376093,13,1,14
4602191602,13,0,13
4612033693,13,0,13
4622811320,13,0,13
4626168870,13,2,15
4640765815,13,0,13
4646472073,13,0,13
4675226850,13,0,13
4686690842,13,0,13
4704599575,13,0,13
4708760416,13,0,13
4714037246,13,0,13
4736097044,13,19,32
4759837756,13,0,13
4781537420,13,0,13
4783153407,13,0,13
4790337246,13,0,13
4795693398,13,1,14
4824771125,13,0,13
4825625435,13,0,13
4826412498,13,1,14
4827961814,13,63,76
4837088320,13,0,13
4838288414,13,10,23
4842736186,13,0,13
4843510810,13,1,14
4850755865,13,0,13
4850899749,13,4,17
4852639485,13,2,15
4856747493,13,0,13
4858779479,13,1,14
4860599665,13,5,18
4867973351,13,0,13
4871092450,13,0,13
4878810910,13,2,15
4879902813,13,0,13
4881873616,13,1,14
4884090904,13,22,35
4884811697,13,0,13
4886987961,13,0,13
4896404463,13,0,13
4906853915,13,0,13
4928667707,13,0,13
700450578258927616,13,0,13
700758802425970688,13,1,14
700764546559041536,13,0,13
700882092154966017,13,0,13
700950178753335297,13,0,13
701685035900866561,13,6,19
702209245677281280,13,0,13
702751187620081664,13,0,13
702924238274109440,13,2,15
703419903592665088,13,0,13
703566198643007489,13,0,13
703606205244162048,13,5,18
704155233853702144,13,2,15
704511154480156672,13,11,24
704805115010527232,13,1,14
705244600131305473,13,17,30
705392747465871360,13,0,13
705444022458777602,13,1,14
705547411490512896,13,0,13
705550216540229632,13,2,15
705557752354045952,13,1,14
705648352227041281,13,0,13
705792087707525120,13,2,15
705811941550194689,13,0,13
706644729442603008,13,4,17
706932292854349824,13,2,15
707339944050692096,13,0,13
707349418261872640,13,1,14
707614076382400512,13,0,13
707642899597361153,13,2,15
708117149806682113,13,0,13
708300644487016448,13,1,14
708464442019848192,13,2,15
708769424195645440,13,0,13
708993727289827328,13,1,14
710317912377008128,13,0,13
710554361387159556,13,0,13
711099785659457536,13,0,13
711576320690393090,13,6,19
711907970280456192,13,3,16
712455018234957825,13,3,16
712970738337099776,13,12,25
714178029086314496,13,0,13
714909429053820928,13,4,17
714920195400269826,13,1,14
715014901517799425,13,1,14
715221507140521985,13,0,13
715241965042970624,13,0,13
716270351051784192,13,28,41
716771374660866048,13,2,15
717037294092423170,13,1,14
717707477287047168,13,0,13
717746159091982337,13,0,13
718210829087154176,13,0,13
719780248150286336,13,1,14
719944642402324480,13,4,17
720060830805430272,13,0,13
720430175444291584,13,10,23
720434235509575681,13,0,13
720664787324153857,13,0,13
721108019455463424,13,0,13
721149181352497153,13,0,13
721825566563827712,13,0,13
722046794830647297,13,9,22
722286886060822528,13,0,13
723217917450588164,13,0,13
723326259166507009,13,1,14
725332871796383745,13,0,13
726902335830560768,13,0,13
726918564544974848,13,2,15
728382206133948416,13,0,13
728617723182260226,13,0,13
728958988604297216,13,2,15
729006170002759684,13,0,13
729684366788468736,13,25,38
730040955152285697,13,0,13
730406315084779521,13,0,13
730473876812009472,13,0,13
730562031426932736,13,0,13
732767587650670592,13,18,31
733143924987006976,13,0,13
733690109451735041,13,0,13
733690532258566144,13,1,14
734235550056484865,13,0,13
735191134649999360,13,1,14
735542572332941312,13,41,54
736201273578397696,13,0,13
736260123098644481,13,0,13
736701824355291136,13,3,16
736773706291240960,13,17,30
736804566994432001,13,0,13
737264996468576256,13,0,13
738469772770168832,13,0,13
738768618494648320,13,0,13
739869971027767296,13,0,13
740073296692191232,13,3,16
740397178758299648,13,0,13
740415431207485441,13,1,14
740857965419302912,13,0,13
741118647427551232,13,1,14
741306849929113600,13,0,13
742000780572401665,13,0,13
742060329111277568,13,0,13
742494150126276608,13,1,14
742683142608310272,13,0,13
742760812440256512,13,0,13
742969473087442944,13,2,15
743442190467137536,13,0,13
744547832472829952,13,0,13
744555557030244354,13,0,13
744581159032594433,13,0,13
744716608321445888,13,0,13
744973981883768832,13,2,15
745392511460466689,13,7,20
745637892257619972,13,0,13
746380617210793984,13,1,14
746507259497287685,13,0,13
746857699195813892,13,0,13
746884602132897792,13,0,13
747180546753593344,13,1,14
747876175247204352,13,1,14
748013131939651585,13,2,15
748015877442932736,13,5,18
748487585320804353,13,9,22
748572051951190017,13,6,19
748886403077984257,13,0,13
748999126235447296,13,0,13
749393523351232512,13,0,13
749477602151325696,13,2,15
749995500196159488,13,2,15
750035990216146944,13,1,14
750355194743918592,13,0,13
750417422520377344,13,0,13
750801771014950912,13,0,13
750953765684047872,13,9,22
751198186711060481,13,2,15
751545731471769600,13,1,14
751607754314448896,13,1,14
751776180957741056,13,0,13
752019215847010304,13,0,13
752566971804160000,13,1,14
752639188793688064,13,0,13
753033091489337344,13,0,13
753752956525244416,13,0,13
754542043712593920,13,0,13
754582996162752512,13,4,17
754832739669540864,13,0,13
755157442544021504,13,2,15
755483067133886465,13,0,13
755937331463397376,13,0,13
756357819524345857,13,5,18
756406143082172416,13,0,13
756534370681384961,13,2,15
757041391239254016,13,5,18
757383217917800448,13,1,14
757568389267222528,13,1,14
757606245415149568,13,1,14
757693544362487808,13,0,13
757830437964087296,13,0,13
758040749665640454,13,0,13
758402677642448896,13,0,13
758635206643372032,13,0,13
759059024394457088,13,4,17
759173707432550400,13,0,13
759455535473143808,13,0,13
759941001104486400,13,1,14
760476687062732800,13,0,13
760846898617917440,13,0,13
760858392323690496,13,0,13
760993603330174976,13,1,14
761194426614091776,13,0,13
761196567625887744,13,0,13
761344017321820160,13,1,14
761412482514681857,13,1,14
761660819960659968,13,0,13
761957700297195520,13,0,13
762438121589870593,13,0,13
762887224060940288,13,0,13
763039214829182976,13,0,13
763136216359329792,13,1,14
763410558934810624,13,23,36
763448416311480320,13,0,13
763565794781458432,13,1,14
763586625033023488,13,0,13
763791778491301889,13,0,13
764293754954125313,13,9,22
764532133922693121,13,2,15
764608097138663424,13,0,13
764782827204407296,13,1,14
765086031771230208,13,0,13
765350689002364928,13,0,13
765900271553748992,13,4,17
766410538146562049,13,0,13
767176338449006592,13,0,13
767249475345580035,13,0,13
768054875368349696,13,0,13
769332782183120896,13,2,15
770058566208217088,13,0,13
770323919366713344,13,0,13
770848269664673792,13,0,13
771030723348267008,13,7,20
772305114518343680,13,1,14
772809980462391296,13,5,18
773399669347086337,13,1,14
773619626269958144,13,0,13
773661444294541313,13,0,13
773677031183749120,13,0,13
774239055974273026,13,0,13
774726522733146113,13,3,16
775141032820289536,13,63,76
775298097966702593,13,2,15
775646117362970624,13,0,13
775776945594331137,13,0,13
776029181536772096,13,68,81
776459655190945792,13,0,13
776556980374765568,13,0,13
776634607982764032,13,0,13
776709958607986689,13,0,13
776782611934908416,13,0,13
776817461677010945,13,3,16
776880254480748544,13,2,15
777476825379328001,13,0,13
777893790401134593,13,1,14
779024986220527616,13,0,13
779422450320826368,13,0,13
780201982829092865,13,1,14
780727326556303360,13,0,13
780788839220518912,13,0,13
780901125662896132,13,0,13
781857294875099141,13,1,14
782007625441574912,13,1,14
782086905001222144,13,0,13
782278385812799488,13,0,13
782385869038772224,13,1,14
782571303798771716,13,4,17
782770278426292224,13,0,13
782793066528792577,13,1,14
783160367077818368,13,2,15
783243011371180032,13,0,13
783514615678398464,13,0,13
783687611474993152,13,1,14
784231627165753344,13,1,14
784471430524198912,13,4,17
784783149943271425,13,1,14
784801583859204096,13,1,14
785002695216263168,13,0,13
785174555673321472,13,1,14
785307386978328576,13,1,14
785321924339597313,13,0,13
785664369447305217,13,0,13
786232508455215105,13,0,13
786308175767203842,13,0,13
786396701133111296,13,1,14
786413037766873088,13,0,13
786702670497193984,13,0,13
786747578012401664,13,0,13
786959204338716673,13,1,14
787054512158547970,13,0,13
787792562715262977,13,0,13
787842162155139072,13,0,13
787919250027638784,13,0,13
788100118704717824,13,0,13
788235218121478144,13,0,13
788294664973529088,13,0,13
788343302923755520,13,1,14
788382021798158336,13,3,16
789119558237970432,13,0,13
789550040092061696,13,0,13
789574755317841920,13,0,13
789575545386258432,13,0,13
789613490403237888,13,0,13
789620341651877888,13,2,15
789854096144539648,13,1,14
789902743414640640,13,0,13
790005438481707009,13,0,13
790630861481865217,13,1,14
790665275850891264,13,3,16
790681224700235777,13,0,13
792412954473922560,13,0,13
792709261759512576,13,0,13
793954510590722048,13,0,13
794577681408880640,13,0,13
794604144006926336,13,0,13
796159744352354304,13,0,13
796771157622001664,13,0,13
797519637449740288,13,0,13
803452248219127808,13,0,13
804387079354519552,13,0,13
5980172,12,1,13
9281212,12,0,12
12626212,12,4,16
13823302,12,17,29
13950552,12,0,12
14079408,12,1,13
14091558,12,0,12
14320744,12,13,25
14528941,12,2,14
14715256,12,5,17
14871143,12,1,13
14973375,12,19,31
15326206,12,51,63
15521774,12,153,165
15539399,12,0,12
15590907,12,0,12
15616667,12,39,51
15956846,12,1,13
15985199,12,0,12
16030799,12,0,12
16071350,12,0,12
16072697,12,0,12
16132719,12,61,73
16177486,12,15,27
16196158,12,0,12
16368708,12,52,64
16500383,12,0,12
16517780,12,5,17
16580249,12,3,15
16634641,12,1,13
16805860,12,0,12
16833343,12,2,14
16906983,12,1,13
16923619,12,0,12
17021302,12,4,16
17078146,12,0,12
17211430,12,3,15
17558182,12,0,12
17684104,12,24,36
17760092,12,1,13
17832709,12,2,14
17846208,12,2,14
17870410,12,0,12
18103490,12,0,12
18154414,12,0,12
18468961,12,0,12
18511475,12,72,84
18632908,12,0,12
18648110,12,1,13
18965334,12,3,15
19056931,12,58,70
19240599,12,1,13
19598860,12,0,12
19686924,12,1,13
19941208,12,0,12
20032095,12,1,13
20090066,12,3,15
20145070,12,0,12
20159955,12,2,14
20188213,12,0,12
20269192,12,179,191
20273906,12,0,12
20292917,12,0,12
20316268,12,0,12
20480373,12,1,13
20623400,12,2,14
20704522,12,3,15
20730083,12,1,13
20771736,12,0,12
20783371,12,0,12
20835695,12,1,13
20944508,12,0,12
20952906,12,0,12
21027387,12,75,87
21150492,12,4,16
21164010,12,0,12
21230017,12,1,13
21481295,12,1,13
21621661,12,1,13
21794030,12,1,13
21937441,12,3,15
21997211,12,3,15
22098864,12,2,14
22232322,12,52,64
22435220,12,17,29
22837144,12,1,13
23138382,12,1,13
23139988,12,0,12
23282557,12,4,16
23346166,12,26,38
23376946,12,3,15
23785364,12,25,37
23877265,12,0,12
23882946,12,80,92
23892865,12,3,15
24041141,12,5,17
24063889,12,3,15
24466044,12,1,13
24621442,12,28,40
24658978,12,0,12
24733289,12,1,13
24746891,12,0,12
24970948,12,0,12
25092604,12,0,12
25204661,12,0,12
25607152,12,0,12
25608035,12,0,12
25728193,12,22,34
25762954,12,158,170
26025527,12,1,13
26350674,12,1,13
26696510,12,66,78
26847410,12,0,12
26885039,12,1,13
27089002,12,3,15
27174089,12,1,13
27238516,12,0,12
27461428,12,10,22
27878700,12,2,14
28052578,12,4,16
28421264,12,1,13
28427929,12,0,12
28476383,12,1,13
28676754,12,1,13
28719383,12,0,12
28848523,12,2,14
29509060,12,64,76
30318151,12,1,13
30538170,12,0,12
30736021,12,1,13
30856784,12,1,13
31087423,12,1,13
31205893,12,2,14
31521623,12,25,37
31638459,12,0,12
31661626,12,18,30
31915261,12,24,36
32276784,12,1,13
32522055,12,76,88
32560455,12,0,12
32581605,12,3,15
32745985,12,11,23
33465679,12,1,13
33797941,12,1,13
33959324,12,2,14
34228182,12,1,13
34620363,12,8,20
34733538,12,6,18
34845362,12,0,12
35948242,12,0,12
36130764,12,0,12
36394676,12,0,12
36417257,12,0,12
36477343,12,0,12
36500787,12,1,13
36502981,12,4,16
36975998,12,0,12
37268878,12,1,13
37505298,12,0,12
38337073,12,0,12
38377423,12,0,12
38616293,12,2,14
38701275,12,3,15
38847885,12,0,12
39198423,12,2,14
39686802,12,8,20
39993204,12,9,21
40126750,12,1,13
40399300,12,4,16
40566753,12,0,12
41116188,12,0,12
41538978,12,0,12
41698585,12,1,13
42108810,12,0,12
42909578,12,0,12
43162247,12,0,12
43381970,12,2,14
43637720,12,1,13
43734816,12,1,13
44382195,12,2,14
44672373,12,0,12
44941453,12,0,12
45126015,12,0,12
45454970,12,1,13
45569330,12,0,12
45599954,12,1,13
46504042,12,1,13
46548684,12,0,12
46549072,12,11,23
46815559,12,1,13
47061232,12,0,12
47081753,12,12,24
47109990,12,21,33
47419120,12,0,12
47732772,12,0,12
47752015,12,0,12
48025879,12,0,12
48470839,12,70,82
48534642,12,1,13
48776521,12,3,15
48959561,12,1,13
49129524,12,0,12
49208409,12,0,12
49210897,12,1,13
49322952,12,1,13
49394580,12,6,18
49464799,12,0,12
49513642,12,0,12
49639296,12,0,12
50934748,12,4,16
51339157,12,0,12
51498440,12,0,12
52150160,12,0,12
52297738,12,0,12
52598696,12,0,12
52794434,12,0,12
53079884,12,0,12
53286915,12,0,12
53704876,12,2,14
54556096,12,0,12
54582953,12,0,12
54959359,12,1,13
55248808,12,0,12
55472025,12,1,13
55566207,12,2,14
55736659,12,3,15
55845061,12,0,12
56238923,12,4,16
57094639,12,73,85
57267022,12,0,12
57559212,12,1,13
57902576,12,0,12
58488161,12,7,19
58685404,12,2,14
59897174,12,0,12
60618619,12,0,12
63720916,12,0,12
63746079,12,1,13
63835179,12,0,12
64233540,12,0,12
65187918,12,13,25
65666416,12,1,13
65974890,12,4,16
67106472,12,0,12
68748425,12,0,12
70244163,12,0,12
70301647,12,0,12
70518139,12,0,12
71128890,12,0,12
71728259,12,0,12
72315991,12,0,12
73672728,12,0,12
77299996,12,0,12
79197327,12,0,12
79743108,12,2,14
80391378,12,0,12
81290051,12,40,52
81406640,12,0,12
82199661,12,0,12
83019577,12,0,12
83213310,12,0,12
83767336,12,0,12
84226971,12,0,12
85086571,12,0,12
86363672,12,0,12
87586011,12,0,12
87769330,12,0,12
88933360,12,0,12
89219158,12,2,14
89253793,12,2,14
89343637,12,3,15
89454231,12,0,12
90802305,12,0,12
92237555,12,0,12
92612604,12,0,12
93027509,12,0,12
93623718,12,0,12
93755227,12,0,12
93798362,12,1,13
93970387,12,2,14
94566513,12,0,12
95075846,12,0,12
95535092,12,1,13
95798223,12,0,12
96233882,12,2,14
97308426,12,1,13
98077722,12,2,14
98277512,12,0,12
99116331,12,0,12
102575989,12,0,12
103167711,12,34,46
104459510,12,0,12
105272579,12,129,141
106599628,12,0,12
107017897,12,3,15
107458118,12,0,12
108701984,12,0,12
110730524,12,6,18
110735727,12,1,13
113527315,12,0,12
113806387,12,0,12
114024139,12,3,15
114374226,12,0,12
114717187,12,0,12
115782657,12,2,14
118472977,12,1,13
119666673,12,0,12
120212126,12,0,12
120333328,12,0,12
122994768,12,0,12
124069045,12,2,14
124153257,12,1,13
124547122,12,0,12
124787479,12,0,12
125122538,12,14,26
126680535,12,1,13
127919016,12,0,12
128135127,12,1,13
128387870,12,11,23
129218643,12,0,12
129248374,12,1,13
129514240,12,1,13
130042795,12,0,12
134319612,12,0,12
136093027,12,1,13
136395858,12,13,25
137832626,12,4,16
140233495,12,2,14
140277529,12,5,17
141080552,12,4,16
141403861,12,24,36
141759198,12,0,12
143011861,12,0,12
143718435,12,0,12
144248301,12,1,13
146410957,12,0,12
148776416,12,0,12
151585739,12,1,13
152735480,12,2,14
153804170,12,0,12
154704806,12,0,12
157412646,12,1,13
158000269,12,0,12
159542915,12,1,13
160505037,12,1,13
161435080,12,0,12
165443183,12,1,13
167787529,12,1,13
168376627,12,0,12
168754949,12,7,19
171653386,12,0,12
172213895,12,2,14
172592768,12,1,13
172849855,12,0,12
172887246,12,0,12
173241286,12,0,12
177767632,12,33,45
178083995,12,0,12
179675761,12,1,13
182840025,12,56,68
183068111,12,0,12
183124017,12,1,13
185065687,12,0,12
185635130,12,0,12
187266320,12,0,12
187349367,12,0,12
187546148,12,1,13
187753009,12,2,14
187765398,12,0,12
188485158,12,0,12
188599540,12,0,12
190526088,12,0,12
192726525,12,0,12
192768654,12,2,14
193122636,12,4,16
197245674,12,8,20
198349082,12,0,12
198414791,12,6,18
200733700,12,0,12
201170041,12,0,12
201873298,12,2,14
201914406,12,0,12
203351820,12,1,13
204348114,12,7,19
204770262,12,0,12
206830820,12,0,12
207290694,12,0,12
207905734,12,0,12
208426176,12,0,12
209899774,12,2,14
211881089,12,10,22
212422815,12,0,12
216962147,12,0,12
217392151,12,18,30
218778392,12,0,12
220864891,12,0,12
221141835,12,0,12
221285944,12,6,18
222594395,12,0,12
224296146,12,0,12
225212488,12,0,12
226640681,12,24,36
229562961,12,4,16
229841003,12,0,12
230748240,12,0,12
232078786,12,0,12
232108392,12,0,12
233577630,12,8,20
235998838,12,0,12
239437594,12,0,12
240262989,12,1,13
240411574,12,0,12
241049018,12,33,45
241583780,12,169,181
241634539,12,0,12
242992653,12,14,26
244853711,12,0,12
245183839,12,17,29
245195894,12,0,12
246207204,12,1,13
246915010,12,0,12
249002719,12,0,12
250134716,12,0,12
250371899,12,0,12
250743158,12,0,12
251776080,12,1,13
253213841,12,15,27
254709555,12,0,12
255754490,12,1,13
256179701,12,57,69
256185990,12,3,15
256533756,12,0,12
257289052,12,0,12
258003948,12,1,13
261298774,12,0,12
262208063,12,0,12
263029441,12,0,12
263774589,12,1,13
264993159,12,0,12
265096889,12,9,21
266130366,12,0,12
267030978,12,0,12
267295312,12,2,14
268281388,12,0,12
268389247,12,2,14
268458247,12,0,12
268480648,12,2,14
268637799,12,10,22
269032307,12,4,16
271240396,12,17,29
272082993,12,1,13
273376463,12,0,12
273440511,12,0,12
274020887,12,2,14
275225237,12,0,12
275678851,12,3,15
277425776,12,1,13
278117588,12,0,12
278209386,12,2,14
279533332,12,0,12
279636632,12,1,13
282171533,12,0,12
282641719,12,0,12
282915121,12,2,14
286492669,12,0,12
286853081,12,0,12
287445649,12,0,12
288283415,12,5,17
288769794,12,1,13
288964640,12,0,12
289046909,12,1,13
289679052,12,0,12
290658765,12,3,15
291240985,12,12,24
292519466,12,2,14
292624934,12,0,12
292982160,12,2,14
294153874,12,0,12
294312405,12,0,12
295119772,12,1,13
295925235,12,1,13
296006971,12,1,13
301127978,12,1,13
301530746,12,0,12
302814799,12,4,16
302887733,12,0,12
303433851,12,36,48
306814364,12,1,13
307572870,12,0,12
308927541,12,2,14
311247646,12,0,12
316060141,12,0,12
316738620,12,0,12
319905871,12,0,12
322325876,12,0,12
322363466,12,1,13
322927344,12,3,15
323029611,12,1,13
329735073,12,3,15
329832303,12,6,18
331276809,12,1,13
331673722,12,0,12
332468031,12,10,22
333772376,12,0,12
336209206,12,0,12
339611069,12,0,12
339880269,12,6,18
340180762,12,348,360
341790892,12,0,12
342170721,12,32,44
343641231,12,20,32
344130248,12,0,12
345294050,12,2,14
345696624,12,0,12
347507710,12,1,13
347953560,12,0,12
352616546,12,1,13
357853760,12,1,13
358847454,12,1,13
359928092,12,0,12
360389908,12,0,12
366229034,12,66,78
366498127,12,0,12
367701966,12,1,13
369469601,12,1,13
369766030,12,4,16
370141530,12,0,12
370147626,12,0,12
373662968,12,0,12
373673020,12,0,12
374463980,12,6,18
374495204,12,0,12
375943181,12,2,14
376514922,12,0,12
376869995,12,5,17
378024494,12,20,32
378735981,12,3,15
381029058,12,2,14
382945513,12,3,15
384483993,12,0,12
385560359,12,1,13
385976050,12,0,12
386667988,12,0,12
387261715,12,1,13
387370132,12,0,12
388621558,12,0,12
390244251,12,0,12
390381990,12,5,17
391897915,12,49,61
392848208,12,0,12
394118425,12,0,12
394794452,12,18,30
395441626,12,0,12
395452389,12,25,37
397250031,12,0,12
398027768,12,1,13
398349799,12,1,13
398989949,12,0,12
399079514,12,2,14
400073304,12,0,12
400292925,12,2,14
401022871,12,2,14
401045500,12,1,13
402727395,12,0,12
404305941,12,1,13
404852430,12,0,12
405147958,12,1,13
407011441,12,0,12
407048454,12,82,94
411996838,12,0,12
414141288,12,1,13
414421718,12,1,13
416596987,12,10,22
417243144,12,0,12
418156943,12,1,13
419084104,12,1,13
421292402,12,0,12
422164503,12,7,19
423463825,12,0,12
424124066,12,4,16
425505438,12,52,64
428875805,12,0,12
429509529,12,1,13
433629336,12,0,12
434722591,12,0,12
438006222,12,7,19
438062195,12,0,12
440270718,12,0,12
445945974,12,1,13
446656203,12,0,12
447585721,12,0,12
449324558,12,0,12
450776559,12,4,16
451256477,12,1,13
453122180,12,1,13
453265065,12,3,15
453410819,12,1,13
457181638,12,0,12
457675224,12,0,12
458569340,12,0,12
459695602,12,0,12
461780457,12,1,13
462765777,12,0,12
464400096,12,3,15
468373115,12,1,13
468379842,12,4,16
468534243,12,6,18
469568568,12,0,12
474350662,12,1,13
475406678,12,0,12
476913790,12,1,13
479137981,12,0,12
479603297,12,0,12
480572063,12,0,12
481458568,12,0,12
481671830,12,0,12
483420800,12,1,13
484953261,12,4,16
487159859,12,1,13
487168474,12,1,13
488559076,12,0,12
488911358,12,141,153
489732475,12,4,16
489921757,12,0,12
496327419,12,0,12
498040541,12,3,15
498456439,12,1,13
498955182,12,37,49
499028306,12,1,13
502353951,12,3,15
502768722,12,3,15
505231928,12,0,12
509972048,12,2,14
513559496,12,0,12
513704992,12,0,12
513772050,12,3,15
516462080,12,0,12
517901851,12,1,13
519312041,12,0,12
519708432,12,0,12
520667536,12,0,12
526080332,12,0,12
527414877,12,6,18
527855704,12,0,12
528581970,12,0,12
529678251,12,1,13
529747739,12,0,12
529831617,12,1,13
530812694,12,0,12
531479042,12,0,12
531571770,12,1,13
534679139,12,1,13
534794526,12,2,14
534882124,12,0,12
535570632,12,0,12
538269873,12,4,16
542986860,12,2,14
544718307,12,1,13
545695783,12,77,89
546425712,12,2,14
552920749,12,0,12
554117316,12,3,15
556651416,12,0,12
558166719,12,1,13
558238941,12,4,16
559227151,12,1,13
560014133,12,0,12
561213494,12,6,18
562555526,12,0,12
563991994,12,0,12
564348657,12,0,12
564761791,12,1,13
564812098,12,0,12
570036445,12,0,12
572952478,12,3,15
575434048,12,0,12
575662077,12,1,13
575727529,12,0,12
580176830,12,0,12
582484170,12,1,13
582517957,12,2,14
588617041,12,0,12
590567054,12,1,13
591351876,12,1,13
592308060,12,7,19
593810244,12,1,13
595245489,12,0,12
598749853,12,0,12
599821845,12,0,12
600209992,12,0,12
601940141,12,5,17
605206341,12,1,13
605714309,12,0,12
608945154,12,11,23
610023313,12,0,12
611165399,12,4,16
612785431,12,4,16
616043011,12,5,17
618089941,12,0,12
622420359,12,2,14
622743271,12,0,12
625827730,12,1,13
632372819,12,4,16
636443371,12,1,13
700175622,12,0,12
701288723,12,1,13
702291044,12,0,12
705413952,12,0,12
716042407,12,4,16
716143076,12,1,13
723175496,12,133,145
726619764,12,0,12
735815396,12,0,12
740742043,12,0,12
746511344,12,2,14
751956770,12,0,12
757310688,12,3,15
760662103,12,0,12
762600475,12,3,15
764048864,12,0,12
778077812,12,4,16
783944028,12,26,38
785200580,12,3,15
797176328,12,2,14
797219666,12,1,13
797887255,12,6,18
807201294,12,0,12
807313422,12,0,12
811232569,12,35,47
811240236,12,0,12
811477999,12,1,13
815174527,12,0,12
820676600,12,0,12
821944105,12,1,13
822539767,12,4,16
824385392,12,0,12
830035634,12,2,14
830942472,12,0,12
831568484,12,0,12
831768450,12,1,13
835789616,12,0,12
836810767,12,2,14
844637312,12,0,12
846411924,12,20,32
848492322,12,0,12
859065223,12,0,12
861451422,12,1,13
863018437,12,0,12
863308596,12,1,13
864987638,12,2,14
865248091,12,6,18
867793866,12,0,12
868017104,12,2,14
869122044,12,0,12
869129222,12,0,12
873009750,12,1,13
883381189,12,0,12
885649502,12,0,12
890037578,12,0,12
899718001,12,1,13
901103376,12,3,15
908721204,12,0,12
916019262,12,1,13
922478648,12,0,12
928226604,12,0,12
928607750,12,2,14
930348438,12,1,13
931100528,12,3,15
932525071,12,0,12
942432703,12,0,12
944824434,12,0,12
963418436,12,1,13
968655666,12,0,12
971168658,12,5,17
974203111,12,0,12
977435124,12,0,12
982995216,12,26,38
993584924,12,1,13
1007975232,12,0,12
1012040023,12,0,12
1012496167,12,0,12
1013813940,12,0,12
1015669878,12,0,12
1045418084,12,0,12
1045666867,12,1,13
1053764809,12,0,12
1056711943,12,0,12
1056937519,12,0,12
1059097141,12,0,12
1059971551,12,0,12
1062916908,12,1,13
1068728030,12,0,12
1070409248,12,0,12
1078215829,12,0,12
1089898819,12,1,13
1107642068,12,1,13
1112732161,12,0,12
1113904038,12,0,12
1114451094,12,0,12
1125386582,12,0,12
1130275662,12,75,87
1142972472,12,0,12
1149545432,12,1,13
1155952808,12,0,12
1156311470,12,0,12
1172547139,12,0,12
1180050360,12,2,14
1184544560,12,48,60
1186582129,12,0,12
1197504686,12,0,12
1202793385,12,0,12
1206687739,12,1,13
1208528864,12,0,12
1211101368,12,0,12
1211666743,12,0,12
1219973383,12,1,13
1222757654,12,17,29
1223955961,12,27,39
1228815734,12,3,15
1247627773,12,4,16
1249994090,12,8,20
1257332107,12,0,12
1263236965,12,230,242
1263377209,12,4,16
1270997214,12,3,15
1275695197,12,0,12
1275980779,12,0,12
1284877082,12,0,12
1289834497,12,0,12
1292299404,12,0,12
1295521506,12,3,15
1296557060,12,0,12
1308852103,12,0,12
1309728793,12,0,12
1317200106,12,0,12
1319637890,12,0,12
1319908298,12,0,12
1327987770,12,47,59
1330999782,12,0,12
1334721638,12,1,13
1337419807,12,0,12
1349116230,12,0,12
1358973200,12,0,12
1367222496,12,51,63
1369789748,12,1,13
1372464865,12,0,12
1381680787,12,0,12
1382773333,12,0,12
1383905040,12,66,78
1390287613,12,0,12
1411357566,12,12,24
1417904858,12,0,12
1419629526,12,0,12
1421762887,12,1,13
1424348478,12,0,12
1428562484,12,2,14
1429178299,12,2,14
1429519699,12,2,14
1436692442,12,0,12
1469799151,12,1,13
1481409751,12,99,111
1485055592,12,0,12
1485202639,12,0,12
1496040919,12,0,12
1508152464,12,1,13
1528559454,12,0,12
1535473922,12,2,14
1539668370,12,0,12
1542200264,12,0,12
1542342954,12,0,12
1545689414,12,1,13
1556445546,12,0,12
1563063560,12,2,14
1581943050,12,0,12
1586298372,12,0,12
1596999624,12,0,12
1604133278,12,0,12
1611399902,12,0,12
1611523052,12,0,12
1613927706,12,0,12
1625788044,12,0,12
1626181926,12,3,15
1642952628,12,2,14
1646643169,12,3,15
1660051092,12,1,13
1660672640,12,1,13
1685962902,12,1,13
1702270465,12,4,16
1711434614,12,20,32
1721267346,12,0,12
1729299571,12,4,16
1733753772,12,0,12
1734606163,12,0,12
1842610441,12,1,13
1852157754,12,0,12
1854328076,12,0,12
1859900088,12,1,13
1862643606,12,11,23
1869973452,12,4,16
1877871000,12,0,12
1880306503,12,0,12
1884801000,12,2,14
1890098384,12,0,12
1897214000,12,0,12
1906088365,12,0,12
1923651498,12,0,12
1927550954,12,1,13
1931443988,12,1,13
1931640518,12,4,16
1933969482,12,1,13
1945524931,12,1,13
1957597532,12,0,12
1958761050,12,3,15
1965865170,12,0,12
1967394264,12,0,12
1968126133,12,4,16
1972125445,12,0,12
2153626892,12,22,34
2156148604,12,1,13
2157843048,12,0,12
2163080275,12,0,12
2165774868,12,1,13
2167286587,12,2,14
2168968986,12,0,12
2169028045,12,0,12
2172554623,12,0,12
2172864360,12,1,13
2173337718,12,0,12
2174134686,12,0,12
2182108524,12,0,12
2184946776,12,2,14
2188240560,12,1,13
2191984092,12,7,19
2195439925,12,0,12
2196751554,12,0,12
2198728560,12,1,13
2219747521,12,1,13
2229210829,12,0,12
2231834569,12,0,12
2233791876,12,4,16
2234582461,12,2,14
2237833136,12,0,12
2242541190,12,50,62
2243802314,12,3,15
2248474104,12,0,12
2250596857,12,0,12
2252338855,12,0,12
2260468339,12,0,12
2260620517,12,1,13
2262653591,12,1,13
2266295418,12,15,27
2281110529,12,0,12
2282028409,12,3,15
2282662302,12,1,13
2289846481,12,0,12
2291921130,12,0,12
2294453054,12,1,13
2296055794,12,1,13
2296753292,12,0,12
2298377229,12,0,12
2298743826,12,0,12
2299233085,12,30,42
2300574175,12,31,43
2302320655,12,1,13
2305318442,12,0,12
2307282044,12,0,12
2308954104,12,0,12
2310061230,12,0,12
2316272360,12,18,30
2324776664,12,28,40
2329908066,12,0,12
2339221920,12,0,12
2339929226,12,14,26
2344571125,12,0,12
2345904283,12,0,12
2346338072,12,12,24
2350211520,12,0,12
2351484171,12,1,13
2357994685,12,0,12
2361286386,12,0,12
2362802930,12,2,14
2362945806,12,0,12
2369509002,12,1,13
2371310642,12,0,12
2372361066,12,1,13
2376093187,12,0,12
2377329260,12,0,12
2381434507,12,5,17
2384995526,12,0,12
2389064082,12,9,21
2389553760,12,1,13
2391337154,12,0,12
2407401606,12,1,13
2415793986,12,1,13
2416019259,12,3,15
2416434331,12,0,12
2427399818,12,0,12
2429510228,12,0,12
2444398702,12,0,12
2458959103,12,7,19
2471550190,12,0,12
2475599276,12,54,66
2479045748,12,0,12
2500252920,12,0,12
2511513036,12,0,12
2512467079,12,0,12
2519269979,12,0,12
2534173706,12,2,14
2534342832,12,0,12
2540580547,12,0,12
2541836810,12,0,12
2562814182,12,0,12
2563226172,12,0,12
2567831422,12,1,13
2571386066,12,0,12
2577038907,12,2,14
2585949829,12,2,14
2590669587,12,0,12
2595431574,12,61,73
2602051168,12,1,13
2602528921,12,0,12
2606637547,12,1,13
2611618446,12,0,12
2612935548,12,0,12
2613859982,12,0,12
2616463220,12,1,13
2626264714,12,0,12
2631570888,12,2,14
2635197969,12,0,12
2668090800,12,0,12
2670951600,12,1,13
2693541512,12,0,12
2696111005,12,0,12
2696282496,12,1,13
2701636599,12,0,12
2705027539,12,8,20
2714881369,12,1,13
2722429967,12,1,13
2723153944,12,90,102
2723277620,12,8,20
2737667633,12,0,12
2743114312,12,0,12
2750866101,12,0,12
2750877044,12,0,12
2753743832,12,38,50
2757741991,12,0,12
2759541873,12,0,12
2763639335,12,0,12
2764186572,12,1,13
2766325580,12,0,12
2766511591,12,0,12
2771482487,12,0,12
2779427834,12,10,22
2780821335,12,0,12
2781269527,12,0,12
2785249391,12,0,12
2786042901,12,1,13
2795360494,12,1,13
2797681808,12,0,12
2813516816,12,2,14
2820105569,12,0,12
2823008774,12,0,12
2827929939,12,11,23
2828158805,12,2,14
2828238915,12,0,12
2828881283,12,0,12
2830743733,12,0,12
2832738022,12,0,12
2833233014,12,0,12
2842521556,12,0,12
2843102417,12,0,12
2845825910,12,0,12
2849580572,12,1,13
2860668355,12,0,12
2861543046,12,1,13
2865084585,12,1,13
2865930995,12,0,12
2866654505,12,0,12
2872240968,12,0,12
2874393628,12,0,12
2875946351,12,0,12
2876704776,12,0,12
2877402347,12,1,13
2877594827,12,0,12
2878707997,12,1,13
2882231193,12,1,13
2885666659,12,0,12
2889056940,12,0,12
2889272645,12,4,16
2891047298,12,18,30
2891621519,12,1,13
2896134835,12,0,12
2896393101,12,13,25
2898443954,12,2,14
2900354450,12,0,12
2909539538,12,5,17
2915894673,12,1,13
2919426640,12,0,12
2919784131,12,0,12
2920847149,12,6,18
2923192057,12,0,12
2927282011,12,9,21
2937212337,12,0,12
2941661226,12,1,13
2942997682,12,1,13
2946849006,12,1,13
2953911861,12,0,12
2955494208,12,0,12
2959209469,12,1,13
2969599840,12,0,12
2971295925,12,0,12
2975073528,12,0,12
2977044597,12,2,14
2979327219,12,1,13
2987686264,12,0,12
2988148743,12,1,13
2990789335,12,7,19
3000705856,12,1,13
3012002814,12,0,12
3015401323,12,0,12
3024283937,12,0,12
3033169325,12,0,12
3037714425,12,0,12
3041208837,12,0,12
3045306697,12,17,29
3047538243,12,1,13
3053632958,12,2,14
3059945082,12,0,12
3060450095,12,1,13
3062983745,12,0,12
3067390639,12,9,21
3073236977,12,0,12
3077615801,12,73,85
3087668800,12,0,12
3088088232,12,2,14
3095492187,12,0,12
3096639799,12,0,12
3102583561,12,11,23
3104946975,12,0,12
3107979127,12,0,12
3113667793,12,2,14
3126938512,12,1,13
3138625067,12,1,13
3145368126,12,0,12
3148931612,12,0,12
3168177806,12,0,12
3173764968,12,107,119
3173892436,12,0,12
3176658248,12,1,13
3176979887,12,0,12
3177679884,12,0,12
3182079878,12,1,13
3186839148,12,0,12
3188053392,12,0,12
3195698934,12,0,12
3214309019,12,0,12
3214466631,12,1,13
3215316293,12,0,12
3223152697,12,0,12
3227497728,12,0,12
3228181109,12,1,13
3228623191,12,0,12
3231988477,12,17,29
3234615399,12,1,13
3235222537,12,0,12
3236648959,12,14,26
3245684764,12,0,12
3251540559,12,1,13
3262354554,12,1,13
3262707432,12,1,13
3265778899,12,0,12
3270468918,12,1,13
3271125342,12,0,12
3272377562,12,2,14
3279955580,12,0,12
3284256056,12,1,13
3286868286,12,1,13
3288195401,12,0,12
3289303695,12,1,13
3290144148,12,1,13
3291977380,12,0,12
3293702738,12,0,12
3298490413,12,0,12
3300072133,12,0,12
3301260459,12,14,26
3302737363,12,0,12
3305722261,12,0,12
3309854312,12,7,19
3313329508,12,2,14
3314291877,12,1,13
3318543460,12,0,12
3319845546,12,0,12
3323787340,12,2,14
3327305425,12,0,12
3327309634,12,0,12
3329136907,12,1,13
3336933532,12,0,12
3339374680,12,0,12
3341923953,12,0,12
3346440793,12,6,18
3358617556,12,0,12
3363934091,12,6,18
3365180279,12,11,23
3365767373,12,3,15
3368633735,12,0,12
3369185355,12,0,12
3372940816,12,0,12
3373466487,12,3,15
3379320982,12,0,12
3379456641,12,0,12
3379600601,12,0,12
3387403667,12,1,13
3402815993,12,0,12
3404706777,12,0,12
3404732146,12,4,16
3406755706,12,5,17
3411188601,12,1,13
3412146239,12,4,16
3415849731,12,4,16
3420016992,12,2,14
3425213511,12,1,13
3430264961,12,1,13
3431813189,12,1,13
3464025387,12,0,12
3495349996,12,0,12
3549247815,12,0,12
3551446154,12,0,12
3556980495,12,0,12
3563466317,12,0,12
3610798397,12,0,12
3630235814,12,1,13
3714789252,12,0,12
3717876197,12,0,12
3728666293,12,0,12
3741555615,12,1,13
3826542132,12,0,12
3844588232,12,0,12
3850776972,12,1,13
3863612248,12,4,16
3883766200,12,2,14
3886104079,12,0,12
3892186758,12,14,26
3906705990,12,4,16
3937914556,12,0,12
3948649469,12,0,12
3950832315,12,0,12
3950960535,12,2,14
3951091451,12,0,12
3968744956,12,0,12
4015551859,12,0,12
4046176192,12,2,14
4048408840,12,1,13
4060522877,12,1,13
4071079997,12,0,12
4086669088,12,1,13
4131037519,12,3,15
4138676538,12,0,12
4148621113,12,10,22
4179821553,12,2,14
4180167287,12,0,12
4183694386,12,46,58
4196843359,12,0,12
4221208431,12,0,12
4233015916,12,0,12
4261318354,12,0,12
4284194472,12,1,13
4300679893,12,0,12
4323735923,12,2,14
4336418954,12,3,15
4349283073,12,1,13
4352789593,12,1,13
4377436881,12,1,13
4392608773,12,2,14
4400442733,12,1,13
4430353516,12,1,13
4432141816,12,0,12
4437422413,12,7,19
4448850798,12,1,13
4497136222,12,0,12
4500138861,12,0,12
4538742146,12,2,14
4546277661,12,1,13
4550786606,12,1,13
4552350220,12,5,17
4558206579,12,2,14
4608342450,12,3,15
4643439316,12,0,12
4646737458,12,1,13
4650980655,12,53,65
4658196589,12,0,12
4660393213,12,1,13
4665812918,12,1,13
4673082247,12,0,12
4679693911,12,0,12
4706222188,12,0,12
4709507187,12,1,13
4736710884,12,0,12
4739141603,12,0,12
4744109352,12,2,14
4759902801,12,0,12
4779955752,12,4,16
4784672833,12,15,27
4788936133,12,0,12
4795071884,12,0,12
4805678532,12,0,12
4806766457,12,0,12
4818464049,12,0,12
4824738190,12,0,12
4827226922,12,0,12
4827496349,12,0,12
4834719773,12,0,12
4838717852,12,0,12
4851009472,12,0,12
4853108710,12,2,14
4854017889,12,0,12
4856133020,12,0,12
4858969834,12,0,12
4867179334,12,0,12
4870624092,12,0,12
4874435511,12,0,12
4877850855,12,0,12
4883470551,12,2,14
4886191420,12,0,12
4886258915,12,1,13
4890513775,12,0,12
4893606551,12,1,13
4901655651,12,1,13
4903038263,12,0,12
4903246469,12,0,12
4907410733,12,0,12
4916868335,12,1,13
696417743155961864,12,1,13
696871514331865088,12,2,14
700459026702843904,12,0,12
700636339134267393,12,2,14
700698868799770625,12,0,12
700977946278821888,12,1,13
701490129815232512,12,2,14
701492437013942274,12,0,12
702892267208613888,12,0,12
703588035657646080,12,3,15
705030954692296705,12,4,16
705474129747574784,12,0,12
705746995655348224,12,5,17
705806017817260032,12,0,12
705886754012704768,12,5,17
705921889865220096,12,1,13
706128519198212096,12,1,13
706156911914127360,12,0,12
706674998539255808,12,2,14
706914816129011713,12,6,18
706996318854582273,12,0,12
707295246044889088,12,0,12
707699576291987456,12,3,15
707763537360228358,12,1,13
707980807218925569,12,2,14
708227058393030656,12,0,12
708835236516265984,12,0,12
709468587312852993,12,0,12
709545721121382400,12,0,12
709927658021326852,12,2,14
710106915934740482,12,0,12
710545371978670081,12,0,12
710618632481579009,12,1,13
710633416509624321,12,2,14
710866401960042497,12,0,12
710900698305564672,12,1,13
711021349439938560,12,0,12
711230093394366464,12,12,24
712037070886273026,12,0,12
712354817310457856,12,2,14
712485281568563200,12,0,12
712994904423735297,12,1,13
713072811347062788,12,0,12
713489735428124672,12,1,13
713620167406686208,12,0,12
714144039923220480,12,0,12
714596724812058625,12,0,12
714607357242818560,12,1,13
714629622239866880,12,0,12
714924034379685888,12,6,18
714968310052311040,12,0,12
715318678556782592,12,1,13
715921333847252992,12,0,12
716467802090045441,12,0,12
717134635075903489,12,0,12
717156947401826306,12,0,12
718241485565648902,12,0,12
718428847469916160,12,11,23
718701414789357568,12,0,12
720123383460007936,12,0,12
720178737036197888,12,1,13
720255624848797697,12,0,12
720352493817847809,12,0,12
720793825053171713,12,0,12
723269377454407684,12,0,12
723349823479373824,12,0,12
723496982485020672,12,161,173
723604292121202688,12,1,13
723648895360724992,12,1,13
723660291146305536,12,0,12
723824079808004097,12,0,12
724078855418335234,12,6,18
725098999494090752,12,0,12
725352001085800449,12,6,18
727946680725803008,12,0,12
728153156094296065,12,0,12
728156279022059522,12,0,12
728208123614351361,12,0,12
729452939241099264,12,0,12
729614623796695041,12,11,23
729701933401903104,12,0,12
730082931117461504,12,19,31
730186674395852800,12,0,12
730268856577466368,12,1,13
730342863075151873,12,0,12
732179451560263681,12,0,12
732402077041709056,12,1,13
733029275352346624,12,1,13
733481165563158528,12,0,12
734571818846191616,12,11,23
735870468738191360,12,0,12
736989305172852738,12,1,13
738038591276752897,12,1,13
738164915886661634,12,0,12
738177614947356674,12,2,14
738450443752382464,12,0,12
739229974935146496,12,1,13
739724094313246721,12,0,12
741001428936884226,12,0,12
741037906249187328,12,34,46
741041510406365184,12,0,12
741303171214020612,12,0,12
741363111186161664,12,1,13
741444934918492161,12,1,13
741723231317528578,12,0,12
741804334543822848,12,4,16
742106585087004672,12,0,12
742142455122776065,12,0,12
742175568104456192,12,0,12
742351867397742592,12,0,12
742859534494924801,12,3,15
743062862042632192,12,0,12
743171415730327552,12,1,13
743457982613184513,12,0,12
743683803617468416,12,7,19
743958626516213760,12,0,12
744412608413995008,12,0,12
744490554336153600,12,1,13
744537539512459265,12,0,12
745432059431182336,12,0,12
745577002023870464,12,1,13
746360634338574337,12,0,12
746754766047318018,12,0,12
746759190798958593,12,0,12
746791682323128321,12,0,12
747468993275977728,12,1,13
747588039346511872,12,0,12
747899534743830528,12,1,13
748980190395535360,12,0,12
749248360444366849,12,0,12
749281706545385472,12,2,14
749305632600141824,12,0,12
749357607400472576,12,1,13
749484789804171265,12,0,12
749744276758786048,12,0,12
749767814366441472,12,0,12
749871391395151872,12,2,14
749992149152923648,12,0,12
751172799948025858,12,0,12
751249126096969728,12,0,12
751347479958794240,12,0,12
751435304159019008,12,3,15
752212450578169856,12,0,12
753314782241972224,12,3,15
753922996016967680,12,0,12
754415902817447936,12,0,12
754498974321614852,12,1,13
754710014032351232,12,1,13
754947357226262528,12,0,12
754953074838413312,12,0,12
755407686305394688,12,1,13
755486865797419009,12,1,13
755600659584458753,12,1,13
755623515362041856,12,18,30
755736270341414912,12,2,14
755860117254307840,12,79,91
755946180618575873,12,1,13
756221504375943169,12,0,12
756594390244569088,12,0,12
756615476197920769,12,0,12
756913372692525057,12,3,15
756949298395348993,12,72,84
757275166879559680,12,1,13
758092358755901441,12,0,12
758108306904748032,12,0,12
758168992896970753,12,0,12
758199902023266304,12,0,12
758509702728720385,12,16,28
758650563307470850,12,0,12
758675463787122688,12,0,12
758729030149431297,12,8,20
758754087865159682,12,1,13
758981394626326528,12,0,12
759112281812639746,12,8,20
759191982795141120,12,1,13
760295930964893696,12,0,12
760698497377107968,12,0,12
760863056251408384,12,0,12
761172699402084352,12,1,13
761939824764854272,12,0,12
761983062511120385,12,16,28
762310248635990016,12,1,13
762860219420467201,12,0,12
763053890745077760,12,0,12
763925487777308672,12,0,12
765913321031790593,12,0,12
766235816318435328,12,0,12
766577587250302976,12,0,12
767071229068972034,12,0,12
767170412283396100,12,1,13
768892541693558785,12,0,12
768940024209379328,12,1,13
770003054808760320,12,1,13
770800465072103428,12,0,12
771464938267312128,12,0,12
772710043020038146,12,0,12
773701952999985152,12,0,12
773703560143970308,12,0,12
774003396999249920,12,0,12
774670063727017984,12,0,12
774973371721408512,12,1,13
775115394331869184,12,0,12
775276509258981376,12,0,12
775565691042738176,12,0,12
775729349492215812,12,0,12
776122878836154369,12,0,12
776150936137961472,12,0,12
776167851099099137,12,0,12
776206082083467264,12,0,12
777504731807698946,12,0,12
777591877516296192,12,0,12
778225132368195584,12,0,12
778378792641236992,12,0,12
778472879683801088,12,1,13
778960094230896641,12,0,12
779312766180024321,12,3,15
780158200599367680,12,0,12
780584760531750913,12,1,13
781542996839899136,12,0,12
781673738160869376,12,1,13
781749524960194560,12,0,12
782799396048076800,12,0,12
782907069011726336,12,0,12
783190619627880448,12,0,12
783811014445891584,12,1,13
784439994416902148,12,0,12
784849902803181568,12,0,12
785144075196305408,12,0,12
785160949493735425,12,1,13
785207075265576960,12,2,14
785257376026914817,12,0,12
785278583581270018,12,0,12
785314361048834048,12,0,12
785340089672937472,12,0,12
785538817650372608,12,4,16
785820640876060672,12,1,13
785951760397447168,12,0,12
786143249303867392,12,0,12
786168990435414016,12,0,12
786605489576476673,12,1,13
786611393092919297,12,1,13
786674636788535296,12,1,13
786696414491451392,12,0,12
786736292809760769,12,0,12
786781482975006720,12,1,13
787105076347228160,12,0,12
787309116653867008,12,0,12
787723022991970304,12,0,12
788048169011712000,12,1,13
788052477128028160,12,0,12
788076017193742337,12,0,12
788162508876054529,12,10,22
788244109282516992,12,0,12
788404584972636162,12,0,12
788514315112423424,12,0,12
789116111564386305,12,0,12
789130020816035840,12,3,15
789758996500586497,12,0,12
789891312308805632,12,0,12
789907375738200064,12,3,15
790647603482341376,12,1,13
790716169976176641,12,0,12
791059761299152898,12,0,12
791120565855629312,12,0,12
792054519907643392,12,0,12
792366648858587136,12,0,12
792856864832708608,12,1,13
793618301427539968,12,0,12
794849166925172737,12,0,12
795110118413123584,12,0,12
795879665223303168,12,1,13
796561703215529984,12,0,12
796751888758796288,12,0,12
796888326024396800,12,0,12
797392807677804544,12,1,13
797483399061630976,12,1,13
797633742797938688,12,0,12
797655036662779904,12,0,12
798572765728997381,12,0,12
801404166828658688,12,0,12
803636890435874816,12,0,12
806743221627797504,12,0,12
705533,11,7,18
1001971,11,0,11
2012421,11,22,33
5412832,11,35,46
5510112,11,1,12
6013272,11,68,79
7420282,11,21,32
9003842,11,40,51
9700462,11,0,11
13896082,11,2,13
14027452,11,53,64
14084147,11,0,11
14086059,11,6,17
14313633,11,0,11
14376280,11,1,12
14622244,11,1,12
14848157,11,2,13
14883371,11,1,12
15007269,11,16,27
15108422,11,1,12
15178049,11,3,14
15460331,11,0,11
15474416,11,11,22
15505444,11,1,12
15740001,11,0,11
15812297,11,0,11
15864611,11,0,11
15995683,11,3,14
16146778,11,0,11
16295078,11,0,11
16408881,11,66,77
16518607,11,0,11
16522393,11,32,43
16527632,11,0,11
16987439,11,1,12
17014751,11,1,12
17123583,11,0,11
17171688,11,3,14
17215892,11,0,11
17223314,11,0,11
17526851,11,0,11
17721912,11,20,31
18111592,11,0,11
18125895,11,0,11
18220818,11,125,136
18437547,11,0,11
18452695,11,0,11
18493147,11,11,22
18646933,11,1,12
18749681,11,2,13
18766459,11,17,28
18811855,11,0,11
18819711,11,0,11
18819827,11,5,16
18825344,11,83,94
18839937,11,7,18
19167813,11,5,16
19191001,11,0,11
19222164,11,0,11
19311523,11,1,12
19311729,11,0,11
19396912,11,0,11
19401317,11,42,53
19414346,11,26,37
19427792,11,0,11
19500176,11,0,11
19757047,11,0,11
19876690,11,6,17
19987172,11,7,18
20194941,11,0,11
20240214,11,15,26
20308699,11,0,11
20418985,11,1,12
20791952,11,8,19
20932284,11,3,14
21012509,11,16,27
21052002,11,8,19
21095477,11,4,15
21363508,11,0,11
21802202,11,1,12
21860491,11,2,13
22072575,11,0,11
22170416,11,2,13
22211869,11,0,11
22566030,11,0,11
22743597,11,0,11
22848456,11,1,12
22977615,11,2,13
23031338,11,1,12
23067170,11,0,11
23110106,11,0,11
23210889,11,1,12
23438548,11,1,12
23584599,11,0,11
23610567,11,0,11
23703580,11,1,12
24142498,11,0,11
24320701,11,0,11
25181561,11,0,11
25603718,11,0,11
26070572,11,260,271
26219530,11,0,11
26232735,11,0,11
26439468,11,4,15
26514231,11,2,13
26659511,11,0,11
26858402,11,0,11
26891809,11,0,11
27031592,11,54,65
27124939,11,2,13
27136159,11,0,11
27300394,11,0,11
27394936,11,8,19
27506559,11,2,13
28006025,11,1,12
28399818,11,0,11
28672653,11,2,13
29009528,11,0,11
29092741,11,0,11
29173063,11,0,11
29241560,11,0,11
29500313,11,2,13
29926646,11,1,12
30207256,11,1,12
30230933,11,0,11
30440135,11,1,12
30567351,11,1,12
30800581,11,1,12
30944625,11,0,11
31471559,11,3,14
31888591,11,1,12
31934987,11,0,11
32464234,11,0,11
32525608,11,0,11
32734043,11,0,11
32772575,11,14,25
32870314,11,0,11
33180034,11,4,15
33258248,11,1,12
33459132,11,0,11
33876882,11,0,11
34033070,11,0,11
34079660,11,2,13
34430740,11,3,14
34431831,11,0,11
34617163,11,0,11
34994737,11,0,11
35403992,11,1,12
35511081,11,52,63
35729673,11,57,68
35993109,11,0,11
36299938,11,13,24
36653514,11,0,11
36813431,11,0,11
37086460,11,0,11
37161198,11,38,49
37390932,11,0,11
38098099,11,0,11
38267727,11,1,12
38616611,11,18,29
38716180,11,0,11
38817939,11,1,12
39409523,11,2,13
40010018,11,2,13
40133635,11,0,11
40381370,11,0,11
40602923,11,6,17
40773807,11,0,11
41194235,11,3,14
41746770,11,4,15
41787317,11,0,11
41884145,11,0,11
42489862,11,0,11
43018427,11,0,11
43304747,11,8,19
43673147,11,0,11
44044088,11,1,12
44112466,11,1,12
44185824,11,5,16
44204171,11,1,12
44360307,11,1,12
44828614,11,35,46
45494970,11,0,11
45600257,11,0,11
46012465,11,0,11
46950933,11,1,12
47051674,11,0,11
47093844,11,0,11
47652268,11,20,31
47713147,11,0,11
47744483,11,0,11
48124610,11,0,11
48359239,11,0,11
48598306,11,0,11
48719150,11,75,86
48913123,11,2,13
49032795,11,1,12
49217766,11,0,11
49702872,11,0,11
50154721,11,0,11
50558959,11,1,12
50848248,11,0,11
51378153,11,14,25
51383332,11,0,11
52056153,11,0,11
54161147,11,7,18
54317462,11,24,35
54914184,11,0,11
55620779,11,23,34
56719876,11,0,11
56862582,11,0,11
57440158,11,5,16
58348618,11,0,11
58394596,11,2,13
59370266,11,0,11
59847351,11,0,11
60055785,11,1,12
60357436,11,1,12
60634604,11,0,11
61084697,11,0,11
61377432,11,7,18
61663531,11,51,62
62035932,11,0,11
62043694,11,0,11
62050059,11,1,12
62394969,11,0,11
63692280,11,0,11
64260524,11,0,11
64309323,11,1,12
64334657,11,0,11
64671179,11,2,13
64686035,11,0,11
64758515,11,1,12
65453781,11,0,11
67169191,11,236,247
67470017,11,0,11
67513134,11,0,11
67688915,11,33,44
67806797,11,6,17
68457624,11,0,11
68831108,11,1,12
68845292,11,0,11
68861472,11,0,11
69406594,11,1,12
69947733,11,2,13
70982410,11,0,11
71384704,11,6,17
71393621,11,0,11
72084048,11,1,12
72391782,11,2,13
72640830,11,0,11
72931184,11,0,11
73026553,11,17,28
73137862,11,2,13
73393387,11,7,18
73454654,11,0,11
73914728,11,0,11
74571197,11,0,11
75020778,11,1,12
75224769,11,1,12
75630518,11,27,38
76538085,11,1,12
76647600,11,0,11
77578572,11,0,11
78565403,11,0,11
79053827,11,1,12
79160415,11,0,11
79258669,11,1,12
79796312,11,0,11
80500392,11,2,13
82033662,11,1,12
82464591,11,0,11
83761907,11,0,11
83793296,11,0,11
83949216,11,7,18
84504800,11,0,11
85719661,11,1,12
87229781,11,1,12
87823414,11,0,11
89812996,11,1,12
91405843,11,0,11
91638846,11,0,11
91681667,11,4,15
91863448,11,0,11
92308708,11,0,11
92414147,11,0,11
92939766,11,6,17
93107131,11,2,13
93270447,11,4,15
94158678,11,0,11
94764314,11,0,11
97164671,11,0,11
98197154,11,0,11
98427416,11,0,11
98696670,11,60,71
98890390,11,0,11
99116575,11,4,15
99488142,11,0,11
99814350,11,0,11
100332944,11,2,13
101262738,11,1,12
101596648,11,0,11
103428392,11,0,11
104229792,11,0,11
104571166,11,2,13
104667778,11,3,14
105299748,11,0,11
106788885,11,26,37
107692966,11,0,11
108459313,11,2,13
108697693,11,0,11
110247148,11,3,14
110555260,11,0,11
110772878,11,11,22
111860953,11,1,12
112044917,11,2,13
113238199,11,0,11
113640755,11,1,12
114259310,11,2,13
114316002,11,4,15
114900486,11,0,11
117584273,11,1,12
117870278,11,0,11
119300064,11,0,11
121511495,11,0,11
122448186,11,5,16
123233792,11,0,11
123378376,11,1,12
123941806,11,1,12
124007237,11,2,13
124536645,11,3,14
126987746,11,1,12
127039123,11,2,13
128372832,11,0,11
128668510,11,1,12
128749031,11,0,11
129436856,11,0,11
130320277,11,5,16
130574287,11,0,11
130939707,11,4,15
131460130,11,0,11
132133971,11,6,17
132999163,11,0,11
135980912,11,0,11
136434222,11,2,13
136696472,11,0,11
138560975,11,16,27
139230624,11,2,13
139398305,11,0,11
140469587,11,0,11
141573635,11,0,11
141751108,11,0,11
144705238,11,0,11
145552068,11,12,23
145735273,11,0,11
145883542,11,1,12
146665477,11,0,11
148486052,11,1,12
152535603,11,0,11
153177381,11,838,849
153849328,11,0,11
156325048,11,13,24
158060289,11,2,13
160527037,11,0,11
161269188,11,1,12
164484695,11,15,26
164770715,11,0,11
170113352,11,0,11
171527192,11,3,14
171599520,11,1,12
173923404,11,0,11
176118358,11,2,13
176860312,11,27,38
178865337,11,0,11
180185029,11,0,11
181307998,11,0,11
181358817,11,1,12
182839680,11,0,11
183842624,11,2,13
186656365,11,0,11
188527754,11,1,12
189075697,11,0,11
190378380,11,0,11
191297537,11,2,13
191555835,11,4,15
192075750,11,0,11
192321709,11,1,12
193825308,11,0,11
194268304,11,0,11
194977346,11,0,11
195271137,11,10,21
197404857,11,41,52
201223844,11,3,14
201277493,11,1,12
202053759,11,1,12
210592351,11,1,12
212598229,11,1,12
215002582,11,19,30
215567847,11,0,11
216738460,11,3,14
217893957,11,1,12
218744827,11,1,12
221278541,11,0,11
221787595,11,3,14
222644297,11,2,13
223372452,11,0,11
223929840,11,0,11
224142741,11,3,14
224310598,11,5,16
225324935,11,0,11
229614867,11,0,11
233361611,11,1,12
235795316,11,0,11
236478393,11,0,11
237825893,11,0,11
237981105,11,2,13
238071759,11,10,21
238577966,11,0,11
239036249,11,0,11
239622350,11,81,92
240228916,11,1,12
240719836,11,1,12
240786850,11,7,18
240793169,11,1,12
240878508,11,0,11
241541124,11,0,11
243185877,11,0,11
243836495,11,60,71
246867605,11,0,11
247024160,11,0,11
247921903,11,1,12
248875805,11,0,11
249170187,11,1,12
250372959,11,0,11
251018023,11,43,54
251047588,11,0,11
253368154,11,2,13
258595780,11,0,11
259283033,11,12,23
260379555,11,4,15
260802321,11,0,11
260892418,11,7,18
261029699,11,0,11
261527601,11,15,26
262993520,11,1,12
263644770,11,1,12
264362967,11,0,11
264799614,11,0,11
265047760,11,3,14
265180424,11,0,11
265858900,11,0,11
267183450,11,0,11
267431345,11,0,11
267557571,11,2,13
267981911,11,0,11
268013990,11,1,12
269614454,11,2,13
269854728,11,0,11
270684596,11,0,11
273812936,11,0,11
275370404,11,22,33
278146739,11,3,14
278643705,11,0,11
279288717,11,7,18
279351440,11,17,28
279790120,11,0,11
279806936,11,6,17
282115813,11,0,11
282411225,11,1,12
283179898,11,3,14
284846730,11,0,11
286769922,11,0,11
287661064,11,0,11
289253094,11,0,11
291868806,11,55,66
292452023,11,0,11
296001619,11,0,11
296561082,11,0,11
297057022,11,0,11
297719218,11,0,11
302008810,11,0,11
303122570,11,0,11
304434668,11,0,11
305318105,11,32,43
305982376,11,0,11
307000112,11,3,14
309211182,11,1,12
309411152,11,4,15
309809016,11,5,16
311007494,11,1,12
311759398,11,1,12
311784508,11,0,11
313750447,11,0,11
314268822,11,2,13
314947952,11,0,11
315690250,11,21,32
316788501,11,49,60
317745935,11,48,59
318671346,11,2,13
318741631,11,1,12
318904285,11,22,33
318938422,11,0,11
319134759,11,1,12
321347207,11,0,11
325776173,11,0,11
325862383,11,2,13
326010592,11,0,11
330759494,11,17,28
332637055,11,5,16
335043068,11,2,13
335533552,11,2,13
336007422,11,0,11
336913049,11,26,37
337225868,11,0,11
337457879,11,0,11
337961249,11,1,12
342669047,11,0,11
342843449,11,37,48
343096504,11,2,13
343396600,11,0,11
343417049,11,0,11
343573063,11,0,11
344233703,11,58,69
344909181,11,1,12
344990015,11,2,13
345443741,11,0,11
346272173,11,0,11
346781721,11,2,13
350800339,11,0,11
351055272,11,1,12
351633541,11,36,47
355086686,11,7,18
359102203,11,23,34
359924736,11,8,19
360727686,11,0,11
361527690,11,0,11
361658332,11,3,14
363330887,11,1,12
364198504,11,12,23
364510729,11,9,20
365665059,11,0,11
367426526,11,0,11
371520405,11,0,11
371873695,11,0,11
374139177,11,0,11
378863262,11,3,14
381178095,11,2,13
385192329,11,1,12
385603764,11,0,11
387415632,11,0,11
388768730,11,0,11
388909958,11,1,12
389686602,11,0,11
391409805,11,1,12
392186652,11,0,11
392223335,11,0,11
394303408,11,0,11
394688604,11,0,11
395267071,11,1,12
396716038,11,1,12
396735052,11,0,11
397428890,11,1,12
397934975,11,4,15
398292038,11,1,12
398336111,11,28,39
401128551,11,0,11
403668505,11,1,12
403979382,11,1,12
408208049,11,22,33
408830084,11,0,11
409424481,11,1,12
409663355,11,0,11
412738526,11,2,13
414550256,11,12,23
414786522,11,0,11
416494139,11,0,11
420810311,11,2,13
423351602,11,0,11
423501576,11,0,11
426690145,11,0,11
426948856,11,2,13
434608984,11,0,11
435006062,11,4,15
436060958,11,0,11
437994531,11,1,12
443910842,11,0,11
446474400,11,2,13
447661349,11,0,11
450241139,11,0,11
450361974,11,0,11
452794540,11,0,11
455537870,11,22,33
458408933,11,0,11
460685093,11,9,20
462570323,11,0,11
463156238,11,0,11
466341283,11,0,11
468697897,11,0,11
468727272,11,0,11
472262799,11,0,11
472554078,11,0,11
472937336,11,1,12
474370904,11,1,12
478057134,11,2,13
481250812,11,0,11
483401606,11,1,12
485143050,11,0,11
486346765,11,0,11
487119609,11,3,14
491289884,11,1,12
492310356,11,0,11
494610203,11,9,20
495132844,11,4,15
497078350,11,3,14
498959173,11,2,13
499756092,11,0,11
500257669,11,4,15
501164149,11,0,11
501837599,11,1,12
510470299,11,16,27
512697380,11,0,11
513781487,11,0,11
513826605,11,1,12
515680602,11,0,11
518601549,11,8,19
524008927,11,0,11
525707953,11,6,17
525983431,11,0,11
526964933,11,0,11
529509913,11,0,11
531611231,11,0,11
533469077,11,41,52
533527386,11,0,11
534569340,11,1,12
534580884,11,0,11
534879197,11,0,11
537453864,11,0,11
538670116,11,1,12
540966208,11,0,11
543260343,11,40,51
543817073,11,0,11
544737446,11,0,11
546153662,11,0,11
546249014,11,0,11
548769772,11,0,11
552139975,11,0,11
552241380,11,4,15
552695515,11,2,13
552716359,11,0,11
553995127,11,7,18
554408108,11,0,11
555068899,11,0,11
555786188,11,0,11
557402157,11,2,13
558058874,11,0,11
559173750,11,1,12
560179585,11,0,11
560259323,11,0,11
562364861,11,0,11
562398035,11,0,11
564042814,11,0,11
567770673,11,1,12
569431925,11,0,11
569744160,11,7,18
569836274,11,0,11
572981684,11,1,12
579046070,11,37,48
580020114,11,0,11
580095282,11,0,11
584149663,11,0,11
584276896,11,2,13
586707638,11,0,11
591349485,11,2,13
595412992,11,0,11
595827420,11,0,11
597267379,11,0,11
598709993,11,1,12
607274006,11,4,15
607751643,11,0,11
609362474,11,4,15
611362389,11,4,15
613364313,11,3,14
615135061,11,1,12
622142396,11,1,12
623258004,11,3,14
623831293,11,0,11
628653501,11,2,13
628780239,11,3,14
631080608,11,1,12
632578089,11,0,11
636318646,11,13,24
701729624,11,0,11
704218039,11,0,11
705198955,11,0,11
708620519,11,0,11
708888523,11,1,12
714399620,11,0,11
714855313,11,0,11
721728560,11,1,12
722513881,11,0,11
724542715,11,0,11
740763697,11,1,12
742081206,11,0,11
743614046,11,0,11
743764339,11,0,11
744136248,11,0,11
745503320,11,1,12
745566584,11,0,11
751492326,11,0,11
753790777,11,0,11
756445699,11,10,21
762754596,11,2,13
768297884,11,0,11
775067233,11,1,12
781178431,11,0,11
801191888,11,2,13
801749257,11,1,12
807811134,11,0,11
807975026,11,6,17
816265238,11,1,12
818295900,11,24,35
820700196,11,1,12
828112519,11,1,12
831089918,11,1,12
834672494,11,143,154
839183556,11,0,11
846221376,11,45,56
846626906,11,8,19
848229428,11,2,13
848375148,11,1,12
848730354,11,3,14
851846845,11,1,12
854997938,11,0,11
855072926,11,0,11
855094495,11,0,11
855180290,11,1,12
855280885,11,3,14
855487766,11,3,14
862166821,11,0,11
862192382,11,0,11
865472892,11,0,11
869049313,11,85,96
871823742,11,1,12
874495388,11,1,12
876423338,11,0,11
877699334,11,2,13
885798834,11,1,12
893345701,11,0,11
899131381,11,2,13
904104740,11,1,12
905955403,11,0,11
912977874,11,22,33
915935612,11,4,15
917521501,11,0,11
919500859,11,0,11
920161381,11,128,139
920393460,11,2,13
922368530,11,0,11
924334670,11,1,12
928787768,11,1,12
930051162,11,4,15
930791532,11,1,12
933319964,11,15,26
934620134,11,3,14
935018288,11,0,11
935722106,11,0,11
936244698,11,1,12
937556448,11,0,11
952599344,11,0,11
955970244,11,1,12
967784389,11,0,11
975643338,11,0,11
976805384,11,0,11
977332836,11,0,11
986996556,11,0,11
987588392,11,3,14
993399853,11,0,11
1003130904,11,121,132
1006257686,11,0,11
1009107476,11,0,11
1043445481,11,0,11
1046514787,11,2,13
1046587447,11,2,13
1050181782,11,0,11
1052922241,11,0,11
1056932990,11,37,48
1063988185,11,1,12
1072936848,11,2,13
1078589707,11,5,16
1092189457,11,0,11
1096420176,11,0,11
1101362138,11,2,13
1101691369,11,0,11
1111104085,11,0,11
1111752620,11,0,11
1115212868,11,0,11
1115643872,11,1,12
1125184970,11,0,11
1125766116,11,0,11
1137129229,11,1,12
1139639971,11,0,11
1157801984,11,2,13
1158926233,11,0,11
1160605580,11,0,11
1162651273,11,3,14
1208266848,11,1,12
1209721597,11,0,11
1210193988,11,0,11
1211008614,11,0,11
1214192959,11,54,65
1216643226,11,0,11
1223675347,11,0,11
1226489804,11,1,12
1228370592,11,0,11
1233457099,11,1,12
1242178909,11,0,11
1242851094,11,1,12
1248064668,11,0,11
1250313709,11,0,11
1260861564,11,0,11
1265767130,11,0,11
1271208319,11,3,14
1271848111,11,1,12
1281652094,11,0,11
1287447402,11,1,12
1287574106,11,0,11
1308475003,11,0,11
1311646866,11,0,11
1315554920,11,1,12
1317583297,11,1,12
1325453365,11,0,11
1327105052,11,19,30
1333033202,11,0,11
1335583519,11,0,11
1345006837,11,2,13
1348299643,11,3,14
1349829794,11,34,45
1350115040,11,1,12
1355916079,11,0,11
1357415036,11,0,11
1362381085,11,0,11
1373011183,11,0,11
1375536926,11,2,13
1390858441,11,0,11
1395591056,11,0,11
1400899944,11,1,12
1414820419,11,35,46
1415491820,11,3,14
1418680184,11,0,11
1423598928,11,0,11
1444360400,11,1,12
1445256876,11,2,13
1454705653,11,2,13
1462203223,11,0,11
1465613150,11,0,11
1470599562,11,1,12
1471608194,11,0,11
1475389968,11,4,15
1477123369,11,0,11
1486327489,11,1,12
1502284800,11,19,30
1507256996,11,0,11
1514848951,11,0,11
1514878441,11,0,11
1519986596,11,3,14
1536803004,11,2,13
1540299300,11,4,15
1554281011,11,0,11
1556088296,11,1,12
1591808970,11,2,13
1597591268,11,0,11
1598851118,11,3,14
1610810670,11,1,12
1614402283,11,0,11
1615786123,11,0,11
1615984831,11,0,11
1620029659,11,0,11
1635658110,11,0,11
1636486538,11,0,11
1647045721,11,2,13
1651240284,11,0,11
1653223616,11,3,14
1655470728,11,4,15
1661257675,11,0,11
1672180808,11,0,11
1677559327,11,0,11
1686850171,11,5,16
1690074282,11,0,11
1691291876,11,2,13
1691999024,11,0,11
1697696533,11,0,11
1699988293,11,4,15
1702585106,11,0,11
1702969784,11,0,11
1703193895,11,1,12
1710804738,11,1,12
1719670273,11,0,11
1733787151,11,0,11
1854040274,11,1,12
1866192355,11,3,14
1885149961,11,2,13
1900298802,11,0,11
1907896926,11,0,11
1909843507,11,0,11
1921142294,11,0,11
1921308133,11,0,11
1921344420,11,0,11
1923967274,11,0,11
1934758884,11,41,52
1944743929,11,0,11
1950781848,11,0,11
1950980395,11,28,39
1957608462,11,0,11
1959606073,11,1,12
1960870752,11,0,11
1962929653,11,2,13
1964928656,11,1,12
1965776280,11,1,12
1975987086,11,0,11
1978853149,11,2,13
2149994774,11,1,12
2156024396,11,0,11
2163103399,11,0,11
2171498804,11,0,11
2179059113,11,0,11
2182381315,11,7,18
2187374622,11,0,11
2188712977,11,8,19
2189039042,11,0,11
2191859718,11,0,11
2193267170,11,1,12
2194333496,11,0,11
2195416279,11,0,11
2196241000,11,8,19
2202106614,11,0,11
2202108901,11,0,11
2212878576,11,2,13
2215324533,11,0,11
2217679724,11,2,13
2225016656,11,0,11
2228537010,11,0,11
2233837096,11,0,11
2245894056,11,4,15
2249261083,11,0,11
2250948351,11,0,11
2256516282,11,3,14
2265360857,11,0,11
2266131546,11,0,11
2271226424,11,0,11
2278224500,11,2,13
2278356745,11,1,12
2292797061,11,2,13
2295262927,11,1,12
2295817282,11,0,11
2300227404,11,0,11
2306755645,11,6,17
2310924948,11,2,13
2314375435,11,0,11
2324263762,11,0,11
2324939314,11,1,12
2335065255,11,0,11
2339468420,11,0,11
2350559665,11,0,11
2355842196,11,1,12
2359819232,11,0,11
2363220258,11,0,11
2369612930,11,1,12
2369692271,11,0,11
2374656337,11,3,14
2375654282,11,1,12
2376434720,11,0,11
2379696580,11,1,12
2379993587,11,0,11
2388003450,11,0,11
2390174370,11,0,11
2391550429,11,0,11
2398194247,11,1,12
2400058789,11,0,11
2409052933,11,10,21
2413075801,11,1,12
2413940999,11,0,11
2418413280,11,6,17
2421043189,11,0,11
2427581443,11,0,11
2427889736,11,0,11
2434263815,11,0,11
2434772232,11,0,11
2438652797,11,0,11
2438805313,11,0,11
2440610366,11,0,11
2440905522,11,0,11
2447692999,11,0,11
2454796651,11,0,11
2457959039,11,1,12
2463929785,11,0,11
2464470806,11,4,15
2466724573,11,0,11
2469611575,11,2,13
2472079988,11,2,13
2473416096,11,1,12
2475024848,11,0,11
2479979356,11,0,11
2480887080,11,4,15
2482404660,11,0,11
2483244835,11,2,13
2493170000,11,0,11
2497308325,11,0,11
2499705264,11,0,11
2501724678,11,0,11
2509401895,11,0,11
2513390720,11,0,11
2526529889,11,11,22
2534508875,11,7,18
2545196700,11,4,15
2564308646,11,0,11
2568002604,11,0,11
2568160311,11,0,11
2570262103,11,0,11
2574395512,11,1,12
2579254155,11,0,11
2582547340,11,1,12
2587850581,11,0,11
2588528101,11,0,11
2588540720,11,4,15
2588581404,11,0,11
2590275548,11,1,12
2592271712,11,1,12
2593484425,11,24,35
2594968909,11,0,11
2596359046,11,0,11
2601846962,11,1,12
2603552835,11,1,12
2605952688,11,0,11
2606311707,11,0,11
2615829152,11,1,12
2616571734,11,2,13
2627893322,11,0,11
2629104117,11,0,11
2633824559,11,4,15
2646207776,11,0,11
2654535949,11,0,11
2671070290,11,0,11
2675311234,11,0,11
2678433367,11,0,11
2682918655,11,0,11
2689273202,11,3,14
2691093438,11,4,15
2691240056,11,0,11
2693404599,11,1,12
2721850295,11,0,11
2730319526,11,0,11
2733875528,11,3,14
2739446098,11,2,13
2742394456,11,0,11
2745921497,11,0,11
2747548045,11,0,11
2747658351,11,0,11
2749040727,11,1,12
2752784274,11,1,12
2760779967,11,1,12
2770622019,11,0,11
2777221206,11,0,11
2779417804,11,0,11
2781193266,11,0,11
2782630584,11,0,11
2786265003,11,1,12
2793308261,11,1,12
2793601186,11,0,11
2798286648,11,2,13
2799594497,11,5,16
2808848318,11,0,11
2809941750,11,0,11
2811932770,11,0,11
2815859062,11,0,11
2820844897,11,0,11
2821434011,11,20,31
2822868409,11,0,11
2826196509,11,0,11
2831534509,11,0,11
2833322863,11,5,16
2835903163,11,0,11
2839727669,11,0,11
2841627707,11,0,11
2841773610,11,0,11
2845913776,11,4,15
2848864980,11,0,11
2854152665,11,0,11
2857767103,11,1,12
2875271588,11,0,11
2875491974,11,0,11
2875873180,11,2,13
2881852751,11,0,11
2882999109,11,1,12
2885627313,11,2,13
2892456535,11,0,11
2893963694,11,0,11
2897107518,11,0,11
2899960626,11,2,13
2901907193,11,0,11
2904489946,11,0,11
2907946629,11,1,12
2923241218,11,3,14
2927181138,11,1,12
2937362579,11,12,23
2939237771,11,0,11
2941006409,11,6,17
2941152158,11,1,12
2958069049,11,0,11
2960772875,11,3,14
2961178498,11,0,11
2967894177,11,0,11
2972735807,11,0,11
2972932558,11,0,11
2974785586,11,70,81
2977382787,11,0,11
2988979741,11,0,11
2990517621,11,0,11
2994673310,11,1,12
2994978990,11,0,11
2995500181,11,0,11
2995825402,11,0,11
2996329019,11,1,12
2996514696,11,1,12
2997250788,11,1,12
2999497440,11,149,160
3003930491,11,0,11
3004309720,11,0,11
3010802233,11,1,12
3011465865,11,0,11
3012183971,11,0,11
3017958669,11,0,11
3025993936,11,0,11
3029911383,11,0,11
3031756050,11,0,11
3035056120,11,0,11
3036365594,11,1,12
3038553992,11,0,11
3045151622,11,1,12
3048422652,11,0,11
3051850966,11,1,12
3057670197,11,1,12
3059937965,11,0,11
3060854222,11,2,13
3064644926,11,0,11
3067130364,11,0,11
3068837529,11,1,12
3069163514,11,0,11
3071516547,11,0,11
3072831033,11,0,11
3076919760,11,1,12
3077905087,11,1,12
3081019024,11,0,11
3084785476,11,5,16
3084823395,11,0,11
3084860680,11,0,11
3085978206,11,3,14
3087452268,11,0,11
3091557700,11,3,14
3101574493,11,0,11
3103243210,11,0,11
3108027745,11,6,17
3110201067,11,2,13
3112035921,11,0,11
3112155426,11,0,11
3119096980,11,0,11
3122799060,11,10,21
3131343412,11,0,11
3133974666,11,0,11
3134474667,11,1,12
3135107821,11,0,11
3148522928,11,0,11
3148592893,11,0,11
3151312570,11,21,32
3153399655,11,0,11
3160708494,11,1,12
3170047914,11,0,11
3170683876,11,6,17
3171403045,11,1,12
3171422116,11,1,12
3172217882,11,1,12
3176662441,11,1,12
3176998279,11,0,11
3178814524,11,0,11
3178923979,11,0,11
3179084198,11,0,11
3179958949,11,0,11
3181187989,11,7,18
3181954158,11,0,11
3182887447,11,0,11
3183370095,11,0,11
3192020780,11,0,11
3193691988,11,0,11
3214349114,11,0,11
3225547108,11,3,14
3226376171,11,0,11
3227414731,11,9,20
3227919116,11,0,11
3229434722,11,0,11
3229492152,11,1,12
3232274136,11,1,12
3236538842,11,0,11
3237183498,11,0,11
3237609136,11,7,18
3244511682,11,0,11
3247348148,11,0,11
3248635749,11,1,12
3248965688,11,1,12
3252121958,11,25,36
3253153189,11,2,13
3255113765,11,0,11
3256944320,11,1,12
3258204612,11,1,12
3264123186,11,0,11
3270230738,11,1,12
3272326734,11,1,12
3272595564,11,0,11
3274689643,11,1,12
3275383039,11,0,11
3278076133,11,0,11
3278669598,11,0,11
3283783596,11,1,12
3289654440,11,0,11
3298128916,11,0,11
3308789250,11,4,15
3309753618,11,0,11
3310874893,11,0,11
3311757343,11,1,12
3317301801,11,0,11
3318503533,11,0,11
3327934583,11,0,11
3328043933,11,1,12
3328102393,11,5,16
3332903464,11,0,11
3333356885,11,1,12
3337133659,11,0,11
3342317704,11,0,11
3342522131,11,0,11
3346475663,11,0,11
3348455232,11,0,11
3394033251,11,0,11
3403519931,11,0,11
3404325946,11,0,11
3404390074,11,18,29
3408668458,11,0,11
3415977399,11,1,12
3418855400,11,2,13
3418994063,11,0,11
3419353702,11,65,76
3422511652,11,0,11
3435097906,11,0,11
3438644686,11,1,12
3441248655,11,1,12
3449344403,11,0,11
3450033556,11,0,11
3492203836,11,1,12
3497187625,11,0,11
3498448812,11,0,11
3503509043,11,0,11
3539082913,11,7,18
3543356362,11,0,11
3543870799,11,0,11
3558028035,11,0,11
3605828904,11,0,11
3622324935,11,0,11
3642163754,11,0,11
3651917112,11,0,11
3675403040,11,0,11
3677775437,11,1,12
3680608109,11,6,17
3685182948,11,0,11
3720713054,11,0,11
3754287622,11,0,11
3762320657,11,0,11
3788868135,11,0,11
3804956625,11,0,11
3807595214,11,0,11
3815927920,11,1,12
3834650237,11,2,13
3845582673,11,0,11
3859781662,11,0,11
3866369175,11,16,27
3873912433,11,6,17
3876709577,11,0,11
3911139081,11,0,11
3920854644,11,3,14
3950694159,11,0,11
3952698612,11,0,11
3953389639,11,3,14
3976560622,11,1,12
4004824692,11,1,12
4008860718,11,0,11
4012734315,11,3,14
4038783736,11,6,17
4053147072,11,0,11
4053891260,11,0,11
4071088492,11,0,11
4075874974,11,1,12
4077095548,11,0,11
4078073660,11,0,11
4086003312,11,0,11
4099415716,11,0,11
4117646112,11,0,11
4118925256,11,0,11
4151281694,11,0,11
4153594215,11,0,11
4165984775,11,0,11
4182951831,11,0,11
4199908287,11,1,12
4203455892,11,1,12
4213183510,11,0,11
4214599754,11,0,11
4227204897,11,0,11
4240150034,11,0,11
4241379074,11,1,12
4266881609,11,0,11
4298123908,11,0,11
4299954755,11,0,11
4305388873,11,3,14
4307119874,11,1,12
4312509795,11,1,12
4328945783,11,3,14
4329239013,11,0,11
4347523994,11,2,13
4420183276,11,0,11
4427995299,11,0,11
4436638932,11,0,11
4443849076,11,2,13
4448363774,11,3,14
4449490828,11,1,12
4472117056,11,0,11
4512883994,11,2,13
4535283420,11,18,29
4563504263,11,1,12
4576953622,11,0,11
4614670817,11,0,11
4632734963,11,1,12
4657150415,11,0,11
4659742590,11,0,11
4676174161,11,0,11
4704903234,11,17,28
4722186135,11,0,11
4740342396,11,0,11
4741190490,11,0,11
4748709972,11,0,11
4758004043,11,0,11
4761925692,11,0,11
4775740979,11,0,11
4776835354,11,16,27
4785452834,11,2,13
4800893461,11,0,11
4819157590,11,27,38
4823162091,11,0,11
4830044313,11,1,12
4830068535,11,1,12
4834710185,11,0,11
4835246710,11,0,11
4841954193,11,0,11
4842451454,11,1,12
4849750820,11,0,11
4855733668,11,1,12
4856251086,11,0,11
4857106433,11,0,11
4860867953,11,5,16
4871818929,11,0,11
4872730967,11,0,11
4874296275,11,0,11
4877208435,11,66,77
4885049127,11,0,11
4886575125,11,0,11
4889707168,11,0,11
4896430526,11,4,15
4898819754,11,0,11
4900268315,11,105,116
4903042407,11,0,11
4904628554,11,0,11
4906409482,11,2,13
4911571972,11,3,14
4912885600,11,0,11
4912992253,11,2,13
4913220145,11,1,12
4916352934,11,9,20
699573666879770624,11,1,12
701101753786195969,11,0,11
701169921053605888,11,0,11
701251180010283009,11,2,13
701381438579548160,11,1,12
701390217979232256,11,0,11
701525143366082562,11,0,11
701740131653255168,11,0,11
701808166917554176,11,0,11
702254147366682625,11,0,11
703090118886760448,11,3,14
703683242986225665,11,0,11
703728059678072832,11,1,12
704103766094536704,11,2,13
704482520604270596,11,0,11
704495575043997696,11,0,11
704525383585165313,11,6,17
704558530607513604,11,0,11
705052228319633412,11,0,11
705172085740589057,11,1,12
705437726615724032,11,8,19
705439840188375040,11,1,12
705548276167254016,11,0,11
705551270615117828,11,0,11
705557193773457410,11,0,11
705878532237479937,11,0,11
705976781724127233,11,0,11
706123781799026688,11,0,11
706698361475358724,11,11,22
707388676251238400,11,2,13
707787460902830080,11,0,11
708117633569312772,11,23,34
708552860703678464,11,0,11
708682073754697728,11,0,11
709016113619709952,11,1,12
709114497022078976,11,1,12
709135631096553472,11,1,12
709418075406217216,11,3,14
709555077544079360,11,0,11
709788824004460544,11,0,11
709928696291811329,11,1,12
710520904871239681,11,3,14
711387643490074624,11,0,11
712399748905443329,11,28,39
713143138840403968,11,0,11
713362624352792576,11,1,12
713874298876796928,11,1,12
714607592576794624,11,0,11
714708791967760386,11,1,12
714965177297408000,11,2,13
715245650259099651,11,40,51
715641557194567680,11,179,190
715652166266912770,11,0,11
715738296270393344,11,0,11
716299079370674176,11,0,11
716775092882112516,11,0,11
717381804236386305,11,0,11
718099606064795648,11,2,13
718432394894815232,11,0,11
718474383644364800,11,0,11
719238154004340736,11,1,12
719507357303091200,11,6,17
720111873857830912,11,1,12
720271780028526592,11,0,11
720437521872719872,11,3,14
720820563569037314,11,0,11
722062962987515904,11,1,12
722439224469753856,11,4,15
724651140785266688,11,0,11
724696368170840064,11,0,11
724717898875457536,11,0,11
725074852596580353,11,2,13
725419857366249473,11,1,12
726338403210563584,11,1,12
726803491725832192,11,1,12
726987392112947202,11,4,15
727358129789362176,11,0,11
727685565408108544,11,23,34
727761903787905025,11,0,11
727894575293988864,11,0,11
728398792643489792,11,0,11
728645222125608960,11,0,11
728665425148452864,11,1,12
729533103434137600,11,1,12
729709984217337856,11,0,11
730141801881853952,11,3,14
730443694688616449,11,0,11
730484017535930369,11,0,11
730508487034343424,11,2,13
730929136563294209,11,0,11
731175541374636032,11,5,16
732600794768375808,11,1,12
732723604127907841,11,11,22
732975522775470080,11,0,11
733094237923737601,11,19,30
733290699681042432,11,0,11
733398220819177472,11,1,12
733675883240816640,11,1,12
734209084765835264,11,0,11
734705685284282370,11,4,15
734787984634089472,11,10,21
734855055820525568,11,0,11
735039784326995968,11,1,12
735294871355822080,11,0,11
735494197608775680,11,0,11
735777086950887425,11,3,14
735911906490384384,11,2,13
736926810277974016,11,0,11
738197044334989313,11,1,12
738527003888910337,11,0,11
739090023136395265,11,5,16
739158653308182528,11,0,11
739188505968967681,11,0,11
739210420796456960,11,0,11
739430105664086016,11,0,11
739968715307909120,11,1,12
740308194640072704,11,0,11
740611738450722817,11,6,17
740945219403841536,11,0,11
740968060744437760,11,0,11
741005260966264832,11,0,11
741623396853747712,11,11,22
741702005035433984,11,0,11
741742612302954496,11,0,11
741807204756381697,11,0,11
742589578846994435,11,14,25
743180450261270529,11,0,11
743638292931895296,11,2,13
743869366135988225,11,0,11
744203524028784640,11,1,12
744263602413047808,11,0,11
744401878910382080,11,3,14
744938458813173761,11,0,11
746175774365982720,11,0,11
746224643673980928,11,0,11
746336757164179456,11,1,12
747118471519993857,11,0,11
747966168238067712,11,0,11
748574902345687040,11,0,11
749463831148105728,11,2,13
749745267314794496,11,0,11
750397296546721792,11,0,11
750666061997944832,11,0,11
750910915608993794,11,0,11
751269621563428864,11,5,16
751424713591758848,11,3,14
751661042090938368,11,0,11
751979597781098496,11,0,11
752018400621113344,11,0,11
752602144084221952,11,0,11
752606938597384192,11,10,21
753181247073980416,11,2,13
753618771810586624,11,6,17
753960630650929152,11,0,11
754787262626406400,11,0,11
754824433290711040,11,1,12
755449313321422848,11,0,11
755793525615136768,11,0,11
755942369338363904,11,0,11
756180291895627776,11,0,11
756244954440163328,11,18,29
756245687809912834,11,0,11
756256735363473408,11,2,13
756546057924907008,11,0,11
756572416596283392,11,0,11
757222668877828096,11,8,19
757669401973825536,11,3,14
757712564621041666,11,0,11
758013219562672128,11,0,11
758124816943738880,11,0,11
758321901571833856,11,0,11
758801925571645441,11,0,11
759141813378703360,11,0,11
759184794370580481,11,0,11
759878181289533441,11,11,22
760130823374843904,11,2,13
760219896680583169,11,10,21
760451474757300225,11,0,11
760598084673863680,11,1,12
760621288708710401,11,0,11
760668323394654208,11,0,11
760922160600846336,11,0,11
760927817634869250,11,1,12
760989396996755456,11,0,11
761013111142748160,11,0,11
762004868903104512,11,0,11
763413182480199680,11,0,11
763836004411113472,11,3,14
764157807180521472,11,0,11
764520020407754752,11,0,11
764977090760413184,11,0,11
765022691837501440,11,2,13
765627118692737024,11,1,12
765957211935891456,11,0,11
766507241772085248,11,0,11
766894742265294848,11,0,11
767080776282144768,11,0,11
767910430299660288,11,2,13
768379499868262400,11,0,11
768605282616258560,11,0,11
768640002238451712,11,0,11
770033227956355073,11,1,12
770808287818317825,11,3,14
771016020832256000,11,4,15
771218637269049345,11,0,11
771896343459692544,11,13,24
773227050475945984,11,0,11
773485964316532740,11,1,12
773912333534068736,11,0,11
774074669230071809,11,0,11
774275247520358400,11,1,12
774699305349242881,11,0,11
775020183731703808,11,0,11
775062723054931968,11,1,12
775089970117738496,11,1,12
775509051199279105,11,0,11
775798427493937153,11,0,11
776053234448207872,11,2,13
776080266498482176,11,2,13
776080693646458884,11,0,11
776140137637879808,11,0,11
776419358989885440,11,1,12
776508632263385088,11,2,13
776565331007381505,11,1,12
776865781413928960,11,1,12
777305844589420544,11,3,14
777607168115609600,11,0,11
778278911448911873,11,0,11
779010543738769408,11,0,11
780545209843093504,11,2,13
780569934262702080,11,0,11
780626138032771072,11,2,13
780721516824494080,11,0,11
780826571560984576,11,0,11
781107480361246720,11,3,14
781170602937753606,11,0,11
782111499204657160,11,2,13
782204501780561920,11,0,11
782381791021703168,11,0,11
782682681049964544,11,1,12
782766079063928832,11,0,11
782885967107596288,11,0,11
783115182751027200,11,1,12
783470886095581184,11,1,12
783494805221441536,11,0,11
783879158371721216,11,0,11
784140273471352833,11,0,11
784275388704796672,11,1,12
784533262714765313,11,4,15
784818742203150337,11,0,11
784835360484384768,11,0,11
785024801991569409,11,5,16
785085185960185857,11,0,11
785263754355232768,11,0,11
785310696191975424,11,0,11
785315846709141505,11,0,11
785464361506762752,11,0,11
785527538424672256,11,0,11
785594454505730048,11,1,12
785620643584802817,11,0,11
785644452949831684,11,0,11
785654264945192960,11,1,12
785731597580500992,11,0,11
785876900530888705,11,0,11
786185636419993600,11,0,11
786207894329036800,11,0,11
786339770628571136,11,0,11
787281956769828864,11,0,11
787480673691074560,11,0,11
787486093205708800,11,0,11
787499324481662984,11,0,11
787588590582792192,11,3,14
787730355289718784,11,1,12
788107036722622464,11,4,15
788158832174260224,11,0,11
788285091839668224,11,0,11
788875453478146048,11,1,12
788894405503684609,11,0,11
788895208452726785,11,0,11
788962153688465409,11,0,11
789615759949434880,11,0,11
789867970587754503,11,2,13
789896985230860288,11,1,12
790332048774868992,11,0,11
790431844403671040,11,0,11
790591868967026692,11,1,12
791044004230070276,11,0,11
792009192362024960,11,0,11
792088063618887681,11,0,11
793243982990049281,11,1,12
793693064074145792,11,0,11
794936247785496576,11,0,11
795091453416472577,11,0,11
795110748351365120,11,0,11
795160047148011520,11,0,11
795498658418421760,11,1,12
795618355248033792,11,0,11
796245251568599041,11,0,11
796398557779685377,11,0,11
796710032696078336,11,0,11
796828984814145537,11,1,12
797601447269531648,11,0,11
797705994897858561,11,0,11
798738127720353792,11,0,11
799412449699135488,11,0,11
800795339229831168,11,0,11
5571722,10,156,166
7842642,10,4,14
9231922,10,2,12
9688782,10,2,12
11170072,10,62,72
13527262,10,0,10
14065668,10,4,14
14072986,10,0,10
14219183,10,1,11
14288278,10,16,26
14380000,10,1,11
14633791,10,0,10
14862190,10,0,10
14959069,10,2,12
15009171,10,66,76
15046754,10,1,11
15165978,10,0,10
15369890,10,0,10
15486485,10,5,15
15501218,10,0,10
15542839,10,0,10
15574123,10,5,15
15605002,10,0,10
15913759,10,0,10
15983306,10,15,25
16020483,10,7,17
16105684,10,1,11
16177985,10,1,11
16207074,10,0,10
16209935,10,103,113
16369099,10,3,13
16478244,10,1,11
16816250,10,0,10
16845216,10,0,10
17115086,10,28,38
17202741,10,7,17
17235735,10,151,161
17311215,10,3,13
17395881,10,2,12
17527890,10,10,20
17698956,10,9,19
17777577,10,11,21
17828872,10,3,13
17877441,10,1,11
17914526,10,2,12
17940596,10,0,10
17967986,10,1,11
18066027,10,0,10
18190887,10,36,46
18379617,10,0,10
18381162,10,23,33
18422538,10,2,12
18482912,10,151,161
18530932,10,10,20
18534316,10,2,12
18581270,10,0,10
18773427,10,1,11
18956827,10,0,10
19009348,10,3,13
19048187,10,0,10
19061844,10,0,10
19370504,10,1,11
19417073,10,0,10
19503822,10,16,26
19577919,10,1,11
19720870,10,0,10
19770571,10,1,11
20118774,10,0,10
20176362,10,0,10
20271982,10,0,10
20308223,10,22,32
20478797,10,0,10
20502577,10,1,11
20520465,10,34,44
20597843,10,0,10
20700426,10,1,11
20726960,10,4,14
20746964,10,1,11
20765275,10,0,10
20994410,10,1,11
21147939,10,139,149
21151911,10,7,17
21270878,10,0,10
21488137,10,0,10
21913215,10,0,10
21938258,10,0,10
22001536,10,25,35
22108107,10,3,13
22300470,10,0,10
22322494,10,0,10
22406631,10,0,10
22409500,10,0,10
22620555,10,0,10
22626662,10,0,10
22826406,10,1,11
22887909,10,0,10
22914767,10,1,11
22937565,10,2,12
22965280,10,0,10
23010592,10,11,21
23063106,10,2,12
23111056,10,0,10
23158778,10,1,11
23229372,10,0,10
23527854,10,10,20
23673033,10,0,10
23755470,10,0,10
23819224,10,1,11
23852537,10,16,26
24088739,10,8,18
24101567,10,19,29
24532988,10,1,11
24655764,10,0,10
24784813,10,1,11
24811659,10,0,10
24816558,10,15,25
24929873,10,0,10
25126813,10,1,11
25364074,10,0,10
25380273,10,0,10
25618812,10,1,11
25731846,10,3,13
25818951,10,0,10
25826256,10,3,13
25846786,10,1,11
25927615,10,8,18
26007626,10,3,13
26214759,10,0,10
26540997,10,0,10
26834837,10,0,10
27213300,10,0,10
27229913,10,0,10
27251947,10,0,10
28253192,10,0,10
28395951,10,0,10
28407974,10,0,10
28414285,10,2,12
28442833,10,0,10
28559660,10,0,10
28779853,10,62,72
28782732,10,1,11
28945493,10,1,11
29222167,10,2,12
29353906,10,3,13
29440928,10,0,10
29514563,10,1,11
29835907,10,0,10
30543406,10,87,97
30578724,10,20,30
30703000,10,1,11
31197002,10,0,10
31332030,10,0,10
31447151,10,0,10
31468308,10,0,10
31524862,10,0,10
31657533,10,1,11
32130643,10,0,10
32271566,10,11,21
32411566,10,3,13
32573077,10,0,10
32641831,10,3,13
32680990,10,48,58
33255665,10,1,11
33515643,10,0,10
33588485,10,1,11
33860798,10,0,10
34106464,10,2,12
34220819,10,1,11
34246527,10,0,10
34684104,10,39,49
34791275,10,0,10
35144769,10,0,10
35462142,10,1,11
36028398,10,0,10
36344253,10,1,11
36587746,10,2,12
36735027,10,0,10
37049304,10,1,11
37087574,10,0,10
37624597,10,1,11
37812299,10,0,10
37961076,10,0,10
38504729,10,0,10
38968497,10,0,10
39526741,10,31,41
39609732,10,22,32
39623253,10,4,14
39660840,10,0,10
39663786,10,4,14
40433776,10,6,16
40615928,10,2,12
40855401,10,0,10
41181211,10,0,10
41653312,10,3,13
41776069,10,1,11
41956321,10,0,10
42184881,10,0,10
42288138,10,3,13
42703989,10,2,12
42813978,10,1,11
42823799,10,0,10
43218524,10,0,10
43412697,10,9,19
43513640,10,1,11
43811472,10,8,18
43845924,10,10,20
44175599,10,48,58
44214174,10,0,10
44540404,10,2,12
44547422,10,0,10
44593234,10,0,10
44714333,10,10,20
44737850,10,0,10
45134652,10,0,10
45204376,10,0,10
45446236,10,1,11
45838237,10,0,10
46347178,10,0,10
46712366,10,0,10
47290331,10,26,36
47497573,10,2,12
47767554,10,0,10
47796102,10,0,10
48586974,10,0,10
48638828,10,0,10
48734245,10,1,11
48753669,10,0,10
49181612,10,1,11
49495858,10,4,14
49817093,10,19,29
50023547,10,0,10
50178238,10,0,10
51080960,10,3,13
51188162,10,1,11
51265351,10,1,11
51294455,10,1,11
51369135,10,17,27
52247954,10,2,12
52626107,10,3,13
52885287,10,0,10
52948121,10,0,10
53151746,10,0,10
53158947,10,71,81
53162642,10,1,11
54003634,10,0,10
54086590,10,0,10
54511337,10,0,10
54600895,10,0,10
54668690,10,2,12
54815802,10,3,13
54861430,10,19,29
55115515,10,0,10
55134590,10,0,10
55875886,10,0,10
56339757,10,0,10
56587569,10,0,10
58053920,10,1,11
58419769,10,0,10
58654886,10,5,15
58760309,10,1,11
58896487,10,124,134
59016368,10,22,32
59073766,10,0,10
59269083,10,4,14
60329634,10,0,10
60874698,10,1,11
60927886,10,2,12
61825183,10,1,11
62056893,10,130,140
63976434,10,23,33
64863630,10,1,11
65368061,10,1,11
65410315,10,1,11
66837106,10,0,10
67015043,10,0,10
67244474,10,8,18
67769151,10,1,11
68063926,10,0,10
69183762,10,6,16
69337056,10,0,10
69361283,10,0,10
69899745,10,0,10
70097953,10,2,12
70766002,10,0,10
71337419,10,0,10
72256690,10,0,10
72284258,10,1,11
72344238,10,0,10
72547665,10,0,10
72718265,10,0,10
73027741,10,1,11
73529910,10,6,16
74018034,10,0,10
74775685,10,18,28
75340557,10,7,17
77848351,10,0,10
77999169,10,0,10
78308431,10,0,10
78695505,10,0,10
79567010,10,17,27
79618434,10,3,13
80328018,10,0,10
80734453,10,0,10
82453088,10,0,10
84617107,10,0,10
85990809,10,0,10
86085411,10,0,10
86357486,10,0,10
87307100,10,8,18
87355541,10,18,28
87817154,10,1,11
89273033,10,7,17
89939612,10,0,10
90530282,10,3,13
91173409,10,0,10
92815726,10,0,10
93679605,10,1,11
93953785,10,40,50
95329289,10,0,10
95939629,10,4,14
96481476,10,2,12
96650660,10,0,10
96696524,10,0,10
97106823,10,15,25
97507883,10,12,22
97569139,10,18,28
97913549,10,3,13
97962058,10,0,10
98042404,10,0,10
99110821,10,0,10
100316416,10,1,11
100572200,10,0,10
100638300,10,6,16
100670448,10,0,10
101138879,10,1,11
103935375,10,0,10
105504557,10,1,11
107953123,10,0,10
108161949,10,0,10
108288348,10,120,130
112003104,10,145,155
115570917,10,1,11
115801376,10,0,10
116347255,10,1,11
116980444,10,0,10
117853825,10,1,11
118421729,10,2,12
118938583,10,0,10
119323247,10,46,56
120539610,10,2,12
120871216,10,0,10
121266148,10,11,21
121860074,10,1,11
122154699,10,16,26
122928358,10,0,10
123481914,10,0,10
124825351,10,2,12
125396502,10,1,11
128120523,10,0,10
128939408,10,0,10
129024290,10,33,43
129511255,10,1,11
129715930,10,0,10
131042222,10,28,38
131050067,10,79,89
131239767,10,2,12
131610096,10,0,10
132991167,10,0,10
133946836,10,30,40
135602045,10,0,10
137716570,10,6,16
137777900,10,5,15
139910513,10,7,17
141878237,10,1,11
142463302,10,1,11
144402222,10,141,151
144876935,10,1,11
145879939,10,0,10
146058718,10,0,10
146155132,10,2,12
146183450,10,0,10
146730310,10,3,13
147580943,10,1,11
148661860,10,0,10
148908323,10,86,96
152714150,10,0,10
153799376,10,0,10
154064880,10,1,11
154555528,10,4,14
155008479,10,2,12
155337678,10,4,14
158402263,10,1,11
161887676,10,0,10
162753639,10,0,10
166467079,10,1,11
168388282,10,0,10
170406097,10,7,17
170475006,10,0,10
170887045,10,0,10
170952653,10,11,21
171216845,10,1,11
178885682,10,0,10
182935271,10,3,13
183499665,10,0,10
184383206,10,0,10
184997953,10,0,10
185927983,10,3,13
186290391,10,3,13
189681002,10,1,11
189737138,10,19,29
190891064,10,0,10
197429311,10,0,10
198819722,10,0,10
199465159,10,0,10
199470690,10,0,10
199678444,10,7,17
201823120,10,1,11
202035385,10,124,134
202836813,10,0,10
203406677,10,4,14
205831539,10,0,10
207072407,10,14,24
208732393,10,1,11
211499356,10,4,14
215975398,10,0,10
216123608,10,62,72
216487132,10,0,10
216603871,10,8,18
218245143,10,0,10
219793074,10,2,12
223876832,10,0,10
224018819,10,0,10
225260105,10,0,10
229010922,10,62,72
230036465,10,0,10
231606907,10,1,11
233779154,10,0,10
234622732,10,0,10
234642415,10,0,10
234922535,10,33,43
236526211,10,0,10
236893175,10,0,10
237139744,10,10,20
237593267,10,63,73
239058599,10,0,10
239581467,10,1,11
240522143,10,0,10
245569660,10,14,24
246238212,10,1,11
247455239,10,11,21
248275148,10,0,10
249834165,10,0,10
250376516,10,1,11
251878368,10,0,10
252748037,10,8,18
254818045,10,42,52
255340030,10,8,18
255483863,10,1,11
258076812,10,1,11
259129597,10,0,10
260011994,10,1,11
260522885,10,3,13
261451222,10,2,12
261497320,10,0,10
262171977,10,1,11
262780966,10,0,10
263234628,10,0,10
263410291,10,0,10
263708901,10,0,10
265725258,10,0,10
266059682,10,0,10
266850915,10,1,11
267467141,10,0,10
268168355,10,0,10
269085077,10,24,34
269353064,10,0,10
269992592,10,29,39
270535444,10,5,15
270973788,10,1,11
271795526,10,0,10
272132327,10,1,11
272783925,10,0,10
274179146,10,4,14
274258400,10,0,10
275233496,10,0,10
275276082,10,2,12
275679915,10,0,10
276095403,10,0,10
278049813,10,1,11
279234400,10,1,11
279316846,10,0,10
279628372,10,31,41
279822815,10,1,11
281092955,10,0,10
281721758,10,0,10
281877426,10,1,11
284648348,10,2,12
284731683,10,14,24
286322211,10,0,10
287322864,10,1,11
288961609,10,0,10
291361298,10,3,13
292103649,10,0,10
292692792,10,1,11
293271546,10,0,10
293284965,10,0,10
293665598,10,0,10
294213625,10,5,15
294509447,10,0,10
294787955,10,2,12
295932014,10,74,84
296604314,10,0,10
296834171,10,9,19
298695663,10,0,10
299161165,10,1,11
299228906,10,0,10
300488301,10,3,13
303521781,10,0,10
307907552,10,0,10
307913061,10,1,11
308222821,10,2,12
308604051,10,2,12
311342393,10,0,10
313530139,10,0,10
313941898,10,2,12
314519673,10,0,10
316364374,10,2,12
317246039,10,2,12
317561814,10,0,10
318621840,10,0,10
322054650,10,2,12
322874617,10,61,71
322895481,10,0,10
323337476,10,26,36
326452743,10,1,11
326732300,10,2,12
327657101,10,1,11
328143110,10,0,10
328741551,10,6,16
329166379,10,1,11
330148472,10,0,10
330771231,10,60,70
332984833,10,0,10
334134145,10,0,10
334730492,10,2,12
335613205,10,0,10
336775280,10,0,10
338467038,10,0,10
339082008,10,1,11
339521196,10,0,10
339893590,10,0,10
340253624,10,1,11
340294381,10,0,10
340683851,10,0,10
340952504,10,0,10
340980967,10,0,10
341233344,10,0,10
343007213,10,0,10
343465413,10,2,12
348734313,10,1,11
349819048,10,0,10
349898755,10,1,11
351653245,10,0,10
351823873,10,0,10
352072843,10,2,12
352586387,10,0,10
352859537,10,3,13
353239455,10,4,14
355713763,10,1,11
357729263,10,0,10
357817948,10,0,10
357924464,10,1,11
357939135,10,12,22
358218141,10,0,10
359010473,10,0,10
360652481,10,3,13
360723409,10,0,10
362001861,10,1,11
363161920,10,2,12
363985639,10,18,28
366690549,10,3,13
368525958,10,0,10
369592587,10,0,10
371982724,10,13,23
372848586,10,0,10
374290030,10,0,10
374599895,10,1,11
374764453,10,1,11
376288180,10,0,10
376458821,10,0,10
377575457,10,28,38
377830987,10,1,11
378390995,10,1,11
381873115,10,0,10
384043976,10,0,10
384570304,10,1,11
385836840,10,0,10
386082360,10,0,10
387857768,10,1,11
389292271,10,1,11
390178886,10,0,10
391719827,10,0,10
397172056,10,1,11
397612974,10,1,11
398340930,10,13,23
398393025,10,1,11
399239649,10,0,10
400203320,10,2,12
400379938,10,0,10
406377134,10,4,14
409741368,10,0,10
410964810,10,0,10
413184303,10,0,10
416377136,10,0,10
423839876,10,0,10
424363677,10,1,11
426210026,10,4,14
426892332,10,0,10
428302607,10,4,14
429929648,10,0,10
429978338,10,0,10
430840583,10,0,10
433229670,10,0,10
433387573,10,6,16
433946568,10,1,11
434360225,10,0,10
434857744,10,1,11
435464482,10,0,10
437681707,10,1,11
440167969,10,0,10
440391170,10,8,18
441270898,10,0,10
443013691,10,0,10
444386403,10,1,11
450059289,10,5,15
450267097,10,99,109
453386205,10,0,10
454197368,10,1,11
454324253,10,0,10
456037169,10,0,10
456202115,10,11,21
456842824,10,0,10
459332360,10,2,12
460520524,10,0,10
461635875,10,3,13
463483290,10,10,20
463537535,10,0,10
465826318,10,2,12
467386811,10,0,10
467825214,10,1,11
468278460,10,0,10
468618988,10,5,15
469244020,10,0,10
473236629,10,0,10
473709363,10,2,12
475450120,10,0,10
475554054,10,0,10
475572052,10,0,10
476898525,10,0,10
477832142,10,3,13
478295779,10,7,17
478899060,10,0,10
478984061,10,0,10
483539927,10,1,11
488234766,10,0,10
489180869,10,3,13
490437706,10,0,10
491923643,10,0,10
495614150,10,1,11
499471551,10,2,12
503756696,10,0,10
504847403,10,0,10
513834256,10,4,14
516912490,10,0,10
519974177,10,9,19
520626587,10,61,71
521928012,10,1,11
522132942,10,0,10
523950505,10,1,11
526664338,10,0,10
526671102,10,1,11
529456136,10,0,10
529557969,10,4,14
529763939,10,0,10
530877503,10,0,10
531564117,10,1,11
533400318,10,0,10
533530422,10,0,10
533721677,10,3,13
534792444,10,0,10
536929169,10,0,10
537709549,10,0,10
538257314,10,0,10
538337023,10,9,19
538610388,10,0,10
538656884,10,1,11
540002461,10,1,11
541293033,10,0,10
541919727,10,0,10
542922913,10,3,13
544838906,10,0,10
544874430,10,0,10
547205894,10,5,15
548388647,10,0,10
550715963,10,3,13
552810773,10,3,13
553172208,10,1,11
553548133,10,0,10
553740112,10,48,58
555040488,10,1,11
556658845,10,11,21
559081349,10,0,10
560362455,10,1,11
560665296,10,0,10
561583269,10,0,10
562053811,10,0,10
562930209,10,2,12
563205805,10,29,39
563688119,10,0,10
566353229,10,0,10
568688449,10,0,10
569487350,10,32,42
571027186,10,0,10
571533105,10,0,10
572820254,10,0,10
574084903,10,0,10
575656947,10,0,10
577513238,10,0,10
577756908,10,2,12
579338060,10,0,10
581039229,10,0,10
583482579,10,0,10
584052515,10,0,10
584397627,10,0,10
586694930,10,0,10
589000540,10,0,10
591891764,10,0,10
591903580,10,0,10
594520217,10,0,10
596043875,10,0,10
598264079,10,6,16
600145734,10,0,10
601551966,10,5,15
602910095,10,0,10
604228674,10,2,12
605624487,10,0,10
606567829,10,0,10
606667062,10,14,24
606785697,10,1,11
611399070,10,10,20
612093871,10,0,10
613850216,10,0,10
616466701,10,0,10
619488277,10,18,28
619509404,10,0,10
620245426,10,4,14
623277000,10,0,10
627762974,10,2,12
628955969,10,0,10
632934491,10,0,10
635032578,10,0,10
700034240,10,0,10
701999378,10,26,36
703916466,10,1,11
711208879,10,0,10
716465976,10,3,13
718145934,10,0,10
722819899,10,0,10
729652363,10,5,15
731829991,10,1,11
739189993,10,1,11
745880052,10,0,10
756942518,10,1,11
758014770,10,0,10
760864550,10,0,10
762052279,10,2,12
769480195,10,17,27
774719010,10,2,12
775280857,10,1,11
783046681,10,0,10
783195542,10,0,10
783575304,10,4,14
784820684,10,90,100
785246875,10,0,10
790399874,10,0,10
799756278,10,8,18
801502376,10,1,11
802961934,10,1,11
803926081,10,1,11
804073411,10,3,13
808544330,10,1,11
819262818,10,12,22
841004390,10,0,10
841341013,10,0,10
847713127,10,3,13
852620468,10,0,10
852642062,10,0,10
854913649,10,0,10
860783509,10,0,10
861301399,10,0,10
861631604,10,0,10
865602043,10,0,10
866267076,10,0,10
866934979,10,0,10
869728555,10,0,10
874752151,10,0,10
874846453,10,96,106
876656678,10,0,10
877527739,10,5,15
883850946,10,0,10
885765198,10,0,10
889596158,10,1,11
890007588,10,3,13
890872201,10,0,10
892174826,10,1,11
895721450,10,1,11
898206432,10,49,59
898365620,10,2,12
899169187,10,0,10
900829346,10,0,10
902045462,10,0,10
904304628,10,0,10
909145771,10,1,11
917179748,10,1,11
919160035,10,0,10
921038472,10,0,10
923976336,10,34,44
927638324,10,3,13
929731064,10,1,11
932723538,10,0,10
939899893,10,0,10
942147613,10,1,11
942236784,10,0,10
942868836,10,0,10
944837424,10,1,11
945482738,10,0,10
950354640,10,1,11
956048053,10,0,10
964170745,10,0,10
968723978,10,0,10
974511630,10,5,15
979056638,10,0,10
985187502,10,0,10
994386872,10,22,32
1002366092,10,0,10
1011428408,10,3,13
1014326994,10,0,10
1016763488,10,0,10
1020763850,10,0,10
1022293861,10,28,38
1026860244,10,1,11
1032665540,10,0,10
1035000889,10,0,10
1036486183,10,1,11
1043819138,10,0,10
1050005634,10,1,11
1061178032,10,0,10
1063432339,10,1,11
1066985066,10,0,10
1071490063,10,8,18
1076818814,10,0,10
1077028063,10,0,10
1089732643,10,3,13
1100318570,10,0,10
1100391716,10,2,12
1112359477,10,0,10
1117029090,10,1,11
1125688890,10,0,10
1137524118,10,10,20
1137799622,10,0,10
1155007404,10,7,17
1164814765,10,3,13
1167205136,10,0,10
1170149732,10,1,11
1173360571,10,0,10
1176912091,10,0,10
1205550085,10,48,58
1207452780,10,0,10
1208553805,10,0,10
1213972514,10,0,10
1222679678,10,3,13
1227793224,10,1,11
1241860640,10,0,10
1242190802,10,0,10
1242723871,10,0,10
1246408237,10,0,10
1250006042,10,0,10
1250535073,10,1,11
1257719485,10,25,35
1260207822,10,0,10
1262505014,10,5,15
1263202135,10,0,10
1277978136,10,0,10
1284530156,10,0,10
1286867520,10,22,32
1287321284,10,1,11
1290142435,10,38,48
1301531803,10,0,10
1301901212,10,20,30
1302505034,10,0,10
1307660906,10,3,13
1311448525,10,0,10
1323236257,10,0,10
1325882347,10,0,10
1327768950,10,0,10
1340448301,10,1,11
1345660627,10,0,10
1345941733,10,0,10
1349866704,10,3,13
1357164391,10,0,10
1358641766,10,0,10
1367140224,10,1,11
1369285800,10,35,45
1369357352,10,0,10
1375964054,10,0,10
1388337031,10,9,19
1401029203,10,0,10
1412919601,10,0,10
1413448424,10,0,10
1419210396,10,0,10
1427535488,10,1,11
1435654578,10,1,11
1442783420,10,0,10
1443082112,10,4,14
1447936830,10,1,11
1449114272,10,1,11
1450414459,10,0,10
1452604796,10,0,10
1455175776,10,0,10
1461086515,10,0,10
1468307190,10,0,10
1475168784,10,22,32
1481016696,10,0,10
1483053272,10,0,10
1486674336,10,2,12
1487094450,10,0,10
1494045720,10,0,10
1499472000,10,11,21
1514916049,10,1,11
1529457523,10,0,10
1531846970,10,0,10
1537704361,10,1,11
1538494374,10,0,10
1546561820,10,0,10
1546894628,10,0,10
1547474228,10,0,10
1549296625,10,0,10
1562142696,10,0,10
1562836566,10,0,10
1563916915,10,0,10
1566965744,10,0,10
1568717942,10,0,10
1571127812,10,0,10
1574402593,10,1,11
1580405179,10,0,10
1580643684,10,0,10
1586312654,10,1,11
1587185166,10,15,25
1599418940,10,0,10
1599539792,10,0,10
1605994580,10,0,10
1606356049,10,42,52
1607171634,10,0,10
1609316660,10,0,10
1609984734,10,13,23
1618507111,10,1,11
1618800769,10,1,11
1623471690,10,2,12
1625597406,10,4,14
1630910881,10,24,34
1641052512,10,1,11
1645449049,10,0,10
1657707204,10,0,10
1670724644,10,0,10
1683484854,10,0,10
1683858493,10,0,10
1687321508,10,0,10
1691236458,10,0,10
1692575712,10,0,10
1699745701,10,3,13
1700316972,10,0,10
1705884792,10,0,10
1707780828,10,0,10
1711286238,10,0,10
1711365822,10,0,10
1717464030,10,1,11
1722764826,10,0,10
1723331594,10,0,10
1726533902,10,0,10
1727008657,10,18,28
1734836569,10,0,10
1752360288,10,1,11
1770958698,10,0,10
1829525600,10,0,10
1840913168,10,0,10
1850775848,10,1,11
1860776852,10,0,10
1866727674,10,0,10
1873861741,10,0,10
1882828009,10,0,10
1905414793,10,0,10
1914419054,10,0,10
1917633942,10,0,10
1918263128,10,0,10
1918489034,10,1,11
1921950984,10,1,11
1932283777,10,0,10
1934964421,10,154,164
1947767731,10,0,10
1951095218,10,1,11
1952211870,10,1,11
1954390692,10,0,10
1955193708,10,0,10
1958727554,10,0,10
1960768950,10,3,13
1963220574,10,1,11
1974842598,10,1,11
2147888194,10,0,10
2155001304,10,0,10
2180415108,10,0,10
2181199579,10,1,11
2189201049,10,0,10
2199933581,10,0,10
2202372500,10,1,11
2203238088,10,0,10
2206141170,10,9,19
2208041432,10,0,10
2211013354,10,0,10
2212759952,10,0,10
2215830596,10,0,10
2215910083,10,0,10
2221165218,10,0,10
2227552357,10,0,10
2227838853,10,0,10
2238120434,10,1,11
2240002320,10,1,11
2241421868,10,0,10
2251639206,10,0,10
2253563196,10,0,10
2259517514,10,0,10
2261111439,10,1,11
2262672047,10,0,10
2269411915,10,2,12
2272138994,10,64,74
2277942935,10,1,11
2279978629,10,0,10
2280283009,10,1,11
2287030892,10,10,20
2290108143,10,0,10
2296723068,10,2,12
2298930451,10,0,10
2304121382,10,0,10
2304319056,10,23,33
2305228178,10,5,15
2318153100,10,0,10
2321499875,10,0,10
2322368578,10,2,12
2323252804,10,1,11
2326184845,10,1,11
2326514417,10,2,12
2331977852,10,0,10
2333916575,10,1,11
2334612829,10,0,10
2338762903,10,0,10
2343577562,10,14,24
2343936058,10,0,10
2352611904,10,1,11
2354935326,10,0,10
2357027029,10,0,10
2358534583,10,1,11
2358672325,10,1,11
2362915794,10,1,11
2363307127,10,1,11
2364700938,10,0,10
2367086851,10,2,12
2371297874,10,2,12
2377564772,10,1,11
2378409896,10,1,11
2378914268,10,1,11
2380715400,10,0,10
2381321772,10,0,10
2384328451,10,0,10
2386614031,10,0,10
2389386862,10,0,10
2391853732,10,0,10
2393253456,10,0,10
2393369804,10,0,10
2396858888,10,4,14
2398593854,10,2,12
2402225641,10,1,11
2402303611,10,27,37
2409632538,10,9,19
2412816537,10,1,11
2415127392,10,1,11
2417586104,10,1,11
2423606548,10,0,10
2428920877,10,0,10
2429313248,10,0,10
2430673386,10,0,10
2431094911,10,0,10
2433235432,10,1,11
2434102818,10,1,11
2441894240,10,1,11
2444571416,10,0,10
2447914248,10,1,11
2451418584,10,16,26
2453634234,10,0,10
2454236318,10,0,10
2458374253,10,0,10
2460350113,10,0,10
2462593091,10,1,11
2463354259,10,0,10
2463378625,10,19,29
2466043429,10,0,10
2468101495,10,0,10
2473305967,10,3,13
2474999570,10,0,10
2475769051,10,19,29
2479871138,10,1,11
2480080226,10,0,10
2486160777,10,0,10
2490355825,10,0,10
2491825146,10,0,10
2499165794,10,0,10
2506066094,10,1,11
2507276972,10,0,10
2521254096,10,0,10
2527515936,10,0,10
2530987138,10,3,13
2532680672,10,1,11
2537333757,10,0,10
2545884908,10,0,10
2546736998,10,1,11
2552996484,10,0,10
2555513832,10,1,11
2557488391,10,0,10
2559149844,10,0,10
2561142020,10,0,10
2569731922,10,3,13
2570274991,10,0,10
2570972747,10,1,11
2574703407,10,1,11
2588323809,10,0,10
2588568421,10,0,10
2589689174,10,4,14
2593696995,10,0,10
2602686098,10,0,10
2603953490,10,0,10
2611786073,10,1,11
2612934314,10,0,10
2613590478,10,0,10
2615820680,10,0,10
2628711701,10,0,10
2645291986,10,0,10
2652732326,10,0,10
2653341560,10,0,10
2657709709,10,0,10
2661167788,10,1,11
2667821193,10,0,10
2673078199,10,0,10
2680580866,10,8,18
2684058000,10,0,10
2692469789,10,0,10
2693116293,10,1,11
2695627871,10,0,10
2699094471,10,0,10
2713618781,10,3,13
2713849393,10,0,10
2731478779,10,0,10
2733029784,10,0,10
2737125488,10,1,11
2740491340,10,0,10
2742104771,10,0,10
2742628637,10,2,12
2745176117,10,1,11
2746541138,10,5,15
2747099716,10,3,13
2753883446,10,1,11
2755311881,10,0,10
2759012185,10,0,10
2762885558,10,1,11
2764580401,10,3,13
2766174322,10,0,10
2769886611,10,0,10
2775587916,10,0,10
2778995155,10,0,10
2779621147,10,0,10
2780407495,10,0,10
2780478996,10,0,10
2780785403,10,1,11
2781200082,10,0,10
2781277783,10,0,10
2783396654,10,0,10
2787411518,10,1,11
2787942258,10,0,10
2792729874,10,8,18
2793020689,10,57,67
2793150001,10,2,12
2799276557,10,0,10
2800843867,10,1,11
2801820871,10,1,11
2811062947,10,0,10
2820140579,10,1,11
2826499106,10,4,14
2831473664,10,2,12
2831804001,10,1,11
2832644723,10,0,10
2833599255,10,5,15
2834860795,10,1,11
2839316676,10,0,10
2840103078,10,0,10
2840219010,10,1,11
2840520116,10,0,10
2840713095,10,0,10
2847083497,10,0,10
2848503083,10,1,11
2849949796,10,1,11
2850579939,10,0,10
2850903357,10,0,10
2854551200,10,0,10
2857771655,10,9,19
2858341588,10,6,16
2864468770,10,0,10
2865078826,10,1,11
2867586112,10,5,15
2867719759,10,0,10
2870315974,10,3,13
2871699791,10,1,11
2871795699,10,0,10
2872387038,10,0,10
2879956370,10,0,10
2883505697,10,0,10
2891681734,10,0,10
2892463623,10,0,10
2892535205,10,4,14
2892852362,10,0,10
2899955344,10,0,10
2900781590,10,3,13
2900984811,10,1,11
2909903733,10,0,10
2910092858,10,2,12
2913209563,10,0,10
2921278775,10,15,25
2926061818,10,7,17
2927233263,10,1,11
2928154079,10,0,10
2929717149,10,2,12
2949398243,10,0,10
2952468264,10,3,13
2953261335,10,0,10
2958523294,10,2,12
2958830564,10,3,13
2960249159,10,8,18
2968330587,10,0,10
2968481939,10,0,10
2970400353,10,1,11
2975257231,10,0,10
2976810483,10,182,192
2979773758,10,0,10
2980000654,10,0,10
2992034264,10,6,16
2997864920,10,0,10
2998737566,10,0,10
2999638343,10,3,13
3007312531,10,0,10
3008029927,10,0,10
3009175853,10,16,26
3010259259,10,0,10
3011513190,10,0,10
3016301278,10,0,10
3018532475,10,0,10
3038340215,10,9,19
3038614791,10,0,10
3045973431,10,9,19
3050516844,10,0,10
3056018300,10,0,10
3060244937,10,0,10
3061261547,10,0,10
3063708263,10,0,10
3063802258,10,0,10
3076219563,10,0,10
3078562100,10,60,70
3083844539,10,1,11
3086220939,10,0,10
3094435388,10,0,10
3097484633,10,0,10
3111909523,10,2,12
3115304298,10,1,11
3118659049,10,0,10
3119929410,10,1,11
3120302359,10,9,19
3126905602,10,0,10
3133797870,10,0,10
3145730380,10,3,13
3159425433,10,0,10
3161147966,10,0,10
3163178317,10,0,10
3165997104,10,0,10
3168005255,10,0,10
3172006139,10,0,10
3173879842,10,27,37
3177406031,10,0,10
3178065296,10,0,10
3181210090,10,0,10
3186715336,10,0,10
3190902729,10,0,10
3192937475,10,11,21
3195076478,10,1,11
3202107005,10,0,10
3211576837,10,1,11
3223458122,10,4,14
3225685982,10,0,10
3226586376,10,0,10
3226950827,10,2,12
3229172975,10,0,10
3233174600,10,0,10
3233879149,10,0,10
3235639109,10,0,10
3237711840,10,0,10
3239853627,10,47,57
3241409597,10,0,10
3248349859,10,4,14
3253489471,10,0,10
3254190093,10,0,10
3256116492,10,33,43
3265679569,10,0,10
3269656412,10,0,10
3282693403,10,0,10
3283756188,10,0,10
3286130401,10,0,10
3287659878,10,0,10
3290643121,10,0,10
3290842206,10,0,10
3291637669,10,0,10
3292048846,10,0,10
3295715749,10,4,14
3296514445,10,1,11
3298234152,10,0,10
3301040848,10,3,13
3303967731,10,0,10
3304347244,10,0,10
3305845840,10,0,10
3306090875,10,0,10
3306265337,10,0,10
3306930701,10,16,26
3308663534,10,0,10
3308866333,10,2,12
3309268112,10,0,10
3309305760,10,1,11
3310023698,10,0,10
3311983278,10,2,12
3313940136,10,2,12
3319810454,10,30,40
3320120707,10,0,10
3320392887,10,0,10
3320447807,10,0,10
3320555191,10,2,12
3327516764,10,0,10
3327593884,10,0,10
3327758641,10,42,52
3329860151,10,1,11
3342101242,10,0,10
3342741827,10,0,10
3346735799,10,9,19
3348510679,10,0,10
3355041838,10,0,10
3356146994,10,1,11
3361038493,10,5,15
3365171523,10,16,26
3371741680,10,0,10
3374440762,10,0,10
3374647212,10,1,11
3376810798,10,1,11
3381695367,10,0,10
3382312012,10,0,10
3383073681,10,0,10
3383657457,10,0,10
3386286814,10,0,10
3387527914,10,0,10
3390023307,10,0,10
3394684998,10,1,11
3397207899,10,0,10
3399904743,10,0,10
3406121739,10,0,10
3409655338,10,0,10
3416265153,10,0,10
3428472718,10,0,10
3429135509,10,1,11
3435924995,10,0,10
3438745348,10,1,11
3451727663,10,1,11
3459412169,10,0,10
3484118776,10,0,10
3496393154,10,0,10
3499878918,10,0,10
3503169862,10,1,11
3507420497,10,0,10
3538830740,10,2,12
3561811036,10,0,10
3577137252,10,0,10
3589422500,10,0,10
3617532793,10,0,10
3666404372,10,0,10
3689169497,10,0,10
3722602276,10,0,10
3730022054,10,2,12
3739786632,10,0,10
3783122241,10,0,10
3795998303,10,0,10
3808314734,10,1,11
3827365758,10,0,10
3833502322,10,0,10
3838475435,10,1,11
3861567736,10,0,10
3872205735,10,0,10
3874077699,10,0,10
3887131992,10,0,10
3896778134,10,0,10
3898840581,10,0,10
3899145492,10,0,10
3900935425,10,0,10
3904437158,10,0,10
3912394822,10,3,13
3929560529,10,0,10
3939152837,10,0,10
3950081506,10,0,10
3956737300,10,0,10
3975956538,10,1,11
4010369609,10,2,12
4020413554,10,1,11
4027012534,10,0,10
4038741921,10,2,12
4039410981,10,0,10
4041169169,10,3,13
4057035495,10,1,11
4057356801,10,74,84
4067337334,10,5,15
4081771644,10,0,10
4086136396,10,0,10
4086447441,10,1,11
4091455097,10,0,10
4096530674,10,2,12
4102617258,10,8,18
4115673438,10,0,10
4125442934,10,0,10
4126921437,10,0,10
4141243093,10,2,12
4141815258,10,0,10
4144384361,10,1,11
4181675859,10,0,10
4185118883,10,0,10
4189775609,10,0,10
4210667523,10,0,10
4212015219,10,1,11
4262215333,10,4,14
4277216177,10,11,21
4366070954,10,5,15
4383115349,10,0,10
4411527681,10,0,10
4429503141,10,0,10
4444576933,10,0,10
4445209994,10,0,10
4449318081,10,0,10
4451225532,10,0,10
4466716993,10,0,10
4476032003,10,0,10
4481916574,10,0,10
4499382678,10,0,10
4510764854,10,0,10
4511278280,10,0,10
4548279453,10,0,10
4557407658,10,0,10
4569244632,10,0,10
4573920214,10,1,11
4608269780,10,1,11
4609452674,10,1,11
4610995719,10,8,18
4645922963,10,0,10
4662933002,10,5,15
4665243981,10,1,11
4688373872,10,7,17
4704039667,10,2,12
4720968158,10,2,12
4756017559,10,1,11
4760593343,10,0,10
4776613892,10,14,24
4780961057,10,0,10
4782856836,10,0,10
4788972573,10,0,10
4804372884,10,0,10
4809543600,10,0,10
4815469048,10,0,10
4818298274,10,0,10
4819321691,10,3,13
4828614073,10,0,10
4830944081,10,7,17
4831352594,10,1,11
4831641581,10,0,10
4833874481,10,3,13
4838192846,10,1,11
4838523956,10,0,10
4838673759,10,2,12
4840249546,10,0,10
4843884292,10,0,10
4848238043,10,2,12
4853777416,10,0,10
4856767812,10,0,10
4860368123,10,0,10
4860736271,10,0,10
4861871890,10,1,11
4865334508,10,45,55
4872603089,10,1,11
4873960652,10,2,12
4879183150,10,56,66
4881847257,10,0,10
4883688742,10,0,10
4892643881,10,0,10
4894000274,10,9,19
4894877693,10,1,11
4902794331,10,0,10
4911314093,10,2,12
4919451090,10,2,12
4925415976,10,1,11
695290100737929218,10,0,10
700441705758265350,10,0,10
700544106594856961,10,0,10
700639034318548993,10,0,10
700726711546064896,10,1,11
700812850873311232,10,0,10
701224270526083072,10,0,10
701592824924364800,10,0,10
701830739025911808,10,0,10
701989220265697280,10,0,10
702120607471816704,10,0,10
702200373172428800,10,0,10
702633532313739264,10,1,11
703380038561964032,10,0,10
703581361844654081,10,0,10
703670927645499392,10,0,10
704023361844879361,10,0,10
704040836145815552,10,0,10
704117955882127360,10,6,16
704140813349974016,10,0,10
704427759804624896,10,0,10
704729072169947136,10,2,12
704736456116273152,10,0,10
704863841092505600,10,21,31
704906124693217280,10,0,10
705143118979399680,10,22,32
705195722606583808,10,0,10
705299931834290177,10,0,10
705487857897623554,10,0,10
705508067144818689,10,1,11
705607742736703488,10,1,11
705616803230121984,10,0,10
705636641847676928,10,0,10
706952388561600513,10,0,10
707296252669652992,10,0,10
707327295128772608,10,0,10
707330148555628544,10,0,10
707832567869771776,10,0,10
707978596049166338,10,0,10
708425240964145152,10,2,12
708468090074480641,10,0,10
708518497119309824,10,1,11
708626908787941377,10,0,10
708776094711750657,10,0,10
709091389464645633,10,0,10
709172832429809665,10,0,10
709524373363924992,10,0,10
709550205176156162,10,1,11
709894499070300161,10,0,10
710097166560313345,10,2,12
710867071912026112,10,1,11
710998180117159937,10,0,10
711232483396886528,10,0,10
711373360429715458,10,0,10
711386385110999040,10,0,10
711795222842380288,10,1,11
712300111888568320,10,2,12
712382148636880897,10,2,12
712584710157774848,10,2,12
712682112244137984,10,0,10
712685293955059713,10,0,10
712702791777718273,10,0,10
712819464782225408,10,0,10
713099220425658368,10,0,10
713168670445338624,10,4,14
713369358223994880,10,0,10
713418456905818112,10,18,28
713767367000596480,10,1,11
714127839570870272,10,0,10
714622006407335936,10,3,13
714838816884916228,10,1,11
715281166488588288,10,1,11
715320961927479296,10,1,11
715743138527064065,10,2,12
715878240242507777,10,0,10
716488053272014848,10,0,10
716612449533689856,10,0,10
716819927160774657,10,4,14
717161505091772416,10,1,11
718183052627808256,10,1,11
719556613070192640,10,0,10
720229617156669440,10,0,10
721699336015380480,10,3,13
723167125272027137,10,5,15
723383977755570177,10,0,10
723474596738031616,10,1,11
723603674841382913,10,0,10
723623430407467008,10,0,10
724282165178032131,10,10,20
724425954739773441,10,0,10
725033078628974597,10,0,10
726241551744000000,10,1,11
726346881786372096,10,0,10
726842340640362497,10,3,13
727206536636936194,10,10,20
728215387939069952,10,8,18
728284676188688387,10,1,11
728286540216999936,10,0,10
728433956169752576,10,2,12
728839564593225728,10,0,10
729526987405070336,10,0,10
729756102477422592,10,8,18
730591215830351872,10,0,10
730873015269883904,10,13,23
731165050883477513,10,0,10
731238790916935680,10,0,10
731844151499718656,10,0,10
732012258432180224,10,6,16
732733728401686531,10,0,10
733853846259142656,10,0,10
734029863380766721,10,0,10
734401771666165760,10,0,10
734444602409811968,10,3,13
734504715703066624,10,0,10
734887488141959168,10,0,10
734958804199182336,10,0,10
735527929225052161,10,0,10
735530285916389376,10,1,11
736063150240325634,10,12,22
736497346079395840,10,1,11
736843248585576448,10,1,11
737771442788519936,10,0,10
737834352428613632,10,0,10
737968834909331457,10,0,10
738417343093673984,10,1,11
739094150075813888,10,3,13
739333162203897860,10,0,10
739850773090078721,10,28,38
739975807431495680,10,3,13
740275760049586177,10,1,11
740619218647953408,10,3,13
740756939647377408,10,2,12
740993073598111745,10,1,11
741296545996414976,10,3,13
741793819478237184,10,0,10
742065146353180672,10,1,11
742100226689863682,10,0,10
742138082997239808,10,1,11
742480632249360385,10,0,10
742811178376646656,10,0,10
742921902474153984,10,2,12
743291698042703872,10,2,12
743335053401300994,10,2,12
743824532906119168,10,0,10
743954310770401285,10,0,10
743954467884675074,10,0,10
744252001572233216,10,43,53
744880670875455488,10,0,10
745470693135900676,10,0,10
745497035575431168,10,0,10
746413157049077760,10,0,10
746757036847751168,10,0,10
747226117438832640,10,0,10
747576081578852352,10,26,36
747807617414664193,10,1,11
748175082745364480,10,0,10
748327206753959936,10,1,11
748593675039539201,10,0,10
748627345276186625,10,10,20
749236698102374401,10,0,10
749417968501743616,10,0,10
749784296802570241,10,0,10
749938508098314240,10,0,10
749989614065037312,10,0,10
750417114213658624,10,0,10
750419122543034368,10,2,12
750438661376864256,10,1,11
750502962385063937,10,0,10
751432166660251650,10,5,15
751971240261218304,10,0,10
753528829268922369,10,0,10
753736936209219584,10,2,12
753935178968489984,10,0,10
754112616121769984,10,2,12
754381785543303168,10,0,10
754678979395805184,10,0,10
754928298598264832,10,9,19
755092431998218240,10,0,10
755256792888729602,10,2,12
755441809254289408,10,1,11
755535709868466176,10,21,31
755815930358329348,10,1,11
755910867691057152,10,1,11
756585003207757824,10,1,11
756950883213148160,10,0,10
757295654939033600,10,0,10
757405132883529729,10,6,16
757656087956893696,10,0,10
757719911930134528,10,1,11
757722173737996289,10,0,10
757731418428481536,10,0,10
757754759105261569,10,1,11
757972493105664000,10,0,10
757984837818916864,10,0,10
758060341049700356,10,0,10
758573811298033664,10,1,11
759107470283243520,10,0,10
759248776238395392,10,1,11
759638568436326400,10,0,10
760116613605527552,10,1,11
760142560413175808,10,1,11
760322493701844992,10,1,11
760453815002816512,10,0,10
760811213848584194,10,0,10
761685114984116224,10,1,11
761786947383603200,10,2,12
762104058329137152,10,0,10
762464992931123204,10,0,10
762675478704427008,10,0,10
762753709172482052,10,4,14
762797417909465088,10,1,11
762981063559897088,10,0,10
763339423727648772,10,1,11
763377489443971072,10,7,17
763512833984360448,10,0,10
764784252907098113,10,0,10
764882446101966848,10,1,11
764896738943471616,10,1,11
765302083440508928,10,0,10
765324586699239424,10,0,10
765501002669776896,10,2,12
765811638469595136,10,0,10
766034387406352384,10,0,10
766477868914401280,10,0,10
767875039072890880,10,1,11
767919198366408704,10,0,10
768091573229846528,10,0,10
769262450864783360,10,1,11
769266818099863557,10,4,14
769422258985066496,10,3,13
769427579895943168,10,0,10
769683082253312000,10,0,10
769739836236324869,10,0,10
770397637325496320,10,2,12
770516984903499776,10,3,13
770615165603553280,10,0,10
771714014476922881,10,12,22
771750479202099200,10,0,10
771860466331185152,10,2,12
773224974320410624,10,0,10
773618323762384896,10,0,10
773622069091336193,10,1,11
773744009802047489,10,0,10
774053956796420097,10,0,10
774990955233550336,10,1,11
775339967807643648,10,2,12
775342792469983232,10,0,10
776268757115236353,10,0,10
776506085121417217,10,1,11
776553487605702656,10,0,10
776753351207813121,10,0,10
776837544117989376,10,0,10
776841887667847168,10,0,10
777153907797753856,10,0,10
777203976269856768,10,0,10
778309163684274176,10,1,11
778808312347303936,10,1,11
779429817892515840,10,0,10
779470117944123392,10,0,10
779774736108748800,10,0,10
779857218531307520,10,1,11
780027974301220864,10,1,11
780508420629733376,10,0,10
780511311415300096,10,28,38
780537030392426504,10,0,10
780604330286067712,10,1,11
780726692411084800,10,0,10
780887002992349184,10,0,10
781310402684739585,10,0,10
781855472991207424,10,1,11
781915888563859456,10,1,11
781917545062363136,10,0,10
782051632246906880,10,0,10
782275352831860736,10,0,10
782692772172083200,10,0,10
782713202551382016,10,1,11
782869833184665600,10,0,10
782949768502837248,10,1,11
782971251887407104,10,0,10
783021195008630784,10,0,10
783106359411609600,10,1,11
783502774243778560,10,1,11
783523212416147457,10,0,10
783852490349346817,10,1,11
783989494567415808,10,0,10
784610597040193537,10,2,12
784719160169361408,10,1,11
784913616281665536,10,0,10
785094175167361024,10,0,10
785145883893477376,10,1,11
785238787617988609,10,0,10
785278893850816512,10,0,10
785287266826526721,10,2,12
785348546459496448,10,0,10
785487018843340800,10,0,10
785852852933529600,10,0,10
785883327743991808,10,1,11
785902400209088513,10,0,10
785914975822843904,10,3,13
786200836032516096,10,0,10
787132420084658176,10,1,11
787336896917626880,10,1,11
787725289140854784,10,0,10
788007236505182209,10,0,10
788053702926036996,10,0,10
788454774916075520,10,0,10
788543313255084032,10,2,12
788582403253993473,10,0,10
789131756997840896,10,1,11
790024978943119360,10,0,10
790142471489646592,10,0,10
790622910943678464,10,1,11
791093416805429248,10,0,10
791149692709208064,10,2,12
791424777923592192,10,0,10
792087170995646464,10,1,11
792516935539761152,10,1,11
793244006956224512,10,0,10
793502653338775554,10,1,11
793677341042044928,10,0,10
793869652124430336,10,0,10
793909974581870592,10,0,10
793940467733794816,10,0,10
794019335656316929,10,0,10
794270845115961344,10,0,10
794644949568344064,10,0,10
795252478350606337,10,0,10
795680013739851777,10,2,12
796089561537507328,10,0,10
796872693920440320,10,0,10
797061108171415552,10,0,10
804952104385318913,10,0,10
808534076860862465,10,3,13
36423,9,0,9
681473,9,11,20
1653161,9,4,13
1759181,9,10,19
2195241,9,17,26
5474512,9,84,93
5774442,9,7,16
6262152,9,10,19
6750982,9,5,14
7006932,9,1,10
7077352,9,0,9
8150772,9,1,10
9426292,9,21,30
10424512,9,31,40
11553932,9,19,28
11866582,9,18,27
13361342,9,0,9
14052638,9,11,20
14377702,9,14,23
14458620,9,0,9
14661925,9,0,9
14788607,9,0,9
14822718,9,0,9
14895637,9,14,23
14914462,9,14,23
14941817,9,32,41
15067424,9,18,27
15118142,9,13,22
15243124,9,0,9
15314812,9,16,25
15346595,9,1,10
15603383,9,0,9
15636736,9,0,9
15665657,9,0,9
15695168,9,3,12
15726088,9,0,9
15730608,9,13,22
15982094,9,13,22
16097988,9,0,9
16108798,9,0,9
16262760,9,1,10
16405982,9,7,16
16556523,9,12,21
16576797,9,18,27
16653349,9,0,9
16673839,9,3,12
16729137,9,9,18
16843450,9,21,30
16981405,9,0,9
17048273,9,166,175
17168438,9,2,11
17308589,9,0,9
17328944,9,0,9
17586312,9,17,26
17602601,9,29,38
17735945,9,0,9
17744717,9,0,9
17825939,9,13,22
17924881,9,1,10
17955574,9,1,10
18006959,9,2,11
18007130,9,3,12
18600338,9,0,9
18737223,9,0,9
18745588,9,1,10
19075151,9,0,9
19136850,9,5,14
19263371,9,0,9
19550663,9,1,10
19575620,9,0,9
19745574,9,0,9
19908361,9,0,9
20106268,9,3,12
20372050,9,0,9
20434453,9,0,9
20451134,9,1,10
20469237,9,10,19
20533893,9,3,12
20538807,9,0,9
20649742,9,0,9
20650552,9,2,11
20665221,9,19,28
20720531,9,0,9
20947434,9,22,31
20992894,9,0,9
21135563,9,1,10
21159536,9,1,10
21188448,9,1,10
21253935,9,34,43
21270778,9,0,9
21351093,9,15,24
21552681,9,1,10
21567649,9,50,59
21799129,9,0,9
21861164,9,0,9
22005820,9,0,9
22083141,9,1,10
22158282,9,1,10
22183443,9,2,11
22202242,9,21,30
22211388,9,2,11
22429979,9,8,17
22506859,9,1,10
22583725,9,3,12
22675126,9,1,10
22919310,9,62,71
22987681,9,0,9
23035013,9,1,10
23181138,9,0,9
23202319,9,3,12
23250565,9,2,11
23278477,9,0,9
23372418,9,0,9
23511399,9,6,15
24173030,9,1,10
24226617,9,0,9
24283787,9,1,10
24606358,9,12,21
24646819,9,0,9
24667237,9,84,93
24715437,9,1,10
24924289,9,5,14
24975816,9,0,9
25003156,9,33,42
25111711,9,1,10
25223409,9,1,10
25354156,9,1,10
25393652,9,2,11
25435864,9,0,9
25554536,9,0,9
25947313,9,0,9
26118199,9,1,10
26318192,9,0,9
26496086,9,1,10
26666917,9,1,10
26742293,9,86,95
26760308,9,5,14
27098834,9,3,12
27234909,9,54,63
27378679,9,0,9
27499106,9,0,9
27556420,9,0,9
27831941,9,1,10
27995302,9,1,10
28038834,9,0,9
28062887,9,16,25
28087113,9,0,9
28358777,9,0,9
28438028,9,1,10
28870406,9,0,9
28984276,9,5,14
29068389,9,0,9
29218874,9,0,9
29222658,9,0,9
29562953,9,0,9
30271700,9,15,24
30457678,9,8,17
30542827,9,1,10
30617999,9,0,9
30811356,9,1,10
31346313,9,1,10
31593358,9,0,9
31656710,9,0,9
32936248,9,0,9
32962708,9,0,9
32990089,9,0,9
33429021,9,3,12
33451099,9,0,9
33782181,9,0,9
33905880,9,0,9
34016398,9,0,9
34125293,9,0,9
34316100,9,11,20
34349934,9,0,9
34404641,9,18,27
34617854,9,4,13
34636457,9,3,12
34806101,9,1,10
34966987,9,1,10
35477769,9,0,9
35567361,9,24,33
35572225,9,1,10
35624658,9,0,9
35639879,9,0,9
35888387,9,1,10
35904361,9,4,13
36227123,9,0,9
36230093,9,9,18
36593694,9,1,10
36685086,9,0,9
37040459,9,0,9
37078777,9,0,9
37096844,9,1,10
37578718,9,1,10
37831540,9,1,10
37915614,9,4,13
37970826,9,0,9
38021037,9,1,10
38060339,9,0,9
38222601,9,2,11
38608681,9,1,10
38655718,9,0,9
38777208,9,0,9
38787045,9,1,10
38984429,9,0,9
40204763,9,0,9
40309621,9,6,15
40469892,9,1,10
40542671,9,0,9
40677346,9,4,13
40922363,9,3,12
41051450,9,2,11
41113129,9,1,10
41287700,9,0,9
41670593,9,53,62
41728936,9,1,10
41866281,9,1,10
41989244,9,0,9
42020119,9,0,9
42085397,9,1,10
42882879,9,0,9
43458803,9,0,9
43545377,9,19,28
43660822,9,0,9
43743961,9,2,11
43774197,9,3,12
43907190,9,1,10
44114927,9,0,9
44181545,9,0,9
44610616,9,15,24
44617711,9,0,9
44678011,9,0,9
44790249,9,0,9
44969393,9,0,9
45259588,9,0,9
45503654,9,0,9
45597703,9,0,9
45784069,9,3,12
45805669,9,1,10
45819619,9,0,9
46060002,9,0,9
46770403,9,1,10
46809500,9,2,11
47095857,9,64,73
47279353,9,0,9
47646312,9,0,9
48256523,9,0,9
48360202,9,1,10
48361333,9,1,10
48394719,9,1,10
49418539,9,0,9
50078492,9,0,9
50322995,9,2,11
50360539,9,1,10
50429466,9,0,9
50445052,9,0,9
50800845,9,0,9
51330975,9,65,74
51588194,9,0,9
52284025,9,0,9
52398009,9,0,9
52474890,9,1,10
52490379,9,0,9
53461588,9,7,16
53547614,9,0,9
53807298,9,0,9
53813160,9,0,9
54214657,9,0,9
54649348,9,0,9
54710888,9,20,29
55106045,9,0,9
55819979,9,7,16
55831797,9,1,10
55868339,9,3,12
55872897,9,0,9
55931763,9,0,9
56240594,9,9,18
56556819,9,0,9
56613758,9,2,11
56691230,9,1,10
56826641,9,0,9
57059339,9,0,9
57514065,9,23,32
58214885,9,1,10
58302557,9,2,11
58548955,9,0,9
59333213,9,1,10
59379287,9,6,15
59700745,9,5,14
59824113,9,4,13
60432146,9,1,10
61176427,9,0,9
61247323,9,0,9
61347805,9,5,14
62046773,9,2,11
62124330,9,0,9
62230718,9,0,9
62312112,9,43,52
62527008,9,0,9
63502709,9,3,12
63564907,9,0,9
63910001,9,2,11
63916509,9,0,9
63987136,9,0,9
64048030,9,0,9
64444020,9,1,10
65114238,9,1,10
66099018,9,1,10
66495289,9,4,13
66525934,9,0,9
66910623,9,43,52
67453958,9,0,9
67759049,9,0,9
67907728,9,0,9
69471040,9,0,9
69725287,9,23,32
70208573,9,0,9
70587127,9,0,9
70948274,9,2,11
71272041,9,9,18
72194390,9,0,9
74109546,9,1,10
74543062,9,0,9
74565668,9,7,16
74999429,9,0,9
75278116,9,0,9
75447063,9,7,16
75470699,9,0,9
75891282,9,1,10
76763190,9,2,11
77244965,9,0,9
78994618,9,0,9
80717260,9,8,17
80944550,9,7,16
81248998,9,0,9
81389917,9,1,10
83633500,9,4,13
84155118,9,0,9
86382285,9,0,9
86833767,9,0,9
87222866,9,5,14
87509623,9,2,11
87723703,9,1,10
87782095,9,1,10
87969802,9,0,9
89167642,9,5,14
89255087,9,0,9
89346210,9,0,9
89725844,9,1,10
89770205,9,3,12
90088420,9,0,9
90238176,9,32,41
91119778,9,0,9
91532514,9,0,9
91738733,9,1,10
91949004,9,1,10
92700615,9,0,9
94136370,9,0,9
94287604,9,2,11
94343542,9,0,9
96442308,9,0,9
96447622,9,2,11
96649981,9,0,9
96823846,9,0,9
96894306,9,13,22
99075249,9,2,11
99137755,9,1,10
99999451,9,1,10
101073037,9,0,9
102056437,9,1,10
102753391,9,0,9
102837987,9,0,9
103007066,9,0,9
103056485,9,7,16
105463286,9,33,42
106199322,9,6,15
106622252,9,0,9
107229597,9,3,12
109507118,9,9,18
109716181,9,4,13
110708073,9,1,10
110946085,9,1,10
112562263,9,0,9
114806561,9,2,11
114895656,9,0,9
114924199,9,5,14
116015269,9,1,10
116929833,9,2,11
116975699,9,1,10
118804797,9,0,9
120345547,9,1,10
121190725,9,2,11
122603044,9,1,10
123094385,9,1,10
123913587,9,9,18
123993171,9,1,10
124115301,9,1,10
125449017,9,0,9
127225082,9,0,9
128637178,9,0,9
129260158,9,0,9
129290481,9,0,9
129318947,9,59,68
129700587,9,3,12
130588860,9,0,9
130993239,9,0,9
131508769,9,11,20
131582916,9,0,9
132937164,9,0,9
132962195,9,0,9
133413595,9,0,9
133431938,9,0,9
133504070,9,2,11
133986655,9,0,9
134236434,9,0,9
134854762,9,4,13
134959712,9,0,9
135856895,9,0,9
137690064,9,1,10
139870472,9,2,11
140169937,9,0,9
141919802,9,0,9
143309709,9,0,9
143574106,9,0,9
143733560,9,5,14
144033709,9,1,10
145004689,9,0,9
146921399,9,0,9
147551452,9,0,9
148035397,9,11,20
148107997,9,0,9
150077364,9,0,9
150709584,9,0,9
151185146,9,1,10
151462791,9,2,11
152333242,9,0,9
152649168,9,0,9
156006292,9,0,9
157221022,9,0,9
159243276,9,0,9
159604049,9,0,9
159604243,9,0,9
159714315,9,2,11
161165616,9,0,9
161310396,9,0,9
161649196,9,0,9
161967179,9,2,11
162088063,9,0,9
162671848,9,1,10
163491404,9,0,9
164388165,9,2,11
164549078,9,0,9
166999015,9,133,142
168884665,9,2,11
169141592,9,0,9
170781924,9,0,9
171718948,9,0,9
173137575,9,0,9
173908484,9,49,58
175252236,9,0,9
176494998,9,0,9
176596263,9,2,11
176938095,9,3,12
179221217,9,0,9
179754914,9,1,10
181103133,9,0,9
181586582,9,21,30
183128209,9,2,11
184913941,9,3,12
185759951,9,1,10
185906955,9,0,9
186830196,9,95,104
188340693,9,13,22
189094461,9,0,9
189370514,9,0,9
192091856,9,3,12
192281478,9,2,11
192899547,9,0,9
193276296,9,0,9
194717495,9,1,10
195514577,9,0,9
195975686,9,0,9
196122636,9,1,10
196629263,9,1,10
196929671,9,33,42
197641623,9,0,9
201553765,9,2,11
204786099,9,0,9
205425209,9,5,14
207329823,9,1,10
207947028,9,1,10
208321543,9,0,9
208723801,9,1,10
208967993,9,2,11
209881576,9,0,9
210177223,9,0,9
210221037,9,1,10
210692976,9,16,25
211522983,9,7,16
211680724,9,0,9
214266498,9,1,10
214715401,9,0,9
216079596,9,1,10
216454114,9,0,9
216628395,9,0,9
216857308,9,1,10
216936910,9,0,9
216951483,9,0,9
217119661,9,2,11
217155094,9,0,9
218525859,9,0,9
220070264,9,0,9
222987791,9,12,21
224436679,9,1,10
224729213,9,0,9
224816557,9,0,9
224915497,9,0,9
227215550,9,2,11
227693690,9,1,10
228581579,9,1,10
228690060,9,0,9
229767122,9,10,19
229941089,9,1,10
231233414,9,6,15
232904483,9,0,9
234061840,9,2,11
235167308,9,0,9
235552871,9,0,9
238620467,9,28,37
238729549,9,1,10
239244397,9,0,9
239568324,9,4,13
239582938,9,0,9
241182891,9,2,11
241621002,9,1,10
241735497,9,1,10
242026390,9,0,9
242075242,9,0,9
242158195,9,0,9
242742017,9,0,9
242849343,9,46,55
243001984,9,17,26
243350246,9,0,9
243623453,9,0,9
244125575,9,2,11
245580427,9,0,9
246476090,9,0,9
246578276,9,1,10
246854714,9,0,9
247503994,9,0,9
247860029,9,0,9
247889906,9,1,10
249923419,9,7,16
250159277,9,5,14
250357408,9,2,11
250852478,9,1,10
251297358,9,0,9
252896293,9,1,10
257052897,9,2,11
257131393,9,3,12
257650833,9,0,9
258166702,9,0,9
258485559,9,0,9
260301416,9,0,9
261035444,9,3,12
261807710,9,0,9
262472827,9,0,9
264248328,9,0,9
264259486,9,0,9
264833204,9,114,123
265531985,9,0,9
267998516,9,1,10
269555356,9,0,9
270463025,9,0,9
272093380,9,0,9
273114851,9,0,9
273351558,9,0,9
273568020,9,0,9
274613674,9,0,9
275704406,9,2,11
276724563,9,34,43
277001398,9,0,9
278555263,9,0,9
279073742,9,0,9
279217447,9,1,10
281583777,9,0,9
283303166,9,0,9
285311534,9,1,10
287548563,9,0,9
289927326,9,4,13
291801444,9,0,9
293604303,9,0,9
295393566,9,2,11
297035788,9,0,9
297803355,9,1,10
297817296,9,11,20
298298531,9,39,48
299259224,9,4,13
300932489,9,0,9
301477756,9,19,28
301736197,9,0,9
302058974,9,0,9
305188360,9,34,43
306473535,9,2,11
308638169,9,0,9
309298818,9,5,14
309750054,9,2,11
311135007,9,7,16
311652195,9,1,10
311798621,9,1,10
313129698,9,5,14
313331114,9,1,10
313537923,9,1,10
313555236,9,0,9
315413807,9,29,38
316904275,9,25,34
317418958,9,1,10
318073012,9,54,63
319206620,9,1,10
320140450,9,4,13
321083970,9,34,43
322178383,9,0,9
322213111,9,1,10
322781837,9,1,10
325352543,9,0,9
326426434,9,3,12
328457935,9,5,14
331869201,9,1,10
332592283,9,0,9
333316311,9,0,9
335721343,9,2,11
336049934,9,41,50
337018686,9,0,9
337357621,9,8,17
337901098,9,0,9
338529822,9,0,9
338809218,9,1,10
339119497,9,0,9
339156186,9,1,10
339849392,9,1,10
339880062,9,0,9
341061002,9,0,9
341185007,9,0,9
341636324,9,1,10
344915074,9,0,9
344938512,9,39,48
346818160,9,0,9
348073555,9,0,9
348229435,9,0,9
349817494,9,4,13
352030343,9,0,9
352993268,9,0,9
353684421,9,2,11
354122681,9,3,12
355931535,9,0,9
356979789,9,25,34
358235532,9,0,9
358361253,9,0,9
358929612,9,1,10
362139965,9,0,9
362292355,9,0,9
365496662,9,1,10
367463763,9,0,9
368895138,9,1,10
369935326,9,0,9
370955305,9,71,80
371784724,9,0,9
371895791,9,0,9
371897226,9,0,9
372570563,9,6,15
372579816,9,22,31
373241771,9,0,9
374658826,9,111,120
374800014,9,0,9
376340811,9,2,11
376477134,9,0,9
379029683,9,0,9
379692465,9,5,14
379962842,9,12,21
381570766,9,0,9
381919736,9,2,11
384882183,9,0,9
385390424,9,0,9
386215505,9,41,50
387358029,9,0,9
390570223,9,0,9
390615749,9,0,9
391447067,9,0,9
392926828,9,0,9
394197227,9,0,9
394811537,9,0,9
394833882,9,0,9
395405434,9,1,10
396903574,9,5,14
397753262,9,5,14
397788571,9,0,9
398222303,9,0,9
399049596,9,0,9
399182873,9,1,10
399719215,9,1,10
399722029,9,5,14
399773152,9,1,10
401015653,9,2,11
401121255,9,0,9
403907893,9,0,9
405074847,9,0,9
405705870,9,0,9
405710258,9,8,17
406908947,9,0,9
410801571,9,0,9
411607075,9,2,11
412690073,9,2,11
413264546,9,0,9
414243709,9,0,9
415199903,9,4,13
415300810,9,2,11
415324525,9,1,10
415582246,9,2,11
415868064,9,0,9
418802998,9,3,12
420351613,9,4,13
422099913,9,1,10
424097378,9,4,13
424652362,9,0,9
426361581,9,108,117
426896390,9,0,9
427690479,9,0,9
430418964,9,1,10
431357508,9,1,10
433627929,9,1,10
434566936,9,0,9
435700753,9,0,9
436042365,9,3,12
437478893,9,0,9
437994852,9,2,11
437997389,9,0,9
438043977,9,1,10
438675603,9,0,9
439184373,9,0,9
439421679,9,0,9
441330704,9,0,9
441332159,9,0,9
442071670,9,0,9
442144781,9,0,9
445912200,9,0,9
448291650,9,11,20
449119247,9,1,10
451835789,9,0,9
454826519,9,0,9
457743272,9,77,86
458333712,9,2,11
460592408,9,0,9
461582656,9,1,10
463276040,9,0,9
465878909,9,61,70
466116703,9,0,9
466117125,9,1,10
466986635,9,0,9
469668758,9,0,9
470541053,9,0,9
470715162,9,1,10
473103932,9,0,9
474263130,9,0,9
477036830,9,1,10
478120631,9,0,9
478155077,9,0,9
479181526,9,4,13
480494661,9,0,9
480964430,9,0,9
486862917,9,1,10
487039635,9,1,10
487840668,9,0,9
489900049,9,0,9
489966018,9,1,10
490411633,9,0,9
491457130,9,0,9
491754307,9,1,10
494604366,9,0,9
495676860,9,1,10
497815260,9,0,9
499534397,9,0,9
500034180,9,1,10
502255227,9,8,17
502409410,9,0,9
503461361,9,0,9
506034684,9,2,11
506287730,9,0,9
509062017,9,1,10
512281231,9,0,9
513452562,9,0,9
513839320,9,0,9
515815035,9,2,11
516791472,9,0,9
518235646,9,0,9
520152559,9,1,10
520266484,9,0,9
521563490,9,0,9
522416190,9,0,9
522639059,9,0,9
526645243,9,0,9
527469500,9,2,11
527693221,9,3,12
527835856,9,0,9
529583598,9,0,9
529746441,9,0,9
529832847,9,1,10
530967307,9,0,9
531663411,9,1,10
531959654,9,0,9
532441291,9,6,15
532942902,9,0,9
533748175,9,0,9
533788859,9,0,9
533838896,9,1,10
534591437,9,1,10
534640546,9,7,16
535902876,9,1,10
537491672,9,0,9
539612533,9,2,11
540455381,9,1,10
543452426,9,47,56
544045964,9,2,11
545547725,9,0,9
545750379,9,0,9
547272108,9,1,10
548538086,9,0,9
548768926,9,0,9
548851337,9,0,9
551578592,9,2,11
551622232,9,0,9
553211239,9,0,9
555475580,9,1,10
556653453,9,0,9
557300309,9,0,9
558087477,9,2,11
561692524,9,2,11
564667441,9,6,15
564946144,9,0,9
566457850,9,16,25
568153650,9,0,9
569485011,9,53,62
570833587,9,0,9
571036236,9,0,9
571052730,9,0,9
571330082,9,0,9
575064729,9,1,10
575370916,9,4,13
577387565,9,3,12
581613862,9,0,9
582841984,9,0,9
583055663,9,0,9
583425878,9,0,9
584184961,9,0,9
586853452,9,116,125
588797799,9,3,12
589202927,9,0,9
592073660,9,48,57
592099274,9,1,10
599181271,9,0,9
600094312,9,5,14
601411379,9,0,9
602439708,9,9,18
603028451,9,33,42
604856112,9,0,9
606851818,9,0,9
609747279,9,0,9
610844327,9,1,10
613036517,9,0,9
614844676,9,27,36
617301201,9,0,9
617621897,9,0,9
618190115,9,0,9
619340149,9,0,9
620542150,9,0,9
620583354,9,0,9
622398198,9,3,12
624246813,9,0,9
625000580,9,8,17
625709050,9,1,10
625925155,9,0,9
626056708,9,3,12
629016717,9,0,9
630450707,9,5,14
630770856,9,0,9
634734888,9,65,74
636581374,9,0,9
637042867,9,0,9
700339777,9,2,11
704596459,9,0,9
705197282,9,0,9
705591852,9,0,9
711230798,9,0,9
714937236,9,0,9
716370481,9,3,12
718121909,9,0,9
718247959,9,1,10
718613144,9,0,9
718904023,9,0,9
723456396,9,1,10
727719319,9,0,9
737509724,9,7,16
739315741,9,6,15
743489814,9,0,9
753764706,9,14,23
768290888,9,0,9
772547246,9,2,11
780208729,9,0,9
785340079,9,6,15
787714244,9,1,10
788092405,9,10,19
790732957,9,0,9
792606776,9,0,9
792995834,9,3,12
795639116,9,9,18
799542559,9,0,9
805026811,9,0,9
815302435,9,0,9
815671950,9,1,10
817905692,9,3,12
818417228,9,0,9
818490013,9,0,9
831716407,9,0,9
834378378,9,0,9
838980726,9,0,9
840668292,9,39,48
844813154,9,30,39
849568704,9,6,15
850466310,9,0,9
850633633,9,37,46
851597233,9,0,9
860176458,9,0,9
861076914,9,13,22
861466326,9,8,17
862191066,9,0,9
863630192,9,1,10
863959207,9,3,12
864015714,9,0,9
864236161,9,0,9
865375242,9,0,9
868594818,9,0,9
872168983,9,0,9
873935035,9,0,9
875627605,9,3,12
876959605,9,7,16
878439888,9,2,11
883592400,9,0,9
885493657,9,0,9
885658440,9,0,9
885660012,9,0,9
892101258,9,0,9
893479800,9,6,15
896874918,9,1,10
902818874,9,0,9
902920254,9,1,10
910968860,9,0,9
911615126,9,0,9
913224127,9,0,9
917453906,9,0,9
919968950,9,14,23
926394883,9,0,9
927147806,9,1,10
930389858,9,0,9
930532938,9,0,9
931000562,9,2,11
931115610,9,4,13
933447206,9,2,11
936990522,9,0,9
937021920,9,0,9
937516584,9,5,14
939944202,9,1,10
941514594,9,0,9
944670074,9,0,9
951197329,9,15,24
957958525,9,2,11
961785024,9,1,10
964958262,9,0,9
966306738,9,0,9
969107294,9,0,9
971339724,9,0,9
979448671,9,1,10
993585120,9,8,17
996128581,9,0,9
997710757,9,0,9
1005137545,9,0,9
1009986710,9,0,9
1012436893,9,1,10
1022281225,9,0,9
1031241967,9,0,9
1033880508,9,2,11
1036137812,9,0,9
1038810817,9,0,9
1045767450,9,1,10
1048765723,9,0,9
1054683840,9,1,10
1061897502,9,0,9
1066032092,9,8,17
1067266550,9,5,14
1069194978,9,0,9
1071029348,9,0,9
1090375002,9,3,12
1093574378,9,3,12
1093974546,9,0,9
1095314306,9,0,9
1104473036,9,6,15
1109981646,9,1,10
1111981442,9,4,13
1114541923,9,0,9
1117356368,9,0,9
1117777436,9,0,9
1125165816,9,1,10
1127123641,9,0,9
1132097262,9,0,9
1137983581,9,2,11
1142890063,9,0,9
1143773466,9,3,12
1151944872,9,6,15
1161641778,9,1,10
1165065463,9,0,9
1166831280,9,5,14
1169261954,9,4,13
1172681474,9,0,9
1173459288,9,9,18
1173803990,9,0,9
1182960816,9,1,10
1189981854,9,0,9
1195556604,9,2,11
1210026548,9,4,13
1213874558,9,1,10
1216493701,9,1,10
1217383148,9,1,10
1223520986,9,33,42
1228462620,9,15,24
1245168463,9,1,10
1258385755,9,3,12
1260537668,9,0,9
1264885494,9,0,9
1265679698,9,0,9
1275599352,9,1,10
1276498441,9,0,9
1276639788,9,1,10
1283648018,9,14,23
1292114390,9,0,9
1299258126,9,0,9
1301279857,9,0,9
1304644188,9,0,9
1308496620,9,0,9
1315858573,9,0,9
1315921093,9,40,49
1321056600,9,0,9
1323888210,9,0,9
1337706038,9,3,12
1343230844,9,0,9
1345682257,9,29,38
1349192720,9,0,9
1352485362,9,1,10
1357438392,9,0,9
1361017309,9,1,10
1362065839,9,0,9
1363234027,9,0,9
1363254072,9,16,25
1364711424,9,0,9
1375377895,9,0,9
1375460804,9,0,9
1378107751,9,0,9
1378259413,9,0,9
1385787109,9,0,9
1388671387,9,0,9
1397374658,9,0,9
1406631938,9,0,9
1408148054,9,9,18
1410205855,9,1,10
1422061838,9,0,9
1423118240,9,121,130
1428809815,9,0,9
1429479434,9,3,12
1431651026,9,26,35
1441743247,9,1,10
1446615380,9,0,9
1454928205,9,26,35
1459950392,9,6,15
1462625593,9,0,9
1469014333,9,0,9
1475528634,9,0,9
1488560077,9,0,9
1491102553,9,0,9
1508089381,9,2,11
1523183660,9,0,9
1523617352,9,16,25
1532964710,9,2,11
1533339648,9,0,9
1540883040,9,8,17
1541448860,9,0,9
1545902090,9,1,10
1547113777,9,0,9
1549679161,9,0,9
1550449868,9,2,11
1550773478,9,1,10
1555414375,9,44,53
1556140466,9,0,9
1558749415,9,0,9
1561021560,9,0,9
1571372647,9,0,9
1573472503,9,0,9
1579351634,9,0,9
1579458798,9,8,17
1581554946,9,0,9
1583729778,9,8,17
1593466765,9,0,9
1596879030,9,0,9
1597253708,9,0,9
1602173694,9,123,132
1606405022,9,0,9
1609531916,9,0,9
1614054752,9,0,9
1618663214,9,1,10
1633595760,9,0,9
1637187120,9,0,9
1646463768,9,0,9
1646652542,9,4,13
1653421826,9,0,9
1665991758,9,0,9
1675196299,9,0,9
1686159229,9,0,9
1692064393,9,0,9
1711019742,9,1,10
1713774444,9,0,9
1725625309,9,0,9
1852063298,9,6,15
1853070360,9,0,9
1857148146,9,0,9
1859215286,9,2,11
1862092777,9,70,79
1867977558,9,0,9
1872488730,9,0,9
1881335396,9,0,9
1889594442,9,4,13
1894239990,9,15,24
1895178253,9,7,16
1898347759,9,1,10
1901075107,9,1,10
1905484693,9,0,9
1905687931,9,0,9
1916912382,9,2,11
1918291771,9,0,9
1925587118,9,0,9
1928786040,9,0,9
1936341330,9,1,10
1946583468,9,13,22
1947644232,9,0,9
1949598889,9,0,9
1957160030,9,2,11
1957661216,9,0,9
1963612351,9,3,12
1970020598,9,3,12
1972212750,9,0,9
2151135357,9,2,11
2152499197,9,0,9
2153309403,9,1,10
2159030744,9,0,9
2164044995,9,9,18
2165823169,9,0,9
2166674764,9,0,9
2180395717,9,34,43
2184516714,9,0,9
2184788698,9,2,11
2190464595,9,0,9
2190895568,9,0,9
2192297074,9,0,9
2192937032,9,0,9
2193060840,9,0,9
2194434292,9,1,10
2197202474,9,5,14
2200849080,9,0,9
2205300219,9,1,10
2206895975,9,0,9
2207442626,9,2,11
2211300866,9,0,9
2220424228,9,0,9
2223776764,9,5,14
2225460714,9,0,9
2239790569,9,0,9
2242878637,9,0,9
2243144856,9,39,48
2244323130,9,1,10
2248225974,9,10,19
2260524174,9,0,9
2269322174,9,0,9
2270413154,9,0,9
2277022349,9,2,11
2281105998,9,2,11
2288585658,9,0,9
2292332876,9,0,9
2296588987,9,7,16
2297338710,9,0,9
2298434302,9,0,9
2301139142,9,0,9
2305441177,9,34,43
2308490190,9,2,11
2311000321,9,0,9
2316237907,9,0,9
2316658548,9,0,9
2321041248,9,0,9
2321482045,9,31,40
2325473197,9,2,11
2330920322,9,1,10
2335426680,9,1,10
2335835456,9,0,9
2337414962,9,1,10
2339290328,9,0,9
2339331456,9,0,9
2344440967,9,1,10
2346396410,9,1,10
2346427128,9,1,10
2353725206,9,2,11
2355810897,9,0,9
2357484469,9,3,12
2361779146,9,1,10
2362567844,9,15,24
2362592550,9,42,51
2364637962,9,1,10
2365103682,9,0,9
2365202731,9,0,9
2365781293,9,0,9
2369213666,9,0,9
2369545634,9,0,9
2373857028,9,118,127
2377898010,9,1,10
2382962982,9,0,9
2387660316,9,0,9
2390155723,9,0,9
2392520408,9,0,9
2392913413,9,0,9
2395415778,9,0,9
2398407583,9,0,9
2404892963,9,0,9
2408058516,9,0,9
2410573048,9,0,9
2412920598,9,27,36
2413817191,9,0,9
2421481286,9,1,10
2437518446,9,0,9
2437562653,9,0,9
2438605506,9,4,13
2443151240,9,0,9
2452916736,9,0,9
2455692966,9,0,9
2458934100,9,0,9
2459008796,9,71,80
2460736966,9,0,9
2466760093,9,1,10
2467960591,9,12,21
2471823907,9,0,9
2491404815,9,0,9
2494973591,9,1,10
2500939627,9,1,10
2503148781,9,1,10
2504861145,9,2,11
2505435427,9,0,9
2510072210,9,1,10
2512824441,9,33,42
2514349394,9,0,9
2514797061,9,1,10
2516761567,9,0,9
2530940989,9,7,16
2539438149,9,0,9
2541050953,9,0,9
2543480938,9,0,9
2558273076,9,18,27
2558571093,9,0,9
2561850400,9,0,9
2567519387,9,0,9
2569487083,9,71,80
2573418584,9,0,9
2574092503,9,1,10
2575204603,9,0,9
2576970578,9,0,9
2579436421,9,7,16
2580853616,9,0,9
2582697708,9,1,10
2584908954,9,1,10
2585373540,9,0,9
2588167693,9,29,38
2593292251,9,0,9
2594966078,9,2,11
2605653674,9,1,10
2612033095,9,1,10
2615188230,9,5,14
2620323673,9,18,27
2645905542,9,0,9
2645989626,9,0,9
2649393055,9,0,9
2649682987,9,0,9
2651961805,9,0,9
2654764483,9,38,47
2657874535,9,0,9
2658423704,9,0,9
2667604818,9,1,10
2672865476,9,0,9
2673769294,9,0,9
2683287932,9,1,10
2683476542,9,0,9
2687750085,9,0,9
2691413100,9,1,10
2692125771,9,1,10
2696435061,9,0,9
2701822472,9,2,11
2703654098,9,1,10
2707206188,9,0,9
2710813772,9,7,16
2713471181,9,0,9
2714565932,9,0,9
2715103010,9,5,14
2716396878,9,0,9
2717670014,9,0,9
2718214236,9,35,44
2718451620,9,1,10
2719944511,9,0,9
2728689401,9,0,9
2734346037,9,0,9
2738009757,9,0,9
2746998229,9,1,10
2755272040,9,0,9
2758480082,9,0,9
2767148045,9,0,9
2768957449,9,1,10
2769619552,9,19,28
2775002533,9,1,10
2775433580,9,0,9
2775815868,9,5,14
2777206975,9,0,9
2781272401,9,0,9
2781923903,9,0,9
2782552223,9,5,14
2784591602,9,1,10
2785332022,9,0,9
2785761046,9,0,9
2788964563,9,1,10
2790829345,9,2,11
2796332422,9,0,9
2800086465,9,0,9
2801961216,9,79,88
2803648842,9,0,9
2804147952,9,0,9
2807428768,9,0,9
2807612783,9,1,10
2809196981,9,6,15
2811157786,9,0,9
2813825742,9,0,9
2818744760,9,2,11
2820966753,9,0,9
2828764705,9,0,9
2828897023,9,1,10
2833450892,9,0,9
2834325117,9,2,11
2834809498,9,1,10
2837333277,9,1,10
2837374088,9,0,9
2841259487,9,2,11
2844501912,9,0,9
2847881972,9,1,10
2850319361,9,0,9
2853695296,9,0,9
2862561119,9,0,9
2862888892,9,0,9
2872806720,9,0,9
2873333651,9,2,11
2874668758,9,8,17
2881946306,9,6,15
2883897313,9,1,10
2885608576,9,1,10
2885815294,9,0,9
2886516190,9,0,9
2887988203,9,4,13
2888841418,9,1,10
2890023656,9,1,10
2893095517,9,1,10
2893703902,9,1,10
2898732140,9,0,9
2904743234,9,0,9
2904986677,9,0,9
2905533500,9,0,9
2907772775,9,0,9
2908677620,9,0,9
2909342532,9,1,10
2916523917,9,0,9
2921665948,9,0,9
2922713109,9,9,18
2924384930,9,0,9
2924811607,9,0,9
2925557519,9,3,12
2929119915,9,1,10
2933398158,9,0,9
2934243762,9,1,10
2934688673,9,1,10
2936351461,9,0,9
2937667860,9,0,9
2941656394,9,0,9
2949176343,9,13,22
2951732255,9,2,11
2955151219,9,0,9
2956717350,9,1,10
2962596114,9,0,9
2965927919,9,1,10
2967979453,9,0,9
2968749995,9,1,10
2982686613,9,0,9
2984755471,9,0,9
2985438850,9,0,9
2989880337,9,0,9
2994183140,9,0,9
2995014481,9,0,9
2995104147,9,0,9
2997700002,9,1,10
2997820802,9,0,9
3000248482,9,0,9
3002099649,9,0,9
3004249311,9,0,9
3004439539,9,1,10
3010581222,9,0,9
3010704366,9,202,211
3010963157,9,1,10
3010999535,9,0,9
3013056680,9,2,11
3013732380,9,1,10
3014719998,9,0,9
3017581041,9,0,9
3019135299,9,0,9
3019739713,9,0,9
3020332941,9,0,9
3023863007,9,4,13
3028909407,9,0,9
3029843719,9,0,9
3030642225,9,0,9
3034071902,9,3,12
3034574101,9,0,9
3036297180,9,0,9
3037173093,9,3,12
3037611621,9,1,10
3040752139,9,0,9
3042750562,9,0,9
3058503729,9,0,9
3059463425,9,0,9
3060348890,9,0,9
3068472202,9,65,74
3073275242,9,0,9
3078107134,9,2,11
3084161392,9,1,10
3092042638,9,1,10
3093511584,9,0,9
3096994954,9,1,10
3101569065,9,0,9
3103110161,9,0,9
3103567733,9,2,11
3104145626,9,1,10
3113056040,9,0,9
3118319673,9,0,9
3118827693,9,2,11
3123584879,9,0,9
3136161212,9,98,107
3140802185,9,0,9
3141352947,9,0,9
3146184889,9,0,9
3150213855,9,0,9
3150460650,9,0,9
3162963194,9,11,20
3165793363,9,0,9
3167665288,9,1,10
3167760946,9,1,10
3169760829,9,11,20
3171811522,9,0,9
3173794661,9,0,9
3188233248,9,7,16
3188785050,9,0,9
3191404926,9,0,9
3192718429,9,1,10
3193583563,9,0,9
3195345898,9,0,9
3196374770,9,0,9
3205613393,9,1,10
3207626223,9,4,13
3215961051,9,0,9
3219392429,9,8,17
3222537054,9,1,10
3222610003,9,0,9
3223385528,9,0,9
3226543993,9,1,10
3230850748,9,0,9
3230856092,9,15,24
3230978769,9,0,9
3234618486,9,0,9
3234922088,9,0,9
3243885536,9,0,9
3248098574,9,0,9
3251604476,9,1,10
3255493085,9,0,9
3257355732,9,0,9
3258605666,9,0,9
3259626391,9,25,34
3260743100,9,1,10
3266648084,9,0,9
3266722886,9,0,9
3268344072,9,0,9
3273755190,9,0,9
3275092483,9,0,9
3277814538,9,1,10
3281504430,9,0,9
3284810910,9,0,9
3289768665,9,4,13
3289785378,9,0,9
3289874118,9,0,9
3291559521,9,2,11
3291891923,9,0,9
3293800404,9,0,9
3293928861,9,0,9
3298856251,9,1,10
3300607612,9,0,9
3302457680,9,0,9
3303435850,9,0,9
3306388829,9,1,10
3307201674,9,3,12
3307388827,9,2,11
3308642848,9,0,9
3309841026,9,0,9
3310047662,9,1,10
3310144890,9,3,12
3312392488,9,0,9
3312766812,9,0,9
3314046001,9,1,10
3317038891,9,2,11
3318049155,9,4,13
3325408622,9,2,11
3325543588,9,35,44
3329332379,9,12,21
3332221810,9,1,10
3336995325,9,5,14
3342550797,9,0,9
3345338069,9,0,9
3345973101,9,0,9
3346648823,9,0,9
3351398356,9,0,9
3352620747,9,2,11
3355474469,9,0,9
3356483741,9,0,9
3362391490,9,1,10
3367653519,9,2,11
3367736355,9,6,15
3375129202,9,11,20
3376912617,9,0,9
3377100196,9,2,11
3377336925,9,2,11
3378509894,9,0,9
3382973013,9,1,10
3383459541,9,0,9
3385702768,9,0,9
3386764215,9,0,9
3406532463,9,2,11
3407369205,9,3,12
3411182717,9,2,11
3413341625,9,1,10
3415044916,9,0,9
3424351204,9,0,9
3424521514,9,1,10
3432345015,9,0,9
3432995098,9,0,9
3433778997,9,2,11
3433800394,9,2,11
3436833671,9,0,9
3438116309,9,0,9
3438125285,9,1,10
3438151035,9,0,9
3439502297,9,0,9
3441711793,9,0,9
3469695221,9,1,10
3508016480,9,7,16
3521388197,9,0,9
3541087040,9,0,9
3550548313,9,2,11
3562823234,9,0,9
3596895860,9,16,25
3624602175,9,6,15
3642515717,9,4,13
3657104117,9,1,10
3661479505,9,2,11
3672698682,9,0,9
3694186396,9,0,9
3731267473,9,0,9
3759483443,9,2,11
3763083977,9,0,9
3771775759,9,0,9
3782134094,9,0,9
3784467913,9,1,10
3794066172,9,0,9
3844300768,9,0,9
3853888035,9,0,9
3861716173,9,2,11
3883414992,9,0,9
3885160459,9,0,9
3885897676,9,2,11
3886216525,9,0,9
3889974387,9,0,9
3894747734,9,1,10
3917246172,9,2,11
3923086353,9,0,9
3925208006,9,2,11
3927065842,9,1,10
3932285433,9,1,10
3940221244,9,0,9
3948421274,9,2,11
3950522356,9,1,10
3952004548,9,0,9
3956036081,9,1,10
3974811041,9,0,9
3982141936,9,1,10
3997957768,9,2,11
3998329593,9,2,11
4004836754,9,0,9
4005918077,9,2,11
4031013448,9,0,9
4046483903,9,0,9
4047942863,9,0,9
4054923796,9,0,9
4083975515,9,1,10
4092705341,9,0,9
4102052958,9,0,9
4115045848,9,12,21
4138287255,9,1,10
4174764859,9,0,9
4183467496,9,0,9
4195253714,9,0,9
4202280852,9,0,9
4216752554,9,0,9
4229724031,9,0,9
4231094266,9,11,20
4253563873,9,0,9
4280524588,9,2,11
4303431552,9,0,9
4308377177,9,0,9
4313516127,9,1,10
4317422116,9,0,9
4317727033,9,2,11
4327880079,9,0,9
4332920729,9,0,9
4342042283,9,3,12
4342933752,9,2,11
4345828366,9,1,10
4352470153,9,2,11
4389778875,9,0,9
4399470196,9,0,9
4404631756,9,0,9
4437449600,9,0,9
4440118883,9,8,17
4443309749,9,2,11
4459247236,9,0,9
4465852095,9,0,9
4472342020,9,0,9
4476228737,9,2,11
4491297673,9,0,9
4500383954,9,0,9
4507487243,9,0,9
4520657673,9,1,10
4589805027,9,0,9
4611819913,9,1,10
4632888919,9,2,11
4636418663,9,1,10
4644016694,9,0,9
4646057346,9,0,9
4648087221,9,1,10
4650452175,9,2,11
4656434324,9,0,9
4685858112,9,0,9
4699355538,9,0,9
4700785542,9,1,10
4700995707,9,0,9
4705424636,9,1,10
4705613664,9,0,9
4715804222,9,3,12
4718926824,9,2,11
4720059672,9,0,9
4722294960,9,0,9
4723621653,9,0,9
4727181343,9,5,14
4729919025,9,0,9
4739920993,9,13,22
4752008837,9,1,10
4755068501,9,0,9
4756437972,9,28,37
4768594769,9,3,12
4769605944,9,0,9
4774794855,9,0,9
4807557930,9,0,9
4809840779,9,0,9
4810292053,9,1,10
4818596446,9,16,25
4819597395,9,1,10
4825944456,9,2,11
4828127762,9,0,9
4831579245,9,0,9
4844317681,9,0,9
4851436143,9,0,9
4851440002,9,2,11
4852184596,9,0,9
4852500321,9,2,11
4853271363,9,0,9
4856076416,9,0,9
4858835415,9,6,15
4859477477,9,0,9
4859565389,9,26,35
4865886784,9,1,10
4866588749,9,0,9
4869051429,9,0,9
4869444615,9,0,9
4872876838,9,1,10
4873147625,9,2,11
4873857554,9,0,9
4880735108,9,0,9
4882712727,9,0,9
4883319623,9,0,9
4884449900,9,1,10
4884830217,9,0,9
4888964043,9,0,9
4890187717,9,0,9
4890906564,9,1,10
4895361413,9,1,10
4895974492,9,1,10
4904561271,9,0,9
4906750042,9,0,9
4906877834,9,0,9
4913762471,9,0,9
4914851213,9,1,10
4922450384,9,0,9
698024034210942976,9,0,9
700423587061043200,9,1,10
700427071206531075,9,4,13
700545967586586624,9,0,9
701131037745750017,9,2,11
701575174089482240,9,0,9
701630129483591680,9,0,9
702292073303580672,9,1,10
702305191505190912,9,0,9
702333348329431040,9,0,9
702616994802212864,9,1,10
702933587239309314,9,3,12
703070737079205888,9,0,9
703272775432151040,9,0,9
703625194414415873,9,0,9
703776194903220224,9,2,11
703987450285322242,9,0,9
704408824594231297,9,0,9
704528094430760960,9,0,9
704716097690411012,9,1,10
704728794221838337,9,0,9
704791467500244992,9,1,10
705222379253997568,9,4,13
705430674769973248,9,0,9
705454128814825472,9,1,10
705487700472651776,9,0,9
706098258335166464,9,4,13
706209304378896384,9,17,26
706277985721196544,9,0,9
706653555399266310,9,1,10
706677672915673089,9,1,10
707046739618836480,9,14,23
707099108121530368,9,6,15
707380976238788612,9,0,9
707722118331379712,9,0,9
708162598626156545,9,3,12
708315480545746944,9,0,9
708552551407468544,9,1,10
708725843531411456,9,2,11
709385877592477696,9,0,9
709463856544743424,9,0,9
709794328550309890,9,1,10
709932573351215104,9,1,10
710102922227490816,9,6,15
710651196734713858,9,0,9
710912765565792257,9,1,10
710964763405246465,9,0,9
711379509073719297,9,0,9
711395361177214977,9,0,9
711445316118126592,9,52,61
711752522898264064,9,4,13
712378761229045760,9,12,21
712393983922728961,9,1,10
712525192761905152,9,59,68
712781612811857920,9,0,9
712840604300877824,9,1,10
713429506221064192,9,0,9
713482341050519552,9,7,16
713588924791201793,9,1,10
714522046911229952,9,1,10
714561066533916672,9,0,9
714809678673408000,9,2,11
714884791267516416,9,3,12
714970629682761728,9,0,9
714973048185552897,9,37,46
715206706989559808,9,0,9
715689827899813888,9,0,9
716005268535001088,9,14,23
716115588985200644,9,1,10
716291127838531584,9,2,11
717323907653435392,9,1,10
717326024548159488,9,0,9
718932705061249024,9,0,9
719195663372693504,9,3,12
719769746330230784,9,3,12
720426925160820736,9,0,9
720785742193012737,9,1,10
721927153193848833,9,4,13
722154023864954880,9,0,9
722512342420815873,9,0,9
722939916137676800,9,67,76
723250232310419456,9,0,9
723310551795822594,9,0,9
723490273142001664,9,0,9
723578944436482048,9,0,9
723637040470880257,9,0,9
724027759819776000,9,0,9
724847756452478977,9,0,9
725063402284945408,9,0,9
725109063697178627,9,0,9
725514422609928192,9,4,13
726153383485296641,9,0,9
726319466951237632,9,1,10
726946838725578752,9,25,34
727496158596194304,9,0,9
728339501114793985,9,0,9
729444388217065472,9,9,18
729523453208965121,9,0,9
730218154635464704,9,1,10
730964523994206208,9,2,11
731307143479992320,9,3,12
731509366675902464,9,2,11
731611745219973121,9,1,10
732736354715586560,9,9,18
732795106990927872,9,0,9
732977935791988736,9,0,9
733008066648498176,9,0,9
733151275211071488,9,1,10
733841857675812864,9,3,12
734076071444779008,9,0,9
735288896561516544,9,1,10
735491152464470017,9,0,9
735911179600547840,9,0,9
736741738270707712,9,21,30
737061962614329344,9,1,10
737414983609372673,9,23,32
738092523906727936,9,1,10
738357080046895104,9,3,12
738456865550434304,9,0,9
738486583725305857,9,4,13
738708627389743107,9,0,9
738746746659033089,9,3,12
738806185894150144,9,3,12
738821874470117377,9,0,9
739206565161361408,9,0,9
740044536945233920,9,4,13
740240150823874560,9,0,9
740356070468550661,9,0,9
740592066351276033,9,1,10
740662279465766912,9,0,9
741187663705735170,9,19,28
741402843576311808,9,2,11
741444668928458752,9,38,47
741545475573207040,9,1,10
742014667971809280,9,0,9
742117764945616897,9,0,9
742458910825549825,9,0,9
742478429010829312,9,1,10
742728656573730816,9,0,9
742799722751119361,9,2,11
743146979744681984,9,4,13
743168613415149568,9,0,9
743197414815830016,9,0,9
743548706658598912,9,1,10
743559908478451712,9,13,22
743951695315513344,9,2,11
744547295216078849,9,0,9
745305787250020352,9,0,9
746193730122571777,9,0,9
747755175293628416,9,0,9
748152637757919232,9,0,9
748669405702262784,9,0,9
748906814394294272,9,0,9
749010891803398149,9,1,10
750103916742795264,9,1,10
750433359084425216,9,1,10
750878400408088576,9,0,9
751188566646992897,9,3,12
751557904889700352,9,0,9
753361014691725313,9,0,9
753711946696892417,9,0,9
754065641892515840,9,0,9
754068919887994880,9,0,9
754095021507219456,9,0,9
754118605017522177,9,0,9
754692482387116032,9,1,10
755580528376487936,9,2,11
755582692234711040,9,0,9
755584963467018240,9,1,10
756270629444132864,9,0,9
756505436530933760,9,0,9
756530959865044996,9,0,9
756835113229545474,9,0,9
757204310836977664,9,1,10
757334230342991872,9,0,9
757409029014560768,9,0,9
757640669057908736,9,1,10
757887349237899265,9,0,9
757993586495516672,9,2,11
758012454714630153,9,3,12
758021869895319552,9,0,9
758406643478564864,9,99,108
758786914237321216,9,0,9
759104784699797505,9,0,9
759145129005289473,9,0,9
759454980868890624,9,0,9
759744991048699904,9,0,9
759801671643910144,9,1,10
759902818123730945,9,1,10
760098215702110208,9,45,54
760105693286248448,9,16,25
760473696108556288,9,3,12
760524509954793472,9,0,9
760960285658099713,9,1,10
761242709344608257,9,0,9
761401326668480512,9,2,11
761468279512788992,9,2,11
761591783864303616,9,0,9
761730607617486848,9,1,10
762393038710771712,9,0,9
762520755787620352,9,0,9
762709886211764224,9,1,10
762799689695498240,9,0,9
763144183334838272,9,0,9
763524712190181376,9,0,9
763548377036402689,9,0,9
763604793952788480,9,0,9
763792180964012032,9,0,9
764670194916532224,9,0,9
764725260767768576,9,0,9
764860336667320320,9,3,12
765180716804104192,9,1,10
765914444073500672,9,0,9
766616568159580160,9,0,9
766922517101420544,9,0,9
767577597073031170,9,0,9
767814369812054016,9,0,9
767815743161368577,9,15,24
767874256596107264,9,0,9
768067639021342720,9,2,11
768141657304772612,9,0,9
768989105959165953,9,1,10
769462822690586624,9,4,13
769953306366009344,9,1,10
770615538426847232,9,3,12
771373546056581122,9,0,9
771626912011595776,9,0,9
771665438635757569,9,0,9
771709025088049154,9,0,9
772118572080455680,9,12,21
772452700197908482,9,0,9
773120930403024896,9,0,9
773632229100621824,9,0,9
774278418460356609,9,0,9
774668653153415169,9,0,9
774696126171582465,9,0,9
774938664979800064,9,0,9
775319606281908224,9,0,9
775638146591526912,9,1,10
775863638506733568,9,0,9
775956599747641344,9,0,9
775990940662194176,9,0,9
776122362475507712,9,0,9
776504474475036672,9,1,10
776510855634530304,9,0,9
776538250500513792,9,0,9
776550858578198528,9,2,11
776917379414683649,9,11,20
777206389181644800,9,0,9
777228627419271168,9,0,9
777671141452238848,9,1,10
778075787375239168,9,0,9
778250587326517248,9,0,9
778558057819365376,9,0,9
778703812563341312,9,0,9
778987282078498818,9,0,9
779281781199556608,9,0,9
779883327058771968,9,3,12
781084310682079232,9,0,9
781922754652098560,9,0,9
781990124183838720,9,0,9
782084324598218752,9,0,9
782202660187504641,9,0,9
782303939953733632,9,0,9
782370567265681408,9,0,9
782594355034861568,9,0,9
782597500926435328,9,0,9
782768087850418176,9,0,9
783014691773743104,9,1,10
783292811047206912,9,1,10
783639183168458752,9,0,9
783982152077733889,9,1,10
784058670384570368,9,0,9
784113080477347840,9,0,9
784404483572989956,9,0,9
784899317697880064,9,0,9
784917271156142081,9,0,9
785147688434020353,9,1,10
785232943035850752,9,0,9
785320332114599936,9,0,9
785366617953673217,9,2,11
785494858890817536,9,0,9
785566758857945088,9,2,11
785612837464834048,9,0,9
785848736434024448,9,0,9
785932247723487232,9,0,9
786184855407173632,9,0,9
786286150528950272,9,2,11
786597167771168768,9,1,10
786858683774996480,9,1,10
786897383321849856,9,2,11
786902322647486469,9,1,10
787041265611333632,9,0,9
787048970442858496,9,0,9
787160251984322560,9,1,10
787329316950515713,9,0,9
787729086613381121,9,1,10
787731153855717376,9,0,9
787742958351216640,9,1,10
787891964687417344,9,0,9
787892196716507136,9,0,9
788072455155834881,9,1,10
788393178470621185,9,0,9
788722877730357249,9,2,11
789117696319238144,9,2,11
789274615377821697,9,1,10
789304346802434049,9,0,9
789383290318839808,9,1,10
790978980610322433,9,0,9
791140430859599874,9,0,9
791450841521672192,9,2,11
791706244654440448,9,0,9
791901397667065857,9,0,9
792156070357585920,9,0,9
792338918804815872,9,0,9
792479315946409984,9,0,9
793252797105991684,9,0,9
793962415838724096,9,0,9
794186164458684416,9,0,9
794479677733797888,9,0,9
794787672719904768,9,0,9
794889909677019137,9,0,9
795190228508020736,9,0,9
795655121782865920,9,0,9
795764748176474113,9,0,9
795807043387097088,9,0,9
796341430071545856,9,0,9
796355458760110081,9,0,9
796528571896496129,9,0,9
797192341685698560,9,2,11
797473527054168066,9,0,9
797950662684209152,9,0,9
798648941571022848,9,0,9
798932635326107648,9,0,9
799359955992276992,9,2,11
805595032594087937,9,0,9
806584397885415424,9,0,9
10904,8,27,35
11830,8,19,27
29283,8,63,71
673123,8,2,10
756302,8,4,12
824157,8,22,30
1579841,8,4,12
1819261,8,72,80
1982321,8,0,8
2838741,8,0,8
2916671,8,1,9
4239551,8,3,11
5618162,8,27,35
6058142,8,0,8
6165492,8,0,8
7040852,8,5,13
7385622,8,0,8
8743302,8,3,11
9186162,8,0,8
10196452,8,0,8
11036972,8,0,8
11423952,8,2,10
11551752,8,0,8
11715042,8,14,22
12941062,8,0,8
13982892,8,12,20
14053295,8,2,10
14328161,8,58,66
14370179,8,3,11
14427575,8,2,10
14512842,8,2,10
14529471,8,0,8
14577821,8,0,8
14637033,8,0,8
14723235,8,5,13
14804672,8,36,44
14864368,8,4,12
14945005,8,68,76
15012679,8,1,9
15132784,8,0,8
15146659,8,2,10
15379839,8,95,103
15411535,8,15,23
15415753,8,1,9
15444578,8,2,10
15525413,8,32,40
15594400,8,6,14
15612411,8,0,8
15653159,8,0,8
15665878,8,2,10
15693986,8,1,9
15712175,8,3,11
15891553,8,0,8
15901107,8,35,43
15985291,8,43,51
15998753,8,5,13
16103930,8,13,21
16155390,8,0,8
16178778,8,3,11
16208851,8,2,10
16278173,8,0,8
16330353,8,48,56
16383139,8,46,54
16448066,8,0,8
16468815,8,27,35
16490787,8,3,11
16604074,8,26,34
16679440,8,1,9
16753594,8,0,8
16842734,8,77,85
17274898,8,1,9
17427729,8,0,8
17735910,8,4,12
17824071,8,0,8
17846983,8,1,9
17879211,8,2,10
17904499,8,0,8
18020150,8,0,8
18031986,8,0,8
18034481,8,0,8
18205127,8,0,8
18250854,8,0,8
18284757,8,0,8
18293603,8,0,8
18331491,8,1,9
18469852,8,0,8
18618743,8,0,8
18686907,8,3,11
18723501,8,11,19
18786885,8,2,10
18794961,8,0,8
18814243,8,4,12
19002934,8,16,24
19129247,8,66,74
19141265,8,146,154
19171162,8,10,18
19456704,8,0,8
19569705,8,0,8
19645781,8,9,17
19807561,8,2,10
19841902,8,5,13
19932368,8,1,9
20205786,8,1,9
20319497,8,0,8
20481219,8,0,8
20548990,8,10,18
20710399,8,0,8
20738289,8,0,8
20752820,8,1,9
20863911,8,0,8
20949790,8,0,8
21059569,8,1,9
21151367,8,0,8
21212342,8,1,9
21398656,8,0,8
21460496,8,23,31
21506324,8,1,9
21520410,8,0,8
21569218,8,0,8
21601501,8,1,9
21615707,8,6,14
21686067,8,92,100
21722318,8,3,11
21915646,8,0,8
21940632,8,2,10
22222414,8,21,29
22298089,8,3,11
22380374,8,26,34
22405916,8,1,9
22409689,8,0,8
22414239,8,0,8
22459949,8,0,8
22515143,8,14,22
22815781,8,1,9
23025026,8,0,8
23070969,8,0,8
23110912,8,116,124
23143326,8,19,27
23163431,8,0,8
23202568,8,0,8
23222646,8,3,11
23249329,8,28,36
23356283,8,0,8
23486935,8,0,8
23510621,8,1,9
23626007,8,1,9
23674069,8,4,12
23830471,8,9,17
23838809,8,0,8
23914772,8,0,8
24004269,8,0,8
24029066,8,1,9
24106009,8,0,8
24225486,8,0,8
24452840,8,2,10
24471273,8,1,9
24608308,8,0,8
24702102,8,23,31
24733117,8,24,32
24779056,8,1,9
25143740,8,0,8
25179573,8,0,8
25382013,8,3,11
25507323,8,2,10
25684629,8,2,10
25813319,8,0,8
25867779,8,68,76
25900516,8,0,8
25907012,8,0,8
25915348,8,0,8
25985541,8,0,8
26527588,8,8,16
26798092,8,0,8
27150189,8,0,8
27247948,8,8,16
27402668,8,14,22
27501860,8,0,8
27801221,8,0,8
27946584,8,0,8
28140151,8,0,8
28277980,8,64,72
28384904,8,1,9
28476865,8,0,8
28484753,8,0,8
28582844,8,0,8
28674574,8,231,239
28988363,8,0,8
29026489,8,1,9
29195042,8,4,12
29235607,8,0,8
29240983,8,1,9
29488514,8,60,68
29606475,8,2,10
29623004,8,0,8
30055451,8,0,8
30109311,8,0,8
30135284,8,33,41
30515073,8,3,11
30691979,8,1,9
30735982,8,8,16
30756849,8,1,9
30773401,8,1,9
31016712,8,0,8
31339088,8,0,8
31608060,8,22,30
32485908,8,1,9
32519496,8,1,9
32607524,8,0,8
32735808,8,1,9
32773309,8,0,8
32922391,8,0,8
32993293,8,0,8
33044471,8,2,10
33101173,8,1,9
33228875,8,2,10
33246636,8,3,11
33601308,8,2,10
33728712,8,7,15
33930094,8,0,8
33975743,8,0,8
34093672,8,163,171
34145141,8,0,8
34412254,8,0,8
34455099,8,25,33
34492708,8,2,10
34581662,8,0,8
34704999,8,6,14
35248303,8,2,10
35338242,8,0,8
35429494,8,0,8
36061413,8,4,12
36084358,8,3,11
36258183,8,0,8
36394732,8,0,8
36685954,8,0,8
36730878,8,1,9
36989700,8,1,9
37045101,8,1,9
37120683,8,0,8
37320198,8,0,8
37332624,8,3,11
37446493,8,0,8
37462473,8,0,8
37764773,8,0,8
38274009,8,0,8
38359576,8,29,37
38644197,8,0,8
39053390,8,3,11
39140979,8,7,15
39232365,8,0,8
39262142,8,3,11
39344374,8,1,9
39432990,8,2,10
39749418,8,0,8
40530033,8,1,9
40597139,8,5,13
40608796,8,14,22
40661960,8,0,8
41039348,8,4,12
41112839,8,0,8
41184878,8,0,8
41410702,8,7,15
41552352,8,0,8
41843185,8,3,11
41981966,8,0,8
42127613,8,0,8
42341287,8,3,11
42473644,8,0,8
42691625,8,1,9
42834939,8,0,8
42985017,8,5,13
43070041,8,12,20
43993275,8,5,13
44130518,8,0,8
44216222,8,0,8
44379469,8,0,8
45184179,8,0,8
45640519,8,0,8
45644706,8,0,8
46114814,8,0,8
46132870,8,0,8
46246807,8,0,8
46681512,8,19,27
47150233,8,1,9
47178451,8,1,9
47190787,8,0,8
47225502,8,1,9
47491845,8,171,179
47685083,8,1,9
47758708,8,13,21
47968676,8,20,28
48093881,8,1,9
48239661,8,0,8
48334291,8,1,9
48797677,8,0,8
48935740,8,0,8
49323761,8,7,15
49449892,8,0,8
49941653,8,0,8
50757255,8,3,11
51880276,8,147,155
52011684,8,1,9
52505924,8,1,9
52733631,8,0,8
52758170,8,4,12
52832886,8,123,131
53146940,8,0,8
53374478,8,0,8
54407819,8,0,8
54762949,8,2,10
55086283,8,1,9
55432168,8,12,20
55621506,8,34,42
55701185,8,1,9
56312592,8,0,8
56811035,8,0,8
57263317,8,0,8
57672544,8,0,8
57753139,8,2,10
58390897,8,0,8
58490633,8,1,9
58753674,8,1,9
58927949,8,1,9
59989101,8,0,8
60047243,8,1,9
60152472,8,0,8
60770401,8,70,78
60956346,8,1,9
61104689,8,167,175
61442272,8,1,9
61468924,8,0,8
61511656,8,0,8
63697141,8,0,8
64035970,8,408,416
64092459,8,11,19
64276999,8,1,9
64305856,8,1,9
64746727,8,1,9
65205116,8,116,124
65250807,8,3,11
65653009,8,2,10
65735401,8,0,8
65876613,8,0,8
65889719,8,1,9
66053650,8,5,13
66850527,8,3,11
67919206,8,1,9
68543750,8,0,8
68757338,8,0,8
69111167,8,4,12
69469208,8,0,8
69659194,8,0,8
69689196,8,0,8
70230425,8,0,8
71268467,8,0,8
71371284,8,2,10
71614856,8,4,12
71749057,8,34,42
71836981,8,0,8
72276122,8,0,8
72839240,8,0,8
74372401,8,1,9
74483257,8,0,8
74488943,8,0,8
75063913,8,0,8
75118422,8,64,72
75400946,8,0,8
75624837,8,0,8
75797367,8,11,19
75860759,8,0,8
75922483,8,1,9
76864398,8,63,71
77012250,8,10,18
77068843,8,73,81
77300110,8,0,8
77594793,8,5,13
79570833,8,17,25
79646958,8,1,9
81645411,8,0,8
82443502,8,0,8
82516346,8,2,10
82960709,8,3,11
83088487,8,0,8
83879008,8,1,9
84641730,8,0,8
84680592,8,0,8
84726503,8,1,9
85070209,8,0,8
85230067,8,26,34
85982089,8,166,174
87250503,8,0,8
87471627,8,0,8
88021346,8,79,87
89165845,8,1,9
89533742,8,17,25
91634855,8,1,9
92328843,8,1,9
92653219,8,0,8
92920360,8,2,10
93189973,8,0,8
93663419,8,1,9
94139317,8,0,8
94154691,8,42,50
94249055,8,0,8
94266934,8,0,8
94611763,8,17,25
95066166,8,0,8
95710034,8,0,8
97452684,8,0,8
97713882,8,1,9
97860997,8,2,10
97931198,8,2,10
99337368,8,0,8
99711197,8,1,9
100820088,8,0,8
101148379,8,2,10
102488862,8,1,9
104170025,8,0,8
105379637,8,1,9
105427696,8,0,8
105654088,8,47,55
105862008,8,0,8
105964440,8,6,14
106331667,8,55,63
107733311,8,1,9
108065324,8,1,9
108912618,8,0,8
110459289,8,55,63
110839847,8,0,8
110906985,8,0,8
111448043,8,0,8
111684317,8,0,8
113289157,8,0,8
113677047,8,1,9
114024675,8,0,8
115361027,8,0,8
116282990,8,0,8
117277446,8,0,8
117943883,8,1,9
119006593,8,0,8
120955920,8,0,8
121209635,8,0,8
121313659,8,0,8
123628682,8,152,160
123728862,8,7,15
124055062,8,0,8
128061736,8,1,9
129205778,8,61,69
129258722,8,1,9
129588368,8,0,8
130344773,8,66,74
132654630,8,0,8
132789518,8,0,8
132972189,8,1,9
133929829,8,3,11
135449226,8,0,8
135556071,8,3,11
135631388,8,1,9
137480382,8,0,8
137890563,8,0,8
138190051,8,1,9
138198794,8,0,8
138490162,8,35,43
138870199,8,2,10
139182327,8,1,9
139844546,8,1,9
140776478,8,0,8
140898762,8,2,10
142258986,8,0,8
143932529,8,6,14
146451612,8,0,8
146642177,8,1,9
148441768,8,0,8
148784786,8,0,8
149527508,8,0,8
149751818,8,49,57
150281740,8,11,19
150385022,8,0,8
150424761,8,2,10
153825032,8,0,8
153970375,8,4,12
154587325,8,0,8
154681376,8,15,23
156794781,8,4,12
158799097,8,0,8
159170403,8,1,9
159701593,8,0,8
160018783,8,0,8
160904444,8,1,9
161002046,8,0,8
161003217,8,42,50
162372905,8,0,8
163992822,8,0,8
165480484,8,25,33
167817082,8,0,8
168799081,8,1,9
168904047,8,0,8
169245808,8,8,16
169913407,8,0,8
170029291,8,2,10
172353234,8,0,8
172476609,8,3,11
173368675,8,0,8
173817113,8,0,8
174052742,8,0,8
174685168,8,1,9
176842858,8,4,12
177585732,8,0,8
178228905,8,33,41
178461867,8,2,10
178491442,8,0,8
180947055,8,2,10
181765241,8,2,10
182939841,8,1,9
183985454,8,8,16
184126208,8,7,15
184778203,8,10,18
186386399,8,1,9
186435034,8,0,8
186530363,8,0,8
188769843,8,0,8
189366606,8,2,10
190135621,8,0,8
191446693,8,1,9
191615018,8,0,8
191732846,8,0,8
192789059,8,1,9
194628809,8,3,11
194715512,8,0,8
194794933,8,1,9
195575407,8,0,8
195575801,8,14,22
195849233,8,0,8
196685253,8,3,11
196841348,8,8,16
197147881,8,0,8
200681161,8,1,9
201177957,8,1,9
201927628,8,0,8
203426012,8,0,8
205012242,8,16,24
205689843,8,13,21
207152675,8,0,8
207228196,8,2,10
207864860,8,0,8
208857851,8,1,9
209425078,8,2,10
209706754,8,1,9
211925897,8,0,8
213081991,8,0,8
215375624,8,0,8
216385540,8,57,65
216502478,8,9,17
217400862,8,3,11
217551225,8,0,8
217574712,8,87,95
217628644,8,6,14
218277895,8,14,22
219182056,8,3,11
219582607,8,0,8
220340950,8,1,9
220842244,8,0,8
221390502,8,9,17
221972638,8,0,8
224809565,8,0,8
224877087,8,0,8
225071374,8,8,16
225333204,8,2,10
225838288,8,22,30
226168436,8,0,8
228233994,8,0,8
228585536,8,5,13
229001983,8,1,9
231154776,8,94,102
232460460,8,1,9
232730740,8,0,8
232733016,8,1,9
234767581,8,2,10
234898378,8,1,9
235984570,8,3,11
236265221,8,0,8
236647046,8,0,8
237757377,8,1,9
238756808,8,0,8
240730832,8,4,12
241220025,8,7,15
241360518,8,16,24
241468620,8,0,8
241661629,8,0,8
242440672,8,0,8
242557507,8,2,10
242577946,8,33,41
242808620,8,26,34
243424520,8,0,8
243761753,8,1,9
244990041,8,0,8
245960120,8,1,9
246667561,8,41,49
247894877,8,0,8
247962366,8,1,9
248248377,8,1,9
250149006,8,0,8
250430348,8,1,9
250665608,8,0,8
250713973,8,9,17
250952482,8,0,8
251227686,8,0,8
251877314,8,5,13
254740330,8,0,8
255533239,8,0,8
255696250,8,1,9
257592811,8,0,8
258133070,8,0,8
258440777,8,0,8
258441735,8,0,8
258768180,8,1,9
258831900,8,1,9
259599756,8,0,8
259974035,8,0,8
260394951,8,0,8
260795721,8,0,8
260915502,8,1,9
262305903,8,1,9
262312552,8,19,27
262382830,8,0,8
262493461,8,1,9
262907484,8,1,9
263488313,8,0,8
264819484,8,0,8
264972111,8,0,8
265110044,8,0,8
265144941,8,0,8
265576861,8,0,8
265924831,8,0,8
266273724,8,1,9
267613052,8,2,10
267883219,8,0,8
267949435,8,0,8
268566872,8,2,10
269369963,8,0,8
269384021,8,0,8
269744627,8,0,8
270284873,8,4,12
270416438,8,0,8
270690545,8,0,8
271580759,8,0,8
271916022,8,41,49
272092236,8,0,8
272100406,8,1,9
272112035,8,3,11
273554893,8,0,8
273690857,8,8,16
274183039,8,0,8
274285093,8,0,8
274369044,8,0,8
276106961,8,15,23
276885247,8,3,11
278993253,8,0,8
279341816,8,0,8
279531008,8,0,8
280138536,8,20,28
280601129,8,0,8
280627232,8,0,8
280710985,8,38,46
281838182,8,6,14
282314953,8,1,9
282317058,8,0,8
284050591,8,0,8
284831535,8,0,8
284852218,8,1,9
286966315,8,0,8
287871693,8,0,8
288043194,8,0,8
288978419,8,2,10
290692528,8,0,8
290926112,8,0,8
292072162,8,1,9
292251723,8,0,8
292335296,8,0,8
293225183,8,13,21
296520885,8,0,8
297447292,8,111,119
297849453,8,0,8
300642262,8,44,52
301105969,8,2,10
302386477,8,0,8
302801889,8,4,12
303893980,8,0,8
304158079,8,1,9
305658775,8,0,8
306288156,8,0,8
307373418,8,0,8
308661209,8,1,9
310855387,8,3,11
311856115,8,24,32
312439360,8,0,8
312635297,8,0,8
313468076,8,6,14
315366161,8,1,9
315436946,8,8,16
316126656,8,0,8
316869157,8,1,9
317553248,8,0,8
317734636,8,0,8
318148029,8,0,8
319579498,8,0,8
319729023,8,2,10
319808514,8,0,8
319922836,8,0,8
321229019,8,3,11
321635949,8,0,8
321661510,8,0,8
322665133,8,0,8
322748311,8,2,10
323190384,8,0,8
323369624,8,0,8
324059974,8,2,10
325123401,8,0,8
327193695,8,21,29
328043128,8,0,8
328888495,8,1,9
329872564,8,23,31
330373787,8,0,8
330664452,8,1,9
331129674,8,0,8
331277809,8,0,8
332533240,8,0,8
334080484,8,0,8
334117897,8,0,8
334704420,8,0,8
337155276,8,0,8
338587175,8,5,13
338913618,8,0,8
339244895,8,7,15
340941367,8,0,8
343124987,8,0,8
343163132,8,3,11
343830557,8,0,8
344845064,8,2,10
347978889,8,2,10
347997410,8,0,8
350301832,8,3,11
350994592,8,4,12
351400059,8,1,9
351691231,8,0,8
352125063,8,0,8
352421373,8,0,8
352722190,8,0,8
352888209,8,0,8
354963799,8,0,8
357781740,8,1,9
358342914,8,0,8
358442053,8,33,41
358875618,8,0,8
359795476,8,0,8
360241311,8,0,8
360997546,8,1,9
361437624,8,13,21
361936954,8,2,10
363065300,8,0,8
363332278,8,0,8
365391627,8,2,10
367323969,8,1,9
368039513,8,0,8
368571401,8,0,8
374109230,8,0,8
374140155,8,0,8
375394712,8,0,8
376154082,8,1,9
376390162,8,5,13
376716740,8,2,10
377649830,8,2,10
377839041,8,0,8
378071379,8,1,9
378459282,8,0,8
378642998,8,5,13
378732151,8,0,8
378736650,8,22,30
378844127,8,35,43
379187717,8,0,8
379385416,8,1,9
379463455,8,3,11
380390030,8,36,44
380725931,8,1,9
380767010,8,0,8
380961101,8,3,11
382194049,8,1,9
382896970,8,0,8
382961476,8,0,8
383337252,8,0,8
384743622,8,0,8
385151567,8,0,8
385726008,8,68,76
385729657,8,0,8
386001751,8,5,13
386206041,8,0,8
386697701,8,1,9
386904023,8,1,9
388365142,8,0,8
389785377,8,22,30
390153975,8,1,9
390354250,8,0,8
392941893,8,0,8
393137692,8,0,8
394093191,8,2,10
394916752,8,0,8
395301614,8,0,8
396127116,8,2,10
396259700,8,0,8
397235107,8,0,8
399553357,8,0,8
400794357,8,1,9
402255391,8,0,8
402942300,8,6,14
403086277,8,156,164
403967040,8,0,8
404315612,8,0,8
404359905,8,0,8
406016392,8,3,11
406510148,8,1,9
407316706,8,0,8
407429787,8,0,8
408570271,8,0,8
412329694,8,0,8
412441200,8,0,8
414800024,8,0,8
415579676,8,0,8
415816475,8,1,9
415865765,8,1,9
418269736,8,1,9
418423099,8,2,10
421320878,8,0,8
421347962,8,0,8
421413146,8,0,8
422894799,8,0,8
423625300,8,18,26
424759075,8,0,8
425307079,8,3,11
425332716,8,3,11
425988602,8,0,8
426125491,8,80,88
426635241,8,1,9
426665394,8,0,8
426916108,8,0,8
428611968,8,0,8
430736338,8,0,8
431233630,8,1,9
431711257,8,2,10
432014523,8,1,9
432738210,8,0,8
433098000,8,0,8
433437756,8,0,8
433508358,8,0,8
433794417,8,1,9
433948886,8,19,27
434534348,8,1,9
434708641,8,1,9
435578994,8,0,8
436882098,8,0,8
437109971,8,3,11
438047280,8,0,8
439122244,8,1,9
442260902,8,0,8
444283883,8,52,60
444511554,8,0,8
445127239,8,2,10
448181998,8,0,8
449631120,8,2,10
450181943,8,31,39
451224111,8,0,8
454551654,8,3,11
455043739,8,1,9
456118722,8,0,8
456743537,8,0,8
459910382,8,0,8
460816041,8,0,8
462205941,8,7,15
464815693,8,61,69
465003334,8,0,8
465136235,8,2,10
465502764,8,0,8
467233205,8,1,9
467413844,8,0,8
467836107,8,0,8
468759217,8,31,39
469741640,8,0,8
469890568,8,1,9
470028954,8,2,10
470329248,8,1,9
470655557,8,0,8
470764663,8,30,38
471421327,8,0,8
471640350,8,11,19
472268623,8,4,12
472291066,8,0,8
473101644,8,0,8
473559812,8,0,8
474612178,8,2,10
476886291,8,0,8
477017716,8,0,8
482190681,8,22,30
482388629,8,14,22
483143319,8,0,8
484980949,8,3,11
484983185,8,10,18
485865447,8,0,8
486223693,8,2,10
487642650,8,28,36
488019311,8,0,8
489579857,8,0,8
489791207,8,5,13
493330823,8,1,9
496142087,8,0,8
497007732,8,2,10
497051373,8,0,8
497429456,8,0,8
499060178,8,14,22
499227001,8,1,9
500121783,8,0,8
501939982,8,0,8
503704053,8,0,8
511993381,8,0,8
512830524,8,7,15
513265708,8,51,59
515614645,8,1,9
517166803,8,0,8
518741908,8,3,11
519031521,8,0,8
520439044,8,0,8
525380796,8,2,10
525440173,8,0,8
525474044,8,2,10
525642467,8,1,9
525716504,8,0,8
526632667,8,0,8
526801402,8,1,9
526985477,8,0,8
530803190,8,1,9
530939634,8,0,8
531485880,8,0,8
531746750,8,4,12
532542864,8,1,9
533867370,8,2,10
534026370,8,5,13
534380406,8,2,10
535252877,8,0,8
535950676,8,0,8
537563949,8,0,8
537812384,8,5,13
538467434,8,2,10
539304815,8,0,8
539453139,8,0,8
541531273,8,1,9
542977127,8,0,8
543780273,8,70,78
545438622,8,0,8
545463914,8,1,9
548722582,8,0,8
552392464,8,0,8
552395044,8,0,8
552648775,8,0,8
553010243,8,0,8
553369137,8,1,9
553835490,8,1,9
555246776,8,22,30
555454724,8,2,10
555576442,8,0,8
556736472,8,0,8
557279352,8,7,15
557336528,8,0,8
558486772,8,0,8
559476023,8,1,9
560323997,8,53,61
560428685,8,2,10
561419515,8,0,8
561951458,8,0,8
562543781,8,0,8
563617296,8,7,15
564141120,8,13,21
564565489,8,0,8
565419912,8,0,8
565671882,8,0,8
566051223,8,0,8
567345950,8,36,44
570318719,8,181,189
574863273,8,1,9
575865962,8,0,8
575995680,8,2,10
576680441,8,0,8
577557067,8,0,8
578540164,8,2,10
579160011,8,0,8
579374119,8,0,8
579628044,8,1,9
582410166,8,0,8
584721458,8,0,8
584817873,8,0,8
584891890,8,27,35
588329379,8,0,8
588352144,8,1,9
589286587,8,2,10
590132659,8,0,8
593652162,8,1,9
594881739,8,0,8
595506203,8,0,8
599874558,8,0,8
600055151,8,1,9
601090248,8,0,8
602254195,8,0,8
605835116,8,0,8
605856114,8,2,10
608531157,8,0,8
608610369,8,3,11
609677437,8,0,8
611408712,8,0,8
612797711,8,0,8
613941136,8,6,14
614138502,8,5,13
614648383,8,0,8
615350670,8,0,8
618226029,8,5,13
621024680,8,19,27
622750531,8,6,14
628040497,8,4,12
628704394,8,0,8
629761339,8,0,8
631294064,8,0,8
634278422,8,0,8
635204214,8,1,9
702131767,8,55,63
702198810,8,0,8
706049323,8,41,49
710364510,8,2,10
711941233,8,0,8
713434394,8,0,8
713661385,8,3,11
716902315,8,0,8
717178511,8,0,8
718468278,8,0,8
727625203,8,0,8
731924576,8,0,8
740476177,8,0,8
741795343,8,0,8
744449923,8,0,8
747668292,8,2,10
749342287,8,0,8
752107238,8,4,12
753998863,8,0,8
754775250,8,95,103
754852592,8,0,8
755202710,8,0,8
755810618,8,2,10
760707770,8,2,10
762854683,8,25,33
764234526,8,7,15
767036004,8,693,701
770538422,8,0,8
772153106,8,0,8
775646406,8,0,8
776367025,8,1,9
779286626,8,1,9
780291397,8,1,9
781126262,8,0,8
782461412,8,0,8
786189822,8,1,9
790098361,8,0,8
791304169,8,2,10
792677334,8,0,8
793080049,8,0,8
793577262,8,107,115
794370632,8,0,8
796308937,8,0,8
798454740,8,0,8
799326259,8,0,8
801346926,8,0,8
802290626,8,0,8
803592673,8,19,27
805300141,8,0,8
809719260,8,0,8
814650337,8,0,8
816539264,8,0,8
818841229,8,3,11
820621218,8,1,9
826028858,8,4,12
826212918,8,0,8
826281348,8,1,9
826533236,8,0,8
830060251,8,0,8
830859110,8,0,8
836410892,8,0,8
836867256,8,0,8
846945457,8,17,25
849556892,8,0,8
850000122,8,1,9
855832310,8,1,9
861261444,8,0,8
863183726,8,2,10
865211809,8,0,8
865537381,8,2,10
870200407,8,0,8
872769931,8,0,8
874573788,8,1,9
874964714,8,0,8
876077348,8,6,14
885709574,8,0,8
887133361,8,0,8
887296237,8,0,8
887863118,8,1,9
888895141,8,5,13
889658149,8,0,8
891268615,8,1,9
895240200,8,0,8
896927635,8,0,8
900670812,8,0,8
901461290,8,0,8
901810728,8,2,10
902987156,8,3,11
907110312,8,0,8
909014827,8,1,9
917424517,8,0,8
920039474,8,2,10
921343537,8,10,18
925161145,8,0,8
926628416,8,1,9
929840257,8,3,11
930573630,8,0,8
931067412,8,0,8
931067706,8,11,19
931516345,8,1,9
932649517,8,0,8
935308489,8,0,8
936815640,8,1,9
939537901,8,17,25
942602136,8,1,9
943070276,8,2,10
953991390,8,1,9
956019854,8,1,9
956520744,8,0,8
961043299,8,0,8
961149667,8,4,12
961887360,8,6,14
964678884,8,0,8
966852380,8,0,8
968764302,8,0,8
970847706,8,0,8
971317435,8,1,9
972252481,8,0,8
974967601,8,0,8
976871100,8,5,13
981951186,8,4,12
982767486,8,50,58
987778555,8,0,8
991999238,8,1,9
1004337936,8,0,8
1009448833,8,0,8
1014365983,8,6,14
1016123534,8,0,8
1031640079,8,0,8
1036066309,8,1,9
1038885840,8,0,8
1041478692,8,0,8
1042215504,8,0,8
1042334540,8,3,11
1045353331,8,1,9
1046740962,8,5,13
1051802324,8,7,15
1052043074,8,0,8
1053260720,8,0,8
1056093152,8,2,10
1056440384,8,0,8
1058802138,8,1,9
1058964374,8,0,8
1059240924,8,1,9
1066693320,8,2,10
1069755158,8,0,8
1069992097,8,6,14
1070086020,8,0,8
1073909671,8,0,8
1074293473,8,2,10
1077194684,8,1,9
1078008103,8,0,8
1081119548,8,0,8
1090999268,8,0,8
1091626734,8,0,8
1092054368,8,6,14
1097693269,8,0,8
1098542803,8,0,8
1104448322,8,1,9
1105391281,8,2,10
1109280350,8,1,9
1109685884,8,0,8
1113261500,8,2,10
1115911946,8,0,8
1122480236,8,49,57
1126999934,8,1,9
1127394308,8,1,9
1143445501,8,0,8
1145400012,8,5,13
1146147427,8,1,9
1158238280,8,6,14
1166607373,8,0,8
1173075230,8,2,10
1173774108,8,12,20
1179479251,8,0,8
1184210395,8,0,8
1192294555,8,7,15
1195305920,8,0,8
1199216136,8,47,55
1202448612,8,0,8
1202544163,8,0,8
1213048399,8,0,8
1225584330,8,0,8
1227227953,8,0,8
1231730521,8,0,8
1247563308,8,2,10
1247750239,8,4,12
1247869842,8,0,8
1250223434,8,0,8
1263540390,8,1,9
1267314548,8,0,8
1271103438,8,1,9
1272061512,8,0,8
1272306439,8,0,8
1283283048,8,9,17
1283834881,8,0,8
1283858198,8,0,8
1284994340,8,0,8
1287518551,8,0,8
1305673812,8,1,9
1309136306,8,0,8
1318445515,8,0,8
1325147197,8,0,8
1330155708,8,15,23
1330387950,8,14,22
1337301116,8,4,12
1347838866,8,0,8
1350504332,8,0,8
1355017628,8,0,8
1355218452,8,584,592
1362580699,8,1,9
1364833195,8,5,13
1365068816,8,0,8
1368155952,8,0,8
1369975676,8,0,8
1377610592,8,5,13
1379361276,8,1,9
1379503950,8,0,8
1385943930,8,0,8
1412144438,8,0,8
1419936289,8,1,9
1428444181,8,3,11
1431225408,8,0,8
1434194372,8,1,9
1444283370,8,0,8
1446408937,8,1,9
1450290024,8,0,8
1452720702,8,0,8
1453180627,8,1,9
1453474057,8,1,9
1467709922,8,0,8
1472793739,8,0,8
1490322847,8,0,8
1496929428,8,1,9
1528610402,8,0,8
1532000580,8,0,8
1539904334,8,3,11
1548809378,8,0,8
1549153124,8,0,8
1551206293,8,0,8
1551675618,8,0,8
1556419213,8,0,8
1557888104,8,0,8
1560924338,8,0,8
1561465032,8,1,9
1563385532,8,1,9
1576529899,8,0,8
1579461362,8,1,9
1586975863,8,0,8
1596748964,8,0,8
1598851068,8,21,29
1600803121,8,1,9
1601667793,8,63,71
1606645344,8,0,8
1608332742,8,0,8
1609140835,8,0,8
1610022938,8,0,8
1613651070,8,12,20
1619311868,8,0,8
1626442262,8,1,9
1634265696,8,0,8
1637977830,8,0,8
1638469639,8,1,9
1642950181,8,0,8
1646287386,8,0,8
1646998182,8,0,8
1649395076,8,342,350
1661453304,8,0,8
1666456460,8,0,8
1673113920,8,1,9
1679872219,8,0,8
1682007326,8,0,8
1682435060,8,0,8
1684663734,8,0,8
1687695458,8,2,10
1689655754,8,1,9
1689658476,8,0,8
1699495232,8,5,13
1706539567,8,0,8
1710212232,8,0,8
1710887760,8,0,8
1714209842,8,0,8
1715470742,8,0,8
1717568204,8,8,16
1735532983,8,0,8
1812179905,8,2,10
1840430268,8,0,8
1854606930,8,1,9
1855224794,8,0,8
1855903904,8,0,8
1872923042,8,0,8
1880248207,8,0,8
1893540588,8,0,8
1898498066,8,0,8
1900685912,8,2,10
1901307192,8,1,9
1903157054,8,0,8
1911667621,8,0,8
1912576375,8,3,11
1914758046,8,0,8
1916007554,8,1,9
1920970207,8,1,9
1921520767,8,2,10
1932372031,8,5,13
1934548688,8,2,10
1936045634,8,0,8
1938992054,8,0,8
1952014620,8,0,8
1954120820,8,0,8
1957650523,8,0,8
1959824827,8,0,8
1967494225,8,4,12
2155929278,8,0,8
2157300198,8,0,8
2160060829,8,0,8
2160175057,8,0,8
2160261666,8,0,8
2160518711,8,1,9
2166101695,8,0,8
2169294542,8,1,9
2172166835,8,0,8
2179104894,8,1,9
2179203211,8,1,9
2180283949,8,0,8
2180457685,8,0,8
2183307408,8,0,8
2183747407,8,0,8
2186928506,8,25,33
2191390232,8,8,16
2191478232,8,2,10
2193756544,8,70,78
2195314380,8,2,10
2196183115,8,0,8
2196655093,8,4,12
2207213288,8,0,8
2213997114,8,1,9
2218742450,8,180,188
2220657636,8,0,8
2225708558,8,0,8
2227412202,8,0,8
2227797540,8,21,29
2228302326,8,0,8
2228334079,8,0,8
2231864912,8,36,44
2240556884,8,0,8
2241666690,8,0,8
2242145306,8,0,8
2243670742,8,0,8
2251078090,8,0,8
2254784316,8,0,8
2255955180,8,0,8
2256217711,8,0,8
2265718536,8,2,10
2268356520,8,0,8
2269095733,8,0,8
2269132008,8,0,8
2269522754,8,2,10
2269876740,8,5,13
2270616696,8,1,9
2272330814,8,0,8
2273671176,8,0,8
2275677769,8,1,9
2277847464,8,0,8
2283165091,8,0,8
2284322948,8,0,8
2284500608,8,0,8
2288161272,8,155,163
2288355451,8,1,9
2290222724,8,0,8
2292148778,8,0,8
2293543352,8,1,9
2297626151,8,0,8
2301535520,8,1,9
2304415322,8,6,14
2310958931,8,0,8
2314018987,8,18,26
2316356702,8,0,8
2317254136,8,50,58
2318124054,8,1,9
2318594292,8,0,8
2323277426,8,0,8
2327682313,8,0,8
2329241601,8,0,8
2329328857,8,19,27
2329464170,8,0,8
2330459994,8,0,8
2330964507,8,0,8
2334095864,8,0,8
2337001892,8,0,8
2343966982,8,11,19
2346647000,8,0,8
2351017645,8,2,10
2351085896,8,0,8
2351821038,8,0,8
2352372745,8,0,8
2353578976,8,0,8
2357004468,8,0,8
2358055897,8,1,9
2358102314,8,3,11
2358346270,8,0,8
2361619915,8,1,9
2363961183,8,0,8
2366140375,8,0,8
2371003794,8,4,12
2371121101,8,1,9
2371931053,8,0,8
2372162220,8,0,8
2376210446,8,3,11
2376598304,8,1,9
2387356208,8,1,9
2392631088,8,0,8
2392744614,8,3,11
2395258519,8,0,8
2401189650,8,0,8
2401835414,8,0,8
2409501757,8,65,73
2414616894,8,0,8
2414882947,8,7,15
2416884205,8,0,8
2420903660,8,0,8
2422152746,8,0,8
2423054095,8,3,11
2425857887,8,0,8
2426661938,8,1,9
2430307909,8,4,12
2432820462,8,0,8
2437505030,8,1,9
2437579938,8,0,8
2438352287,8,0,8
2458128747,8,0,8
2459550686,8,0,8
2459904144,8,0,8
2462500608,8,4,12
2463270592,8,0,8
2467791090,8,0,8
2467812187,8,1,9
2468732244,8,0,8
2468828556,8,0,8
2474219244,8,0,8
2474400055,8,1,9
2475003414,8,0,8
2479137361,8,0,8
2480341394,8,0,8
2480341400,8,2,10
2483010019,8,0,8
2489697756,8,0,8
2490280214,8,1,9
2491039446,8,0,8
2493552642,8,0,8
2493799771,8,0,8
2494963916,8,0,8
2497878354,8,5,13
2500118114,8,0,8
2507979678,8,0,8
2510925664,8,0,8
2516411394,8,0,8
2518947094,8,5,13
2519014984,8,0,8
2523330674,8,2,10
2523529356,8,1,9
2526201192,8,1,9
2528628218,8,0,8
2532362760,8,0,8
2535692465,8,0,8
2546120619,8,0,8
2546839514,8,1,9
2550616416,8,0,8
2555977891,8,0,8
2557461385,8,0,8
2560998807,8,0,8
2565980167,8,0,8
2568323285,8,1,9
2568463807,8,0,8
2573126629,8,0,8
2573624774,8,0,8
2574904722,8,83,91
2577496249,8,0,8
2598600596,8,0,8
2608543296,8,9,17
2611662579,8,1,9
2611903088,8,0,8
2614050336,8,0,8
2616377252,8,2,10
2616720798,8,0,8
2623416465,8,0,8
2628650152,8,0,8
2646598850,8,0,8
2646690067,8,90,98
2647585698,8,0,8
2648259668,8,1,9
2652830652,8,0,8
2653063446,8,2,10
2662967611,8,0,8
2675082373,8,0,8
2678626452,8,0,8
2681660963,8,0,8
2688139674,8,0,8
2691853816,8,4,12
2692303327,8,0,8
2694531008,8,0,8
2696379674,8,20,28
2698297343,8,0,8
2699488914,8,0,8
2706403100,8,0,8
2706779606,8,5,13
2707699706,8,0,8
2712950179,8,0,8
2715152810,8,0,8
2716718458,8,52,60
2719377370,8,0,8
2720203907,8,0,8
2723095804,8,1,9
2726652103,8,1,9
2727324168,8,1,9
2727707625,8,0,8
2730622453,8,0,8
2732028311,8,0,8
2732746028,8,0,8
2738353082,8,7,15
2742669599,8,0,8
2748686820,8,7,15
2749204043,8,1,9
2749547117,8,0,8
2749555489,8,0,8
2750787818,8,5,13
2753699888,8,0,8
2754999509,8,0,8
2757740746,8,0,8
2759034610,8,0,8
2760934100,8,0,8
2765469803,8,0,8
2767293171,8,1,9
2768188076,8,0,8
2769935160,8,0,8
2775256429,8,0,8
2776135942,8,1,9
2778399447,8,0,8
2781039403,8,1,9
2781669188,8,0,8
2783002074,8,0,8
2784119628,8,0,8
2784632127,8,3,11
2785605749,8,25,33
2787240097,8,1,9
2789733951,8,0,8
2792000773,8,0,8
2801149766,8,7,15
2804993833,8,0,8
2807511891,8,1,9
2810850490,8,0,8
2811635438,8,0,8
2815497198,8,1,9
2815734104,8,0,8
2819902607,8,3,11
2820524334,8,27,35
2824290790,8,0,8
2825937471,8,17,25
2830675548,8,1,9
2832569276,8,0,8
2836601458,8,1,9
2842299381,8,8,16
2847021233,8,0,8
2847898283,8,0,8
2853848082,8,0,8
2861658237,8,0,8
2864318464,8,0,8
2864437890,8,0,8
2865488295,8,2,10
2865650852,8,1,9
2867568874,8,2,10
2877351007,8,0,8
2878464545,8,0,8
2878478922,8,0,8
2882244369,8,0,8
2885639245,8,0,8
2885902600,8,0,8
2887026221,8,17,25
2891495043,8,0,8
2894120355,8,0,8
2894555758,8,5,13
2901421116,8,0,8
2905460126,8,0,8
2905642010,8,1,9
2907933725,8,0,8
2910469903,8,0,8
2911525543,8,0,8
2912155013,8,0,8
2912578097,8,1,9
2915662973,8,0,8
2921371785,8,0,8
2923524644,8,0,8
2929082960,8,5,13
2932101388,8,0,8
2936330162,8,0,8
2937760370,8,0,8
2941468133,8,0,8
2946112599,8,0,8
2946594224,8,0,8
2955178039,8,0,8
2961328443,8,0,8
2962462460,8,0,8
2965379795,8,0,8
2966757413,8,2,10
2972943664,8,0,8
2973401582,8,0,8
2977792686,8,2,10
2980581222,8,0,8
2980775187,8,6,14
2982013384,8,1,9
2984972921,8,0,8
2992087607,8,0,8
2994962277,8,0,8
2995412232,8,0,8
2995787650,8,0,8
2998451675,8,0,8
3004108929,8,0,8
3004274746,8,1,9
3007113137,8,0,8
3010805337,8,1,9
3013468825,8,0,8
3014615513,8,0,8
3016203587,8,4,12
3020889368,8,0,8
3022863392,8,0,8
3024166081,8,7,15
3024480078,8,1,9
3025897219,8,1,9
3025914853,8,0,8
3038351945,8,1,9
3038986434,8,1,9
3039275514,8,0,8
3044128997,8,0,8
3047992210,8,1,9
3048455909,8,0,8
3053909724,8,0,8
3057791967,8,0,8
3059050973,8,1,9
3063718337,8,0,8
3065572659,8,0,8
3065997496,8,0,8
3068043556,8,0,8
3069216826,8,137,145
3072356408,8,0,8
3073400817,8,0,8
3074528624,8,0,8
3077906014,8,0,8
3084328539,8,0,8
3087052653,8,0,8
3090113693,8,1,9
3092045272,8,0,8
3092557972,8,1,9
3100525722,8,0,8
3105550743,8,0,8
3120922524,8,5,13
3122541676,8,11,19
3122674117,8,1,9
3141948314,8,0,8
3144039903,8,1,9
3144180706,8,0,8
3147589450,8,0,8
3147735911,8,0,8
3159816119,8,0,8
3162171480,8,0,8
3164144230,8,0,8
3169052695,8,0,8
3178096511,8,3,11
3178443521,8,0,8
3185162763,8,0,8
3187156543,8,0,8
3189105144,8,0,8
3192779056,8,5,13
3193870345,8,0,8
3196715635,8,0,8
3206347137,8,0,8
3214054423,8,9,17
3214740875,8,0,8
3215750570,8,0,8
3220072741,8,1,9
3221413128,8,0,8
3222812347,8,90,98
3223728264,8,0,8
3226501195,8,1,9
3226772772,8,8,16
3227517742,8,0,8
3227667040,8,0,8
3229126693,8,0,8
3232145240,8,1,9
3234523346,8,0,8
3235184499,8,0,8
3237449514,8,0,8
3238516760,8,0,8
3238820858,8,0,8
3239798055,8,2,10
3241116564,8,3,11
3241223679,8,0,8
3245907724,8,0,8
3250099314,8,0,8
3255969122,8,0,8
3256252339,8,0,8
3259318430,8,0,8
3260445564,8,0,8
3261917738,8,0,8
3265762830,8,0,8
3269622002,8,3,11
3270298494,8,0,8
3272309898,8,1,9
3278769535,8,0,8
3281712572,8,0,8
3284288924,8,0,8
3284742806,8,7,15
3286064264,8,41,49
3287196289,8,0,8
3289057556,8,0,8
3293637096,8,0,8
3294029059,8,0,8
3296144750,8,0,8
3300851872,8,2,10
3300866931,8,0,8
3302346257,8,1,9
3303060478,8,0,8
3307496768,8,0,8
3308823200,8,2,10
3309138989,8,1,9
3311661188,8,0,8
3317945875,8,0,8
3318338381,8,0,8
3328520180,8,0,8
3337517811,8,1,9
3343775427,8,0,8
3357675857,8,1,9
3360565160,8,0,8
3360607343,8,0,8
3368660009,8,8,16
3377737594,8,0,8
3377982994,8,0,8
3384449337,8,1,9
3385777443,8,0,8
3386016815,8,0,8
3391046092,8,2,10
3391270840,8,1,9
3398802739,8,0,8
3401939553,8,0,8
3402999916,8,1,9
3403187085,8,0,8
3403243763,8,1,9
3407344917,8,1,9
3421697099,8,53,61
3422239699,8,1,9
3431115425,8,2,10
3433809166,8,0,8
3448328776,8,0,8
3463340172,8,0,8
3464202197,8,1,9
3476192896,8,0,8
3483905425,8,3,11
3505560323,8,4,12
3508137873,8,0,8
3530684358,8,0,8
3535864396,8,0,8
3537856213,8,0,8
3540240794,8,0,8
3562400780,8,1,9
3568329919,8,0,8
3581225297,8,16,24
3590484615,8,138,146
3598411873,8,4,12
3604106593,8,17,25
3628042032,8,0,8
3652413916,8,0,8
3662648839,8,0,8
3664551443,8,3,11
3666245975,8,0,8
3670047675,8,0,8
3683459113,8,0,8
3701618555,8,2,10
3706161081,8,1,9
3729360261,8,0,8
3745912636,8,73,81
3761076075,8,0,8
3772913417,8,0,8
3782343266,8,1,9
3799035921,8,0,8
3801014895,8,38,46
3814660097,8,0,8
3852740878,8,0,8
3865082833,8,0,8
3884065459,8,25,33
3886472785,8,0,8
3887494753,8,3,11
3904801940,8,0,8
3906972498,8,0,8
3908414419,8,3,11
3918410967,8,0,8
3921206999,8,0,8
3924348672,8,1,9
3930057263,8,0,8
3951163043,8,2,10
3968461125,8,1,9
3982089225,8,3,11
3983385387,8,0,8
3984460653,8,0,8
4001785079,8,1,9
4002652341,8,0,8
4006068261,8,0,8
4009979181,8,0,8
4012422213,8,7,15
4018199381,8,0,8
4041086125,8,0,8
4062459914,8,0,8
4063092267,8,0,8
4063397237,8,0,8
4093256119,8,0,8
4101870329,8,2,10
4105426217,8,1,9
4116450136,8,9,17
4120521028,8,13,21
4135891032,8,0,8
4138746173,8,0,8
4164011009,8,2,10
4179220095,8,0,8
4185462432,8,0,8
4185742553,8,0,8
4188183502,8,0,8
4198635863,8,0,8
4206101952,8,0,8
4214482642,8,0,8
4224750852,8,0,8
4228216294,8,1,9
4228616435,8,4,12
4229375745,8,0,8
4229788579,8,1,9
4235077661,8,0,8
4241255472,8,0,8
4243744577,8,1,9
4249466345,8,0,8
4257490754,8,2,10
4257701709,8,1,9
4258245558,8,0,8
4258265772,8,1,9
4258967354,8,0,8
4265617102,8,0,8
4293911354,8,0,8
4293933855,8,0,8
4319033715,8,0,8
4365536902,8,0,8
4393636214,8,0,8
4429749799,8,2,10
4438433114,8,3,11
4442033603,8,2,10
4479415645,8,2,10
4495923140,8,13,21
4498538068,8,2,10
4508367106,8,2,10
4510105453,8,0,8
4530019292,8,13,21
4542601396,8,0,8
4552716375,8,1,9
4567346593,8,0,8
4573145187,8,0,8
4585855108,8,8,16
4621932970,8,0,8
4633057523,8,8,16
4636117632,8,0,8
4668684657,8,0,8
4687829311,8,3,11
4692145376,8,1,9
4697201102,8,0,8
4698996900,8,1,9
4710127832,8,0,8
4715628998,8,4,12
4716783082,8,1,9
4717205475,8,1,9
4718947168,8,0,8
4723239566,8,0,8
4725150136,8,0,8
4734783878,8,0,8
4737398602,8,0,8
4738940242,8,0,8
4739458342,8,0,8
4739835732,8,0,8
4743594736,8,5,13
4749423633,8,1,9
4754394973,8,0,8
4754419528,8,0,8
4759103413,8,0,8
4765352604,8,0,8
4773773055,8,1,9
4778762416,8,0,8
4784715637,8,12,20
4789959900,8,1,9
4793324255,8,0,8
4793894052,8,0,8
4796920816,8,6,14
4805515297,8,1,9
4807298128,8,0,8
4809896509,8,0,8
4810101169,8,9,17
4813265001,8,1,9
4814501080,8,44,52
4817619732,8,0,8
4819292505,8,55,63
4824732772,8,2,10
4825640897,8,1,9
4828940530,8,0,8
4835201937,8,2,10
4838895868,8,0,8
4845982115,8,0,8
4854039225,8,0,8
4854691685,8,3,11
4861483386,8,0,8
4862196860,8,0,8
4864752500,8,0,8
4865976394,8,0,8
4867207961,8,0,8
4871858749,8,0,8
4885396073,8,1,9
4886981669,8,5,13
4893362397,8,0,8
4893637685,8,0,8
4894452262,8,0,8
4898087031,8,0,8
4898100098,8,3,11
4903853565,8,1,9
4908828777,8,0,8
4910168507,8,0,8
4915266502,8,28,36
4915699321,8,0,8
4923475753,8,0,8
4925904413,8,0,8
695895709657276416,8,0,8
698933817432809472,8,0,8
701668164678119425,8,1,9
701952803871334401,8,0,8
702251383366352896,8,3,11
703082196706447360,8,0,8
703308410075217920,8,3,11
703373371011166210,8,1,9
703382732911611904,8,0,8
703400380164612096,8,1,9
703403075021582336,8,0,8
703581049285050368,8,1,9
703754064694157312,8,3,11
703756371146072064,8,2,10
703894362363539456,8,1,9
704013627104210945,8,0,8
704579245742366720,8,0,8
704692928283877376,8,0,8
704696943771975681,8,321,329
704753064301834240,8,1,9
704839738675474432,8,0,8
705152314642821120,8,2,10
705378540494176256,8,0,8
705435056085467137,8,0,8
705442628695826432,8,4,12
705524104598851584,8,0,8
705624193736421377,8,6,14
705630175661150208,8,0,8
705659121756934144,8,2,10
705743213496119296,8,16,24
705903542049976320,8,0,8
706489837562376192,8,0,8
706578485389758466,8,0,8
706581568157061121,8,0,8
706875409179275265,8,36,44
707015054630080512,8,0,8
707363567415205889,8,0,8
707402824850677761,8,0,8
708476530913968129,8,0,8
708638610988384256,8,0,8
708708118809726978,8,0,8
708768975820169216,8,6,14
710183172412186624,8,0,8
710607530368479232,8,0,8
710929296278347776,8,0,8
710957613975015424,8,0,8
711326964129406976,8,0,8
711567845088432128,8,0,8
711664510067724288,8,0,8
712088323901284353,8,0,8
712329366152343553,8,0,8
712638607501164546,8,0,8
712642622066528256,8,0,8
712706679054290944,8,0,8
712726590619160576,8,0,8
713546416770064384,8,0,8
713579962696007681,8,0,8
713638703567093760,8,0,8
713921420754083840,8,1,9
713957514103099392,8,0,8
714206542187220992,8,1,9
714325144596905985,8,0,8
714731018717118464,8,1,9
715278406120775680,8,0,8
715333862256082944,8,0,8
715514761732034560,8,1,9
715516179360718848,8,0,8
715884357928488960,8,0,8
716282474075136000,8,3,11
716783884973703168,8,0,8
717020091557220354,8,8,16
717728227293143040,8,1,9
717902793944801281,8,1,9
718064029655310336,8,0,8
718261013943095297,8,0,8
718941003843969025,8,7,15
718942196284682240,8,0,8
719236165522628610,8,0,8
719387413903196160,8,3,11
719563893069230080,8,0,8
719696168155000832,8,2,10
720146229510807552,8,1,9
720413991965601792,8,0,8
721395480358428672,8,0,8
722121281315934208,8,0,8
722499164270108672,8,7,15
723181438045016064,8,4,12
724015407254794240,8,0,8
724356921579454465,8,0,8
724756382663081984,8,1,9
725164077568270336,8,0,8
725463855439081472,8,0,8
725528133105905664,8,0,8
725685795432996864,8,0,8
725738678413328386,8,2,10
725794474190864384,8,3,11
725855876498776064,8,0,8
726239358441918465,8,0,8
726252573095649280,8,5,13
726495278073798660,8,0,8
726929535418175489,8,1,9
727063254460157952,8,0,8
727097892654206976,8,1,9
727207841812123649,8,4,12
727294032850747392,8,4,12
727547253158776833,8,0,8
727558548540956672,8,705,713
728132566541205504,8,1,9
728210530263949312,8,1,9
728251028756414466,8,0,8
728328836312485888,8,0,8
728441967231700992,8,0,8
728627056498511872,8,0,8
729022058689134593,8,5,13
729128011128254464,8,0,8
729179963375669248,8,2,10
729475249834700800,8,2,10
729489172617011200,8,2,10
729544241995759616,8,9,17
729854927476940800,8,0,8
730543853560680448,8,0,8
730748248726601728,8,0,8
730820197939093504,8,3,11
731103199159951361,8,0,8
731853851788185600,8,0,8
732987079752351746,8,0,8
733407092535480320,8,0,8
733784609838796800,8,0,8
733839742526095361,8,1,9
734013729126387712,8,1,9
734410006439677957,8,1,9
734540683650990080,8,3,11
734688848664465408,8,1,9
734820571335168001,8,0,8
735099659245498368,8,0,8
735232925973778434,8,14,22
735281623512580101,8,0,8
735288383644241921,8,1,9
735587667186978817,8,13,21
736052548323270657,8,2,10
736561281197608961,8,0,8
736585335161917440,8,0,8
736889392288108544,8,4,12
736949670908289025,8,1,9
737449307926847493,8,3,11
738553865457410048,8,1,9
738716247068676096,8,1,9
738900009937195008,8,0,8
739091223110127616,8,104,112
739354674285957121,8,0,8
739509604501970944,8,0,8
739792397740081152,8,12,20
740100901000581120,8,0,8
740395920743931904,8,0,8
740821544453181440,8,0,8
740880607975243777,8,0,8
741088965005037568,8,0,8
741107504667492352,8,1,9
741244477822672896,8,0,8
741279092830527488,8,0,8
741414795652571137,8,2,10
741647779789864960,8,7,15
741801035723726849,8,0,8
741973514182230020,8,1,9
742014483258847236,8,10,18
742016855213232128,8,0,8
742048209057374209,8,0,8
742311308662575104,8,1,9
742329806042304512,8,0,8
742871466132316160,8,100,108
743579626379829248,8,0,8
743947677453418496,8,0,8
744056148597288960,8,0,8
744231688218238976,8,111,119
744515096181780480,8,1,9
745400149367730176,8,0,8
745691064212807681,8,28,36
745723032904228864,8,1,9
745726661283422208,8,12,20
745733769424965633,8,8,16
745737203679117312,8,3,11
745818307870228481,8,1,9
745881594767024129,8,0,8
746429095798398977,8,0,8
746437174736879616,8,0,8
746483342665617408,8,57,65
746821080875073540,8,3,11
746955905032302592,8,0,8
747518686848655360,8,0,8
747529902560182272,8,0,8
747554863236558848,8,0,8
747598582346293248,8,1,9
747722526353129472,8,0,8
747907412695392256,8,1,9
748175549382656000,8,1,9
748471485149380608,8,100,108
748802623617191936,8,0,8
748958036790685697,8,0,8
749469287681658880,8,0,8
750154146016268288,8,0,8
750234123416006657,8,0,8
750274036685418496,8,1,9
750399805851963392,8,16,24
750420099778027522,8,1,9
750676833075625985,8,0,8
750758188207644672,8,1,9
751069469032742914,8,3,11
751252575517757440,8,0,8
751502709652459521,8,0,8
751564981833912320,8,1,9
751626056302489604,8,0,8
751676377565462528,8,0,8
751853139603492864,8,1,9
751991374552174592,8,23,31
752195896163463168,8,1,9
752655853321269248,8,0,8
753010435440476160,8,1,9
753333467442741249,8,0,8
753736831586430977,8,0,8
753978568833630208,8,1,9
754116364722442240,8,0,8
754359425524113408,8,1,9
754519544669081600,8,0,8
754805483089829888,8,9,17
755016461350035458,8,1,9
755133706147340292,8,1,9
755141502154579968,8,1,9
755142153949552640,8,0,8
755298516667404288,8,0,8
755324947631714304,8,2,10
755820361841795072,8,0,8
755879465423515648,8,2,10
756042863650172929,8,0,8
756232369099509762,8,1,9
756259868508651520,8,0,8
756272052282265600,8,0,8
756578170837532672,8,0,8
756838264842039296,8,3,11
756965084581105664,8,0,8
756985961473376256,8,0,8
757078175386132480,8,0,8
757401635509252097,8,6,14
757584992427921409,8,4,12
757621790705319938,8,2,10
757626910612590593,8,0,8
757683962114347009,8,0,8
757708867061030913,8,1,9
757725069124759552,8,0,8
757859959669338112,8,2,10
757943881103134720,8,0,8
757976979434012672,8,0,8
757989135223255040,8,0,8
757999773379026945,8,0,8
758082936113541124,8,0,8
758106436270448641,8,1,9
758342906725879808,8,1,9
758408231483944960,8,1,9
758475205769564161,8,3,11
758496286916153344,8,0,8
758684206704713728,8,0,8
758701426365243392,8,1,9
758718099386306560,8,0,8
758731158767083525,8,0,8
758844924955537408,8,0,8
758937927044837376,8,0,8
758994150993698816,8,2,10
759010948506005504,8,0,8
759174858731319297,8,0,8
759197754044416004,8,3,11
759224294413111297,8,1,9
759438019506085888,8,0,8
759459385504595969,8,0,8
759750037622652929,8,0,8
759750281596764160,8,0,8
759878156404727813,8,3,11
759946546007846912,8,0,8
760147427147915264,8,1,9
760170060073803776,8,1,9
760331482917400576,8,0,8
760520658774286336,8,2,10
760524273932865536,8,0,8
760550161680523264,8,0,8
760613463370633218,8,0,8
760679247069360128,8,0,8
760844052573122560,8,0,8
761293095589728256,8,0,8
761892950821380096,8,0,8
762026030705979393,8,1,9
762130407290572800,8,1,9
762360811646058500,8,0,8
762415417239347200,8,0,8
763700632809119744,8,0,8
763741243578970113,8,0,8
763829235966500872,8,0,8
764193100944203776,8,1,9
764205921144832000,8,1,9
764211334867218432,8,0,8
764628445359923200,8,0,8
764822619396960256,8,0,8
764997234475671552,8,0,8
765235251828420608,8,0,8
766385061704953856,8,0,8
766708676740669440,8,0,8
766723787580641284,8,2,10
766835535381790720,8,6,14
766960129199771648,8,1,9
767202077084966912,8,3,11
767782848115908608,8,0,8
768104683428646912,8,0,8
768110571174539264,8,0,8
769442234190196736,8,1,9
769504943275466753,8,0,8
769848578273533952,8,0,8
769955679217999873,8,0,8
770085565928734720,8,1,9
770690327732744192,8,1,9
770705484701503492,8,0,8
770742272245858304,8,0,8
771071170741465088,8,0,8
771362410464587776,8,0,8
771554620669689856,8,0,8
771870741734182912,8,0,8
771907363892756480,8,0,8
772071675714076672,8,1,9
772285459170861057,8,0,8
772845254282182656,8,1,9
772861466089099265,8,31,39
772918092020060160,8,0,8
773325568377061376,8,0,8
773681124547633152,8,1,9
773947672852045824,8,1,9
774136758418104320,8,0,8
774368778985443328,8,1,9
774750256806387712,8,0,8
774774615327379456,8,0,8
774989760209129472,8,1,9
775136569510375424,8,2,10
775733745470935040,8,0,8
775743793811161088,8,0,8
776055243260002304,8,0,8
776090426386239488,8,2,10
776808204290228225,8,1,9
777007118520053760,8,0,8
777272981563150336,8,1,9
777316956483432448,8,0,8
777990899544559616,8,3,11
778103666775580672,8,3,11
778120830949752832,8,3,11
778229982908846080,8,0,8
778331155732975616,8,0,8
778405336147374080,8,0,8
778427264916566016,8,0,8
779052911024308224,8,0,8
779439373318250496,8,1,9
779494213725466625,8,0,8
779511598343782400,8,1,9
780045005209600000,8,2,10
780055823603101696,8,0,8
780380752248725504,8,0,8
781226569494728704,8,0,8
781442645088436224,8,1,9
782272359981920256,8,1,9
782341825830985728,8,0,8
782377401955287040,8,1,9
782681336968425472,8,1,9
783042129815703552,8,0,8
783047966089179141,8,0,8
783286905559482369,8,0,8
783356227531051009,8,1,9
783395668916330497,8,4,12
783479363660492800,8,2,10
783530054865285120,8,0,8
783878120545726466,8,0,8
784097151483731970,8,2,10
784402760687124480,8,0,8
784710017538818048,8,2,10
785271628997419008,8,0,8
785296396492693504,8,0,8
785300559960150016,8,1,9
785539228537069568,8,0,8
785549741421568001,8,1,9
785571679745343493,8,0,8
786049928749514752,8,0,8
786426405680652288,8,0,8
786552496135077888,8,0,8
786721753041104896,8,0,8
786908964701298688,8,0,8
786947749879115776,8,1,9
787073845874331648,8,1,9
787158357236916224,8,3,11
787240862900219904,8,1,9
787523480782643200,8,0,8
787618841815871488,8,2,10
787786544312713216,8,0,8
788083007416569856,8,0,8
788204905861226496,8,0,8
788415302988169216,8,0,8
788506154993197056,8,1,9
788585135864221698,8,1,9
788784887318798336,8,2,10
788880245071810560,8,41,49
789197629850734592,8,0,8
789238828473081856,8,0,8
789279970644332544,8,0,8
789290299583496193,8,1,9
789547647589908480,8,0,8
789851940033327105,8,0,8
790104521452249088,8,2,10
790351474584907776,8,1,9
790561225256136704,8,0,8
790750287287889920,8,2,10
790995073089413120,8,1,9
791046811196747776,8,0,8
791088683302649857,8,0,8
791101806520795145,8,0,8
791327005325262849,8,3,11
791333832960143360,8,1,9
791695854516207616,8,0,8
791798669573894145,8,0,8
792031000356237312,8,1,9
792196216419414017,8,0,8
792458542875828224,8,0,8
793076695410487296,8,1,9
793533253084852224,8,0,8
793868302716133381,8,1,9
793894287943561216,8,0,8
794742864198529024,8,1,9
796073339152429056,8,0,8
796223958693445633,8,0,8
796598088634863617,8,0,8
796831177734766592,8,0,8
796931857375961088,8,0,8
796986594045689856,8,0,8
797465643700420608,8,1,9
797599105371377664,8,0,8
798128143643144192,8,0,8
798234593220362240,8,0,8
798707076000317440,8,2,10
798903775247405056,8,0,8
800906958228299776,8,0,8
801877229315756032,8,1,9
802969615013998592,8,0,8
803594148276273152,8,0,8
809784046712541184,8,1,9
1449561,7,7,14
4333991,7,1,8
5511332,7,6,13
6021962,7,36,43
6907152,7,0,7
7352782,7,3,10
7496742,7,44,51
8472362,7,0,7
9696372,7,1,8
11809452,7,11,18
12671132,7,0,7
13060492,7,0,7
13195232,7,2,9
14125226,7,9,16
14173901,7,0,7
14181258,7,0,7
14209883,7,13,20
14229634,7,12,19
14293175,7,1,8
14311701,7,6,13
14346779,7,19,26
14376406,7,0,7
14600110,7,0,7
14655114,7,0,7
14785206,7,5,12
14834778,7,0,7
14852411,7,2,9
14976142,7,9,16
15059067,7,1,8
15079601,7,3,10
15248905,7,5,12
15288582,7,7,14
15308059,7,4,11
15322216,7,0,7
15387187,7,0,7
15466017,7,1,8
15504778,7,0,7
15569772,7,0,7
15592989,7,0,7
15656004,7,1,8
15677562,7,0,7
15935541,7,0,7
15953119,7,1,8
15955522,7,1,8
15996216,7,1,8
16056461,7,0,7
16080891,7,1,8
16131215,7,27,34
16207549,7,0,7
16226669,7,23,30
16287027,7,0,7
16299778,7,40,47
16324489,7,0,7
16440284,7,24,31
16484806,7,0,7
16642248,7,1,8
16702637,7,34,41
16803787,7,1,8
16819762,7,6,13
16872481,7,2,9
16921280,7,1,8
17086860,7,0,7
17097703,7,43,50
17118629,7,0,7
17148521,7,17,24
17166612,7,0,7
17264536,7,43,50
17392363,7,0,7
17457961,7,2,9
17481417,7,21,28
17521370,7,0,7
17576951,7,2,9
17605064,7,0,7
17686802,7,1,8
17689892,7,1,8
17748048,7,0,7
17794773,7,1,8
17795057,7,10,17
17798031,7,0,7
17907402,7,0,7
17956471,7,3,10
18000185,7,3,10
18010325,7,2,9
18146764,7,5,12
18225323,7,13,20
18251611,7,1,8
18294521,7,17,24
18316855,7,0,7
18360735,7,4,11
18471312,7,42,49
18475260,7,2,9
18481596,7,3,10
18524109,7,15,22
18611224,7,0,7
18653078,7,1,8
18662449,7,3,10
18722822,7,45,52
18869981,7,0,7
18888952,7,6,13
18988902,7,0,7
19001819,7,74,81
19189000,7,3,10
19203031,7,0,7
19209094,7,0,7
19219879,7,0,7
19303795,7,0,7
19333349,7,2,9
19374521,7,0,7
19393766,7,11,18
19563077,7,12,19
19600358,7,0,7
19790654,7,12,19
19817448,7,14,21
19918709,7,4,11
20091551,7,0,7
20181248,7,31,38
20255622,7,14,21
20289710,7,0,7
20354921,7,1,8
20368866,7,53,60
20406724,7,19,26
20512824,7,5,12
20739133,7,35,42
20830344,7,0,7
20836777,7,0,7
20940460,7,3,10
20982244,7,2,9
20996484,7,0,7
21025381,7,5,12
21274102,7,0,7
21313432,7,0,7
21378923,7,0,7
21423086,7,2,9
21630507,7,0,7
21655112,7,0,7
21691636,7,0,7
21693607,7,1,8
21695164,7,2,9
21784014,7,1,8
21943222,7,0,7
22027142,7,31,38
22083639,7,10,17
22154446,7,0,7
22222653,7,0,7
22228084,7,0,7
22234764,7,2,9
22311333,7,39,46
22368964,7,0,7
22372344,7,4,11
22405827,7,0,7
22933688,7,1,8
23090182,7,0,7
23125197,7,0,7
23281401,7,0,7
23313037,7,0,7
23376602,7,1,8
23569623,7,0,7
23800754,7,1,8
24010123,7,0,7
24011165,7,1,8
24027927,7,7,14
24117479,7,0,7
24295385,7,1,8
24332188,7,0,7
24443584,7,0,7
24526653,7,0,7
24654275,7,1,8
24808612,7,0,7
24845003,7,64,71
24988714,7,0,7
24991683,7,6,13
24993884,7,0,7
25182587,7,0,7
25296022,7,0,7
25365086,7,1,8
25371773,7,0,7
25550419,7,1,8
25827235,7,2,9
25944870,7,0,7
25971048,7,0,7
26146594,7,4,11
26193041,7,18,25
26298314,7,1,8
26461628,7,1,8
26714962,7,2,9
26935873,7,0,7
27152825,7,0,7
27313203,7,0,7
28051145,7,5,12
28487370,7,1,8
28613848,7,1,8
28615422,7,0,7
28618323,7,2,9
28712012,7,1,8
28822811,7,1,8
28844751,7,0,7
28930134,7,0,7
28943469,7,0,7
28979948,7,0,7
29060766,7,0,7
29100862,7,0,7
29637644,7,9,16
29750515,7,0,7
29981747,7,0,7
30180284,7,13,20
30292405,7,0,7
30410258,7,0,7
30649200,7,17,24
30898742,7,35,42
30940701,7,3,10
31015517,7,0,7
31179339,7,1,8
31298299,7,0,7
31310187,7,7,14
31456118,7,107,114
31488432,7,2,9
32024747,7,0,7
32036073,7,1,8
32058685,7,2,9
32061490,7,0,7
32089224,7,0,7
32227565,7,0,7
32292230,7,0,7
32500541,7,0,7
32635294,7,0,7
33025765,7,0,7
33111928,7,0,7
33319901,7,0,7
33373668,7,0,7
33488701,7,0,7
33537161,7,61,68
33623630,7,53,60
33750834,7,2,9
34495484,7,0,7
34552075,7,0,7
34842563,7,1,8
35140732,7,0,7
35167247,7,0,7
35259361,7,0,7
36035381,7,3,10
36131805,7,0,7
36152178,7,0,7
36205440,7,0,7
36697751,7,0,7
36707754,7,0,7
36811318,7,0,7
36837603,7,0,7
37211825,7,0,7
37418509,7,0,7
37435889,7,11,18
37616334,7,0,7
37686978,7,3,10
37793232,7,0,7
38260036,7,0,7
38465698,7,89,96
38502802,7,1,8
38664112,7,106,113
38738518,7,1,8
38955690,7,49,56
39076082,7,27,34
39170147,7,0,7
39246283,7,1,8
39512124,7,10,17
39594567,7,0,7
39861420,7,0,7
39871064,7,7,14
40063696,7,0,7
40065102,7,0,7
40074518,7,49,56
40177904,7,0,7
40279733,7,0,7
40477520,7,53,60
40695950,7,4,11
40737905,7,1,8
41144449,7,0,7
41458916,7,1,8
42248802,7,3,10
42338948,7,1,8
42910254,7,6,13
43053129,7,33,40
43138136,7,0,7
43203630,7,0,7
43324978,7,0,7
43497473,7,15,22
43583486,7,7,14
43717921,7,0,7
43844930,7,1,8
43969290,7,33,40
44099200,7,0,7
44112963,7,0,7
44620310,7,6,13
44688778,7,3,10
44743406,7,1,8
44990206,7,0,7
45157061,7,167,174
45442257,7,3,10
45518891,7,6,13
46194602,7,0,7
46655380,7,0,7
46816408,7,116,123
46852552,7,0,7
46915482,7,0,7
47011988,7,0,7
47080477,7,1,8
47093978,7,1,8
47124528,7,14,21
47472506,7,1,8
47684659,7,8,15
47858151,7,0,7
47974330,7,0,7
48052850,7,7,14
48527833,7,0,7
48673284,7,16,23
48781212,7,0,7
48790856,7,0,7
48931563,7,0,7
49050042,7,0,7
49061522,7,0,7
49076055,7,1,8
49205207,7,33,40
49436928,7,0,7
49546741,7,1,8
49569608,7,2,9
49800332,7,121,128
50094643,7,0,7
50450192,7,0,7
50718295,7,0,7
50908275,7,0,7
50934907,7,0,7
50980657,7,17,24
50992307,7,0,7
51157916,7,0,7
51572529,7,0,7
52025980,7,1,8
52248267,7,1,8
53409654,7,2,9
53490833,7,1,8
53695456,7,0,7
54042845,7,2,9
54198517,7,0,7
54296155,7,3,10
54309607,7,0,7
54385024,7,0,7
54668300,7,0,7
54702689,7,0,7
54720532,7,0,7
54910313,7,0,7
55414784,7,1,8
55422026,7,1,8
56187163,7,0,7
56211319,7,0,7
56760430,7,0,7
56903354,7,0,7
57066807,7,4,11
57811254,7,35,42
58621980,7,1,8
58629303,7,0,7
59330404,7,0,7
59577682,7,0,7
59636925,7,0,7
59915397,7,3,10
61411422,7,6,13
61774631,7,2,9
61869915,7,1,8
62286852,7,0,7
62611535,7,0,7
62680370,7,4,11
63658695,7,14,21
63758416,7,1,8
64068127,7,0,7
64249447,7,0,7
64513376,7,0,7
64542883,7,0,7
64657863,7,4,11
65003619,7,4,11
65068441,7,0,7
65143197,7,5,12
65572289,7,36,43
66112820,7,0,7
66124619,7,1,8
66283629,7,3,10
66284423,7,0,7
66483891,7,19,26
67639458,7,0,7
68127617,7,0,7
68692042,7,38,45
69365677,7,0,7
69510565,7,0,7
69571276,7,0,7
69777110,7,1,8
70071054,7,0,7
71077281,7,43,50
71140821,7,0,7
71697373,7,0,7
72060437,7,0,7
72139098,7,1,8
72271816,7,0,7
73078007,7,9,16
73134729,7,0,7
73150994,7,0,7
73731000,7,0,7
74008969,7,1,8
74149816,7,67,74
74596325,7,3,10
74749913,7,0,7
75189125,7,0,7
75528244,7,0,7
75561107,7,0,7
75871759,7,0,7
76042302,7,0,7
76219865,7,1,8
76337810,7,0,7
76558867,7,0,7
78047350,7,0,7
78432206,7,0,7
78787098,7,50,57
79549861,7,0,7
79860619,7,0,7
80391835,7,0,7
80428736,7,2,9
80619433,7,0,7
80664786,7,0,7
80774269,7,0,7
81262916,7,2,9
82210282,7,1,8
82921979,7,4,11
83162938,7,0,7
83297139,7,21,28
83314598,7,0,7
83515875,7,0,7
83702653,7,1,8
83976898,7,1,8
84020176,7,1,8
84584229,7,1,8
84613819,7,0,7
84676081,7,25,32
84855412,7,0,7
85489295,7,0,7
86498960,7,0,7
86951549,7,0,7
87764401,7,0,7
87772423,7,0,7
88314403,7,1,8
88342659,7,0,7
88801554,7,1,8
89112050,7,1,8
89494553,7,0,7
89529342,7,0,7
89573533,7,1,8
89956486,7,1,8
90131322,7,0,7
90764655,7,0,7
91569380,7,0,7
91721875,7,0,7
91956571,7,18,25
93111391,7,23,30
94212396,7,13,20
94226378,7,0,7
95142015,7,0,7
95249550,7,1,8
95507952,7,0,7
95643443,7,0,7
96061175,7,34,41
97498423,7,0,7
97868717,7,0,7
97933154,7,1,8
97938251,7,0,7
98911026,7,0,7
99599199,7,0,7
99651936,7,0,7
100384389,7,3,10
100891481,7,6,13
101289263,7,0,7
101598139,7,0,7
101671703,7,0,7
101700708,7,0,7
103049418,7,0,7
104491054,7,2,9
104874562,7,0,7
105677947,7,1,8
105920014,7,0,7
106572442,7,1,8
107241204,7,1,8
107382271,7,1,8
107393078,7,0,7
107603115,7,0,7
110001700,7,2,9
110394585,7,0,7
111490382,7,0,7
111547732,7,0,7
112959224,7,3,10
113213670,7,24,31
113493267,7,1,8
114297772,7,4,11
114686328,7,0,7
114840593,7,1,8
115549976,7,0,7
115565663,7,0,7
116597420,7,0,7
117426276,7,0,7
118019641,7,3,10
118078381,7,1,8
118539679,7,1,8
118718294,7,53,60
118826447,7,0,7
119522175,7,1,8
119760101,7,1,8
119771879,7,1,8
120093004,7,7,14
121513732,7,9,16
121795875,7,1,8
121901360,7,3,10
122228364,7,0,7
122427926,7,3,10
123016161,7,2,9
123425656,7,4,11
123669551,7,0,7
123755473,7,1,8
125461100,7,0,7
125981547,7,0,7
126846242,7,0,7
127126968,7,1,8
127271339,7,1,8
127388398,7,0,7
127953856,7,22,29
128477145,7,9,16
128596120,7,1,8
128896899,7,1,8
131016061,7,13,20
131128626,7,1,8
131511674,7,0,7
131615990,7,1,8
132005573,7,0,7
132396686,7,0,7
132404380,7,0,7
133893157,7,3,10
134268800,7,14,21
134383955,7,0,7
134689218,7,0,7
134976956,7,0,7
135155476,7,0,7
135980373,7,1,8
136141846,7,4,11
136480294,7,4,11
137718722,7,71,78
138774348,7,0,7
139304674,7,9,16
139454227,7,0,7
139500428,7,4,11
140166872,7,2,9
140175363,7,0,7
141089905,7,0,7
144389150,7,0,7
145611801,7,0,7
148176575,7,0,7
148237540,7,14,21
149213160,7,7,14
149685915,7,4,11
150344101,7,0,7
151274219,7,23,30
154006333,7,0,7
154545301,7,23,30
155058199,7,1,8
157238861,7,1,8
158612273,7,1,8
159648576,7,2,9
159705363,7,0,7
160194497,7,6,13
161011548,7,0,7
161186369,7,0,7
163426868,7,2,9
164214064,7,0,7
164269738,7,0,7
164481146,7,1,8
165261930,7,0,7
165792286,7,1,8
167570541,7,1,8
169630464,7,2,9
170268437,7,6,13
170597082,7,0,7
171074713,7,0,7
172399836,7,2,9
172511244,7,1,8
173501340,7,2,9
174369590,7,0,7
175170072,7,12,19
175404992,7,0,7
176098238,7,0,7
177442592,7,1,8
177972446,7,1,8
178414091,7,0,7
178466143,7,0,7
178947924,7,3,10
180824577,7,0,7
181174096,7,0,7
181410811,7,0,7
181842356,7,1,8
183408798,7,0,7
185741158,7,0,7
186166954,7,0,7
186513044,7,0,7
186698874,7,1,8
188369322,7,0,7
189780259,7,0,7
189935217,7,0,7
190587696,7,2,9
190935308,7,32,39
192640325,7,0,7
193325357,7,8,15
194417027,7,0,7
194815344,7,0,7
195378339,7,0,7
195959981,7,0,7
196182278,7,98,105
196354916,7,0,7
198010407,7,0,7
198367568,7,0,7
199399954,7,2,9
199786308,7,2,9
199963228,7,63,70
203440014,7,0,7
203587081,7,0,7
204161510,7,82,89
204662121,7,14,21
205028683,7,0,7
205143160,7,0,7
207141071,7,89,96
208730928,7,0,7
209917826,7,0,7
210142455,7,0,7
211171996,7,45,52
211181482,7,157,164
211195337,7,0,7
211813172,7,0,7
212088592,7,25,32
212573765,7,8,15
213011585,7,0,7
213404017,7,0,7
213518581,7,16,23
213682009,7,2,9
214131069,7,5,12
214153391,7,14,21
214720264,7,0,7
215646013,7,12,19
216553189,7,1,8
216669640,7,12,19
217081909,7,0,7
217724140,7,0,7
219263886,7,0,7
219389888,7,0,7
220051988,7,1,8
220678042,7,2,9
220905415,7,1,8
222386447,7,0,7
223615407,7,0,7
224586804,7,10,17
224776756,7,0,7
224848446,7,1,8
225859704,7,0,7
227975146,7,0,7
228464595,7,2,9
229135269,7,0,7
230150934,7,0,7
230812658,7,5,12
231256015,7,0,7
231570280,7,0,7
232321266,7,1,8
232669813,7,0,7
232797727,7,11,18
233322321,7,8,15
233358415,7,2,9
234626585,7,24,31
236277012,7,0,7
236444318,7,0,7
236756261,7,4,11
237343057,7,26,33
237427389,7,0,7
237586880,7,1,8
238349210,7,0,7
238779889,7,9,16
242004461,7,0,7
242007913,7,6,13
242047504,7,1,8
243776687,7,4,11
244290291,7,0,7
244518415,7,0,7
245668541,7,0,7
246041237,7,0,7
246421577,7,0,7
246561055,7,0,7
247163518,7,16,23
247378337,7,59,66
248841973,7,103,110
248878561,7,1,8
249483785,7,0,7
250785035,7,1,8
251319254,7,0,7
252124868,7,0,7
253382876,7,1,8
253697272,7,1,8
254194034,7,1,8
254282314,7,0,7
254663576,7,9,16
256163301,7,13,20
258781956,7,0,7
259006736,7,0,7
259873237,7,0,7
259915856,7,2,9
260114253,7,3,10
260419232,7,0,7
260505307,7,1,8
260990719,7,0,7
261034989,7,0,7
261046742,7,0,7
262426457,7,0,7
262558584,7,0,7
262642238,7,9,16
262779492,7,0,7
263333819,7,3,10
263492270,7,6,13
263829580,7,2,9
264345563,7,2,9
264385247,7,1,8
264552316,7,0,7
264596282,7,0,7
264621563,7,2,9
266664948,7,0,7
267193224,7,2,9
267611753,7,0,7
268140777,7,0,7
269016875,7,0,7
269310419,7,4,11
269557127,7,0,7
270697767,7,1,8
272197257,7,1,8
272251414,7,0,7
272293513,7,1,8
272696429,7,0,7
273950218,7,0,7
274102565,7,1,8
275203578,7,0,7
275870482,7,4,11
275876876,7,2,9
276056713,7,0,7
276420495,7,27,34
277186565,7,2,9
278143305,7,1,8
278318107,7,0,7
278642216,7,73,80
279172859,7,1,8
279210452,7,0,7
280813689,7,3,10
281696650,7,0,7
282114786,7,4,11
282263560,7,0,7
282577289,7,1,8
285498516,7,1,8
286165784,7,0,7
286224379,7,0,7
286947618,7,1,8
287278417,7,0,7
288056375,7,0,7
288868258,7,0,7
289076554,7,29,36
289319811,7,0,7
289670383,7,0,7
292083077,7,1,8
294622957,7,0,7
296003603,7,0,7
296532264,7,0,7
296981324,7,0,7
298020651,7,2,9
299506138,7,4,11
299919089,7,0,7
301625632,7,1,8
301948622,7,0,7
302291628,7,0,7
302777495,7,2,9
303356447,7,0,7
303476652,7,0,7
303827284,7,3,10
304078990,7,0,7
304143346,7,0,7
304691522,7,0,7
305059732,7,0,7
305113163,7,0,7
306049512,7,0,7
306944989,7,0,7
307705141,7,6,13
308363125,7,0,7
308930547,7,0,7
309264566,7,0,7
309451431,7,0,7
309662743,7,1,8
310729330,7,0,7
312328975,7,0,7
312392374,7,0,7
312406512,7,0,7
316809461,7,7,14
317774985,7,2,9
318551071,7,0,7
319268351,7,0,7
319439039,7,0,7
319513253,7,0,7
320217043,7,1,8
320763867,7,0,7
323083587,7,0,7
324405883,7,5,12
324900974,7,0,7
325063090,7,1,8
325164172,7,235,242
325314678,7,0,7
327399235,7,0,7
327525429,7,1,8
327815991,7,0,7
328744452,7,2,9
329144723,7,0,7
329657442,7,2,9
330569250,7,0,7
331050938,7,0,7
331057781,7,0,7
331289704,7,7,14
333014276,7,24,31
333235689,7,0,7
333700617,7,5,12
333749370,7,17,24
334248188,7,0,7
336536137,7,0,7
336818917,7,0,7
337406543,7,25,32
337883118,7,1,8
338347222,7,0,7
339674225,7,0,7
339838574,7,23,30
340006233,7,0,7
340335439,7,0,7
340491920,7,0,7
341512576,7,0,7
343090760,7,0,7
343226963,7,7,14
344228135,7,16,23
344298377,7,11,18
344445123,7,1,8
344917989,7,0,7
345503301,7,2,9
346318666,7,0,7
346424994,7,0,7
347229647,7,0,7
347805815,7,0,7
348847281,7,0,7
351141135,7,1,8
352091107,7,0,7
352388140,7,0,7
352863664,7,0,7
353351870,7,11,18
353830304,7,0,7
353848742,7,0,7
353937327,7,0,7
356163950,7,1,8
358947759,7,0,7
359587187,7,0,7
359689154,7,0,7
360609864,7,0,7
360868081,7,0,7
361985352,7,3,10
362494906,7,6,13
362778042,7,0,7
363456796,7,0,7
363952574,7,0,7
365492963,7,1,8
365731553,7,0,7
366744134,7,0,7
367582828,7,14,21
368618040,7,2,9
369699689,7,4,11
370135213,7,26,33
370673406,7,0,7
370826309,7,0,7
372192873,7,1,8
373535535,7,0,7
374180424,7,0,7
374364902,7,1,8
374597100,7,4,11
374673775,7,66,73
374800571,7,0,7
376876772,7,72,79
377027403,7,0,7
377773760,7,1,8
378115192,7,0,7
378538488,7,0,7
378847704,7,0,7
379348773,7,22,29
381184049,7,4,11
381674479,7,0,7
383213541,7,6,13
383525184,7,7,14
384439929,7,25,32
385622896,7,0,7
387199731,7,30,37
388282591,7,2,9
388397097,7,1,8
388441407,7,1,8
389077634,7,2,9
390336169,7,13,20
391538467,7,0,7
393131247,7,0,7
393666372,7,0,7
393758431,7,1,8
393783701,7,0,7
393847941,7,0,7
393969873,7,0,7
394245906,7,22,29
394347448,7,1,8
394389863,7,8,15
394452228,7,2,9
395295190,7,0,7
395398311,7,0,7
396150157,7,0,7
397423994,7,0,7
397446441,7,2,9
398940457,7,0,7
399528217,7,0,7
399819844,7,0,7
400393167,7,5,12
401585816,7,0,7
402055639,7,1,8
402114809,7,18,25
402731217,7,0,7
403025543,7,0,7
403179768,7,0,7
403390465,7,2,9
404712984,7,0,7
404839668,7,0,7
405675397,7,15,22
407749350,7,1,8
408905990,7,17,24
409053479,7,0,7
409503621,7,69,76
412645836,7,2,9
413492357,7,0,7
413678384,7,1,8
414161049,7,50,57
414599017,7,0,7
416508480,7,0,7
417407843,7,0,7
417543252,7,16,23
417934632,7,0,7
422641831,7,0,7
423798136,7,1,8
425493252,7,0,7
425528043,7,0,7
429640795,7,2,9
430507345,7,0,7
430671504,7,0,7
431834882,7,1,8
432483431,7,2,9
433412760,7,0,7
433618856,7,2,9
435480404,7,3,10
435533981,7,0,7
435865949,7,0,7
435963262,7,0,7
436826866,7,0,7
437916868,7,0,7
437953469,7,0,7
439138974,7,0,7
440522965,7,2,9
441503310,7,1,8
444820039,7,0,7
445690194,7,0,7
446156980,7,0,7
448801871,7,0,7
449908582,7,1,8
450011933,7,0,7
450555112,7,0,7
454114730,7,1,8
454323057,7,4,11
454807131,7,0,7
455309667,7,0,7
455429373,7,0,7
456356108,7,0,7
457659073,7,0,7
457956308,7,1,8
458109740,7,0,7
458995698,7,0,7
459830470,7,0,7
460705232,7,15,22
460788157,7,0,7
463019162,7,4,11
464516274,7,0,7
465628804,7,1,8
468534179,7,1,8
469645031,7,0,7
470386364,7,0,7
470566750,7,2,9
470763776,7,0,7
470824201,7,2,9
470939162,7,0,7
472870020,7,0,7
473953377,7,1,8
476839111,7,0,7
477408115,7,0,7
479123413,7,7,14
479667256,7,4,11
480392039,7,2,9
480898205,7,34,41
480992011,7,0,7
482365722,7,1,8
482430035,7,3,10
485138965,7,46,53
487176004,7,0,7
487793662,7,0,7
488017942,7,1,8
488108469,7,0,7
488116899,7,0,7
489864494,7,1,8
492757873,7,0,7
493573310,7,0,7
494327889,7,1,8
494562710,7,0,7
494747035,7,3,10
495384532,7,0,7
495490759,7,0,7
495968095,7,0,7
499426251,7,0,7
500069947,7,0,7
500140187,7,0,7
500884001,7,0,7
500897485,7,19,26
501994615,7,5,12
503562956,7,0,7
506960170,7,0,7
508102147,7,0,7
508898693,7,1,8
512573721,7,1,8
512677432,7,1,8
516103997,7,0,7
516718132,7,3,10
516851924,7,0,7
518747389,7,0,7
519197738,7,0,7
519459455,7,0,7
519654793,7,0,7
519716053,7,0,7
519973071,7,0,7
520373204,7,0,7
520525430,7,0,7
520727534,7,1,8
521258028,7,0,7
521415449,7,1,8
521461389,7,1,8
521888462,7,1,8
524644865,7,0,7
524916152,7,0,7
525644785,7,0,7
525781567,7,1,8
525930064,7,1,8
526132367,7,0,7
526777917,7,3,10
526916219,7,1,8
529089844,7,0,7
531310713,7,0,7
531907506,7,0,7
532042038,7,0,7
532124810,7,1,8
532347102,7,0,7
532511483,7,0,7
532571916,7,0,7
533264986,7,0,7
533332519,7,0,7
533365195,7,0,7
534632074,7,1,8
534858822,7,9,16
538370634,7,0,7
538593769,7,2,9
540121712,7,0,7
540295089,7,0,7
540474296,7,1,8
541275949,7,0,7
541390777,7,14,21
542857691,7,1,8
543899246,7,0,7
545882915,7,0,7
547155318,7,48,55
548099056,7,1,8
548264399,7,0,7
548508436,7,1,8
550784516,7,1,8
553032437,7,0,7
554289556,7,3,10
554617385,7,3,10
554740347,7,0,7
555522743,7,1,8
555807170,7,0,7
556269451,7,0,7
556430834,7,8,15
556583189,7,21,28
557002297,7,0,7
559026186,7,0,7
559123311,7,1,8
559155117,7,12,19
560689936,7,0,7
560837262,7,0,7
561660141,7,0,7
561725979,7,0,7
561994847,7,0,7
564248337,7,0,7
566001759,7,0,7
566527711,7,0,7
568440865,7,0,7
569363618,7,0,7
569473957,7,1,8
571061443,7,0,7
572209936,7,0,7
572371867,7,2,9
576589114,7,0,7
576871755,7,2,9
577130542,7,1,8
577730759,7,5,12
582123803,7,0,7
584360052,7,0,7
586036297,7,0,7
586038433,7,7,14
587508712,7,0,7
588812513,7,0,7
589088453,7,0,7
589356588,7,0,7
589399108,7,16,23
589740552,7,26,33
591130895,7,0,7
591270242,7,3,10
591323225,7,0,7
592365823,7,1,8
593113180,7,0,7
594175232,7,0,7
597307058,7,1,8
598601483,7,2,9
599405877,7,0,7
600128555,7,0,7
600949554,7,0,7
601066975,7,7,14
602831832,7,0,7
603363874,7,1,8
603369621,7,0,7
604099981,7,0,7
605368619,7,0,7
608229562,7,1,8
608356776,7,0,7
609432892,7,0,7
609662712,7,0,7
611761312,7,0,7
612038538,7,67,74
612204514,7,0,7
612931307,7,0,7
618118820,7,0,7
619658711,7,0,7
620157700,7,0,7
622171762,7,0,7
623084205,7,0,7
624080892,7,0,7
624557599,7,0,7
624760242,7,0,7
624937991,7,0,7
626738048,7,4,11
629653192,7,1,8
632180947,7,0,7
634515489,7,0,7
634552970,7,0,7
634845259,7,0,7
701957047,7,9,16
702299198,7,4,11
705443356,7,0,7
706960483,7,0,7
707869742,7,0,7
708444218,7,0,7
709056829,7,0,7
709362858,7,0,7
711667486,7,1,8
711948498,7,2,9
712370244,7,5,12
713165083,7,1,8
713363258,7,0,7
713622387,7,0,7
718365025,7,1,8
720629832,7,0,7
726215821,7,0,7
729311880,7,0,7
732026659,7,0,7
733807675,7,0,7
740600552,7,25,32
743139380,7,0,7
743924732,7,0,7
748088868,7,0,7
749879970,7,2,9
751889702,7,0,7
755668291,7,1,8
760297699,7,0,7
762072810,7,0,7
766013130,7,0,7
767932316,7,0,7
779203105,7,1,8
781475966,7,1,8
782030712,7,3,10
789068702,7,1,8
789501139,7,0,7
790371366,7,0,7
790958690,7,0,7
790967023,7,7,14
792079448,7,2,9
792934862,7,0,7
794312216,7,0,7
802817546,7,24,31
803775529,7,1,8
805243172,7,1,8
810086666,7,34,41
810108188,7,0,7
813712969,7,0,7
813883897,7,2,9
814267292,7,0,7
816874003,7,2,9
826140392,7,1,8
827498942,7,0,7
827972864,7,2,9
827985242,7,0,7
829471585,7,0,7
831729216,7,1,8
832718768,7,8,15
835941276,7,0,7
842925714,7,0,7
844648069,7,0,7
844791222,7,0,7
845904164,7,1,8
848125879,7,0,7
849384990,7,1,8
855628410,7,0,7
855800154,7,1,8
859011776,7,1,8
860620430,7,0,7
860640109,7,3,10
861647976,7,0,7
862337401,7,1,8
862418737,7,6,13
863403048,7,0,7
865200110,7,358,365
867242029,7,0,7
871116008,7,13,20
872376817,7,0,7
874825267,7,0,7
876226856,7,0,7
883145995,7,155,162
883211576,7,1,8
883287067,7,0,7
893754613,7,0,7
896115764,7,2,9
896673626,7,13,20
898058737,7,0,7
898841010,7,0,7
898970054,7,0,7
899769763,7,1,8
903168284,7,1,8
904679539,7,0,7
904797882,7,1,8
909423811,7,1,8
910377870,7,0,7
910995072,7,0,7
912767672,7,1,8
915677713,7,3,10
918162156,7,0,7
921460356,7,13,20
921919484,7,0,7
926318551,7,0,7
927114774,7,1,8
928531555,7,1,8
930702608,7,0,7
930797227,7,0,7
935493974,7,2,9
938418919,7,0,7
941081893,7,23,30
942122522,7,29,36
944061530,7,1,8
946706138,7,1,8
948599569,7,0,7
949914770,7,0,7
956769054,7,0,7
961515811,7,0,7
961659564,7,64,71
963513162,7,0,7
965356795,7,0,7
969910855,7,27,34
981422977,7,0,7
982422420,7,0,7
983952144,7,1,8
989710477,7,0,7
989905712,7,0,7
998435502,7,0,7
1003173012,7,2,9
1011588685,7,0,7
1013214720,7,0,7
1013745037,7,18,25
1016662675,7,0,7
1020922046,7,4,11
1021707366,7,0,7
1023539623,7,1,8
1025152032,7,0,7
1025391548,7,2,9
1026959468,7,0,7
1038453378,7,1,8
1041361142,7,0,7
1045405340,7,0,7
1045538358,7,1,8
1045748221,7,0,7
1046145163,7,0,7
1052040667,7,23,30
1057055353,7,0,7
1059471008,7,0,7
1062668922,7,0,7
1062799087,7,0,7
1066572121,7,8,15
1072324363,7,3,10
1073592985,7,0,7
1080207836,7,0,7
1087837867,7,6,13
1091624545,7,1,8
1101881678,7,3,10
1103021018,7,0,7
1104959191,7,112,119
1112020050,7,37,44
1113287167,7,0,7
1118058950,7,0,7
1132672532,7,6,13
1137158311,7,22,29
1149353412,7,3,10
1151507142,7,1,8
1156058887,7,0,7
1158666440,7,12,19
1160412997,7,0,7
1168572306,7,72,79
1170740323,7,1,8
1173804362,7,0,7
1179956371,7,0,7
1180121479,7,0,7
1197399588,7,0,7
1209385680,7,0,7
1209566924,7,1,8
1210029865,7,1,8
1220046500,7,0,7
1220345107,7,0,7
1237432243,7,0,7
1240662721,7,0,7
1247097169,7,0,7
1252888159,7,1,8
1254045259,7,0,7
1257974276,7,1,8
1259751043,7,4,11
1261927339,7,1,8
1269273930,7,0,7
1270271010,7,0,7
1278257762,7,1,8
1279292274,7,52,59
1280461597,7,0,7
1282343251,7,1,8
1286280223,7,0,7
1287300193,7,14,21
1292133348,7,2,9
1293509834,7,0,7
1305789096,7,0,7
1313086387,7,0,7
1317736292,7,0,7
1318542156,7,4,11
1318840760,7,83,90
1319488358,7,3,10
1319867221,7,13,20
1320037645,7,1,8
1322553037,7,0,7
1325400319,7,4,11
1325719658,7,0,7
1329862512,7,0,7
1336911835,7,18,25
1341944922,7,0,7
1342674733,7,0,7
1345940180,7,29,36
1348004978,7,2,9
1348093506,7,0,7
1350619597,7,0,7
1355999240,7,0,7
1366886233,7,0,7
1368329071,7,0,7
1370800104,7,2,9
1375142442,7,0,7
1375631622,7,0,7
1378713350,7,26,33
1383897337,7,0,7
1385677136,7,1,8
1390706478,7,0,7
1394294108,7,0,7
1400238956,7,19,26
1408710426,7,0,7
1409139006,7,0,7
1413001279,7,1,8
1422131114,7,0,7
1422164946,7,1,8
1423647433,7,17,24
1424378395,7,0,7
1429039004,7,0,7
1430969076,7,0,7
1431039092,7,0,7
1433032111,7,0,7
1439242062,7,0,7
1443956041,7,0,7
1444290588,7,0,7
1447152420,7,0,7
1447693554,7,2,9
1451998987,7,0,7
1453228080,7,1,8
1455795770,7,1,8
1457479842,7,0,7
1460940955,7,0,7
1461075750,7,0,7
1462034972,7,1,8
1462906818,7,0,7
1463236442,7,1,8
1466184158,7,127,134
1468944548,7,0,7
1474440043,7,1,8
1475424613,7,17,24
1476220440,7,0,7
1478594124,7,0,7
1480523155,7,0,7
1480751708,7,0,7
1483720292,7,0,7
1486715822,7,0,7
1487213216,7,3,10
1488719394,7,3,10
1493770248,7,4,11
1499929482,7,2,9
1503839575,7,0,7
1515164574,7,0,7
1516546946,7,0,7
1516798826,7,4,11
1523891821,7,40,47
1524142332,7,0,7
1524742123,7,0,7
1529474959,7,0,7
1532132155,7,0,7
1535382073,7,2,9
1543202473,7,0,7
1551532544,7,38,45
1551584785,7,5,12
1552184706,7,0,7
1553435917,7,4,11
1561504772,7,0,7
1565583055,7,0,7
1566030626,7,2,9
1568656350,7,62,69
1571096438,7,1,8
1571215093,7,1,8
1571239068,7,6,13
1572817922,7,0,7
1576622209,7,1,8
1581664274,7,1,8
1584732452,7,15,22
1588193796,7,0,7
1589373283,7,0,7
1589507504,7,0,7
1594008103,7,0,7
1604339256,7,0,7
1605082915,7,1,8
1606641872,7,0,7
1610474462,7,0,7
1621320505,7,56,63
1629316812,7,1,8
1648681466,7,1,8
1650858084,7,58,65
1651813206,7,0,7
1654186807,7,1,8
1658663401,7,1,8
1663252892,7,6,13
1675930123,7,1,8
1679234634,7,0,7
1690397322,7,0,7
1702596908,7,0,7
1704418920,7,0,7
1705913220,7,0,7
1707108337,7,0,7
1714299895,7,0,7
1720528784,7,0,7
1720985276,7,1,8
1726146416,7,0,7
1731550309,7,0,7
1732070107,7,5,12
1732994119,7,0,7
1829841180,7,0,7
1838274992,7,0,7
1862377536,7,0,7
1869278906,7,0,7
1873374031,7,0,7
1881970458,7,49,56
1882844239,7,0,7
1894464324,7,0,7
1898194112,7,0,7
1906173912,7,0,7
1914979285,7,0,7
1917715891,7,0,7
1918740636,7,21,28
1921148744,7,0,7
1928764724,7,1,8
1933077001,7,67,74
1940755262,7,0,7
1948670011,7,0,7
1957809049,7,1,8
1958152405,7,1,8
1961922115,7,0,7
1963945884,7,1,8
1965933218,7,5,12
1968578905,7,0,7
1970055188,7,33,40
2148244334,7,1,8
2148332881,7,1,8
2148591082,7,0,7
2148988430,7,0,7
2154214074,7,0,7
2157832452,7,0,7
2160747660,7,8,15
2164766750,7,0,7
2165511739,7,0,7
2167809763,7,0,7
2172392619,7,1,8
2175012477,7,0,7
2176433806,7,1,8
2176620908,7,0,7
2177665478,7,0,7
2180375783,7,27,34
2181781448,7,0,7
2183315828,7,0,7
2184573941,7,0,7
2186545345,7,2,9
2194342442,7,4,11
2196907140,7,3,10
2202707036,7,1,8
2206112245,7,0,7
2206339645,7,0,7
2207501480,7,0,7
2208329164,7,1,8
2209113199,7,0,7
2213265757,7,1,8
2215760684,7,6,13
2219159570,7,0,7
2220306061,7,1,8
2223655366,7,1,8
2223863478,7,0,7
2225280979,7,2,9
2229239411,7,0,7
2229628026,7,0,7
2235563370,7,15,22
2237026852,7,1,8
2241234048,7,0,7
2242954477,7,0,7
2245750425,7,0,7
2246180090,7,1,8
2246201081,7,0,7
2246456797,7,0,7
2252471766,7,36,43
2255547348,7,1,8
2259647702,7,0,7
2262885770,7,0,7
2264954509,7,0,7
2265466982,7,0,7
2268307790,7,0,7
2272043766,7,0,7
2272464372,7,0,7
2275169142,7,0,7
2276461717,7,4,11
2279522616,7,1,8
2279660775,7,0,7
2284150545,7,0,7
2288723564,7,0,7
2290053918,7,4,11
2297286916,7,1,8
2298134277,7,15,22
2300289704,7,30,37
2301172375,7,20,27
2304279044,7,0,7
2307356389,7,0,7
2310416263,7,2,9
2310761768,7,0,7
2316270739,7,0,7
2316330373,7,0,7
2323772125,7,0,7
2327638657,7,0,7
2330424144,7,5,12
2331208111,7,0,7
2334062873,7,1,8
2335930938,7,0,7
2336663529,7,1,8
2339332778,7,0,7
2340798337,7,0,7
2341285717,7,0,7
2342646996,7,0,7
2343948980,7,0,7
2345409164,7,51,58
2345762329,7,0,7
2349292010,7,0,7
2353271838,7,0,7
2355347586,7,0,7
2358278190,7,2,9
2358546691,7,0,7
2365184932,7,0,7
2367350719,7,0,7
2369545188,7,0,7
2369902675,7,11,18
2370912788,7,1,8
2371694656,7,0,7
2377816854,7,0,7
2378009777,7,3,10
2380593748,7,1,8
2382074977,7,1,8
2383991174,7,40,47
2386998684,7,0,7
2387923850,7,0,7
2390083512,7,0,7
2393292608,7,0,7
2393300419,7,17,24
2393836836,7,0,7
2398478714,7,0,7
2402473400,7,0,7
2404022173,7,4,11
2410453038,7,4,11
2412675344,7,4,11
2417594054,7,0,7
2421080847,7,73,80
2422491290,7,11,18
2424271248,7,0,7
2427421429,7,1,8
2429810652,7,3,10
2431033524,7,0,7
2432620014,7,0,7
2433757075,7,1,8
2439423046,7,0,7
2442188998,7,0,7
2445474026,7,1,8
2453768402,7,0,7
2460093271,7,1,8
2460357662,7,0,7
2460782113,7,0,7
2461045982,7,1,8
2464920044,7,0,7
2469783866,7,1,8
2470217186,7,6,13
2474572016,7,0,7
2475890107,7,0,7
2477855634,7,1,8
2479047344,7,0,7
2483954965,7,0,7
2484801895,7,5,12
2486311429,7,8,15
2490423633,7,0,7
2495613440,7,0,7
2498276575,7,0,7
2507484340,7,0,7
2508278894,7,0,7
2514590727,7,0,7
2515734288,7,1,8
2524277999,7,2,9
2527500781,7,10,17
2527814880,7,0,7
2542446342,7,0,7
2542852973,7,0,7
2544108704,7,4,11
2562084218,7,0,7
2562420669,7,0,7
2565912762,7,20,27
2567310134,7,0,7
2571872210,7,0,7
2591862354,7,2,9
2599862858,7,0,7
2600069107,7,1,8
2600337822,7,0,7
2604476641,7,0,7
2604487285,7,1,8
2604676818,7,0,7
2605359579,7,10,17
2613920184,7,0,7
2614456544,7,1,8
2614531412,7,0,7
2615424343,7,0,7
2626342982,7,0,7
2646454764,7,0,7
2648555912,7,0,7
2648605575,7,1,8
2649318025,7,0,7
2656651711,7,0,7
2659850119,7,0,7
2663515082,7,0,7
2688530756,7,0,7
2707153254,7,1,8
2707557794,7,0,7
2710761337,7,0,7
2716587527,7,0,7
2718798586,7,9,16
2718866309,7,23,30
2721916634,7,1,8
2724160184,7,0,7
2724918372,7,3,10
2725354744,7,0,7
2727254173,7,1,8
2734455236,7,0,7
2738642560,7,0,7
2739474429,7,0,7
2740951680,7,1,8
2741492717,7,0,7
2743253840,7,0,7
2743418282,7,0,7
2744915079,7,0,7
2745887578,7,28,35
2747288099,7,1,8
2748559467,7,0,7
2751301460,7,1,8
2752488313,7,1,8
2755987049,7,0,7
2756077153,7,1,8
2756770386,7,0,7
2758076306,7,0,7
2759267989,7,2,9
2761234928,7,1,8
2762785196,7,1,8
2773967146,7,0,7
2778655308,7,18,25
2780310370,7,0,7
2788439720,7,0,7
2788844780,7,0,7
2790297881,7,0,7
2790812031,7,0,7
2800385466,7,0,7
2800743920,7,0,7
2800804320,7,0,7
2800862281,7,9,16
2805921939,7,0,7
2807844465,7,7,14
2818197744,7,1,8
2820407917,7,8,15
2822115513,7,0,7
2827027708,7,0,7
2827131879,7,0,7
2827309304,7,0,7
2827491568,7,0,7
2829037142,7,0,7
2830150038,7,4,11
2836349620,7,0,7
2838256094,7,0,7
2838450295,7,2,9
2843121375,7,0,7
2846371383,7,0,7
2846653642,7,0,7
2847130953,7,0,7
2847315610,7,0,7
2852171117,7,0,7
2853449504,7,0,7
2853766474,7,0,7
2858665159,7,8,15
2861803007,7,0,7
2872420231,7,0,7
2873693809,7,0,7
2874158467,7,0,7
2875410745,7,0,7
2876128636,7,0,7
2877060614,7,0,7
2877293361,7,0,7
2878502879,7,0,7
2880381305,7,0,7
2883539164,7,0,7
2884076764,7,0,7
2885288633,7,0,7
2885889147,7,3,10
2886843731,7,0,7
2887434430,7,42,49
2887656388,7,0,7
2888482564,7,0,7
2891549800,7,3,10
2895714057,7,0,7
2901761717,7,0,7
2902650965,7,0,7
2903158613,7,0,7
2904106827,7,1,8
2904911144,7,0,7
2914769599,7,0,7
2916055819,7,0,7
2919934571,7,0,7
2924342216,7,0,7
2924926744,7,1,8
2933564586,7,1,8
2938758358,7,0,7
2943064582,7,2,9
2944556358,7,0,7
2946899192,7,0,7
2947475305,7,0,7
2953305579,7,0,7
2959355615,7,0,7
2962651031,7,2,9
2963829556,7,0,7
2965491734,7,0,7
2966375290,7,1,8
2966859210,7,0,7
2970293603,7,5,12
2971182161,7,0,7
2971378187,7,1,8
2977884175,7,0,7
2978053691,7,0,7
2978064785,7,9,16
2979050746,7,0,7
2985807303,7,0,7
2986306444,7,0,7
2986804000,7,8,15
2992594807,7,3,10
2994113630,7,0,7
2997384886,7,0,7
2999505202,7,0,7
3000407727,7,0,7
3004382651,7,0,7
3005952009,7,0,7
3014054033,7,0,7
3014448796,7,2,9
3016416012,7,1,8
3018793935,7,0,7
3021174959,7,0,7
3025370241,7,0,7
3027604275,7,0,7
3028218003,7,1,8
3031989372,7,1,8
3033376450,7,0,7
3033854607,7,0,7
3035492152,7,0,7
3038941085,7,1,8
3040296325,7,0,7
3040409948,7,0,7
3040856568,7,0,7
3041981354,7,0,7
3042448767,7,0,7
3042702935,7,0,7
3051763684,7,1,8
3052936689,7,28,35
3060159337,7,0,7
3060758005,7,0,7
3065327994,7,37,44
3066591876,7,0,7
3071201530,7,0,7
3075421281,7,0,7
3075825966,7,0,7
3076720472,7,0,7
3083073922,7,3,10
3084439047,7,0,7
3091489739,7,2,9
3096914552,7,77,84
3097980227,7,0,7
3105603524,7,5,12
3119526652,7,0,7
3121351886,7,0,7
3121915096,7,1,8
3122128662,7,1,8
3122219217,7,0,7
3128449208,7,0,7
3128832537,7,0,7
3131358090,7,0,7
3131430309,7,0,7
3133380645,7,0,7
3134165175,7,1,8
3136060350,7,1,8
3150440815,7,0,7
3150493688,7,0,7
3152083559,7,0,7
3152212575,7,24,31
3154227208,7,1,8
3157543165,7,0,7
3159627277,7,1,8
3171775854,7,0,7
3182041184,7,0,7
3188180755,7,0,7
3193595360,7,0,7
3194858744,7,0,7
3198150924,7,0,7
3207455921,7,0,7
3211657496,7,1,8
3213196667,7,0,7
3220348812,7,1,8
3222717138,7,4,11
3222911665,7,0,7
3222937730,7,1,8
3227688294,7,26,33
3228626290,7,0,7
3231986094,7,0,7
3236656398,7,0,7
3236810235,7,29,36
3237058188,7,13,20
3237348433,7,0,7
3239076695,7,0,7
3246319010,7,1,8
3248087792,7,0,7
3253841247,7,0,7
3254788656,7,0,7
3254907853,7,2,9
3258288187,7,3,10
3259730426,7,0,7
3267427074,7,0,7
3269533770,7,0,7
3270212306,7,4,11
3276257160,7,0,7
3283283869,7,3,10
3286056938,7,4,11
3288414416,7,0,7
3289466815,7,1,8
3290069300,7,0,7
3290453295,7,0,7
3290999262,7,3,10
3291216657,7,1,8
3295287420,7,2,9
3296504227,7,0,7
3297436169,7,0,7
3298379798,7,0,7
3299552724,7,0,7
3300201601,7,0,7
3300693303,7,0,7
3301919021,7,0,7
3304982419,7,0,7
3305380733,7,25,32
3308358050,7,0,7
3309031944,7,0,7
3309860058,7,2,9
3310678936,7,1,8
3311646990,7,1,8
3312099537,7,0,7
3312921522,7,0,7
3313144021,7,15,22
3313631888,7,1,8
3313909160,7,0,7
3316710096,7,1,8
3317469151,7,0,7
3318180249,7,0,7
3318938595,7,0,7
3321767747,7,0,7
3327155022,7,3,10
3327669647,7,17,24
3331143699,7,0,7
3332440414,7,0,7
3338779876,7,1,8
3345730905,7,0,7
3349545851,7,0,7
3351771880,7,0,7
3353417632,7,0,7
3357308483,7,0,7
3360757750,7,2,9
3361998159,7,0,7
3365030883,7,78,85
3368465157,7,1,8
3373788733,7,0,7
3375642807,7,1,8
3381917289,7,0,7
3385773933,7,5,12
3385956329,7,2,9
3386623683,7,0,7
3394684451,7,0,7
3395964711,7,13,20
3397223379,7,0,7
3397496110,7,0,7
3397782934,7,1,8
3401627387,7,7,14
3401644132,7,0,7
3402588155,7,0,7
3404327079,7,1,8
3404521804,7,0,7
3405070143,7,0,7
3414012285,7,2,9
3415335543,7,0,7
3416835694,7,1,8
3419749948,7,0,7
3423036440,7,0,7
3430362195,7,0,7
3430409495,7,0,7
3448760721,7,0,7
3469024872,7,4,11
3471479357,7,5,12
3482694026,7,4,11
3483594256,7,5,12
3514449075,7,0,7
3515882301,7,64,71
3527084777,7,7,14
3538092137,7,5,12
3545121435,7,0,7
3550890192,7,7,14
3558809729,7,0,7
3586630456,7,0,7
3589992012,7,0,7
3593482456,7,0,7
3599650933,7,1,8
3628767612,7,1,8
3643269132,7,0,7
3652502952,7,2,9
3664351934,7,3,10
3665724193,7,12,19
3681953173,7,0,7
3718728559,7,0,7
3720737542,7,0,7
3727346955,7,0,7
3740503757,7,0,7
3750533361,7,0,7
3774554253,7,0,7
3803091501,7,1,8
3803379014,7,79,86
3808854134,7,0,7
3810715034,7,4,11
3814121307,7,0,7
3817645456,7,0,7
3821644754,7,0,7
3830323994,7,1,8
3837673535,7,8,15
3844271727,7,39,46
3868063708,7,0,7
3872402481,7,1,8
3872646560,7,0,7
3875151073,7,0,7
3884090114,7,1,8
3885750083,7,1,8
3893210375,7,35,42
3919033400,7,6,13
3924067943,7,1,8
3943251922,7,0,7
3948640959,7,111,118
3950241573,7,0,7
3950416108,7,10,17
3950516001,7,0,7
3951783989,7,0,7
3955187302,7,0,7
3958226056,7,2,9
3960609633,7,0,7
3981570149,7,0,7
3999175995,7,0,7
4010240893,7,0,7
4017384012,7,1,8
4020625456,7,0,7
4034836276,7,0,7
4038669673,7,0,7
4047152837,7,0,7
4048875196,7,11,18
4053458907,7,2,9
4061365779,7,1,8
4084354695,7,0,7
4091449162,7,0,7
4107908716,7,1,8
4109952964,7,0,7
4115731661,7,0,7
4115831833,7,2,9
4122226696,7,2,9
4132530201,7,0,7
4147240349,7,0,7
4153328243,7,53,60
4161575414,7,2,9
4161633555,7,8,15
4167614357,7,0,7
4187517856,7,0,7
4194141941,7,0,7
4204415937,7,1,8
4210571952,7,4,11
4211967857,7,27,34
4218263114,7,0,7
4258198589,7,5,12
4266124223,7,0,7
4266369741,7,3,10
4267479933,7,0,7
4269055582,7,1,8
4269898882,7,0,7
4275555073,7,2,9
4276470553,7,2,9
4288324559,7,0,7
4326412698,7,2,9
4337003246,7,0,7
4343436995,7,0,7
4357505129,7,0,7
4385353779,7,1,8
4386946815,7,1,8
4393421353,7,0,7
4396486942,7,2,9
4407674837,7,0,7
4413869352,7,0,7
4427241869,7,0,7
4437332481,7,0,7
4438103968,7,0,7
4438581616,7,0,7
4440413172,7,5,12
4445095872,7,0,7
4450469653,7,0,7
4452489873,7,0,7
4458811812,7,0,7
4459974500,7,0,7
4463373987,7,0,7
4483480636,7,0,7
4496896937,7,5,12
4497715152,7,0,7
4497934582,7,0,7
4503945135,7,0,7
4514400132,7,6,13
4520190074,7,5,12
4544833575,7,0,7
4549068679,7,0,7
4558688309,7,0,7
4568707695,7,0,7
4582662142,7,1,8
4587580579,7,1,8
4633963068,7,1,8
4655883143,7,0,7
4660068678,7,3,10
4680301292,7,0,7
4681650463,7,1,8
4704084834,7,0,7
4714948245,7,0,7
4716926294,7,0,7
4720999222,7,3,10
4721902968,7,0,7
4726490875,7,0,7
4727279494,7,0,7
4729769449,7,0,7
4734316675,7,0,7
4737929435,7,1,8
4747605977,7,0,7
4756845941,7,0,7
4758850158,7,0,7
4761135846,7,3,10
4762544657,7,61,68
4762753791,7,0,7
4767407978,7,0,7
4771163293,7,0,7
4786169464,7,0,7
4792927420,7,0,7
4800298641,7,0,7
4801252872,7,0,7
4801324256,7,0,7
4804542774,7,0,7
4808073260,7,1,8
4808854410,7,0,7
4810707016,7,0,7
4813758247,7,0,7
4818478331,7,0,7
4828075607,7,1,8
4828940837,7,3,10
4833989219,7,0,7
4834028811,7,1,8
4835909308,7,8,15
4836016694,7,0,7
4836029955,7,12,19
4846269563,7,1,8
4850008078,7,1,8
4851318494,7,0,7
4851551824,7,0,7
4852175914,7,0,7
4853599251,7,1,8
4854380759,7,0,7
4855205338,7,0,7
4857184993,7,0,7
4862175883,7,0,7
4862519787,7,4,11
4863908614,7,0,7
4869448667,7,2,9
4870534929,7,10,17
4870746007,7,1,8
4871587643,7,0,7
4871814608,7,0,7
4872250858,7,0,7
4875332397,7,1,8
4876340824,7,0,7
4880610373,7,2,9
4885736917,7,0,7
4888504663,7,1,8
4888781189,7,4,11
4888990768,7,0,7
4889479581,7,0,7
4889520335,7,16,23
4890110388,7,2,9
4892787039,7,13,20
4896101705,7,0,7
4902017489,7,0,7
4909102111,7,0,7
4912725674,7,7,14
4917886486,7,0,7
4918785720,7,0,7
4924089267,7,0,7
4925524233,7,2,9
695189064279027712,7,0,7
700525448577556480,7,1,8
700809082228183040,7,0,7
700848670766292992,7,0,7
700869198000496641,7,1,8
701157348459413504,7,0,7
701196263241330688,7,2,9
701540084076535808,7,0,7
701822634414047232,7,1,8
702006646084599808,7,17,24
702148272836759552,7,0,7
702156268954378240,7,1,8
702194360687824896,7,0,7
702231309150773248,7,0,7
702348235902353408,7,0,7
702519110974898177,7,0,7
702588529914695681,7,0,7
702812761781305344,7,2,9
703070204209790977,7,1,8
703093519846502400,7,0,7
703249639479316480,7,0,7
703624352516845569,7,5,12
703642519498825728,7,8,15
703662411421773824,7,1,8
704743208044118016,7,0,7
704805889354690562,7,0,7
705067481883348993,7,1,8
705078317280460800,7,0,7
705117240736288769,7,1,8
705138543610310656,7,1,8
705161441352028160,7,0,7
705423740465590273,7,1,8
705427833351331841,7,0,7
705443103394562049,7,0,7
705502643758628866,7,0,7
705579139680616448,7,0,7
705580629803540481,7,1,8
705610066339241984,7,1,8
705737093805449216,7,0,7
705840828191641600,7,2,9
706194641809383424,7,0,7
706223604615258113,7,0,7
706533977243279360,7,0,7
706622382723563520,7,0,7
706863693104074753,7,0,7
707045987546628096,7,1,8
707351627657707521,7,0,7
707616616255721473,7,0,7
707777182383230977,7,0,7
708769555326181377,7,0,7
709066924156538881,7,0,7
710135834314342400,7,0,7
710240576717717505,7,2,9
710301458609078274,7,4,11
710812512732614656,7,1,8
710834154804355072,7,0,7
710993793487601665,7,1,8
711002482504290304,7,0,7
711176383821647872,7,0,7
711312037847158784,7,1,8
711364542304010241,7,2,9
712401980296196101,7,1,8
712417623288360960,7,0,7
712444988030726144,7,1,8
712694359213236224,7,0,7
712705017132748800,7,0,7
713069851418308608,7,0,7
713098001963696128,7,0,7
713161511473168384,7,5,12
713383887754235905,7,0,7
713388906343862272,7,3,10
713409490272432128,7,0,7
713580211732754432,7,2,9
713723072738639872,7,1,8
713788311693697024,7,0,7
714010709177159680,7,68,75
714487717661376513,7,0,7
714536994357927936,7,4,11
714703870912557056,7,11,18
714917089371234304,7,0,7
714927424375545857,7,5,12
714978702761676800,7,12,19
715365952527970304,7,1,8
715620316228292611,7,10,17
715658771197005824,7,0,7
715706344632926208,7,1,8
715711001774190592,7,0,7
715930509969387520,7,0,7
715953311661182976,7,1,8
716007895108689920,7,7,14
716774795992498176,7,2,9
716803361991819264,7,0,7
716986733892481025,7,0,7
717042036684296193,7,0,7
717083390596354048,7,0,7
717531528150913024,7,0,7
717792174658699268,7,1,8
717815405478338560,7,1,8
718430051759480832,7,0,7
718596103378190336,7,0,7
718846872912314368,7,0,7
718999607317901312,7,0,7
719020858027741184,7,1,8
719277803967877120,7,0,7
719316394576363520,7,0,7
719473209867968512,7,0,7
719605224114163712,7,0,7
719959526905094144,7,0,7
720933373246599168,7,0,7
721120856747962373,7,8,15
721681375485632513,7,2,9
721806306290499586,7,0,7
722200442034204676,7,2,9
722724228693241856,7,1,8
722832280352374784,7,98,105
722977389542707202,7,22,29
723210204582666240,7,0,7
723326358483558400,7,1,8
723579310007816192,7,1,8
723829665018839040,7,0,7
724581304474304512,7,0,7
724600872232046592,7,1,8
725984232053559296,7,1,8
726575400458051584,7,0,7
726800000932433921,7,0,7
727566660702482432,7,3,10
727651521102499840,7,2,9
727875272700248064,7,1,8
728219153950183424,7,1,8
728310044245295104,7,0,7
728374967549595649,7,0,7
728820624043483136,7,1,8
728984892655083521,7,0,7
729753787297058816,7,0,7
729878414383927296,7,0,7
730055353765904384,7,1,8
730199436907909123,7,0,7
730850601140113408,7,0,7
731292058283974656,7,0,7
731294575915110400,7,2,9
731620436857880576,7,0,7
732787655004446720,7,4,11
732992883884613632,7,0,7
733043567292088320,7,0,7
733441842516099072,7,0,7
733468077128441856,7,0,7
733765434231689216,7,0,7
733808069440741377,7,1,8
734045093468901376,7,0,7
734110774180909057,7,0,7
734177088681484300,7,8,15
734722986008285184,7,4,11
734758263636385793,7,0,7
735283535326642177,7,0,7
735785565929476096,7,1,8
735940753919250433,7,2,9
736068814509461504,7,12,19
736246719898374144,7,0,7
736277247774969856,7,0,7
737202581437435904,7,0,7
737279962059771910,7,0,7
737287089163665408,7,0,7
737289465001975808,7,0,7
738064861821689858,7,1,8
738076293875433473,7,0,7
738520383884664832,7,3,10
738524159911682050,7,0,7
739086422188003328,7,1,8
739274074099064832,7,0,7
739605094463836160,7,0,7
739611938846478336,7,7,14
739901331515703296,7,0,7
739940370151297026,7,0,7
740237364669341696,7,0,7
740546296516202499,7,0,7
740742246140612608,7,0,7
740749171976773633,7,4,11
741052320989880320,7,11,18
741059146716348417,7,0,7
741566371411021824,7,34,41
742012558715031552,7,0,7
742147178936815616,7,0,7
742185599721869313,7,0,7
742405103869698049,7,0,7
742442228157714432,7,0,7
742449105688006656,7,1,8
742823052354945024,7,1,8
743074169277939712,7,0,7
743147600220590080,7,6,13
743148896365518848,7,0,7
743196562734649345,7,0,7
743519104024326144,7,4,11
743535776797843456,7,0,7
743573601920507905,7,1,8
743609583248281602,7,1,8
744381432508878848,7,0,7
744610749650206720,7,0,7
744759044775239680,7,0,7
744768955517046784,7,0,7
744943438676668416,7,1,8
745059300905721856,7,0,7
745256140150292480,7,1,8
745313136530513923,7,0,7
745466156287332358,7,0,7
745772065609900034,7,15,22
746083412721598464,7,1,8
746259240361287683,7,1,8
746560744590802944,7,0,7
746782494108844036,7,0,7
747538146124922880,7,13,20
747926977001168896,7,0,7
748123384362450944,7,7,14
748623607991963648,7,1,8
749047866283307013,7,23,30
750355133830139904,7,3,10
750815945510137856,7,1,8
751247475877376000,7,0,7
751277313841520642,7,0,7
751297344608440320,7,0,7
751401187258294272,7,0,7
751442842736877568,7,0,7
751601264098619392,7,2,9
751635173490380800,7,0,7
751910692446281728,7,0,7
752530853360574466,7,1,8
752592445800611840,7,1,8
752719852230549504,7,2,9
752752664962826240,7,0,7
753053533717483520,7,0,7
753998504272551936,7,0,7
754013387965734912,7,0,7
754033594889273346,7,1,8
754322414478233600,7,0,7
754472083225063424,7,0,7
754778624834711552,7,1,8
755182677414862848,7,1,8
755190776275972097,7,0,7
755220990301528064,7,0,7
755240543777619969,7,0,7
755469501253218304,7,0,7
755794339746291713,7,3,10
755907802795745280,7,1,8
755964849339764736,7,47,54
756538263830089728,7,0,7
756656323702456320,7,5,12
756904987301666817,7,1,8
756905394266640384,7,0,7
756947748201586688,7,1,8
756955233369063424,7,2,9
757228772227624960,7,1,8
757326654557462528,7,6,13
757415218657976321,7,0,7
757427675883565058,7,0,7
757495837345849344,7,0,7
757619525747609600,7,0,7
757709612422303744,7,0,7
757725552899796993,7,0,7
757769458136051717,7,1,8
758313246105473025,7,0,7
758398764520394753,7,0,7
758686985259216897,7,1,8
758700830165827584,7,2,9
758756215111442432,7,0,7
758784065357148160,7,0,7
758790706852868096,7,0,7
758996842176622593,7,0,7
759683211194667008,7,0,7
759749776418205696,7,0,7
759860403841019904,7,0,7
760077133645504512,7,0,7
760331384703578112,7,0,7
760487844238327808,7,0,7
760900319337324545,7,0,7
760964210306064386,7,0,7
761050518839898112,7,0,7
761426581554335744,7,0,7
761488158492069888,7,0,7
761500176179539969,7,0,7
761611234714214400,7,0,7
761648542062637056,7,0,7
761852641957679104,7,0,7
761997703270236160,7,1,8
762407590844256256,7,0,7
762426101788319744,7,0,7
762428365336813570,7,0,7
762519249344663552,7,0,7
762749991446282240,7,0,7
762986588947316738,7,0,7
763224421603631104,7,0,7
763307466780053504,7,0,7
763414489978970112,7,1,8
763471585604956160,7,1,8
763496537624350724,7,1,8
763551666176008194,7,2,9
763572319172300800,7,2,9
763587751040221184,7,3,10
763868018661138432,7,0,7
763895272854421504,7,0,7
764199968416657408,7,0,7
764673117331468288,7,0,7
764810915850100736,7,1,8
764905443248345088,7,0,7
764919222430474240,7,0,7
764978457193349120,7,0,7
765042800953925633,7,3,10
765177074583822337,7,0,7
765212461179899904,7,0,7
765557004211544064,7,3,10
765592272524156928,7,1,8
765694429030182916,7,0,7
765769482790985728,7,2,9
765951847521812480,7,0,7
766369801782566912,7,0,7
767087789267677184,7,1,8
767208434861273089,7,13,20
767586907932983296,7,0,7
767951474621939712,7,0,7
769165744076652545,7,0,7
769435907116204032,7,2,9
769596520295440384,7,0,7
769642513300877312,7,0,7
769649024064303104,7,0,7
769801768444108800,7,1,8
769891410090733568,7,0,7
770308589198147584,7,1,8
770557742356369408,7,0,7
770677975176011776,7,0,7
770817554243727364,7,1,8
770938152009674752,7,8,15
771155008385449984,7,0,7
771253490966343681,7,0,7
771703909085741056,7,2,9
771718507537035265,7,0,7
772651829565923328,7,2,9
772910889469108224,7,1,8
773310770587197440,7,0,7
773852209188597760,7,31,38
774017687408218112,7,0,7
774704565576949760,7,0,7
774772399036178432,7,1,8
775004450343817218,7,0,7
775722694008451073,7,0,7
776275185724981248,7,0,7
776406872848859136,7,18,25
776433801467572224,7,14,21
776557407736659968,7,0,7
776925523846963200,7,0,7
777658239425077249,7,1,8
777908777584562176,7,0,7
778020800653848581,7,170,177
778097715947372544,7,4,11
778252985868648449,7,1,8
778306734972600320,7,2,9
778377952081870848,7,1,8
778396059873796096,7,0,7
778699257880600577,7,1,8
779017766934372352,7,0,7
779171932566491136,7,0,7
779239946376708096,7,0,7
779570065012318208,7,0,7
780288982454267904,7,0,7
780494377793622016,7,0,7
780559417414561792,7,31,38
780619647787737088,7,0,7
780780929484587008,7,0,7
780918725042135040,7,0,7
781133248894238721,7,0,7
781157432546308096,7,0,7
781609549006594049,7,0,7
781685703209988096,7,0,7
782101432602390528,7,0,7
782250273901125632,7,0,7
782296392635125760,7,0,7
782364385410940930,7,1,8
782505221314514944,7,0,7
782745632834326528,7,1,8
783646666800766976,7,0,7
783786208052805634,7,0,7
784128616691105795,7,1,8
784536953119178753,7,0,7
784555723065786368,7,0,7
784581198131630080,7,0,7
784821206855942144,7,2,9
784879647947362304,7,0,7
784888707845197824,7,0,7
785497593606443008,7,0,7
785580563260329984,7,0,7
785628277029253121,7,0,7
785819215789953025,7,0,7
785842181395406848,7,0,7
785875506042286080,7,3,10
786030422060707840,7,1,8
786056560472682497,7,0,7
786305437624733696,7,0,7
786413210844798976,7,0,7
786476328027508736,7,0,7
786664602306240512,7,0,7
786873325897158657,7,0,7
786988764472107008,7,0,7
787461311785476096,7,1,8
787738757302587392,7,0,7
787855120558006273,7,0,7
787876856628441088,7,0,7
788052886387249152,7,0,7
788127215611355136,7,1,8
788212355201011712,7,0,7
788498134359945217,7,2,9
788500118324469760,7,1,8
789099211421732866,7,0,7
789397500125782016,7,0,7
790145113792061440,7,0,7
790628264515690496,7,0,7
790766006511792128,7,0,7
791470907575312384,7,0,7
791760354162466816,7,0,7
792449779980603392,7,0,7
792552378163720192,7,0,7
792719165828333568,7,0,7
793142356807675904,7,3,10
793294513384980480,7,0,7
793531053902356482,7,0,7
793566084360118273,7,0,7
793725735047405568,7,0,7
794077393166225408,7,0,7
794341687724081153,7,0,7
794428999250231296,7,2,9
794479019399880704,7,0,7
794586708838846464,7,0,7
794637117741789184,7,0,7
795383491689123840,7,0,7
795389396308660226,7,2,9
795544278164324353,7,0,7
795642092840099840,7,0,7
795660598927298560,7,0,7
796224801366949888,7,0,7
796279423062437889,7,0,7
796413161519902720,7,0,7
796556417880571904,7,0,7
796580641047453696,7,0,7
796682816302055424,7,0,7
796741633136017409,7,0,7
797110391092482049,7,0,7
797768694332096512,7,0,7
797916499021365248,7,0,7
798068205906313216,7,0,7
798440202628894720,7,2,9
799089935378685953,7,0,7
801039573648310272,7,0,7
802690672285417472,7,6,13
69053,6,30,36
458173,6,12,18
3349241,6,9,15
3497941,6,44,50
5723252,6,20,26
6077902,6,100,106
6279782,6,1,7
7595102,6,2,8
7771842,6,52,58
8151532,6,17,23
8287732,6,26,32
8315692,6,19,25
8941472,6,0,6
9466582,6,149,155
10138662,6,16,22
11486082,6,0,6
12032542,6,3,9
12577172,6,1,7
13171062,6,4,10
13658162,6,2,8
14102373,6,0,6
14102928,6,12,18
14186393,6,23,29
14191306,6,0,6
14196647,6,0,6
14365764,6,1,7
14448017,6,0,6
14500915,6,9,15
14574167,6,15,21
14577753,6,0,6
14706648,6,4,10
14753225,6,63,69
14817209,6,0,6
14828860,6,0,6
14877471,6,6,12
15030136,6,10,16
15053754,6,3,9
15062989,6,1,7
15077409,6,0,6
15099412,6,0,6
15249218,6,95,101
15297995,6,1,7
15299119,6,58,64
15313592,6,2,8
15386144,6,2,8
15642796,6,1,7
15662838,6,26,32
15726120,6,35,41
15815757,6,1,7
15844857,6,1,7
15964558,6,0,6
15975878,6,1,7
15985378,6,22,28
16077204,6,18,24
16088964,6,8,14
16122052,6,3,9
16207644,6,16,22
16244449,6,2,8
16249929,6,0,6
16270415,6,31,37
16311305,6,0,6
16337707,6,10,16
16350376,6,2,8
16362151,6,56,62
16396215,6,2,8
16399202,6,28,34
16468234,6,0,6
16488199,6,0,6
16582131,6,17,23
16613367,6,0,6
16638276,6,29,35
16701918,6,0,6
16707176,6,0,6
16825062,6,0,6
16842538,6,10,16
16849114,6,1,7
16944777,6,1,7
16978119,6,25,31
17012605,6,28,34
17054728,6,9,15
17068737,6,0,6
17111029,6,2,8
17133044,6,10,16
17216103,6,0,6
17220917,6,3,9
17250722,6,2,8
17302067,6,5,11
17349277,6,5,11
17350532,6,6,12
17665654,6,4,10
17695105,6,1,7
17792906,6,0,6
17899442,6,4,10
17975333,6,1,7
18048935,6,0,6
18107739,6,14,20
18119606,6,2,8
18160252,6,0,6
18209365,6,0,6
18220712,6,1,7
18272853,6,206,212
18294448,6,7,13
18309180,6,0,6
18316690,6,1,7
18337695,6,0,6
18350235,6,4,10
18416448,6,0,6
18451261,6,1,7
18457466,6,31,37
18522689,6,0,6
18694200,6,0,6
18796865,6,0,6
18892022,6,0,6
18949560,6,6,12
18965007,6,24,30
19013011,6,13,19
19050423,6,0,6
19051617,6,10,16
19077055,6,0,6
19077091,6,6,12
19080346,6,1,7
19121657,6,0,6
19231532,6,0,6
19253863,6,40,46
19273857,6,0,6
19295547,6,0,6
19395615,6,1,7
19398213,6,0,6
19400611,6,0,6
19489355,6,28,34
19531467,6,0,6
19574238,6,0,6
19697314,6,2,8
19709708,6,1,7
19751197,6,1,7
19837512,6,2,8
19843308,6,0,6
19934859,6,0,6
19942538,6,0,6
19943761,6,32,38
19946542,6,0,6
19999160,6,21,27
20031359,6,4,10
20148396,6,25,31
20204796,6,0,6
20208534,6,1,7
20278903,6,3,9
20352372,6,16,22
20391448,6,0,6
20391743,6,0,6
20518313,6,0,6
20592066,6,0,6
20601895,6,2,8
20655790,6,10,16
20719498,6,18,24
20833775,6,1,7
20991011,6,5,11
21045444,6,0,6
21183809,6,1,7
21211364,6,2,8
21217814,6,18,24
21237646,6,1,7
21264417,6,10,16
21315649,6,11,17
21422820,6,0,6
21467204,6,1,7
21469302,6,32,38
21538264,6,0,6
21717987,6,15,21
21726566,6,0,6
21760124,6,2,8
21788270,6,0,6
21814880,6,0,6
21856040,6,0,6
21863356,6,15,21
21880592,6,0,6
22005584,6,1,7
22058266,6,13,19
22107458,6,18,24
22148948,6,0,6
22181462,6,121,127
22261236,6,0,6
22290858,6,0,6
22666911,6,4,10
22673377,6,1,7
22840485,6,1,7
22847287,6,31,37
22877015,6,0,6
22891214,6,2,8
22891682,6,9,15
23021900,6,0,6
23075530,6,0,6
23083825,6,0,6
23150206,6,1,7
23240495,6,1,7
23328623,6,60,66
23355352,6,0,6
23427357,6,0,6
23458411,6,4,10
23484056,6,0,6
23608661,6,0,6
23700363,6,2,8
23817298,6,40,46
23831960,6,0,6
23928356,6,1,7
24045240,6,7,13
24128316,6,0,6
24148939,6,0,6
24379982,6,13,19
24390141,6,0,6
24452734,6,0,6
24495486,6,0,6
24515183,6,0,6
24545904,6,1,7
24579609,6,2,8
24642738,6,1,7
24727332,6,0,6
24822337,6,0,6
24876737,6,7,13
24889469,6,1,7
24996956,6,6,12
25002819,6,32,38
25029390,6,1,7
25099598,6,0,6
25183466,6,0,6
25192604,6,29,35
25692218,6,1,7
25706893,6,0,6
25809567,6,2,8
25835740,6,22,28
25858467,6,0,6
25911963,6,29,35
26034902,6,3,9
26287372,6,1,7
26520948,6,0,6
26528482,6,4,10
26657087,6,0,6
26774751,6,3,9
26776983,6,2,8
26802372,6,0,6
26991134,6,0,6
27072169,6,0,6
27080718,6,0,6
27101828,6,1,7
27234106,6,0,6
27324239,6,61,67
27326967,6,0,6
27466261,6,0,6
27544596,6,0,6
27578677,6,6,12
27591444,6,0,6
27651282,6,0,6
27669037,6,1,7
27780594,6,0,6
27821873,6,1,7
27826793,6,0,6
28012012,6,0,6
28107703,6,1,7
28129938,6,1,7
28162211,6,19,25
28341907,6,9,15
28409355,6,0,6
28585906,6,0,6
28639249,6,1,7
28802779,6,0,6
28986976,6,1,7
29045086,6,4,10
29473578,6,1,7
29616662,6,0,6
29930923,6,2,8
29974662,6,0,6
30292304,6,0,6
30300903,6,2,8
30481580,6,0,6
30488898,6,0,6
30500021,6,1,7
30532993,6,0,6
30688823,6,0,6
30747067,6,8,14
30752083,6,0,6
30779468,6,74,80
30790364,6,16,22
30929482,6,1,7
31132063,6,0,6
31328554,6,4,10
31424763,6,0,6
31451487,6,0,6
31454104,6,2,8
31461970,6,3,9
31649027,6,14,20
31740268,6,0,6
32258396,6,0,6
32269459,6,0,6
32394756,6,1,7
32484559,6,1,7
32531047,6,0,6
32683581,6,0,6
32914948,6,0,6
33247227,6,0,6
33264868,6,0,6
33278078,6,27,33
33331713,6,1,7
33391763,6,0,6
33615866,6,0,6
33624065,6,0,6
33753767,6,5,11
33759677,6,0,6
33853671,6,3,9
33884704,6,0,6
33987859,6,0,6
34125720,6,15,21
34281620,6,1,7
34348169,6,2,8
34349003,6,47,53
34458884,6,0,6
34489982,6,1,7
34592908,6,13,19
34710971,6,1,7
34997867,6,23,29
35278935,6,0,6
35372757,6,0,6
35406114,6,2,8
35461453,6,0,6
35604261,6,1,7
35612648,6,0,6
35764859,6,1,7
36111227,6,2,8
36210200,6,2,8
36237382,6,3,9
36269259,6,1,7
36289615,6,2,8
36515827,6,0,6
36684945,6,1,7
36699129,6,6,12
36748631,6,0,6
36779549,6,0,6
36820241,6,2,8
36940614,6,5,11
37029661,6,9,15
37096107,6,31,37
37191162,6,0,6
37236440,6,0,6
37352336,6,0,6
37431818,6,1,7
37440873,6,1,7
37466254,6,0,6
37951988,6,1,7
38091140,6,1,7
38126883,6,0,6
38436438,6,0,6
38549586,6,0,6
38748818,6,5,11
38864480,6,3,9
38977584,6,0,6
39211740,6,2,8
39573043,6,2,8
39683274,6,0,6
39790896,6,1,7
39940549,6,0,6
40271429,6,0,6
40396683,6,0,6
40600816,6,0,6
40932304,6,4,10
41012342,6,0,6
41186732,6,16,22
41356810,6,1,7
41447962,6,0,6
41691959,6,4,10
41927599,6,0,6
42232039,6,2,8
42315260,6,1,7
42702682,6,4,10
42974503,6,2,8
43119145,6,0,6
43133414,6,86,92
43152023,6,1,7
43239333,6,0,6
43382550,6,3,9
43819393,6,0,6
44185285,6,7,13
44632487,6,0,6
44702959,6,0,6
44729745,6,0,6
45041081,6,0,6
45233046,6,28,34
45633179,6,0,6
45749147,6,0,6
45925811,6,0,6
46060722,6,1,7
46085567,6,0,6
46111679,6,7,13
46376593,6,0,6
46539376,6,0,6
47152545,6,42,48
47452654,6,0,6
47626121,6,2,8
47882905,6,9,15
47934424,6,0,6
47997201,6,0,6
48017429,6,1,7
48183195,6,0,6
48339146,6,0,6
48401114,6,0,6
48496289,6,1,7
48558532,6,6,12
48564648,6,38,44
48903480,6,23,29
48906174,6,0,6
48997761,6,3,9
49033918,6,0,6
49038739,6,3,9
49118459,6,0,6
49367983,6,22,28
49430686,6,3,9
49556816,6,0,6
49595009,6,2,8
49814852,6,0,6
50131622,6,3,9
50188609,6,1,7
50257835,6,0,6
50477332,6,9,15
50514258,6,0,6
50949619,6,0,6
51136644,6,1,7
51187153,6,5,11
51371811,6,11,17
51388457,6,1,7
51447410,6,0,6
51515176,6,0,6
51757391,6,0,6
51934504,6,1,7
51936011,6,0,6
51945370,6,20,26
52228687,6,0,6
52605277,6,7,13
53106230,6,1,7
53179643,6,18,24
53211626,6,0,6
53435162,6,0,6
53440929,6,0,6
53504193,6,0,6
53951753,6,0,6
54014410,6,0,6
54014477,6,2,8
54193002,6,0,6
54206244,6,0,6
54462456,6,0,6
54466755,6,1,7
54534131,6,3,9
54603216,6,0,6
54694601,6,6,12
54783435,6,0,6
54950188,6,2,8
54986313,6,1,7
55242766,6,18,24
55520486,6,1,7
55633057,6,3,9
55652140,6,0,6
55686670,6,0,6
55826665,6,0,6
56591875,6,0,6
57023662,6,0,6
57371132,6,1,7
57739910,6,0,6
57912099,6,0,6
58198180,6,10,16
58602077,6,0,6
58872505,6,0,6
58957403,6,0,6
59209789,6,6,12
59781077,6,1,7
60342790,6,15,21
60610778,6,6,12
60745382,6,0,6
60802498,6,0,6
61914451,6,0,6
62051547,6,0,6
62136005,6,1,7
62298650,6,8,14
62323651,6,0,6
62446765,6,0,6
62542798,6,0,6
62704579,6,11,17
63252735,6,0,6
64087291,6,0,6
64256758,6,14,20
64403326,6,1,7
64721998,6,0,6
64739377,6,0,6
64967531,6,0,6
65167784,6,0,6
65193537,6,0,6
65260323,6,0,6
65534226,6,1,7
65755698,6,2,8
66441154,6,0,6
66478969,6,2,8
66480903,6,27,33
66494916,6,2,8
66773997,6,0,6
66878080,6,1,7
67040807,6,0,6
67971437,6,10,16
68058764,6,2,8
68213467,6,0,6
68562978,6,2,8
68742967,6,0,6
69004966,6,4,10
69134992,6,0,6
69717706,6,1,7
69738655,6,52,58
69780054,6,0,6
70041065,6,0,6
70101548,6,0,6
70314813,6,11,17
70429910,6,0,6
72034723,6,0,6
72245243,6,0,6
72494167,6,0,6
72610586,6,4,10
72863939,6,13,19
72898305,6,0,6
72932247,6,0,6
73044997,6,1,7
73237049,6,9,15
73975685,6,63,69
74826397,6,0,6
75081208,6,0,6
75190347,6,17,23
75871138,6,0,6
76058560,6,173,179
76345188,6,0,6
76538013,6,0,6
76656029,6,0,6
76661006,6,0,6
76986079,6,0,6
77645553,6,0,6
77693039,6,1,7
78262251,6,0,6
78465328,6,0,6
79497923,6,0,6
79589121,6,0,6
81016687,6,0,6
81554358,6,0,6
82275729,6,22,28
82539274,6,0,6
82868977,6,0,6
83666834,6,0,6
84018137,6,0,6
84190965,6,0,6
84370760,6,0,6
84653850,6,23,29
84722818,6,0,6
85497642,6,0,6
86229102,6,5,11
86535361,6,2,8
86778651,6,0,6
87101015,6,0,6
87229567,6,0,6
87499919,6,3,9
87849193,6,12,18
87967321,6,6,12
88209689,6,26,32
88264553,6,0,6
88273330,6,0,6
88604586,6,0,6
89364475,6,16,22
89850730,6,6,12
90669853,6,2,8
91133629,6,0,6
91613964,6,1,7
91654561,6,0,6
92435670,6,0,6
92437974,6,85,91
92803398,6,0,6
93269181,6,15,21
93286075,6,0,6
93587029,6,0,6
93701933,6,0,6
94131966,6,0,6
95492577,6,0,6
96138456,6,0,6
97405527,6,0,6
97538244,6,0,6
97792916,6,63,69
98583506,6,0,6
98617389,6,191,197
99149095,6,4,10
99176771,6,0,6
99720491,6,0,6
99741877,6,3,9
99823810,6,0,6
100411358,6,0,6
101197568,6,0,6
101321843,6,0,6
101573308,6,0,6
102237770,6,0,6
102978397,6,0,6
103084723,6,0,6
103921843,6,16,22
103994967,6,33,39
104116845,6,0,6
104262369,6,0,6
104544884,6,0,6
104561886,6,0,6
104714328,6,1,7
105358565,6,0,6
105377391,6,0,6
105680489,6,0,6
106104546,6,6,12
106195892,6,1,7
106248926,6,0,6
106890006,6,0,6
106900770,6,2,8
108085194,6,1,7
110014280,6,32,38
110199174,6,3,9
110263832,6,9,15
110646821,6,4,10
110759185,6,0,6
112105662,6,0,6
113641925,6,0,6
114006333,6,0,6
114048973,6,1,7
114154403,6,1,7
114356391,6,0,6
114658476,6,1,7
114937577,6,0,6
114974578,6,28,34
116587844,6,0,6
116743844,6,0,6
116960062,6,40,46
117341432,6,0,6
117647857,6,1,7
118068803,6,1,7
118355447,6,0,6
119758837,6,16,22
120191448,6,0,6
120579465,6,0,6
121652814,6,1,7
121815949,6,1,7
122166583,6,23,29
122189801,6,1,7
122975962,6,0,6
124230952,6,0,6
124607045,6,1,7
125025286,6,0,6
125248467,6,0,6
125381769,6,0,6
125534451,6,0,6
125980963,6,0,6
126372081,6,1,7
126745745,6,0,6
127784285,6,0,6
128286952,6,17,23
128306173,6,3,9
128662777,6,0,6
129009523,6,6,12
130266752,6,0,6
130418036,6,5,11
130691970,6,0,6
131809111,6,2,8
132270763,6,0,6
132390027,6,5,11
132902241,6,0,6
132964988,6,6,12
133572627,6,0,6
133793052,6,0,6
135049803,6,1,7
136420789,6,0,6
137368949,6,1,7
137403286,6,0,6
138446038,6,0,6
138952668,6,0,6
140307744,6,21,27
140997828,6,0,6
142109657,6,9,15
142833722,6,0,6
145341828,6,23,29
145513817,6,0,6
145838509,6,17,23
146016779,6,0,6
146677265,6,9,15
146925516,6,0,6
147355294,6,12,18
147499862,6,0,6
147690080,6,0,6
149319055,6,1,7
149664270,6,2,8
151612530,6,0,6
151713018,6,0,6
151792927,6,0,6
151843971,6,1,7
152569541,6,0,6
153004283,6,1,7
153262729,6,0,6
154196061,6,3,9
155701609,6,0,6
156321706,6,1,7
159007827,6,0,6
159038849,6,3,9
160009840,6,0,6
160975748,6,23,29
161329379,6,2,8
162162668,6,0,6
163870394,6,0,6
163995557,6,0,6
164976777,6,1,7
168204498,6,0,6
168230704,6,0,6
168728236,6,0,6
169209651,6,0,6
170006305,6,0,6
171588704,6,3,9
172487174,6,2,8
172626911,6,8,14
172748155,6,13,19
172957296,6,0,6
174872379,6,2,8
175083721,6,3,9
175472962,6,6,12
175514044,6,1,7
175644368,6,1,7
176149181,6,0,6
176549658,6,0,6
176870725,6,0,6
177780504,6,0,6
179266173,6,0,6
180242950,6,1,7
180897456,6,15,21
180986676,6,0,6
181634028,6,1,7
181771478,6,0,6
181851035,6,1,7
182093171,6,0,6
182476548,6,0,6
183589792,6,0,6
184435449,6,0,6
185320965,6,0,6
186157893,6,0,6
186296839,6,3,9
187425654,6,0,6
187502162,6,0,6
187657428,6,297,303
190357821,6,2,8
190689139,6,0,6
191521095,6,0,6
191702150,6,0,6
192324533,6,24,30
193475541,6,0,6
195563856,6,0,6
195657096,6,0,6
196662794,6,0,6
196748746,6,0,6
197181270,6,5,11
199310931,6,4,10
199395341,6,0,6
201811300,6,2,8
202514999,6,0,6
203753634,6,2,8
205249120,6,0,6
206325286,6,5,11
206923011,6,10,16
207286451,6,0,6
209794571,6,0,6
210050479,6,2,8
211955738,6,12,18
212754397,6,25,31
214709503,6,0,6
214886907,6,1,7
215058742,6,0,6
215150384,6,0,6
215503199,6,0,6
215589480,6,0,6
216234848,6,0,6
216770668,6,2,8
217046409,6,0,6
217392201,6,0,6
218205069,6,3,9
218443089,6,0,6
219090230,6,0,6
220097700,6,0,6
220807999,6,16,22
221134449,6,3,9
222412674,6,40,46
222519463,6,3,9
223638661,6,0,6
224263426,6,1,7
224286721,6,41,47
224343703,6,0,6
224893073,6,0,6
225981661,6,1,7
226391655,6,3,9
226759450,6,11,17
226761958,6,0,6
227259371,6,10,16
228818282,6,1,7
228913555,6,0,6
230819862,6,0,6
230980428,6,1,7
231852503,6,25,31
231923744,6,1,7
232036070,6,2,8
232159813,6,0,6
232402717,6,36,42
232588151,6,0,6
232921052,6,57,63
234200138,6,16,22
234581403,6,0,6
236106747,6,0,6
236149457,6,95,101
237658796,6,1,7
237993089,6,0,6
238644975,6,0,6
238763830,6,2,8
239388228,6,8,14
239576814,6,0,6
240974899,6,0,6
242138896,6,0,6
243243488,6,9,15
243371187,6,0,6
244014354,6,0,6
244086083,6,5,11
244574766,6,0,6
244722043,6,7,13
245507232,6,0,6
245942173,6,9,15
246048840,6,3,9
246119772,6,0,6
246153081,6,0,6
246423260,6,4,10
247803955,6,9,15
248000309,6,0,6
248230875,6,3,9
249275835,6,0,6
249945898,6,0,6
250322730,6,0,6
251037574,6,0,6
251646064,6,1,7
252084830,6,0,6
252192750,6,0,6
252833857,6,2,8
253077983,6,0,6
253607208,6,2,8
254781783,6,0,6
254873869,6,6,12
255159367,6,1,7
255571311,6,0,6
256216363,6,0,6
256693556,6,12,18
258741909,6,27,33
260299303,6,1,7
261362196,6,0,6
261400644,6,1,7
262162159,6,0,6
262975705,6,1,7
263434639,6,0,6
265721475,6,2,8
265936127,6,0,6
266831840,6,0,6
266909396,6,0,6
266912064,6,1,7
267381802,6,2,8
268743244,6,0,6
269200179,6,10,16
269954424,6,0,6
270144827,6,6,12
270441409,6,2,8
271084509,6,0,6
271847724,6,0,6
271989352,6,31,37
272549918,6,0,6
273205901,6,0,6
273560019,6,0,6
273657605,6,10,16
273684365,6,0,6
273735213,6,0,6
274017531,6,1,7
274611131,6,0,6
274714245,6,0,6
276108093,6,1,7
276298255,6,0,6
276704067,6,0,6
276755915,6,3,9
277337287,6,0,6
277613279,6,8,14
277844451,6,2,8
278086623,6,0,6
278359239,6,17,23
280800861,6,21,27
281031676,6,0,6
281282774,6,155,161
282817405,6,0,6
282829547,6,0,6
283054439,6,0,6
283114520,6,9,15
283366045,6,0,6
284719838,6,0,6
287950463,6,0,6
288634636,6,2,8
289400665,6,0,6
290102068,6,0,6
290195473,6,7,13
290990507,6,1,7
291072432,6,0,6
291199456,6,27,33
291230982,6,0,6
291996706,6,0,6
292754731,6,0,6
294656386,6,1,7
295128147,6,1,7
296241587,6,0,6
297047518,6,0,6
297260894,6,2,8
298313998,6,0,6
298476496,6,0,6
299297163,6,0,6
300276016,6,0,6
301219601,6,0,6
301475627,6,0,6
301513955,6,0,6
301560989,6,0,6
301623008,6,0,6
301791092,6,45,51
301791169,6,96,102
302180236,6,0,6
302299237,6,0,6
302439427,6,1,7
303167451,6,0,6
303328351,6,0,6
303642405,6,0,6
303918175,6,2,8
305274389,6,0,6
305543581,6,0,6
305909204,6,2,8
306512388,6,2,8
306577453,6,0,6
307365167,6,0,6
307741015,6,2,8
308590376,6,1,7
310425304,6,17,23
311938631,6,0,6
312208280,6,0,6
313103646,6,13,19
314196144,6,3,9
314226855,6,10,16
314691208,6,2,8
315083177,6,1,7
316057126,6,2,8
317229614,6,0,6
317601093,6,0,6
317835273,6,0,6
317881711,6,4,10
319324181,6,0,6
319337461,6,10,16
320027703,6,16,22
320345802,6,0,6
320848710,6,1,7
321594219,6,0,6
321822652,6,0,6
322959754,6,1,7
323701523,6,3,9
325769197,6,1,7
326293048,6,0,6
327321956,6,1,7
327365215,6,3,9
328838694,6,3,9
329180052,6,0,6
329276061,6,5,11
329431472,6,0,6
329783512,6,0,6
329839187,6,1,7
330033770,6,1,7
330616131,6,0,6
330681561,6,0,6
330721585,6,0,6
331615894,6,0,6
331775975,6,4,10
331918436,6,0,6
333186564,6,3,9
333238347,6,0,6
335362428,6,0,6
335677881,6,0,6
337958622,6,0,6
339699758,6,0,6
342255534,6,0,6
342394431,6,0,6
342458078,6,1,7
343024042,6,0,6
343390299,6,0,6
343672955,6,1,7
344072386,6,1,7
344100787,6,56,62
344133845,6,1,7
344194423,6,0,6
344196495,6,0,6
344383681,6,0,6
344854154,6,9,15
344918904,6,14,20
345041240,6,0,6
345049085,6,0,6
345180053,6,75,81
345538615,6,0,6
346175175,6,0,6
346868284,6,1,7
347703656,6,1,7
349291227,6,0,6
349314373,6,5,11
349344890,6,53,59
350129163,6,30,36
350398451,6,6,12
351040999,6,0,6
352005726,6,0,6
352098617,6,2,8
352508648,6,3,9
353359252,6,0,6
353879012,6,1,7
353879106,6,17,23
354617828,6,0,6
355217453,6,0,6
355697007,6,1,7
356026306,6,10,16
356847295,6,0,6
356858959,6,0,6
357076444,6,0,6
357359576,6,0,6
357778969,6,1,7
358785860,6,0,6
360016165,6,2,8
361022019,6,3,9
361306731,6,0,6
362550965,6,0,6
363712042,6,0,6
364334974,6,0,6
365713922,6,0,6
365739444,6,1,7
366673218,6,0,6
368945386,6,6,12
369231528,6,2,8
369801087,6,17,23
371165147,6,0,6
372440581,6,18,24
372465726,6,0,6
372867045,6,0,6
373185614,6,0,6
373522722,6,2,8
373539741,6,0,6
373710222,6,3,9
374181571,6,0,6
375447114,6,2,8
375932471,6,0,6
376744269,6,17,23
377065188,6,0,6
377634498,6,0,6
379047199,6,3,9
379296290,6,1,7
379787022,6,0,6
380417273,6,6,12
380451775,6,11,17
381142628,6,1,7
381489867,6,1,7
382209977,6,1,7
382395639,6,0,6
382591747,6,0,6
383650129,6,4,10
383903519,6,0,6
383906376,6,0,6
385058326,6,1,7
385075023,6,0,6
386298884,6,0,6
386542585,6,0,6
386714260,6,0,6
388379132,6,1,7
388415296,6,0,6
389263294,6,1,7
389848242,6,4,10
390082951,6,0,6
391403694,6,10,16
391840092,6,0,6
392102944,6,0,6
392234219,6,0,6
393601610,6,1,7
393775856,6,1,7
394375039,6,7,13
396710161,6,0,6
396820325,6,1,7
398234242,6,0,6
400230612,6,0,6
400280176,6,0,6
401989905,6,1,7
402008066,6,0,6
403142058,6,1,7
404324317,6,17,23
406431568,6,0,6
406619360,6,0,6
406665273,6,4,10
408374960,6,3,9
408763466,6,42,48
409652618,6,2,8
409867690,6,0,6
410728583,6,0,6
412998763,6,14,20
413344125,6,1,7
413367727,6,10,16
415878019,6,6,12
416099442,6,0,6
417553124,6,0,6
418400448,6,0,6
419187881,6,8,14
419308018,6,0,6
419778202,6,0,6
421964324,6,0,6
422192213,6,4,10
423902789,6,0,6
423966649,6,0,6
424868194,6,0,6
425511467,6,24,30
426297408,6,1,7
426774984,6,7,13
426863240,6,0,6
427515851,6,8,14
427725775,6,0,6
427800838,6,0,6
427865020,6,3,9
428204972,6,0,6
430080506,6,0,6
430853722,6,0,6
431300607,6,0,6
431677460,6,0,6
431689234,6,0,6
431743106,6,0,6
433320862,6,0,6
434516840,6,0,6
434708922,6,1,7
436807142,6,1,7
437086729,6,16,22
437252658,6,0,6
438002000,6,0,6
438862457,6,0,6
439003566,6,0,6
439804226,6,5,11
440532056,6,6,12
441111491,6,11,17
442331062,6,0,6
442974101,6,0,6
443517511,6,0,6
448203900,6,137,143
448866261,6,12,18
449226485,6,2,8
451384533,6,0,6
451919642,6,1,7
452562735,6,0,6
452567693,6,0,6
453322083,6,0,6
454389074,6,2,8
454900582,6,8,14
455757470,6,1,7
456316969,6,0,6
457141210,6,0,6
457784381,6,6,12
458645492,6,0,6
459340156,6,0,6
459561926,6,0,6
460803811,6,0,6
461506717,6,0,6
463890311,6,1,7
464239813,6,0,6
464400250,6,0,6
465072832,6,1,7
465171421,6,5,11
466045154,6,0,6
466063843,6,0,6
466212102,6,0,6
466883028,6,9,15
467775454,6,1,7
468065820,6,0,6
468140684,6,0,6
469953868,6,1,7
470311095,6,15,21
470596201,6,0,6
471188047,6,0,6
471607075,6,0,6
471610197,6,0,6
471631371,6,2,8
474447301,6,1,7
475356042,6,0,6
478153611,6,2,8
478569125,6,0,6
478907326,6,1,7
479821390,6,0,6
479889352,6,1,7
480632328,6,0,6
480805117,6,0,6
481094987,6,2,8
482185475,6,2,8
482188855,6,0,6
482981933,6,0,6
484281318,6,0,6
484992096,6,1,7
487689054,6,0,6
488116021,6,3,9
488293740,6,1,7
489975747,6,4,10
490743208,6,0,6
493658040,6,0,6
494651353,6,1,7
496568927,6,0,6
497251958,6,0,6
497968900,6,0,6
498324020,6,8,14
500310949,6,1,7
504902312,6,0,6
506542325,6,0,6
507746291,6,0,6
507778661,6,0,6
507877806,6,5,11
509578036,6,0,6
510681147,6,3,9
511167564,6,49,55
512718393,6,21,27
513292028,6,0,6
514987358,6,9,15
515869032,6,3,9
516900663,6,0,6
518184499,6,3,9
518196000,6,0,6
520527656,6,3,9
520617010,6,0,6
521178700,6,0,6
521650140,6,0,6
522539842,6,1,7
522790836,6,0,6
524001966,6,0,6
526599520,6,1,7
527400995,6,0,6
527846428,6,0,6
527891471,6,0,6
528371500,6,0,6
529592870,6,1,7
530868314,6,0,6
531211626,6,0,6
531375704,6,6,12
531407167,6,0,6
531629847,6,0,6
531653941,6,0,6
532025943,6,0,6
532545349,6,0,6
532787594,6,0,6
533778808,6,1,7
533856102,6,0,6
535868391,6,1,7
536646582,6,71,77
537508831,6,1,7
539580184,6,0,6
540745898,6,0,6
542550562,6,0,6
544941018,6,0,6
545504007,6,0,6
546382113,6,0,6
549289945,6,1,7
550084669,6,0,6
552228311,6,0,6
552732182,6,1,7
554646732,6,3,9
554791112,6,0,6
555186610,6,0,6
555705312,6,0,6
556041671,6,1,7
557413683,6,0,6
558174858,6,0,6
559000608,6,1,7
560828139,6,7,13
560833871,6,168,174
561585190,6,2,8
562255311,6,0,6
562450158,6,5,11
563968197,6,0,6
564294432,6,0,6
564344577,6,1,7
564910159,6,0,6
565710136,6,0,6
567637103,6,0,6
568561060,6,0,6
570812394,6,4,10
573120344,6,2,8
574031104,6,0,6
574387850,6,0,6
574784221,6,0,6
574829891,6,15,21
575854925,6,0,6
579111506,6,0,6
580235440,6,0,6
582256421,6,0,6
582622229,6,0,6
585725732,6,20,26
587034402,6,1,7
587698095,6,0,6
589264754,6,0,6
589321976,6,1,7
590573551,6,0,6
591358016,6,0,6
594065770,6,1,7
596031779,6,4,10
596812930,6,5,11
597655526,6,1,7
598353245,6,20,26
599207777,6,3,9
599441701,6,71,77
599772863,6,29,35
600036476,6,0,6
600179916,6,0,6
602508912,6,0,6
603143128,6,0,6
605462128,6,1,7
606235657,6,1,7
606826231,6,1,7
608511192,6,0,6
608902570,6,1,7
609712638,6,27,33
611389223,6,0,6
618277409,6,0,6
619341983,6,0,6
619557715,6,0,6
619614406,6,10,16
619762997,6,4,10
620689391,6,0,6
621019140,6,1,7
623990931,6,0,6
625800769,6,42,48
625875902,6,0,6
626804421,6,0,6
627784886,6,0,6
628850968,6,0,6
630249484,6,1,7
631341033,6,0,6
632321585,6,0,6
632392229,6,2,8
633190124,6,0,6
633525067,6,6,12
636665082,6,39,45
637229643,6,2,8
709195772,6,1,7
710144834,6,0,6
710604703,6,0,6
711387110,6,0,6
714754044,6,26,32
714929371,6,0,6
715039124,6,1,7
716673119,6,0,6
716823321,6,14,20
716948892,6,0,6
717337177,6,0,6
717692852,6,11,17
723160843,6,0,6
724215512,6,0,6
724656956,6,0,6
727859090,6,9,15
728295499,6,0,6
729698192,6,18,24
729981162,6,0,6
730611540,6,7,13
731810695,6,0,6
734353890,6,31,37
734604805,6,0,6
735062904,6,1,7
736949329,6,9,15
737696442,6,0,6
738637670,6,1,7
739203985,6,0,6
739555920,6,1,7
747289232,6,1,7
747636020,6,0,6
748523910,6,1,7
750322320,6,1,7
753035756,6,1,7
753512414,6,0,6
755835576,6,21,27
757520652,6,11,17
757952670,6,0,6
758222556,6,0,6
758920848,6,0,6
759581804,6,10,16
760368025,6,21,27
760395242,6,9,15
762435337,6,243,249
764208276,6,1,7
766077674,6,2,8
768577789,6,1,7
770540354,6,0,6
771873895,6,0,6
772371152,6,0,6
774951950,6,0,6
777023808,6,0,6
779104195,6,0,6
781565029,6,0,6
783833606,6,0,6
786293232,6,0,6
787535443,6,0,6
788111323,6,4,10
789014144,6,11,17
790717488,6,0,6
792613908,6,0,6
795355531,6,128,134
796941355,6,296,302
797104970,6,19,25
798058266,6,0,6
801141566,6,0,6
802694136,6,118,124
806575532,6,1,7
807516654,6,5,11
808156722,6,0,6
814031882,6,0,6
816635383,6,0,6
817142299,6,0,6
822692342,6,0,6
824200086,6,0,6
825827558,6,0,6
826072724,6,0,6
828056756,6,0,6
832016983,6,0,6
840475064,6,0,6
845384539,6,0,6
845962794,6,0,6
846044778,6,3,9
846444036,6,0,6
850061126,6,0,6
850268516,6,2,8
855753146,6,9,15
856823485,6,0,6
860736601,6,0,6
861098124,6,0,6
863669887,6,0,6
864725287,6,0,6
865427900,6,4,10
865650746,6,1,7
866839813,6,0,6
874555214,6,0,6
878656256,6,2,8
885613333,6,1,7
885696506,6,1,7
886051226,6,0,6
887644218,6,0,6
888064896,6,0,6
891657986,6,2,8
891714356,6,15,21
893630742,6,38,44
895271594,6,0,6
898775412,6,0,6
898815824,6,1,7
898865545,6,0,6
900414258,6,6,12
900740504,6,3,9
900840696,6,40,46
901655762,6,1,7
901683253,6,6,12
902092050,6,0,6
902142145,6,0,6
902372430,6,0,6
904638030,6,5,11
905247259,6,1,7
905530314,6,0,6
907186434,6,0,6
909556076,6,10,16
910580785,6,1,7
911093936,6,0,6
911286476,6,0,6
911713981,6,2,8
915673998,6,0,6
918496460,6,0,6
920442636,6,5,11
921590624,6,0,6
924282889,6,1,7
925572320,6,28,34
925619305,6,0,6
926679457,6,0,6
926772876,6,23,29
928409046,6,0,6
928475460,6,0,6
928660866,6,0,6
928940120,6,0,6
930496872,6,0,6
930526597,6,0,6
930683335,6,0,6
931233900,6,31,37
932686976,6,0,6
939743887,6,1,7
941534016,6,1,7
942028346,6,0,6
942309008,6,0,6
942752258,6,0,6
944643468,6,2,8
946667419,6,1,7
948991548,6,0,6
949310504,6,1,7
949821883,6,7,13
952921784,6,1,7
967251234,6,0,6
972587347,6,0,6
975853472,6,0,6
979621957,6,12,18
986177899,6,1,7
989875165,6,22,28
989929992,6,0,6
991393016,6,0,6
991644331,6,0,6
993358020,6,12,18
996525770,6,5,11
998393882,6,0,6
999491185,6,0,6
999538885,6,0,6
1002414229,6,0,6
1004731904,6,2,8
1006667388,6,0,6
1009466785,6,1,7
1015246340,6,0,6
1018585339,6,0,6
1023354336,6,0,6
1023642336,6,1,7
1027347769,6,2,8
1030930902,6,1,7
1031316560,6,0,6
1034501412,6,1,7
1040099791,6,0,6
1041600175,6,0,6
1041732343,6,20,26
1047898722,6,0,6
1054366652,6,0,6
1055579178,6,0,6
1056117212,6,0,6
1062233846,6,0,6
1064628865,6,0,6
1072392192,6,0,6
1075629500,6,0,6
1078697238,6,0,6
1083314810,6,1,7
1089601033,6,0,6
1090174435,6,0,6
1099478756,6,0,6
1103730762,6,3,9
1106883991,6,2,8
1110058202,6,0,6
1119429788,6,1,7
1120985490,6,0,6
1126608709,6,0,6
1127286020,6,0,6
1129058304,6,0,6
1129557265,6,0,6
1131819050,6,0,6
1144271820,6,1,7
1147212876,6,0,6
1148259380,6,0,6
1156527625,6,14,20
1166130295,6,0,6
1167375151,6,1,7
1170291918,6,6,12
1177987339,6,0,6
1195827348,6,1,7
1201760167,6,0,6
1202205522,6,0,6
1205470195,6,0,6
1210511564,6,0,6
1219498898,6,2,8
1222987830,6,0,6
1224996284,6,0,6
1228572775,6,2,8
1239742202,6,13,19
1239898224,6,0,6
1244322133,6,0,6
1246949840,6,1,7
1247496757,6,0,6
1252416469,6,0,6
1265452105,6,1,7
1266357942,6,39,45
1267395170,6,0,6
1268754530,6,24,30
1276123177,6,0,6
1276275312,6,1,7
1276309794,6,0,6
1283720186,6,2,8
1284860294,6,0,6
1288227674,6,0,6
1291354579,6,1,7
1299899750,6,0,6
1304501712,6,0,6
1310857411,6,0,6
1312958274,6,0,6
1318446541,6,0,6
1323863832,6,15,21
1325767098,6,0,6
1326053863,6,0,6
1327705046,6,0,6
1332630685,6,2,8
1333081194,6,1,7
1334108503,6,1,7
1334207406,6,0,6
1335713408,6,0,6
1336902607,6,3,9
1340865991,6,2,8
1342870128,6,2,8
1344752671,6,0,6
1358212878,6,0,6
1360961414,6,0,6
1363156836,6,0,6
1364981924,6,0,6
1375517737,6,0,6
1376613271,6,0,6
1378403880,6,0,6
1385837636,6,0,6
1387191012,6,0,6
1387683026,6,3,9
1389772741,6,0,6
1394969924,6,3,9
1395828162,6,1,7
1407446556,6,0,6
1408975717,6,2,8
1410853921,6,0,6
1411862690,6,0,6
1430508206,6,0,6
1431661122,6,2,8
1434306696,6,4,10
1442588970,6,0,6
1446263264,6,0,6
1460549084,6,1,7
1461689311,6,0,6
1461760566,6,0,6
1464295584,6,2,8
1467850530,6,0,6
1468249382,6,0,6
1468864394,6,1,7
1468917816,6,2,8
1470044659,6,0,6
1472456450,6,0,6
1482492223,6,18,24
1486377168,6,0,6
1488463021,6,0,6
1498640713,6,5,11
1498743002,6,5,11
1500550308,6,0,6
1515093056,6,0,6
1524695940,6,1,7
1526984635,6,1,7
1529973084,6,6,12
1531791140,6,0,6
1533813962,6,0,6
1536768582,6,0,6
1537157346,6,20,26
1537588752,6,0,6
1537630346,6,1,7
1539580423,6,0,6
1543986138,6,4,10
1544539963,6,0,6
1545522805,6,0,6
1546126922,6,12,18
1548710263,6,0,6
1551469970,6,3,9
1552341818,6,0,6
1555666399,6,3,9
1558318327,6,1,7
1565036593,6,0,6
1566023431,6,0,6
1567185704,6,0,6
1567203301,6,1,7
1571912246,6,0,6
1576033008,6,3,9
1582160215,6,1,7
1589798510,6,1,7
1592554544,6,0,6
1599205537,6,6,12
1613896986,6,0,6
1618007100,6,0,6
1619263548,6,0,6
1627900706,6,4,10
1631256884,6,0,6
1634818657,6,3,9
1635069721,6,0,6
1636604312,6,0,6
1638425646,6,1,7
1641588674,6,0,6
1642003248,6,0,6
1642573382,6,0,6
1647917587,6,6,12
1648474916,6,0,6
1649967228,6,0,6
1650685638,6,0,6
1651506721,6,5,11
1654448262,6,2,8
1658269064,6,0,6
1664161820,6,1,7
1665310692,6,1,7
1670178061,6,102,108
1670834845,6,5,11
1684930806,6,38,44
1689961290,6,0,6
1693763233,6,1,7
1694645616,6,1,7
1700280511,6,1,7
1706388121,6,0,6
1709724854,6,0,6
1714096207,6,1,7
1719473700,6,0,6
1720336338,6,2,8
1785583254,6,0,6
1791971563,6,1,7
1829870216,6,14,20
1852019588,6,1,7
1853824369,6,0,6
1856442618,6,0,6
1872188780,6,1,7
1876785278,6,2,8
1877099030,6,0,6
1877585209,6,0,6
1877857849,6,0,6
1884645062,6,12,18
1887900060,6,0,6
1894691802,6,0,6
1897601155,6,4,10
1909281625,6,12,18
1911467372,6,1,7
1911567206,6,0,6
1913372478,6,0,6
1916026836,6,0,6
1916364858,6,3,9
1917812846,6,0,6
1918038229,6,0,6
1919814066,6,1,7
1924395420,6,29,35
1932040447,6,5,11
1932806125,6,0,6
1933948897,6,0,6
1949272500,6,2,8
1950348194,6,0,6
1954384994,6,7,13
1955466594,6,0,6
1956835585,6,0,6
1961105264,6,1,7
1963571004,6,5,11
1965933740,6,0,6
1967379368,6,53,59
1967788530,6,0,6
1967914586,6,0,6
2149107976,6,1,7
2149153998,6,0,6
2150052311,6,0,6
2151410065,6,2,8
2152278216,6,0,6
2163418209,6,1,7
2166963492,6,4,10
2167157631,6,0,6
2169510360,6,78,84
2173292672,6,0,6
2175218486,6,1,7
2179363872,6,0,6
2182532997,6,0,6
2182858132,6,1,7
2185210448,6,0,6
2187354030,6,1,7
2189643565,6,0,6
2196111943,6,4,10
2200506820,6,1,7
2200572894,6,0,6
2200884719,6,4,10
2202375564,6,1,7
2203566064,6,185,191
2204384569,6,1,7
2206266908,6,0,6
2206563701,6,0,6
2208281420,6,12,18
2211693776,6,27,33
2213179477,6,7,13
2213831409,6,0,6
2216830115,6,0,6
2216984882,6,0,6
2219555863,6,0,6
2222462211,6,1,7
2222578706,6,2,8
2226235435,6,72,78
2227191120,6,0,6
2229190298,6,0,6
2233621027,6,0,6
2237673409,6,1,7
2238814035,6,0,6
2243206261,6,0,6
2247149538,6,2,8
2248458483,6,3,9
2251978568,6,2,8
2252319852,6,2,8
2254255724,6,0,6
2256790044,6,0,6
2258884546,6,1,7
2263393884,6,2,8
2268174518,6,0,6
2268236187,6,0,6
2269379234,6,0,6
2269441944,6,0,6
2269883470,6,0,6
2272683480,6,0,6
2274042164,6,0,6
2274338543,6,6,12
2274407522,6,9,15
2275945756,6,40,46
2281349545,6,21,27
2281437334,6,1,7
2282106170,6,41,47
2290155049,6,0,6
2295351494,6,0,6
2296175906,6,10,16
2296598455,6,3,9
2300590830,6,0,6
2300842615,6,1,7
2301675037,6,47,53
2301914060,6,0,6
2301960576,6,0,6
2304103602,6,0,6
2309332962,6,0,6
2312594982,6,0,6
2317414278,6,0,6
2317974127,6,1,7
2319327596,6,2,8
2319748070,6,3,9
2321036333,6,0,6
2329321424,6,1,7
2329648343,6,0,6
2329841324,6,0,6
2332702442,6,2,8
2334486278,6,2,8
2335317469,6,0,6
2335390160,6,0,6
2336787329,6,0,6
2338050279,6,2,8
2339839256,6,0,6
2341175103,6,0,6
2341933376,6,0,6
2345789830,6,1,7
2346246984,6,0,6
2346310159,6,0,6
2347741032,6,0,6
2347947612,6,0,6
2347965419,6,0,6
2348322908,6,0,6
2350730257,6,0,6
2351609104,6,0,6
2352548334,6,0,6
2353422722,6,1,7
2353941939,6,6,12
2355126086,6,0,6
2355382339,6,0,6
2358747872,6,0,6
2361760795,6,1,7
2361860382,6,1,7
2361888540,6,18,24
2368992930,6,3,9
2369021913,6,4,10
2370768564,6,15,21
2372286607,6,0,6
2387648143,6,17,23
2391352596,6,12,18
2393807136,6,0,6
2400644846,6,0,6
2400886622,6,0,6
2401968265,6,0,6
2419866354,6,12,18
2420324211,6,0,6
2420656170,6,0,6
2421972430,6,0,6
2422111178,6,1,7
2422125126,6,1,7
2427726696,6,2,8
2427953263,6,0,6
2429036059,6,0,6
2430330194,6,2,8
2430973628,6,0,6
2432454839,6,1,7
2433655718,6,0,6
2434600086,6,11,17
2437370095,6,0,6
2440511773,6,0,6
2440580797,6,14,20
2442045044,6,0,6
2442574612,6,1,7
2447772810,6,0,6
2456569426,6,0,6
2457223898,6,2,8
2458996693,6,0,6
2467178580,6,0,6
2468216375,6,0,6
2469550260,6,0,6
2474747160,6,1,7
2478193790,6,0,6
2481964400,6,0,6
2482693820,6,0,6
2485308468,6,1,7
2486762587,6,0,6
2490672000,6,0,6
2491864584,6,0,6
2502294525,6,0,6
2502542682,6,0,6
2509243145,6,0,6
2514210956,6,11,17
2514442243,6,0,6
2515594758,6,29,35
2515951295,6,0,6
2522512664,6,0,6
2523616676,6,0,6
2524091923,6,0,6
2533636562,6,1,7
2539258598,6,0,6
2539925887,6,0,6
2541569872,6,0,6
2543574572,6,25,31
2544205321,6,64,70
2544800678,6,0,6
2545174051,6,0,6
2546759760,6,0,6
2547156348,6,0,6
2549068434,6,0,6
2559496261,6,2,8
2559523923,6,0,6
2563863912,6,4,10
2569230886,6,0,6
2569947164,6,0,6
2570060318,6,0,6
2570615502,6,220,226
2574290133,6,0,6
2574712545,6,0,6
2580592259,6,0,6
2590932946,6,0,6
2592199134,6,0,6
2592762774,6,0,6
2593165068,6,0,6
2596659379,6,26,32
2602303142,6,0,6
2603485370,6,0,6
2603996441,6,0,6
2604128282,6,1,7
2605193871,6,1,7
2606735004,6,0,6
2607586452,6,0,6
2608456754,6,0,6
2610329598,6,0,6
2610619748,6,0,6
2622757593,6,0,6
2639269168,6,2,8
2653931780,6,0,6
2655563257,6,5,11
2658004757,6,6,12
2661937419,6,1,7
2662069604,6,2,8
2672094957,6,0,6
2678632959,6,0,6
2680232641,6,0,6
2684118603,6,1,7
2688894913,6,0,6
2691097135,6,0,6
2693752392,6,0,6
2693984118,6,24,30
2697449777,6,0,6
2701557642,6,0,6
2713887900,6,1,7
2715055093,6,2,8
2715761747,6,0,6
2717217889,6,0,6
2717560266,6,0,6
2718007343,6,3,9
2719999446,6,2,8
2723303783,6,0,6
2725543512,6,26,32
2725593262,6,1,7
2726451480,6,0,6
2727843714,6,1,7
2728302796,6,0,6
2730445832,6,14,20
2731795602,6,1,7
2736827885,6,1,7
2739650626,6,1,7
2740340985,6,4,10
2741557706,6,0,6
2746367374,6,0,6
2746826971,6,0,6
2747489104,6,1,7
2748355923,6,0,6
2748845459,6,0,6
2749871985,6,0,6
2750571935,6,0,6
2752301457,6,0,6
2752761323,6,0,6
2752920977,6,1,7
2764077387,6,1,7
2769637792,6,0,6
2771655953,6,0,6
2773101018,6,0,6
2773608767,6,0,6
2778206040,6,0,6
2780181786,6,2,8
2780434112,6,0,6
2782737901,6,0,6
2787027678,6,1,7
2789610352,6,16,22
2790018288,6,0,6
2792110739,6,2,8
2792781769,6,0,6
2793220776,6,0,6
2793474790,6,10,16
2794853696,6,0,6
2798446415,6,3,9
2799995538,6,0,6
2800689417,6,0,6
2802047430,6,2,8
2806325838,6,0,6
2806471434,6,0,6
2807991804,6,1,7
2808576672,6,0,6
2811639185,6,1,7
2811954737,6,15,21
2814404267,6,0,6
2814595145,6,1,7
2817884502,6,2,8
2817949958,6,0,6
2821983629,6,0,6
2823177157,6,1,7
2827888447,6,0,6
2828506917,6,1,7
2833497744,6,15,21
2840335338,6,0,6
2841297369,6,0,6
2842804909,6,0,6
2843817597,6,1,7
2844573921,6,0,6
2845717357,6,2,8
2849043154,6,1,7
2849163198,6,1,7
2849897735,6,23,29
2850249772,6,5,11
2853030743,6,0,6
2853430889,6,0,6
2857178954,6,0,6
2858724704,6,2,8
2859317265,6,0,6
2860477375,6,0,6
2860542634,6,0,6
2861795873,6,9,15
2861929061,6,1,7
2865846678,6,1,7
2866412582,6,0,6
2869946822,6,5,11
2871535756,6,0,6
2873095567,6,1,7
2875562541,6,0,6
2883060070,6,0,6
2883453823,6,2,8
2884860294,6,0,6
2885246959,6,0,6
2888734385,6,0,6
2892610399,6,0,6
2893140826,6,0,6
2893770195,6,0,6
2893780998,6,0,6
2898119709,6,0,6
2902857675,6,1,7
2903192644,6,1,7
2906323336,6,0,6
2906508725,6,0,6
2906569638,6,0,6
2907418647,6,9,15
2907650748,6,5,11
2908600727,6,0,6
2909510138,6,10,16
2909773529,6,3,9
2910267842,6,0,6
2911220703,6,0,6
2915648340,6,0,6
2915809346,6,0,6
2917831886,6,1,7
2918377221,6,0,6
2920223107,6,2,8
2922211624,6,0,6
2923178997,6,6,12
2923425040,6,0,6
2924355748,6,0,6
2926027855,6,0,6
2933777003,6,1,7
2935489123,6,14,20
2940057132,6,1,7
2941994695,6,0,6
2942364878,6,4,10
2943674225,6,0,6
2946703361,6,0,6
2946866490,6,0,6
2948808515,6,0,6
2948860150,6,0,6
2957835833,6,0,6
2958860565,6,1,7
2961485572,6,1,7
2964328726,6,0,6
2964388296,6,2,8
2967289672,6,5,11
2969933999,6,0,6
2975556735,6,0,6
2976475089,6,0,6
2977572178,6,0,6
2980449797,6,0,6
2981133503,6,11,17
2982418761,6,0,6
2982742091,6,1,7
2982956602,6,0,6
2984778913,6,8,14
2986469501,6,0,6
2987347424,6,16,22
2992460484,6,0,6
2992930081,6,0,6
2993768820,6,0,6
3001471726,6,19,25
3003766284,6,0,6
3006995828,6,0,6
3010454348,6,3,9
3014345457,6,0,6
3015301175,6,0,6
3015397143,6,0,6
3021716817,6,2,8
3023067674,6,3,9
3024439525,6,0,6
3027023392,6,0,6
3028792103,6,0,6
3030532401,6,12,18
3031618307,6,0,6
3033934347,6,0,6
3037995803,6,0,6
3038103838,6,0,6
3042522339,6,0,6
3043922585,6,3,9
3045868510,6,11,17
3047019251,6,0,6
3047377314,6,0,6
3050123116,6,0,6
3051885502,6,2,8
3053169798,6,0,6
3058568675,6,0,6
3062785050,6,2,8
3065673401,6,0,6
3068711873,6,1,7
3071949359,6,1,7
3078643051,6,0,6
3078899252,6,1,7
3080773259,6,0,6
3081602615,6,2,8
3086835320,6,0,6
3090520865,6,1,7
3092482606,6,2,8
3095652353,6,0,6
3098014216,6,0,6
3105255533,6,0,6
3118510458,6,2,8
3123386545,6,4,10
3129797122,6,6,12
3130178253,6,0,6
3139531509,6,0,6
3142450357,6,0,6
3150013791,6,3,9
3152005609,6,1,7
3152204459,6,10,16
3153026417,6,0,6
3156627536,6,0,6
3156794327,6,2,8
3160011031,6,0,6
3162905917,6,11,17
3163073695,6,30,36
3168022223,6,0,6
3171367358,6,2,8
3174081458,6,0,6
3174651608,6,1,7
3175655160,6,1,7
3177111698,6,0,6
3177200238,6,0,6
3178837447,6,0,6
3180931764,6,1,7
3183270631,6,0,6
3183394627,6,0,6
3187178471,6,2,8
3188819034,6,120,126
3188986308,6,0,6
3195162454,6,0,6
3195652508,6,0,6
3195664368,6,1,7
3199530581,6,0,6
3214119411,6,0,6
3220126472,6,0,6
3222509289,6,0,6
3226079689,6,9,15
3228642088,6,0,6
3229164488,6,0,6
3229974754,6,1,7
3230625147,6,0,6
3232119925,6,0,6
3233745299,6,0,6
3236246273,6,2,8
3237083651,6,2,8
3239301552,6,0,6
3242858980,6,0,6
3245332410,6,5,11
3247822606,6,1,7
3248771667,6,0,6
3250962678,6,1,7
3251261750,6,3,9
3264740856,6,0,6
3264933209,6,0,6
3265708936,6,0,6
3266623340,6,0,6
3268247754,6,1,7
3269763410,6,0,6
3271189789,6,1,7
3271288038,6,0,6
3277071451,6,0,6
3277398804,6,0,6
3277943642,6,0,6
3278514966,6,0,6
3279305533,6,0,6
3280018375,6,1,7
3280577304,6,0,6
3281706252,6,7,13
3282029941,6,0,6
3284714113,6,0,6
3287960948,6,0,6
3288948440,6,5,11
3290929670,6,0,6
3292871237,6,2,8
3293449789,6,0,6
3293676655,6,0,6
3296607575,6,0,6
3298777752,6,1,7
3300583213,6,0,6
3302910339,6,0,6
3302993621,6,27,33
3303230253,6,16,22
3303928256,6,2,8
3305603067,6,7,13
3307647904,6,1,7
3309255536,6,0,6
3310914240,6,0,6
3312569535,6,0,6
3312769033,6,0,6
3312838052,6,0,6
3318278309,6,16,22
3319984013,6,0,6
3321595266,6,1,7
3323368526,6,1,7
3329042850,6,0,6
3329528201,6,50,56
3332476162,6,0,6
3334746869,6,1,7
3338691058,6,0,6
3342000069,6,0,6
3342801004,6,0,6
3345604469,6,0,6
3345820529,6,0,6
3347578516,6,1,7
3347664635,6,0,6
3348359793,6,1,7
3352726210,6,1,7
3352895451,6,0,6
3354726423,6,1,7
3355226355,6,1,7
3356335570,6,0,6
3362524510,6,0,6
3363122593,6,0,6
3366086818,6,28,34
3366736813,6,2,8
3367990552,6,0,6
3369455091,6,2,8
3373189756,6,2,8
3381033879,6,0,6
3383433057,6,0,6
3383563042,6,0,6
3384299999,6,1,7
3385072940,6,14,20
3385421795,6,0,6
3386222439,6,0,6
3390156251,6,0,6
3393186119,6,5,11
3395896468,6,0,6
3395925914,6,10,16
3396384184,6,1,7
3403220014,6,1,7
3403278688,6,0,6
3403637675,6,0,6
3404763687,6,0,6
3407448557,6,0,6
3413756493,6,6,12
3419303860,6,0,6
3419905455,6,0,6
3421836079,6,0,6
3425973819,6,2,8
3427024005,6,16,22
3436806639,6,0,6
3439208146,6,0,6
3451874963,6,0,6
3453167958,6,2,8
3456496461,6,4,10
3458047347,6,3,9
3462325998,6,0,6
3505273155,6,0,6
3526654415,6,1,7
3533005402,6,0,6
3540699975,6,3,9
3560538673,6,1,7
3570042688,6,1,7
3577891403,6,5,11
3579072494,6,102,108
3589273343,6,17,23
3600025339,6,14,20
3600166212,6,1,7
3600186434,6,0,6
3607694357,6,0,6
3613303155,6,3,9
3621132739,6,2,8
3624243983,6,0,6
3628713853,6,3,9
3631356505,6,3,9
3633859037,6,0,6
3635081661,6,1,7
3658783581,6,0,6
3701202916,6,0,6
3721333572,6,0,6
3731797275,6,0,6
3734138669,6,0,6
3748558700,6,0,6
3750404056,6,0,6
3751762114,6,0,6
3766320201,6,0,6
3798322521,6,0,6
3799413139,6,0,6
3810030262,6,0,6
3810162556,6,5,11
3832888097,6,0,6
3837213803,6,22,28
3853589176,6,22,28
3861362835,6,2,8
3872810181,6,0,6
3873123921,6,0,6
3873336673,6,0,6
3874595259,6,0,6
3882360921,6,1,7
3904793883,6,0,6
3908374465,6,36,42
3915569292,6,0,6
3938091820,6,0,6
3940705815,6,0,6
3951927013,6,2,8
3954973528,6,0,6
3955414095,6,0,6
3963771312,6,2,8
3972294200,6,6,12
3976979247,6,0,6
3983770612,6,1,7
3988971406,6,0,6
3990269482,6,1,7
4004296527,6,0,6
4005235994,6,1,7
4015452852,6,2,8
4046915963,6,0,6
4048813457,6,0,6
4052087114,6,2,8
4067046014,6,1,7
4082352678,6,1,7
4093165396,6,0,6
4105412113,6,0,6
4118709323,6,0,6
4159919427,6,0,6
4166304760,6,0,6
4171690677,6,0,6
4171810933,6,0,6
4172444247,6,1,7
4173562714,6,1,7
4179233415,6,0,6
4180181052,6,0,6
4180919812,6,0,6
4184419215,6,0,6
4184940132,6,1,7
4193801125,6,1,7
4198980977,6,0,6
4205841794,6,6,12
4220026973,6,0,6
4222140477,6,0,6
4226879500,6,0,6
4228422492,6,4,10
4229118554,6,0,6
4229660715,6,1,7
4230528254,6,0,6
4237016112,6,0,6
4239697066,6,0,6
4252187848,6,0,6
4252947858,6,0,6
4256831673,6,0,6
4268916380,6,0,6
4277241133,6,314,320
4294545552,6,0,6
4299250767,6,0,6
4304564413,6,0,6
4315474452,6,0,6
4318444874,6,0,6
4324048948,6,0,6
4324269013,6,2,8
4328961073,6,0,6
4354555101,6,0,6
4394113899,6,0,6
4396313600,6,0,6
4416257758,6,0,6
4418190921,6,1,7
4421738609,6,0,6
4427223677,6,2,8
4430457855,6,0,6
4442866226,6,0,6
4453044802,6,11,17
4455098849,6,1,7
4455438072,6,2,8
4469765237,6,0,6
4489808414,6,4,10
4496195054,6,0,6
4496838508,6,0,6
4515203596,6,6,12
4529062287,6,0,6
4543301420,6,0,6
4548710364,6,0,6
4553054593,6,1,7
4556005341,6,0,6
4583225809,6,0,6
4591535002,6,0,6
4614058513,6,2,8
4614621672,6,1,7
4622311187,6,0,6
4632482533,6,0,6
4658962601,6,1,7
4680356952,6,0,6
4684758210,6,0,6
4704747805,6,0,6
4710392767,6,1,7
4717984174,6,0,6
4720783632,6,0,6
4727844033,6,0,6
4734063242,6,0,6
4735131140,6,0,6
4737713356,6,0,6
4743134479,6,0,6
4744161374,6,0,6
4760654648,6,13,19
4765594587,6,1,7
4767084983,6,1,7
4772197752,6,85,91
4773065089,6,0,6
4780173373,6,0,6
4787208975,6,140,146
4795998913,6,0,6
4800723796,6,54,60
4804330706,6,22,28
4807198299,6,1,7
4809731067,6,8,14
4815061605,6,0,6
4818899489,6,0,6
4819731335,6,4,10
4831896993,6,0,6
4833856468,6,0,6
4835999877,6,0,6
4837776799,6,0,6
4844837774,6,0,6
4847520065,6,25,31
4849849007,6,0,6
4851869736,6,0,6
4851907624,6,1,7
4855037733,6,0,6
4855988037,6,0,6
4856258113,6,2,8
4861610124,6,0,6
4864866886,6,0,6
4870475828,6,6,12
4871896544,6,42,48
4874596702,6,1,7
4879381395,6,0,6
4881021155,6,0,6
4883821228,6,0,6
4885628973,6,6,12
4888970483,6,0,6
4890634284,6,0,6
4893752842,6,1,7
4896755473,6,1,7
4898848743,6,0,6
4899236663,6,0,6
4902118833,6,0,6
4903606601,6,1,7
4906083997,6,0,6
4912871121,6,0,6
4913861474,6,1,7
4919049318,6,0,6
4920757625,6,0,6
4922183532,6,1,7
696577368991866880,6,1,7
696887588083249152,6,0,6
700512482318635009,6,162,168
700517363624509440,6,0,6
700730652539297792,6,6,12
701580087221624833,6,6,12
701804482129215489,6,71,77
701861214272385025,6,0,6
702208439137644544,6,1,7
702338230763409408,6,0,6
702417956609904641,6,0,6
702553385996828672,6,0,6
702641876294209536,6,0,6
702650925333151744,6,0,6
702770569582870528,6,1,7
702853634921463810,6,0,6
703230541126983680,6,0,6
703250437294596096,6,0,6
703266084456108032,6,0,6
703279209112805376,6,1,7
703307280528183296,6,13,19
703595198337527808,6,1,7
703720973292445696,6,0,6
703763368138534912,6,0,6
703777631359995904,6,0,6
704692806346891264,6,0,6
704799908474331138,6,22,28
705155341462339585,6,4,10
705169270150397952,6,8,14
705224887212834816,6,0,6
705388268737564672,6,0,6
705425749503832065,6,0,6
705549135831801856,6,0,6
705551647074869248,6,0,6
705638113767354368,6,2,8
705741855124758528,6,5,11
705772401615904768,6,2,8
705865433266704385,6,0,6
705914860882628608,6,0,6
706029393995386880,6,0,6
706353310350102528,6,0,6
706493178120163328,6,2,8
706518017686028288,6,0,6
706595940401061888,6,0,6
706596763193495556,6,0,6
706649473418526720,6,0,6
707035600474341376,6,0,6
707190456896122880,6,0,6
707366631316578304,6,2,8
707432781492699137,6,3,9
707501340805562368,6,0,6
707753739835211776,6,0,6
707761449377140737,6,1,7
707928103507599360,6,0,6
708319859160043521,6,0,6
708777357377675264,6,3,9
708858354647433216,6,13,19
709110527969067008,6,0,6
709146859671916544,6,1,7
709221642761711616,6,0,6
709318712793235456,6,1,7
709381023939756032,6,4,10
709550382599561216,6,0,6
709753008792276992,6,0,6
710046374562304000,6,0,6
710117758650941441,6,1,7
710162196706136064,6,18,24
710168142732005377,6,1,7
710323718845820928,6,0,6
711188208810201088,6,1,7
711205115709882368,6,0,6
711253377699549184,6,2,8
711276727599665153,6,1,7
711294538174824448,6,1,7
711623702853656576,6,0,6
712077243787436039,6,0,6
712333405380186112,6,0,6
712345301324009472,6,4,10
712357110785425409,6,0,6
712362094390280193,6,0,6
712493480132612096,6,1,7
712653129876160512,6,0,6
712660902202511360,6,0,6
712816078758371328,6,0,6
712819518196715520,6,0,6
712819597834121216,6,0,6
712829004315824128,6,0,6
712851745072877568,6,0,6
712923137957085184,6,3,9
713181064123006976,6,0,6
713389618176135168,6,0,6
713418179117064192,6,0,6
713516406193713157,6,0,6
713527697142472704,6,0,6
713555902385795073,6,7,13
713588235943825409,6,0,6
713755837928439810,6,1,7
713795788653010944,6,0,6
713849265030897664,6,0,6
714470540740722688,6,0,6
714499463331467264,6,6,12
714618275439575040,6,0,6
714937942662377472,6,0,6
715227584821235712,6,0,6
715266052188467200,6,7,13
715292910514647040,6,1,7
715583660410454016,6,1,7
715611056668737536,6,7,13
716306981783515136,6,0,6
716399918559014913,6,0,6
716496860584808449,6,3,9
716561638774562816,6,0,6
716657485537484802,6,0,6
717104037561286657,6,0,6
717229113132642304,6,0,6
717755666908098560,6,0,6
717761744698011648,6,0,6
717844027828264961,6,0,6
717846328169005057,6,0,6
718237444768952324,6,2,8
718239605892497408,6,17,23
718321945683574784,6,0,6
718399208227762177,6,0,6
718818204508884992,6,0,6
718941098920538112,6,0,6
718978155327803392,6,0,6
719180634082648065,6,1,7
719253138864214016,6,0,6
719491171660275712,6,0,6
719561831036108800,6,0,6
719774374581137408,6,0,6
719941638995513345,6,0,6
720734789976924161,6,0,6
720750412488437760,6,0,6
720773694755311616,6,13,19
720939727407443968,6,1,7
721174707232509953,6,0,6
721388491406516224,6,13,19
721530834877050880,6,0,6
721917346005131265,6,0,6
722504292263964673,6,2,8
722922008812593152,6,0,6
723083893180506115,6,1,7
723232173067776000,6,0,6
723462020276752385,6,0,6
723507918901891072,6,1,7
725084393488801792,6,0,6
725163695366623232,6,12,18
725347725835902976,6,2,8
726178285529403392,6,1,7
726685916090126336,6,0,6
726883209158492160,6,0,6
727252059855036416,6,0,6
727642602934276096,6,2,8
728331213870530560,6,1,7
728570711124680704,6,1,7
728667927776464896,6,364,370
728983361553874944,6,0,6
729052599853436928,6,0,6
729201848364584960,6,0,6
729681031377342464,6,4,10
729776706995638273,6,0,6
729845288450596864,6,25,31
730004800042045440,6,27,33
730078012088016896,6,0,6
730143012844613637,6,0,6
730149280334413824,6,1,7
730525113075019776,6,0,6
731115950632796161,6,0,6
731152110398504961,6,0,6
731157532962521088,6,0,6
731233494249005056,6,0,6
731846368302649344,6,0,6
731958909745778688,6,3,9
732079855731277824,6,10,16
732364729239384064,6,0,6
732429253610872832,6,0,6
732445833682018304,6,0,6
732557879207682048,6,1,7
732932496707358722,6,0,6
733113815160737793,6,0,6
733803995546931200,6,1,7
734244603927220224,6,12,18
734327745057042432,6,0,6
734434540211425280,6,0,6
735652417790955520,6,0,6
735792510958600192,6,0,6
735835863737847809,6,0,6
735925470609309697,6,0,6
735932002826891264,6,0,6
736008144648851456,6,1,7
736328343637745664,6,0,6
736353482026811392,6,0,6
736903882991886336,6,0,6
737121100144992256,6,0,6
737985218418778112,6,1,7
738083169656786944,6,0,6
738453133815226368,6,2,8
738509928634146816,6,1,7
738735186276421636,6,0,6
739454124597641217,6,1,7
740321519767801857,6,0,6
740534191079731200,6,0,6
740700655833079809,6,0,6
740710543569354752,6,1,7
740781523784339457,6,0,6
740924229596663808,6,0,6
740972288657346560,6,0,6
741058941765881856,6,0,6
741123851229233153,6,4,10
741295260081360896,6,0,6
741931511260139520,6,1,7
742031902165602305,6,0,6
742100537919823872,6,0,6
742187317478072320,6,0,6
742202250987065344,6,0,6
742211209122983938,6,0,6
742234414415892480,6,0,6
742377618264227841,6,1,7
742379063726112768,6,1,7
742419611350507521,6,0,6
742541189946036225,6,2,8
743034196638105600,6,0,6
743055723756720128,6,0,6
743058397352722437,6,0,6
743139477351243776,6,0,6
743438756644937728,6,0,6
743496829854113792,6,0,6
743504601484230656,6,1,7
743552367753322498,6,0,6
743841392682643456,6,6,12
743935215467397120,6,0,6
744189805584613377,6,1,7
744277663896866816,6,0,6
744331216464265216,6,10,16
744906041700265984,6,0,6
745093221878013956,6,2,8
745130556568961025,6,0,6
745146545008316422,6,0,6
745240012048957440,6,0,6
745349587582357505,6,2,8
745397185248788480,6,60,66
745447748367843328,6,0,6
745970453030678529,6,39,45
745977486387851264,6,1,7
746076793229164544,6,0,6
746167370939531264,6,5,11
746287437299724293,6,0,6
746412932360208384,6,3,9
746624787418517509,6,4,10
746743879823659008,6,0,6
746758262553452544,6,0,6
747243487540748288,6,5,11
747599352558821376,6,24,30
747615213675941892,6,0,6
747872148644040704,6,8,14
747954221388042241,6,2,8
748286947303501825,6,0,6
749486756584620032,6,1,7
749492492895002624,6,0,6
749704108941074432,6,1,7
749757283094200320,6,0,6
749844190197063680,6,0,6
749847982401396736,6,6,12
750311445749960704,6,0,6
750327895063535620,6,1,7
750371032381345792,6,8,14
750583182391709696,6,2,8
750670792040390656,6,0,6
750776013307547649,6,1,7
751165070957240320,6,0,6
751302824634490884,6,0,6
751603957881970688,6,0,6
751849336120733697,6,1,7
752140178253316096,6,0,6
752260391896551424,6,0,6
752263245948395520,6,0,6
752324362624180224,6,22,28
752346511493701632,6,1,7
752410729630691328,6,0,6
752647732213452800,6,0,6
752809450336034816,6,0,6
752940452551266304,6,0,6
752966595899695104,6,0,6
753027750961774592,6,0,6
753029786793115648,6,0,6
753097999878873088,6,15,21
753339295574798337,6,0,6
753646602473107456,6,0,6
753728513161752577,6,0,6
753897803114577921,6,0,6
753919262289432576,6,0,6
753951136390930432,6,3,9
754006277001478145,6,0,6
754030990226558976,6,0,6
754208714010267648,6,0,6
754265192272240641,6,2,8
754613880584798208,6,0,6
754638668191653888,6,0,6
754713198763401216,6,1,7
754782329743302661,6,0,6
755042148584751108,6,0,6
755159585971896320,6,2,8
755188865460113408,6,1,7
755262191415201792,6,0,6
755600229467037698,6,0,6
755604405072846848,6,0,6
755955698379481088,6,0,6
756273524180865024,6,0,6
756456237089320960,6,0,6
756497285794656256,6,3,9
756658759288680448,6,2,8
757242639632695296,6,0,6
757251991026307074,6,6,12
757404108450070529,6,0,6
757568840104497152,6,1,7
757607609776177152,6,1,7
757653626563198976,6,0,6
757798942641754112,6,0,6
758123352171085824,6,1,7
758312805216948224,6,0,6
758330110172737536,6,2,8
758346952643936256,6,0,6
758361693877665792,6,187,193
758499748437340160,6,0,6
758594899872780288,6,0,6
758710815495106560,6,0,6
758747594549964801,6,3,9
758834999877435392,6,0,6
759072499388784640,6,3,9
759139559569514497,6,0,6
759257609434202112,6,2,8
759460694811086849,6,0,6
759785550933008384,6,1,7
759829320600657920,6,0,6
759943171119861760,6,3,9
759943294478585856,6,1,7
760055789792800768,6,1,7
760216549206679552,6,0,6
760219089667100672,6,0,6
760268201997508608,6,1,7
760290102715248640,6,0,6
760533535182712832,6,0,6
760858636545626112,6,0,6
760936554529378304,6,0,6
761063992462749696,6,0,6
761080124460576768,6,0,6
761175581883002880,6,0,6
761209885925208065,6,0,6
761246649687478272,6,0,6
761251504493854721,6,0,6
761405381184598017,6,6,12
761409595906588673,6,0,6
761618247431118848,6,0,6
761653200411701248,6,1,7
761670758066163712,6,0,6
762113410746253312,6,1,7
762114908360093696,6,0,6
762370036149268480,6,0,6
762422627881275398,6,0,6
762758328300736516,6,0,6
762807727974416384,6,1,7
763028602707320833,6,0,6
763159168035401728,6,0,6
763411220804280321,6,1,7
763551323203641344,6,0,6
763880464725577728,6,0,6
763890338981220352,6,0,6
764253707466842113,6,2,8
764561893096730624,6,2,8
764630527772995584,6,0,6
764653007376048128,6,2,8
764709177453322240,6,0,6
764845383319158786,6,0,6
764854399927783424,6,14,20
764955901807779841,6,0,6
764967700003033089,6,0,6
765224524765954049,6,0,6
765524363533627392,6,0,6
765580272284766209,6,1,7
766017103916916736,6,4,10
766034793859575808,6,2,8
766258793537802241,6,0,6
766293363909943296,6,3,9
766320797791256577,6,0,6
766363878188023809,6,0,6
766370199633326081,6,0,6
766399065277988864,6,1,7
766417718476234753,6,3,9
766724076744290305,6,0,6
767434337851695104,6,1,7
767462597339807744,6,0,6
767744323773353984,6,0,6
767890255206809600,6,0,6
767902576897503232,6,4,10
768158964559310848,6,0,6
768221477732814850,6,0,6
768682170684628992,6,0,6
769332549793570816,6,1,7
769583657996591105,6,0,6
769652343382151168,6,29,35
769713438398439424,6,2,8
769952667292487680,6,0,6
770001851114807297,6,0,6
771120650647994368,6,0,6
771167808503767041,6,1,7
771396889736380416,6,0,6
771842490781532161,6,0,6
772017763279704064,6,0,6
772021109248004096,6,0,6
772074615866691584,6,0,6
772112263788453888,6,0,6
772238136894193665,6,0,6
772462698713886720,6,0,6
772688809679093760,6,0,6
772794598989103104,6,0,6
772916652040187904,6,0,6
773059736954601472,6,0,6
773079186588176384,6,0,6
773299556989534208,6,0,6
773577626950758400,6,3,9
773723639996878848,6,0,6
774081871424679936,6,7,13
774230482796044288,6,0,6
774493451614380032,6,1,7
774672876389531648,6,0,6
774762127714201601,6,12,18
775417828161810434,6,0,6
775574552080375815,6,1,7
775837383744954368,6,0,6
776086639751884800,6,0,6
776798619181645824,6,0,6
776817956265209857,6,0,6
776865331851649024,6,1,7
776902289885892609,6,0,6
776959799871303681,6,5,11
777380221750173697,6,0,6
777387989483843584,6,0,6
777654633481273344,6,0,6
777731611806863360,6,1,7
778064456009912320,6,3,9
778291062129303553,6,2,8
778334206145376256,6,11,17
778403918355177472,6,0,6
779079920395902976,6,0,6
779132899874508800,6,0,6
779160240474451969,6,0,6
779224811834703872,6,3,9
779719201162424320,6,0,6
780177172610838529,6,0,6
780297554911195136,6,0,6
780312548885147650,6,0,6
780521608515420160,6,2,8
780582735651811330,6,1,7
780593867783409664,6,0,6
780785387048284161,6,0,6
781213210108104704,6,0,6
781295880532000768,6,0,6
782256040243060736,6,0,6
782329798756622336,6,1,7
782347556537901056,6,0,6
782500383059021824,6,1,7
783106596721324032,6,1,7
783231864639193088,6,2,8
783530873354391552,6,0,6
784154967967838208,6,1,7
784684600316616704,6,0,6
784765635763068928,6,0,6
784789069976915973,6,0,6
784912978978168832,6,1,7
784970053527670784,6,0,6
784970420260700167,6,0,6
784987221644419072,6,0,6
785153624045486082,6,0,6
785195916927967232,6,1,7
785239947116589057,6,0,6
785288949879242753,6,12,18
785293429391654912,6,0,6
785329610129047553,6,0,6
785565388893368321,6,0,6
785567199901605889,6,0,6
785617160936812544,6,0,6
785656992295682048,6,1,7
785657615623737344,6,0,6
785666425096577024,6,0,6
785668128328024064,6,2,8
785879794932211713,6,1,7
785955017412911104,6,0,6
786199867546894336,6,0,6
786369397975724032,6,0,6
786379286756196352,6,0,6
786392642145792001,6,4,10
786435426273734656,6,0,6
786460844980703232,6,1,7
786589533043163136,6,0,6
786644626501427200,6,0,6
786793654111248384,6,0,6
786808445982740481,6,3,9
786809257186385920,6,0,6
786905800946098176,6,0,6
786982781511282688,6,0,6
787102201441165312,6,0,6
787657035831730176,6,0,6
787743763682689024,6,0,6
787760918448922625,6,0,6
787789202465312768,6,0,6
788060651616890884,6,0,6
788090433746460672,6,0,6
788107374473121792,6,1,7
788229524232122368,6,0,6
788550189405446144,6,0,6
788582685581021184,6,1,7
788750155709353984,6,0,6
788792685356253185,6,0,6
788801644775378944,6,2,8
788844820542349312,6,0,6
788873581010624512,6,1,7
789143874665013248,6,0,6
789263023357718528,6,0,6
789297064702201856,6,0,6
789479766780809216,6,0,6
789590358086778880,6,0,6
789615667917959168,6,0,6
789786183945555968,6,0,6
790003634947887104,6,0,6
790166850973732865,6,0,6
790227577231249408,6,0,6
790287260205867009,6,1,7
790382193381998593,6,0,6
790410773960888320,6,4,10
790438522326949888,6,0,6
790629590473576452,6,0,6
790676320388845568,6,0,6
790779761521856514,6,7,13
791111967050051584,6,0,6
791112479560433664,6,0,6
792066907990007808,6,0,6
792079142292336640,6,0,6
792186337533255680,6,0,6
792336774831935488,6,1,7
792452281769791488,6,0,6
793028836149567488,6,0,6
793067117813854209,6,4,10
793247907377840128,6,2,8
793317389467201538,6,0,6
793390350568075264,6,0,6
793483985133285376,6,0,6
793683016015110144,6,0,6
793998321283190784,6,0,6
794201478181298176,6,0,6
794348153365479429,6,0,6
794560719740092416,6,0,6
794770372465926144,6,0,6
794933576550805504,6,1,7
795087262866427905,6,0,6
795100905968386048,6,0,6
795712834969759744,6,0,6
796198687882039296,6,0,6
796221396041007105,6,0,6
796859943404138496,6,2,8
796891030155051009,6,1,7
796971173506666497,6,0,6
797067853878927360,6,0,6
797205166718119936,6,7,13
798086349316378624,6,1,7
798541811719409665,6,0,6
799309138555785216,6,0,6
800135343953428480,6,0,6
800375946775707653,6,1,7
800858436992790529,6,0,6
801459887377158145,6,1,7
804261682650419200,6,0,6
808156630286147585,6,3,9
1497,5,5,10
1134681,5,5,10
2521221,5,3,8
4207021,5,0,5
5415352,5,23,28
6839062,5,0,5
6945382,5,7,12
7076492,5,10,15
7435562,5,11,16
8444802,5,2,7
8548612,5,7,12
9521212,5,1,6
9853222,5,0,5
9945242,5,0,5
11016142,5,1,6
11040582,5,0,5
11640472,5,15,20
11757502,5,0,5
11966392,5,28,33
12134692,5,6,11
13078622,5,0,5
13142222,5,6,11
13175582,5,4,9
13893582,5,9,14
14081995,5,5,10
14109618,5,0,5
14184870,5,4,9
14270422,5,142,147
14272963,5,4,9
14323460,5,0,5
14337045,5,0,5
14346354,5,5,10
14434227,5,0,5
14471533,5,2,7
14479480,5,0,5
14482615,5,3,8
14532794,5,3,8
14548505,5,0,5
14577046,5,9,14
14609435,5,70,75
14619600,5,2,7
14626369,5,2,7
14677769,5,1,6
14723693,5,53,58
14758114,5,2,7
14777796,5,1,6
14783447,5,53,58
14802013,5,25,30
14883106,5,13,18
14883935,5,1,6
14925585,5,1,6
15119468,5,1,6
15129030,5,89,94
15145711,5,10,15
15192652,5,29,34
15291566,5,2,7
15355439,5,0,5
15363087,5,0,5
15363272,5,1,6
15371083,5,1,6
15394768,5,11,16
15410586,5,0,5
15447275,5,53,58
15463297,5,3,8
15480644,5,0,5
15552221,5,1,6
15567938,5,0,5
15632889,5,0,5
15650210,5,32,37
15693190,5,11,16
15703283,5,0,5
15772453,5,0,5
15800697,5,0,5
15816098,5,5,10
15869252,5,3,8
15871160,5,1,6
15969593,5,1,6
16043254,5,34,39
16060992,5,9,14
16088522,5,0,5
16106833,5,12,17
16148047,5,1,6
16179166,5,10,15
16188661,5,0,5
16222518,5,0,5
16269068,5,0,5
16273867,5,0,5
16280091,5,4,9
16340686,5,2,7
16381360,5,1,6
16384315,5,0,5
16423356,5,1,6
16467600,5,19,24
16474075,5,0,5
16502238,5,10,15
16547438,5,0,5
16558376,5,0,5
16575660,5,0,5
16606149,5,2,7
16641721,5,6,11
16653786,5,0,5
16671425,5,28,33
16721461,5,5,10
16744359,5,2,7
16773462,5,2,7
16798604,5,7,12
16911584,5,31,36
16946921,5,3,8
16974256,5,0,5
16985304,5,5,10
17060573,5,7,12
17162143,5,6,11
17202594,5,1,6
17230720,5,1,6
17239982,5,17,22
17247981,5,41,46
17263579,5,1,6
17322959,5,0,5
17346357,5,27,32
17375281,5,4,9
17467974,5,1,6
17525507,5,0,5
17562775,5,7,12
17643222,5,0,5
17659810,5,1,6
17687436,5,11,16
17728463,5,1,6
17825986,5,0,5
17851253,5,0,5
17887403,5,1,6
17924514,5,0,5
18036062,5,0,5
18071890,5,0,5
18083420,5,14,19
18088278,5,0,5
18186763,5,5,10
18190205,5,0,5
18219999,5,0,5
18284815,5,0,5
18367673,5,0,5
18373968,5,0,5
18401402,5,1,6
18423683,5,0,5
18456540,5,0,5
18458833,5,3,8
18478178,5,3,8
18486002,5,1,6
18509967,5,52,57
18576176,5,0,5
18583055,5,3,8
18666183,5,24,29
18732388,5,0,5
18793526,5,0,5
18799199,5,0,5
18834437,5,0,5
18880001,5,6,11
18926843,5,0,5
18937417,5,1,6
19024627,5,36,41
19030740,5,72,77
19114497,5,0,5
19166900,5,0,5
19222710,5,0,5
19262912,5,63,68
19286059,5,0,5
19298243,5,4,9
19340122,5,0,5
19377975,5,0,5
19382355,5,2,7
19439876,5,0,5
19468855,5,0,5
19476729,5,6,11
19483418,5,5,10
19509421,5,1,6
19545064,5,1,6
19577412,5,3,8
19590168,5,34,39
19730399,5,0,5
19831904,5,0,5
19847005,5,4,9
19877981,5,0,5
19884929,5,0,5
19890723,5,0,5
19990029,5,0,5
19994885,5,0,5
20018864,5,0,5
20086045,5,22,27
20106786,5,1,6
20285516,5,0,5
20295763,5,9,14
20334177,5,0,5
20389813,5,0,5
20420845,5,1,6
20434339,5,0,5
20505077,5,1,6
20599400,5,1,6
20628901,5,0,5
20646194,5,0,5
20662800,5,0,5
20725994,5,10,15
20787511,5,0,5
20820872,5,0,5
20960767,5,23,28
21013815,5,0,5
21030079,5,44,49
21056672,5,0,5
21158121,5,1,6
21230863,5,1,6
21243717,5,0,5
21253826,5,0,5
21268897,5,16,21
21348880,5,1,6
21395133,5,3,8
21428246,5,2,7
21429720,5,5,10
21517028,5,11,16
21565433,5,0,5
21609902,5,2,7
21612122,5,4,9
21696279,5,4,9
21707139,5,165,170
21714521,5,106,111
21758352,5,1,6
21779767,5,0,5
21785894,5,0,5
21827845,5,0,5
21914871,5,2,7
21955533,5,9,14
22034930,5,0,5
22035582,5,22,27
22037443,5,3,8
22171709,5,0,5
22179538,5,0,5
22221695,5,53,58
22225610,5,77,82
22278349,5,37,42
22296030,5,0,5
22360417,5,0,5
22375719,5,3,8
22519817,5,31,36
22589446,5,0,5
22678304,5,1,6
22688529,5,3,8
22705693,5,1,6
22739251,5,0,5
22762912,5,0,5
22807017,5,21,26
22832334,5,0,5
22855302,5,0,5
22866024,5,0,5
22906046,5,1,6
22973287,5,3,8
23027143,5,0,5
23125412,5,21,26
23154591,5,4,9
23219652,5,0,5
23342386,5,0,5
23516267,5,12,17
23546241,5,0,5
23553691,5,0,5
23692955,5,13,18
23870073,5,2,7
24053009,5,0,5
24079633,5,0,5
24233313,5,0,5
24253326,5,0,5
24452901,5,5,10
24545546,5,0,5
24595339,5,0,5
24613245,5,2,7
24641878,5,2,7
24648688,5,0,5
24677023,5,3,8
24712487,5,5,10
24753073,5,20,25
24805615,5,0,5
24815916,5,2,7
24822993,5,0,5
24833245,5,8,13
24908953,5,11,16
25321696,5,12,17
25375836,5,0,5
25562346,5,0,5
25613935,5,0,5
25727484,5,0,5
25761955,5,1,6
25789147,5,0,5
25810332,5,0,5
25811025,5,1,6
25899706,5,0,5
25912403,5,7,12
25940038,5,0,5
26033003,5,0,5
26119600,5,0,5
26134837,5,0,5
26229408,5,2,7
26284165,5,17,22
26370513,5,10,15
26391062,5,0,5
26558023,5,14,19
26560154,5,0,5
26564529,5,21,26
26623864,5,3,8
26652909,5,8,13
26700999,5,0,5
26827737,5,0,5
26914870,5,21,26
27069877,5,0,5
27166287,5,0,5
27186807,5,0,5
27227364,5,1,6
27266633,5,0,5
27284573,5,0,5
27446191,5,66,71
27460453,5,0,5
27637840,5,0,5
27663879,5,0,5
27730585,5,0,5
27799202,5,1,6
27867571,5,17,22
28251621,5,0,5
28292289,5,0,5
28309354,5,0,5
28310015,5,1,6
28344291,5,1,6
28607414,5,0,5
28741614,5,2,7
28767228,5,0,5
28878387,5,2,7
28882005,5,5,10
28939533,5,1,6
28993587,5,8,13
29019009,5,2,7
29090846,5,6,11
29115212,5,0,5
29205828,5,1,6
29209753,5,2,7
29222187,5,115,120
29384094,5,0,5
29430056,5,5,10
29659976,5,0,5
29975265,5,0,5
30188972,5,0,5
30275326,5,9,14
30318790,5,0,5
30447319,5,0,5
30495490,5,0,5
30512862,5,0,5
30613577,5,16,21
30681173,5,4,9
30742952,5,0,5
30775888,5,0,5
30907264,5,0,5
30947588,5,6,11
31020455,5,0,5
31133502,5,0,5
31151295,5,0,5
31265183,5,0,5
31448867,5,0,5
31642877,5,0,5
32194167,5,46,51
32280889,5,1,6
32293883,5,0,5
32362515,5,2,7
32440998,5,0,5
32441255,5,0,5
32593068,5,1,6
32704177,5,28,33
32748656,5,0,5
32818744,5,0,5
32919802,5,10,15
32929848,5,16,21
32943130,5,0,5
32974518,5,1,6
32991235,5,0,5
33514012,5,36,41
33595209,5,0,5
33617326,5,0,5
33677698,5,0,5
33782199,5,0,5
33800351,5,0,5
33805009,5,2,7
34291716,5,1,6
34349031,5,4,9
34390797,5,0,5
34434907,5,6,11
34973095,5,0,5
34987197,5,2,7
35074182,5,0,5
35111716,5,0,5
35223901,5,1,6
35276709,5,0,5
35373511,5,0,5
35404023,5,0,5
35461411,5,0,5
35517356,5,0,5
35595819,5,0,5
35622166,5,5,10
35706221,5,1,6
35761681,5,5,10
35768314,5,2,7
35839119,5,14,19
35848766,5,1,6
36054492,5,0,5
36166115,5,5,10
36413869,5,0,5
36597234,5,0,5
36602828,5,0,5
36928132,5,1,6
37050929,5,1,6
37260576,5,10,15
37333997,5,0,5
37427720,5,0,5
37428496,5,0,5
37429177,5,0,5
37608383,5,0,5
37719186,5,0,5
37825732,5,11,16
37841736,5,10,15
37842578,5,5,10
37965649,5,0,5
38212314,5,0,5
38255997,5,3,8
38372321,5,7,12
38560234,5,0,5
38731505,5,0,5
38753917,5,76,81
38784918,5,13,18
38805559,5,3,8
38877666,5,0,5
38955533,5,0,5
38996285,5,0,5
39037677,5,4,9
39080613,5,1,6
39080789,5,1,6
39269284,5,0,5
39601873,5,4,9
39721831,5,1,6
39741568,5,0,5
39854730,5,1,6
40186972,5,0,5
40464655,5,0,5
40881969,5,11,16
40915721,5,0,5
40948247,5,0,5
41060663,5,1,6
41357742,5,0,5
41432314,5,1,6
41436346,5,1,6
41465507,5,59,64
41831243,5,2,7
41832880,5,14,19
42143561,5,0,5
42198754,5,22,27
42242597,5,1,6
42330367,5,0,5
42393601,5,0,5
42525559,5,0,5
42663654,5,0,5
42721187,5,1,6
42731860,5,83,88
42767629,5,0,5
42787431,5,3,8
42839235,5,0,5
43374193,5,0,5
43433353,5,74,79
43464027,5,28,33
43566423,5,120,125
43617297,5,0,5
43702580,5,0,5
44183611,5,1,6
44435764,5,100,105
44454044,5,0,5
44631291,5,0,5
44740493,5,1,6
45622870,5,0,5
45684134,5,5,10
45923971,5,0,5
45932538,5,0,5
45957681,5,8,13
46055686,5,1,6
46091465,5,0,5
46338888,5,1,6
46821743,5,13,18
47202691,5,0,5
47236714,5,0,5
47269340,5,0,5
47433658,5,0,5
47451496,5,6,11
47618837,5,0,5
47647326,5,0,5
47679177,5,9,14
47816127,5,2,7
47824012,5,0,5
48037296,5,0,5
48079559,5,0,5
48128080,5,12,17
48256173,5,0,5
48381939,5,0,5
48552480,5,0,5
48681447,5,78,83
48686617,5,0,5
48927860,5,1,6
49134710,5,1,6
49143868,5,0,5
49178040,5,1,6
49200771,5,0,5
49225170,5,0,5
49271918,5,0,5
49293276,5,5,10
49397110,5,0,5
49678418,5,0,5
49763576,5,0,5
49846164,5,0,5
50317343,5,0,5
50462319,5,1,6
50785229,5,0,5
50893323,5,0,5
50921588,5,0,5
51333535,5,10,15
51461863,5,0,5
51590281,5,28,33
51884939,5,12,17
52331777,5,0,5
52633708,5,0,5
52729667,5,44,49
52904093,5,1,6
53029808,5,58,63
53066957,5,0,5
53159776,5,0,5
53221731,5,0,5
53265968,5,0,5
53423770,5,0,5
53725830,5,2,7
53840235,5,0,5
53854153,5,0,5
53985054,5,3,8
53999460,5,5,10
54474651,5,0,5
54759796,5,0,5
54898195,5,0,5
54920741,5,0,5
55074692,5,6,11
55265262,5,0,5
55272063,5,0,5
55291489,5,0,5
55323490,5,0,5
55355294,5,0,5
55437528,5,0,5
55567369,5,4,9
55866121,5,0,5
55923746,5,0,5
55983001,5,0,5
56738013,5,9,14
56938314,5,0,5
57393926,5,0,5
57576673,5,0,5
57835275,5,1,6
57895796,5,0,5
58321615,5,5,10
58744497,5,11,16
58968532,5,9,14
58981717,5,50,55
59269191,5,17,22
59436470,5,0,5
59488559,5,3,8
59562550,5,0,5
59581076,5,71,76
59822815,5,1,6
59929236,5,0,5
60069699,5,0,5
60352974,5,0,5
60478837,5,0,5
60924767,5,0,5
61218761,5,3,8
61238253,5,0,5
61251516,5,0,5
61289232,5,0,5
61292472,5,18,23
61558438,5,0,5
61577178,5,8,13
61729718,5,1,6
61784540,5,0,5
61827084,5,0,5
61848671,5,0,5
62038271,5,5,10
62165659,5,8,13
62532712,5,1,6
62580105,5,0,5
62655399,5,1,6
62743904,5,26,31
63012546,5,0,5
63067880,5,8,13
63283508,5,2,7
63650625,5,0,5
63661321,5,0,5
63985089,5,1,6
64478700,5,1,6
65176627,5,0,5
65182550,5,0,5
65260704,5,0,5
65317984,5,1,6
65497052,5,1,6
65680589,5,1,6
65878508,5,0,5
66484955,5,0,5
66685550,5,0,5
66934608,5,0,5
67686362,5,1,6
68071773,5,4,9
68190742,5,0,5
68378642,5,10,15
68506009,5,1,6
68775194,5,6,11
69005894,5,9,14
69386327,5,8,13
69744495,5,0,5
70293699,5,5,10
70424767,5,6,11
70436658,5,0,5
70879242,5,0,5
70881796,5,1,6
71163037,5,4,9
71615184,5,35,40
72098839,5,0,5
73204793,5,47,52
74247774,5,1,6
74476740,5,0,5
74624210,5,0,5
75883640,5,7,12
76447557,5,0,5
77143479,5,1,6
77718529,5,0,5
77870937,5,0,5
78039398,5,1,6
78103711,5,0,5
78338137,5,0,5
78353529,5,0,5
79139513,5,0,5
80043660,5,0,5
80830782,5,0,5
80935589,5,3,8
81466703,5,0,5
81577367,5,0,5
81849239,5,0,5
81978053,5,3,8
82443756,5,1,6
82516441,5,2,7
83021067,5,0,5
83168628,5,0,5
83382182,5,0,5
84126188,5,0,5
84132715,5,10,15
84699032,5,0,5
84914588,5,4,9
85612087,5,0,5
86010925,5,0,5
86146534,5,13,18
87463449,5,0,5
87869624,5,151,156
88000802,5,0,5
88199557,5,0,5
88235310,5,0,5
88276495,5,0,5
88304447,5,1,6
88687877,5,1,6
88772059,5,0,5
89147011,5,0,5
89258328,5,0,5
89325423,5,0,5
89880898,5,2,7
90795703,5,0,5
91010436,5,4,9
91021043,5,1,6
91145973,5,0,5
91157777,5,0,5
91457710,5,0,5
91522306,5,4,9
91699405,5,0,5
92050573,5,0,5
92559388,5,0,5
94478708,5,0,5
95463107,5,14,19
95506130,5,0,5
95710740,5,0,5
95756939,5,0,5
96316898,5,0,5
96502351,5,0,5
96580607,5,0,5
96707339,5,0,5
96936276,5,0,5
96944565,5,0,5
96953563,5,0,5
98046315,5,0,5
98887266,5,0,5
99794792,5,13,18
100032683,5,2,7
100250921,5,3,8
100683705,5,1,6
100838706,5,25,30
100987374,5,116,121
102832023,5,1,6
103031465,5,4,9
103486574,5,0,5
103891910,5,2,7
104092566,5,8,13
104567143,5,0,5
104714937,5,9,14
104821327,5,0,5
105029058,5,0,5
105142322,5,0,5
105326402,5,1,6
106708211,5,0,5
107159732,5,0,5
107186754,5,5,10
107231140,5,0,5
107553354,5,23,28
107625309,5,0,5
108042545,5,6,11
108282821,5,0,5
108803086,5,3,8
108953153,5,0,5
109136080,5,0,5
109138285,5,0,5
109404985,5,86,91
109512969,5,0,5
110144169,5,0,5
110790564,5,1,6
111155425,5,0,5
111331555,5,5,10
111332093,5,2,7
111382943,5,1,6
111387549,5,2,7
111474242,5,0,5
111568576,5,0,5
111581424,5,0,5
112053850,5,1,6
112363761,5,0,5
112632623,5,0,5
113081744,5,0,5
114288507,5,10,15
114537451,5,0,5
114616686,5,0,5
114807010,5,9,14
114877051,5,19,24
115436086,5,0,5
115567809,5,0,5
115787929,5,0,5
116316207,5,0,5
116461724,5,0,5
116602830,5,0,5
116981306,5,1,6
117227513,5,1,6
117259272,5,0,5
118199574,5,1,6
118289772,5,5,10
118606503,5,0,5
119044171,5,0,5
120115609,5,0,5
120559456,5,3,8
120897119,5,0,5
120949200,5,0,5
120965844,5,0,5
121227383,5,0,5
122445239,5,0,5
122700135,5,0,5
123732406,5,0,5
123735665,5,11,16
123977554,5,0,5
124412340,5,0,5
124504002,5,0,5
124808081,5,7,12
125801522,5,1,6
126007874,5,2,7
127036157,5,4,9
127728557,5,1,6
128030995,5,0,5
128092915,5,1,6
128650769,5,1,6
128773602,5,0,5
129000249,5,22,27
129046320,5,1,6
130068809,5,0,5
130221312,5,0,5
130238773,5,0,5
130459631,5,0,5
130662357,5,22,27
130857253,5,1,6
131038280,5,53,58
131328613,5,15,20
131977558,5,1,6
133033023,5,0,5
133421610,5,0,5
133815569,5,1,6
133982697,5,0,5
134790907,5,61,66
135649646,5,0,5
137307287,5,2,7
137561064,5,1,6
138142055,5,0,5
138203402,5,0,5
138744507,5,1,6
138861026,5,9,14
140449519,5,20,25
140506338,5,25,30
140531098,5,0,5
140677151,5,0,5
141296026,5,0,5
141624272,5,0,5
142257829,5,0,5
142561507,5,0,5
143438881,5,106,111
143608757,5,0,5
143818068,5,0,5
145379683,5,0,5
145875896,5,0,5
145884912,5,0,5
146146230,5,0,5
146608813,5,0,5
147213575,5,1,6
147388577,5,2,7
147405712,5,0,5
148103380,5,0,5
148146010,5,0,5
148604986,5,0,5
148927393,5,4,9
150573390,5,0,5
150685462,5,0,5
151308000,5,0,5
151706971,5,0,5
152001007,5,0,5
152102571,5,0,5
152145921,5,1,6
152290393,5,0,5
152785988,5,7,12
152890108,5,0,5
153576791,5,1,6
154033631,5,0,5
154698661,5,2,7
155054219,5,0,5
155259314,5,0,5
155370878,5,0,5
156004851,5,0,5
156306739,5,35,40
156336757,5,21,26
157398659,5,22,27
157478596,5,1,6
157513753,5,0,5
158820629,5,0,5
159549205,5,0,5
159710402,5,42,47
160183289,5,8,13
160184349,5,1,6
160464107,5,0,5
160998794,5,4,9
161293271,5,0,5
161387747,5,10,15
161625409,5,0,5
162047084,5,0,5
162847007,5,1,6
164252124,5,0,5
164574480,5,4,9
164586014,5,5,10
166027777,5,8,13
166254607,5,0,5
168531961,5,17,22
168569436,5,0,5
168717945,5,75,80
168903233,5,7,12
169388909,5,0,5
169935649,5,0,5
170019894,5,13,18
170833474,5,0,5
171514767,5,2,7
171531300,5,0,5
171652654,5,1,6
171737535,5,2,7
172190065,5,0,5
172279923,5,2,7
173028283,5,0,5
173272811,5,0,5
173932144,5,0,5
173964792,5,9,14
174053560,5,0,5
174274321,5,2,7
174364647,5,1,6
175255826,5,1,6
175264207,5,0,5
175452918,5,12,17
175530941,5,44,49
175891792,5,18,23
175985856,5,2,7
176200983,5,0,5
177828606,5,27,32
177976646,5,4,9
179099202,5,0,5
179284235,5,0,5
179355222,5,0,5
179831374,5,0,5
180209895,5,0,5
182158825,5,0,5
182522304,5,12,17
182663887,5,19,24
183409796,5,0,5
184165102,5,0,5
185583951,5,36,41
185648300,5,1,6
185962238,5,19,24
186064327,5,1,6
186100299,5,6,11
186501062,5,32,37
186519719,5,1,6
186949186,5,25,30
187917103,5,1,6
188749480,5,0,5
189471696,5,88,93
190748763,5,11,16
190761542,5,0,5
192178244,5,0,5
192499449,5,1,6
192596092,5,0,5
193129740,5,2,7
193747130,5,0,5
194608309,5,0,5
194622014,5,8,13
194681864,5,0,5
194771364,5,11,16
194855672,5,1,6
195476777,5,0,5
195533491,5,0,5
196345350,5,6,11
196577393,5,0,5
196640692,5,157,162
197408511,5,0,5
198039574,5,13,18
198162733,5,0,5
198414354,5,0,5
199414553,5,0,5
200787068,5,0,5
201376183,5,0,5
201800268,5,1,6
201860898,5,0,5
202164048,5,1,6
203650771,5,63,68
204262657,5,0,5
204534066,5,151,156
205317939,5,0,5
205371878,5,6,11
206919813,5,17,22
207301265,5,0,5
207459741,5,0,5
207800559,5,2,7
208059447,5,8,13
208929010,5,0,5
209219798,5,0,5
209489475,5,0,5
209782044,5,0,5
209936111,5,0,5
210198155,5,8,13
210229319,5,0,5
210291385,5,1,6
210956834,5,1,6
211025537,5,1,6
211955724,5,0,5
212942999,5,4,9
213144333,5,3,8
214350756,5,0,5
215026196,5,0,5
215434317,5,0,5
216147671,5,0,5
216542945,5,0,5
216763293,5,0,5
216770253,5,2,7
217078361,5,2,7
218123602,5,0,5
218594745,5,0,5
218773621,5,0,5
219054210,5,0,5
219184212,5,23,28
219662594,5,0,5
220087241,5,237,242
220147248,5,0,5
221707278,5,30,35
222074407,5,0,5
222256680,5,0,5
222274546,5,0,5
223123952,5,0,5
223831644,5,0,5
224111514,5,0,5
224786514,5,2,7
225073016,5,0,5
225858323,5,0,5
226557384,5,0,5
226633507,5,1,6
227348993,5,4,9
229246026,5,7,12
229783657,5,0,5
229950802,5,0,5
233052530,5,1,6
233069337,5,41,46
233169879,5,0,5
233788237,5,0,5
234726870,5,0,5
235356247,5,0,5
235718672,5,12,17
235769411,5,0,5
236474276,5,1,6
236595282,5,1,6
236734401,5,0,5
237353202,5,0,5
237459440,5,3,8
238443617,5,0,5
238721781,5,0,5
240110430,5,4,9
241196051,5,0,5
241257983,5,0,5
241413789,5,4,9
242279351,5,0,5
243029403,5,0,5
243825867,5,0,5
244243072,5,0,5
244311464,5,1,6
244459746,5,5,10
244740120,5,39,44
244844547,5,0,5
245670118,5,11,16
245792825,5,0,5
246059987,5,0,5
246161173,5,0,5
246308402,5,0,5
246498459,5,0,5
248019749,5,1,6
248538878,5,34,39
248858199,5,9,14
248876047,5,0,5
249834807,5,0,5
250307413,5,0,5
250470863,5,2,7
251358589,5,2,7
251485748,5,2,7
251824244,5,0,5
252044608,5,0,5
252398984,5,0,5
253153492,5,28,33
253227576,5,2,7
254164715,5,0,5
254313159,5,143,148
254410443,5,0,5
254495732,5,0,5
254564885,5,0,5
254591547,5,2,7
254701863,5,0,5
255229452,5,1,6
255430280,5,0,5
255603826,5,0,5
256431123,5,0,5
256669236,5,0,5
257475749,5,0,5
257666835,5,1,6
257748121,5,12,17
259240479,5,94,99
259858913,5,35,40
259920872,5,45,50
260347798,5,2,7
260503264,5,62,67
260579070,5,0,5
261447654,5,2,7
261981819,5,0,5
262400444,5,2,7
262811375,5,0,5
262887351,5,0,5
263114477,5,0,5
263184521,5,0,5
263940105,5,12,17
264377952,5,0,5
264431973,5,0,5
265164755,5,0,5
266300779,5,3,8
266389455,5,0,5
268425888,5,1,6
269769849,5,0,5
270459924,5,0,5
270528803,5,79,84
270530292,5,0,5
271309844,5,86,91
271641029,5,1,6
271771151,5,1,6
272380171,5,5,10
272642967,5,114,119
272972289,5,0,5
273225539,5,1,6
273246585,5,0,5
274274301,5,3,8
275201038,5,0,5
276285781,5,0,5
276625504,5,0,5
276823861,5,0,5
277200557,5,0,5
277276681,5,3,8
277525871,5,0,5
277717473,5,3,8
278163334,5,7,12
278192831,5,5,10
278302338,5,0,5
278324085,5,0,5
278865320,5,7,12
279271021,5,7,12
280348652,5,0,5
280700167,5,0,5
281166301,5,21,26
281532180,5,19,24
281645871,5,3,8
282265521,5,3,8
282686727,5,6,11
282834921,5,0,5
283215530,5,0,5
283501843,5,1,6
284364950,5,0,5
285178736,5,1,6
285761256,5,9,14
288755234,5,21,26
289041919,5,0,5
289239834,5,17,22
289702880,5,10,15
290533840,5,5,10
291780711,5,28,33
292110079,5,0,5
292602299,5,0,5
293720871,5,0,5
294342169,5,0,5
294939240,5,1,6
294945604,5,1,6
296862661,5,0,5
296926844,5,0,5
297126538,5,0,5
298724551,5,1,6
299410168,5,0,5
300074405,5,0,5
300364311,5,0,5
301628782,5,3,8
302649180,5,0,5
302991001,5,9,14
303166615,5,0,5
303316854,5,0,5
304573768,5,1,6
305021575,5,4,9
305161409,5,1,6
305851676,5,0,5
307308209,5,0,5
307604958,5,3,8
308309442,5,0,5
308329253,5,0,5
308770630,5,0,5
309280019,5,0,5
309705204,5,0,5
310586465,5,3,8
310801085,5,0,5
311294335,5,1,6
311777508,5,0,5
312351978,5,1,6
312534209,5,3,8
314047028,5,0,5
314840560,5,2,7
315879443,5,0,5
316091091,5,1,6
316188153,5,0,5
316844043,5,0,5
317498941,5,0,5
318887803,5,0,5
319420349,5,0,5
320762878,5,2,7
321689848,5,0,5
322193381,5,0,5
322864415,5,1,6
322886666,5,2,7
323375285,5,7,12
323487565,5,0,5
323776518,5,0,5
325300874,5,0,5
325991512,5,0,5
326184124,5,0,5
326257962,5,0,5
326364701,5,0,5
326709238,5,0,5
326831609,5,0,5
326957691,5,47,52
327355497,5,50,55
327734566,5,3,8
328206816,5,12,17
328422264,5,0,5
328766384,5,0,5
329141674,5,1,6
329800098,5,0,5
330103805,5,3,8
330497152,5,0,5
333341480,5,0,5
334010075,5,0,5
334130885,5,0,5
334904896,5,0,5
335569950,5,1,6
335697921,5,0,5
336041336,5,0,5
336967446,5,0,5
337788332,5,1,6
339185452,5,0,5
339265753,5,0,5
339307160,5,0,5
339736269,5,25,30
339794231,5,2,7
340309529,5,0,5
340320154,5,0,5
340771891,5,3,8
342799650,5,0,5
342937716,5,1,6
343627453,5,12,17
343737556,5,0,5
344005669,5,0,5
344462298,5,1,6
344723414,5,42,47
345120618,5,0,5
346574044,5,0,5
346682052,5,0,5
346758295,5,1,6
348408665,5,0,5
348430576,5,0,5
348733987,5,0,5
349931324,5,3,8
350004152,5,1,6
350125260,5,1,6
350887631,5,0,5
351701011,5,0,5
351811874,5,0,5
352488648,5,0,5
353200514,5,11,16
353375345,5,1,6
354073189,5,0,5
354537587,5,0,5
355163522,5,1,6
355292184,5,0,5
355577666,5,7,12
355633084,5,0,5
355835270,5,0,5
356104964,5,0,5
356273590,5,0,5
356604591,5,1,6
357086764,5,0,5
358463460,5,0,5
359125646,5,0,5
359511471,5,0,5
360369653,5,4,9
360376852,5,0,5
360537661,5,2,7
362008586,5,0,5
362164083,5,0,5
362538733,5,0,5
362916239,5,0,5
364384953,5,0,5
364601868,5,53,58
366352424,5,0,5
367482969,5,8,13
367827745,5,0,5
368144980,5,0,5
368245410,5,0,5
368710445,5,0,5
368928149,5,6,11
370227832,5,0,5
370351785,5,0,5
370938830,5,14,19
371509134,5,3,8
372497055,5,1,6
373053064,5,0,5
373114398,5,1,6
373970722,5,0,5
374021623,5,3,8
374253783,5,1,6
374675934,5,2,7
374798287,5,0,5
375462311,5,1,6
375893657,5,8,13
376785443,5,0,5
377534791,5,0,5
377565477,5,21,26
377595990,5,0,5
377778216,5,1,6
378321337,5,0,5
378798144,5,0,5
380503255,5,0,5
381268614,5,0,5
381293930,5,6,11
382764378,5,0,5
382973958,5,0,5
384165163,5,0,5
384992455,5,0,5
385296434,5,1,6
385335334,5,0,5
385645876,5,0,5
386056280,5,4,9
386081713,5,74,79
387096686,5,8,13
389573867,5,0,5
389798649,5,5,10
390116502,5,0,5
390682767,5,0,5
391051053,5,10,15
391465047,5,4,9
392459453,5,0,5
392708757,5,6,11
393463444,5,12,17
394162289,5,0,5
394163514,5,0,5
394334112,5,2,7
394721380,5,1,6
395045176,5,2,7
395552854,5,0,5
395628840,5,0,5
395891339,5,0,5
398983621,5,0,5
399236951,5,1,6
399702313,5,0,5
399777038,5,0,5
401110853,5,0,5
402829053,5,1,6
404026590,5,11,16
404114848,5,26,31
404334121,5,20,25
405959355,5,1,6
406648294,5,0,5
407331807,5,0,5
407407474,5,0,5
408154187,5,0,5
408219053,5,1,6
408587585,5,3,8
408997692,5,0,5
409144309,5,0,5
409597669,5,8,13
409767100,5,0,5
410301870,5,0,5
410435114,5,1,6
410699811,5,0,5
413514250,5,4,9
415055902,5,0,5
415951586,5,0,5
416654046,5,0,5
417308726,5,0,5
418548489,5,0,5
419882839,5,0,5
420950741,5,0,5
421007103,5,1,6
421372324,5,0,5
422536990,5,0,5
423106023,5,7,12
423238733,5,0,5
423831170,5,6,11
423858681,5,0,5
424656049,5,0,5
424757589,5,0,5
424760507,5,1,6
425008494,5,0,5
425063732,5,0,5
425296438,5,1,6
425310081,5,9,14
425339257,5,0,5
426292948,5,0,5
426424795,5,0,5
428690885,5,0,5
429551076,5,1,6
430030395,5,6,11
430263175,5,0,5
431107389,5,0,5
431128034,5,0,5
431327944,5,0,5
432062574,5,2,7
432486797,5,0,5
432570561,5,0,5
433014018,5,0,5
433362653,5,19,24
434193645,5,0,5
435455975,5,0,5
436240799,5,2,7
436245573,5,0,5
436910555,5,0,5
437092863,5,8,13
437877779,5,3,8
437970401,5,0,5
441500344,5,25,30
442186427,5,3,8
442911245,5,21,26
443294664,5,0,5
445670525,5,1,6
445798322,5,0,5
446280711,5,0,5
446653924,5,0,5
448135102,5,0,5
448442376,5,0,5
449177559,5,0,5
449372154,5,0,5
449890803,5,0,5
450139024,5,0,5
451060512,5,2,7
451819108,5,86,91
452137093,5,2,7
452200624,5,0,5
453407600,5,3,8
454640361,5,1,6
455101220,5,2,7
455188462,5,0,5
455951652,5,0,5
457119703,5,0,5
457650573,5,0,5
457803510,5,1,6
458134164,5,2,7
458473342,5,0,5
458558480,5,0,5
458655541,5,0,5
459360310,5,0,5
460338364,5,13,18
462142965,5,0,5
462679202,5,0,5
464497740,5,6,11
465072875,5,0,5
465102937,5,0,5
465111148,5,0,5
466134862,5,3,8
466188223,5,0,5
466930062,5,44,49
467083430,5,1,6
467589616,5,0,5
470097222,5,1,6
473048213,5,0,5
476051887,5,0,5
476882097,5,0,5
477981789,5,0,5
478855762,5,1,6
479236813,5,0,5
481776132,5,0,5
482199226,5,0,5
483059525,5,0,5
484164076,5,0,5
484905293,5,0,5
485700865,5,1,6
485717967,5,0,5
485961855,5,0,5
487312375,5,0,5
487394203,5,1,6
489020907,5,1,6
490808687,5,0,5
490936163,5,83,88
491816620,5,0,5
493175096,5,0,5
493408040,5,0,5
494102596,5,0,5
494232319,5,0,5
494259870,5,9,14
494496716,5,1,6
495573701,5,0,5
497178013,5,5,10
497200393,5,6,11
497326141,5,0,5
497382276,5,0,5
497392427,5,0,5
498733074,5,0,5
499876766,5,0,5
500142942,5,0,5
502182872,5,0,5
502483248,5,1,6
505010709,5,0,5
506402990,5,0,5
506821908,5,0,5
507540195,5,0,5
509064573,5,0,5
509418625,5,0,5
509506550,5,1,6
509677951,5,0,5
510868271,5,0,5
511462837,5,0,5
512174280,5,1,6
512977970,5,0,5
514636052,5,1,6
514795235,5,0,5
516457734,5,0,5
517835930,5,15,20
518233824,5,2,7
518937190,5,12,17
518991950,5,0,5
519216725,5,1,6
519367233,5,0,5
520122398,5,0,5
522745525,5,3,8
525608651,5,0,5
525695332,5,0,5
525825263,5,0,5
525874754,5,2,7
525962289,5,0,5
527290048,5,0,5
528058324,5,2,7
528069706,5,1,6
528836589,5,0,5
529590556,5,2,7
529634000,5,0,5
529794908,5,15,20
531490262,5,0,5
531510828,5,3,8
531547139,5,0,5
531561168,5,1,6
531706752,5,2,7
532242610,5,0,5
532265274,5,0,5
532555829,5,0,5
532611579,5,0,5
532667020,5,0,5
532759492,5,1,6
533593494,5,0,5
533644766,5,0,5
534200025,5,5,10
534291903,5,0,5
534840108,5,2,7
535787741,5,0,5
536241384,5,0,5
537765788,5,0,5
539079008,5,1,6
539104576,5,7,12
540101579,5,0,5
540238571,5,29,34
540379337,5,33,38
540506535,5,1,6
541171533,5,1,6
541213195,5,1,6
541277119,5,0,5
541881526,5,0,5
541914560,5,4,9
542112461,5,1,6
542617731,5,19,24
542938450,5,1,6
543091815,5,0,5
543351302,5,0,5
543597645,5,2,7
545347659,5,0,5
545416888,5,0,5
546530566,5,0,5
547553701,5,0,5
547748646,5,5,10
547893003,5,0,5
548357566,5,0,5
551601164,5,1,6
552037899,5,0,5
552180552,5,16,21
553069364,5,0,5
553165477,5,1,6
554491782,5,0,5
554807813,5,0,5
555832700,5,0,5
557084552,5,15,20
558369903,5,0,5
558948307,5,1,6
559978530,5,0,5
560799958,5,0,5
560803984,5,0,5
561648188,5,29,34
563818933,5,0,5
564824849,5,0,5
565133558,5,0,5
565846206,5,2,7
567298651,5,0,5
567414860,5,0,5
567480679,5,1,6
567528456,5,0,5
568003285,5,0,5
569740032,5,1,6
570057983,5,2,7
571488084,5,20,25
572759774,5,0,5
573137819,5,0,5
573600736,5,0,5
575031921,5,0,5
575887551,5,7,12
577383147,5,0,5
577434930,5,0,5
578039982,5,1,6
578257014,5,0,5
580993674,5,0,5
581432854,5,0,5
585336016,5,0,5
586617002,5,0,5
587799806,5,0,5
589525058,5,11,16
589632168,5,0,5
590442973,5,0,5
590790404,5,0,5
591519096,5,1,6
591763961,5,1,6
593028779,5,0,5
593959216,5,3,8
594068074,5,0,5
594533938,5,0,5
594702996,5,0,5
599362583,5,0,5
600253106,5,0,5
600565816,5,12,17
601603689,5,16,21
602937716,5,80,85
603021174,5,0,5
603144963,5,3,8
603186813,5,0,5
603970443,5,1,6
604606137,5,0,5
606762266,5,0,5
610322010,5,0,5
611337173,5,30,35
612650837,5,1,6
613087544,5,6,11
614365077,5,4,9
615451322,5,1,6
616300807,5,0,5
616474101,5,1,6
617628480,5,0,5
617981827,5,0,5
618536860,5,22,27
620046141,5,0,5
621123905,5,1,6
621459119,5,2,7
622445167,5,0,5
623843973,5,0,5
623896609,5,0,5
624004133,5,0,5
624491438,5,0,5
624588632,5,0,5
625042108,5,0,5
625170711,5,0,5
625195519,5,57,62
625576876,5,0,5
625821647,5,7,12
628417129,5,15,20
629315765,5,0,5
629399712,5,0,5
629653238,5,6,11
629722128,5,0,5
629974701,5,0,5
630925853,5,5,10
631849418,5,0,5
633529744,5,0,5
635810874,5,2,7
635849859,5,0,5
700170888,5,0,5
700723050,5,50,55
708110208,5,0,5
708178349,5,0,5
708182479,5,1,6
712304106,5,2,7
712931439,5,0,5
713396013,5,0,5
714345107,5,0,5
714475560,5,0,5
715214449,5,0,5
716343331,5,1,6
717198402,5,0,5
718098752,5,1,6
718538534,5,0,5
721051892,5,0,5
724134613,5,0,5
724338606,5,0,5
724674030,5,0,5
725355884,5,0,5
726798200,5,0,5
727327692,5,0,5
727805802,5,0,5
731803688,5,44,49
733897195,5,1,6
739799648,5,12,17
741835609,5,0,5
742616646,5,0,5
748557859,5,1,6
749348659,5,7,12
755255713,5,0,5
755269914,5,0,5
755527716,5,2,7
757462411,5,2,7
757637664,5,0,5
760045596,5,0,5
760504536,5,0,5
764874984,5,0,5
765942654,5,0,5
766013149,5,0,5
766346635,5,40,45
766637010,5,0,5
766727108,5,0,5
768514130,5,8,13
770759270,5,20,25
772183002,5,0,5
772678230,5,1,6
772725560,5,2,7
777463830,5,0,5
785360114,5,0,5
787337426,5,0,5
789629564,5,9,14
790099830,5,0,5
791679762,5,1,6
793048945,5,2,7
794444510,5,1,6
795670292,5,5,10
796292533,5,44,49
796905463,5,30,35
798581030,5,0,5
803220132,5,0,5
803663671,5,1,6
805606556,5,2,7
807634700,5,0,5
809826704,5,0,5
809924689,5,11,16
811219032,5,33,38
811783063,5,0,5
811858381,5,17,22
812639126,5,0,5
812987035,5,0,5
814301197,5,0,5
814431344,5,0,5
819501247,5,3,8
820833655,5,1,6
821660419,5,2,7
821879334,5,0,5
822109285,5,16,21
822189186,5,0,5
823495092,5,0,5
826103412,5,7,12
829805024,5,0,5
831212154,5,0,5
832249872,5,1,6
841758746,5,2,7
842718474,5,23,28
845540941,5,1,6
845893680,5,36,41
849121044,5,0,5
849906277,5,0,5
849998096,5,2,7
850302914,5,0,5
850392811,5,0,5
851870941,5,0,5
852218317,5,0,5
854045502,5,0,5
859671068,5,0,5
859718922,5,0,5
860542220,5,2,7
860759562,5,0,5
861790687,5,0,5
861863150,5,0,5
862036698,5,0,5
862366537,5,0,5
863171418,5,0,5
863828790,5,0,5
865675081,5,65,70
866850841,5,0,5
868810314,5,0,5
872543358,5,0,5
872618270,5,1,6
872649847,5,0,5
872896560,5,0,5
874482116,5,2,7
875560238,5,16,21
876889116,5,1,6
878577109,5,0,5
880259844,5,2,7
883497260,5,0,5
884893716,5,0,5
885565735,5,0,5
885601772,5,99,104
893989668,5,3,8
894262410,5,2,7
894474151,5,0,5
895541197,5,0,5
896110004,5,35,40
898599696,5,0,5
898762093,5,2,7
900104359,5,1,6
902052488,5,0,5
902666742,5,0,5
903201378,5,0,5
905290200,5,0,5
908147227,5,0,5
908489023,5,11,16
908715523,5,0,5
909618422,5,0,5
911401429,5,0,5
913225676,5,15,20
918204260,5,0,5
921280885,5,6,11
922047901,5,2,7
923418229,5,0,5
923564246,5,0,5
926833411,5,2,7
927199453,5,0,5
930084780,5,5,10
930178296,5,44,49
930953018,5,74,79
931346941,5,37,42
932163331,5,0,5
932752201,5,0,5
933693476,5,1,6
935189882,5,1,6
935575999,5,0,5
935757499,5,0,5
936079812,5,0,5
937098428,5,1,6
937973472,5,0,5
942185744,5,5,10
945915019,5,0,5
948902622,5,0,5
958658772,5,0,5
958676863,5,0,5
959463625,5,0,5
961576590,5,0,5
970696572,5,0,5
975052814,5,1,6
975656262,5,55,60
977420312,5,0,5
978900576,5,0,5
983599988,5,2,7
984858350,5,0,5
985343778,5,0,5
988216526,5,0,5
991779428,5,1,6
994090806,5,0,5
996187795,5,0,5
996730357,5,0,5
1000360488,5,0,5
1004020004,5,51,56
1006028304,5,0,5
1010155261,5,0,5
1015225567,5,0,5
1016450659,5,0,5
1016608502,5,0,5
1017662618,5,2,7
1022905044,5,0,5
1023138416,5,0,5
1026182053,5,1,6
1029445362,5,0,5
1030802154,5,10,15
1032470923,5,0,5
1037390732,5,0,5
1041192013,5,2,7
1041238519,5,1,6
1042673966,5,14,19
1043231719,5,0,5
1043778078,5,3,8
1048409659,5,0,5
1055186496,5,0,5
1055770154,5,0,5
1056632712,5,5,10
1058844480,5,0,5
1061026814,5,1,6
1061393298,5,0,5
1062225217,5,3,8
1062697766,5,0,5
1063389492,5,0,5
1065135901,5,1,6
1068544508,5,0,5
1071037513,5,0,5
1071058956,5,0,5
1078211426,5,2,7
1082161086,5,0,5
1084112678,5,1,6
1093584211,5,3,8
1096235196,5,1,6
1098418561,5,0,5
1101476665,5,0,5
1109491734,5,1,6
1109829523,5,0,5
1109839766,5,0,5
1110514212,5,0,5
1114886305,5,8,13
1117322936,5,11,16
1119995593,5,0,5
1129187396,5,0,5
1132865887,5,2,7
1134246590,5,4,9
1134941762,5,0,5
1142957485,5,0,5
1146056528,5,0,5
1147554114,5,0,5
1148181343,5,1,6
1151233716,5,0,5
1152681726,5,4,9
1153302055,5,1,6
1155073123,5,1,6
1155470035,5,0,5
1155654487,5,0,5
1155942925,5,0,5
1156221950,5,0,5
1160666808,5,0,5
1163876526,5,18,23
1164771475,5,0,5
1166903005,5,1,6
1173151501,5,0,5
1173647640,5,0,5
1183427928,5,0,5
1190414660,5,8,13
1202463272,5,0,5
1202961984,5,0,5
1219828123,5,0,5
1220444108,5,0,5
1222115934,5,6,11
1222739934,5,16,21
1226275850,5,5,10
1227327901,5,0,5
1231454756,5,0,5
1233021828,5,1,6
1235421986,5,0,5
1238520968,5,0,5
1241858862,5,0,5
1245081236,5,0,5
1246640292,5,0,5
1246757545,5,0,5
1247583428,5,0,5
1251594386,5,1,6
1252467452,5,0,5
1257431618,5,1,6
1260036505,5,0,5
1262391883,5,0,5
1265386076,5,0,5
1265414822,5,0,5
1266067861,5,1,6
1266646447,5,0,5
1267178588,5,1,6
1267623974,5,1,6
1267817348,5,0,5
1270192176,5,0,5
1270872847,5,0,5
1276518571,5,5,10
1278447967,5,3,8
1281093434,5,0,5
1282158128,5,0,5
1283209142,5,0,5
1287052537,5,0,5
1287114889,5,0,5
1290225756,5,0,5
1291594950,5,0,5
1291772160,5,1,6
1301230057,5,2,7
1303297776,5,0,5
1305091801,5,0,5
1307633227,5,0,5
1309439100,5,1,6
1311175608,5,0,5
1315210638,5,30,35
1316079955,5,0,5
1319180833,5,0,5
1319391925,5,0,5
1320230766,5,0,5
1320663224,5,0,5
1322788916,5,0,5
1324067964,5,3,8
1331612725,5,0,5
1336685677,5,0,5
1339805330,5,0,5
1345554990,5,0,5
1345567362,5,11,16
1345579830,5,0,5
1352453840,5,0,5
1360970527,5,7,12
1363297184,5,2,7
1363431169,5,1,6
1365480481,5,33,38
1365831386,5,80,85
1365840828,5,1,6
1366100881,5,3,8
1367996996,5,0,5
1368287814,5,1,6
1369447658,5,1,6
1370344022,5,3,8
1371062372,5,0,5
1373628060,5,11,16
1373804328,5,0,5
1378779127,5,0,5
1382881963,5,0,5
1385511295,5,13,18
1393134764,5,0,5
1393501008,5,1,6
1393915764,5,0,5
1395352536,5,0,5
1397175396,5,0,5
1399916430,5,0,5
1400825574,5,0,5
1407108810,5,19,24
1409015352,5,0,5
1411023614,5,2,7
1411960459,5,0,5
1421073720,5,0,5
1425972247,5,10,15
1426472209,5,0,5
1437056378,5,13,18
1438157658,5,0,5
1438910306,5,0,5
1439177893,5,0,5
1440377798,5,0,5
1441858879,5,0,5
1441907282,5,2,7
1444796923,5,67,72
1446271357,5,0,5
1447841113,5,0,5
1450295514,5,0,5
1453009579,5,0,5
1466663004,5,0,5
1467462416,5,3,8
1468323792,5,13,18
1473062988,5,0,5
1477996166,5,0,5
1478284224,5,0,5
1481058103,5,0,5
1484256702,5,0,5
1485188648,5,0,5
1487618100,5,1,6
1488349292,5,0,5
1488509444,5,0,5
1512193483,5,14,19
1520031540,5,1,6
1520296784,5,0,5
1520363550,5,11,16
1521063680,5,0,5
1522988142,5,7,12
1527869425,5,0,5
1532641273,5,0,5
1534035715,5,0,5
1540142966,5,3,8
1541917076,5,1,6
1542267114,5,0,5
1544027132,5,0,5
1555386392,5,0,5
1555900874,5,0,5
1556654802,5,0,5
1559856158,5,0,5
1564678554,5,3,8
1566754536,5,0,5
1575668190,5,1,6
1581348204,5,0,5
1581466506,5,13,18
1583516406,5,2,7
1585804122,5,3,8
1585891309,5,1,6
1586552682,5,1,6
1587059701,5,0,5
1590136016,5,0,5
1590655544,5,0,5
1592920915,5,2,7
1593965984,5,3,8
1597468159,5,0,5
1599074376,5,1,6
1599130398,5,1,6
1606466688,5,0,5
1607772847,5,0,5
1608066200,5,0,5
1622479434,5,0,5
1623351620,5,0,5
1624156248,5,13,18
1630796316,5,15,20
1632486703,5,0,5
1634208277,5,0,5
1636573045,5,0,5
1637425543,5,1,6
1639177748,5,0,5
1642050398,5,1,6
1642864238,5,0,5
1643137622,5,0,5
1643946492,5,0,5
1645587050,5,1,6
1645832394,5,0,5
1648981051,5,19,24
1652274187,5,0,5
1656947570,5,0,5
1660601785,5,15,20
1665577003,5,0,5
1666286936,5,0,5
1671494989,5,1,6
1673784578,5,1,6
1677134503,5,2,7
1680981139,5,0,5
1689560684,5,0,5
1693573909,5,0,5
1694140004,5,25,30
1694850211,5,2,7
1702392331,5,3,8
1702623097,5,0,5
1705008188,5,1,6
1708221920,5,0,5
1711984974,5,0,5
1717836853,5,0,5
1726670406,5,0,5
1726835389,5,2,7
1726878007,5,0,5
1742126610,5,0,5
1751965860,5,1,6
1755362227,5,0,5
1758115766,5,2,7
1849742576,5,6,11
1851572274,5,0,5
1858298256,5,0,5
1861229492,5,0,5
1869323952,5,0,5
1872429043,5,0,5
1873548374,5,0,5
1876503835,5,0,5
1881362340,5,0,5
1881662202,5,0,5
1888704427,5,1,6
1889448270,5,0,5
1889854964,5,0,5
1891335392,5,14,19
1891514551,5,1,6
1902232656,5,0,5
1902507637,5,0,5
1902634064,5,1,6
1906464300,5,0,5
1912654315,5,1,6
1913668759,5,0,5
1913887326,5,0,5
1918926036,5,0,5
1919763115,5,0,5
1925392736,5,0,5
1933829276,5,2,7
1937446980,5,0,5
1949965722,5,28,33
1956801666,5,3,8
1960581792,5,0,5
1962136753,5,0,5
1967230249,5,0,5
1972334744,5,0,5
2152455151,5,0,5
2155614913,5,1,6
2156798082,5,54,59
2161088460,5,0,5
2164857486,5,0,5
2165722035,5,0,5
2165912923,5,1,6
2166283932,5,4,9
2166411517,5,0,5
2168387392,5,1,6
2169379609,5,0,5
2170292839,5,0,5
2170786369,5,0,5
2170846169,5,1,6
2171266723,5,0,5
2172671701,5,1,6
2173054549,5,9,14
2175032089,5,1,6
2179523663,5,0,5
2180280823,5,1,6
2181929256,5,0,5
2187286609,5,1,6
2188982130,5,0,5
2191213920,5,2,7
2191771614,5,1,6
2194729068,5,1,6
2195203406,5,0,5
2195379404,5,0,5
2197080991,5,0,5
2206280539,5,3,8
2207392993,5,1,6
2208002599,5,0,5
2208137628,5,0,5
2209026703,5,0,5
2209163628,5,0,5
2209725601,5,0,5
2214263155,5,0,5
2216238379,5,0,5
2216326629,5,0,5
2219522785,5,2,7
2222203681,5,0,5
2223472056,5,10,15
2230756717,5,0,5
2232949482,5,0,5
2233304430,5,0,5
2233845925,5,0,5
2233963809,5,0,5
2234028384,5,1,6
2238267990,5,0,5
2239674444,5,3,8
2241196470,5,0,5
2241346555,5,0,5
2242736858,5,1,6
2243335908,5,2,7
2249662320,5,0,5
2253793946,5,0,5
2255409438,5,0,5
2257036321,5,0,5
2257281216,5,0,5
2257440549,5,0,5
2258330929,5,0,5
2258557465,5,13,18
2268345872,5,0,5
2270393695,5,0,5
2270656566,5,10,15
2271057545,5,0,5
2275429583,5,1,6
2279491183,5,0,5
2279550642,5,0,5
2280668334,5,0,5
2281058552,5,9,14
2283107413,5,0,5
2284965018,5,8,13
2285003875,5,0,5
2287327470,5,2,7
2291876488,5,0,5
2292626818,5,67,72
2292828077,5,0,5
2297468004,5,0,5
2301922842,5,4,9
2301926809,5,10,15
2302456032,5,0,5
2303630036,5,19,24
2304188512,5,0,5
2308368035,5,0,5
2310795627,5,0,5
2312126930,5,0,5
2312325259,5,0,5
2315004928,5,18,23
2318613085,5,2,7
2319241531,5,0,5
2321682552,5,0,5
2325456103,5,1,6
2326069124,5,1,6
2326159315,5,0,5
2327428716,5,0,5
2328306668,5,0,5
2329479686,5,0,5
2329481473,5,0,5
2330570390,5,0,5
2331085464,5,0,5
2331437725,5,1,6
2332409173,5,2,7
2333443931,5,0,5
2333508500,5,0,5
2333691750,5,1,6
2334122743,5,0,5
2334160799,5,0,5
2341519921,5,4,9
2342597473,5,0,5
2345488801,5,0,5
2346033560,5,1,6
2347080743,5,1,6
2347404042,5,1,6
2347816776,5,0,5
2348388947,5,0,5
2350533762,5,1,6
2352412927,5,0,5
2353937130,5,1,6
2354179531,5,1,6
2355388694,5,0,5
2356599402,5,22,27
2357470848,5,0,5
2359598618,5,0,5
2360602320,5,2,7
2361349722,5,0,5
2361511387,5,0,5
2361937783,5,1,6
2364673266,5,0,5
2364724460,5,0,5
2364845772,5,12,17
2366527734,5,0,5
2369373715,5,1,6
2370952753,5,0,5
2373055566,5,0,5
2374945830,5,1,6
2376638986,5,0,5
2379337844,5,0,5
2381542273,5,11,16
2386057346,5,0,5
2386693961,5,1,6
2386899546,5,0,5
2387658624,5,0,5
2387854418,5,0,5
2389215638,5,0,5
2390056830,5,2,7
2391227880,5,0,5
2391884046,5,0,5
2398705616,5,0,5
2398880071,5,0,5
2401704493,5,9,14
2402165532,5,2,7
2402229505,5,14,19
2408429671,5,1,6
2417493090,5,0,5
2419696891,5,6,11
2420054876,5,1,6
2421231368,5,0,5
2421600773,5,5,10
2421621042,5,0,5
2422191492,5,0,5
2422765634,5,0,5
2423040185,5,0,5
2423373294,5,5,10
2424069487,5,1,6
2427520634,5,0,5
2429336442,5,0,5
2435118780,5,0,5
2437359612,5,1,6
2437753466,5,1,6
2438945339,5,0,5
2438997917,5,0,5
2458526748,5,4,9
2462380267,5,0,5
2462855151,5,6,11
2463083802,5,0,5
2463854064,5,525,530
2467951070,5,0,5
2471547218,5,0,5
2473080032,5,0,5
2475626801,5,1,6
2482184095,5,13,18
2486638760,5,6,11
2489256444,5,0,5
2490834003,5,0,5
2491220589,5,5,10
2491913816,5,0,5
2493672667,5,2,7
2504485384,5,0,5
2507808147,5,0,5
2508177997,5,8,13
2508827207,5,48,53
2510374854,5,0,5
2510919958,5,0,5
2515599265,5,1,6
2517095059,5,1,6
2527387525,5,4,9
2527985017,5,0,5
2529701729,5,61,66
2530883724,5,0,5
2531414304,5,1,6
2532707982,5,0,5
2543955564,5,0,5
2544257208,5,1,6
2546406866,5,4,9
2547119653,5,0,5
2550952213,5,0,5
2553366054,5,0,5
2555490392,5,0,5
2558071936,5,1,6
2561677945,5,2,7
2562506828,5,23,28
2562820104,5,1,6
2563641654,5,0,5
2564983779,5,2,7
2565663960,5,1,6
2568992936,5,35,40
2572125956,5,0,5
2572969706,5,0,5
2576056916,5,0,5
2579555702,5,1,6
2580128154,5,0,5
2582652907,5,0,5
2582895312,5,0,5
2583678126,5,0,5
2584613113,5,149,154
2586248497,5,0,5
2587304504,5,0,5
2590709535,5,0,5
2600355692,5,0,5
2600774276,5,9,14
2601940993,5,1,6
2605982090,5,5,10
2610495437,5,0,5
2612451176,5,0,5
2612641711,5,0,5
2612892450,5,3,8
2613162613,5,2,7
2619095620,5,0,5
2620538605,5,0,5
2637070686,5,26,31
2641779844,5,0,5
2649303001,5,0,5
2651055525,5,2,7
2651765448,5,0,5
2652022596,5,0,5
2657178559,5,2,7
2657503075,5,0,5
2664505550,5,0,5
2664516661,5,0,5
2674098205,5,1,6
2675446555,5,12,17
2675603012,5,0,5
2683634198,5,0,5
2687684629,5,1,6
2696533358,5,16,21
2697003816,5,4,9
2698805971,5,3,8
2704220424,5,7,12
2708129232,5,0,5
2710437085,5,0,5
2712660258,5,35,40
2713010601,5,0,5
2713621398,5,0,5
2714378171,5,19,24
2717011563,5,0,5
2717064927,5,0,5
2718312666,5,0,5
2724192420,5,3,8
2726830540,5,1,6
2727508874,5,0,5
2728250542,5,0,5
2730262489,5,1,6
2730285917,5,0,5
2730353576,5,4,9
2730706777,5,0,5
2732868571,5,0,5
2734656574,5,0,5
2737467326,5,0,5
2738251130,5,3,8
2740275841,5,0,5
2741288788,5,0,5
2741348265,5,0,5
2742200355,5,2,7
2744807343,5,0,5
2747336108,5,0,5
2748726366,5,0,5
2749418836,5,0,5
2749425827,5,1,6
2749755846,5,1,6
2751410841,5,1,6
2752231811,5,0,5
2760679408,5,0,5
2761102302,5,0,5
2764026101,5,1,6
2764202843,5,0,5
2764515635,5,0,5
2766862088,5,4,9
2767091476,5,0,5
2767630711,5,0,5
2769789865,5,0,5
2771601152,5,0,5
2772336918,5,1,6
2774710121,5,1,6
2775880430,5,2,7
2775892105,5,26,31
2776821780,5,3,8
2777690292,5,0,5
2781101531,5,6,11
2782599564,5,0,5
2785013120,5,0,5
2786262170,5,0,5
2788032074,5,1,6
2788951832,5,1,6
2790386450,5,1,6
2790928927,5,0,5
2791593207,5,0,5
2792459741,5,0,5
2793176232,5,1,6
2796651834,5,1,6
2800715138,5,1,6
2801806555,5,0,5
2804056257,5,0,5
2805755087,5,0,5
2807308442,5,0,5
2807772698,5,0,5
2811848694,5,0,5
2811909217,5,11,16
2813576876,5,3,8
2813698417,5,7,12
2813713400,5,0,5
2815345911,5,0,5
2816431902,5,0,5
2822446117,5,1,6
2824312952,5,1,6
2829376028,5,0,5
2830570302,5,0,5
2830699590,5,0,5
2832323288,5,1,6
2835369167,5,0,5
2835393042,5,1,6
2836851158,5,0,5
2837549443,5,2,7
2838003668,5,0,5
2839414346,5,0,5
2839577375,5,0,5
2839584336,5,1,6
2839850327,5,0,5
2840386969,5,0,5
2840589443,5,0,5
2842515949,5,0,5
2847201911,5,1,6
2847677055,5,0,5
2849377274,5,7,12
2849954968,5,1,6
2850030400,5,0,5
2851974059,5,0,5
2852040209,5,1,6
2853642378,5,0,5
2853946147,5,0,5
2856632771,5,0,5
2858375682,5,1,6
2860740950,5,9,14
2862084161,5,0,5
2863357804,5,0,5
2866639611,5,44,49
2866915780,5,6,11
2869486049,5,0,5
2872973963,5,1,6
2873226371,5,36,41
2874080124,5,13,18
2875727345,5,1,6
2880683905,5,0,5
2883267648,5,0,5
2885025301,5,0,5
2885534900,5,0,5
2887798685,5,0,5
2888134319,5,0,5
2888153230,5,0,5
2890627593,5,0,5
2891529921,5,0,5
2892324196,5,13,18
2892597055,5,0,5
2893183091,5,0,5
2894976869,5,0,5
2895310407,5,3,8
2895348382,5,0,5
2896462882,5,0,5
2896818246,5,0,5
2897542293,5,0,5
2899225470,5,15,20
2902774494,5,0,5
2904100137,5,0,5
2905102353,5,0,5
2905148925,5,0,5
2906712520,5,2,7
2907470177,5,0,5
2908824336,5,0,5
2909415729,5,0,5
2912940855,5,0,5
2912971218,5,0,5
2914007180,5,0,5
2914431076,5,0,5
2915343449,5,0,5
2916920167,5,0,5
2917874408,5,0,5
2918753498,5,0,5
2919287943,5,0,5
2920735810,5,0,5
2921981104,5,3,8
2922521030,5,1,6
2924307087,5,0,5
2924396846,5,0,5
2925812427,5,0,5
2931754361,5,0,5
2934599721,5,0,5
2937532453,5,0,5
2937611510,5,1,6
2938863233,5,1,6
2940138675,5,0,5
2941049972,5,0,5
2944808063,5,2,7
2945186344,5,0,5
2945193105,5,0,5
2946693571,5,1,6
2946780894,5,0,5
2950667844,5,0,5
2952543134,5,1,6
2953703297,5,1,6
2954278909,5,7,12
2956635315,5,0,5
2958754242,5,0,5
2960125752,5,0,5
2960284153,5,1,6
2963812125,5,0,5
2975587833,5,0,5
2975648234,5,2,7
2975652699,5,1,6
2977356688,5,0,5
2983054407,5,0,5
2987513950,5,0,5
2987648555,5,9,14
2990179779,5,0,5
2993377468,5,1,6
2994834129,5,0,5
3000153181,5,1,6
3000731879,5,0,5
3000945173,5,0,5
3002200879,5,0,5
3002962012,5,0,5
3005029696,5,4,9
3006791590,5,0,5
3007047696,5,0,5
3008430194,5,0,5
3009628243,5,0,5
3010711135,5,11,16
3011482386,5,0,5
3012807852,5,0,5
3012961808,5,0,5
3015905726,5,0,5
3016732923,5,0,5
3020252128,5,0,5
3021907502,5,1,6
3026391360,5,0,5
3027191979,5,0,5
3032745635,5,7,12
3033373621,5,9,14
3036253402,5,1,6
3040002678,5,10,15
3040599623,5,0,5
3044637177,5,1,6
3044956144,5,0,5
3045138316,5,0,5
3046629363,5,0,5
3046995991,5,1,6
3047439896,5,102,107
3049233157,5,0,5
3051473370,5,1,6
3063186233,5,0,5
3063251429,5,0,5
3064857147,5,0,5
3065978167,5,0,5
3068200581,5,1,6
3071101813,5,0,5
3071815304,5,2,7
3075712116,5,1,6
3081767429,5,1,6
3083800126,5,0,5
3086892320,5,0,5
3087831816,5,0,5
3089481555,5,1,6
3092606659,5,0,5
3099529095,5,0,5
3100376340,5,1,6
3100541451,5,1,6
3100569793,5,0,5
3105860936,5,38,43
3109165606,5,0,5
3110449363,5,0,5
3111104217,5,0,5
3111592234,5,1,6
3112391119,5,1,6
3115319080,5,0,5
3116047273,5,123,128
3116717745,5,0,5
3121055939,5,0,5
3124361109,5,0,5
3124735539,5,0,5
3126786329,5,0,5
3129781465,5,18,23
3131182071,5,0,5
3131597699,5,3,8
3136749048,5,0,5
3138094147,5,22,27
3139090669,5,15,20
3139127839,5,0,5
3139172047,5,10,15
3141115500,5,0,5
3148559659,5,0,5
3148645705,5,43,48
3151451678,5,0,5
3158274637,5,0,5
3159541089,5,0,5
3161005390,5,0,5
3163114417,5,1,6
3163263830,5,0,5
3166068091,5,0,5
3166800085,5,3,8
3167931843,5,4,9
3171641272,5,1,6
3174014340,5,0,5
3177324263,5,1,6
3177543385,5,0,5
3178186847,5,2,7
3184431926,5,0,5
3188866297,5,4,9
3190479769,5,0,5
3199955861,5,0,5
3201138814,5,0,5
3206947907,5,3,8
3207422001,5,0,5
3207551351,5,0,5
3213926349,5,1,6
3221696275,5,0,5
3231733715,5,0,5
3231982123,5,0,5
3232002032,5,0,5
3233656851,5,0,5
3233789184,5,0,5
3234416528,5,0,5
3234448262,5,0,5
3234859785,5,0,5
3235412670,5,0,5
3236201541,5,0,5
3236234130,5,1,6
3237524137,5,0,5
3237607138,5,5,10
3239115734,5,1,6
3240238580,5,0,5
3241316403,5,1,6
3241933340,5,0,5
3245033344,5,4,9
3245240791,5,0,5
3246229982,5,1,6
3246407640,5,3,8
3246828812,5,9,14
3247183137,5,0,5
3251769330,5,0,5
3254256338,5,0,5
3254410275,5,0,5
3255483813,5,0,5
3256455825,5,0,5
3256617340,5,9,14
3257176458,5,9,14
3259666706,5,0,5
3261274921,5,0,5
3267586404,5,1,6
3272749531,5,6,11
3273560618,5,2,7
3275019139,5,0,5
3277064047,5,0,5
3277917302,5,2,7
3278102636,5,0,5
3280099128,5,86,91
3280383877,5,4,9
3280791900,5,0,5
3280907424,5,0,5
3281120144,5,0,5
3284974008,5,23,28
3285330997,5,3,8
3285818544,5,0,5
3288145493,5,0,5
3288948534,5,0,5
3289608937,5,2,7
3290026367,5,0,5
3290324645,5,0,5
3291426109,5,0,5
3292255936,5,0,5
3294081011,5,1,6
3294798709,5,0,5
3295710225,5,0,5
3295936240,5,0,5
3297155002,5,0,5
3297391523,5,1,6
3298217784,5,0,5
3298611344,5,0,5
3299599108,5,0,5
3299929939,5,0,5
3301222412,5,0,5
3303440338,5,3,8
3304358579,5,0,5
3305461002,5,0,5
3305538762,5,7,12
3306160258,5,6,11
3306234950,5,0,5
3306315974,5,0,5
3306511070,5,0,5
3307235526,5,0,5
3307482571,5,1,6
3308213845,5,0,5
3308952466,5,0,5
3309299572,5,0,5
3309906662,5,0,5
3310222104,5,2,7
3310943306,5,2,7
3311175180,5,1,6
3311210011,5,0,5
3311944769,5,0,5
3312160375,5,0,5
3312708703,5,0,5
3313176948,5,0,5
3313342105,5,0,5
3313960495,5,1,6
3315230767,5,0,5
3315703711,5,0,5
3316305037,5,2,7
3317738183,5,120,125
3317953693,5,0,5
3318066602,5,0,5
3318239326,5,0,5
3318240602,5,0,5
3319324028,5,2,7
3320819840,5,7,12
3321576866,5,0,5
3322639650,5,2,7
3325037513,5,0,5
3331257041,5,1,6
3331775393,5,0,5
3332713498,5,0,5
3340738217,5,1,6
3340758256,5,0,5
3340822138,5,0,5
3341173273,5,0,5
3342159983,5,0,5
3344684637,5,0,5
3345454913,5,0,5
3345810149,5,0,5
3346451062,5,1,6
3353094863,5,0,5
3355706350,5,0,5
3356018014,5,0,5
3356044510,5,0,5
3361073533,5,0,5
3363121283,5,0,5
3363373715,5,0,5
3373484592,5,0,5
3373681103,5,0,5
3379531864,5,2,7
3383647960,5,0,5
3385673861,5,0,5
3386544106,5,0,5
3387126820,5,0,5
3387726713,5,0,5
3390056915,5,1,6
3393814181,5,0,5
3394552991,5,0,5
3396234999,5,4,9
3397202115,5,1,6
3399282119,5,0,5
3400148279,5,0,5
3400568213,5,2,7
3405898131,5,1,6
3406268367,5,0,5
3407235682,5,0,5
3417802283,5,0,5
3418384394,5,0,5
3419372474,5,2,7
3421455975,5,0,5
3423033328,5,0,5
3424703297,5,0,5
3432465178,5,0,5
3432484573,5,0,5
3433383154,5,0,5
3433599424,5,3,8
3434835351,5,0,5
3438669191,5,1,6
3438893603,5,0,5
3452744123,5,0,5
3462374773,5,0,5
3462463514,5,4,9
3478386553,5,0,5
3491914219,5,0,5
3499579335,5,0,5
3502767916,5,0,5
3510922889,5,0,5
3526251856,5,0,5
3535123995,5,0,5
3535914377,5,13,18
3536073558,5,0,5
3548257701,5,3,8
3553395493,5,0,5
3561861747,5,0,5
3566357959,5,0,5
3587575572,5,0,5
3587744832,5,8,13
3594815795,5,0,5
3598656192,5,0,5
3639048135,5,2,7
3646474583,5,0,5
3655439901,5,0,5
3689630671,5,0,5
3719316499,5,0,5
3730426754,5,316,321
3740264185,5,1,6
3743254695,5,0,5
3761351175,5,0,5
3776233332,5,0,5
3795510322,5,2,7
3798690072,5,4,9
3808891033,5,1,6
3813235755,5,66,71
3819154283,5,0,5
3835186756,5,0,5
3860621475,5,0,5
3866709202,5,0,5
3866777835,5,0,5
3906714676,5,4,9
3915289876,5,1,6
3918243207,5,0,5
3919819127,5,0,5
3920109441,5,0,5
3927797495,5,0,5
3929891653,5,0,5
3939552255,5,0,5
3950264722,5,1,6
3951060802,5,2,7
3951491722,5,0,5
3953636473,5,0,5
3958327401,5,0,5
3969349692,5,7,12
3974017933,5,1,6
3977951957,5,1,6
3979396125,5,3,8
3981011358,5,0,5
3990358228,5,0,5
3994558576,5,1,6
4001866818,5,0,5
4002673187,5,0,5
4020544425,5,0,5
4024565842,5,0,5
4046629847,5,2,7
4046739737,5,0,5
4053595167,5,0,5
4053850093,5,0,5
4055911654,5,0,5
4068586762,5,0,5
4086540472,5,0,5
4120336403,5,0,5
4121686673,5,0,5
4167269321,5,0,5
4167605501,5,0,5
4172691017,5,0,5
4178361555,5,0,5
4181169573,5,1,6
4182544216,5,0,5
4185039039,5,0,5
4189528030,5,1,6
4192961459,5,2,7
4195506088,5,0,5
4195585301,5,0,5
4196436912,5,0,5
4196689699,5,0,5
4204138813,5,0,5
4214620463,5,12,17
4226213486,5,0,5
4227346179,5,9,14
4232389155,5,0,5
4260335774,5,0,5
4269888616,5,0,5
4274322680,5,1,6
4274529092,5,0,5
4275245067,5,0,5
4276158178,5,0,5
4288567272,5,4,9
4294789813,5,34,39
4297945694,5,0,5
4299161852,5,0,5
4310153967,5,0,5
4310493869,5,0,5
4312196236,5,0,5
4323507492,5,1,6
4326290722,5,0,5
4362866178,5,0,5
4374927022,5,67,72
4378590552,5,2,7
4380108683,5,0,5
4385635414,5,0,5
4395795383,5,0,5
4398911302,5,0,5
4399373477,5,0,5
4400640436,5,1,6
4414639152,5,0,5
4429506933,5,1,6
4437032120,5,0,5
4441267876,5,0,5
4441690275,5,0,5
4452031515,5,0,5
4485921612,5,0,5
4502426357,5,0,5
4505048908,5,1,6
4509525014,5,1,6
4511478738,5,0,5
4513811854,5,0,5
4522177366,5,0,5
4526852009,5,0,5
4528061079,5,1,6
4541306123,5,11,16
4546720522,5,0,5
4572080001,5,0,5
4577956162,5,0,5
4580969592,5,1,6
4581231688,5,0,5
4581906863,5,23,28
4588013803,5,0,5
4592499794,5,0,5
4596672019,5,0,5
4598879664,5,0,5
4609150995,5,0,5
4632518954,5,0,5
4633553968,5,4,9
4633856896,5,0,5
4639013834,5,2,7
4644549818,5,0,5
4645944204,5,0,5
4647876373,5,57,62
4650725172,5,0,5
4668818635,5,2,7
4687374032,5,0,5
4694146585,5,0,5
4699889377,5,1,6
4699964858,5,1,6
4700333892,5,0,5
4703563577,5,1,6
4707061449,5,1,6
4707192995,5,0,5
4714787537,5,0,5
4715348782,5,0,5
4716458810,5,0,5
4722820222,5,0,5
4723833528,5,0,5
4724924297,5,13,18
4734764059,5,1,6
4737110833,5,2,7
4737692134,5,0,5
4741687760,5,0,5
4745166192,5,0,5
4746247812,5,0,5
4747582447,5,0,5
4749727640,5,1,6
4751679884,5,0,5
4751881242,5,40,45
4756922528,5,0,5
4759176864,5,0,5
4760647532,5,0,5
4762119137,5,0,5
4767155324,5,0,5
4771899923,5,0,5
4775023345,5,0,5
4776404535,5,0,5
4780907232,5,0,5
4784406798,5,0,5
4793546294,5,13,18
4805733373,5,0,5
4808391867,5,2,7
4818219357,5,0,5
4822337289,5,0,5
4822993582,5,1,6
4827749098,5,0,5
4828246247,5,2,7
4828304911,5,1,6
4829747339,5,0,5
4831082701,5,0,5
4832063230,5,0,5
4833216857,5,0,5
4833369737,5,0,5
4834332244,5,0,5
4840470249,5,9,14
4845448487,5,3,8
4846885879,5,0,5
4847638273,5,6,11
4849995469,5,0,5
4851814744,5,0,5
4852410369,5,0,5
4853968847,5,1,6
4854375951,5,0,5
4855787511,5,0,5
4855826193,5,0,5
4856760012,5,0,5
4857709263,5,128,133
4858507392,5,19,24
4858811129,5,0,5
4861029431,5,0,5
4863875393,5,0,5
4866358786,5,1,6
4866533278,5,0,5
4867145339,5,0,5
4870825173,5,1,6
4880661494,5,0,5
4886467872,5,1,6
4889485625,5,0,5
4891339134,5,56,61
4891441384,5,0,5
4892671215,5,91,96
4892693626,5,1,6
4896399850,5,95,100
4898630573,5,0,5
4899367946,5,1,6
4899575941,5,0,5
4903491112,5,0,5
4905406865,5,0,5
4908943212,5,0,5
4911012935,5,0,5
4915582640,5,0,5
4915981217,5,1,6
4917879990,5,0,5
4923186689,5,0,5
4925814586,5,0,5
4927669917,5,0,5
695739791757963264,5,19,24
696108046812983296,5,0,5
696924884685950977,5,1,6
698677158961508353,5,1,6
699386099756445696,5,4,9
701201628158783488,5,19,24
701460781548883968,5,1,6
701467615139602432,5,0,5
701509900552298496,5,2,7
702201788250738693,5,11,16
702252464360308738,5,3,8
702342258583060480,5,4,9
702879461461659648,5,3,8
702924815955525632,5,1,6
703283022947328002,5,0,5
703300184961253376,5,0,5
703422267519275008,5,0,5
703667249987592192,5,11,16
703693674308378625,5,0,5
703726712870178816,5,4,9
703767186213457920,5,3,8
703845938696052736,5,2,7
703898335506259968,5,0,5
704126462840864768,5,0,5
704339394514309120,5,4,9
704484079517966336,5,2,7
704509152681287682,5,0,5
704808786670788608,5,1,6
704820011865657345,5,19,24
704900755187240960,5,1,6
705062892178169856,5,0,5
705158011073875968,5,1,6
705233934548754434,5,0,5
705244880147238913,5,0,5
705471382977699841,5,0,5
705546621451374592,5,0,5
705597623084822530,5,4,9
705745412628418560,5,0,5
706118602299150336,5,0,5
706427298426265600,5,0,5
706509593422090241,5,0,5
706600896625397760,5,0,5
706659845588590597,5,0,5
706886124615020544,5,0,5
707001542558294016,5,2,7
707072773059784704,5,0,5
707203063572881408,5,1,6
707361456677752834,5,5,10
707450693305704448,5,0,5
707564824859783168,5,0,5
707568387803770880,5,0,5
707678685290074112,5,0,5
707799041376186368,5,0,5
708111347867738112,5,0,5
708383218081202176,5,5,10
708471552958795776,5,0,5
708494432954220544,5,2,7
708701244634718210,5,0,5
708709317969625088,5,1,6
708809901364146176,5,0,5
708830884300873730,5,97,102
709074688002170880,5,0,5
709581460534120448,5,4,9
709588797550419968,5,0,5
709785810875371520,5,0,5
709816468330958849,5,3,8
709894001415950336,5,0,5
710094795905978370,5,0,5
710118730823557121,5,8,13
710154656752803842,5,0,5
710240209871507456,5,0,5
710472373078790145,5,17,22
710556675418161153,5,65,70
710939875869106176,5,0,5
711393652421955585,5,19,24
711449419883929600,5,0,5
711790043149369345,5,0,5
711857836268113922,5,24,29
711937446355836928,5,0,5
712188910667898880,5,0,5
712261414363144192,5,0,5
712327986452635648,5,0,5
712426381834108929,5,4,9
712444731578564612,5,0,5
712913603943333888,5,0,5
713089533538078721,5,0,5
713094969037160449,5,0,5
713157058871300097,5,0,5
713312242272481280,5,40,45
713383051170983938,5,1,6
713395881538662400,5,0,5
713416826647027713,5,1,6
713571943493009408,5,0,5
713647012709683200,5,0,5
713779197341147136,5,0,5
713877139381035008,5,2,7
713882474808352768,5,0,5
713976631434432512,5,0,5
714044468815638528,5,4,9
714142091312570368,5,0,5
714407327974076416,5,0,5
714509098297872384,5,14,19
714509850542084098,5,0,5
714651289280339972,5,1,6
714871085804732416,5,0,5
715169155876577280,5,0,5
715216686467719168,5,3,8
715285869318373376,5,1,6
715286326275211264,5,0,5
715412635139776513,5,0,5
715956097350311936,5,0,5
715988288079847424,5,0,5
716009215379316736,5,0,5
716051934269071360,5,0,5
716274220901203968,5,0,5
716322408496365569,5,0,5
716326723814629376,5,1,6
716770229032992768,5,18,23
716777989506117632,5,3,8
716867743304159232,5,0,5
717061369053380608,5,0,5
717155602904911872,5,1,6
717227362262323201,5,2,7
717407967130169348,5,0,5
717845563891326978,5,1,6
717862324204400640,5,0,5
717868897144180737,5,1,6
717956019146461184,5,0,5
718222352866275329,5,0,5
718973924319588353,5,0,5
719677789234982912,5,2,7
720263366741065728,5,0,5
720388489452228608,5,0,5
721129023401762816,5,0,5
721223914538438657,5,0,5
721365301267460097,5,0,5
721764641597210624,5,0,5
721850419471912961,5,2,7
722471656451612673,5,1,6
722567082810978305,5,0,5
722825373260636161,5,2,7
723312129009283072,5,0,5
723562146345394177,5,0,5
723673536578072576,5,0,5
724060931999817728,5,0,5
724290202613616642,5,6,11
724403458351071235,5,0,5
724716039712329728,5,0,5
725008376887914496,5,0,5
725018422560567296,5,0,5
725820856245620737,5,0,5
725822369214787584,5,2,7
725860162821451776,5,1,6
726048569296211968,5,46,51
726388248273117185,5,0,5
726403286878818304,5,0,5
726484313672392704,5,0,5
726856525478686721,5,0,5
727287712957497344,5,1,6
727465726810968064,5,7,12
727516295680417793,5,2,7
727981283968581632,5,0,5
728030104174141440,5,0,5
728246794094673921,5,1,6
728427555645104128,5,0,5
728549049675198464,5,1,6
728728632726687744,5,2,7
729132587462070273,5,0,5
729362750137212930,5,0,5
729401711622770688,5,23,28
729421732994502656,5,0,5
729472578847285248,5,0,5
729815259482075137,5,1,6
730095757550866433,5,0,5
730308155905695745,5,0,5
730585256504348672,5,0,5
730595439565787137,5,2,7
730667932766834688,5,0,5
731150326330445826,5,1,6
731359353605787649,5,0,5
731585462255661057,5,0,5
731625421956128768,5,1,6
732217460536049666,5,0,5
732387407211986948,5,1,6
732414889507971072,5,0,5
732693746584690688,5,0,5
732739380348096512,5,0,5
732835755576467456,5,1,6
732973966734688256,5,0,5
733110331052949504,5,1,6
733431709929181184,5,0,5
733470266383294466,5,0,5
733851750092832769,5,1,6
734108696196714497,5,0,5
734434977761263616,5,0,5
734675698485501953,5,0,5
734974201552068609,5,0,5
735084049446756352,5,0,5
735086823639293956,5,0,5
735131723063693312,5,14,19
735672316902805507,5,1,6
735851155180388352,5,0,5
736233219008266241,5,2,7
736338993881731073,5,0,5
736448346957701120,5,0,5
736477513162084352,5,0,5
736620920064737282,5,266,271
736627642502393856,5,0,5
736708840465518592,5,0,5
736907430681010176,5,0,5
737009288103747584,5,0,5
737086871906324480,5,7,12
737533078252331008,5,0,5
737644317326577665,5,0,5
737833168531783680,5,1,6
738089545158295552,5,24,29
738186707799941120,5,0,5
738402785268367361,5,0,5
738472648552919041,5,0,5
738850501517676544,5,44,49
738980966245371904,5,0,5
739372203104337920,5,0,5
739407554594275328,5,2,7
739514344959037440,5,0,5
739605765577682944,5,0,5
739810854699438080,5,0,5
740157123493920769,5,1,6
740492028140761088,5,0,5
740656379501875200,5,1,6
741129755131564032,5,0,5
741336240264519680,5,0,5
741374015982305282,5,0,5
741586924914257920,5,0,5
741629919650795520,5,2,7
741807777194987521,5,0,5
741975055412924420,5,0,5
742080332699033600,5,2,7
742105056862867456,5,1,6
742405429368619010,5,0,5
742823285382090752,5,0,5
742855195063812098,5,0,5
742912770744537088,5,0,5
742953715418730496,5,0,5
743012251326631936,5,0,5
743550901156192256,5,0,5
743601050821615616,5,34,39
743736677894496257,5,0,5
743777119067602944,5,0,5
743823780099719168,5,0,5
744611145445683200,5,0,5
744650218843611138,5,0,5
744999951797616641,5,0,5
745301662923886592,5,0,5
745727473514516480,5,4,9
746451883598942209,5,0,5
746495106774147072,5,1,6
746887280586002432,5,1,6
747093571140984833,5,0,5
747215940992000000,5,0,5
747341653065641984,5,0,5
747531480436400128,5,20,25
748018215159226369,5,0,5
748025841309847552,5,0,5
748131862472724480,5,0,5
748145621127704576,5,0,5
748275113112535040,5,0,5
749447004099604480,5,0,5
749898404919177216,5,0,5
750222631283089408,5,0,5
750357855409242112,5,0,5
750425106233565184,5,53,58
750434262483017728,5,0,5
750651042082197504,5,0,5
750672228384137216,5,0,5
750688557975691264,5,0,5
751059576259239936,5,0,5
751117897427214336,5,1,6
751147404649529344,5,0,5
751437242078343168,5,0,5
751462880613003265,5,0,5
751918459638849536,5,0,5
751926491685027840,5,0,5
752209003812380672,5,0,5
752398510750830592,5,0,5
752676630577893376,5,6,11
752687887003426816,5,4,9
752896090681204737,5,0,5
752916483982790657,5,0,5
753135601440948228,5,0,5
753191434887565312,5,0,5
753225643072946177,5,0,5
753244227845304320,5,4,9
753550542819827716,5,0,5
753562068272504832,5,0,5
753655443902242817,5,1,6
753664239848525824,5,0,5
753802385210957824,5,32,37
753963230867836931,5,0,5
753974664041533440,5,0,5
754009951312416769,5,1,6
754256270148853760,5,0,5
754375296711655425,5,0,5
754797085862481920,5,0,5
755143419010351105,5,1,6
755233454724354050,5,0,5
755233809340174336,5,5,10
755480309739560960,5,1,6
755734919289200641,5,1,6
755762223335677954,5,0,5
755913767376998401,5,12,17
755947508421894144,5,2,7
756017336818237440,5,1,6
756139332390490112,5,0,5
756175868272250880,5,1,6
756293586992308224,5,1,6
756551307964641280,5,0,5
756725187479937026,5,0,5
756865390764961792,5,2,7
756896486076641281,5,2,7
756938598616748032,5,3,8
756957691654901760,5,1,6
756966268616347648,5,0,5
756975867121860608,5,0,5
757004480000950273,5,0,5
757197001045999617,5,1,6
757223425169436672,5,0,5
757241185966497792,5,1,6
757265227062751232,5,0,5
757265529534976000,5,5,10
757314658793426948,5,0,5
757317851866857473,5,1,6
757320257497403394,5,0,5
757404475598381056,5,0,5
757520254302035968,5,0,5
757819729444646912,5,6,11
757976906583203841,5,0,5
758094385829388288,5,2,7
758128274790809600,5,0,5
758131736815427584,5,0,5
758410395124166656,5,4,9
758436998486986752,5,1,6
758437587748990977,5,0,5
758620693391040512,5,0,5
758848120604155907,5,0,5
758852387901542405,5,0,5
759051071528374274,5,1,6
759161319069220864,5,0,5
759192913217589248,5,0,5
759551000260775937,5,13,18
759600740247543808,5,10,15
759610292170919936,5,0,5
759866400374743040,5,0,5
759980404015140864,5,0,5
760115421387169794,5,1,6
760197316837904384,5,0,5
760246686685986816,5,0,5
760557014900678656,5,0,5
760563847082151937,5,0,5
760581460726132736,5,0,5
760913503850856448,5,0,5
761219674629472256,5,1,6
761596553215746048,5,0,5
761944121728610306,5,2,7
762178298558283776,5,0,5
762340949716570112,5,7,12
762371449419993088,5,0,5
762377820282552320,5,0,5
762675530479132672,5,0,5
762683090355494913,5,0,5
763092745145704449,5,0,5
763145545942650881,5,1,6
763165159913291776,5,0,5
763191014110605312,5,0,5
763196199365206017,5,0,5
763332744587993088,5,0,5
763390950555000832,5,0,5
763477285336977408,5,0,5
763536570246922240,5,1,6
763575823257382912,5,0,5
763602176195252226,5,0,5
763719840225959936,5,7,12
763864434716573696,5,0,5
764265650818719744,5,1,6
764716904564928512,5,0,5
764792306104954880,5,0,5
764942798432993280,5,0,5
764944052156375040,5,0,5
765073212073971712,5,0,5
765078400713183232,5,0,5
765260369325461504,5,0,5
765304032445554688,5,0,5
765426582244564993,5,0,5
765503026748530688,5,0,5
765758146321285120,5,7,12
766542312704913408,5,0,5
766583220993425409,5,0,5
766705675925917700,5,7,12
766747009021804544,5,0,5
766748308282847232,5,0,5
767089874474143744,5,1,6
767125786402914304,5,0,5
767200483111043072,5,0,5
767283464299315200,5,1,6
767361567583199232,5,0,5
767430413258153984,5,0,5
767724763527598081,5,2,7
767916833169149952,5,0,5
768125778122858496,5,1,6
768155490727632896,5,1,6
768195195036925953,5,1,6
768451035215953920,5,0,5
768500251632078848,5,0,5
769643317822836736,5,0,5
769653943899070464,5,0,5
769655231424503808,5,0,5
769755685370236928,5,0,5
769774000125784068,5,1,6
769982832093564928,5,0,5
770035651182006276,5,0,5
770344045042204672,5,0,5
770345115785232384,5,0,5
770798972092948480,5,1,6
770833823042932736,5,0,5
771019973107994624,5,0,5
771056847126163457,5,0,5
771070959155552257,5,0,5
771730480534286337,5,0,5
772019211711283200,5,0,5
772064355462426625,5,0,5
772073960372523009,5,0,5
772120564454428674,5,0,5
773010062537289728,5,0,5
773234372648599553,5,11,16
773265237982064640,5,0,5
773432508260179968,5,0,5
773612822467141632,5,1,6
773664427921080320,5,0,5
773695138908479488,5,2,7
773751029456396292,5,0,5
773914622395113473,5,0,5
773944355409330176,5,0,5
774236597088841728,5,0,5
774270415363514368,5,0,5
774473491961749505,5,0,5
774590354133774336,5,0,5
774612502109753344,5,0,5
774746025743486976,5,2,7
774822082731315200,5,0,5
774841352047632386,5,0,5
775026961617936384,5,0,5
775071230877511680,5,0,5
775180763683627008,5,0,5
775896460026122240,5,0,5
776858293063024641,5,0,5
777158520194072576,5,0,5
777177461905825792,5,0,5
777297611032178688,5,0,5
777304535719108609,5,0,5
777322996616671232,5,0,5
777664836117291010,5,0,5
777677287344836608,5,0,5
777872082222931968,5,0,5
777883544924352512,5,1,6
777970148636520448,5,0,5
778093556259061760,5,0,5
778164937541779456,5,0,5
778317347174187008,5,0,5
778745689920540676,5,1,6
778760874823671809,5,1,6
778812031256240128,5,0,5
778815970529771520,5,0,5
778929359826456577,5,0,5
779040252228882432,5,0,5
779197317601779712,5,0,5
779246779556651008,5,1,6
779338328831201280,5,0,5
779630435529846784,5,6,11
779819048154509312,5,0,5
779836502272507904,5,0,5
779890695695896576,5,0,5
780190626872713217,5,1,6
780443094210715648,5,0,5
780476178972995584,5,0,5
780530651883634688,5,0,5
780532728991064064,5,0,5
780580428323229698,5,7,12
780605241200738308,5,0,5
780702455348629505,5,0,5
780804581747941376,5,16,21
780864112502771712,5,0,5
781150740853223425,5,0,5
781164880971857920,5,0,5
781305129807020033,5,0,5
781334565990305792,5,0,5
781440215529447424,5,0,5
781532453299040260,5,0,5
781626458745794560,5,1,6
781749158130704384,5,0,5
781838167397642240,5,2,7
781962778441547776,5,0,5
781992137143439361,5,1,6
782083003950460928,5,0,5
782093242934243328,5,0,5
782101894210678784,5,0,5
782331319313240064,5,0,5
782675973569257472,5,1,6
782711842678251521,5,0,5
783336539962998784,5,0,5
783467904503255040,5,0,5
784132281581572096,5,0,5
784298048084029440,5,1,6
784527815827918849,5,1,6
784754129348468736,5,1,6
784953211891298304,5,1,6
785014086262149120,5,0,5
785180421831131136,5,0,5
785285498046550017,5,1,6
785291759987335168,5,0,5
785315282474586112,5,0,5
785390177925537792,5,0,5
785430074417881089,5,0,5
785567473437380608,5,0,5
785581842845999104,5,0,5
785674458619056128,5,0,5
785695919958134784,5,0,5
785696250741993473,5,1,6
785861752361746433,5,0,5
785888713180082177,5,1,6
785895726236643328,5,1,6
786203928966762496,5,0,5
786226464542879745,5,0,5
786246698310008832,5,0,5
786298548891430912,5,1,6
786402277598691332,5,0,5
786412185383677953,5,0,5
786445548702142465,5,0,5
786483155012386816,5,2,7
786656240445161472,5,1,6
786722639670874112,5,3,8
786785846892503040,5,0,5
787011646539661320,5,4,9
787089269437272064,5,1,6
787123178762108929,5,0,5
787262804281524225,5,0,5
787321641823068161,5,3,8
787333518426857472,5,0,5
787368751997984768,5,1,6
787443245294899200,5,1,6
787669938982916096,5,2,7
787785304937758724,5,0,5
787828505476116480,5,0,5
788159522430935040,5,0,5
788171342189359108,5,0,5
788202661166194688,5,5,10
788206331819921408,5,0,5
788388396427128832,5,2,7
788432510778683392,5,0,5
788470683114221568,5,0,5
788493963686621184,5,0,5
788574973421981696,5,0,5
788575983469199360,5,0,5
788760392986091520,5,0,5
788922104364277761,5,0,5
788926229529321472,5,0,5
788988203197992960,5,0,5
789060800572948480,5,0,5
789252280901959680,5,1,6
789467179066400768,5,0,5
789843907156725761,5,0,5
789897837358317570,5,5,10
789944111654539264,5,0,5
790027965614686208,5,1,6
790207421339799552,5,0,5
790320398047014912,5,0,5
790903925620617216,5,0,5
790908552382586888,5,0,5
791303913232302080,5,0,5
791687308982517760,5,1,6
791694882314137600,5,0,5
791805032370991104,5,1,6
791932112798494720,5,0,5
791936016521105408,5,0,5
791939370387255300,5,0,5
791941577987928064,5,0,5
791958492697419776,5,0,5
792020859766603777,5,0,5
792023461493370880,5,0,5
792026553601429504,5,0,5
792028334620377088,5,0,5
792030853010522112,5,0,5
792134143920386048,5,3,8
792309412711063554,5,1,6
792822549457633280,5,0,5
792829410219069440,5,0,5
792855156945723392,5,0,5
792858673513017344,5,0,5
792921686152650752,5,0,5
793089919329665025,5,0,5
793853584332951552,5,0,5
794166902025310209,5,0,5
794236855159902208,5,0,5
794247421706506240,5,0,5
794308903173386240,5,2,7
794383258259689472,5,0,5
794646867284021258,5,0,5
794686375178092544,5,2,7
794712615423504384,5,0,5
795458242398842884,5,0,5
795667455771295744,5,0,5
795685010363846657,5,0,5
796054993778380801,5,0,5
796079340685557760,5,0,5
796172237799886848,5,0,5
796200048665227264,5,0,5
796209915572293632,5,0,5
796490435958976512,5,0,5
796506083690942464,5,0,5
796706724065357824,5,0,5
796735466510819328,5,0,5
796840357350633472,5,1,6
796951595376316416,5,0,5
797019566685777921,5,2,7
797081319515811840,5,0,5
797136732995153920,5,0,5
797476962411417600,5,0,5
797542409294868480,5,0,5
798170916693966852,5,0,5
798226235348447232,5,0,5
798288079282905088,5,2,7
798662653153378304,5,0,5
798725233838587904,5,0,5
800269511718879234,5,1,6
801628387596963840,5,1,6
804465659908390912,5,0,5
805038617638866944,5,0,5
20383,4,0,4
66393,4,30,34
752193,4,2,6
755990,4,7,11
801882,4,2,6
1781551,4,1,5
1933161,4,3,7
1939761,4,1,5
2213981,4,29,33
3393781,4,6,10
3632161,4,18,22
3817401,4,14,18
4547281,4,7,11
5399012,4,0,4
5952352,4,0,4
6103812,4,0,4
6111852,4,3,7
6174712,4,1,5
6181532,4,4,8
6268872,4,2,6
6425382,4,0,4
6499252,4,2,6
6961462,4,0,4
7306602,4,21,25
7465622,4,21,25
7855062,4,3,7
8000812,4,2,6
8022162,4,0,4
8252122,4,16,20
8691502,4,8,12
8714462,4,1,5
8931972,4,1,5
10448062,4,1,5
10695762,4,3,7
10717092,4,10,14
10726912,4,3,7
11246242,4,1,5
11394562,4,7,11
11542942,4,0,4
11638612,4,0,4
11664322,4,14,18
12817332,4,1,5
13352392,4,27,31
13540762,4,1,5
13753532,4,6,10
14009392,4,9,13
14099393,4,0,4
14116534,4,1,5
14151760,4,0,4
14178288,4,1,5
14221620,4,1,5
14295607,4,11,15
14299938,4,4,8
14347574,4,1,5
14348000,4,0,4
14451009,4,0,4
14497413,4,0,4
14544591,4,0,4
14551462,4,6,10
14565372,4,0,4
14579229,4,18,22
14685256,4,12,16
14687971,4,1,5
14745623,4,0,4
14764149,4,57,61
14764623,4,58,62
14770131,4,22,26
14781081,4,0,4
14790578,4,5,9
14798210,4,0,4
14808307,4,66,70
14814544,4,25,29
14819311,4,6,10
14922512,4,5,9
15080526,4,0,4
15102547,4,10,14
15112244,4,20,24
15129460,4,21,25
15151163,4,1,5
15185504,4,0,4
15224719,4,0,4
15253950,4,13,17
15292715,4,0,4
15292813,4,21,25
15314386,4,3,7
15482100,4,3,7
15504190,4,1,5
15568497,4,16,20
15594195,4,0,4
15639786,4,5,9
15681823,4,0,4
15696011,4,0,4
15700350,4,1,5
15727032,4,1,5
15732058,4,5,9
15751272,4,1,5
15761785,4,2,6
15777004,4,2,6
15777611,4,14,18
15810854,4,7,11
15819914,4,0,4
15829624,4,0,4
15840508,4,0,4
15876049,4,0,4
15878120,4,12,16
15891995,4,3,7
15909798,4,2,6
15993485,4,1,5
16008717,4,32,36
16019341,4,1,5
16024596,4,3,7
16071723,4,19,23
16097979,4,0,4
16116288,4,24,28
16127084,4,0,4
16142179,4,6,10
16156052,4,12,16
16160950,4,25,29
16190068,4,32,36
16207323,4,1,5
16290599,4,8,12
16296194,4,0,4
16348888,4,1,5
16352927,4,6,10
16400248,4,6,10
16404253,4,0,4
16426426,4,1,5
16427096,4,6,10
16443491,4,4,8
16459724,4,1,5
16463639,4,1,5
16464126,4,9,13
16538850,4,0,4
16569663,4,12,16
16579411,4,10,14
16615932,4,0,4
16641078,4,7,11
16650480,4,5,9
16689075,4,0,4
16713534,4,7,11
16734195,4,0,4
16751546,4,7,11
16752148,4,0,4
16843404,4,58,62
16849112,4,0,4
16856875,4,14,18
16917672,4,0,4
16955657,4,0,4
17012707,4,9,13
17049899,4,1,5
17063728,4,45,49
17119618,4,0,4
17147132,4,11,15
17150521,4,2,6
17179747,4,5,9
17197378,4,0,4
17203859,4,3,7
17240745,4,0,4
17311373,4,10,14
17432629,4,0,4
17434343,4,1,5
17437437,4,4,8
17524863,4,10,14
17563807,4,2,6
17567847,4,0,4
17621578,4,6,10
17656204,4,32,36
17667885,4,0,4
17689841,4,0,4
17693910,4,3,7
17720657,4,26,30
17801282,4,5,9
17801629,4,6,10
17809475,4,0,4
17825469,4,3,7
17881467,4,1,5
17885850,4,0,4
17891328,4,0,4
17951903,4,0,4
17984687,4,4,8
17985614,4,3,7
18022320,4,37,41
18025377,4,5,9
18056290,4,6,10
18079161,4,0,4
18125935,4,2,6
18171319,4,0,4
18185339,4,38,42
18236195,4,0,4
18293302,4,3,7
18302779,4,0,4
18315361,4,0,4
18327851,4,0,4
18332229,4,1,5
18346556,4,1,5
18350634,4,0,4
18523351,4,2,6
18554585,4,0,4
18557458,4,133,137
18565000,4,1,5
18651836,4,0,4
18656319,4,0,4
18665937,4,21,25
18887534,4,14,18
18949311,4,6,10
19015136,4,0,4
19015873,4,3,7
19050225,4,1,5
19087309,4,1,5
19087651,4,82,86
19095942,4,0,4
19123904,4,7,11
19148087,4,0,4
19174197,4,4,8
19217369,4,11,15
19270376,4,1,5
19345311,4,0,4
19360843,4,1,5
19379441,4,0,4
19419281,4,1,5
19429449,4,68,72
19432960,4,0,4
19441063,4,0,4
19579501,4,8,12
19618562,4,22,26
19652989,4,38,42
19742164,4,15,19
19802053,4,0,4
19833346,4,1,5
19867477,4,6,10
19876846,4,0,4
19887562,4,1,5
19952922,4,0,4
19994367,4,5,9
20000141,4,0,4
20201783,4,1,5
20207640,4,0,4
20217981,4,1,5
20218024,4,19,23
20222791,4,5,9
20232176,4,0,4
20245021,4,0,4
20251379,4,47,51
20275396,4,0,4
20324290,4,0,4
20343039,4,0,4
20363480,4,2,6
20371539,4,0,4
20399700,4,0,4
20442002,4,2,6
20452068,4,0,4
20463917,4,4,8
20466413,4,3,7
20467453,4,9,13
20518400,4,0,4
20523288,4,0,4
20565523,4,51,55
20594278,4,121,125
20645046,4,10,14
20825532,4,2,6
20830711,4,25,29
20846032,4,7,11
20939231,4,13,17
20992390,4,0,4
21013856,4,0,4
21053119,4,9,13
21131128,4,0,4
21186068,4,0,4
21205518,4,0,4
21423744,4,2,6
21450106,4,1,5
21450200,4,0,4
21486900,4,2,6
21603276,4,1,5
21610240,4,4,8
21619958,4,17,21
21725017,4,0,4
21740249,4,3,7
21745396,4,0,4
21749564,4,19,23
21878016,4,0,4
21892624,4,1,5
21907004,4,9,13
21936222,4,21,25
21952044,4,18,22
22007227,4,0,4
22024242,4,0,4
22096541,4,0,4
22171935,4,0,4
22193407,4,0,4
22463719,4,1,5
22521769,4,0,4
22531740,4,0,4
22569539,4,0,4
22583583,4,14,18
22643800,4,1,5
22657914,4,1,5
22707540,4,2,6
22740770,4,0,4
22807245,4,0,4
22813823,4,1,5
22814246,4,1,5
22903265,4,6,10
22926791,4,150,154
22953841,4,3,7
22956115,4,11,15
22960774,4,14,18
22985753,4,0,4
23023227,4,0,4
23046474,4,9,13
23076096,4,0,4
23104999,4,0,4
23128481,4,0,4
23145486,4,0,4
23215159,4,0,4
23217897,4,9,13
23329416,4,0,4
23373309,4,1,5
23413579,4,5,9
23458084,4,2,6
23486441,4,0,4
23520927,4,10,14
23568996,4,0,4
23764972,4,0,4
23778397,4,0,4
23819817,4,0,4
23890856,4,23,27
23913367,4,1,5
23915797,4,1,5
23930286,4,2,6
23946282,4,0,4
23983382,4,31,35
24047487,4,0,4
24068675,4,0,4
24071387,4,1,5
24086316,4,2,6
24130824,4,2,6
24157897,4,0,4
24337475,4,0,4
24384924,4,0,4
24404720,4,80,84
24426998,4,0,4
24428699,4,16,20
24462109,4,7,11
24488036,4,0,4
24492898,4,0,4
24501569,4,0,4
24558984,4,0,4
24566830,4,6,10
24572709,4,0,4
24610050,4,0,4
24631428,4,2,6
24663858,4,6,10
24721481,4,43,47
24853554,4,53,57
24925810,4,5,9
24968202,4,0,4
25011679,4,0,4
25037512,4,17,21
25070117,4,49,53
25137487,4,1,5
25178951,4,39,43
25205709,4,0,4
25271677,4,0,4
25299827,4,3,7
25335861,4,0,4
25352814,4,0,4
25400168,4,2,6
25416468,4,3,7
25444400,4,0,4
25610240,4,5,9
25661441,4,61,65
25677506,4,20,24
25726800,4,40,44
25731579,4,1,5
25887143,4,1,5
25890025,4,27,31
25898777,4,8,12
25952311,4,0,4
26102828,4,0,4
26189724,4,0,4
26277130,4,0,4
26509309,4,0,4
26527599,4,0,4
26533828,4,1,5
26653826,4,0,4
26804529,4,0,4
26914445,4,0,4
26946683,4,7,11
27246538,4,1,5
27255008,4,0,4
27269520,4,0,4
27390300,4,0,4
27488996,4,2,6
27518994,4,13,17
27538881,4,5,9
27549306,4,0,4
27555269,4,0,4
27646146,4,0,4
27767780,4,0,4
27819140,4,1,5
27866537,4,0,4
27936119,4,0,4
28166035,4,1,5
28225423,4,0,4
28256674,4,0,4
28263208,4,8,12
28264025,4,11,15
28297725,4,0,4
28329838,4,0,4
28368046,4,0,4
28384772,4,0,4
28405219,4,1,5
28442342,4,0,4
28452459,4,0,4
28574012,4,0,4
28632611,4,3,7
28702903,4,0,4
28808056,4,1,5
28916600,4,2,6
28958947,4,9,13
29201013,4,1,5
29499313,4,31,35
29534604,4,4,8
29577611,4,0,4
29580004,4,6,10
29593772,4,0,4
29608140,4,3,7
29657174,4,0,4
29756006,4,1,5
29801410,4,0,4
29908821,4,0,4
29925696,4,5,9
29929012,4,0,4
30039119,4,17,21
30077043,4,90,94
30101182,4,3,7
30155403,4,30,34
30192895,4,5,9
30269169,4,0,4
30451813,4,5,9
30492099,4,0,4
30512792,4,0,4
30596782,4,0,4
30741887,4,0,4
30760896,4,0,4
30997438,4,0,4
31023959,4,27,31
31066934,4,0,4
31212830,4,80,84
31441775,4,3,7
31532083,4,8,12
31589010,4,0,4
32227249,4,2,6
32229940,4,104,108
32270078,4,16,20
32424830,4,13,17
32446371,4,6,10
32517854,4,0,4
32695054,4,1,5
32739743,4,3,7
32749642,4,19,23
32794999,4,5,9
32828718,4,7,11
32906844,4,0,4
32978576,4,0,4
33127942,4,0,4
33133961,4,2,6
33217739,4,0,4
33258165,4,0,4
33525761,4,34,38
33545031,4,4,8
33545544,4,60,64
33691326,4,0,4
33778733,4,0,4
33790496,4,45,49
33827083,4,23,27
34103349,4,0,4
34128870,4,11,15
34284291,4,299,303
34432458,4,6,10
34472471,4,0,4
34643610,4,17,21
34646040,4,4,8
34665579,4,0,4
34691612,4,1,5
34695439,4,0,4
34729275,4,10,14
34750300,4,0,4
34797916,4,2,6
34831910,4,13,17
34926024,4,4,8
35261616,4,3,7
35471649,4,0,4
35492179,4,0,4
35516536,4,2,6
35596809,4,0,4
35711901,4,0,4
35756258,4,0,4
36164587,4,4,8
36227175,4,5,9
36280454,4,2,6
36459099,4,0,4
36471436,4,0,4
36558697,4,1,5
36575786,4,64,68
36606483,4,0,4
36651871,4,4,8
36713709,4,2,6
36719199,4,0,4
36735694,4,0,4
37002806,4,3,7
37225268,4,0,4
37276762,4,6,10
37448807,4,0,4
37468120,4,0,4
37621081,4,0,4
37702243,4,6,10
37824544,4,0,4
38036708,4,3,7
38079050,4,0,4
38102545,4,0,4
38346040,4,0,4
38351641,4,3,7
38516483,4,0,4
38540813,4,2,6
38542485,4,2,6
38575140,4,4,8
38578030,4,0,4
38592746,4,29,33
38862499,4,0,4
38965083,4,4,8
38983620,4,0,4
39003445,4,0,4
39113421,4,0,4
39146117,4,3,7
39239729,4,0,4
39365037,4,1,5
39567488,4,47,51
39594529,4,0,4
39626368,4,12,16
39744816,4,1,5
39773487,4,1,5
39818433,4,0,4
39823745,4,0,4
39884944,4,0,4
40098616,4,1,5
40277679,4,26,30
40290712,4,0,4
40480853,4,0,4
40494383,4,0,4
40520258,4,23,27
40548302,4,0,4
40681552,4,0,4
40706704,4,2,6
40821929,4,0,4
40868211,4,0,4
41151669,4,0,4
41185956,4,0,4
41214813,4,6,10
41238281,4,6,10
41263392,4,7,11
41273470,4,17,21
41506814,4,6,10
41577387,4,0,4
41639367,4,3,7
41655374,4,0,4
41791994,4,3,7
41868400,4,1,5
41871672,4,0,4
41892854,4,0,4
41929478,4,0,4
42199002,4,0,4
42222564,4,0,4
42442293,4,0,4
42577934,4,3,7
42666106,4,2,6
42711266,4,1,5
42723768,4,0,4
42830751,4,0,4
42842577,4,2,6
42961113,4,0,4
43014978,4,24,28
43232298,4,1,5
43295161,4,1,5
43341535,4,97,101
43356270,4,1,5
43412564,4,2,6
43604215,4,0,4
43784448,4,0,4
44098068,4,0,4
44276290,4,0,4
44346105,4,0,4
44442937,4,0,4
44804947,4,2,6
44864613,4,0,4
44898312,4,0,4
44903052,4,0,4
44974266,4,0,4
45012313,4,0,4
45156531,4,3,7
45187064,4,0,4
45228934,4,0,4
45435723,4,2,6
45548040,4,0,4
45562779,4,0,4
45790969,4,0,4
45909352,4,0,4
46289472,4,96,100
46298904,4,0,4
46443735,4,0,4
46684115,4,11,15
46794513,4,0,4
47034524,4,19,23
47103677,4,0,4
47111748,4,4,8
47127389,4,25,29
47204272,4,64,68
47240255,4,6,10
47324407,4,0,4
47359542,4,3,7
47379354,4,14,18
47399375,4,4,8
47465055,4,0,4
47472487,4,0,4
47534597,4,1,5
47663197,4,0,4
47692016,4,0,4
47764132,4,1,5
47778725,4,0,4
47978265,4,0,4
47986037,4,22,26
48048635,4,0,4
48385381,4,1,5
48599448,4,96,100
48670786,4,0,4
48889742,4,2,6
48911858,4,35,39
49065637,4,0,4
49082191,4,6,10
49195705,4,0,4
49216839,4,4,8
49344183,4,23,27
49724410,4,0,4
49762342,4,3,7
49798696,4,0,4
49893262,4,3,7
49902718,4,0,4
50082136,4,0,4
50097506,4,0,4
50146728,4,2,6
50164833,4,0,4
50164965,4,0,4
50206233,4,2,6
50289387,4,10,14
50364213,4,0,4
50530283,4,7,11
50769900,4,3,7
51087180,4,2,6
51126479,4,0,4
51322851,4,0,4
51565649,4,0,4
51740855,4,0,4
51917963,4,0,4
52092460,4,0,4
52189673,4,2,6
52211584,4,0,4
52775929,4,0,4
52902903,4,0,4
53215420,4,0,4
53309297,4,50,54
53313918,4,7,11
53673435,4,0,4
53686349,4,1,5
53709019,4,0,4
53798526,4,1,5
53900837,4,0,4
54224066,4,0,4
54346260,4,0,4
54729876,4,13,17
54864851,4,1,5
54946944,4,1,5
55067249,4,3,7
55163750,4,0,4
55281765,4,0,4
55285804,4,1,5
55476641,4,0,4
55826938,4,4,8
56145837,4,1,5
56212918,4,140,144
56355788,4,0,4
56601859,4,8,12
56662975,4,0,4
56889373,4,3,7
57034610,4,0,4
57143767,4,5,9
57314318,4,21,25
57732036,4,0,4
57813371,4,0,4
57940344,4,0,4
58137965,4,0,4
58313121,4,0,4
58604491,4,0,4
59034611,4,10,14
59062472,4,0,4
59222430,4,0,4
59804843,4,0,4
59821348,4,3,7
60145314,4,0,4
60195990,4,0,4
60415955,4,0,4
60741407,4,1,5
60815272,4,0,4
60913400,4,4,8
61024949,4,0,4
61375665,4,1,5
61376729,4,0,4
61682146,4,0,4
61872246,4,0,4
61872285,4,0,4
61872915,4,0,4
62075060,4,10,14
62210005,4,1,5
62223151,4,0,4
62357288,4,0,4
62885339,4,0,4
62975777,4,0,4
63105123,4,0,4
63137367,4,0,4
63299877,4,1,5
63686127,4,0,4
63692102,4,0,4
63761348,4,0,4
63868668,4,0,4
64026057,4,0,4
64164813,4,0,4
64177263,4,0,4
64205894,4,1,5
64335872,4,3,7
64427100,4,0,4
64570308,4,0,4
65074132,4,0,4
65155583,4,1,5
65191803,4,11,15
65257429,4,10,14
65272235,4,59,63
65772744,4,0,4
65784384,4,0,4
65931664,4,4,8
66006900,4,1,5
66042325,4,2,6
66137053,4,9,13
66265797,4,0,4
66314548,4,0,4
66577512,4,0,4
66790667,4,0,4
66877373,4,0,4
66988729,4,3,7
67397666,4,1,5
67477641,4,2,6
67895192,4,0,4
68323065,4,0,4
68472133,4,11,15
68995621,4,0,4
69171795,4,8,12
69281569,4,2,6
69340374,4,0,4
69593507,4,0,4
69616567,4,0,4
70274970,4,0,4
70526065,4,2,6
70741170,4,0,4
70838833,4,0,4
70855296,4,0,4
71005583,4,0,4
71137977,4,0,4
71582720,4,16,20
71728178,4,1,5
72468088,4,1,5
72475383,4,0,4
72850869,4,6,10
73026037,4,0,4
73086423,4,7,11
73237372,4,1,5
73550401,4,1,5
73662599,4,1,5
74014041,4,11,15
74064738,4,0,4
75009415,4,0,4
75110224,4,0,4
75175465,4,4,8
75377544,4,4,8
75519984,4,0,4
76071297,4,0,4
76574312,4,138,142
76919161,4,2,6
77279038,4,0,4
77316704,4,0,4
77651007,4,2,6
78135684,4,26,30
78212037,4,0,4
78327947,4,0,4
78507634,4,0,4
78521102,4,0,4
78875598,4,0,4
78905851,4,0,4
79066798,4,3,7
79732988,4,5,9
79985616,4,0,4
80037402,4,1,5
80049059,4,0,4
80097292,4,7,11
80150372,4,0,4
80184795,4,0,4
81230492,4,0,4
81279789,4,0,4
81375342,4,3,7
81595627,4,0,4
81821096,4,28,32
82235240,4,0,4
82341885,4,2,6
82343878,4,0,4
82369457,4,54,58
82397508,4,0,4
82461263,4,3,7
82544380,4,1,5
82904917,4,11,15
83274197,4,8,12
83447726,4,0,4
83502611,4,29,33
84204553,4,3,7
84303941,4,0,4
84384601,4,31,35
84631104,4,1,5
84683561,4,0,4
85467328,4,0,4
85686289,4,0,4
85847693,4,0,4
86035869,4,0,4
86246296,4,0,4
86810384,4,0,4
87075294,4,1,5
87333816,4,0,4
87340597,4,13,17
87889789,4,1,5
87937530,4,9,13
88438025,4,0,4
88440819,4,0,4
88583013,4,0,4
88749392,4,3,7
88975148,4,0,4
89047747,4,0,4
89097419,4,0,4
89287551,4,0,4
89725278,4,0,4
89791272,4,1,5
89826972,4,0,4
90468233,4,0,4
90651748,4,0,4
91113498,4,0,4
91947178,4,0,4
92184482,4,3,7
92371445,4,0,4
92628487,4,1,5
93025626,4,0,4
93069110,4,9,13
93253134,4,0,4
93490860,4,0,4
93493910,4,21,25
93739841,4,0,4
93884060,4,0,4
93961500,4,0,4
93963674,4,2,6
93979632,4,2,6
94025915,4,0,4
94132563,4,0,4
94433691,4,1,5
94452320,4,1,5
94838482,4,3,7
95475840,4,0,4
95658219,4,13,17
95941992,4,1,5
96036858,4,0,4
96060742,4,0,4
96185616,4,6,10
96291953,4,2,6
96807056,4,0,4
96981556,4,0,4
97477310,4,5,9
97566883,4,1,5
97737058,4,0,4
98467151,4,3,7
98501906,4,0,4
98544819,4,0,4
98651916,4,0,4
99339575,4,0,4
99589493,4,0,4
99878682,4,4,8
100371580,4,0,4
100574648,4,0,4
100906108,4,0,4
101092370,4,1,5
101124414,4,6,10
101141710,4,1,5
101304476,4,1,5
101361053,4,1,5
101494332,4,0,4
101501257,4,4,8
101534630,4,5,9
101694379,4,0,4
101790355,4,64,68
102762766,4,17,21
103304656,4,0,4
103452911,4,0,4
103598378,4,1,5
103739847,4,0,4
103775538,4,0,4
104219218,4,1,5
104495547,4,0,4
104940469,4,4,8
105106236,4,1,5
105161389,4,39,43
105560657,4,2,6
105564433,4,0,4
105708948,4,65,69
105724783,4,9,13
105895181,4,0,4
105955076,4,18,22
106145274,4,1,5
106403413,4,0,4
106456868,4,32,36
106755054,4,0,4
106973819,4,0,4
108078631,4,0,4
108199368,4,1,5
108867372,4,0,4
109201084,4,0,4
109247682,4,0,4
109674110,4,9,13
109926606,4,1,5
111610533,4,0,4
111674173,4,0,4
111713812,4,0,4
112289446,4,2,6
112996612,4,1,5
113220846,4,0,4
113405144,4,1,5
113935221,4,0,4
114253991,4,0,4
114323561,4,1,5
114534626,4,0,4
114646386,4,0,4
114829206,4,0,4
114838925,4,13,17
114864431,4,0,4
115176275,4,4,8
115243463,4,3,7
115538688,4,31,35
115648158,4,0,4
115653102,4,0,4
115785683,4,2,6
115819829,4,0,4
116344417,4,0,4
116525993,4,0,4
117000654,4,0,4
117217500,4,41,45
117282833,4,0,4
117376183,4,0,4
117511000,4,0,4
117560950,4,0,4
117603248,4,3,7
117665623,4,0,4
117896091,4,66,70
118044295,4,0,4
118195598,4,0,4
118571607,4,4,8
118886970,4,5,9
120025261,4,0,4
120151540,4,34,38
120244343,4,0,4
121489431,4,6,10
121647365,4,0,4
121845518,4,0,4
122037027,4,0,4
122193523,4,1,5
122321491,4,0,4
122919625,4,1,5
123045703,4,34,38
123107583,4,1,5
123940103,4,0,4
124227565,4,0,4
124564601,4,1,5
125242081,4,17,21
125381960,4,0,4
126028024,4,3,7
126071515,4,15,19
126316217,4,0,4
126372672,4,0,4
126492719,4,1,5
126660399,4,0,4
127284241,4,0,4
127289951,4,39,43
127527034,4,1,5
128394714,4,0,4
129799673,4,0,4
130398274,4,21,25
130496027,4,4,8
130517690,4,1,5
130528035,4,0,4
130988213,4,4,8
131305955,4,0,4
131602699,4,0,4
131863936,4,7,11
132029493,4,13,17
132199424,4,0,4
132231788,4,3,7
132929923,4,0,4
132970227,4,5,9
133066954,4,0,4
133780263,4,0,4
134253935,4,1,5
134654574,4,0,4
134902940,4,4,8
135264049,4,0,4
135330982,4,13,17
135521301,4,1,5
135697981,4,5,9
135701987,4,0,4
136314491,4,0,4
136815044,4,4,8
136962245,4,0,4
137418920,4,0,4
137478994,4,1,5
138219366,4,27,31
138244399,4,1,5
138358568,4,0,4
138460164,4,23,27
138873272,4,0,4
138884554,4,0,4
138920849,4,3,7
138956299,4,0,4
139244556,4,0,4
139424337,4,0,4
140490642,4,0,4
140963805,4,14,18
141265826,4,1,5
141945863,4,0,4
142142671,4,0,4
142427206,4,9,13
143067985,4,2,6
143324908,4,10,14
143583020,4,0,4
143669316,4,13,17
143738281,4,0,4
143853190,4,14,18
143915733,4,0,4
145403730,4,0,4
146313552,4,4,8
147295728,4,0,4
147501850,4,1,5
147689623,4,5,9
147731146,4,4,8
147992023,4,0,4
148799324,4,3,7
149017795,4,0,4
149109752,4,20,24
149346219,4,0,4
149402723,4,10,14
149899057,4,7,11
150039906,4,0,4
150507465,4,0,4
151677792,4,10,14
151756197,4,0,4
152483898,4,5,9
153040313,4,4,8
153045211,4,1,5
153379098,4,5,9
153580253,4,0,4
153855706,4,0,4
154995534,4,1,5
155875159,4,6,10
155935233,4,1,5
156772804,4,0,4
157037473,4,20,24
157276786,4,1,5
157720096,4,0,4
158461300,4,20,24
158591411,4,0,4
158809114,4,1,5
158994386,4,0,4
160371272,4,8,12
160440622,4,0,4
160458487,4,5,9
161123202,4,0,4
161444387,4,1,5
162143535,4,5,9
162187576,4,4,8
163488004,4,1,5
163525970,4,0,4
164428107,4,0,4
164720339,4,1,5
164812781,4,0,4
166218631,4,3,7
166308376,4,0,4
166329578,4,71,75
167083720,4,0,4
167192831,4,0,4
169232411,4,0,4
169244988,4,0,4
169536421,4,68,72
170299706,4,0,4
170349528,4,1,5
170514197,4,0,4
170547167,4,13,17
170938030,4,0,4
171386518,4,0,4
172058830,4,4,8
172082238,4,9,13
172240451,4,2,6
172524129,4,0,4
172569085,4,9,13
172765707,4,0,4
172871431,4,1,5
174347222,4,1,5
174408001,4,0,4
174747918,4,0,4
175092567,4,0,4
175584371,4,1,5
176621299,4,0,4
176665423,4,0,4
176695560,4,1,5
176879030,4,0,4
176907462,4,0,4
177831593,4,0,4
178999981,4,4,8
179105480,4,1,5
180189686,4,1,5
180333587,4,0,4
180512679,4,0,4
180986617,4,1,5
182690569,4,0,4
182866915,4,4,8
183301058,4,0,4
183731939,4,3,7
184181634,4,0,4
184316405,4,74,78
184494299,4,0,4
184600266,4,0,4
185602445,4,1,5
185879040,4,0,4
186284492,4,1,5
186543441,4,9,13
186585181,4,3,7
186710539,4,8,12
186734704,4,0,4
187417570,4,0,4
187607471,4,0,4
188964602,4,2,6
188966184,4,0,4
189007836,4,0,4
189181251,4,0,4
190166566,4,1,5
190318463,4,0,4
190680780,4,0,4
191964162,4,5,9
192034761,4,15,19
192604327,4,0,4
193579632,4,0,4
194222629,4,0,4
194339671,4,0,4
194701743,4,0,4
194745468,4,10,14
195424027,4,0,4
195656082,4,11,15
195772906,4,2,6
196257098,4,0,4
196452389,4,15,19
196644404,4,0,4
196728143,4,2,6
197178640,4,5,9
197344040,4,0,4
197442186,4,0,4
197551388,4,6,10
198403535,4,8,12
199636296,4,63,67
200964745,4,178,182
201092166,4,0,4
202259583,4,0,4
202820851,4,1,5
204452501,4,1,5
204898002,4,4,8
205276406,4,0,4
205594654,4,28,32
205822667,4,0,4
206161511,4,1,5
206360723,4,0,4
208269313,4,10,14
208710996,4,3,7
209126668,4,6,10
209387058,4,0,4
209603607,4,0,4
210157320,4,0,4
210312678,4,0,4
211445666,4,8,12
212598164,4,0,4
212996592,4,1,5
213176844,4,0,4
213342667,4,0,4
213868043,4,0,4
214100900,4,15,19
214316852,4,0,4
214558511,4,1,5
215068830,4,3,7
215163102,4,0,4
216068678,4,17,21
216102201,4,5,9
216135293,4,0,4
216244762,4,0,4
216290322,4,10,14
216449581,4,145,149
216566501,4,0,4
216573491,4,0,4
217676496,4,1,5
217775551,4,0,4
218993683,4,0,4
219054765,4,0,4
219135795,4,5,9
219410793,4,0,4
219700151,4,0,4
219741109,4,0,4
220035041,4,0,4
220214619,4,0,4
220251523,4,92,96
220304556,4,0,4
220769252,4,0,4
221150478,4,2,6
221245162,4,0,4
221248778,4,0,4
221549584,4,0,4
221958750,4,7,11
222553034,4,2,6
222962448,4,56,60
223092498,4,3,7
223636109,4,0,4
223787912,4,0,4
224389771,4,3,7
225215700,4,49,53
225516033,4,37,41
225591529,4,0,4
225741490,4,0,4
226601554,4,1,5
227001361,4,0,4
227010728,4,24,28
227342678,4,0,4
227373977,4,16,20
227517207,4,4,8
227531971,4,2,6
227635196,4,6,10
228168499,4,0,4
228350598,4,3,7
228405207,4,0,4
229075545,4,2,6
230717834,4,2,6
231691882,4,1,5
232187807,4,10,14
232249578,4,0,4
232423311,4,9,13
232852397,4,0,4
232969692,4,0,4
233061956,4,0,4
233070021,4,0,4
233189797,4,0,4
234345503,4,0,4
234538317,4,0,4
234660342,4,0,4
236022603,4,0,4
236326251,4,2,6
237422881,4,0,4
237720874,4,0,4
237843905,4,0,4
240833391,4,0,4
241292532,4,7,11
241348393,4,9,13
242247969,4,0,4
242596647,4,0,4
242696834,4,1,5
243045287,4,0,4
243312931,4,362,366
243338872,4,15,19
243415964,4,2,6
243517371,4,7,11
243805690,4,1,5
244339431,4,0,4
245342774,4,0,4
245513483,4,0,4
245673504,4,0,4
245911695,4,0,4
246156265,4,34,38
246357454,4,0,4
246455433,4,1,5
246555419,4,1,5
246652362,4,3,7
246655211,4,0,4
247138504,4,0,4
247487559,4,3,7
247858916,4,0,4
248066869,4,0,4
248209500,4,0,4
248481789,4,2,6
248841082,4,0,4
249060737,4,0,4
249254155,4,0,4
249438453,4,0,4
249869183,4,0,4
249875624,4,1,5
250283620,4,1,5
250331241,4,4,8
250776493,4,40,44
251457973,4,0,4
251911511,4,0,4
252413787,4,1,5
252797555,4,9,13
252856836,4,0,4
253263494,4,0,4
253647939,4,0,4
253785692,4,0,4
254079311,4,0,4
254128832,4,0,4
254129867,4,0,4
254136722,4,0,4
254237744,4,1,5
254287052,4,53,57
254566067,4,91,95
256226458,4,2,6
256485622,4,0,4
256607182,4,3,7
256966859,4,0,4
257799434,4,0,4
258349041,4,0,4
258509004,4,0,4
258856900,4,0,4
258897246,4,0,4
258901516,4,0,4
259041313,4,0,4
259469442,4,0,4
259540032,4,28,32
259906709,4,0,4
259975391,4,0,4
259977263,4,0,4
260005529,4,0,4
260027864,4,0,4
260375369,4,0,4
261007040,4,4,8
261016164,4,0,4
261570283,4,0,4
261763540,4,0,4
261782909,4,0,4
261965992,4,1,5
262152071,4,0,4
262273380,4,0,4
262286966,4,0,4
262332918,4,14,18
262443633,4,2,6
262670201,4,0,4
263719598,4,12,16
263818880,4,0,4
263861079,4,0,4
264615319,4,5,9
264650983,4,0,4
264883638,4,2,6
264924891,4,105,109
265060009,4,1,5
265683313,4,11,15
266285257,4,0,4
266399474,4,2,6
266465659,4,1,5
266530277,4,0,4
266557632,4,31,35
266613166,4,1,5
266752681,4,0,4
266939102,4,0,4
266978259,4,5,9
267031221,4,1,5
267797986,4,0,4
267842250,4,49,53
267970861,4,0,4
268792812,4,0,4
269130823,4,0,4
269294861,4,1,5
269618053,4,0,4
269854652,4,0,4
269989206,4,4,8
270055627,4,1,5
270474413,4,4,8
270661276,4,1,5
271098018,4,0,4
271129773,4,0,4
271624785,4,0,4
271650797,4,0,4
271915047,4,0,4
271929998,4,2,6
272024751,4,0,4
272607855,4,0,4
273118389,4,1,5
273172328,4,1,5
273208556,4,0,4
273378102,4,0,4
273657076,4,0,4
274089351,4,13,17
274312281,4,0,4
274658150,4,0,4
274722143,4,0,4
274794979,4,0,4
275306442,4,0,4
275467066,4,0,4
275509931,4,0,4
275546409,4,0,4
275707595,4,0,4
275871991,4,3,7
276353099,4,2,6
276396066,4,15,19
276747873,4,0,4
276859166,4,0,4
277173633,4,0,4
277271529,4,12,16
277340426,4,5,9
277708943,4,14,18
278630995,4,0,4
278908238,4,4,8
279089944,4,18,22
279305936,4,5,9
279682329,4,6,10
280110910,4,8,12
280543152,4,1,5
281064276,4,2,6
281553593,4,0,4
282271953,4,0,4
283259069,4,17,21
283698743,4,1,5
283776126,4,0,4
284031821,4,0,4
284551366,4,0,4
284691289,4,0,4
284738545,4,26,30
285371341,4,1,5
285762475,4,3,7
285774658,4,38,42
285908150,4,1,5
286027432,4,2,6
286423987,4,297,301
287420311,4,0,4
287517015,4,0,4
287668387,4,0,4
287972144,4,0,4
288875287,4,0,4
288954129,4,0,4
288992384,4,0,4
289119282,4,0,4
289464251,4,0,4
289531256,4,0,4
290717873,4,0,4
290772086,4,2,6
290781081,4,0,4
290791677,4,0,4
290843654,4,1,5
291371152,4,6,10
292671486,4,8,12
292737255,4,10,14
293108743,4,1,5
293199656,4,0,4
293602749,4,2,6
293680988,4,0,4
293756305,4,0,4
296041342,4,0,4
296058866,4,1,5
296414203,4,0,4
297035489,4,1,5
297732527,4,0,4
298198402,4,0,4
298271710,4,0,4
298508497,4,9,13
298602770,4,0,4
298897673,4,2,6
299161344,4,0,4
300330315,4,0,4
300442809,4,0,4
300602598,4,0,4
300865107,4,1,5
300947336,4,0,4
301108020,4,4,8
301344655,4,1,5
301480866,4,2,6
301527924,4,0,4
301872891,4,0,4
302141286,4,0,4
302220759,4,6,10
302312898,4,23,27
303189306,4,0,4
303559745,4,0,4
304160323,4,1,5
304191609,4,0,4
305745980,4,0,4
307182282,4,0,4
307183741,4,0,4
307434638,4,2,6
307584252,4,0,4
307656572,4,0,4
307888494,4,0,4
308816294,4,0,4
310092548,4,0,4
310875181,4,0,4
312037303,4,13,17
312470959,4,5,9
312684302,4,34,38
312735164,4,20,24
312781234,4,7,11
312982756,4,0,4
313050037,4,0,4
313113193,4,0,4
313495468,4,7,11
313953319,4,3,7
314024592,4,8,12
316877292,4,0,4
317439395,4,12,16
319311527,4,0,4
319827043,4,3,7
320138458,4,0,4
320269924,4,0,4
321226165,4,15,19
321528322,4,0,4
321656824,4,0,4
321719882,4,4,8
321863265,4,0,4
322218696,4,0,4
322309334,4,2,6
322378843,4,3,7
322820275,4,0,4
322896990,4,2,6
322918545,4,2,6
323381099,4,0,4
323871113,4,0,4
324126247,4,0,4
324455870,4,12,16
324775744,4,0,4
324855392,4,0,4
325044614,4,0,4
325145697,4,0,4
325697157,4,10,14
325823725,4,0,4
325935294,4,3,7
326098537,4,11,15
326514673,4,2,6
326522516,4,1,5
326600408,4,0,4
326839038,4,0,4
327033735,4,10,14
327127388,4,0,4
327545470,4,0,4
327561051,4,12,16
328260787,4,24,28
328288868,4,0,4
328446325,4,0,4
328759670,4,0,4
329196439,4,18,22
329227314,4,0,4
329433192,4,35,39
329821345,4,0,4
329835150,4,0,4
329925452,4,5,9
330120722,4,1,5
330175045,4,3,7
330526037,4,0,4
330528867,4,1,5
331321878,4,0,4
331748468,4,0,4
333057256,4,12,16
333143120,4,6,10
333642773,4,0,4
334396576,4,0,4
334409451,4,3,7
334632076,4,0,4
334909563,4,0,4
335400318,4,0,4
336219585,4,6,10
336265749,4,0,4
336382434,4,1,5
337538237,4,0,4
337564114,4,0,4
338056107,4,4,8
338354315,4,11,15
338606428,4,0,4
338889246,4,3,7
339187164,4,0,4
340106122,4,0,4
341651130,4,0,4
341940400,4,0,4
343134767,4,16,20
343442847,4,2,6
343621360,4,2,6
344139487,4,1,5
344349541,4,7,11
345016848,4,2,6
345039590,4,0,4
345456133,4,0,4
345741212,4,31,35
346120627,4,0,4
347334263,4,0,4
347565124,4,1,5
347614368,4,0,4
348038940,4,23,27
348791781,4,0,4
349208036,4,4,8
349621705,4,0,4
350322292,4,0,4
350402362,4,1,5
350479730,4,1,5
350937385,4,2,6
350958595,4,7,11
351151761,4,11,15
351852145,4,29,33
352861762,4,101,105
353361460,4,0,4
353454705,4,0,4
353491612,4,38,42
353661043,4,0,4
354044968,4,5,9
354302552,4,0,4
354636141,4,2,6
354854190,4,1,5
355872790,4,2,6
355935149,4,0,4
356006944,4,0,4
358308216,4,0,4
358332711,4,0,4
359156715,4,0,4
359524790,4,5,9
359605848,4,3,7
360265928,4,0,4
360292371,4,4,8
361091498,4,0,4
361249270,4,0,4
361305333,4,1,5
361647499,4,0,4
361662654,4,0,4
361935088,4,4,8
362003128,4,0,4
362016320,4,0,4
362877454,4,0,4
363793489,4,0,4
363814725,4,3,7
364003782,4,0,4
364046816,4,48,52
364161076,4,0,4
364419517,4,5,9
365284550,4,5,9
365634520,4,0,4
366387154,4,0,4
366413674,4,0,4
366864024,4,1,5
366901656,4,0,4
367498881,4,0,4
367941544,4,4,8
368127756,4,3,7
368504829,4,2,6
369354041,4,0,4
369559634,4,0,4
369801757,4,11,15
370921330,4,0,4
371054776,4,0,4
371740458,4,0,4
371943003,4,4,8
372415128,4,12,16
372900776,4,5,9
373015879,4,0,4
374028522,4,0,4
374282444,4,0,4
374607702,4,0,4
374765784,4,0,4
374901847,4,6,10
375092215,4,0,4
376884268,4,2,6
377615003,4,0,4
378377753,4,1,5
378557166,4,0,4
378981236,4,0,4
379000170,4,1,5
379603610,4,0,4
379855423,4,5,9
380395140,4,1,5
381545609,4,1,5
381779920,4,0,4
381913499,4,0,4
381960737,4,0,4
382374184,4,3,7
382654990,4,1,5
382790684,4,0,4
382811232,4,0,4
383294284,4,99,103
383853972,4,0,4
384447735,4,4,8
384990089,4,0,4
385020321,4,4,8
385077945,4,8,12
385186214,4,0,4
385403922,4,0,4
385656189,4,0,4
385820127,4,0,4
386844340,4,4,8
387432118,4,3,7
388603933,4,0,4
389583000,4,1,5
389631927,4,21,25
390460591,4,0,4
390532129,4,4,8
391164398,4,1,5
392460806,4,0,4
392475888,4,0,4
392677704,4,0,4
392984632,4,0,4
393504310,4,0,4
393569320,4,0,4
393735956,4,0,4
394140104,4,0,4
394301933,4,1,5
394319229,4,0,4
394935407,4,0,4
395606769,4,0,4
396194340,4,12,16
396210509,4,0,4
396292779,4,3,7
396706815,4,31,35
396988040,4,0,4
398440344,4,0,4
398588101,4,1,5
400203982,4,1,5
400938274,4,2,6
401063145,4,0,4
401067463,4,0,4
401070948,4,14,18
401270604,4,0,4
402070775,4,1,5
402414599,4,12,16
402429312,4,0,4
402459766,4,1,5
404385701,4,0,4
404393063,4,24,28
405308128,4,14,18
406289650,4,0,4
406562943,4,0,4
406751527,4,34,38
407938513,4,0,4
408250569,4,1,5
409347587,4,0,4
409371303,4,4,8
409855297,4,0,4
410621795,4,0,4
412028964,4,0,4
412669672,4,0,4
412678195,4,0,4
413533828,4,64,68
413593863,4,12,16
413725720,4,0,4
414523858,4,1,5
415200565,4,1,5
415893700,4,0,4
416633429,4,1,5
417193222,4,0,4
417265667,4,31,35
418305340,4,0,4
418644486,4,3,7
418758327,4,1,5
419298492,4,0,4
419420053,4,0,4
419904050,4,0,4
420729224,4,0,4
420739831,4,0,4
422181027,4,44,48
423046467,4,0,4
423671675,4,0,4
425206555,4,1,5
426622522,4,0,4
428455890,4,0,4
428982308,4,0,4
429464331,4,0,4
430810583,4,0,4
431237253,4,0,4
431448036,4,1,5
431659701,4,0,4
431703156,4,0,4
431753047,4,0,4
433765679,4,0,4
434375985,4,0,4
434485752,4,2,6
435249069,4,0,4
435409906,4,0,4
435789874,4,0,4
436698037,4,0,4
437670515,4,5,9
437832635,4,0,4
437982898,4,0,4
437994028,4,0,4
438449199,4,0,4
438880140,4,0,4
439093187,4,9,13
439347343,4,0,4
440355672,4,0,4
440997985,4,0,4
441168679,4,0,4
442592573,4,0,4
443158945,4,0,4
443277216,4,0,4
443856997,4,0,4
444197859,4,1,5
444409968,4,0,4
445761391,4,0,4
446028349,4,0,4
446526734,4,1,5
448265957,4,1,5
448778732,4,35,39
449377253,4,1,5
451970100,4,0,4
452502901,4,3,7
452693538,4,3,7
453386948,4,33,37
453553264,4,3,7
454200252,4,6,10
454307399,4,0,4
454330756,4,0,4
454437294,4,17,21
454831138,4,0,4
455461372,4,0,4
455721904,4,0,4
456087619,4,21,25
456359171,4,0,4
456636296,4,0,4
456969193,4,0,4
458581968,4,0,4
459638189,4,1,5
460326819,4,0,4
461033961,4,0,4
461683983,4,1,5
463117420,4,0,4
463401736,4,1,5
464108996,4,1,5
464193784,4,0,4
465104834,4,1,5
465536566,4,4,8
465689456,4,0,4
466131147,4,0,4
467419141,4,0,4
467979477,4,0,4
468539772,4,0,4
468643682,4,0,4
468935509,4,1,5
469012040,4,0,4
469105325,4,27,31
469442031,4,0,4
470046379,4,0,4
471203774,4,0,4
472281880,4,0,4
472431999,4,0,4
472470749,4,1,5
472539018,4,0,4
472629659,4,5,9
472964035,4,0,4
473346197,4,0,4
473736288,4,0,4
475205490,4,0,4
475474742,4,0,4
475877287,4,0,4
476693418,4,0,4
477762728,4,0,4
480053193,4,0,4
480499822,4,1,5
480543668,4,1,5
481254586,4,0,4
481408664,4,0,4
481572505,4,6,10
482135333,4,5,9
482351928,4,0,4
482420761,4,0,4
482466047,4,0,4
482969914,4,0,4
483007499,4,0,4
483970728,4,0,4
483998751,4,0,4
484217573,4,0,4
484270883,4,0,4
484383203,4,1,5
484514687,4,0,4
484654623,4,0,4
484779077,4,174,178
485259150,4,0,4
485387749,4,0,4
486752186,4,1,5
488072707,4,3,7
488285969,4,2,6
488890960,4,0,4
489503352,4,0,4
489662606,4,0,4
489716862,4,2,6
490525148,4,1,5
490764827,4,31,35
490773350,4,1,5
491967893,4,0,4
492558482,4,1,5
494276148,4,0,4
494454462,4,0,4
494609110,4,19,23
495011205,4,1,5
495208544,4,2,6
495591569,4,0,4
496192309,4,12,16
498529363,4,0,4
498605276,4,0,4
500182455,4,8,12
500328483,4,0,4
501282387,4,0,4
501336737,4,1,5
501537420,4,0,4
501975604,4,1,5
503974376,4,0,4
504474006,4,3,7
505394902,4,0,4
505518427,4,2,6
505586108,4,0,4
506054009,4,6,10
506113201,4,1,5
506208633,4,0,4
507636408,4,3,7
507806251,4,0,4
509367550,4,0,4
509788751,4,0,4
509816753,4,0,4
511077921,4,0,4
513396024,4,0,4
513485498,4,4,8
514040650,4,0,4
514441467,4,0,4
515798800,4,1,5
516039939,4,57,61
516947377,4,0,4
517144675,4,2,6
517580874,4,0,4
518740768,4,0,4
519113875,4,1,5
519860717,4,0,4
519998446,4,2,6
520834708,4,2,6
522591791,4,1,5
523285962,4,1,5
525346378,4,0,4
525381669,4,0,4
525656766,4,0,4
525893350,4,0,4
526631013,4,0,4
526854225,4,4,8
527611085,4,0,4
528016266,4,15,19
528061330,4,0,4
528675042,4,0,4
528682278,4,1,5
528766267,4,0,4
528777642,4,0,4
529495974,4,0,4
529753248,4,1,5
529895952,4,0,4
530895308,4,0,4
531315886,4,1,5
531932499,4,0,4
532543735,4,0,4
532929732,4,0,4
533578801,4,4,8
534275072,4,3,7
534454803,4,0,4
534644575,4,0,4
535387106,4,0,4
535425701,4,25,29
535671096,4,0,4
535773306,4,0,4
535998595,4,8,12
536793765,4,0,4
537742586,4,1,5
538244386,4,0,4
538310438,4,0,4
538663099,4,0,4
539062114,4,0,4
539316748,4,0,4
539932255,4,1,5
540178596,4,0,4
540197720,4,0,4
540259490,4,3,7
540262928,4,0,4
540389160,4,9,13
542138887,4,6,10
542617279,4,2,6
543553285,4,0,4
544378767,4,6,10
545652384,4,0,4
545974588,4,0,4
546262986,4,0,4
546500575,4,1,5
546539495,4,32,36
546855694,4,0,4
546964954,4,0,4
547056633,4,0,4
548305852,4,11,15
549286844,4,0,4
549565612,4,0,4
549624549,4,0,4
550280267,4,1,5
550586771,4,9,13
550590944,4,0,4
550611107,4,0,4
550679423,4,1,5
551519702,4,0,4
551567950,4,0,4
552009218,4,0,4
552389671,4,0,4
552401136,4,0,4
552739663,4,0,4
553921006,4,22,26
554829409,4,1,5
554962236,4,6,10
555815209,4,1,5
556362227,4,0,4
558309997,4,0,4
561344309,4,15,19
561547819,4,3,7
561684741,4,0,4
561784120,4,1,5
561832342,4,0,4
562366845,4,7,11
562560257,4,0,4
563354088,4,0,4
563431410,4,0,4
563880809,4,1,5
564861472,4,1,5
564961963,4,0,4
565687084,4,0,4
566665454,4,1,5
568516050,4,0,4
568524151,4,0,4
569279870,4,1,5
569379953,4,0,4
569404221,4,0,4
570015237,4,1,5
570504978,4,0,4
570829441,4,1,5
572206661,4,0,4
572400695,4,0,4
575013276,4,0,4
575754224,4,0,4
575904172,4,0,4
576526553,4,0,4
577170582,4,1,5
578456752,4,1,5
578469175,4,1,5
580361777,4,22,26
581145322,4,47,51
581238705,4,5,9
581942529,4,0,4
582935315,4,0,4
583307781,4,2,6
583435444,4,0,4
584993287,4,0,4
587505209,4,0,4
587849478,4,5,9
587920170,4,0,4
587960552,4,0,4
587967177,4,3,7
589349457,4,0,4
589579448,4,1,5
591057597,4,0,4
591299523,4,0,4
592017715,4,5,9
592550047,4,0,4
592972707,4,0,4
593160115,4,0,4
593172799,4,0,4
593807387,4,1,5
593832355,4,0,4
594484523,4,0,4
595162062,4,1,5
595360244,4,0,4
595875124,4,0,4
597697965,4,19,23
597927616,4,7,11
598915959,4,0,4
600873514,4,0,4
602089650,4,0,4
602224664,4,5,9
602541557,4,0,4
603192400,4,1,5
604753204,4,1,5
605499197,4,0,4
606080691,4,2,6
609620716,4,0,4
609666413,4,0,4
610808233,4,5,9
611109196,4,10,14
611299674,4,1,5
612640031,4,2,6
615444672,4,0,4
616388629,4,0,4
617381369,4,0,4
617623783,4,0,4
618932843,4,0,4
619299246,4,0,4
619345580,4,0,4
619587350,4,5,9
620441243,4,0,4
621664041,4,0,4
622329407,4,0,4
622466316,4,0,4
622849430,4,0,4
623026222,4,0,4
623079946,4,0,4
623823195,4,1,5
624070752,4,1,5
624769168,4,0,4
626539462,4,0,4
626845548,4,0,4
628773508,4,26,30
628950948,4,1,5
629659067,4,0,4
629975579,4,2,6
631501838,4,2,6
633015465,4,0,4
634292104,4,1,5
634735010,4,0,4
634742571,4,0,4
634900683,4,0,4
636523071,4,0,4
700552659,4,1,5
701009995,4,0,4
702070519,4,0,4
704579575,4,9,13
707883613,4,1,5
708701762,4,0,4
709629426,4,0,4
709951448,4,0,4
710875339,4,0,4
711015422,4,11,15
713352030,4,1,5
715545955,4,0,4
716171473,4,0,4
716854567,4,0,4
717072571,4,0,4
718473792,4,0,4
718550549,4,0,4
718966765,4,0,4
719293129,4,0,4
721256299,4,0,4
721329892,4,0,4
724364744,4,1,5
726033074,4,0,4
726672788,4,1,5
728037278,4,0,4
732727645,4,0,4
735486638,4,0,4
735869400,4,1,5
739488380,4,0,4
739599372,4,0,4
741087348,4,0,4
747303842,4,4,8
751705897,4,0,4
754248511,4,0,4
757487155,4,0,4
758024586,4,0,4
760660680,4,0,4
761912172,4,0,4
765832471,4,1,5
766594628,4,0,4
766672476,4,32,36
771343232,4,0,4
772231591,4,0,4
772485542,4,3,7
772534885,4,0,4
774808416,4,1,5
774974118,4,110,114
777409454,4,0,4
779314886,4,3,7
780426085,4,0,4
784162477,4,0,4
785519150,4,0,4
786339439,4,0,4
787037258,4,1,5
788058554,4,0,4
788174490,4,37,41
789495355,4,0,4
790529180,4,0,4
790777848,4,0,4
794130205,4,0,4
794363226,4,0,4
795699584,4,0,4
796416378,4,0,4
797183347,4,0,4
798816984,4,0,4
798849650,4,0,4
799062414,4,0,4
799406180,4,0,4
799630694,4,0,4
800294959,4,1,5
801386208,4,1,5
802042507,4,0,4
802336922,4,0,4
805286532,4,0,4
808807477,4,0,4
810070711,4,0,4
811165122,4,0,4
811514036,4,0,4
813307975,4,0,4
815050680,4,0,4
820137715,4,2,6
821212423,4,0,4
822473767,4,2,6
824236638,4,0,4
826160174,4,0,4
826171705,4,2,6
827753221,4,5,9
828157237,4,0,4
828218160,4,0,4
829355624,4,0,4
831020839,4,1,5
831488154,4,4,8
831621001,4,0,4
831660073,4,64,68
831859974,4,1,5
832145484,4,1,5
832953192,4,0,4
836414792,4,0,4
836742452,4,0,4
838032091,4,0,4
838391820,4,1,5
838554698,4,2,6
838768508,4,0,4
839655944,4,0,4
840631495,4,1,5
844403436,4,0,4
845669107,4,40,44
846345133,4,1,5
846619645,4,2,6
848230884,4,0,4
848518471,4,2,6
852012985,4,0,4
852944574,4,0,4
854642737,4,0,4
855207852,4,0,4
855717704,4,0,4
855792048,4,1,5
859164476,4,0,4
859805846,4,1,5
860278806,4,0,4
860580000,4,0,4
860613032,4,1,5
860851902,4,4,8
861951648,4,0,4
862302824,4,0,4
865093320,4,0,4
866210244,4,6,10
867144168,4,0,4
867268854,4,0,4
867526044,4,1,5
868458236,4,1,5
868967809,4,0,4
870673578,4,27,31
874524104,4,0,4
874810854,4,0,4
874837872,4,0,4
874911452,4,1,5
875577330,4,0,4
875898434,4,16,20
876670092,4,0,4
877075249,4,12,16
883245078,4,0,4
885803922,4,0,4
887104513,4,0,4
888469868,4,0,4
889308836,4,0,4
890508780,4,0,4
893771864,4,115,119
894004188,4,1,5
897786572,4,0,4
898044152,4,0,4
898457016,4,0,4
898843662,4,5,9
898878380,4,1,5
899818962,4,0,4
900434648,4,0,4
902090376,4,0,4
906667627,4,2,6
907293698,4,0,4
908958914,4,0,4
909242832,4,0,4
911688626,4,0,4
912753847,4,0,4
914007470,4,0,4
918013382,4,4,8
920384972,4,4,8
921751440,4,0,4
922050133,4,0,4
924606878,4,7,11
925406383,4,0,4
925630208,4,0,4
926314244,4,9,13
926323418,4,0,4
927746353,4,0,4
930530558,4,0,4
930710143,4,0,4
930719952,4,0,4
932764814,4,0,4
933145092,4,1,5
938047747,4,0,4
939762660,4,100,104
940162501,4,6,10
940629938,4,0,4
940804730,4,0,4
942247843,4,0,4
942287282,4,9,13
944195612,4,1,5
944804173,4,0,4
945857035,4,0,4
947126928,4,0,4
947722922,4,0,4
949885171,4,0,4
950132311,4,0,4
950866213,4,0,4
951599564,4,5,9
953417288,4,18,22
954806413,4,0,4
958142629,4,0,4
958306826,4,1,5
959728592,4,1,5
962704766,4,0,4
965210173,4,0,4
967689962,4,0,4
970814876,4,1,5
972635358,4,0,4
974809158,4,0,4
980605922,4,3,7
980688888,4,0,4
981120007,4,0,4
983583204,4,0,4
985496378,4,0,4
986571944,4,1,5
988002966,4,3,7
989873840,4,0,4
990135104,4,0,4
991997365,4,4,8
992924730,4,0,4
994213735,4,1,5
994883282,4,0,4
998493181,4,0,4
1001097890,4,2,6
1001958715,4,0,4
1003242050,4,0,4
1003638126,4,2,6
1004143693,4,41,45
1005169518,4,4,8
1007394133,4,0,4
1007639851,4,2,6
1010497975,4,3,7
1015254312,4,0,4
1021100101,4,0,4
1025242842,4,0,4
1025671104,4,0,4
1025713334,4,1,5
1040556542,4,1,5
1040885508,4,0,4
1043049734,4,0,4
1043516526,4,0,4
1046901427,4,0,4
1047575821,4,0,4
1048160628,4,0,4
1048719632,4,0,4
1051649540,4,1,5
1052587117,4,54,58
1054623511,4,15,19
1055078894,4,0,4
1056204469,4,0,4
1058246118,4,0,4
1058694626,4,0,4
1059123349,4,0,4
1064901992,4,0,4
1065081534,4,0,4
1067537251,4,2,6
1074238232,4,0,4
1075378616,4,0,4
1075603999,4,0,4
1077449672,4,0,4
1077855198,4,0,4
1080178255,4,0,4
1081342886,4,0,4
1085061985,4,1,5
1086796146,4,0,4
1086898622,4,0,4
1087620162,4,0,4
1087807093,4,0,4
1090706622,4,2,6
1096086854,4,0,4
1096762219,4,17,21
1098840697,4,0,4
1099168418,4,0,4
1100352667,4,1,5
1101150086,4,5,9
1101298442,4,1011,1015
1103455543,4,0,4
1104213572,4,0,4
1104692737,4,0,4
1109361692,4,0,4
1110194262,4,10,14
1112691792,4,0,4
1115720264,4,2,6
1116449922,4,0,4
1120285164,4,4,8
1124693983,4,0,4
1126157130,4,1,5
1132628209,4,1,5
1136854068,4,0,4
1137066798,4,0,4
1138066470,4,0,4
1138259233,4,0,4
1138674656,4,0,4
1142163529,4,1,5
1142845795,4,0,4
1144689115,4,0,4
1146400518,4,0,4
1147530948,4,0,4
1149750463,4,0,4
1152388790,4,0,4
1155731180,4,0,4
1164934344,4,3,7
1169061356,4,0,4
1169473657,4,235,239
1169497868,4,0,4
1170769933,4,1,5
1173295285,4,2,6
1180884396,4,4,8
1182812719,4,2,6
1188108474,4,1,5
1198491116,4,0,4
1205790420,4,4,8
1209791809,4,0,4
1210375537,4,2,6
1210480302,4,0,4
1214131722,4,0,4
1216557248,4,5,9
1219462604,4,18,22
1223300244,4,101,105
1226130919,4,11,15
1227611797,4,0,4
1228503109,4,0,4
1229029861,4,3,7
1232620002,4,0,4
1232706212,4,9,13
1234987687,4,0,4
1236445705,4,1,5
1240172366,4,0,4
1240578877,4,0,4
1244446112,4,0,4
1247873534,4,2,6
1250584963,4,0,4
1250689867,4,0,4
1254490128,4,0,4
1255998008,4,0,4
1257053180,4,0,4
1257753662,4,0,4
1267759104,4,0,4
1268030454,4,0,4
1268411802,4,0,4
1268615570,4,0,4
1270735232,4,0,4
1271368357,4,9,13
1272843631,4,0,4
1273583713,4,0,4
1275763346,4,0,4
1275867960,4,0,4
1277454542,4,0,4
1279341338,4,0,4
1281506071,4,3,7
1282718504,4,2,6
1282825729,4,2,6
1283874588,4,0,4
1284306829,4,0,4
1285592126,4,0,4
1286211373,4,0,4
1289740650,4,0,4
1290006391,4,0,4
1290234168,4,0,4
1291651352,4,7,11
1296125136,4,0,4
1300117867,4,36,40
1302829507,4,3,7
1308219978,4,0,4
1311093499,4,3,7
1311242010,4,0,4
1314452910,4,0,4
1315397575,4,2,6
1318360982,4,8,12
1318587475,4,8,12
1320581040,4,0,4
1322393514,4,0,4
1323560274,4,0,4
1326081548,4,3,7
1326875047,4,0,4
1329128316,4,0,4
1331523428,4,0,4
1331652110,4,1,5
1334228852,4,0,4
1342572122,4,1,5
1344228505,4,2,6
1345079730,4,0,4
1346745384,4,2,6
1348173648,4,0,4
1349644754,4,11,15
1350334249,4,0,4
1352913667,4,2,6
1354501574,4,23,27
1356979400,4,0,4
1362040658,4,0,4
1362995900,4,0,4
1363580378,4,97,101
1368257760,4,1,5
1373446663,4,0,4
1374019584,4,0,4
1375862610,4,28,32
1377687109,4,0,4
1379945006,4,0,4
1382683255,4,0,4
1385560729,4,0,4
1387190622,4,24,28
1387650432,4,0,4
1388148914,4,1,5
1389391634,4,59,63
1394887542,4,4,8
1398294475,4,0,4
1402587984,4,18,22
1403430847,4,9,13
1409085349,4,1,5
1409435017,4,0,4
1411633225,4,0,4
1411749511,4,113,117
1412637883,4,1,5
1415572902,4,0,4
1416101198,4,0,4
1416714433,4,1,5
1417146067,4,18,22
1421542783,4,0,4
1426593697,4,0,4
1436855731,4,0,4
1440138626,4,14,18
1444771298,4,0,4
1446509936,4,0,4
1446599180,4,0,4
1446754728,4,0,4
1451377339,4,7,11
1454186268,4,0,4
1457392165,4,17,21
1458402337,4,0,4
1459695894,4,0,4
1461022464,4,123,127
1472216587,4,0,4
1473443426,4,110,114
1476934710,4,0,4
1481134555,4,0,4
1485757040,4,0,4
1485815640,4,4,8
1485950028,4,0,4
1487310162,4,0,4
1488517507,4,65,69
1488704443,4,1,5
1489268401,4,1,5
1493832079,4,23,27
1494945548,4,5,9
1495550400,4,0,4
1497596857,4,1,5
1498788391,4,0,4
1507561645,4,0,4
1514893184,4,0,4
1519546086,4,0,4
1520324371,4,0,4
1521951289,4,0,4
1523105190,4,0,4
1527090775,4,0,4
1528118354,4,1,5
1534002102,4,0,4
1534681368,4,0,4
1536600704,4,3,7
1538214343,4,0,4
1538960676,4,0,4
1539288434,4,0,4
1541604252,4,0,4
1541949696,4,0,4
1543451437,4,0,4
1544698226,4,0,4
1546032588,4,0,4
1547692208,4,0,4
1547956508,4,0,4
1554049382,4,2,6
1554848462,4,0,4
1556531004,4,6,10
1560857406,4,38,42
1562196168,4,0,4
1566415634,4,14,18
1566463202,4,0,4
1567348573,4,0,4
1569701208,4,0,4
1581189012,4,1,5
1585670376,4,15,19
1585851727,4,0,4
1591988317,4,0,4
1592421343,4,18,22
1592436936,4,0,4
1593595338,4,5,9
1598705930,4,0,4
1599063504,4,2,6
1601937732,4,3,7
1601980362,4,0,4
1602497658,4,2,6
1605851814,4,2,6
1607528220,4,0,4
1608947341,4,0,4
1611441020,4,0,4
1612767643,4,1,5
1616820708,4,40,44
1622083238,4,0,4
1622568553,4,0,4
1626086191,4,0,4
1628921324,4,1,5
1629062264,4,0,4
1633082192,4,46,50
1633243596,4,1,5
1633329601,4,1,5
1634108359,4,0,4
1634182406,4,68,72
1634512056,4,6,10
1635980220,4,0,4
1636802365,4,0,4
1637695364,4,1,5
1638780450,4,0,4
1643187175,4,0,4
1645629559,4,1,5
1646906960,4,0,4
1651362516,4,0,4
1658433434,4,0,4
1661306935,4,0,4
1667026417,4,0,4
1667670247,4,1,5
1669383938,4,1,5
1670938213,4,0,4
1673205920,4,3,7
1676777990,4,0,4
1676988960,4,2,6
1679104537,4,1,5
1679722219,4,0,4
1682681904,4,19,23
1683546745,4,0,4
1690725324,4,0,4
1691242578,4,1,5
1692077672,4,12,16
1698105998,4,0,4
1699786620,4,0,4
1702689662,4,0,4
1707856567,4,0,4
1709354833,4,0,4
1710864301,4,1,5
1712390929,4,0,4
1712830392,4,0,4
1717533878,4,0,4
1719678079,4,0,4
1719847219,4,0,4
1720529779,4,1,5
1726306548,4,0,4
1727322224,4,1,5
1730211794,4,1,5
1730291257,4,0,4
1734038803,4,1,5
1754769506,4,0,4
1792097401,4,0,4
1797266682,4,0,4
1851304818,4,0,4
1855202136,4,0,4
1861163899,4,4,8
1861363051,4,1,5
1864438328,4,0,4
1872658668,4,0,4
1878914857,4,0,4
1880825924,4,1,5
1883700643,4,0,4
1883710946,4,0,4
1885927447,4,0,4
1887823016,4,0,4
1887921582,4,1,5
1888272456,4,0,4
1894063945,4,0,4
1895772169,4,0,4
1901949198,4,0,4
1905041293,4,1,5
1909254804,4,0,4
1909758854,4,40,44
1913368447,4,0,4
1914396080,4,0,4
1915001826,4,0,4
1915702825,4,0,4
1915835971,4,0,4
1916598997,4,0,4
1918176913,4,0,4
1918183831,4,0,4
1920646830,4,0,4
1920847470,4,0,4
1921257079,4,0,4
1921507278,4,0,4
1921583124,4,0,4
1928655258,4,25,29
1933908715,4,0,4
1934451319,4,0,4
1938170887,4,0,4
1938718518,4,4,8
1942488386,4,2,6
1944846498,4,0,4
1945750400,4,0,4
1945916906,4,0,4
1947235465,4,1,5
1947653695,4,1,5
1948063075,4,0,4
1948118984,4,0,4
1950663906,4,0,4
1951101906,4,1,5
1952683669,4,0,4
1953540097,4,1,5
1955897370,4,0,4
1964968338,4,0,4
1973277056,4,0,4
1976772002,4,0,4
1977222403,4,0,4
2147848680,4,0,4
2153495505,4,0,4
2154599701,4,0,4
2156415749,4,0,4
2162038630,4,0,4
2163398489,4,0,4
2164051315,4,2,6
2164339015,4,0,4
2164701319,4,0,4
2165821041,4,0,4
2166930302,4,1,5
2167619705,4,0,4
2168858696,4,1,5
2169229836,4,0,4
2170129283,4,2,6
2171704790,4,0,4
2171905896,4,0,4
2172129883,4,0,4
2174105692,4,1,5
2175358638,4,0,4
2177878212,4,0,4
2178497382,4,0,4
2179655522,4,17,21
2184513381,4,19,23
2185305058,4,1,5
2185327370,4,0,4
2185811371,4,1,5
2186827521,4,0,4
2188315894,4,1,5
2188684645,4,0,4
2188726500,4,1,5
2189697402,4,0,4
2191356869,4,2,6
2194394673,4,18,22
2195215441,4,0,4
2199795450,4,0,4
2200006633,4,6,10
2200784754,4,0,4
2201599248,4,0,4
2203324319,4,0,4
2203683487,4,0,4
2203958213,4,0,4
2205161185,4,42,46
2209577744,4,0,4
2211613944,4,0,4
2211929839,4,0,4
2217700854,4,0,4
2219807637,4,0,4
2220559382,4,0,4
2223890702,4,0,4
2225209705,4,2,6
2225544464,4,0,4
2225591279,4,0,4
2225657954,4,9,13
2226140491,4,41,45
2227257204,4,0,4
2228343865,4,0,4
2228703812,4,0,4
2230657633,4,0,4
2233503582,4,0,4
2235187227,4,0,4
2236416469,4,0,4
2238599521,4,0,4
2238751344,4,0,4
2239721785,4,1,5
2246003636,4,1,5
2249705628,4,0,4
2253272678,4,0,4
2257268078,4,0,4
2258265918,4,1,5
2258380561,4,0,4
2263404001,4,0,4
2268636092,4,0,4
2269670144,4,1,5
2269698739,4,0,4
2273244103,4,0,4
2273396096,4,0,4
2273733510,4,0,4
2276757272,4,0,4
2277019206,4,1,5
2279519594,4,0,4
2281546171,4,0,4
2284437531,4,1,5
2287061701,4,0,4
2288224081,4,0,4
2289071318,4,0,4
2289103106,4,0,4
2299369160,4,0,4
2300742912,4,1,5
2302470343,4,1,5
2303144886,4,0,4
2303459761,4,0,4
2303683610,4,1,5
2305302030,4,1,5
2305361856,4,0,4
2305949045,4,0,4
2309093162,4,0,4
2312467536,4,0,4
2314703300,4,2,6
2314925246,4,0,4
2316547928,4,0,4
2320404222,4,0,4
2321050714,4,0,4
2321323622,4,0,4
2321542928,4,0,4
2322143654,4,0,4
2322198958,4,0,4
2322820675,4,1,5
2322980904,4,7,11
2323882189,4,3,7
2325339908,4,0,4
2327464920,4,2,6
2327556380,4,1,5
2327801184,4,0,4
2328098492,4,0,4
2328447697,4,0,4
2329467967,4,17,21
2333613415,4,2,6
2336061661,4,0,4
2338709286,4,13,17
2340810810,4,0,4
2341306207,4,0,4
2342355402,4,0,4
2343823030,4,0,4
2344007365,4,0,4
2345570812,4,0,4
2349010292,4,39,43
2349297128,4,0,4
2350386049,4,1,5
2350568316,4,0,4
2351691004,4,0,4
2352090426,4,23,27
2352154825,4,1,5
2353260642,4,0,4
2354546114,4,2,6
2357616646,4,3,7
2358807008,4,1,5
2363914387,4,1,5
2364145870,4,0,4
2365686348,4,0,4
2366418775,4,36,40
2367178723,4,2,6
2367679310,4,0,4
2368182604,4,0,4
2369238721,4,0,4
2370583092,4,1,5
2371346971,4,2,6
2372182213,4,1,5
2373073316,4,1,5
2373497463,4,2,6
2375809466,4,0,4
2376181981,4,1,5
2376352563,4,0,4
2377308469,4,0,4
2377691435,4,3,7
2380967150,4,2,6
2382949214,4,0,4
2382951056,4,1,5
2385951962,4,28,32
2386243200,4,0,4
2387001169,4,4,8
2387574349,4,0,4
2387994967,4,0,4
2391446686,4,0,4
2392505464,4,1,5
2393083572,4,3,7
2393356688,4,1,5
2394257250,4,0,4
2395700407,4,30,34
2398371445,4,0,4
2398395180,4,0,4
2401729658,4,0,4
2401952696,4,0,4
2405429635,4,0,4
2406888344,4,0,4
2407663362,4,10,14
2409946686,4,1,5
2412501564,4,0,4
2413913611,4,0,4
2414073730,4,40,44
2415394615,4,16,20
2418050479,4,1,5
2418769008,4,1,5
2418816732,4,2,6
2419177464,4,13,17
2419425865,4,0,4
2419437775,4,0,4
2421132861,4,0,4
2423764886,4,0,4
2425782026,4,0,4
2427452816,4,0,4
2429228778,4,0,4
2429539135,4,0,4
2430900559,4,0,4
2433514585,4,0,4
2437114425,4,63,67
2438289392,4,0,4
2438291115,4,0,4
2439200863,4,0,4
2439828375,4,0,4
2445787843,4,1,5
2446796922,4,0,4
2447319145,4,0,4
2450378048,4,0,4
2451990738,4,0,4
2452113865,4,0,4
2453578782,4,0,4
2453728021,4,0,4
2454726968,4,0,4
2456990936,4,1,5
2460086300,4,0,4
2460728179,4,0,4
2466339614,4,0,4
2471148540,4,1,5
2472961693,4,0,4
2473040724,4,0,4
2474660221,4,0,4
2475685577,4,0,4
2477869141,4,0,4
2480215242,4,2,6
2480426246,4,0,4
2480534597,4,0,4
2482961406,4,0,4
2492847348,4,0,4
2493035078,4,0,4
2493534578,4,2,6
2494344307,4,0,4
2495149990,4,0,4
2495390535,4,0,4
2495951275,4,0,4
2496376062,4,1,5
2497425242,4,1,5
2498940313,4,0,4
2502384635,4,1,5
2503165899,4,7,11
2505154231,4,34,38
2506714313,4,0,4
2507815202,4,0,4
2508261350,4,2,6
2508821339,4,1,5
2510502312,4,0,4
2514771818,4,0,4
2517154169,4,0,4
2518188164,4,2,6
2522359608,4,0,4
2523498898,4,39,43
2524513236,4,0,4
2525149488,4,0,4
2525584352,4,0,4
2526840908,4,12,16
2528018150,4,0,4
2530943671,4,0,4
2531105628,4,0,4
2535516816,4,1,5
2537591427,4,2,6
2537872898,4,0,4
2538037962,4,1,5
2541726542,4,0,4
2544756307,4,21,25
2545329566,4,0,4
2546086221,4,1,5
2546091689,4,0,4
2546509795,4,0,4
2551773858,4,0,4
2551779528,4,0,4
2553528584,4,0,4
2556006115,4,0,4
2558166399,4,17,21
2558624470,4,0,4
2559247979,4,0,4
2559396684,4,1,5
2560409962,4,1,5
2567397822,4,1,5
2569888509,4,0,4
2570194679,4,0,4
2570381768,4,0,4
2574352950,4,0,4
2574567412,4,0,4
2576685542,4,0,4
2577308438,4,13,17
2579723330,4,0,4
2580543661,4,0,4
2582491298,4,1,5
2582784914,4,5,9
2586377694,4,0,4
2586584905,4,0,4
2588181643,4,0,4
2588281371,4,0,4
2591325968,4,0,4
2593705760,4,1,5
2597346858,4,0,4
2600944333,4,0,4
2602057710,4,59,63
2602628048,4,0,4
2607568420,4,0,4
2608070411,4,13,17
2608469026,4,0,4
2610713250,4,3,7
2611038034,4,0,4
2611818027,4,0,4
2612742381,4,0,4
2614113627,4,2,6
2614273688,4,0,4
2615997645,4,0,4
2616273104,4,0,4
2618498803,4,0,4
2641812284,4,11,15
2641999727,4,0,4
2645582078,4,15,19
2648758194,4,0,4
2652355848,4,0,4
2652517759,4,0,4
2656261970,4,0,4
2659333482,4,0,4
2662504646,4,7,11
2663146549,4,0,4
2669187602,4,0,4
2674045782,4,0,4
2677927665,4,0,4
2681000676,4,2,6
2681213905,4,1,5
2683492969,4,0,4
2686536852,4,0,4
2688194834,4,0,4
2689985608,4,0,4
2690652942,4,0,4
2691316814,4,2,6
2693479615,4,0,4
2699067061,4,0,4
2711530479,4,0,4
2715689509,4,2,6
2716362202,4,0,4
2717072838,4,1,5
2717166421,4,0,4
2717433455,4,0,4
2720308531,4,0,4
2720432066,4,0,4
2723107171,4,2,6
2723405994,4,0,4
2724387085,4,0,4
2724516962,4,0,4
2730726550,4,1,5
2732553018,4,9,13
2732712398,4,0,4
2732818781,4,0,4
2735864293,4,0,4
2735903078,4,11,15
2736370221,4,0,4
2737385739,4,0,4
2741661968,4,3,7
2743935016,4,1,5
2744746397,4,0,4
2745717056,4,0,4
2746285385,4,0,4
2751070151,4,0,4
2751081982,4,0,4
2753645832,4,0,4
2756657228,4,1,5
2759353503,4,0,4
2759694421,4,0,4
2763446654,4,0,4
2764992865,4,1,5
2765158822,4,0,4
2765869756,4,2,6
2767154153,4,0,4
2768873361,4,1,5
2770612419,4,6,10
2777137464,4,0,4
2779243826,4,2,6
2780030212,4,1,5
2784126129,4,0,4
2784335164,4,0,4
2786055071,4,0,4
2786748193,4,0,4
2792257031,4,0,4
2794466342,4,0,4
2798765632,4,1,5
2801171728,4,0,4
2801891267,4,0,4
2803933850,4,9,13
2803995434,4,8,12
2804076038,4,0,4
2805762297,4,2,6
2806065470,4,3,7
2806676274,4,0,4
2810570114,4,0,4
2811268788,4,0,4
2813043856,4,0,4
2813883931,4,0,4
2814284758,4,0,4
2814560957,4,0,4
2823652717,4,0,4
2824205500,4,0,4
2824881900,4,0,4
2824908322,4,0,4
2825369794,4,0,4
2827717443,4,0,4
2828335767,4,0,4
2830180899,4,0,4
2830289258,4,1,5
2831053181,4,1,5
2833413337,4,0,4
2837122782,4,1,5
2838359254,4,5,9
2838500171,4,0,4
2839456584,4,94,98
2842038650,4,0,4
2845328650,4,0,4
2847234454,4,0,4
2847811080,4,0,4
2848664824,4,0,4
2849173592,4,0,4
2853292581,4,1,5
2853621783,4,0,4
2854166999,4,3,7
2856010706,4,2,6
2857045735,4,0,4
2859303759,4,0,4
2860718662,4,3,7
2861441094,4,0,4
2862682151,4,17,21
2863302386,4,0,4
2863459408,4,1,5
2863733910,4,0,4
2863902980,4,0,4
2865664820,4,1,5
2865785392,4,0,4
2866374017,4,0,4
2867022549,4,1,5
2870992973,4,0,4
2872480951,4,0,4
2873100909,4,2,6
2874160864,4,1,5
2875302016,4,0,4
2876964273,4,0,4
2878141684,4,0,4
2882390612,4,0,4
2882709368,4,1,5
2884556716,4,0,4
2885858650,4,0,4
2887135823,4,0,4
2887478162,4,0,4
2888168638,4,1,5
2889011706,4,0,4
2889100387,4,0,4
2889221200,4,1,5
2890980888,4,0,4
2891930326,4,0,4
2892814439,4,0,4
2895430041,4,0,4
2901028133,4,3,7
2901762345,4,0,4
2904092315,4,1,5
2906481769,4,0,4
2907006339,4,0,4
2907834765,4,0,4
2910015730,4,0,4
2910371618,4,0,4
2910891818,4,0,4
2911173052,4,0,4
2912688233,4,0,4
2912711596,4,0,4
2913729166,4,0,4
2915082632,4,0,4
2915425457,4,12,16
2916913459,4,0,4
2919651314,4,102,106
2921249524,4,0,4
2923532110,4,0,4
2924688854,4,1,5
2925824437,4,2,6
2927177993,4,0,4
2930368843,4,1,5
2931734844,4,0,4
2932121643,4,0,4
2938439565,4,0,4
2938580107,4,0,4
2938730670,4,0,4
2940196385,4,0,4
2940807333,4,0,4
2941364827,4,4,8
2942179658,4,4,8
2943076088,4,0,4
2943708149,4,0,4
2944360687,4,0,4
2949389615,4,1,5
2950552039,4,0,4
2951577298,4,4,8
2951654846,4,0,4
2952280668,4,0,4
2952871659,4,0,4
2954404008,4,438,442
2954691767,4,0,4
2958961433,4,0,4
2960949718,4,0,4
2961008091,4,0,4
2961471695,4,0,4
2961562948,4,0,4
2963261573,4,0,4
2967235355,4,0,4
2967776723,4,0,4
2969116960,4,0,4
2974622463,4,0,4
2975823473,4,0,4
2976796559,4,0,4
2977754351,4,0,4
2981670609,4,0,4
2982949710,4,3,7
2984700761,4,0,4
2988412217,4,0,4
2989323842,4,0,4
2989922147,4,0,4
2990026174,4,9,13
2991154709,4,0,4
2991922242,4,0,4
2993700866,4,0,4
2994453117,4,0,4
2994624225,4,7,11
2994785372,4,1,5
2995503931,4,0,4
2996425082,4,0,4
2996932043,4,2,6
2997300433,4,0,4
2998817062,4,0,4
2999016433,4,0,4
2999643543,4,1,5
2999890723,4,0,4
3002376469,4,10,14
3002725392,4,0,4
3003571342,4,1,5
3004017048,4,0,4
3004259046,4,2,6
3004863501,4,7,11
3006484925,4,0,4
3007891013,4,0,4
3008390671,4,0,4
3008458559,4,0,4
3008838283,4,0,4
3013767796,4,4,8
3015012045,4,14,18
3015217269,4,0,4
3020052169,4,2,6
3021440752,4,4,8
3023252607,4,1,5
3026474748,4,2,6
3031952314,4,0,4
3035175182,4,118,122
3035285307,4,0,4
3038622576,4,20,24
3039366675,4,0,4
3042197855,4,0,4
3042410350,4,0,4
3043520240,4,0,4
3044148044,4,2,6
3044288870,4,0,4
3047797111,4,0,4
3049771629,4,0,4
3050428301,4,0,4
3051169598,4,2,6
3051274470,4,0,4
3051484905,4,0,4
3051749024,4,1,5
3053786988,4,0,4
3056183911,4,0,4
3056204496,4,0,4
3056392245,4,0,4
3057886001,4,0,4
3058873549,4,0,4
3060695288,4,0,4
3060711804,4,0,4
3063815037,4,1,5
3063917186,4,0,4
3064694212,4,0,4
3064905459,4,0,4
3064954217,4,0,4
3065028784,4,0,4
3065070099,4,0,4
3065796789,4,0,4
3068855836,4,118,122
3068993240,4,0,4
3071184851,4,1,5
3072064951,4,0,4
3075692210,4,37,41
3078583849,4,1,5
3083247955,4,2,6
3086873664,4,0,4
3091093089,4,0,4
3092329227,4,6,10
3093334373,4,2,6
3094589710,4,0,4
3096864830,4,0,4
3098081243,4,1,5
3099492742,4,0,4
3100452792,4,0,4
3100693607,4,0,4
3102209010,4,0,4
3109345489,4,0,4
3109999520,4,2,6
3111278546,4,0,4
3112342244,4,6,10
3117723390,4,0,4
3118408286,4,2,6
3120944644,4,0,4
3121651429,4,20,24
3122896768,4,1,5
3124390539,4,0,4
3128046594,4,1,5
3129483844,4,0,4
3130734227,4,0,4
3130752258,4,12,16
3137222356,4,0,4
3137443456,4,3,7
3140971784,4,5,9
3145582730,4,1,5
3147433597,4,0,4
3150463406,4,2,6
3152551591,4,0,4
3153720872,4,6,10
3154269266,4,2,6
3154588845,4,0,4
3155008455,4,0,4
3158120757,4,0,4
3160928045,4,73,77
3161888218,4,0,4
3164739158,4,0,4
3166217539,4,112,116
3166728471,4,61,65
3171317364,4,0,4
3171838972,4,6,10
3174369958,4,0,4
3174473625,4,0,4
3177419908,4,1,5
3178430306,4,0,4
3179364407,4,0,4
3179475258,4,3,7
3179786221,4,0,4
3182858773,4,1,5
3187113793,4,13,17
3187121234,4,0,4
3189093031,4,0,4
3189893118,4,0,4
3191215190,4,18,22
3193021630,4,0,4
3193617290,4,0,4
3195968744,4,0,4
3196060501,4,3,7
3200012582,4,0,4
3204938470,4,0,4
3217694460,4,22,26
3219137527,4,14,18
3219621795,4,0,4
3221728030,4,0,4
3222961026,4,0,4
3223750123,4,2,6
3226823395,4,31,35
3228980468,4,0,4
3231539375,4,0,4
3231885308,4,2,6
3233796815,4,0,4
3234183659,4,0,4
3235141260,4,0,4
3235540860,4,0,4
3235648099,4,0,4
3236837529,4,15,19
3238612838,4,3,7
3239427389,4,26,30
3240622928,4,5,9
3240635093,4,0,4
3241255444,4,0,4
3241512717,4,0,4
3245463045,4,6,10
3246499629,4,0,4
3247188550,4,1,5
3247922418,4,0,4
3248469444,4,0,4
3249913970,4,0,4
3250941487,4,4,8
3253034377,4,0,4
3253062914,4,0,4
3255025526,4,2,6
3256616628,4,0,4
3257251025,4,0,4
3259264195,4,0,4
3259630022,4,0,4
3260294947,4,1,5
3265291758,4,0,4
3267459871,4,4,8
3267764497,4,19,23
3269768563,4,1,5
3270387492,4,0,4
3272031445,4,2,6
3274604148,4,32,36
3274879178,4,1,5
3278098098,4,0,4
3279028236,4,2,6
3281353441,4,1,5
3281854080,4,1,5
3282083918,4,0,4
3282157934,4,0,4
3282582979,4,0,4
3283689583,4,0,4
3284381899,4,0,4
3286847923,4,0,4
3289136932,4,1,5
3290543735,4,2,6
3293228010,4,4,8
3293235761,4,1,5
3293871542,4,0,4
3294014750,4,3,7
3294124576,4,0,4
3296575122,4,1,5
3296968591,4,1,5
3297440848,4,0,4
3298095060,4,0,4
3299870538,4,0,4
3300758706,4,0,4
3300847748,4,2,6
3301624108,4,71,75
3304721357,4,4,8
3305406949,4,19,23
3306232572,4,0,4
3307281892,4,0,4
3307367612,4,0,4
3308073866,4,0,4
3309262579,4,0,4
3309372104,4,3,7
3309685944,4,1,5
3310071229,4,1,5
3310148581,4,0,4
3310493730,4,0,4
3312152763,4,0,4
3313078748,4,10,14
3315875474,4,0,4
3318167594,4,9,13
3319597627,4,0,4
3320227978,4,2,6
3320239122,4,1,5
3320855630,4,0,4
3322040555,4,1,5
3323567243,4,0,4
3324926845,4,0,4
3325471567,4,0,4
3327804375,4,1,5
3328802854,4,0,4
3329106072,4,14,18
3329204249,4,1,5
3332481378,4,0,4
3335507734,4,0,4
3335804440,4,0,4
3340454765,4,0,4
3342968561,4,1,5
3343177150,4,1,5
3344716949,4,0,4
3346221454,4,1,5
3350284959,4,0,4
3351067785,4,1,5
3351941133,4,0,4
3352389142,4,0,4
3354577588,4,0,4
3356021313,4,0,4
3363576017,4,1,5
3368436256,4,0,4
3369224537,4,0,4
3369561179,4,0,4
3370173412,4,8,12
3372789261,4,0,4
3372883007,4,0,4
3377326773,4,2,6
3378004534,4,1,5
3378403407,4,0,4
3383237475,4,0,4
3383831644,4,0,4
3394152016,4,8,12
3396029937,4,0,4
3396521189,4,1,5
3396958632,4,0,4
3397244179,4,0,4
3400130314,4,1,5
3400545088,4,1,5
3402097235,4,0,4
3402799420,4,0,4
3405633039,4,0,4
3405951935,4,0,4
3406335557,4,0,4
3406368736,4,0,4
3406432619,4,1,5
3407250959,4,0,4
3407713942,4,2,6
3408473925,4,3,7
3410542934,4,0,4
3419257265,4,0,4
3419514238,4,0,4
3427271367,4,1,5
3427715952,4,0,4
3428751971,4,2,6
3430144125,4,10,14
3431421372,4,0,4
3433595985,4,1,5
3434894673,4,0,4
3436192275,4,0,4
3436503609,4,0,4
3437561698,4,0,4
3437652052,4,0,4
3439040914,4,0,4
3440543237,4,0,4
3446453363,4,0,4
3448372394,4,0,4
3457443381,4,0,4
3458669185,4,0,4
3459258929,4,0,4
3463629801,4,3,7
3474421995,4,1,5
3482708422,4,2,6
3483685037,4,0,4
3492524835,4,1,5
3496320497,4,0,4
3508117395,4,0,4
3508360353,4,0,4
3510070873,4,0,4
3519715347,4,1,5
3523384582,4,0,4
3527279773,4,0,4
3538133541,4,0,4
3556770619,4,1,5
3567764369,4,0,4
3572201837,4,0,4
3577180272,4,0,4
3578179997,4,1,5
3579590297,4,22,26
3581398996,4,1,5
3588201316,4,2,6
3597425895,4,0,4
3599881403,4,0,4
3605604204,4,0,4
3607693273,4,2,6
3617658492,4,0,4
3619121179,4,0,4
3619210336,4,0,4
3625825466,4,0,4
3631466716,4,0,4
3632335034,4,0,4
3633170008,4,0,4
3656884818,4,2,6
3666268342,4,1,5
3685218445,4,0,4
3688640720,4,74,78
3699083661,4,0,4
3699805998,4,0,4
3717937332,4,0,4
3722131698,4,1,5
3732924136,4,0,4
3742923733,4,0,4
3748955959,4,0,4
3752217495,4,0,4
3761230394,4,0,4
3778672407,4,0,4
3779256082,4,0,4
3782572522,4,2,6
3785203332,4,1,5
3795627814,4,0,4
3798391275,4,1,5
3806806693,4,0,4
3806854215,4,9,13
3810681378,4,0,4
3817795696,4,0,4
3821343682,4,8,12
3825715223,4,1,5
3825884535,4,0,4
3839655019,4,24,28
3844455153,4,0,4
3855061223,4,0,4
3874132727,4,0,4
3875143047,4,1,5
3885292392,4,1,5
3886804453,4,0,4
3894966194,4,1,5
3895198283,4,1,5
3903232306,4,0,4
3908927717,4,0,4
3910979595,4,0,4
3911508261,4,0,4
3916820896,4,1,5
3917489052,4,1,5
3921176183,4,0,4
3922622841,4,0,4
3925531168,4,0,4
3931928594,4,10,14
3938817734,4,0,4
3947940381,4,2,6
3951205588,4,0,4
3951532229,4,0,4
3969575306,4,23,27
3979537283,4,0,4
3980079011,4,0,4
3984229875,4,1,5
3985607473,4,0,4
3987728945,4,0,4
3988660239,4,2,6
3989513601,4,0,4
3991633452,4,1,5
3992090452,4,0,4
3992758900,4,6,10
4000801996,4,0,4
4002508960,4,0,4
4006947328,4,0,4
4007299813,4,0,4
4020881765,4,0,4
4052371936,4,0,4
4053871523,4,1,5
4056321285,4,0,4
4061933909,4,0,4
4083580274,4,0,4
4085683573,4,1,5
4086163695,4,0,4
4092412349,4,0,4
4098093256,4,0,4
4100249835,4,0,4
4109258847,4,0,4
4112880629,4,0,4
4114932599,4,1,5
4121265312,4,0,4
4128460169,4,1,5
4130195724,4,0,4
4141661953,4,0,4
4143105880,4,0,4
4155417193,4,0,4
4157014613,4,5,9
4161327623,4,1,5
4173445573,4,1,5
4174305922,4,0,4
4182528874,4,0,4
4183787235,4,1,5
4196188011,4,0,4
4199689263,4,0,4
4206844593,4,1,5
4207601714,4,3,7
4209518054,4,0,4
4211207681,4,0,4
4214114559,4,15,19
4217071272,4,0,4
4220458313,4,0,4
4222098772,4,0,4
4224953237,4,3,7
4229181557,4,3,7
4230110714,4,0,4
4231065676,4,0,4
4246997865,4,10,14
4248027454,4,0,4
4256055733,4,0,4
4260601546,4,3,7
4260910889,4,0,4
4271857634,4,2,6
4271884875,4,0,4
4279416323,4,51,55
4281060373,4,0,4
4285063392,4,0,4
4297536374,4,0,4
4313378063,4,0,4
4313595797,4,8,12
4323681072,4,0,4
4340173992,4,4,8
4341329537,4,0,4
4347654087,4,1,5
4351402587,4,1,5
4366750395,4,0,4
4371382523,4,0,4
4378453163,4,0,4
4378687541,4,1,5
4381271118,4,1,5
4389640637,4,0,4
4391784203,4,1,5
4394692272,4,0,4
4398700115,4,0,4
4399641075,4,2,6
4421805454,4,0,4
4429587809,4,1,5
4431166461,4,0,4
4432039013,4,0,4
4441643921,4,0,4
4446651012,4,0,4
4448902633,4,0,4
4450117852,4,0,4
4465792589,4,1,5
4468766892,4,1,5
4469096507,4,0,4
4469322192,4,0,4
4472085989,4,0,4
4480342523,4,0,4
4484640562,4,1,5
4493551693,4,1,5
4497805522,4,14,18
4505263096,4,0,4
4506407685,4,0,4
4510642401,4,2,6
4514046192,4,0,4
4514637853,4,0,4
4527512543,4,0,4
4527616401,4,3,7
4538223857,4,1,5
4548245068,4,0,4
4550860213,4,0,4
4552843643,4,0,4
4553065997,4,1,5
4554893354,4,0,4
4564014073,4,1,5
4566379398,4,0,4
4578633133,4,8,12
4582550414,4,0,4
4588157234,4,2,6
4610041994,4,3,7
4626925094,4,0,4
4629460455,4,1,5
4636546343,4,2,6
4637965921,4,0,4
4638370754,4,0,4
4641081613,4,0,4
4644791894,4,1,5
4646349136,4,1,5
4659375256,4,2,6
4663649173,4,1,5
4665743419,4,11,15
4669823484,4,0,4
4675595521,4,0,4
4685029158,4,0,4
4685312581,4,0,4
4690969640,4,0,4
4703426357,4,3,7
4708836563,4,0,4
4709392637,4,0,4
4711585231,4,0,4
4715836583,4,3,7
4718161107,4,4,8
4719872722,4,0,4
4721019733,4,3,7
4726377699,4,0,4
4727352599,4,0,4
4738401563,4,0,4
4738782355,4,0,4
4744699036,4,0,4
4744839074,4,2,6
4751436007,4,0,4
4754698075,4,7,11
4757935408,4,0,4
4763969955,4,0,4
4764317595,4,0,4
4770654913,4,0,4
4776342980,4,29,33
4776547780,4,0,4
4781643013,4,0,4
4785479714,4,2,6
4786241263,4,0,4
4786255520,4,0,4
4791809347,4,0,4
4799500158,4,13,17
4800068294,4,1,5
4808722445,4,2,6
4808866167,4,0,4
4817992265,4,180,184
4818997534,4,0,4
4819498149,4,0,4
4822733128,4,0,4
4822842671,4,0,4
4824225439,4,0,4
4827415414,4,0,4
4827478885,4,0,4
4828311880,4,0,4
4828934602,4,0,4
4829144589,4,0,4
4829477213,4,0,4
4829854054,4,0,4
4831414786,4,0,4
4834806985,4,1,5
4837439675,4,0,4
4842408763,4,0,4
4843586721,4,0,4
4845805395,4,0,4
4851606947,4,0,4
4852486265,4,57,61
4854643588,4,0,4
4855874126,4,155,159
4855916468,4,19,23
4856012117,4,1,5
4856153218,4,1,5
4857537145,4,93,97
4865669181,4,0,4
4866734218,4,0,4
4869341278,4,0,4
4870246611,4,0,4
4870466236,4,2,6
4870870889,4,0,4
4871772892,4,0,4
4872607311,4,0,4
4874869758,4,3,7
4876893085,4,53,57
4878811191,4,1,5
4881737080,4,2,6
4884657635,4,0,4
4884813627,4,0,4
4888890794,4,0,4
4889714145,4,1,5
4892121400,4,90,94
4895009092,4,54,58
4895134213,4,0,4
4895141494,4,0,4
4895600607,4,0,4
4895932210,4,0,4
4896941973,4,0,4
4899197952,4,0,4
4902377362,4,54,58
4904970666,4,0,4
4905351950,4,0,4
4909263973,4,0,4
4918675814,4,2,6
4922595337,4,1,5
4926511394,4,5,9
697101393941962752,4,0,4
698707985875357696,4,0,4
698789557647642624,4,1,5
699566093086556160,4,0,4
700459702572945408,4,26,30
700903662743191552,4,0,4
701040303814406144,4,0,4
701293616304562176,4,0,4
701417681019219968,4,0,4
701546864387211264,4,0,4
701574009305980928,4,0,4
702013982618558464,4,0,4
702786521527488512,4,2,6
702995005875445760,4,0,4
703282802926735360,4,0,4
703438126014971904,4,15,19
703460114766893056,4,28,32
703479397039235072,4,37,41
703619896853159936,4,0,4
703632540159053825,4,1,5
703716574922829826,4,0,4
703817734270820352,4,0,4
704002391536848896,4,0,4
704005370516090880,4,0,4
704020407842533376,4,0,4
704038983139926017,4,0,4
704043412975173632,4,0,4
704070342638071808,4,0,4
704085877383761920,4,0,4
704245352191369216,4,0,4
704272615150637057,4,0,4
704324346559516672,4,0,4
704337925052489729,4,0,4
704461652423548928,4,7,11
704462639242616837,4,2,6
704466013077639168,4,0,4
704469311339962369,4,27,31
704593515561525248,4,0,4
704792031789322240,4,0,4
704914853635432448,4,0,4
705137822693527552,4,42,46
705162499914657792,4,0,4
705205328388952064,4,0,4
705245147726917633,4,0,4
705423304295845888,4,2,6
705509322856468480,4,8,12
705543971339177984,4,0,4
705555762538487808,4,2,6
705586540257243136,4,1,5
705586931472605185,4,14,18
705725190106386432,4,0,4
705748351682097153,4,0,4
705938740372496384,4,59,63
705950196878934017,4,0,4
706252701588324352,4,0,4
706379179034550272,4,1,5
706483557498265601,4,0,4
706626578122289153,4,0,4
706947343371767808,4,0,4
707036814046056450,4,16,20
707099045454594048,4,0,4
707350543362949120,4,0,4
707547358553370624,4,0,4
707625460180623360,4,0,4
707767329195577344,4,0,4
707782705132478464,4,2,6
708059541674528768,4,0,4
708116652320116736,4,0,4
708265425998618625,4,0,4
708610965856604160,4,0,4
708771615966822401,4,2,6
708788278959448066,4,0,4
708830652091777024,4,0,4
709036196941459456,4,5,9
709087819306676224,4,0,4
709473485613977601,4,0,4
709821117071015936,4,0,4
709837938788589569,4,0,4
709866436131471361,4,0,4
709920419529281537,4,6,10
709921578226585601,4,3,7
709964254414290944,4,0,4
710219048701669376,4,0,4
710610743247245313,4,0,4
710622094497751040,4,0,4
710831727015534592,4,11,15
710929228150083584,4,9,13
710936954666393601,4,0,4
711016711122714624,4,0,4
711349816110895104,4,3,7
711893771814735872,4,0,4
712053864384630784,4,0,4
712060507533012993,4,1,5
712105005445210113,4,1,5
712262403241746432,4,2,6
712673275210567680,4,14,18
712684799513665536,4,12,16
712805405689257984,4,0,4
712815513039147008,4,1,5
712821527310442496,4,0,4
712972369971642368,4,1,5
713091735140708352,4,32,36
713124570346049536,4,2,6
713527173102100481,4,0,4
714137266554187780,4,0,4
714401819305357313,4,0,4
714508367562051584,4,1,5
714836176360878081,4,1,5
714882082019885056,4,0,4
715022648598728704,4,11,15
715037817924108291,4,0,4
715244092335136768,4,0,4
715270960576745472,4,0,4
715316842554912772,4,0,4
715353711967473664,4,0,4
715553675809308672,4,0,4
715634794487554049,4,0,4
715760515046371328,4,0,4
716088483580944384,4,0,4
716192958257709057,4,0,4
716836193359368194,4,0,4
716855498520158210,4,0,4
717031772077367296,4,0,4
717046737358159874,4,4,8
717122211203719168,4,0,4
717288023725973505,4,0,4
717484997561683972,4,0,4
717837252316028928,4,2,6
718071051251552257,4,8,12
718133551711948801,4,8,12
718254320408489984,4,7,11
718785668219068416,4,0,4
718853369851346944,4,0,4
718959404012273664,4,0,4
719201186646212608,4,0,4
719701571785912320,4,5,9
719829543192662016,4,0,4
720276993162371076,4,1,5
720322462282620929,4,0,4
720347456102248448,4,0,4
720347915789692928,4,0,4
721027053559103488,4,0,4
721133618345566208,4,0,4
721206585687687168,4,0,4
721365169704546304,4,0,4
721723376364957696,4,0,4
721898371749773312,4,0,4
722092020651528192,4,4,8
722472465935441920,4,1,5
722630800076705792,4,0,4
722877644166008833,4,9,13
723322249634152448,4,0,4
723558255092334592,4,0,4
723665897953447936,4,0,4
723674922870931456,4,0,4
723922975460827136,4,0,4
723945991838244864,4,0,4
724043834783461377,4,0,4
724262493967794176,4,0,4
724549430674886656,4,0,4
724765317663199233,4,1,5
724794082740985857,4,2,6
725147730759180289,4,0,4
725310761057325057,4,0,4
725412366570147842,4,0,4
725776925797539841,4,0,4
726624505611718656,4,0,4
726759926320623616,4,3,7
726782690939293696,4,0,4
727036093527408640,4,0,4
727125070527664128,4,0,4
727239379744333824,4,0,4
727282567993421824,4,7,11
728004177574662145,4,0,4
728097555968446464,4,72,76
728259969817010176,4,0,4
728429550871318528,4,2,6
728484546518261760,4,0,4
728597152574930944,4,0,4
728617330003992581,4,1,5
728644639960375296,4,0,4
728659393907195904,4,2,6
728786065524445184,4,0,4
728832206513180673,4,1,5
728946025608581121,4,1,5
728952421683220481,4,0,4
728996611624452096,4,0,4
729057746960539648,4,23,27
729337356839424000,4,0,4
729448787404431360,4,1,5
729459383369785344,4,2,6
729752299124473856,4,0,4
730137155973025792,4,0,4
730429078302539776,4,1,5
730675520246009856,4,1,5
730971697210228736,4,0,4
730998203177390080,4,7,11
731202099732750336,4,1,5
731547001905549312,4,0,4
731559308144607235,4,0,4
732009200973287424,4,0,4
732012227029426176,4,1,5
732348413421977600,4,0,4
732353222854070272,4,0,4
732536822719467524,4,0,4
732544898394685441,4,0,4
732555422490451969,4,0,4
732931305025888258,4,0,4
733170315623202816,4,21,25
733172044427198465,4,0,4
733631853958180864,4,0,4
733720294767005696,4,1,5
734053266812600321,4,1,5
734102844371046400,4,0,4
734151311260823553,4,0,4
734224155806040064,4,0,4
734441320685527040,4,0,4
734541397919989762,4,0,4
734706090852659200,4,10,14
734756098473873408,4,0,4
734783477896359937,4,0,4
734827434734915584,4,0,4
734916566882521088,4,3,7
735094394194386944,4,0,4
735260235196047360,4,0,4
735432966739009536,4,3,7
735696143468756993,4,0,4
735716328040865792,4,0,4
736241421921882112,4,0,4
736307411451973633,4,7,11
736577755962310656,4,0,4
737046069624741888,4,0,4
737287730648879105,4,8,12
737456356337160193,4,0,4
737481459825561600,4,1,5
737982748334268420,4,0,4
737984986620538880,4,0,4
738417105087922178,4,7,11
738618374935085056,4,3,7
738760109724164097,4,0,4
738911954413162496,4,1,5
738912801595490304,4,0,4
739077590133002240,4,0,4
739818059217539073,4,46,50
739953917774045184,4,34,38
740014603870961664,4,2,6
740136782147260416,4,0,4
740255072248954880,4,0,4
740400660366143488,4,5,9
740560875787018240,4,0,4
740660643846627328,4,0,4
740722452443979776,4,1,5
740981354611892226,4,0,4
741077002044608512,4,0,4
741083975196639237,4,1,5
741159923015389184,4,0,4
741160930466271232,4,4,8
741394792773484544,4,0,4
741603472991211520,4,0,4
741751119647363072,4,1,5
741843943525101568,4,0,4
741854384519188480,4,0,4
741903415706427393,4,0,4
741906904784326656,4,0,4
742064383610781697,4,0,4
742098081001312256,4,0,4
742424858089381889,4,0,4
742446825337028608,4,0,4
742584958984687616,4,0,4
742607070713634816,4,5,9
742709411576041472,4,0,4
742803797064491008,4,0,4
742823108306837504,4,0,4
742998542621495296,4,0,4
743129433867902976,4,1,5
743223948725223424,4,0,4
743231214891347968,4,0,4
743247344540344321,4,8,12
743477712069660672,4,1,5
743528681658712064,4,0,4
743544937145339907,4,1,5
743546497208197122,4,0,4
743568027237621760,4,0,4
743576503674372096,4,5,9
743628664407986176,4,0,4
743675855633735680,4,0,4
743800296846008320,4,0,4
743830762886209536,4,0,4
744607096302276608,4,0,4
744669236904271873,4,0,4
744891306107863041,4,0,4
744939646682079232,4,0,4
744943714355666944,4,1,5
744991264496582656,4,0,4
745025820347928576,4,0,4
745049089130127361,4,0,4
745481364741361665,4,0,4
745950006872506368,4,0,4
746281599419944960,4,0,4
746516185634594816,4,57,61
746630792533663744,4,0,4
746686132813979649,4,0,4
746706646873714688,4,5,9
746899190836563968,4,0,4
747104671500730368,4,0,4
747173987470442496,4,0,4
747203794719612928,4,0,4
747216589842415617,4,0,4
747610739284770821,4,12,16
747771604323557376,4,0,4
748229273161449472,4,0,4
748504723393634304,4,0,4
748510439080763393,4,0,4
748514595128545280,4,0,4
748651704883814404,4,3,7
748928827754180608,4,0,4
748954886931447808,4,1,5
749029283570515968,4,0,4
749596592492118017,4,1,5
749641950039511040,4,0,4
749661266302558208,4,0,4
749724059387125760,4,4,8
750112571068342272,4,0,4
750396288030629890,4,0,4
750674726759071744,4,5,9
750723355075043328,4,0,4
750741639967019008,4,1,5
750770035329798144,4,0,4
750777299419541504,4,6,10
750790553437036544,4,0,4
750870492731543553,4,2,6
750911911101857792,4,0,4
751157468667883520,4,1,5
751227465331306496,4,0,4
751246919817650176,4,0,4
751441359018471424,4,0,4
751443859947782144,4,0,4
751499016421019648,4,0,4
751523506865655810,4,52,56
751589766999584772,4,0,4
751612070953676800,4,0,4
751970493356314624,4,0,4
752117228791668736,4,0,4
752178030634819584,4,0,4
752179835695497216,4,0,4
752248946601385985,4,3,7
752483160588300288,4,0,4
752596291805409280,4,1,5
752713870221930496,4,0,4
752763272235929600,4,0,4
753265945267859456,4,0,4
753278926269526016,4,1,5
753744012192866304,4,0,4
753760298788610048,4,0,4
753804643268857856,4,1,5
754160309783277569,4,0,4
754204810455363584,4,2,6
754326885069238272,4,8,12
754402449973182465,4,2,6
754412566173089792,4,0,4
754593548192755713,4,0,4
754658044588363776,4,0,4
754774817643966464,4,0,4
754795979979812864,4,0,4
754808618101374976,4,3,7
754817357718118400,4,0,4
754831709246464005,4,0,4
755029197538590720,4,0,4
755088389641297921,4,3,7
755585452279607296,4,0,4
755792892854009858,4,0,4
756070203612692480,4,0,4
756118322484170754,4,5,9
756165119273414657,4,0,4
756252241825333249,4,0,4
756335606607720450,4,40,44
756367681763307520,4,0,4
756379213070995456,4,0,4
756400309900087296,4,0,4
756402811890442241,4,0,4
756538911640264705,4,0,4
756604271475486725,4,0,4
756616918853976064,4,0,4
756689871209656321,4,0,4
756930350866173952,4,23,27
756938047275560960,4,1,5
756957549966962688,4,0,4
756989392103714816,4,0,4
757002849154850816,4,0,4
757029661289304064,4,1,5
757178512964853761,4,2,6
757328958467760128,4,8,12
757330939311632384,4,11,15
757357644856356864,4,0,4
757379284054847489,4,0,4
757551974510235648,4,1,5
757593379161137156,4,0,4
757755874207162369,4,14,18
757977350382448640,4,0,4
757999798939185152,4,0,4
758061680832180225,4,0,4
758230583449415680,4,0,4
758254678882803712,4,0,4
758378266185068544,4,22,26
758431013634732032,4,1,5
758507024673931264,4,0,4
758691730837286912,4,7,11
758760064186474496,4,0,4
758762610699501568,4,0,4
758780144538583040,4,32,36
758790760145756160,4,1,5
758824757655592960,4,12,16
758856499456200705,4,8,12
758873971622227973,4,0,4
758883354640945152,4,0,4
758884277111037952,4,4,8
758976979441897472,4,0,4
759028185761583104,4,0,4
759034007040294912,4,0,4
759037137312374785,4,24,28
759068897010155521,4,3,7
759143312041271296,4,1,5
759190790618787840,4,0,4
759397544384466945,4,2,6
759404222177771520,4,0,4
759462171667562496,4,0,4
759719639601381376,4,0,4
759867113871998977,4,0,4
759938412606398464,4,1,5
759939208576315392,4,0,4
759944367918358528,4,1,5
760145768535560192,4,0,4
760193779638730752,4,1,5
760248784483782656,4,0,4
760294865552932864,4,0,4
760482316711890946,4,0,4
760539819072028673,4,0,4
760605479382888448,4,4,8
760629367420649473,4,2,6
760667950663729152,4,1,5
760831141884592129,4,0,4
760863950460194817,4,1,5
760922828464152576,4,32,36
761230184003477504,4,2,6
761348111038046208,4,0,4
761350123448176640,4,0,4
761453500635152385,4,3,7
761606310081077248,4,0,4
761609457029656576,4,0,4
761634699139690496,4,0,4
761705125366771712,4,0,4
761960494806634496,4,0,4
761965734167588864,4,0,4
762046001368530944,4,10,14
762379442580619264,4,0,4
762496792139227138,4,0,4
763158646083751936,4,0,4
763428477198594048,4,3,7
763751859114868736,4,0,4
763786157117304832,4,0,4
763832397410414592,4,0,4
763877771684687872,4,0,4
764257443325087744,4,0,4
764263194604871680,4,1,5
764487536760741888,4,0,4
764663320305541121,4,0,4
764856618773319681,4,0,4
765274222348337152,4,1,5
765387334606991360,4,0,4
765451705165107200,4,0,4
765558559480356864,4,1,5
765669573769113601,4,31,35
765909323545513984,4,0,4
765985493993549824,4,0,4
766257948150628352,4,0,4
766268332739817472,4,0,4
766754180748816384,4,2,6
766964238497689600,4,0,4
767009952498003968,4,0,4
767081839592898560,4,0,4
767089394020909058,4,0,4
767189378951020544,4,0,4
767330949130493952,4,0,4
767355470390497280,4,0,4
767549684541825024,4,2,6
767550350479855617,4,0,4
767862627259351040,4,0,4
767868242404659201,4,0,4
768476127287472128,4,0,4
768647415289286656,4,0,4
768784558967910400,4,0,4
769237624053653504,4,0,4
769296387561299969,4,0,4
769511561245388800,4,0,4
769527733860896768,4,43,47
769551489803116544,4,0,4
769585065982464000,4,0,4
769587232017567745,4,0,4
770375237657505792,4,0,4
770719155452514305,4,0,4
770733822228955136,4,0,4
770947937685934080,4,0,4
770963266151604224,4,1,5
770996596221681664,4,0,4
771012092858105857,4,0,4
771125486823084032,4,0,4
771126387927244800,4,0,4
771233880128880640,4,0,4
771396389083287554,4,0,4
771398681849434112,4,0,4
771442636137848836,4,0,4
771723948090388480,4,0,4
771867996985946112,4,1,5
771902614694928384,4,0,4
771913492001595392,4,11,15
772080610672128000,4,0,4
772085148028329986,4,3,7
772096123594944512,4,0,4
772099853350531072,4,0,4
772128389398310912,4,0,4
772174020162654208,4,0,4
772231657956995072,4,5,9
772431422120402944,4,0,4
772447715192082432,4,0,4
772580220326916098,4,0,4
772898139997175808,4,4,8
772955040650788864,4,0,4
773224756971577344,4,3,7
773308747703693312,4,0,4
773565064393744384,4,0,4
773732355110567937,4,0,4
774041031490867200,4,0,4
774398662218649600,4,0,4
774417516252827648,4,2,6
774624296220127232,4,0,4
774822521338228736,4,0,4
774907030742130688,4,0,4
775201059740397568,4,5,9
775224322038329344,4,0,4
775339688139915264,4,0,4
775479645672267776,4,2,6
775538698540548096,4,0,4
775695363109949440,4,0,4
775848200997572608,4,0,4
775885352477265920,4,8,12
776377386157957120,4,0,4
776449485496999936,4,0,4
776573144278728704,4,0,4
776798524692373508,4,0,4
776952709849223168,4,0,4
777018762377633793,4,3,7
777332587131961344,4,1,5
777390948808482820,4,2,6
777472776886190080,4,0,4
777550083386646529,4,6,10
777653277672480768,4,0,4
777658850249805824,4,0,4
777873573922926593,4,0,4
777965567194062848,4,0,4
778055599292645377,4,0,4
778295809221627904,4,0,4
778733900679884800,4,0,4
778953711754162176,4,5,9
779048950460448768,4,8,12
779126152774299649,4,3,7
779152375508381696,4,3,7
779293955867418624,4,0,4
779688318703284224,4,1,5
779725880461451264,4,0,4
779809124490047488,4,0,4
779904194903891968,4,0,4
780062141206372357,4,0,4
780217933062557696,4,1,5
780325490254983168,4,0,4
780465044102508544,4,0,4
780575267911675904,4,0,4
780603313985245184,4,0,4
780626889916321792,4,1,5
780775498406256641,4,0,4
780860260080717825,4,0,4
780869683691986945,4,0,4
780875904499286016,4,0,4
780886453295407104,4,0,4
781129134428815360,4,0,4
781212008427491328,4,0,4
781252299507142656,4,18,22
781561628160438272,4,0,4
781613701434597376,4,0,4
781668232059031553,4,0,4
782279402260267008,4,3,7
782291757262336000,4,0,4
782978790737715200,4,0,4
783001562255859712,4,0,4
783040259437101057,4,1,5
783155153121611776,4,0,4
783262261725069312,4,0,4
783365596360564736,4,1,5
783405359654469632,4,0,4
783531441485479936,4,0,4
783660098568589312,4,0,4
783737480356896768,4,0,4
783742052026560512,4,0,4
783796293822885888,4,0,4
784013324530974720,4,0,4
784244866737856512,4,1,5
784539265204183040,4,23,27
784603440966230017,4,0,4
784782649998970881,4,0,4
784803167162732544,4,0,4
784966896038928388,4,1,5
785082142636191744,4,0,4
785129237711876105,4,0,4
785140829425807361,4,0,4
785261966080217088,4,0,4
785262198385995776,4,9,13
785287066787520513,4,0,4
785289278922301440,4,0,4
785292577973108736,4,1,5
785317941654978560,4,0,4
785318550466539521,4,1,5
785347084086079488,4,0,4
785383555736174592,4,0,4
785428656416034816,4,0,4
785596601980989440,4,0,4
785626002474930176,4,0,4
785667636474576896,4,0,4
785715705375133696,4,0,4
785746886812499968,4,0,4
785748811624816640,4,0,4
785819314628599808,4,0,4
785850938904969216,4,5,9
785862717483679748,4,0,4
785877182031630336,4,0,4
785908821520584704,4,2,6
785920710921379840,4,0,4
785999113728909313,4,0,4
786042268700606464,4,0,4
786054880142262272,4,0,4
786225503854170112,4,0,4
786393623151648768,4,0,4
786444573400637440,4,0,4
786770956744269824,4,0,4
786859398769487872,4,0,4
786909353223659520,4,0,4
786915345894432769,4,1,5
786938506681675776,4,0,4
787123233506025472,4,1,5
787526528674344961,4,0,4
787612392020672516,4,0,4
787788665640464384,4,0,4
787814782665711620,4,0,4
787835949455552512,4,0,4
787847062213713920,4,0,4
787907737166356480,4,0,4
788137646937735168,4,0,4
788142895249272833,4,0,4
788146254496800768,4,0,4
788156070753468416,4,0,4
788216256633589760,4,0,4
788351726860529665,4,0,4
788352614656344064,4,0,4
788382117256310785,4,0,4
788450409547493377,4,0,4
788457474504335361,4,0,4
788478662454673409,4,0,4
788489060247633920,4,0,4
788560161824575488,4,0,4
788587879383588864,4,1,5
788711579969871872,4,0,4
788719951804641280,4,1,5
788742704028975104,4,0,4
788769752046972928,4,0,4
788792903925497857,4,3,7
788803008947556352,4,0,4
788839530501505025,4,0,4
789140251394662400,4,0,4
789236465855238146,4,2,6
789237706735824898,4,0,4
789262380349919234,4,0,4
789413762771988482,4,0,4
789537417510420480,4,0,4
789562815983919104,4,0,4
789612868228542464,4,0,4
789616364071694336,4,0,4
789791627359510528,4,0,4
789804320149606400,4,0,4
790210847305895938,4,0,4
790241949974278144,4,0,4
790248943087214592,4,0,4
790376106360770560,4,0,4
790584386773192704,4,0,4
790696510094708738,4,0,4
790781142857199617,4,4,8
790879617167089664,4,0,4
791083124553871360,4,0,4
791090750943440897,4,0,4
791275173630599168,4,0,4
791419345863704576,4,0,4
791473603808067584,4,0,4
791484518095925252,4,0,4
791705430955261952,4,0,4
791729170187423744,4,0,4
791853193017733120,4,0,4
791926823164661760,4,0,4
792111245973348352,4,0,4
792147334897348608,4,1,5
792458499007483904,4,1,5
792493553209450497,4,0,4
792543433348964353,4,0,4
792920866363322368,4,0,4
793172001313607680,4,0,4
793185144727216130,4,1,5
793242573313871873,4,2,6
793562074899181568,4,0,4
793616937855004672,4,0,4
793703479474782208,4,4,8
793899953466658816,4,2,6
794001434912157696,4,0,4
794094508782841856,4,0,4
794193454049832960,4,0,4
794219769943691264,4,0,4
794273278391177216,4,0,4
794292332845637632,4,0,4
794344327434469376,4,3,7
794531090967003136,4,0,4
794563278206693376,4,0,4
794565128825892865,4,0,4
794566447494090752,4,0,4
794568052494897152,4,0,4
795078196639236096,4,0,4
795112950990180352,4,0,4
795468503142776832,4,2,6
795482561443168256,4,2,6
795729399148609536,4,0,4
795786657245069314,4,0,4
795940967547371520,4,0,4
796033019723268096,4,0,4
796098927233732608,4,0,4
796106999821803520,4,0,4
796154475983540224,4,0,4
796217390015139840,4,0,4
796366288138412032,4,0,4
796497348658626560,4,0,4
796515300321689600,4,0,4
796573675764023296,4,0,4
796742056983019520,4,0,4
796765973994938368,4,4,8
796820738644680708,4,0,4
796825952508473344,4,0,4
797068971019210752,4,0,4
797071172731080704,4,14,18
797452445253300224,4,1,5
797519433505927169,4,2,6
797594293594681344,4,0,4
797603907493044224,4,0,4
797628458155307008,4,0,4
797716556981665792,4,0,4
797805759161663488,4,0,4
797817902929940480,4,1,5
797821084712181760,4,0,4
798200895263703040,4,0,4
799315028667035649,4,2,6
800031641783717888,4,0,4
800487435343785985,4,1,5
800753078366388224,4,10,14
801282509891715073,4,5,9
801317345075531776,4,0,4
801402538150993920,4,4,8
803015255840280576,4,0,4
804120520098725890,4,1,5
806763044986490881,4,0,4
528,3,2,5
586,3,4,7
5908,3,3,6
34193,3,9,12
45993,3,3,6
634703,3,12,15
698193,3,17,20
798286,3,1,4
928481,3,5,8
950531,3,2,5
1128631,3,2,5
1171621,3,14,17
1222781,3,0,3
1463111,3,38,41
1622051,3,1,4
2274601,3,1,4
2407691,3,0,3
2682771,3,6,9
2719961,3,95,98
3007491,3,1,4
3447831,3,16,19
3883561,3,1,4
5157031,3,9,12
5417332,3,3,6
5658202,3,1,4
5749112,3,18,21
5862052,3,0,3
5944712,3,5,8
5959342,3,8,11
5982652,3,9,12
6023442,3,0,3
6160792,3,0,3
6247272,3,1,4
6272722,3,1,4
7132602,3,3,6
7489922,3,15,18
7497032,3,4,7
7548732,3,0,3
7615452,3,2,5
7848802,3,20,23
8011072,3,4,7
8091532,3,0,3
8119452,3,6,9
8251602,3,1,4
8688092,3,0,3
8799792,3,4,7
9116332,3,9,12
9188592,3,0,3
9730672,3,3,6
9942272,3,5,8
10008762,3,1,4
10620272,3,0,3
10647162,3,0,3
11985732,3,0,3
12144232,3,2,5
12435272,3,1,4
12477612,3,4,7
12707692,3,2,5
13072612,3,75,78
13130862,3,0,3
13213532,3,8,11
13493302,3,7,10
14082108,3,17,20
14095270,3,27,30
14096763,3,0,3
14101544,3,0,3
14111708,3,0,3
14116873,3,8,11
14127715,3,1,4
14177553,3,6,9
14180105,3,5,8
14197312,3,6,9
14203047,3,2,5
14213268,3,0,3
14214766,3,25,28
14237677,3,4,7
14259855,3,0,3
14272512,3,1,4
14288037,3,0,3
14308508,3,3,6
14353874,3,28,31
14364337,3,7,10
14371349,3,6,9
14413894,3,3,6
14426487,3,10,13
14464670,3,1,4
14472216,3,14,17
14517437,3,13,16
14534507,3,6,9
14616203,3,0,3
14622600,3,6,9
14652467,3,0,3
14690245,3,5,8
14708602,3,2,5
14715582,3,0,3
14734628,3,4,7
14746731,3,6,9
14817416,3,1,4
14826029,3,0,3
14861684,3,0,3
14862668,3,14,17
14905123,3,1,4
14969388,3,1,4
14973377,3,4,7
15023095,3,29,32
15034280,3,1,4
15051600,3,6,9
15055811,3,0,3
15064082,3,2,5
15091129,3,1,4
15113764,3,0,3
15114430,3,1,4
15127751,3,0,3
15150311,3,1,4
15159600,3,66,69
15181137,3,0,3
15225512,3,0,3
15228530,3,11,14
15238891,3,2,5
15240735,3,134,137
15276984,3,15,18
15305732,3,0,3
15313645,3,3,6
15343309,3,36,39
15367337,3,1,4
15379047,3,0,3
15379392,3,5,8
15391466,3,95,98
15400483,3,8,11
15455314,3,0,3
15473027,3,65,68
15474755,3,14,17
15502487,3,0,3
15514244,3,19,22
15521063,3,2,5
15538558,3,0,3
15608428,3,8,11
15627065,3,0,3
15652824,3,14,17
15693337,3,0,3
15694816,3,1,4
15698824,3,0,3
15718600,3,6,9
15720873,3,17,20
15737225,3,0,3
15740372,3,0,3
15755417,3,3,6
15763704,3,6,9
15785309,3,12,15
15831330,3,1,4
15832910,3,0,3
15861135,3,79,82
15873978,3,4,7
15891116,3,0,3
15914409,3,0,3
15917488,3,12,15
15928565,3,0,3
15946280,3,5,8
15960672,3,6,9
15968617,3,22,25
15977208,3,22,25
15983434,3,3,6
15998041,3,4,7
16014522,3,12,15
16025527,3,6,9
16042005,3,2,5
16048951,3,3,6
16064676,3,0,3
16076529,3,5,8
16080092,3,1,4
16084306,3,0,3
16108918,3,0,3
16117130,3,3,6
16139044,3,1,4
16173081,3,0,3
16180853,3,8,11
16259333,3,0,3
16272615,3,8,11
16291665,3,0,3
16335744,3,4,7
16356658,3,3,6
16370204,3,1,4
16441758,3,2,5
16472781,3,43,46
16482183,3,6,9
16494919,3,0,3
16503216,3,0,3
16549571,3,0,3
16560737,3,0,3
16566535,3,4,7
16597797,3,1,4
16613101,3,8,11
16613236,3,1,4
16615729,3,0,3
16634486,3,183,186
16643977,3,3,6
16689838,3,0,3
16692651,3,0,3
16701847,3,2,5
16708781,3,1,4
16710659,3,3,6
16744021,3,20,23
16751948,3,0,3
16810118,3,9,12
16843169,3,3,6
16893929,3,4,7
16898332,3,7,10
16898694,3,1,4
16937082,3,0,3
16967973,3,1,4
16975259,3,0,3
16980455,3,16,19
16984207,3,4,7
16990287,3,0,3
16990672,3,0,3
16992161,3,10,13
16993806,3,10,13
17003566,3,3,6
17017064,3,2,5
17027632,3,9,12
17085007,3,17,20
17095267,3,2,5
17135953,3,20,23
17194555,3,1,4
17232340,3,62,65
17237253,3,17,20
17264272,3,0,3
17275550,3,0,3
17295001,3,1,4
17297351,3,4,7
17346158,3,25,28
17389977,3,0,3
17426089,3,0,3
17433344,3,4,7
17433545,3,2,5
17436479,3,3,6
17454490,3,0,3
17522884,3,0,3
17539336,3,1,4
17559997,3,6,9
17566621,3,1,4
17574051,3,5,8
17578198,3,45,48
17606369,3,0,3
17626144,3,15,18
17628108,3,0,3
17655090,3,5,8
17722542,3,2,5
17735075,3,0,3
17769174,3,4,7
17778734,3,2,5
17797381,3,8,11
17815602,3,20,23
17820635,3,1,4
17825687,3,15,18
17859339,3,5,8
17902913,3,0,3
17917319,3,0,3
17917717,3,26,29
17920804,3,1,4
17962762,3,1,4
17966463,3,2,5
17977065,3,0,3
17996917,3,0,3
18029564,3,0,3
18064178,3,0,3
18086081,3,1,4
18141243,3,0,3
18204833,3,15,18
18205705,3,18,21
18213072,3,0,3
18230206,3,0,3
18245998,3,1,4
18248919,3,40,43
18260331,3,1,4
18281269,3,32,35
18284964,3,0,3
18295571,3,1,4
18301810,3,12,15
18325400,3,0,3
18325504,3,6,9
18346882,3,9,12
18348010,3,0,3
18351220,3,0,3
18377907,3,1,4
18390941,3,1,4
18401584,3,25,28
18481134,3,5,8
18489148,3,5,8
18510396,3,0,3
18514659,3,1,4
18531825,3,0,3
18548853,3,0,3
18589806,3,1,4
18608764,3,1,4
18611469,3,4,7
18621306,3,15,18
18623167,3,4,7
18647752,3,1,4
18661261,3,3,6
18695774,3,3,6
18701903,3,3,6
18707435,3,25,28
18712412,3,0,3
18772094,3,122,125
18796850,3,0,3
18799913,3,0,3
18822772,3,46,49
18842500,3,3,6
18842574,3,0,3
18853299,3,0,3
18860022,3,4,7
18925721,3,0,3
18929690,3,38,41
18954233,3,8,11
18962806,3,1,4
19004939,3,9,12
19031346,3,12,15
19047724,3,2,5
19050219,3,1,4
19086511,3,0,3
19118291,3,1,4
19121098,3,17,20
19129581,3,0,3
19244453,3,0,3
19258189,3,20,23
19301382,3,0,3
19308107,3,0,3
19350366,3,0,3
19475210,3,0,3
19490575,3,3,6
19492233,3,0,3
19558891,3,0,3
19560291,3,2,5
19564773,3,0,3
19707507,3,4,7
19732588,3,0,3
19805053,3,0,3
19805773,3,0,3
19807795,3,16,19
19808920,3,30,33
19815513,3,0,3
19834582,3,0,3
19895040,3,16,19
19915682,3,122,125
19934667,3,1,4
19943471,3,6,9
20114089,3,5,8
20126068,3,4,7
20160137,3,1,4
20194311,3,3,6
20205522,3,4,7
20248636,3,0,3
20338476,3,2,5
20393250,3,3,6
20399893,3,2,5
20425092,3,13,16
20469411,3,0,3
20484547,3,0,3
20514687,3,1,4
20533352,3,39,42
20618180,3,321,324
20701335,3,2,5
20740139,3,0,3
20742878,3,0,3
20743889,3,5,8
20753200,3,3,6
20757672,3,0,3
20776532,3,0,3
20822796,3,3,6
20851790,3,0,3
20874924,3,1,4
20949830,3,0,3
20964088,3,30,33
20965070,3,0,3
20994278,3,1,4
21021175,3,0,3
21041101,3,11,14
21048391,3,23,26
21061618,3,1,4
21061888,3,22,25
21108303,3,2,5
21154773,3,7,10
21222677,3,0,3
21242286,3,1,4
21252703,3,3,6
21283179,3,5,8
21292955,3,0,3
21315426,3,0,3
21374892,3,11,14
21379214,3,0,3
21422320,3,0,3
21449520,3,0,3
21457771,3,19,22
21483809,3,2,5
21484068,3,8,11
21496427,3,0,3
21499559,3,0,3
21540274,3,0,3
21541693,3,0,3
21551058,3,80,83
21587180,3,10,13
21600100,3,0,3
21603495,3,0,3
21619587,3,0,3
21670225,3,6,9
21670445,3,12,15
21691327,3,93,96
21693961,3,3,6
21715369,3,27,30
21762025,3,82,85
21762765,3,2,5
21788170,3,1,4
21874782,3,46,49
21902419,3,0,3
21908111,3,6,9
21925455,3,1,4
22021233,3,0,3
22021398,3,30,33
22033362,3,3,6
22043079,3,0,3
22043275,3,3,6
22080106,3,2,5
22084427,3,2,5
22219736,3,0,3
22266756,3,92,95
22279004,3,8,11
22285412,3,0,3
22296541,3,0,3
22313347,3,6,9
22318965,3,0,3
22319726,3,20,23
22383451,3,0,3
22385934,3,0,3
22425795,3,1,4
22426227,3,1,4
22441888,3,0,3
22482951,3,0,3
22501421,3,7,10
22513016,3,5,8
22526181,3,7,10
22573152,3,1,4
22576307,3,0,3
22654378,3,1,4
22674772,3,0,3
22682422,3,5,8
22692385,3,0,3
22718320,3,0,3
22730061,3,1,4
22733169,3,4,7
22772972,3,1,4
22805170,3,0,3
22819351,3,86,89
22873554,3,3,6
22948102,3,12,15
22972694,3,0,3
23022229,3,2,5
23083143,3,0,3
23101078,3,44,47
23119053,3,0,3
23141215,3,0,3
23146251,3,0,3
23157055,3,1,4
23193980,3,0,3
23244113,3,11,14
23244810,3,1,4
23275915,3,2,5
23278850,3,0,3
23285206,3,0,3
23302289,3,3,6
23350577,3,33,36
23361434,3,0,3
23485783,3,0,3
23513021,3,29,32
23545967,3,1,4
23575752,3,0,3
23590370,3,0,3
23683529,3,0,3
23763190,3,8,11
23769223,3,1,4
23776215,3,1,4
23858111,3,25,28
23894246,3,16,19
23953095,3,14,17
23966021,3,2,5
23973443,3,0,3
24038210,3,2,5
24102908,3,0,3
24110466,3,1,4
24212955,3,4,7
24216103,3,2,5
24233192,3,0,3
24259655,3,29,32
24321039,3,69,72
24367512,3,0,3
24381093,3,3,6
24392429,3,0,3
24408575,3,22,25
24448550,3,0,3
24473205,3,0,3
24493104,3,2,5
24499122,3,0,3
24545324,3,0,3
24549269,3,2,5
24557743,3,3,6
24565483,3,2,5
24588104,3,0,3
24591068,3,0,3
24651005,3,27,30
24724232,3,1,4
24888615,3,2,5
24922764,3,1,4
24974773,3,0,3
25098164,3,1,4
25147913,3,0,3
25168680,3,0,3
25177803,3,0,3
25189696,3,2,5
25237992,3,0,3
25259962,3,13,16
25278584,3,1,4
25296560,3,1,4
25304264,3,123,126
25333580,3,0,3
25347098,3,0,3
25359917,3,3,6
25372025,3,17,20
25387057,3,12,15
25387734,3,0,3
25393791,3,0,3
25468892,3,0,3
25489790,3,13,16
25556330,3,0,3
25646774,3,8,11
25695344,3,0,3
25735851,3,0,3
25789958,3,0,3
25793079,3,13,16
25809254,3,11,14
25821815,3,0,3
25880392,3,0,3
25893961,3,0,3
25900665,3,0,3
25910113,3,1,4
25911484,3,0,3
25960696,3,0,3
25976676,3,4,7
25997352,3,6,9
26034637,3,0,3
26037059,3,0,3
26089178,3,0,3
26240584,3,0,3
26244156,3,0,3
26410290,3,11,14
26411293,3,0,3
26459184,3,3,6
26487169,3,1,4
26559222,3,5,8
26595894,3,2,5
26643906,3,10,13
26673773,3,0,3
26752690,3,0,3
26861822,3,1,4
26900164,3,0,3
26906084,3,0,3
26912335,3,19,22
26935707,3,0,3
26971251,3,0,3
27003847,3,24,27
27051804,3,0,3
27087020,3,2,5
27123534,3,1,4
27207788,3,0,3
27428819,3,0,3
27550639,3,1,4
27689907,3,5,8
27889066,3,1,4
27958886,3,1,4
28033260,3,0,3
28114096,3,7,10
28118296,3,0,3
28188739,3,2,5
28199524,3,5,8
28302031,3,4,7
28446784,3,0,3
28671851,3,0,3
28717800,3,0,3
28771426,3,0,3
28869089,3,8,11
28899357,3,0,3
28938177,3,0,3
28952731,3,5,8
28976488,3,1,4
29054320,3,13,16
29068856,3,0,3
29159004,3,0,3
29210832,3,2,5
29217728,3,0,3
29246501,3,2,5
29270341,3,8,11
29302574,3,0,3
29342722,3,10,13
29358764,3,0,3
29453773,3,16,19
29455844,3,0,3
29547995,3,0,3
29576453,3,0,3
29625786,3,14,17
29799997,3,17,20
29819222,3,9,12
29898088,3,0,3
29909029,3,15,18
29928441,3,1,4
29956706,3,43,46
29996468,3,0,3
30011213,3,0,3
30117375,3,3,6
30118103,3,0,3
30121447,3,1,4
30130236,3,9,12
30189429,3,0,3
30213351,3,2,5
30237735,3,10,13
30244661,3,2,5
30269689,3,0,3
30303452,3,0,3
30331277,3,0,3
30351538,3,4,7
30529645,3,0,3
30557379,3,3,6
30576670,3,3,6
30606428,3,1,4
30616006,3,0,3
30626499,3,53,56
30694564,3,0,3
30724539,3,0,3
31034254,3,15,18
31091853,3,0,3
31162045,3,2,5
31202119,3,6,9
31268984,3,0,3
31319057,3,13,16
31470144,3,0,3
31582399,3,0,3
31595186,3,2,5
31629770,3,0,3
31741027,3,1,4
31987940,3,2,5
32247169,3,23,26
32292018,3,4,7
32303435,3,1,4
32305647,3,15,18
32323274,3,0,3
32340937,3,1,4
32423076,3,0,3
32508431,3,1,4
32534455,3,0,3
32569649,3,0,3
32614203,3,0,3
32616305,3,2,5
32649134,3,5,8
32697667,3,31,34
32750750,3,0,3
32758350,3,9,12
32776870,3,2,5
32829380,3,0,3
33005218,3,0,3
33005675,3,0,3
33017364,3,0,3
33029226,3,59,62
33039882,3,0,3
33046026,3,0,3
33267650,3,0,3
33306372,3,2,5
33388097,3,1,4
33561651,3,7,10
33635210,3,2,5
33638008,3,0,3
33684563,3,0,3
33855204,3,62,65
33898033,3,1,4
33932871,3,0,3
34029414,3,0,3
34078516,3,0,3
34140870,3,0,3
34258280,3,0,3
34325139,3,4,7
34328003,3,4,7
34339467,3,1,4
34347953,3,0,3
34358726,3,1,4
34370231,3,0,3
34377172,3,0,3
34476699,3,7,10
34497220,3,102,105
34552722,3,1,4
34625187,3,0,3
34698537,3,61,64
34702148,3,13,16
34729380,3,0,3
34732911,3,0,3
34817515,3,0,3
34936244,3,1,4
34992239,3,0,3
35155248,3,0,3
35193521,3,0,3
35366335,3,0,3
35370013,3,18,21
35382330,3,0,3
35533347,3,0,3
35683492,3,1,4
35693806,3,5,8
35703629,3,8,11
35721928,3,2,5
35722851,3,0,3
35878981,3,0,3
35896025,3,0,3
36016075,3,0,3
36158249,3,0,3
36166107,3,0,3
36190337,3,0,3
36274618,3,1,4
36326139,3,11,14
36449038,3,0,3
36471617,3,14,17
36531617,3,0,3
36540908,3,4,7
36589504,3,2,5
36592493,3,0,3
36596495,3,0,3
36655258,3,0,3
36672376,3,0,3
36774800,3,0,3
36794689,3,0,3
36809959,3,0,3
36829398,3,7,10
36829508,3,0,3
36869006,3,0,3
36962541,3,2,5
37025524,3,0,3
37085781,3,2,5
37238811,3,5,8
37244523,3,4,7
37295817,3,0,3
37362374,3,0,3
37381206,3,3,6
37382192,3,5,8
37500856,3,0,3
37510010,3,13,16
37541713,3,0,3
37656328,3,0,3
37678320,3,4,7
37714164,3,0,3
37869737,3,0,3
38006005,3,1,4
38084610,3,10,13
38147581,3,0,3
38208912,3,5,8
38218244,3,0,3
38333667,3,95,98
38363418,3,0,3
38703154,3,0,3
38705211,3,0,3
38738670,3,1,4
38753703,3,7,10
38771366,3,30,33
38891428,3,4,7
38983900,3,2,5
38996526,3,0,3
39063635,3,1,4
39119223,3,0,3
39168800,3,4,7
39213003,3,0,3
39216173,3,14,17
39304833,3,9,12
39317375,3,3,6
39374924,3,4,7
39483850,3,14,17
39525558,3,0,3
39648644,3,0,3
39657238,3,0,3
39744279,3,0,3
39744993,3,0,3
39758261,3,0,3
39824470,3,30,33
39826290,3,7,10
39870549,3,9,12
39951157,3,5,8
39979971,3,93,96
40092446,3,3,6
40094317,3,12,15
40103016,3,8,11
40149703,3,0,3
40169810,3,1,4
40259419,3,0,3
40282378,3,0,3
40302696,3,1,4
40342396,3,27,30
40355704,3,1,4
40456513,3,1,4
40831938,3,6,9
40942013,3,0,3
41023496,3,102,105
41089989,3,0,3
41225977,3,2,5
41571109,3,2,5
41601360,3,0,3
41602030,3,0,3
41656113,3,1,4
41660913,3,0,3
41669035,3,112,115
41834426,3,0,3
41884242,3,1,4
41925308,3,20,23
42004833,3,27,30
42138102,3,23,26
42224196,3,0,3
42277731,3,0,3
42313640,3,9,12
42324537,3,0,3
42534758,3,0,3
42691324,3,0,3
42750397,3,8,11
42844321,3,2,5
42891240,3,10,13
42912883,3,1,4
42927744,3,1,4
43011729,3,20,23
43191453,3,3,6
43260136,3,1,4
43356553,3,0,3
43361042,3,0,3
43399301,3,0,3
43575330,3,10,13
43730089,3,0,3
43927096,3,0,3
43965713,3,0,3
44004374,3,1,4
44056598,3,3,6
44114618,3,306,309
44165780,3,2,5
44226704,3,23,26
44257343,3,3,6
44266097,3,0,3
44297119,3,3,6
44333533,3,1,4
44365200,3,0,3
44393435,3,6,9
44429375,3,0,3
44464707,3,0,3
44644109,3,0,3
44669112,3,0,3
44814931,3,0,3
44902196,3,0,3
45053698,3,0,3
45221319,3,0,3
45234814,3,0,3
45253942,3,95,98
45260988,3,7,10
45435314,3,0,3
45465828,3,0,3
45599926,3,0,3
45659544,3,0,3
45751277,3,0,3
45826850,3,0,3
45888842,3,0,3
45929317,3,1,4
46001558,3,3,6
46020316,3,18,21
46232913,3,0,3
46250763,3,11,14
46291100,3,0,3
46466423,3,4,7
46584257,3,6,9
46598985,3,0,3
46693313,3,3,6
46926371,3,0,3
46948570,3,5,8
46966133,3,7,10
46974375,3,0,3
46997682,3,0,3
47046666,3,4,7
47099879,3,1,4
47153887,3,1,4
47239788,3,2,5
47300062,3,0,3
47425279,3,0,3
47453306,3,0,3
47562979,3,2,5
47571389,3,0,3
47660417,3,11,14
47746493,3,0,3
47818826,3,0,3
47825973,3,1,4
47827551,3,0,3
47846078,3,0,3
47974613,3,0,3
47987044,3,0,3
48191895,3,5,8
48230664,3,3,6
48351587,3,0,3
48443121,3,8,11
48443202,3,0,3
48465189,3,0,3
48509343,3,10,13
48538118,3,7,10
48573475,3,99,102
48620492,3,0,3
48667040,3,0,3
48686316,3,0,3
48708159,3,2,5
48853792,3,0,3
48865948,3,2,5
48997124,3,3,6
49033732,3,0,3
49080115,3,2,5
49219932,3,34,37
49241754,3,0,3
49251379,3,10,13
49342919,3,0,3
49364377,3,1,4
49387891,3,0,3
49665155,3,0,3
49728623,3,2,5
49730994,3,0,3
49764393,3,86,89
50061337,3,0,3
50085704,3,5,8
50295201,3,10,13
50340695,3,0,3
50425675,3,0,3
50478521,3,1,4
50549571,3,0,3
50648768,3,55,58
50727917,3,1,4
50780846,3,0,3
50799216,3,23,26
50940533,3,0,3
50954645,3,0,3
51100232,3,0,3
51100448,3,0,3
51138684,3,0,3
51144741,3,0,3
51271311,3,0,3
51467558,3,1,4
51526918,3,14,17
51570545,3,1,4
51624280,3,1,4
51823925,3,0,3
51827471,3,0,3
52113768,3,0,3
52129233,3,0,3
52249416,3,0,3
52308525,3,1,4
52407037,3,20,23
52590494,3,0,3
52655635,3,6,9
52707672,3,0,3
53070004,3,0,3
53487624,3,0,3
53490475,3,3,6
53531549,3,0,3
53548512,3,1,4
53981431,3,2,5
54106266,3,0,3
54203639,3,0,3
54265268,3,1,4
54412618,3,0,3
54436863,3,1,4
54464270,3,0,3
54558534,3,0,3
54559498,3,0,3
54694300,3,0,3
54710789,3,0,3
54744689,3,12,15
54942492,3,1,4
55038724,3,0,3
55403428,3,0,3
55464424,3,7,10
55486359,3,0,3
55649744,3,0,3
55679593,3,0,3
55829110,3,0,3
55840984,3,3,6
56008552,3,3,6
56038149,3,9,12
56126238,3,2,5
56320681,3,0,3
56365484,3,1,4
56445458,3,51,54
56481865,3,19,22
56588837,3,0,3
56632688,3,0,3
56842350,3,1,4
57005769,3,0,3
57117405,3,0,3
57120187,3,1,4
57474976,3,1,4
57486153,3,2,5
57515678,3,1,4
57586029,3,1,4
57892088,3,3,6
58047596,3,1,4
58072320,3,0,3
58104926,3,0,3
58272227,3,8,11
58282687,3,1,4
58353855,3,9,12
58365074,3,11,14
58410046,3,0,3
58459364,3,0,3
58584852,3,0,3
58682522,3,3,6
58819354,3,12,15
58915291,3,0,3
59149987,3,0,3
59481104,3,0,3
59535521,3,0,3
59553022,3,0,3
59587986,3,19,22
59676625,3,36,39
59850640,3,0,3
59863209,3,1,4
60044223,3,0,3
60100922,3,0,3
60163129,3,1,4
60340219,3,0,3
60355875,3,0,3
60623733,3,0,3
60652784,3,0,3
60764900,3,0,3
60786755,3,2,5
60841112,3,29,32
60855819,3,1,4
60921657,3,0,3
60931748,3,0,3
61031027,3,0,3
61102961,3,1,4
61244795,3,0,3
61268284,3,1,4
61570774,3,1,4
61678006,3,6,9
61760353,3,0,3
61966496,3,3,6
62052990,3,2,5
62081777,3,1,4
62096167,3,0,3
62147819,3,10,13
62193955,3,1,4
62195462,3,17,20
62473360,3,1,4
62616337,3,2,5
62620340,3,5,8
62865543,3,0,3
63003476,3,25,28
63139313,3,4,7
63300435,3,1,4
63329922,3,0,3
63357327,3,0,3
63452015,3,18,21
63510807,3,0,3
63540589,3,0,3
63815164,3,0,3
63912972,3,0,3
64001145,3,14,17
64051666,3,0,3
64257328,3,1,4
64536113,3,0,3
64570566,3,0,3
64572466,3,0,3
64730003,3,0,3
64731945,3,60,63
64741201,3,0,3
65129573,3,15,18
65137552,3,5,8
65251808,3,14,17
65347644,3,4,7
65593140,3,0,3
65912693,3,0,3
65917557,3,9,12
65975862,3,0,3
66022089,3,0,3
66042677,3,7,10
66268665,3,1,4
66436048,3,0,3
66757019,3,0,3
66892324,3,0,3
67007113,3,0,3
67014233,3,3,6
67035714,3,0,3
67088567,3,0,3
67351264,3,0,3
67513913,3,0,3
67652336,3,0,3
67819845,3,0,3
67925990,3,0,3
68098473,3,0,3
68146404,3,1,4
68390509,3,0,3
68495093,3,2,5
68510088,3,1,4
69148993,3,1,4
69309095,3,0,3
69343984,3,0,3
69557688,3,0,3
69653328,3,1,4
69951135,3,10,13
69986363,3,4,7
70060000,3,0,3
70095723,3,5,8
70150157,3,0,3
70986476,3,15,18
71026395,3,0,3
71063731,3,1,4
71065073,3,0,3
71091343,3,0,3
71095579,3,0,3
71129280,3,0,3
71322106,3,0,3
71361477,3,0,3
71372853,3,0,3
71424670,3,3,6
71469143,3,1,4
71482969,3,0,3
71669929,3,13,16
71707056,3,1,4
71872909,3,0,3
71914694,3,1,4
71941709,3,4,7
71989243,3,4,7
72318172,3,0,3
72351595,3,0,3
72375351,3,0,3
72471261,3,27,30
73103223,3,1,4
73220086,3,0,3
73276861,3,10,13
73281341,3,0,3
73401491,3,0,3
73668179,3,0,3
73675740,3,76,79
73700357,3,0,3
73712131,3,1,4
73786331,3,1,4
74077529,3,1,4
74165970,3,0,3
74480329,3,0,3
74560493,3,20,23
74634303,3,3,6
74654949,3,0,3
74883941,3,1,4
75101299,3,10,13
75132040,3,0,3
75167937,3,0,3
75409576,3,2,5
75424399,3,1,4
75515048,3,0,3
75575621,3,0,3
75735687,3,0,3
75852068,3,0,3
75925836,3,0,3
76480400,3,0,3
76646048,3,0,3
76687407,3,0,3
76809098,3,0,3
77142583,3,0,3
77608151,3,0,3
77755768,3,3,6
77807698,3,1,4
78091609,3,2,5
78383466,3,8,11
78520720,3,0,3
78623043,3,1,4
78786344,3,4,7
78979964,3,1,4
79218581,3,0,3
79320546,3,0,3
79324573,3,1,4
79514247,3,8,11
79712689,3,0,3
80087431,3,18,21
80103181,3,7,10
80151916,3,0,3
80414409,3,22,25
80423130,3,0,3
80552881,3,0,3
80619457,3,19,22
80831205,3,0,3
80838028,3,0,3
81228670,3,0,3
81544504,3,6,9
81580600,3,0,3
81615454,3,0,3
81634706,3,0,3
81930440,3,31,34
81939420,3,0,3
81940198,3,0,3
82053099,3,0,3
82446904,3,53,56
82449826,3,0,3
82480081,3,11,14
82664381,3,3,6
82843281,3,0,3
82988167,3,16,19
83220403,3,0,3
83251479,3,0,3
83899782,3,3,6
83968457,3,0,3
84002108,3,0,3
84083187,3,3,6
84096147,3,16,19
84453053,3,0,3
84640847,3,1,4
85128715,3,0,3
85338369,3,4,7
85399128,3,0,3
85565903,3,0,3
85737203,3,1,4
86043661,3,0,3
86149104,3,1,4
86153871,3,0,3
86236295,3,1,4
86461355,3,0,3
86537404,3,7,10
86828409,3,1,4
87098070,3,0,3
87474247,3,29,32
87751551,3,1,4
88168164,3,0,3
88238424,3,0,3
88571560,3,0,3
88748079,3,0,3
89064742,3,0,3
89510960,3,4,7
89564012,3,0,3
89761143,3,2,5
89761831,3,4,7
89770815,3,19,22
90118134,3,2,5
90480218,3,7,10
90504826,3,0,3
90530439,3,4,7
90713318,3,3,6
90753037,3,31,34
90788865,3,0,3
90848296,3,0,3
90889344,3,0,3
91010540,3,2,5
91247810,3,0,3
91356578,3,22,25
91382771,3,0,3
91628904,3,8,11
91768149,3,0,3
91775013,3,2,5
91798092,3,1,4
92115664,3,0,3
92230638,3,0,3
92627011,3,20,23
92920818,3,4,7
93005010,3,0,3
93088579,3,0,3
93674326,3,2,5
93727830,3,20,23
93744557,3,5,8
93777935,3,14,17
93947354,3,1,4
94033622,3,2,5
94075733,3,0,3
94151940,3,0,3
94243636,3,23,26
94467844,3,0,3
94872446,3,1,4
95497075,3,6,9
95555452,3,0,3
95842767,3,0,3
95998198,3,1,4
96004495,3,2,5
96646819,3,0,3
96908686,3,6,9
97213130,3,1,4
97253667,3,4,7
97335227,3,4,7
98053074,3,0,3
98752253,3,0,3
98799876,3,0,3
98882126,3,0,3
98956941,3,0,3
98978931,3,0,3
98991696,3,0,3
99336837,3,2,5
99383259,3,0,3
99513199,3,1,4
99615957,3,2,5
99756108,3,0,3
99797252,3,2,5
100274749,3,4,7
100382568,3,0,3
100385507,3,0,3
100514614,3,0,3
100531055,3,46,49
100575570,3,0,3
101316641,3,0,3
101603942,3,6,9
101670023,3,2,5
101724619,3,0,3
102074363,3,0,3
102377858,3,0,3
102716915,3,91,94
103002317,3,1,4
103309339,3,53,56
103508045,3,1,4
103699426,3,0,3
103734523,3,1,4
103921429,3,0,3
104073108,3,0,3
104595541,3,0,3
104948695,3,0,3
105188861,3,0,3
105466806,3,15,18
105506414,3,0,3
105632018,3,0,3
105938370,3,0,3
105994717,3,1,4
106030911,3,0,3
106200798,3,0,3
106559413,3,0,3
106619202,3,1,4
106739147,3,1,4
106912578,3,0,3
107818860,3,0,3
108085039,3,0,3
108410379,3,0,3
108630313,3,0,3
108807556,3,0,3
108816051,3,0,3
109395195,3,0,3
109853149,3,0,3
109973243,3,1,4
110268906,3,0,3
111001981,3,0,3
111031696,3,0,3
111732948,3,10,13
112294503,3,7,10
112549345,3,0,3
112593145,3,0,3
112805602,3,0,3
112882003,3,4,7
112885482,3,0,3
113039966,3,0,3
113052602,3,0,3
113124331,3,0,3
113445037,3,0,3
113494485,3,12,15
114103841,3,4,7
114255340,3,1,4
114302206,3,2,5
114549551,3,13,16
114565156,3,10,13
114618877,3,0,3
114951955,3,1,4
115043857,3,0,3
115181730,3,0,3
115222074,3,4,7
115813614,3,6,9
116050553,3,0,3
116416014,3,46,49
116841782,3,66,69
116919283,3,11,14
117224069,3,5,8
117429291,3,0,3
117450444,3,8,11
117585848,3,0,3
118213181,3,1,4
118483149,3,1,4
119129985,3,0,3
119193305,3,5,8
119225266,3,1,4
119874209,3,0,3
119941575,3,1,4
120375508,3,2,5
120562917,3,12,15
120969408,3,36,39
121173090,3,1,4
121537837,3,0,3
121561456,3,2,5
121606839,3,3,6
121732636,3,2,5
121884642,3,0,3
121987601,3,0,3
122039803,3,0,3
122138177,3,9,12
122151362,3,0,3
122182265,3,0,3
122195135,3,0,3
122198864,3,2,5
122231268,3,0,3
122548741,3,0,3
122740822,3,38,41
122976118,3,0,3
123117272,3,5,8
123121482,3,5,8
123125462,3,0,3
123134034,3,4,7
123150632,3,0,3
123662382,3,4,7
124045001,3,0,3
124048120,3,0,3
124163683,3,0,3
124213314,3,0,3
124248479,3,6,9
124868958,3,77,80
124921091,3,0,3
125218969,3,20,23
125562158,3,1,4
125565867,3,9,12
125873318,3,1,4
126082564,3,0,3
126231381,3,3,6
126406217,3,4,7
126414556,3,0,3
126524315,3,1,4
126771455,3,0,3
126830703,3,1,4
126965098,3,0,3
126979246,3,1,4
127118419,3,0,3
127360094,3,1,4
127375220,3,2,5
128012454,3,0,3
128146300,3,2,5
128219529,3,0,3
128541148,3,0,3
128981236,3,0,3
129138694,3,1,4
129252770,3,31,34
129263454,3,0,3
129276729,3,3,6
129915982,3,1,4
129997410,3,1,4
130065348,3,19,22
130389439,3,0,3
130557513,3,6,9
130566976,3,0,3
130819780,3,1,4
130978939,3,4,7
131164361,3,16,19
131187966,3,0,3
131235370,3,0,3
131500777,3,6,9
131752497,3,47,50
131892594,3,2,5
131921650,3,0,3
132036654,3,0,3
132239819,3,0,3
132426657,3,0,3
132552799,3,0,3
132685567,3,0,3
132719883,3,19,22
133049311,3,3,6
133138637,3,56,59
133460400,3,0,3
133844135,3,0,3
133871738,3,0,3
134341035,3,0,3
134384957,3,0,3
134860485,3,10,13
134864782,3,0,3
135627420,3,1,4
136031199,3,1,4
136046091,3,0,3
136137174,3,7,10
136289700,3,1,4
136303037,3,0,3
136428334,3,0,3
136824311,3,0,3
137143315,3,0,3
137401613,3,0,3
137671798,3,2,5
138190423,3,1,4
138575751,3,0,3
138577451,3,2,5
138810133,3,9,12
139205480,3,0,3
139800583,3,0,3
140053576,3,0,3
140107943,3,0,3
140189655,3,0,3
141034081,3,0,3
141456033,3,1,4
141600987,3,30,33
141805517,3,0,3
142113417,3,132,135
142443022,3,0,3
143162420,3,0,3
143469633,3,0,3
143531231,3,1,4
143660061,3,13,16
143888401,3,0,3
144407784,3,1,4
144608937,3,0,3
144813301,3,0,3
145043347,3,1,4
145477985,3,0,3
145569314,3,0,3
145659242,3,0,3
145681522,3,2,5
145719692,3,0,3
146262179,3,39,42
147034029,3,18,21
147602027,3,1,4
147682946,3,0,3
147791844,3,0,3
148411256,3,0,3
148422960,3,6,9
148537638,3,10,13
148593548,3,2,5
148697821,3,0,3
148828676,3,15,18
148864242,3,3,6
149196537,3,0,3
149232416,3,5,8
149347679,3,0,3
149706054,3,1,4
149750923,3,0,3
149825858,3,5,8
150017845,3,0,3
150022646,3,0,3
150449842,3,19,22
150450998,3,14,17
150451674,3,0,3
150511094,3,0,3
150512060,3,6,9
150781019,3,0,3
151053861,3,0,3
151073293,3,0,3
151525058,3,0,3
151755285,3,2,5
152738871,3,0,3
152798637,3,0,3
152910883,3,0,3
152946064,3,0,3
153054107,3,0,3
153226226,3,0,3
153881641,3,1,4
153993024,3,0,3
155227724,3,0,3
155605559,3,7,10
156151963,3,1,4
156439495,3,1,4
156889125,3,0,3
156948869,3,5,8
156973952,3,2,5
156988379,3,0,3
157091035,3,1,4
157495665,3,15,18
157527767,3,0,3
157587938,3,0,3
157697885,3,0,3
157836754,3,0,3
157899542,3,1,4
158511639,3,3,6
158943724,3,1,4
158967637,3,0,3
159922713,3,0,3
160310017,3,0,3
160662502,3,1,4
161522755,3,0,3
161767265,3,5,8
161838279,3,17,20
162388777,3,0,3
162562247,3,0,3
163246033,3,0,3
163490958,3,10,13
163611316,3,39,42
163690096,3,0,3
163744499,3,0,3
163983371,3,2,5
164070785,3,0,3
164405753,3,0,3
164566827,3,2,5
165067277,3,7,10
165354941,3,9,12
165743260,3,2,5
165813773,3,0,3
166122530,3,0,3
166682786,3,1,4
166725268,3,4,7
167622426,3,0,3
167673022,3,69,72
167919182,3,0,3
168090268,3,0,3
168406532,3,0,3
168505436,3,2,5
168571186,3,1,4
168929641,3,31,34
168944428,3,4,7
169023343,3,0,3
169259482,3,2,5
169665240,3,0,3
169949875,3,2,5
170023205,3,1,4
170085737,3,7,10
170309471,3,3,6
170358978,3,0,3
170898894,3,21,24
170917268,3,5,8
170919329,3,2,5
171494507,3,0,3
171745835,3,59,62
171973084,3,34,37
172334626,3,0,3
173158929,3,2,5
173419089,3,0,3
173677308,3,0,3
173943176,3,0,3
174179478,3,0,3
174322313,3,0,3
174606715,3,0,3
174706290,3,0,3
175183197,3,0,3
175514162,3,1,4
175791595,3,0,3
175937573,3,9,12
176083166,3,2,5
176852351,3,3,6
177415385,3,9,12
177423835,3,0,3
177526850,3,0,3
177631621,3,0,3
177786636,3,2,5
177824006,3,11,14
177995644,3,0,3
178063986,3,0,3
178775793,3,3,6
179855659,3,0,3
180059703,3,3,6
180424153,3,0,3
180603629,3,0,3
180810535,3,5,8
180924520,3,0,3
181387466,3,0,3
181805248,3,10,13
181814593,3,3,6
182372367,3,1,4
182543529,3,0,3
183104759,3,0,3
183114110,3,0,3
183214950,3,1,4
183255652,3,2,5
184259796,3,1,4
184531476,3,1,4
184959358,3,1,4
185382758,3,0,3
185601009,3,0,3
185680169,3,5,8
185928935,3,2,5
186240150,3,0,3
186809475,3,0,3
187670429,3,8,11
187771343,3,4,7
188183113,3,1,4
188494332,3,0,3
188711114,3,0,3
189017744,3,1,4
189159732,3,4,7
189596047,3,3,6
190021254,3,6,9
190085139,3,2,5
191295366,3,4,7
192311174,3,0,3
192361787,3,2,5
192604021,3,0,3
192659552,3,16,19
193016458,3,0,3
193144020,3,4,7
193325767,3,0,3
193353562,3,3,6
193364546,3,0,3
193860297,3,0,3
193866639,3,0,3
194025393,3,0,3
194356249,3,1,4
195027753,3,0,3
195261288,3,9,12
195510109,3,28,31
195591740,3,0,3
196279765,3,1,4
196302314,3,0,3
196366626,3,0,3
196478923,3,0,3
197237293,3,44,47
197285495,3,28,31
197604840,3,17,20
197793635,3,0,3
197979437,3,0,3
198037920,3,7,10
198430298,3,14,17
198764286,3,0,3
199713998,3,0,3
199822046,3,0,3
199951283,3,0,3
200167811,3,0,3
200227247,3,0,3
200631271,3,1,4
200691766,3,0,3
200976047,3,0,3
201026572,3,0,3
201097740,3,0,3
201981547,3,1,4
202435432,3,1,4
202488410,3,8,11
202712049,3,0,3
202788876,3,0,3
202924368,3,5,8
202950262,3,0,3
203415949,3,47,50
203514488,3,3,6
203862972,3,1,4
203929285,3,1,4
203990919,3,0,3
204003411,3,0,3
204677860,3,0,3
204876816,3,30,33
205329588,3,1,4
205499036,3,0,3
205779590,3,2,5
205846255,3,0,3
205886114,3,0,3
205893721,3,1,4
206346341,3,0,3
206500643,3,15,18
206722953,3,0,3
206872389,3,7,10
207714874,3,0,3
208189351,3,0,3
209240573,3,0,3
209636315,3,0,3
209681820,3,0,3
209933250,3,0,3
210154163,3,1,4
210186050,3,0,3
210318554,3,0,3
210531877,3,0,3
210830193,3,0,3
211009844,3,0,3
211239198,3,0,3
211250713,3,7,10
211307304,3,0,3
211311609,3,2,5
211330352,3,0,3
211641274,3,0,3
211703979,3,0,3
211715981,3,0,3
211730110,3,0,3
211976977,3,4,7
212309661,3,3,6
212448611,3,19,22
212568665,3,0,3
212767347,3,0,3
213077239,3,0,3
213298781,3,2,5
213314583,3,0,3
213616021,3,0,3
213628692,3,0,3
213663897,3,2,5
213786097,3,0,3
213901605,3,0,3
213940012,3,4,7
214187580,3,2,5
214264104,3,0,3
214387028,3,0,3
214587705,3,0,3
214982106,3,0,3
215372913,3,0,3
215763111,3,0,3
215793262,3,0,3
215820547,3,2,5
216109505,3,0,3
216127690,3,0,3
216952188,3,0,3
217071524,3,92,95
217395723,3,6,9
217513485,3,19,22
218242799,3,1,4
218380312,3,0,3
218562046,3,0,3
218660109,3,1,4
218795421,3,0,3
218956900,3,0,3
219048300,3,24,27
219111955,3,0,3
219467936,3,1,4
219876831,3,0,3
220135306,3,0,3
221151367,3,0,3
221204560,3,4,7
221514726,3,1,4
221568800,3,3,6
222368570,3,3,6
222377113,3,1,4
222530880,3,0,3
222532228,3,4,7
222597346,3,1,4
222846798,3,0,3
222860071,3,0,3
222873860,3,0,3
223297291,3,0,3
223724915,3,2,5
224726804,3,0,3
225147228,3,0,3
225480711,3,3,6
225538533,3,0,3
225943521,3,1,4
226598767,3,0,3
227501840,3,0,3
227843738,3,1,4
228341642,3,0,3
228500021,3,3,6
228931560,3,8,11
229223827,3,0,3
229582456,3,0,3
229920613,3,2,5
229934340,3,0,3
230044983,3,0,3
230233575,3,0,3
230316229,3,0,3
230317171,3,0,3
231081349,3,0,3
231094448,3,10,13
231759882,3,0,3
232419488,3,0,3
233066068,3,1,4
233232319,3,0,3
233532495,3,0,3
234058922,3,0,3
234412567,3,0,3
234705799,3,82,85
235000111,3,1,4
235196204,3,70,73
235217994,3,0,3
235295074,3,0,3
235645602,3,1,4
235708122,3,19,22
235732877,3,0,3
236025474,3,0,3
236054545,3,5,8
236142773,3,10,13
236292958,3,0,3
236546267,3,0,3
236820539,3,19,22
236960559,3,29,32
237068893,3,0,3
237388308,3,4,7
238323581,3,0,3
238617719,3,1,4
238804253,3,0,3
239042058,3,38,41
239068683,3,0,3
239704355,3,16,19
239971286,3,0,3
239996863,3,1,4
240031930,3,2,5
240417403,3,39,42
240524364,3,2,5
240862023,3,2,5
240980962,3,0,3
241281874,3,0,3
241593588,3,0,3
241633628,3,0,3
241995358,3,0,3
242696283,3,13,16
242826639,3,0,3
242893061,3,14,17
242939330,3,1,4
242975331,3,37,40
243058116,3,9,12
243284050,3,0,3
243639402,3,35,38
243861655,3,25,28
243937133,3,0,3
244468648,3,0,3
244722283,3,0,3
245054249,3,0,3
245328466,3,0,3
245574760,3,0,3
245632677,3,0,3
246147839,3,0,3
246418575,3,0,3
246422335,3,1,4
246430484,3,1,4
246567705,3,0,3
246590464,3,6,9
246607289,3,0,3
246683680,3,0,3
246722425,3,0,3
246869675,3,0,3
246911431,3,12,15
246939630,3,12,15
247002405,3,0,3
247144708,3,2,5
247348591,3,0,3
247753381,3,1,4
247985600,3,0,3
248003334,3,5,8
248078525,3,0,3
248478594,3,3,6
248645037,3,9,12
248995182,3,0,3
249007469,3,0,3
249115282,3,1,4
249412877,3,0,3
249718281,3,0,3
250435493,3,1,4
251335455,3,0,3
251400353,3,23,26
251407206,3,0,3
251627765,3,6,9
252279330,3,1,4
252419269,3,0,3
252864170,3,1,4
253239615,3,0,3
253306038,3,3,6
253459824,3,0,3
254251611,3,11,14
254259955,3,0,3
254278756,3,0,3
254482386,3,0,3
254793488,3,1,4
254888958,3,0,3
255182045,3,0,3
255269018,3,175,178
255594831,3,0,3
255640383,3,0,3
255721576,3,1,4
256133516,3,0,3
256326243,3,0,3
256373377,3,0,3
256456300,3,0,3
256620817,3,0,3
256832926,3,0,3
256873417,3,1,4
257553633,3,2,5
257688632,3,0,3
257699482,3,60,63
257976104,3,0,3
258049193,3,3,6
258051527,3,2,5
258139299,3,3,6
258805099,3,8,11
258912625,3,0,3
259362258,3,12,15
259395895,3,7,10
259499082,3,1,4
259737527,3,11,14
259762898,3,2,5
259814409,3,0,3
260242070,3,0,3
260563573,3,2,5
260900063,3,137,140
261005641,3,0,3
261320586,3,1,4
261440669,3,0,3
261539751,3,1,4
261558942,3,2,5
261719791,3,7,10
261808801,3,6,9
261943953,3,0,3
261989751,3,2,5
262017422,3,2,5
262172668,3,40,43
262338851,3,5,8
262396227,3,0,3
262673316,3,2,5
262807142,3,28,31
262976949,3,1,4
262993329,3,6,9
263251988,3,0,3
263285926,3,2,5
263628367,3,1,4
264204589,3,0,3
264470355,3,2,5
264603158,3,0,3
264799286,3,2,5
264918114,3,0,3
265046851,3,3,6
265666449,3,1,4
265852815,3,5,8
265966037,3,0,3
266051041,3,0,3
266659024,3,0,3
266834648,3,3,6
266943659,3,0,3
267379197,3,0,3
267380190,3,0,3
267721977,3,8,11
267876158,3,0,3
267963266,3,12,15
268159257,3,0,3
268463179,3,4,7
268832554,3,0,3
269098097,3,2,5
269306743,3,1,4
270068926,3,75,78
270153494,3,0,3
270183133,3,0,3
270563401,3,0,3
271416763,3,0,3
271747444,3,0,3
272068801,3,26,29
272259508,3,0,3
272614288,3,2,5
272659909,3,4,7
272733237,3,0,3
272980631,3,0,3
272996014,3,0,3
273501169,3,5,8
273815991,3,0,3
274121310,3,38,41
274141930,3,0,3
274198121,3,0,3
274207923,3,0,3
274253919,3,10,13
274294204,3,1,4
274651688,3,0,3
274660001,3,1,4
274701752,3,29,32
274727502,3,0,3
275261850,3,0,3
275536540,3,0,3
275605366,3,0,3
275715536,3,0,3
275820412,3,0,3
276132061,3,26,29
276276970,3,0,3
276492591,3,1,4
276571857,3,0,3
276781852,3,0,3
276796094,3,4,7
276856895,3,0,3
277145358,3,0,3
277793442,3,0,3
278070278,3,8,11
278572411,3,0,3
278828374,3,1,4
279288157,3,0,3
279359777,3,0,3
279623396,3,1,4
280529585,3,3,6
280535374,3,3,6
280727266,3,30,33
280747189,3,13,16
281309797,3,0,3
281816241,3,0,3
282483166,3,3,6
282637757,3,0,3
282895229,3,12,15
283323982,3,9,12
283342056,3,1,4
283757509,3,0,3
284488270,3,0,3
284597383,3,1,4
284820716,3,0,3
284865184,3,0,3
284865787,3,4,7
285111689,3,1,4
285431621,3,5,8
285483796,3,8,11
285706984,3,0,3
285914539,3,4,7
285920548,3,0,3
286811246,3,0,3
286817737,3,0,3
287048139,3,0,3
287743594,3,0,3
287949155,3,0,3
288902601,3,12,15
288993124,3,0,3
289081381,3,0,3
289365889,3,0,3
289623220,3,11,14
289807012,3,16,19
290197802,3,12,15
290636103,3,3,6
290769823,3,0,3
290880563,3,0,3
291770381,3,0,3
292089200,3,0,3
292126400,3,0,3
292164628,3,4,7
292437185,3,0,3
292513922,3,8,11
293107736,3,0,3
293433701,3,0,3
293648558,3,7,10
294107627,3,0,3
294353964,3,3,6
294444192,3,7,10
294861578,3,0,3
294946027,3,0,3
295346760,3,0,3
295411636,3,0,3
295810012,3,1,4
295873026,3,0,3
295915639,3,0,3
296584187,3,0,3
296733533,3,0,3
297037459,3,0,3
297122257,3,0,3
297397490,3,0,3
297514426,3,0,3
297522925,3,0,3
298049823,3,0,3
298265191,3,1,4
298303549,3,0,3
298716487,3,0,3
298758622,3,0,3
298867753,3,1,4
299490405,3,0,3
299535831,3,0,3
300040286,3,0,3
300103393,3,4,7
300613116,3,0,3
301410220,3,0,3
301503257,3,0,3
301921401,3,0,3
302127048,3,0,3
302226049,3,0,3
303383760,3,0,3
303557426,3,1,4
303786892,3,6,9
304213286,3,2,5
304564270,3,0,3
304691825,3,0,3
305025804,3,1,4
305151497,3,3,6
305317367,3,9,12
305366457,3,21,24
306196037,3,0,3
307068082,3,0,3
307219084,3,0,3
307418497,3,0,3
307440889,3,0,3
307577710,3,5,8
307636520,3,0,3
307650876,3,0,3
307930619,3,13,16
308607337,3,0,3
308714378,3,0,3
308735416,3,11,14
308739330,3,4,7
309032458,3,0,3
311112067,3,2,5
312133757,3,0,3
312993418,3,0,3
313051421,3,1,4
313251265,3,0,3
313406010,3,0,3
313453969,3,0,3
314066157,3,0,3
314096954,3,5,8
314111909,3,10,13
314162652,3,0,3
314342661,3,7,10
314575393,3,3,6
314764043,3,40,43
315259229,3,0,3
315341279,3,4,7
315869655,3,0,3
316585528,3,0,3
316764018,3,2,5
316846278,3,1,4
317817273,3,3,6
317925743,3,0,3
318121829,3,0,3
318751632,3,0,3
318802194,3,0,3
318805427,3,1,4
319010311,3,2,5
319945811,3,2,5
321762945,3,0,3
322672043,3,0,3
322689667,3,4,7
323370646,3,0,3
323458912,3,12,15
323567565,3,27,30
324159288,3,12,15
324361798,3,0,3
324991442,3,0,3
325073322,3,0,3
325104532,3,0,3
325665436,3,0,3
326004923,3,0,3
326324362,3,2,5
326540264,3,0,3
326793924,3,8,11
327041202,3,3,6
327100821,3,0,3
327152007,3,0,3
327697369,3,0,3
327711780,3,0,3
328718617,3,1,4
328734509,3,8,11
328761919,3,0,3
329105238,3,0,3
329161699,3,0,3
329212937,3,0,3
329697987,3,6,9
329708480,3,0,3
330066365,3,1,4
330072048,3,0,3
330209039,3,1,4
330319115,3,61,64
330550116,3,0,3
331013345,3,0,3
331141802,3,0,3
331272188,3,1,4
331405527,3,0,3
331496409,3,28,31
331903071,3,0,3
331910197,3,0,3
331948464,3,0,3
332026375,3,1,4
332052275,3,0,3
332063391,3,8,11
332296052,3,0,3
332400103,3,0,3
332888157,3,0,3
332969379,3,0,3
333137099,3,0,3
333147533,3,0,3
333348576,3,0,3
333485044,3,0,3
333775845,3,0,3
334733583,3,2,5
334789487,3,35,38
334893364,3,25,28
335309857,3,0,3
335867587,3,1,4
335933501,3,1,4
336005807,3,0,3
336560506,3,0,3
336733632,3,0,3
336791681,3,0,3
337139554,3,0,3
337236239,3,1,4
337481472,3,0,3
337489668,3,0,3
337816809,3,0,3
338007235,3,0,3
339245219,3,0,3
339717181,3,0,3
339769248,3,1,4
340046291,3,1,4
340468150,3,0,3
340995397,3,1,4
341040923,3,8,11
341256436,3,0,3
341464295,3,1,4
341468995,3,0,3
341916922,3,0,3
342432884,3,0,3
343091927,3,78,81
343521941,3,13,16
344021188,3,0,3
344140315,3,11,14
344167391,3,2,5
344264843,3,0,3
345016420,3,37,40
345718282,3,0,3
345745135,3,0,3
346339018,3,65,68
346840716,3,0,3
347322165,3,10,13
347483844,3,0,3
347519849,3,1,4
347892399,3,1,4
348199199,3,10,13
348293637,3,0,3
348631558,3,0,3
348996126,3,0,3
349172893,3,5,8
349186505,3,0,3
349359842,3,0,3
349390769,3,0,3
349847741,3,12,15
350109509,3,0,3
350270880,3,17,20
351156080,3,0,3
351249164,3,0,3
351354864,3,0,3
351386510,3,0,3
351727162,3,0,3
351843189,3,0,3
352770433,3,0,3
353088846,3,0,3
353484475,3,0,3
353727321,3,5,8
354106420,3,0,3
354516897,3,0,3
354708537,3,2,5
355202542,3,0,3
355317492,3,0,3
355943082,3,39,42
356198441,3,0,3
356851477,3,0,3
357120731,3,0,3
357579460,3,0,3
357608983,3,0,3
357747160,3,0,3
358334458,3,0,3
358406817,3,0,3
359107993,3,1,4
360192282,3,0,3
360721051,3,0,3
361251755,3,3,6
361660044,3,0,3
362006085,3,3,6
362111287,3,2,5
362149323,3,33,36
362236432,3,0,3
362437916,3,0,3
362771405,3,0,3
362844064,3,0,3
363125155,3,0,3
363281861,3,0,3
363469298,3,2,5
363801549,3,1,4
363968664,3,0,3
365693868,3,0,3
365894597,3,1,4
366008526,3,0,3
366182010,3,0,3
366215091,3,3,6
366705463,3,0,3
367244350,3,2,5
367737214,3,0,3
367944695,3,0,3
368042644,3,2,5
368092520,3,8,11
368224044,3,2,5
368407642,3,0,3
368555136,3,0,3
368578726,3,8,11
368588066,3,0,3
369086539,3,2,5
369175572,3,0,3
369705920,3,0,3
370197481,3,0,3
370222416,3,283,286
370677437,3,2,5
371499530,3,0,3
371840247,3,3,6
371901242,3,3,6
372028062,3,0,3
372042483,3,0,3
372100937,3,1,4
372531606,3,0,3
372988606,3,3,6
373260286,3,29,32
373515599,3,1,4
373639180,3,0,3
373917445,3,0,3
374251490,3,0,3
374364001,3,0,3
374490467,3,6,9
374495209,3,0,3
374836634,3,1,4
375771603,3,0,3
375861556,3,0,3
376264756,3,0,3
376458768,3,0,3
376790381,3,0,3
376981703,3,0,3
377183371,3,0,3
377240878,3,0,3
377250453,3,0,3
377437493,3,0,3
377642708,3,0,3
378088235,3,0,3
378460199,3,24,27
378731411,3,0,3
379564192,3,0,3
380066806,3,0,3
380681044,3,0,3
381739935,3,18,21
381788358,3,0,3
381805033,3,0,3
381859593,3,0,3
381909970,3,3,6
382415306,3,2,5
382766279,3,0,3
383839873,3,0,3
384884846,3,0,3
385210474,3,13,16
385233747,3,0,3
385395563,3,0,3
386095754,3,1,4
386200623,3,5,8
386520098,3,2,5
386617712,3,0,3
386874495,3,1,4
388383447,3,19,22
388453774,3,3,6
388534767,3,3,6
388632542,3,8,11
389191604,3,0,3
389384045,3,5,8
389640649,3,0,3
389733159,3,9,12
389762410,3,0,3
389819648,3,4,7
390039185,3,1,4
390330754,3,1,4
390554141,3,0,3
390842981,3,2,5
391124546,3,0,3
391167507,3,0,3
391221329,3,2,5
392057901,3,0,3
392240958,3,0,3
392332928,3,0,3
392368896,3,0,3
392504542,3,0,3
392702552,3,1,4
392722532,3,0,3
392994519,3,0,3
393179655,3,0,3
393602375,3,0,3
394341145,3,0,3
394431204,3,2,5
394654453,3,1,4
395378420,3,0,3
395904211,3,1,4
396171169,3,0,3
396182753,3,33,36
396265175,3,2,5
397314194,3,0,3
397395518,3,0,3
397471420,3,3,6
397769487,3,0,3
398063806,3,0,3
398376550,3,1,4
398936056,3,0,3
398985246,3,0,3
399759400,3,0,3
401015098,3,3,6
402396916,3,0,3
402845055,3,1,4
402952054,3,0,3
403489077,3,2,5
404822243,3,15,18
405662998,3,0,3
406417679,3,0,3
406434502,3,1,4
406478678,3,6,9
407531069,3,1,4
408036857,3,3,6
408451327,3,0,3
408636160,3,6,9
408692706,3,0,3
408749060,3,0,3
408802522,3,0,3
408935359,3,6,9
409590902,3,1,4
409957362,3,0,3
410359148,3,3,6
411166348,3,0,3
411437870,3,0,3
412636387,3,0,3
413274241,3,7,10
413371046,3,15,18
414229208,3,0,3
414484667,3,1,4
415176405,3,100,103
415224570,3,0,3
415252985,3,0,3
415283431,3,0,3
415833386,3,1,4
416003202,3,34,37
416528983,3,0,3
416667702,3,0,3
417170145,3,0,3
417190293,3,4,7
417517353,3,3,6
417808383,3,0,3
418003140,3,0,3
418313316,3,0,3
418969728,3,0,3
419001315,3,0,3
419327066,3,8,11
420815162,3,0,3
421932032,3,0,3
422015893,3,8,11
422307981,3,1,4
422426034,3,0,3
422893311,3,0,3
423096476,3,3,6
423162248,3,0,3
423803408,3,0,3
423876866,3,68,71
425433403,3,0,3
426736627,3,0,3
427614825,3,0,3
427838013,3,0,3
428768918,3,1,4
428853505,3,0,3
429427128,3,32,35
429548481,3,0,3
429565727,3,0,3
429851351,3,1,4
432727544,3,1,4
434006160,3,0,3
434640003,3,0,3
435679302,3,2,5
435929530,3,3,6
436029388,3,0,3
436139359,3,0,3
436355727,3,0,3
437012569,3,0,3
437216317,3,0,3
437290996,3,4,7
437700983,3,1,4
437933595,3,1,4
438009230,3,0,3
438009484,3,1,4
438923476,3,1,4
440295809,3,2,5
440372706,3,37,40
442988780,3,0,3
443270650,3,1,4
443490241,3,6,9
443493475,3,1,4
443825403,3,0,3
446534551,3,13,16
446675375,3,0,3
447713267,3,1,4
447972060,3,1,4
448284024,3,5,8
448481047,3,1,4
449493072,3,0,3
449674167,3,1,4
450007373,3,1,4
450277140,3,0,3
450950210,3,0,3
451129885,3,1,4
451967996,3,0,3
452284034,3,0,3
452521774,3,6,9
452535195,3,0,3
452602102,3,0,3
452804798,3,0,3
453161783,3,4,7
454369613,3,0,3
455081148,3,0,3
456675792,3,0,3
456908065,3,0,3
457134449,3,2,5
458602870,3,0,3
458698552,3,0,3
458806419,3,0,3
458976069,3,0,3
459744602,3,0,3
459863547,3,0,3
459872442,3,12,15
460749032,3,1,4
461105709,3,0,3
461271065,3,0,3
461467684,3,5,8
462153820,3,16,19
462604074,3,0,3
462673299,3,7,10
463136768,3,0,3
463167307,3,1,4
463970287,3,0,3
464296030,3,0,3
464780665,3,0,3
464892258,3,1,4
466057390,3,0,3
466098908,3,6,9
466695725,3,0,3
466704080,3,1,4
466839675,3,33,36
466879335,3,5,8
467733041,3,0,3
467999695,3,0,3
468224703,3,0,3
468893458,3,1,4
469984784,3,11,14
470374758,3,1,4
470487223,3,0,3
470723559,3,0,3
471324204,3,0,3
471615483,3,0,3
471701544,3,0,3
472515859,3,18,21
472623657,3,0,3
472637684,3,1,4
472974363,3,2,5
473237658,3,9,12
473259415,3,0,3
473311785,3,0,3
474275805,3,0,3
474316929,3,0,3
474336328,3,0,3
474999990,3,1,4
475185871,3,7,10
476123681,3,5,8
476310766,3,1,4
476856933,3,0,3
477811844,3,3,6
479307571,3,1,4
479926160,3,0,3
480408260,3,0,3
480433799,3,0,3
480586426,3,2,5
481844398,3,0,3
481857885,3,0,3
484021218,3,0,3
484141090,3,7,10
484746559,3,0,3
485175498,3,0,3
485354512,3,1,4
485584481,3,2,5
485884219,3,0,3
486245623,3,0,3
487600344,3,5,8
487787524,3,6,9
488282592,3,0,3
488950123,3,8,11
489374582,3,0,3
489728162,3,0,3
489875979,3,0,3
490021471,3,5,8
490337270,3,0,3
490497027,3,2,5
490838903,3,0,3
491272386,3,0,3
491327151,3,0,3
491764832,3,10,13
492528766,3,1,4
493619085,3,0,3
493641728,3,0,3
493732370,3,6,9
493842428,3,5,8
494012125,3,0,3
494404968,3,37,40
494962499,3,0,3
495022848,3,0,3
495466107,3,1,4
495522438,3,0,3
495564560,3,0,3
497945305,3,0,3
498278516,3,0,3
498525256,3,0,3
498568605,3,1,4
499372541,3,0,3
499986911,3,0,3
501060187,3,0,3
501326714,3,2,5
501412360,3,1,4
502059763,3,0,3
502639312,3,18,21
503415347,3,1,4
503642469,3,0,3
505049485,3,0,3
505078586,3,0,3
505470796,3,5,8
506414909,3,0,3
506677936,3,0,3
506855302,3,0,3
507921429,3,6,9
508054621,3,0,3
508214922,3,20,23
508376043,3,2,5
510209931,3,0,3
510269988,3,0,3
511582392,3,0,3
514991885,3,7,10
515412582,3,3,6
515969373,3,31,34
516195669,3,36,39
516569861,3,3,6
516652197,3,0,3
517913034,3,1,4
518127482,3,2,5
518138067,3,1,4
518181149,3,0,3
518513203,3,1,4
518646310,3,32,35
519752525,3,0,3
519849143,3,1,4
521008681,3,0,3
521437029,3,0,3
522356827,3,0,3
522901339,3,0,3
523089621,3,0,3
523572607,3,2,5
525578379,3,0,3
526307633,3,1,4
526314347,3,0,3
526400522,3,0,3
526945166,3,1,4
526952173,3,0,3
526964747,3,0,3
527203764,3,0,3
527424042,3,43,46
527984642,3,57,60
528550718,3,0,3
528817286,3,1,4
529645252,3,0,3
530056944,3,2,5
530822717,3,29,32
531696926,3,0,3
531755631,3,0,3
532460861,3,0,3
532543981,3,0,3
532562534,3,0,3
532685127,3,0,3
533468680,3,0,3
533799348,3,0,3
533950941,3,0,3
534513524,3,0,3
534646079,3,0,3
534736628,3,0,3
534943378,3,0,3
535607356,3,0,3
535682332,3,150,153
535803749,3,5,8
535833722,3,31,34
535884548,3,0,3
535909087,3,0,3
537243989,3,0,3
537389609,3,1,4
537546720,3,0,3
538334228,3,246,249
538477069,3,0,3
538597598,3,0,3
539647993,3,0,3
539849410,3,0,3
540011996,3,3,6
540081118,3,0,3
540628749,3,6,9
540928981,3,0,3
541931649,3,2,5
543429497,3,0,3
543674529,3,0,3
544780101,3,8,11
545178759,3,0,3
545518146,3,0,3
545593607,3,0,3
546476549,3,43,46
546526833,3,7,10
547007760,3,0,3
547143716,3,0,3
547547492,3,4,7
548706366,3,0,3
548707560,3,2,5
548751860,3,0,3
549693415,3,4,7
549734013,3,0,3
550373320,3,40,43
550456178,3,5,8
550946753,3,1,4
551096737,3,0,3
551200721,3,3,6
551338399,3,8,11
551480579,3,0,3
552088707,3,2,5
552246492,3,0,3
553008999,3,1,4
553112262,3,0,3
553145300,3,0,3
553196187,3,0,3
553846211,3,0,3
554353776,3,0,3
554747923,3,0,3
555597638,3,0,3
556031071,3,1,4
556247745,3,1,4
556261687,3,0,3
557134034,3,1,4
557328931,3,27,30
557399205,3,1,4
557779067,3,0,3
558147965,3,0,3
558360059,3,18,21
559595341,3,2,5
560295739,3,1,4
560405654,3,0,3
560472772,3,0,3
560745664,3,1,4
560804945,3,1,4
561217755,3,0,3
561579296,3,0,3
561679227,3,0,3
561958912,3,0,3
562060738,3,28,31
562603474,3,0,3
563147998,3,47,50
564012190,3,1,4
564981645,3,2,5
566534661,3,0,3
567429337,3,0,3
568566074,3,0,3
568698899,3,0,3
569020153,3,0,3
569546005,3,87,90
569598335,3,1,4
570260445,3,0,3
570481845,3,2,5
571205721,3,0,3
571933009,3,2,5
572324207,3,5,8
573244635,3,4,7
573358635,3,1,4
574504763,3,0,3
574837577,3,31,34
574868685,3,0,3
575061204,3,0,3
575129903,3,0,3
575307850,3,0,3
575403293,3,0,3
575572817,3,0,3
575688446,3,8,11
575698060,3,1,4
575747486,3,2,5
575761641,3,0,3
576318595,3,3,6
576464376,3,16,19
576608720,3,1,4
577894182,3,15,18
578948210,3,3,6
579019262,3,1,4
579497218,3,1,4
579777614,3,1,4
580151966,3,0,3
581344206,3,1,4
581748524,3,0,3
583940240,3,4,7
583953494,3,1,4
584430339,3,5,8
584546387,3,0,3
585519746,3,0,3
585620915,3,0,3
586061055,3,1,4
586317185,3,0,3
586643101,3,0,3
587758755,3,1,4
587891491,3,0,3
588614316,3,0,3
588649684,3,0,3
588840812,3,0,3
589497322,3,1,4
589722111,3,0,3
590344219,3,4,7
590450497,3,0,3
590975008,3,1,4
591141333,3,0,3
591418654,3,3,6
591508566,3,3,6
592379115,3,0,3
592737023,3,0,3
592794994,3,0,3
594454673,3,6,9
594797003,3,60,63
597525583,3,0,3
598578987,3,5,8
599038018,3,0,3
599372935,3,0,3
599592758,3,167,170
599907067,3,0,3
600495552,3,1,4
600771968,3,0,3
603617432,3,2,5
605359523,3,0,3
605523537,3,0,3
605980046,3,0,3
606820171,3,0,3
607355278,3,1,4
607617865,3,0,3
607631554,3,0,3
608554807,3,4,7
609738161,3,2,5
610906311,3,1,4
612164295,3,0,3
612785347,3,0,3
613779321,3,0,3
614011829,3,0,3
614016298,3,1,4
614192073,3,0,3
614440713,3,0,3
614481428,3,3,6
614634742,3,1,4
615376453,3,64,67
616313565,3,2,5
616417787,3,0,3
616804020,3,0,3
617767191,3,5,8
617883645,3,0,3
619566811,3,0,3
620175554,3,0,3
620393908,3,0,3
620737275,3,29,32
621478741,3,0,3
621836837,3,214,217
622800082,3,6,9
623219039,3,0,3
623522980,3,0,3
623715189,3,0,3
624019090,3,1,4
624475181,3,0,3
625142664,3,0,3
625901289,3,0,3
626125785,3,26,29
627072557,3,0,3
627715456,3,0,3
628742620,3,0,3
628879771,3,0,3
629394432,3,25,28
630020938,3,0,3
630590295,3,2,5
630738430,3,57,60
631276230,3,0,3
631414519,3,2,5
631584013,3,0,3
631816366,3,0,3
632059890,3,0,3
632124404,3,0,3
632192806,3,0,3
632600488,3,2,5
633220583,3,0,3
633719227,3,4,7
633752872,3,0,3
633753027,3,0,3
633773790,3,0,3
635056358,3,1,4
636239122,3,0,3
636265148,3,0,3
636296205,3,0,3
636308238,3,9,12
636415876,3,0,3
636487997,3,0,3
700494436,3,0,3
700800555,3,0,3
700948434,3,0,3
701094732,3,2,5
702123620,3,0,3
703468801,3,0,3
703896596,3,1,4
703904233,3,0,3
704163517,3,0,3
705369369,3,2,5
705405812,3,4,7
705602586,3,2,5
706396827,3,0,3
706702115,3,0,3
709009074,3,1,4
709140913,3,0,3
710363696,3,0,3
710996754,3,1,4
711996407,3,1,4
715125320,3,19,22
715907562,3,0,3
716740243,3,1,4
716870924,3,0,3
717501464,3,1,4
717503280,3,0,3
718692645,3,0,3
720283129,3,0,3
720889142,3,8,11
721601226,3,4,7
723268933,3,1,4
724769084,3,1,4
725085464,3,3,6
726873896,3,0,3
729719605,3,64,67
731690714,3,0,3
733420123,3,0,3
734025734,3,0,3
735854815,3,27,30
738051384,3,0,3
738829249,3,0,3
738972234,3,42,45
739408592,3,0,3
739604766,3,0,3
740758255,3,0,3
741886056,3,148,151
743275561,3,3,6
746269182,3,0,3
746685060,3,32,35
750360169,3,23,26
750407066,3,0,3
750446077,3,0,3
751813572,3,0,3
752074777,3,2,5
752078192,3,2,5
756042812,3,6,9
756047569,3,20,23
756110862,3,1,4
758088366,3,0,3
758352745,3,0,3
758383008,3,5,8
760813345,3,0,3
762857053,3,0,3
765551911,3,0,3
766519074,3,0,3
766646666,3,0,3
768120781,3,0,3
768546782,3,1,4
770011676,3,0,3
771628238,3,0,3
772243382,3,0,3
776081316,3,0,3
776408594,3,25,28
780721243,3,0,3
781779162,3,0,3
783213866,3,0,3
784018086,3,0,3
784379972,3,0,3
785237462,3,0,3
785275574,3,0,3
785676811,3,10,13
785893448,3,3,6
789888662,3,0,3
791200849,3,0,3
791995026,3,0,3
792435816,3,0,3
792538248,3,0,3
793158938,3,0,3
793696958,3,19,22
793974546,3,29,32
794401550,3,0,3
795171072,3,6,9
797146382,3,37,40
797482897,3,30,33
797662303,3,0,3
797734519,3,0,3
798006661,3,0,3
799059019,3,0,3
803397420,3,0,3
803849413,3,0,3
803955697,3,0,3
804754670,3,9,12
805193832,3,0,3
805781575,3,0,3
806304476,3,0,3
806769186,3,0,3
807086774,3,0,3
807397008,3,0,3
807968504,3,16,19
808140816,3,0,3
808154323,3,0,3
809084047,3,6,9
809484055,3,7,10
810000116,3,9,12
811389079,3,19,22
813713408,3,0,3
813916423,3,0,3
815973294,3,0,3
818384298,3,4,7
818474204,3,0,3
820597014,3,11,14
820869301,3,0,3
821922194,3,0,3
821934096,3,0,3
822175178,3,0,3
822676693,3,0,3
822731780,3,3,6
823624782,3,0,3
824261245,3,0,3
826124450,3,0,3
827417466,3,1,4
827478050,3,0,3
828949398,3,0,3
834360308,3,0,3
838976832,3,13,16
839023550,3,0,3
839047879,3,0,3
840042230,3,0,3
841262250,3,7,10
842830795,3,1,4
843643496,3,3,6
843833900,3,0,3
844083344,3,0,3
845103810,3,0,3
846202009,3,0,3
846840079,3,15,18
847278842,3,1,4
847753123,3,0,3
848267090,3,0,3
850132028,3,1,4
850143984,3,0,3
851870989,3,0,3
851923268,3,0,3
852004369,3,0,3
854265883,3,0,3
855135020,3,0,3
855479360,3,0,3
856074224,3,0,3
857232728,3,2,5
858565573,3,0,3
858750566,3,6,9
860621251,3,0,3
860646054,3,0,3
860695975,3,0,3
860710075,3,0,3
860865024,3,0,3
861388620,3,40,43
861577363,3,0,3
861621913,3,0,3
861625476,3,1,4
862389464,3,2,5
862626912,3,12,15
862969386,3,1,4
863201701,3,6,9
863628498,3,0,3
864132289,3,2,5
865270045,3,0,3
865287674,3,0,3
868554925,3,1,4
870344262,3,0,3
870423624,3,3,6
870477378,3,0,3
870642614,3,0,3
871921093,3,0,3
872032051,3,0,3
872207857,3,0,3
872764080,3,0,3
873863954,3,0,3
873983533,3,0,3
874405711,3,59,62
874504310,3,0,3
876058249,3,10,13
876185586,3,0,3
879065539,3,11,14
882818041,3,8,11
883211862,3,0,3
884830748,3,2,5
885639866,3,0,3
885692646,3,3,6
885700159,3,0,3
885706658,3,39,42
885774666,3,0,3
886145106,3,0,3
886817598,3,1,4
887869208,3,1,4
889891044,3,12,15
889939663,3,0,3
893559324,3,0,3
894471295,3,1,4
897886992,3,0,3
898393518,3,1,4
898889359,3,0,3
899659586,3,12,15
899879430,3,0,3
900422131,3,0,3
901069554,3,0,3
902231725,3,0,3
902401616,3,1,4
903377622,3,7,10
904875612,3,0,3
905455074,3,1,4
908810922,3,6,9
909990571,3,0,3
910337317,3,0,3
910755810,3,3,6
911208331,3,0,3
911506050,3,0,3
911740344,3,0,3
911758807,3,0,3
912520790,3,0,3
913573256,3,4,7
914159126,3,1,4
914758039,3,1,4
915020022,3,0,3
915433256,3,0,3
916428906,3,2,5
916834944,3,2,5
917986910,3,0,3
918331112,3,3,6
923844818,3,0,3
924274784,3,0,3
924419576,3,0,3
925326978,3,0,3
927530713,3,0,3
927818520,3,2,5
928270069,3,0,3
929782800,3,0,3
930244363,3,0,3
930376591,3,2,5
930914192,3,0,3
931238114,3,0,3
931317318,3,0,3
931565286,3,0,3
934777632,3,0,3
935859349,3,2,5
935985920,3,0,3
937295502,3,0,3
937595996,3,25,28
938086531,3,0,3
938818514,3,0,3
939095432,3,0,3
941373673,3,2,5
942481458,3,2,5
943770836,3,7,10
944847649,3,0,3
946328822,3,0,3
946640665,3,0,3
948198966,3,1,4
948522462,3,0,3
950726556,3,0,3
951033024,3,0,3
953944182,3,0,3
954061321,3,0,3
954831636,3,0,3
956246016,3,0,3
958230079,3,0,3
959403319,3,0,3
961934473,3,0,3
962929718,3,0,3
963500502,3,0,3
963624414,3,0,3
965866273,3,0,3
966089786,3,0,3
967285422,3,0,3
972753500,3,0,3
974655504,3,0,3
976793737,3,0,3
977405538,3,4,7
978227936,3,0,3
979386648,3,1,4
980787590,3,0,3
981867829,3,177,180
982861370,3,0,3
983599580,3,0,3
985221390,3,0,3
985601546,3,0,3
986832398,3,0,3
987132296,3,2,5
989277890,3,0,3
991366591,3,0,3
993800743,3,59,62
994202748,3,0,3
994205851,3,1,4
994742736,3,0,3
995736774,3,0,3
997108008,3,0,3
1000808005,3,4,7
1002334560,3,0,3
1002862598,3,3,6
1004263741,3,0,3
1004894738,3,0,3
1005582866,3,1,4
1007986375,3,0,3
1008695929,3,0,3
1012374132,3,1,4
1014184938,3,0,3
1014998276,3,0,3
1015170002,3,3,6
1016459959,3,0,3
1016733578,3,1,4
1016821579,3,0,3
1020828164,3,0,3
1023051186,3,12,15
1025607511,3,1,4
1028380868,3,0,3
1028419310,3,0,3
1028436924,3,0,3
1032172358,3,1,4
1035526621,3,0,3
1037861028,3,2,5
1038402692,3,0,3
1038560168,3,2,5
1040007576,3,3,6
1040829246,3,1,4
1040980399,3,0,3
1041490284,3,0,3
1041950718,3,20,23
1045492297,3,0,3
1048281206,3,1,4
1048442108,3,0,3
1050080216,3,0,3
1050489918,3,0,3
1051109852,3,0,3
1051342171,3,0,3
1051557686,3,56,59
1052326598,3,0,3
1052539914,3,0,3
1056037286,3,0,3
1057744740,3,0,3
1057875235,3,0,3
1058400816,3,0,3
1059240937,3,0,3
1059394638,3,0,3
1061331960,3,0,3
1062145002,3,0,3
1064458855,3,2,5
1065897642,3,0,3
1069349582,3,3,6
1069404811,3,0,3
1069517161,3,81,84
1069919504,3,0,3
1071915631,3,0,3
1072337066,3,0,3
1073878735,3,0,3
1075192441,3,0,3
1075486716,3,0,3
1084625558,3,0,3
1088126762,3,2,5
1089793970,3,0,3
1093617042,3,0,3
1094036953,3,0,3
1094236604,3,0,3
1094824915,3,0,3
1096939369,3,0,3
1099965775,3,0,3
1104907224,3,0,3
1109360888,3,0,3
1110230570,3,9,12
1112536484,3,2,5
1113346662,3,0,3
1113545408,3,0,3
1115501100,3,93,96
1115827825,3,5,8
1115912653,3,0,3
1117777525,3,0,3
1120199214,3,0,3
1120531459,3,1,4
1123035852,3,0,3
1124167796,3,0,3
1125906912,3,35,38
1126005456,3,1,4
1129601754,3,1,4
1132030123,3,4,7
1132391474,3,0,3
1132427892,3,2,5
1132886828,3,1,4
1133610576,3,1,4
1133937572,3,0,3
1135373802,3,0,3
1135391425,3,0,3
1137585871,3,0,3
1138358984,3,0,3
1149614875,3,2,5
1149818708,3,0,3
1152860286,3,2,5
1154620628,3,0,3
1154700013,3,0,3
1155732698,3,0,3
1155757698,3,0,3
1156573159,3,1,4
1157236081,3,1,4
1157902490,3,55,58
1158614941,3,7,10
1160692081,3,0,3
1163873018,3,8,11
1166652571,3,3,6
1166790510,3,0,3
1167485504,3,1,4
1167600860,3,0,3
1169951262,3,0,3
1173962179,3,0,3
1175584525,3,0,3
1177836727,3,0,3
1184145816,3,1,4
1184325030,3,0,3
1184682378,3,2,5
1191082038,3,0,3
1191278580,3,56,59
1191938899,3,1,4
1193801665,3,41,44
1198946628,3,1,4
1199372545,3,0,3
1200265776,3,0,3
1202815862,3,0,3
1208794297,3,61,64
1209580928,3,0,3
1214278470,3,3,6
1216086978,3,2,5
1216243676,3,1,4
1216402297,3,0,3
1219572384,3,0,3
1220276724,3,0,3
1220741574,3,2,5
1221931562,3,0,3
1223466703,3,0,3
1224214254,3,0,3
1224835698,3,0,3
1225947332,3,0,3
1228710404,3,0,3
1233031128,3,0,3
1239344012,3,1,4
1241386093,3,2,5
1241858562,3,0,3
1243717992,3,0,3
1246658094,3,0,3
1246850413,3,1,4
1247762641,3,0,3
1250335255,3,0,3
1250559739,3,2,5
1252520990,3,19,22
1254703837,3,17,20
1260024733,3,0,3
1260426925,3,0,3
1262449176,3,0,3
1262787086,3,9,12
1263045817,3,0,3
1263285943,3,0,3
1268041254,3,0,3
1268612959,3,1,4
1269060948,3,0,3
1270440024,3,0,3
1271069144,3,0,3
1272649165,3,0,3
1276250496,3,4,7
1277361338,3,0,3
1278855144,3,2,5
1279096542,3,0,3
1279300470,3,0,3
1279811228,3,0,3
1280291174,3,0,3
1281674359,3,0,3
1282197158,3,13,16
1284209568,3,0,3
1285568179,3,0,3
1287090480,3,0,3
1287280946,3,2,5
1288569704,3,0,3
1289650238,3,0,3
1289801750,3,10,13
1293923341,3,0,3
1301448055,3,0,3
1301876635,3,0,3
1307388481,3,0,3
1309173126,3,21,24
1310983086,3,0,3
1311038556,3,1,4
1311297138,3,0,3
1315013377,3,5,8
1315651994,3,2,5
1320084745,3,0,3
1320132594,3,0,3
1321696759,3,25,28
1322916290,3,0,3
1324981638,3,25,28
1325218238,3,7,10
1326967123,3,0,3
1328042665,3,0,3
1332049363,3,1,4
1332080852,3,0,3
1332663734,3,0,3
1334373715,3,0,3
1335017592,3,0,3
1336006291,3,0,3
1336728354,3,0,3
1339146985,3,3,6
1339952563,3,0,3
1341967386,3,1,4
1344195379,3,0,3
1345271245,3,3,6
1346019187,3,8,11
1346696210,3,0,3
1350729756,3,0,3
1350807709,3,0,3
1352597610,3,0,3
1352634026,3,0,3
1353264836,3,0,3
1353347065,3,0,3
1355717809,3,1,4
1355901577,3,0,3
1355964432,3,0,3
1358359729,3,1,4
1360270676,3,4,7
1360468428,3,1,4
1362144619,3,0,3
1364536237,3,0,3
1365614348,3,0,3
1365620120,3,1,4
1366290577,3,7,10
1366530062,3,0,3
1367321790,3,0,3
1370084306,3,0,3
1371742513,3,34,37
1372383162,3,0,3
1375184406,3,0,3
1375235654,3,0,3
1376212958,3,19,22
1376884716,3,0,3
1379017291,3,0,3
1379791256,3,0,3
1381365842,3,0,3
1381601671,3,0,3
1383096535,3,24,27
1386156193,3,3,6
1386533192,3,0,3
1388574187,3,10,13
1390279364,3,0,3
1390764192,3,0,3
1392009744,3,0,3
1395303439,3,0,3
1396043821,3,3,6
1399273843,3,1,4
1400726738,3,0,3
1403077680,3,1,4
1403982384,3,2,5
1408131140,3,0,3
1410126361,3,0,3
1410592303,3,0,3
1411759916,3,0,3
1411765333,3,0,3
1412075184,3,1,4
1413763296,3,0,3
1414693334,3,0,3
1418072466,3,10,13
1419376172,3,6,9
1421013715,3,0,3
1423291705,3,6,9
1423714352,3,0,3
1424613612,3,1,4
1424831822,3,12,15
1426325298,3,1,4
1428718188,3,0,3
1435835767,3,0,3
1437303385,3,0,3
1445275716,3,0,3
1445713226,3,0,3
1446217872,3,0,3
1446660624,3,0,3
1449564140,3,0,3
1450138278,3,1,4
1452690762,3,0,3
1456242823,3,4,7
1458041851,3,1,4
1458531854,3,1,4
1460797812,3,10,13
1461060414,3,0,3
1461580848,3,0,3
1461809641,3,0,3
1462580635,3,0,3
1463369190,3,1,4
1463669215,3,0,3
1466366744,3,0,3
1466485746,3,0,3
1466986621,3,21,24
1467841676,3,0,3
1469975672,3,1,4
1470921324,3,0,3
1472490782,3,0,3
1472752382,3,8,11
1473360739,3,8,11
1475146609,3,0,3
1477438352,3,0,3
1477577527,3,0,3
1478661360,3,0,3
1485824958,3,0,3
1488251486,3,0,3
1488355226,3,0,3
1489069478,3,0,3
1490605254,3,0,3
1490903305,3,41,44
1497452629,3,0,3
1499723322,3,0,3
1499859427,3,0,3
1500029251,3,0,3
1506015576,3,0,3
1506079266,3,0,3
1507800079,3,0,3
1511059838,3,0,3
1511866190,3,0,3
1513078165,3,3,6
1513371691,3,0,3
1513616846,3,0,3
1517869226,3,0,3
1519465350,3,31,34
1521076063,3,0,3
1523506160,3,0,3
1529054208,3,0,3
1531603904,3,0,3
1538741966,3,0,3
1539897854,3,2,5
1540080085,3,2,5
1542190130,3,0,3
1542198810,3,182,185
1543242296,3,28,31
1545993031,3,0,3
1546333765,3,1,4
1546770558,3,45,48
1546986510,3,0,3
1547493644,3,33,36
1549487016,3,0,3
1551989046,3,0,3
1552053866,3,0,3
1552391180,3,0,3
1552405350,3,0,3
1552882350,3,12,15
1553569147,3,0,3
1555947253,3,11,14
1556280006,3,1,4
1556529385,3,0,3
1557426210,3,0,3
1557586243,3,4,7
1559387898,3,40,43
1560852734,3,5,8
1560934753,3,1,4
1561578727,3,0,3
1561651484,3,2,5
1567558026,3,1,4
1567719908,3,0,3
1569767984,3,0,3
1571609988,3,0,3
1572942984,3,0,3
1574094847,3,14,17
1574222143,3,0,3
1576476091,3,0,3
1576504207,3,2,5
1578264330,3,8,11
1578691928,3,0,3
1581421621,3,0,3
1586804930,3,93,96
1586941430,3,0,3
1587425034,3,1,4
1587814765,3,4,7
1592502890,3,0,3
1594694892,3,1,4
1598799781,3,0,3
1598805552,3,0,3
1600286137,3,1,4
1600874611,3,0,3
1601258078,3,5,8
1602247194,3,0,3
1605121837,3,0,3
1606652941,3,0,3
1609237194,3,1,4
1610213838,3,0,3
1610809838,3,0,3
1613672408,3,0,3
1616844608,3,0,3
1616966774,3,5,8
1617177145,3,1,4
1620821233,3,0,3
1625848099,3,0,3
1627091725,3,3,6
1628968783,3,0,3
1629091340,3,5,8
1632334700,3,46,49
1638639817,3,0,3
1639542379,3,0,3
1641461054,3,0,3
1641937358,3,0,3
1643689518,3,0,3
1646211559,3,0,3
1646326525,3,12,15
1647722191,3,0,3
1648036326,3,0,3
1648125270,3,0,3
1649397632,3,0,3
1650585602,3,4,7
1651181504,3,8,11
1652502032,3,1,4
1652503926,3,0,3
1656226182,3,3,6
1656237914,3,0,3
1656289886,3,0,3
1656400596,3,0,3
1656624818,3,0,3
1656868662,3,0,3
1659030800,3,0,3
1671570577,3,4,7
1673508644,3,1,4
1674472531,3,6,9
1676698225,3,0,3
1681080518,3,0,3
1681897634,3,17,20
1685574222,3,1,4
1686495649,3,0,3
1686645968,3,0,3
1686889567,3,1,4
1686978289,3,1,4
1690106558,3,1,4
1694222593,3,0,3
1695268058,3,0,3
1695694118,3,1,4
1697470002,3,15,18
1698412513,3,0,3
1699828380,3,3,6
1700583012,3,0,3
1702159224,3,3,6
1707480727,3,0,3
1707815582,3,0,3
1708239830,3,8,11
1708396873,3,0,3
1708590086,3,0,3
1709536874,3,0,3
1710311568,3,0,3
1711810094,3,0,3
1711898312,3,3,6
1712804324,3,0,3
1713716125,3,0,3
1716924013,3,0,3
1717149162,3,0,3
1719340254,3,0,3
1720629378,3,0,3
1721737890,3,0,3
1722831672,3,2,5
1722978956,3,0,3
1723439568,3,0,3
1724927846,3,1,4
1725431600,3,0,3
1725999835,3,0,3
1726330982,3,0,3
1728701209,3,0,3
1729113156,3,0,3
1729890672,3,0,3
1731261212,3,0,3
1733671944,3,0,3
1733798858,3,0,3
1740386148,3,4,7
1746998844,3,0,3
1798062139,3,0,3
1835505270,3,0,3
1851783186,3,0,3
1853191291,3,0,3
1859515387,3,40,43
1859618210,3,6,9
1859727930,3,0,3
1860975744,3,0,3
1862771371,3,0,3
1879798795,3,0,3
1880871918,3,8,11
1881212406,3,0,3
1883119136,3,0,3
1884517622,3,0,3
1888076449,3,0,3
1888923247,3,0,3
1890955496,3,0,3
1894460682,3,89,92
1902540451,3,0,3
1906040100,3,0,3
1909996290,3,0,3
1917838842,3,1,4
1918805598,3,0,3
1919145366,3,0,3
1920161496,3,5,8
1921991732,3,13,16
1923381960,3,0,3
1924926288,3,3,6
1925136144,3,3,6
1926562094,3,1,4
1927789585,3,0,3
1928100738,3,0,3
1928359148,3,1,4
1929009768,3,4,7
1930587986,3,115,118
1934736961,3,43,46
1935877460,3,6,9
1938232118,3,0,3
1938497838,3,0,3
1942118264,3,0,3
1942247870,3,0,3
1942373192,3,0,3
1945970912,3,0,3
1946058103,3,0,3
1953212582,3,0,3
1961361097,3,25,28
1961457846,3,0,3
1962979080,3,0,3
1963421766,3,0,3
1965497364,3,0,3
1965612534,3,18,21
1969118232,3,0,3
1971842455,3,1,4
1972621554,3,0,3
1972631268,3,0,3
1972675404,3,0,3
1973636474,3,5,8
1976450136,3,0,3
1976544074,3,0,3
1977451183,3,0,3
2148176953,3,0,3
2148839571,3,0,3
2148886704,3,0,3
2149924279,3,0,3
2149953868,3,0,3
2150044070,3,0,3
2150235569,3,0,3
2151883292,3,15,18
2151896995,3,0,3
2152972838,3,0,3
2153184174,3,1,4
2153596533,3,0,3
2154475783,3,0,3
2155000643,3,1,4
2156190929,3,483,486
2156428401,3,2,5
2157453618,3,0,3
2157878718,3,6,9
2158025009,3,0,3
2158829228,3,0,3
2159367375,3,0,3
2160723888,3,0,3
2161689583,3,0,3
2163814206,3,0,3
2165861276,3,0,3
2165873557,3,1,4
2166178748,3,0,3
2167226227,3,1,4
2167272349,3,7,10
2169062359,3,0,3
2169423995,3,3,6
2170375340,3,8,11
2171149429,3,7,10
2171407091,3,0,3
2172288098,3,0,3
2172990756,3,0,3
2173230106,3,0,3
2173625847,3,0,3
2174853163,3,1,4
2175922248,3,1,4
2177490125,3,0,3
2178249589,3,0,3
2179030802,3,0,3
2179174600,3,0,3
2180959435,3,125,128
2181169681,3,3,6
2182490190,3,0,3
2185074558,3,0,3
2185211371,3,0,3
2185238277,3,0,3
2185847238,3,3,6
2186737190,3,0,3
2190828416,3,0,3
2191491336,3,3,6
2192199577,3,0,3
2192801620,3,0,3
2193597265,3,0,3
2193758795,3,0,3
2194698103,3,0,3
2196874556,3,0,3
2197230179,3,0,3
2204689256,3,1,4
2204840934,3,0,3
2206179140,3,7,10
2209036142,3,0,3
2209383527,3,0,3
2210861497,3,0,3
2213649218,3,0,3
2214452360,3,0,3
2216525601,3,0,3
2216718411,3,7,10
2217217380,3,0,3
2217630206,3,0,3
2218730778,3,60,63
2220005352,3,0,3
2223253250,3,0,3
2223536382,3,0,3
2223727185,3,0,3
2224310703,3,0,3
2225876498,3,0,3
2227401772,3,0,3
2227462641,3,1,4
2227604159,3,0,3
2228351172,3,6,9
2228901961,3,0,3
2229952962,3,0,3
2230031627,3,0,3
2230083151,3,0,3
2230573016,3,0,3
2231868098,3,0,3
2232472244,3,0,3
2233724064,3,0,3
2233760206,3,0,3
2234852186,3,0,3
2237704176,3,0,3
2238298154,3,5,8
2239267570,3,0,3
2240149515,3,3,6
2240766774,3,2,5
2240825388,3,0,3
2241205392,3,2,5
2242672028,3,0,3
2243002568,3,0,3
2243353709,3,15,18
2244851847,3,0,3
2246301710,3,0,3
2249729852,3,2,5
2250679128,3,0,3
2253585527,3,0,3
2254223439,3,0,3
2254523795,3,0,3
2255341537,3,0,3
2255778050,3,0,3
2259122479,3,0,3
2260429399,3,0,3
2263627314,3,1,4
2263698919,3,0,3
2267775933,3,12,15
2268090314,3,0,3
2269982365,3,1,4
2270756473,3,0,3
2271092125,3,36,39
2271285084,3,1,4
2271411114,3,0,3
2271835577,3,0,3
2272351910,3,1,4
2272541720,3,0,3
2274041676,3,0,3
2275239103,3,2,5
2275730968,3,0,3
2276998031,3,0,3
2277744242,3,91,94
2279733948,3,0,3
2280873684,3,1,4
2281065373,3,0,3
2283362532,3,15,18
2284941715,3,0,3
2285054832,3,0,3
2287199940,3,0,3
2287293282,3,0,3
2287744820,3,1,4
2288905569,3,0,3
2289043161,3,0,3
2290915449,3,0,3
2292416748,3,0,3
2292664177,3,0,3
2293925429,3,0,3
2293982810,3,0,3
2298725707,3,0,3
2300538183,3,3,6
2300558029,3,1,4
2301027452,3,23,26
2302226918,3,0,3
2305237878,3,0,3
2305869624,3,2,5
2307737585,3,0,3
2308687102,3,5,8
2309254388,3,9,12
2310093306,3,0,3
2311077186,3,0,3
2313047202,3,1,4
2314008787,3,0,3
2315922081,3,2,5
2316434299,3,1,4
2316449568,3,16,19
2317566139,3,1,4
2318719317,3,0,3
2318781801,3,1,4
2320095973,3,0,3
2320252381,3,0,3
2321078092,3,0,3
2321091337,3,0,3
2321385744,3,0,3
2321447749,3,0,3
2321482548,3,2,5
2322906614,3,0,3
2323301029,3,0,3
2324182908,3,0,3
2324572614,3,0,3
2325959720,3,0,3
2326096932,3,3,6
2327376091,3,1,4
2327587831,3,0,3
2327651298,3,0,3
2327864228,3,0,3
2328368795,3,0,3
2329037764,3,0,3
2329210838,3,0,3
2330425685,3,9,12
2331498373,3,14,17
2332237368,3,0,3
2332614032,3,0,3
2333676370,3,0,3
2334540276,3,0,3
2335960920,3,1,4
2336344996,3,0,3
2337999540,3,2,5
2339207821,3,0,3
2342387153,3,1,4
2342981907,3,0,3
2343141762,3,0,3
2344265140,3,2,5
2344717311,3,0,3
2345016364,3,0,3
2345945221,3,2,5
2347688123,3,0,3
2348824214,3,1,4
2349324164,3,0,3
2349347329,3,0,3
2350259718,3,0,3
2350366152,3,0,3
2351053826,3,1,4
2351807555,3,1,4
2352134256,3,0,3
2352728670,3,0,3
2352844027,3,0,3
2353485140,3,8,11
2355209773,3,15,18
2356985624,3,0,3
2357544314,3,0,3
2359848768,3,0,3
2359865324,3,0,3
2359985492,3,0,3
2360396868,3,0,3
2362125024,3,0,3
2362843592,3,0,3
2363289067,3,0,3
2363438561,3,0,3
2364786337,3,4,7
2365223411,3,0,3
2365541215,3,0,3
2366303202,3,0,3
2367279846,3,0,3
2367660090,3,1,4
2369233345,3,80,83
2369692350,3,0,3
2370912056,3,0,3
2371530239,3,0,3
2373893028,3,0,3
2375930423,3,0,3
2375986580,3,0,3
2377421917,3,35,38
2380741332,3,0,3
2382718070,3,2,5
2388012242,3,0,3
2388206929,3,2,5
2388211339,3,0,3
2391091274,3,3,6
2391776563,3,1,4
2392877145,3,3,6
2393853234,3,0,3
2394090523,3,0,3
2396389860,3,0,3
2400459716,3,0,3
2401852033,3,0,3
2402225466,3,3,6
2402646752,3,4,7
2405195382,3,0,3
2409539810,3,1,4
2411807100,3,0,3
2412649899,3,0,3
2414736038,3,0,3
2415797720,3,0,3
2419580096,3,0,3
2420681730,3,1,4
2420958052,3,0,3
2423213850,3,1,4
2424007068,3,13,16
2424221617,3,0,3
2424360776,3,0,3
2425839935,3,4,7
2428238845,3,1,4
2429615510,3,0,3
2430961956,3,0,3
2432007973,3,0,3
2433883063,3,0,3
2436329089,3,2,5
2436480316,3,0,3
2436694995,3,0,3
2437314795,3,0,3
2439265759,3,0,3
2439711755,3,0,3
2443082671,3,0,3
2445439937,3,0,3
2446433042,3,0,3
2446924994,3,0,3
2448342918,3,0,3
2448422966,3,12,15
2448820453,3,0,3
2449412587,3,0,3
2452320936,3,0,3
2452383210,3,7,10
2452725517,3,0,3
2453346895,3,1,4
2454547933,3,2,5
2455448328,3,0,3
2455723279,3,2,5
2456037419,3,0,3
2457529154,3,0,3
2460091700,3,7,10
2460393774,3,0,3
2461305969,3,0,3
2462369990,3,0,3
2463313006,3,0,3
2463471786,3,0,3
2465164307,3,0,3
2465332926,3,26,29
2465516270,3,0,3
2468205899,3,1,4
2468889991,3,0,3
2469364831,3,28,31
2469718422,3,1,4
2470137595,3,0,3
2471747528,3,24,27
2474030935,3,0,3
2474230746,3,1,4
2474489456,3,1,4
2474650130,3,0,3
2475073337,3,0,3
2475570090,3,0,3
2476750011,3,0,3
2477317271,3,0,3
2478245477,3,0,3
2480083422,3,31,34
2480352235,3,0,3
2481517026,3,0,3
2481603358,3,0,3
2481875585,3,0,3
2482690976,3,1,4
2483647441,3,1,4
2484682932,3,0,3
2484737256,3,0,3
2485706130,3,0,3
2487155700,3,0,3
2488490556,3,0,3
2488637047,3,16,19
2489306957,3,0,3
2490105806,3,1,4
2491634246,3,0,3
2491645663,3,0,3
2491884900,3,0,3
2491964094,3,8,11
2493152723,3,0,3
2493326365,3,0,3
2497796461,3,1,4
2498084168,3,1,4
2498540813,3,0,3
2499504685,3,0,3
2500721814,3,1,4
2502949521,3,0,3
2504227830,3,2,5
2505029461,3,0,3
2505537932,3,0,3
2507381484,3,1,4
2508024242,3,0,3
2508114499,3,5,8
2509367595,3,0,3
2511447529,3,0,3
2513955277,3,0,3
2516060200,3,0,3
2516488186,3,0,3
2518215038,3,0,3
2518998564,3,1,4
2520533604,3,0,3
2522112088,3,0,3
2522711070,3,0,3
2523213625,3,0,3
2525264294,3,0,3
2530580965,3,0,3
2530803846,3,1,4
2530934380,3,0,3
2533217510,3,0,3
2533379827,3,0,3
2533712994,3,2,5
2534622899,3,0,3
2535007511,3,0,3
2541381207,3,0,3
2541571735,3,0,3
2543523264,3,0,3
2544110296,3,0,3
2545042216,3,0,3
2546305093,3,0,3
2546331363,3,1,4
2546919704,3,0,3
2547292200,3,0,3
2547556620,3,11,14
2548011440,3,1,4
2549139876,3,0,3
2550527131,3,0,3
2550725251,3,2,5
2551394742,3,12,15
2551791943,3,2,5
2554532822,3,1,4
2555270881,3,0,3
2559456622,3,0,3
2561485942,3,0,3
2562451584,3,5,8
2564391116,3,0,3
2564876846,3,0,3
2569844741,3,16,19
2570596106,3,0,3
2570947334,3,0,3
2572442646,3,0,3
2573325335,3,0,3
2575342545,3,0,3
2575783253,3,0,3
2576439539,3,0,3
2576492465,3,0,3
2578933338,3,1,4
2579230863,3,0,3
2579327835,3,35,38
2581378862,3,0,3
2581662570,3,0,3
2584518814,3,1,4
2585216640,3,0,3
2588602376,3,0,3
2590290806,3,0,3
2591822204,3,0,3
2592600812,3,0,3
2593061460,3,0,3
2593152026,3,0,3
2593482274,3,0,3
2595015613,3,0,3
2595110214,3,1,4
2595286561,3,2,5
2595456912,3,0,3
2595492206,3,0,3
2596404907,3,0,3
2596561711,3,0,3
2596962440,3,0,3
2597249792,3,0,3
2598183050,3,2,5
2598733599,3,17,20
2600517884,3,0,3
2603613942,3,2,5
2607012303,3,0,3
2609806034,3,1,4
2611200364,3,0,3
2611836033,3,1,4
2612704856,3,32,35
2618658399,3,0,3
2618797484,3,0,3
2624263566,3,0,3
2633115983,3,0,3
2638180154,3,0,3
2638346847,3,1,4
2643555593,3,0,3
2645258028,3,6,9
2649173504,3,0,3
2649652772,3,1,4
2650187290,3,0,3
2653939151,3,0,3
2655744803,3,0,3
2658434594,3,0,3
2670384516,3,0,3
2675114737,3,0,3
2676375199,3,1,4
2677669260,3,0,3
2677799398,3,0,3
2679944780,3,150,153
2682958958,3,0,3
2683540813,3,17,20
2687612917,3,1,4
2688542952,3,1,4
2688740807,3,0,3
2691875846,3,0,3
2691954835,3,0,3
2694966133,3,0,3
2698138429,3,27,30
2700801184,3,0,3
2702036838,3,0,3
2704512582,3,1,4
2704863679,3,18,21
2705892739,3,0,3
2707065429,3,17,20
2707742724,3,0,3
2713708404,3,14,17
2716117372,3,0,3
2719943960,3,0,3
2719944821,3,0,3
2722582750,3,0,3
2725118305,3,8,11
2725247071,3,0,3
2728536772,3,3,6
2729413974,3,0,3
2732036303,3,1,4
2732499079,3,0,3
2733160892,3,0,3
2733330012,3,0,3
2734067353,3,0,3
2735726222,3,0,3
2737393376,3,0,3
2737793834,3,0,3
2738115667,3,1,4
2738366902,3,0,3
2742835851,3,0,3
2743871494,3,0,3
2744441277,3,2,5
2746117229,3,0,3
2746536821,3,1,4
2747754993,3,0,3
2749125821,3,0,3
2749132607,3,0,3
2750111498,3,0,3
2750331580,3,0,3
2750730580,3,6,9
2751913249,3,0,3
2752392697,3,8,11
2754552106,3,5,8
2754764267,3,0,3
2755073958,3,1,4
2757793657,3,5,8
2759441790,3,0,3
2760948578,3,0,3
2762613697,3,0,3
2763341172,3,0,3
2763463692,3,3,6
2763563285,3,0,3
2763596818,3,1,4
2765669628,3,0,3
2767792430,3,0,3
2770758386,3,0,3
2771334204,3,1,4
2773120647,3,0,3
2775636211,3,0,3
2779956592,3,0,3
2781644564,3,0,3
2782024342,3,4,7
2782121854,3,0,3
2784557587,3,0,3
2788830210,3,0,3
2788977060,3,0,3
2788988150,3,0,3
2789377055,3,0,3
2789955190,3,0,3
2790013255,3,0,3
2790314135,3,0,3
2790598182,3,0,3
2792736285,3,0,3
2794481755,3,0,3
2795096952,3,1,4
2796170977,3,7,10
2796809648,3,0,3
2797172646,3,1,4
2798281280,3,0,3
2800343957,3,0,3
2802142154,3,0,3
2802222500,3,0,3
2803064548,3,0,3
2803822165,3,2,5
2804088314,3,0,3
2806748595,3,5,8
2809090659,3,1,4
2809910803,3,0,3
2810237592,3,0,3
2815583362,3,0,3
2815662755,3,1,4
2818187262,3,0,3
2818211598,3,0,3
2819681577,3,0,3
2821373718,3,0,3
2829011012,3,2,5
2830312736,3,0,3
2832247518,3,0,3
2832716879,3,0,3
2834256271,3,0,3
2834437959,3,2,5
2835051514,3,0,3
2835493783,3,0,3
2835584205,3,57,60
2835671062,3,1,4
2837501984,3,1,4
2839302205,3,0,3
2839692390,3,1,4
2840297054,3,0,3
2840539172,3,2,5
2841229643,3,0,3
2841555099,3,0,3
2842703578,3,0,3
2842778901,3,0,3
2842819079,3,0,3
2843704196,3,0,3
2844220461,3,0,3
2844223427,3,1,4
2845274796,3,0,3
2845684505,3,0,3
2846496369,3,0,3
2848068680,3,0,3
2848835728,3,7,10
2849398226,3,0,3
2849461797,3,0,3
2851225710,3,0,3
2851418054,3,0,3
2851934946,3,2,5
2853378714,3,1,4
2853461537,3,0,3
2853461886,3,6,9
2853517728,3,0,3
2854664071,3,0,3
2855287858,3,8,11
2857185997,3,0,3
2857408831,3,0,3
2857529172,3,0,3
2857825785,3,5,8
2859252129,3,18,21
2860748214,3,0,3
2863158308,3,0,3
2863229966,3,0,3
2865492248,3,1,4
2865559502,3,0,3
2865997201,3,1,4
2866494045,3,1,4
2869467873,3,7,10
2871699636,3,0,3
2872262329,3,15,18
2872727686,3,5,8
2874172926,3,0,3
2874845313,3,1,4
2876159906,3,0,3
2876474782,3,0,3
2876922273,3,0,3
2880124020,3,0,3
2880778944,3,0,3
2883234716,3,0,3
2883811221,3,2,5
2883840371,3,2,5
2883843188,3,0,3
2885693478,3,0,3
2887745606,3,8,11
2888254703,3,0,3
2888650531,3,1,4
2889984516,3,1,4
2891235905,3,0,3
2892209909,3,0,3
2893491907,3,0,3
2895209637,3,1,4
2896827218,3,1,4
2897686056,3,0,3
2898240882,3,2,5
2900830914,3,0,3
2902597143,3,1,4
2903272862,3,9,12
2903992965,3,3,6
2904387199,3,2,5
2905171509,3,0,3
2905681412,3,0,3
2905988871,3,0,3
2906091130,3,0,3
2906520701,3,0,3
2907725794,3,0,3
2907782807,3,0,3
2910213372,3,3,6
2910474115,3,0,3
2911177146,3,3,6
2914344694,3,0,3
2914611107,3,27,30
2915917345,3,0,3
2915954031,3,0,3
2916173341,3,4,7
2916782918,3,132,135
2916902981,3,1,4
2919116665,3,0,3
2919632273,3,0,3
2920317232,3,0,3
2921797665,3,0,3
2922029336,3,0,3
2922867425,3,0,3
2926141412,3,0,3
2926162874,3,0,3
2926851022,3,21,24
2928135645,3,0,3
2930067017,3,0,3
2931566262,3,0,3
2933057674,3,18,21
2933975159,3,1,4
2934430019,3,0,3
2934522453,3,1,4
2935236687,3,0,3
2935517062,3,1,4
2937367180,3,0,3
2937414098,3,0,3
2939030415,3,0,3
2939225553,3,0,3
2941174585,3,0,3
2941299760,3,0,3
2942767547,3,0,3
2943515701,3,0,3
2943664987,3,1,4
2946175481,3,0,3
2947732005,3,0,3
2948979456,3,0,3
2949260734,3,0,3
2949357691,3,0,3
2949893219,3,0,3
2950408042,3,0,3
2950882387,3,0,3
2951305800,3,0,3
2951664797,3,0,3
2952364375,3,1,4
2953291654,3,1,4
2954241549,3,0,3
2954379871,3,0,3
2955157787,3,0,3
2955252691,3,0,3
2955502378,3,0,3
2956387182,3,1,4
2956447250,3,0,3
2957971795,3,0,3
2958026333,3,0,3
2958056424,3,0,3
2959090154,3,0,3
2961211659,3,0,3
2961691882,3,0,3
2962183894,3,0,3
2962567101,3,0,3
2963899170,3,0,3
2964099487,3,1,4
2964249749,3,0,3
2969597038,3,8,11
2969618651,3,0,3
2970529127,3,0,3
2970595266,3,0,3
2971252589,3,0,3
2972750547,3,0,3
2973187618,3,0,3
2973440307,3,0,3
2973486614,3,0,3
2975010503,3,0,3
2976605021,3,0,3
2976868643,3,0,3
2979691511,3,0,3
2982540413,3,0,3
2983102943,3,0,3
2984298157,3,0,3
2986410915,3,0,3
2988934638,3,1,4
2990305728,3,0,3
2991156123,3,0,3
2995124871,3,0,3
2996520036,3,8,11
2997940560,3,0,3
2999332065,3,0,3
3002555285,3,0,3
3002708748,3,0,3
3003394893,3,0,3
3003875602,3,1,4
3003880704,3,8,11
3007588562,3,0,3
3007914417,3,3,6
3008862007,3,0,3
3010345375,3,0,3
3010618687,3,0,3
3011256515,3,0,3
3011673768,3,97,100
3012168862,3,0,3
3013784302,3,1,4
3013841396,3,11,14
3014703448,3,5,8
3014889610,3,0,3
3015981726,3,15,18
3016165408,3,0,3
3016441887,3,1,4
3017786572,3,0,3
3018405124,3,11,14
3018755811,3,0,3
3019181756,3,0,3
3019627560,3,6,9
3019658033,3,0,3
3020467682,3,1,4
3020900987,3,0,3
3023231351,3,0,3
3024326206,3,2,5
3024410127,3,46,49
3024837786,3,0,3
3027402643,3,0,3
3027457149,3,1,4
3028284024,3,0,3
3028869977,3,0,3
3028872959,3,0,3
3029914237,3,1,4
3032818022,3,1,4
3033442811,3,0,3
3033552792,3,2,5
3033666943,3,0,3
3033740409,3,0,3
3033914770,3,0,3
3033933880,3,0,3
3033948150,3,0,3
3034856211,3,0,3
3035471420,3,3,6
3038306043,3,2,5
3038333490,3,0,3
3038472803,3,1,4
3039108088,3,0,3
3039864697,3,0,3
3039865441,3,0,3
3039994062,3,0,3
3040169995,3,0,3
3040493335,3,0,3
3041794064,3,0,3
3044852289,3,0,3
3045042364,3,0,3
3046612293,3,0,3
3050966449,3,0,3
3051633545,3,0,3
3052144801,3,0,3
3052594327,3,2,5
3055085058,3,1,4
3057145691,3,6,9
3058397536,3,0,3
3060238624,3,0,3
3060272322,3,4,7
3061612162,3,0,3
3062151319,3,0,3
3063127104,3,1,4
3063615107,3,0,3
3064539303,3,53,56
3065060224,3,0,3
3065438230,3,0,3
3065540427,3,0,3
3066482541,3,0,3
3068166604,3,0,3
3070636935,3,0,3
3070707701,3,0,3
3072536310,3,0,3
3072833615,3,0,3
3073182359,3,3,6
3073446861,3,0,3
3076014264,3,53,56
3077515383,3,5,8
3078081651,3,0,3
3078338105,3,0,3
3079687618,3,0,3
3079870834,3,0,3
3080932083,3,0,3
3081791866,3,0,3
3082127621,3,0,3
3082150264,3,0,3
3083938615,3,0,3
3086707950,3,0,3
3086843746,3,1,4
3090143743,3,1,4
3090239352,3,12,15
3096817780,3,0,3
3098105777,3,6,9
3098277122,3,0,3
3099030011,3,1,4
3100440830,3,0,3
3101417859,3,1,4
3104848537,3,0,3
3105864599,3,0,3
3108550976,3,0,3
3109006711,3,0,3
3113364954,3,1,4
3115965949,3,0,3
3119074465,3,8,11
3119623810,3,1,4
3120100774,3,0,3
3121465244,3,23,26
3124513967,3,0,3
3126710471,3,0,3
3128306450,3,0,3
3128610350,3,0,3
3129742382,3,0,3
3131716503,3,0,3
3132796460,3,0,3
3135992616,3,0,3
3137160179,3,0,3
3137212137,3,0,3
3138049352,3,0,3
3139054526,3,0,3
3139441946,3,0,3
3139668973,3,0,3
3146642240,3,1,4
3146779211,3,0,3
3148485894,3,0,3
3149125121,3,0,3
3150064983,3,0,3
3153600150,3,0,3
3156979954,3,1,4
3157953149,3,0,3
3158899591,3,0,3
3158950773,3,0,3
3159466303,3,6,9
3159761884,3,0,3
3160092012,3,0,3
3160184318,3,1,4
3160555227,3,0,3
3161545970,3,0,3
3162005787,3,0,3
3164261341,3,0,3
3164454351,3,0,3
3164519996,3,0,3
3169011325,3,0,3
3170592168,3,0,3
3171730780,3,1,4
3173007220,3,0,3
3176594760,3,0,3
3177932297,3,0,3
3179842955,3,0,3
3180820929,3,1,4
3181929348,3,0,3
3183211578,3,0,3
3183796848,3,1,4
3184720783,3,0,3
3184728103,3,3,6
3185009615,3,0,3
3187878394,3,0,3
3190817186,3,0,3
3191021203,3,0,3
3192679915,3,1,4
3193772039,3,1,4
3195339001,3,0,3
3195716689,3,0,3
3196144884,3,0,3
3197017182,3,1,4
3197767281,3,0,3
3201785968,3,0,3
3203760303,3,0,3
3207977812,3,0,3
3212687369,3,1,4
3213448149,3,0,3
3214898523,3,1,4
3218807371,3,0,3
3219947916,3,1,4
3219986389,3,0,3
3221366523,3,2,5
3222294081,3,3,6
3223237176,3,0,3
3224722213,3,1,4
3225523751,3,0,3
3225772940,3,0,3
3227511195,3,0,3
3228419596,3,0,3
3228604774,3,0,3
3229322374,3,0,3
3230140652,3,3,6
3230861347,3,0,3
3230928426,3,1,4
3231157885,3,4,7
3231878076,3,0,3
3232837242,3,1,4
3233655642,3,0,3
3233971746,3,0,3
3234708103,3,1,4
3235304479,3,0,3
3237144063,3,1,4
3237587828,3,0,3
3237790491,3,9,12
3239087531,3,0,3
3239776277,3,42,45
3243463256,3,0,3
3243502892,3,3,6
3244177144,3,0,3
3244429003,3,0,3
3244574838,3,1,4
3244690751,3,1,4
3246035703,3,0,3
3246162486,3,2,5
3246203084,3,0,3
3246983483,3,0,3
3247844358,3,0,3
3248209489,3,0,3
3249581585,3,0,3
3250206379,3,1,4
3250778304,3,0,3
3252191410,3,1,4
3252428891,3,0,3
3252640724,3,0,3
3253058624,3,15,18
3253228622,3,4,7
3253992476,3,0,3
3254731427,3,1,4
3254866206,3,153,156
3254982230,3,11,14
3255713833,3,0,3
3256157071,3,0,3
3257458298,3,0,3
3257493996,3,0,3
3257876787,3,0,3
3258185532,3,0,3
3258364362,3,0,3
3260049157,3,0,3
3260080658,3,0,3
3260198118,3,0,3
3260379132,3,1,4
3262839590,3,2,5
3263156573,3,0,3
3266309041,3,6,9
3267280788,3,0,3
3267792446,3,24,27
3269415836,3,0,3
3269486839,3,0,3
3269489359,3,0,3
3270112831,3,9,12
3273047593,3,0,3
3273492126,3,0,3
3278060623,3,0,3
3278857945,3,0,3
3278955552,3,0,3
3283355712,3,1,4
3286294395,3,0,3
3286793808,3,0,3
3291004681,3,0,3
3291033552,3,0,3
3292255637,3,1,4
3292757927,3,0,3
3295310992,3,0,3
3295314610,3,102,105
3297358086,3,1,4
3297654184,3,0,3
3297661081,3,0,3
3298358950,3,0,3
3302758070,3,1,4
3302960163,3,2,5
3303056465,3,0,3
3303688131,3,0,3
3303748735,3,33,36
3305506851,3,2,5
3307003498,3,0,3
3307010903,3,0,3
3307600571,3,0,3
3307776386,3,0,3
3308010627,3,0,3
3308035963,3,0,3
3308471184,3,0,3
3308946679,3,0,3
3309359274,3,0,3
3309835676,3,0,3
3309872016,3,1,4
3309931105,3,5,8
3310064471,3,1,4
3310728566,3,0,3
3310860606,3,40,43
3310887992,3,0,3
3311324363,3,23,26
3311361372,3,1,4
3311964457,3,0,3
3311979578,3,0,3
3312795938,3,3,6
3312838040,3,0,3
3314215343,3,0,3
3314538298,3,0,3
3315515327,3,0,3
3316389695,3,0,3
3316682103,3,0,3
3316796588,3,3,6
3317211415,3,0,3
3317665330,3,0,3
3318088673,3,4,7
3318846772,3,0,3
3319538209,3,8,11
3320190671,3,0,3
3320845447,3,0,3
3321659496,3,0,3
3321816234,3,0,3
3322708765,3,0,3
3323031789,3,0,3
3323430757,3,2,5
3324195262,3,5,8
3325921306,3,5,8
3327223304,3,1,4
3328483474,3,4,7
3328679779,3,0,3
3329997245,3,0,3
3331018144,3,0,3
3332663452,3,0,3
3333282858,3,2,5
3335709279,3,0,3
3336808354,3,0,3
3337200275,3,0,3
3338521153,3,0,3
3343250399,3,0,3
3343387330,3,4,7
3344921212,3,0,3
3346688685,3,0,3
3347199549,3,15,18
3350600169,3,0,3
3351764445,3,0,3
3351883912,3,0,3
3355147000,3,0,3
3355587790,3,0,3
3356563571,3,0,3
3356741259,3,1,4
3358285528,3,0,3
3358429634,3,0,3
3360979813,3,1,4
3361715829,3,8,11
3364685232,3,0,3
3365430215,3,4,7
3370005485,3,4,7
3370497850,3,0,3
3378177833,3,10,13
3380632595,3,0,3
3380638684,3,2,5
3381074297,3,0,3
3382469037,3,0,3
3382635544,3,0,3
3383175941,3,0,3
3383330512,3,0,3
3384837141,3,1,4
3386448874,3,0,3
3386624116,3,14,17
3388119892,3,2,5
3388272706,3,0,3
3388951791,3,12,15
3389078361,3,0,3
3390615567,3,0,3
3391656821,3,1,4
3393937697,3,0,3
3394183721,3,0,3
3394938437,3,1,4
3396415473,3,1,4
3396947951,3,0,3
3397629377,3,0,3
3397642733,3,0,3
3397952505,3,4,7
3399435373,3,0,3
3400801159,3,0,3
3400859474,3,0,3
3406380028,3,2,5
3407891255,3,0,3
3408098668,3,0,3
3409141678,3,0,3
3409518496,3,0,3
3410672812,3,10,13
3413356163,3,0,3
3417452884,3,0,3
3421233099,3,0,3
3422132463,3,0,3
3422162163,3,0,3
3422259011,3,0,3
3423051449,3,0,3
3424257933,3,0,3
3427689455,3,0,3
3428294764,3,28,31
3428634741,3,1,4
3429821031,3,0,3
3430857935,3,0,3
3431562508,3,0,3
3432834941,3,0,3
3433208591,3,0,3
3433749515,3,0,3
3433944579,3,0,3
3436121349,3,0,3
3436672067,3,0,3
3436747715,3,0,3
3437243817,3,0,3
3437477429,3,0,3
3438584962,3,0,3
3439125575,3,0,3
3439312371,3,0,3
3440937256,3,0,3
3442013356,3,1,4
3443077038,3,0,3
3447337643,3,4,7
3450376333,3,11,14
3451901441,3,0,3
3453232395,3,0,3
3453480975,3,0,3
3453546315,3,0,3
3465791239,3,0,3
3475941738,3,0,3
3488982554,3,0,3
3490528816,3,0,3
3496828344,3,0,3
3498146774,3,0,3
3503212455,3,0,3
3507621565,3,0,3
3508034232,3,0,3
3513412576,3,5,8
3514212673,3,0,3
3518144119,3,0,3
3519760219,3,1,4
3536962697,3,0,3
3540120740,3,0,3
3547274296,3,0,3
3552238221,3,0,3
3554286020,3,0,3
3569518996,3,0,3
3569656157,3,0,3
3572533999,3,2,5
3576266841,3,0,3
3595362676,3,0,3
3599385672,3,0,3
3603900017,3,0,3
3606051617,3,1,4
3606600622,3,0,3
3611268312,3,0,3
3619169173,3,0,3
3625387403,3,0,3
3627037398,3,208,211
3627734055,3,0,3
3631528275,3,0,3
3631816876,3,0,3
3633375375,3,1,4
3635874448,3,0,3
3642129337,3,0,3
3643576575,3,0,3
3647060906,3,45,48
3651106821,3,1,4
3655232853,3,0,3
3656092409,3,0,3
3666870923,3,0,3
3670794142,3,0,3
3680456597,3,0,3
3689780535,3,0,3
3692170093,3,0,3
3696583229,3,0,3
3696759193,3,1,4
3697733235,3,0,3
3708327073,3,0,3
3716039712,3,0,3
3719283254,3,1,4
3721289594,3,1,4
3724044495,3,0,3
3727684152,3,7,10
3729906627,3,2,5
3730350381,3,1,4
3730374749,3,0,3
3731235867,3,0,3
3731237292,3,0,3
3737264713,3,1,4
3750316402,3,0,3
3753684732,3,0,3
3759080235,3,0,3
3760243283,3,0,3
3764848392,3,4,7
3766861213,3,0,3
3767955793,3,0,3
3770695108,3,8,11
3774187223,3,0,3
3784758135,3,1,4
3786730282,3,0,3
3788776992,3,0,3
3806257699,3,0,3
3836052140,3,2,5
3843873438,3,3,6
3844407497,3,0,3
3846353955,3,0,3
3871876636,3,0,3
3875424194,3,0,3
3878272812,3,0,3
3882469573,3,0,3
3889673836,3,113,116
3904687835,3,0,3
3905217626,3,0,3
3906513151,3,61,64
3906864984,3,1,4
3916896192,3,0,3
3924984076,3,0,3
3940220193,3,0,3
3941808914,3,1,4
3949435217,3,15,18
3950485757,3,0,3
3951043815,3,1,4
3951071421,3,0,3
3955508782,3,0,3
3959699727,3,0,3
3962516235,3,0,3
3964800252,3,0,3
3983580196,3,0,3
3992622433,3,1,4
3996249195,3,0,3
4002701435,3,0,3
4002856786,3,1,4
4011256155,3,0,3
4012039336,3,0,3
4016101092,3,0,3
4018608772,3,0,3
4023746338,3,0,3
4031649200,3,0,3
4036200865,3,0,3
4052835374,3,0,3
4054528397,3,0,3
4055595382,3,0,3
4068984679,3,1,4
4069120133,3,0,3
4070779582,3,0,3
4070977715,3,0,3
4075945595,3,0,3
4082792540,3,1,4
4084399906,3,1,4
4093568853,3,0,3
4096859233,3,0,3
4104868512,3,0,3
4106993834,3,0,3
4108517776,3,0,3
4111612401,3,0,3
4118568983,3,1,4
4128461968,3,0,3
4134198567,3,1,4
4142846183,3,0,3
4143811816,3,1,4
4145023881,3,0,3
4145098165,3,8,11
4148671785,3,0,3
4149935652,3,1,4
4150125374,3,0,3
4157548695,3,0,3
4159203832,3,18,21
4159434615,3,0,3
4164429193,3,26,29
4164659413,3,0,3
4167642494,3,0,3
4175352980,3,0,3
4175480805,3,0,3
4182138315,3,1,4
4182803914,3,0,3
4182936015,3,0,3
4183638076,3,0,3
4185113472,3,0,3
4187167649,3,1,4
4188258740,3,0,3
4190222577,3,10,13
4190676952,3,101,104
4190712441,3,0,3
4191203308,3,0,3
4194298588,3,0,3
4197440824,3,0,3
4203450312,3,0,3
4211324955,3,0,3
4211421885,3,0,3
4224245248,3,0,3
4227136458,3,0,3
4228678822,3,1,4
4229524632,3,0,3
4230212969,3,0,3
4233481767,3,0,3
4235977772,3,0,3
4240234452,3,2,5
4240537100,3,0,3
4241485397,3,0,3
4244695337,3,0,3
4254817521,3,0,3
4258680387,3,0,3
4282160174,3,0,3
4286789915,3,0,3
4288899087,3,0,3
4289431230,3,0,3
4302047181,3,0,3
4310452761,3,0,3
4313905469,3,0,3
4318300335,3,8,11
4334317338,3,0,3
4340488512,3,0,3
4340848879,3,1,4
4350012269,3,0,3
4367439148,3,0,3
4370107872,3,0,3
4377689414,3,2,5
4382842754,3,0,3
4386976042,3,0,3
4389042382,3,0,3
4403595814,3,1,4
4408280534,3,0,3
4415119574,3,0,3
4416641659,3,3,6
4417150642,3,7,10
4429519401,3,0,3
4432027545,3,0,3
4440108567,3,1,4
4440681915,3,1,4
4441277962,3,3,6
4445095942,3,0,3
4456088001,3,1,4
4458878892,3,0,3
4463229917,3,0,3
4464884354,3,9,12
4467286239,3,0,3
4467316701,3,0,3
4468197143,3,0,3
4470105133,3,0,3
4472016137,3,0,3
4474054521,3,0,3
4481733373,3,0,3
4483921702,3,0,3
4483991439,3,38,41
4489199773,3,0,3
4496666235,3,0,3
4497647535,3,0,3
4498097607,3,0,3
4498390696,3,0,3
4499028562,3,0,3
4500288312,3,0,3
4504793133,3,0,3
4511385628,3,0,3
4512080053,3,0,3
4514862072,3,1,4
4527289419,3,0,3
4531270403,3,0,3
4543795154,3,1,4
4550840832,3,20,23
4551014172,3,0,3
4551378032,3,0,3
4552715117,3,0,3
4552891035,3,0,3
4557894142,3,1,4
4561389075,3,0,3
4561490384,3,0,3
4566798972,3,0,3
4568068334,3,0,3
4569619514,3,0,3
4573083928,3,0,3
4575610815,3,0,3
4579781073,3,16,19
4591210093,3,0,3
4592514447,3,0,3
4593076707,3,0,3
4593591616,3,0,3
4594897829,3,1,4
4595812942,3,0,3
4605701356,3,0,3
4608466335,3,1,4
4617950952,3,0,3
4618791919,3,0,3
4622059053,3,0,3
4624361714,3,0,3
4626759912,3,0,3
4634942909,3,0,3
4635237495,3,0,3
4638234078,3,0,3
4642794339,3,0,3
4644514752,3,0,3
4658801302,3,0,3
4669476614,3,0,3
4672904635,3,0,3
4687440084,3,30,33
4691052144,3,0,3
4692485509,3,1,4
4692494000,3,0,3
4695025663,3,2,5
4697773308,3,0,3
4701999681,3,1,4
4706038287,3,0,3
4712895854,3,0,3
4717808113,3,0,3
4726845792,3,1,4
4727891668,3,0,3
4729143948,3,0,3
4730446338,3,0,3
4731997796,3,0,3
4736329765,3,0,3
4738332976,3,2,5
4745735986,3,19,22
4746303438,3,4,7
4749479482,3,1,4
4750662991,3,0,3
4752677491,3,6,9
4755015875,3,0,3
4756142059,3,0,3
4756356676,3,0,3
4756616213,3,0,3
4760930762,3,0,3
4764645193,3,0,3
4765350258,3,0,3
4765660235,3,0,3
4767259425,3,1,4
4769456352,3,0,3
4769457014,3,0,3
4776904267,3,0,3
4784631187,3,0,3
4786156003,3,13,16
4790148574,3,2,5
4790357779,3,2,5
4793260296,3,0,3
4795319357,3,35,38
4796427003,3,0,3
4805474447,3,0,3
4806362878,3,0,3
4812935532,3,0,3
4813243238,3,0,3
4817028584,3,1,4
4821209480,3,9,12
4821536444,3,0,3
4822615079,3,0,3
4822956665,3,0,3
4824679354,3,2,5
4826623097,3,0,3
4827212462,3,0,3
4827591450,3,2,5
4827659060,3,0,3
4830357892,3,0,3
4830559450,3,0,3
4831172273,3,0,3
4831284690,3,0,3
4831352337,3,27,30
4831453334,3,0,3
4832448179,3,0,3
4833551093,3,0,3
4833664363,3,0,3
4834068593,3,0,3
4835333710,3,0,3
4835593824,3,4,7
4838355980,3,2,5
4838814747,3,2,5
4841380645,3,0,3
4842547951,3,12,15
4845727212,3,1,4
4846658542,3,0,3
4847552863,3,2,5
4848298269,3,0,3
4849573083,3,0,3
4853725751,3,0,3
4854294411,3,1,4
4855250943,3,0,3
4855811963,3,0,3
4859396357,3,0,3
4860391512,3,0,3
4860935829,3,0,3
4862307801,3,1,4
4862979013,3,298,301
4863374608,3,0,3
4864175127,3,39,42
4864344935,3,0,3
4864486017,3,0,3
4865498327,3,0,3
4866863015,3,0,3
4866886275,3,7,10
4867426151,3,0,3
4868964399,3,0,3
4870881870,3,0,3
4870917011,3,1,4
4871808644,3,0,3
4872079739,3,0,3
4872276351,3,0,3
4872957761,3,1,4
4873033553,3,0,3
4873087192,3,0,3
4875584591,3,0,3
4876038867,3,0,3
4876464609,3,0,3
4878213179,3,0,3
4879402359,3,0,3
4881175059,3,0,3
4881267029,3,0,3
4881410062,3,0,3
4882695431,3,0,3
4885148617,3,9,12
4887213320,3,0,3
4887465857,3,1,4
4888820963,3,1,4
4890462791,3,22,25
4892665377,3,0,3
4893375620,3,0,3
4893793237,3,4,7
4894198319,3,0,3
4897260849,3,0,3
4898029007,3,1,4
4899679134,3,0,3
4907440601,3,0,3
4916456451,3,2,5
4928688581,3,1,4
695975876459102208,3,88,91
698697319575760896,3,3,6
699052203558854656,3,0,3
699227049932820480,3,0,3
700368699904098305,3,7,10
700474145537134592,3,0,3
700549806519767040,3,0,3
700550706713853952,3,0,3
700633778880778240,3,1,4
701308649495535617,3,0,3
701309024042487808,3,3,6
701687883934081024,3,0,3
701815324488892420,3,0,3
701817828249378816,3,0,3
701966450068619267,3,0,3
702298410611662848,3,25,28
702366122713214980,3,0,3
702633343188217858,3,0,3
702647128443756545,3,0,3
702677796045230080,3,0,3
702837686097289217,3,0,3
702937177362026496,3,7,10
702960756405493760,3,0,3
702985864717008897,3,0,3
703036899007426560,3,11,14
703053228917846016,3,0,3
703264172444745728,3,0,3
703299096849858561,3,0,3
703299174104735744,3,0,3
703364450976399360,3,0,3
703379876745650177,3,0,3
703413002691698688,3,1,4
703598728414896128,3,0,3
703801968842530817,3,0,3
703841471703584769,3,1,4
703888790847418368,3,0,3
703909685129289728,3,0,3
703934710045499392,3,0,3
704138348311527424,3,0,3
704234240599269377,3,0,3
704297599768121344,3,0,3
704355941572022272,3,0,3
704387679073525760,3,0,3
704388410102947843,3,0,3
704417336300838913,3,0,3
704517600198307840,3,3,6
704532254714781696,3,0,3
704708336307064838,3,1,4
704751266807877632,3,0,3
704752686705438720,3,0,3
704802182227296256,3,0,3
704834815770529792,3,1,4
704845743664697344,3,2,5
704888184400838660,3,2,5
705100457539084288,3,5,8
705117134054031360,3,0,3
705148246172278784,3,0,3
705175712337104896,3,1,4
705283251552649216,3,0,3
705522154285064194,3,16,19
705563980882911232,3,0,3
705623408709505026,3,6,9
705765452950016000,3,0,3
705776956936052736,3,30,33
705778718707322880,3,0,3
705789143079518208,3,0,3
705936824280043520,3,0,3
705942578215165952,3,0,3
706133505135276032,3,1,4
706474612255809536,3,0,3
706536702995779584,3,0,3
707009427375652865,3,0,3
707009430727041024,3,0,3
707035567675072514,3,15,18
707036642171756544,3,0,3
707037489517604864,3,29,32
707246777515245572,3,32,35
707292871225962496,3,1,4
707356655680262147,3,1,4
707369266601971712,3,0,3
707389950870822912,3,0,3
707559252014047232,3,0,3
707600682493329408,3,0,3
707625846845087744,3,1,4
707661179796262913,3,0,3
707741792435720193,3,0,3
707762062475141120,3,1,4
707809956381204483,3,1,4
707822119044947968,3,1,4
707918351197048832,3,0,3
708145644238544896,3,11,14
708644222363041793,3,0,3
708645251674742789,3,76,79
708960149348720642,3,0,3
709012438734114816,3,0,3
709080722351517696,3,0,3
709414250226307072,3,1,4
709791286761545728,3,0,3
709897291021344769,3,6,9
710220995890704384,3,4,7
710485113163935745,3,0,3
710529200541671424,3,0,3
710570010205237249,3,0,3
710612252429135872,3,1,4
710634281731809280,3,0,3
710645477671198720,3,5,8
710846422648807424,3,0,3
710954785122471936,3,16,19
710959152168902656,3,21,24
710971457203867650,3,1,4
710983614524231680,3,0,3
711011168752545792,3,0,3
711031928963538945,3,0,3
711081859204124672,3,0,3
711218267721965568,3,0,3
711220906987757568,3,0,3
711433898505412608,3,1,4
711598740457562112,3,21,24
711599596359839744,3,0,3
711661567364837376,3,0,3
711683486713843713,3,0,3
711690542715944960,3,0,3
711748541190950912,3,0,3
711882237558571008,3,0,3
711985124221386752,3,1,4
712030677714259968,3,0,3
712054201124315141,3,1,4
712061740868116480,3,1,4
712122132784816129,3,106,109
712260904595824640,3,0,3
712308791526563843,3,0,3
712340069789650946,3,5,8
712354108292726784,3,0,3
713105281652244481,3,0,3
713235587797397505,3,0,3
713329314670874624,3,15,18
713350794096078848,3,0,3
713397229634117632,3,0,3
713404429387571201,3,4,7
713475644890423296,3,0,3
713507854624428032,3,2,5
713550931972005888,3,0,3
713566453254000645,3,0,3
713687554692747264,3,0,3
713753385820930048,3,13,16
713833849705201664,3,43,46
713852703286378496,3,1,4
713852713671507968,3,0,3
713912415469985792,3,0,3
714010238018400257,3,3,6
714159932371767297,3,0,3
714162987431538692,3,1,4
714168499145412609,3,0,3
714423623390404608,3,2,5
714446717194801152,3,0,3
714474665494913026,3,0,3
714499238403653632,3,1,4
714547220238848000,3,0,3
714573490381307904,3,0,3
714581158038806529,3,1,4
714669126040625155,3,0,3
715305121404424192,3,0,3
715374924588834816,3,0,3
715569766635671552,3,0,3
715604809374572545,3,0,3
715655866586951681,3,0,3
715947060105715712,3,1,4
715952391976148992,3,0,3
716097195460730880,3,0,3
716264917523939328,3,0,3
716354315791835140,3,3,6
716715977241731072,3,0,3
716786943455993856,3,2,5
716844660119965696,3,0,3
717166352935567360,3,1,4
717414106379259906,3,1,4
717528705178931200,3,11,14
717720266655285250,3,8,11
717806964445749248,3,0,3
718244035484381188,3,3,6
718489562952134657,3,0,3
718596096587538433,3,1,4
718685798770585601,3,0,3
718833597290057729,3,0,3
718894633124761605,3,1,4
719191354509688832,3,6,9
719214065000824832,3,0,3
719486769218121728,3,0,3
719522778291052544,3,0,3
719604732478812161,3,0,3
719682498905710592,3,0,3
720182687772897281,3,0,3
720604398771183616,3,0,3
720906534759350272,3,0,3
721125584349372416,3,1,4
721143953282576384,3,2,5
721375713719382016,3,0,3
721481514228158464,3,0,3
721508530637946880,3,0,3
721509611723993088,3,0,3
721572490690957312,3,0,3
721697494158061568,3,33,36
721715690856550401,3,0,3
721732612918616065,3,0,3
721791807538012161,3,0,3
721981861333987329,3,0,3
722083483653443586,3,0,3
722530894460813312,3,0,3
722556277461794817,3,0,3
722589129293242369,3,0,3
722779633763106817,3,0,3
722781325027975168,3,0,3
722973757539799040,3,1,4
722995432989716480,3,1,4
723325522097410048,3,1,4
723494852726513664,3,0,3
723855844388012032,3,0,3
724476282885406720,3,0,3
724630774914260992,3,0,3
724633727599562752,3,0,3
724634877958742016,3,0,3
724650422879817729,3,28,31
724829104810385408,3,0,3
725023746067673089,3,0,3
725046211191918592,3,2,5
725080081429848064,3,4,7
725088912276905985,3,1,4
725161882504450049,3,0,3
725415252926423040,3,0,3
725509684682211328,3,0,3
725753348440346625,3,0,3
725795799179780097,3,0,3
725824782579716096,3,2,5
725911349042139136,3,1,4
725999434983571456,3,0,3
726048318665674753,3,5,8
726578603786264576,3,0,3
726631102698295297,3,0,3
726887262353379328,3,2,5
727484509080289280,3,0,3
727539432086228994,3,0,3
727717899264249856,3,0,3
728294522589990912,3,0,3
728410652033830913,3,0,3
728439834457444353,3,2,5
728789303753515008,3,17,20
729019882688393217,3,0,3
729126730301095936,3,0,3
729160415918358528,3,0,3
729263652038049792,3,0,3
729264281322172416,3,0,3
729451065620357124,3,0,3
729575840850300928,3,0,3
730045020506624000,3,1,4
730098263760736256,3,0,3
730120238478569472,3,0,3
730158278399778817,3,0,3
730835779786813440,3,108,111
730874537659793409,3,0,3
730949484495036416,3,1,4
731149612019519488,3,44,47
731175029170298881,3,0,3
731312316621393920,3,7,10
731369551036854272,3,0,3
731901356890423296,3,0,3
732344638342877184,3,0,3
732719706524819456,3,4,7
732863432018497536,3,0,3
733017033319849985,3,1,4
733348689356292097,3,0,3
733388252355297281,3,104,107
733418258414469121,3,0,3
733716798491648000,3,0,3
733716871581696001,3,0,3
733732355819507712,3,0,3
733835083728191489,3,0,3
734023650937065472,3,0,3
734054024165642241,3,11,14
734100677102821378,3,0,3
734118812681900034,3,0,3
734125502588297216,3,0,3
734130260627820545,3,1,4
734390230489419776,3,0,3
734493599941857280,3,0,3
734904172567400449,3,0,3
734912345491832833,3,1,4
734989885702955008,3,0,3
735172210579628035,3,1,4
735222208243453952,3,0,3
735271875887136768,3,4,7
735542570378530816,3,3,6
735603944315985921,3,0,3
735604175766069248,3,127,130
735628540087918592,3,0,3
736231032899264513,3,0,3
736257481471447041,3,0,3
736385345353338882,3,0,3
736547133445136384,3,0,3
736559237216624640,3,13,16
736615251278475264,3,1,4
736738415400652800,3,3,6
736936337782104065,3,1,4
736994463516614656,3,0,3
737083617076092928,3,0,3
737343224583495684,3,0,3
737412108447420416,3,3,6
737479944914272256,3,0,3
737493002524856321,3,0,3
737691676286816256,3,0,3
737783257568268289,3,1,4
737860490609709056,3,23,26
737868118693924865,3,0,3
737882865057312768,3,2,5
737925276278083584,3,0,3
737995751939313669,3,0,3
738121354000650241,3,0,3
738140839604457474,3,13,16
738194528172003328,3,0,3
738406518652030976,3,0,3
738442325265780736,3,2,5
738467399670878209,3,0,3
738535097704587264,3,19,22
738586335879954433,3,0,3
738792854261276672,3,0,3
738796599070085121,3,0,3
738818571636248577,3,9,12
738836922232111104,3,2,5
738917522930425857,3,0,3
739250210510131200,3,53,56
739354691713241090,3,1,4
739481360721674240,3,41,44
739525417544101888,3,0,3
739728268195037184,3,0,3
739764079498235904,3,5,8
739804789651963904,3,0,3
739811325078016000,3,1,4
739872689649778693,3,0,3
740137843071143937,3,0,3
740196730843607040,3,0,3
740278331539488768,3,0,3
740289632898797568,3,1,4
740321960010227712,3,0,3
740429177585848321,3,1,4
740945275364114432,3,14,17
740962683982385152,3,0,3
741050776735227904,3,0,3
741280190819504129,3,3,6
741356324932358144,3,1,4
741402389220102144,3,1,4
741443016695644160,3,0,3
741478816875307009,3,0,3
741490002136313856,3,0,3
741845571401617408,3,0,3
741864891879817217,3,1,4
742038999515037696,3,0,3
742040696450867201,3,0,3
742127580665384960,3,0,3
742172961155620864,3,0,3
742325337346957312,3,0,3
742427350520860672,3,0,3
742501729845936129,3,16,19
742548165459513345,3,0,3
742661867336806401,3,0,3
742800528984412160,3,0,3
742801996231675904,3,0,3
742977914866683904,3,16,19
743072152388149252,3,0,3
743142788284317697,3,0,3
743194758101688322,3,44,47
743212756078309380,3,0,3
743221434651119617,3,0,3
743298132025303041,3,0,3
743405733451030528,3,8,11
743498039713636352,3,0,3
743514594640027648,3,0,3
743853218816495616,3,2,5
743923234676998144,3,1,4
743953883354046464,3,0,3
743978149831122944,3,0,3
743997747175424000,3,0,3
744128630532485120,3,0,3
744165379354791936,3,0,3
744207713350070272,3,0,3
744359248100917248,3,0,3
744760974066876417,3,0,3
744869633912606720,3,0,3
744985205375700993,3,2,5
744986072963129344,3,1,4
745046407887740929,3,0,3
745277724021841921,3,0,3
745303368541806592,3,29,32
745426887015440384,3,0,3
745775093318459393,3,0,3
745832762049957889,3,0,3
745956465148628992,3,3,6
746005761927548929,3,0,3
746345670664151040,3,0,3
746401230826639360,3,0,3
746490021771907072,3,0,3
746660908294778880,3,0,3
746676091100626944,3,0,3
746718400492277760,3,2,5
746723111354179584,3,0,3
746859168137502720,3,0,3
746894132526878720,3,0,3
746894357022662657,3,2,5
747176044285747200,3,0,3
747299850916552705,3,0,3
747421727949365248,3,0,3
747428149483405312,3,1,4
747525087620907008,3,0,3
748000389258149888,3,0,3
748024260317286400,3,0,3
748106510354382848,3,1,4
748668424939659264,3,0,3
748788157471084549,3,1,4
748913205540302850,3,0,3
749065082382848000,3,0,3
749302377010847744,3,0,3
749643861509574656,3,2,5
749787476944883718,3,0,3
749894094453899264,3,0,3
749983699408674816,3,1,4
750016394066923520,3,0,3
750101941007618048,3,0,3
750108722526056449,3,1,4
750153260560965632,3,1,4
750400807330250752,3,1,4
750407410045431808,3,0,3
750432532320096256,3,0,3
750738264756137985,3,1,4
750928926214619136,3,0,3
751028658605813760,3,0,3
751267578715074561,3,0,3
751401081238794240,3,1,4
751443907372736512,3,2,5
751543037986271232,3,0,3
751742652677103617,3,0,3
751945168975228932,3,0,3
751966340831965185,3,0,3
752075667483684865,3,0,3
752170662865858560,3,0,3
752199235962036224,3,0,3
752591810598412288,3,0,3
752662933264429056,3,0,3
752677597180375041,3,0,3
752702428433166336,3,3,6
752746652671283200,3,3,6
753011048324689920,3,17,20
753044398267445248,3,0,3
753219410576416769,3,1,4
753316626838196224,3,0,3
753322826678013953,3,7,10
753383970092425217,3,1,4
753401656239271936,3,0,3
753499934578597888,3,4,7
753738680351600640,3,0,3
753933453427613696,3,3,6
754098847748464640,3,0,3
754160975255838720,3,0,3
754238363138424832,3,0,3
754246244239863808,3,5,8
754312016639164416,3,0,3
754338675597594624,3,0,3
754342665324367876,3,0,3
754393866464296960,3,0,3
754428509213302784,3,2,5
754521150399586304,3,0,3
754563835093221376,3,0,3
754597015594553348,3,0,3
754746185747804160,3,0,3
755077937733439492,3,0,3
755168734466215936,3,6,9
755203640764301312,3,0,3
755230484494295040,3,0,3
755308239407943680,3,0,3
755370798219689984,3,1,4
755385559409909760,3,0,3
755461613516226560,3,0,3
755571469879476225,3,0,3
755701176851632128,3,0,3
755888297352790016,3,0,3
755915774498177024,3,1,4
755948118462468097,3,1,4
756154110391545856,3,0,3
756193181180366849,3,0,3
756232092430794752,3,0,3
756257202831233024,3,0,3
756275639141924864,3,1,4
756347715299209216,3,0,3
756351406681034752,3,0,3
756380983398662144,3,0,3
756381165053943808,3,0,3
756385161193918464,3,0,3
756389570137165824,3,1,4
756392439552901120,3,0,3
756396971980644352,3,0,3
756397464421339136,3,0,3
756399596511891456,3,0,3
756405668467372032,3,0,3
756631433016438790,3,0,3
756684144453701632,3,0,3
756690171412766720,3,0,3
756710378801885185,3,0,3
756826936395964416,3,0,3
756856854156836865,3,0,3
756923875867242497,3,0,3
756939390404874241,3,0,3
757023279383138304,3,0,3
757055197017313280,3,0,3
757198786003361792,3,0,3
757247118700609536,3,2,5
757305136708481024,3,2,5
757307771587010560,3,0,3
757355300571717633,3,0,3
757602962415886336,3,10,13
757630455025954816,3,0,3
757661521266835457,3,3,6
757673493915922433,3,1,4
757684768649601025,3,0,3
757733801879535616,3,0,3
757797862516203521,3,18,21
757935625114783746,3,0,3
757967650689540096,3,3,6
757991526156890112,3,0,3
758004253449486336,3,5,8
758012614685429760,3,0,3
758064872537985024,3,1,4
758101404363862016,3,0,3
758223532648239104,3,0,3
758246909513433092,3,1,4
758360548522143744,3,0,3
758406682707886081,3,0,3
758435843887554561,3,0,3
758679087900614657,3,0,3
758805315718557700,3,0,3
758861872581926912,3,29,32
758865375953956864,3,2,5
758867084772114433,3,0,3
759003865589002240,3,1,4
759149573692596224,3,0,3
759178786424225792,3,0,3
759318430847758340,3,0,3
759394105369722880,3,0,3
759433750904266752,3,3,6
759455310541127680,3,0,3
759497026270736384,3,0,3
759589670195957760,3,0,3
759716837701464068,3,0,3
759779884923322368,3,0,3
759784753616805888,3,0,3
759798898533675008,3,7,10
759847041396645888,3,0,3
759853918549446656,3,1,4
759872687867060224,3,0,3
759896731320541184,3,3,6
759902410668056577,3,19,22
759932398595284993,3,3,6
759941764505493504,3,0,3
760047169009254400,3,46,49
760096466782212097,3,0,3
760135575202590720,3,0,3
760137451964919808,3,1,4
760221296810569728,3,2,5
760231494904229889,3,0,3
760594313868742656,3,0,3
760613611576451072,3,1,4
760788446529085440,3,0,3
760848048520060928,3,0,3
761287190563266560,3,0,3
761603321232633856,3,0,3
761619242521243648,3,0,3
761667444519931906,3,3,6
762024240384208896,3,0,3
762039856830689280,3,0,3
762062269979164672,3,7,10
762084834864877568,3,0,3
762241888300695552,3,0,3
762261491823280128,3,0,3
762273770832744452,3,2,5
762346591923605505,3,0,3
762367531231227904,3,0,3
762377149567283202,3,0,3
762428643494629376,3,0,3
762471271502192640,3,0,3
762617061012975616,3,7,10
762635870855757824,3,1,4
762764947113771008,3,5,8
762827563395784704,3,0,3
763053819580321792,3,0,3
763097279364497409,3,0,3
763166999518130176,3,0,3
763380447409741828,3,0,3
763461345148895232,3,0,3
763505467159183360,3,0,3
763530940228435969,3,1,4
763557177923481600,3,0,3
763760957671759872,3,0,3
763765398537900033,3,0,3
763873055877857280,3,0,3
763886973316501507,3,0,3
763892595600654336,3,0,3
763953918808162306,3,0,3
763963404369350656,3,0,3
764082220848013312,3,0,3
764142620503179264,3,0,3
764180531563028480,3,1,4
764194873662550016,3,1,4
764200486048305153,3,1,4
764240340505079808,3,0,3
764308495529226240,3,0,3
764429063595421696,3,1,4
764468968497225728,3,0,3
764575787412402176,3,0,3
764583288405012480,3,0,3
764676466101682176,3,0,3
764714474741858304,3,0,3
764777672060837888,3,0,3
764950242244648960,3,15,18
764969396141948928,3,0,3
765228907394060288,3,0,3
765353567477702657,3,12,15
765643006988853249,3,0,3
765685015841832962,3,0,3
766080357124939777,3,0,3
766110303776112640,3,0,3
766283464903626752,3,0,3
766425231225421824,3,0,3
766467948294922241,3,0,3
766760916083933184,3,8,11
766780675630436353,3,0,3
766800621466902529,3,0,3
766836784038752258,3,1,4
766964968457576448,3,0,3
767050509203169280,3,0,3
767063633977376768,3,0,3
767470705839452160,3,1,4
767498564444585984,3,0,3
767577144167890944,3,1,4
767580303892230144,3,0,3
767582797162745856,3,0,3
767614490389065728,3,0,3
767773915493957632,3,0,3
767817087536406528,3,1,4
767880722157895680,3,9,12
767898759594438657,3,0,3
767943502500167681,3,0,3
768075792173588485,3,0,3
768106438979911680,3,0,3
768516522818015232,3,0,3
768658696838668288,3,0,3
768905166980603904,3,1,4
768913656578912256,3,0,3
768964625685737472,3,0,3
769127718428504064,3,0,3
769354608216977412,3,0,3
769383036186165248,3,0,3
769618891362406402,3,0,3
769692950947332096,3,0,3
769927669634990081,3,0,3
770200467615789056,3,0,3
770310993184493568,3,1,4
770428302091624448,3,0,3
770691553211850752,3,0,3
771410409572139008,3,0,3
771410903065464833,3,0,3
771760514909241345,3,0,3
771777988014866432,3,1,4
772067238211907584,3,0,3
772138523176603649,3,0,3
772179136618045446,3,0,3
772359604516728832,3,0,3
772433064802877440,3,0,3
772563917457412096,3,0,3
772810986176835584,3,0,3
773032094809329664,3,0,3
773520163396325377,3,0,3
773592788097196032,3,0,3
773656709067923456,3,0,3
773679115618615297,3,1,4
773681774199275520,3,0,3
773685190002704385,3,2,5
773792075586363392,3,3,6
773952818755538945,3,0,3
773969607849902080,3,0,3
774229183043993600,3,0,3
774342246141464576,3,0,3
774962934497718273,3,0,3
775286842383933440,3,0,3
775307910813323267,3,1,4
775349464160698368,3,0,3
775534144050823169,3,3,6
775684735825829888,3,0,3
775784434553413632,3,0,3
776056461432528896,3,0,3
776268522225741824,3,51,54
776278236149981184,3,0,3
776379328439394304,3,0,3
776470621261737984,3,3,6
776560861867573248,3,8,11
776605869987409921,3,0,3
776798553784156160,3,1,4
776802395128987648,3,0,3
777129077916463104,3,0,3
777154457603829760,3,6,9
777216500906201089,3,0,3
777519376295600133,3,0,3
777540763924267010,3,0,3
777549182001418240,3,0,3
777703938019569668,3,0,3
777903356706717697,3,0,3
777985007143051264,3,0,3
778009789821546496,3,0,3
778075346834817024,3,0,3
778118186835316736,3,0,3
778269416240930825,3,0,3
778408440397959172,3,0,3
778446542357172224,3,3,6
778556503057797120,3,0,3
778732570225709056,3,0,3
778958381230936064,3,0,3
778997275045625856,3,0,3
779071968763011072,3,1,4
779081886408728576,3,0,3
779661297927483392,3,0,3
779665373494771713,3,0,3
779691335125045248,3,0,3
779889853806759936,3,1,4
779944411706732544,3,0,3
780215621367767040,3,12,15
780438816834277376,3,0,3
780493491184992256,3,0,3
780537271350984704,3,0,3
780541841980530688,3,0,3
780549574070898689,3,8,11
780570101200277504,3,0,3
780582083257180160,3,2,5
780599276426498048,3,0,3
780602350352293888,3,0,3
780605917335134209,3,1,4
780649087846658048,3,0,3
780882110730993664,3,0,3
780917423390228480,3,0,3
781125345667715072,3,0,3
781250109556289536,3,0,3
781351388156686336,3,0,3
781360633933500416,3,0,3
781414038316154880,3,0,3
781536160451624960,3,2,5
781561925469626369,3,0,3
781664012840865792,3,1,4
781696733990555648,3,1,4
781911014690451456,3,1,4
782035872812261376,3,1,4
782056326872522756,3,0,3
782085691408805888,3,0,3
782241079550541824,3,0,3
782265822077153280,3,0,3
782595938208608257,3,0,3
782636289505931264,3,0,3
782696393005682688,3,3,6
783087067270041600,3,1,4
783114940164870144,3,0,3
783369392688168960,3,1,4
783497532672466944,3,1,4
783645736818839556,3,0,3
783673225792192512,3,0,3
784113893329162240,3,0,3
784197763340890112,3,0,3
784256305619832832,3,0,3
784428232703606786,3,0,3
784449123282018304,3,0,3
784467315039481857,3,0,3
784561902672314368,3,0,3
784570388705583104,3,1,4
784574136781766656,3,0,3
784632679027372036,3,0,3
784748490773569536,3,0,3
784775999720452097,3,0,3
784859078400937984,3,0,3
784870887505989632,3,0,3
784888965442654209,3,0,3
784899737765896192,3,3,6
784907818713350144,3,2,5
784934429592399873,3,2,5
784937228212600833,3,0,3
784947431729405952,3,0,3
785184167680176128,3,0,3
785191002088898562,3,5,8
785216058483408896,3,0,3
785232405212692480,3,0,3
785313443847008256,3,4,7
785440303423582208,3,0,3
785487360075128832,3,0,3
785508927224025092,3,0,3
785620318454882304,3,0,3
785644955779862528,3,0,3
785699553005547521,3,0,3
785700289055690752,3,0,3
785755584385515520,3,0,3
785880302254116865,3,0,3
785891472604135424,3,0,3
785898168110067713,3,0,3
785913713349885952,3,0,3
786161261297926144,3,2,5
786395628326703104,3,0,3
786511678808715264,3,0,3
786512715791478784,3,0,3
786562414154174464,3,0,3
786607708514488320,3,0,3
786789110060941312,3,0,3
786980321455706116,3,0,3
786987056874479617,3,0,3
787038984627073024,3,0,3
787044949225111552,3,0,3
787062962234077184,3,0,3
787113250341158912,3,0,3
787184238231625729,3,0,3
787240838250262528,3,0,3
787309085360132097,3,0,3
787347488797777921,3,0,3
787366711997698048,3,0,3
787458864849584128,3,0,3
787551653222318114,3,0,3
787571104546189312,3,0,3
787734022201888768,3,0,3
787788300241076224,3,0,3
787793422337904640,3,0,3
787826803041771520,3,0,3
787827420355330048,3,0,3
787833984977932288,3,3,6
787891269599105024,3,0,3
787991535585521665,3,0,3
788028041473748992,3,0,3
788038840237686785,3,0,3
788070599016980480,3,0,3
788117956077182976,3,0,3
788160526706700289,3,0,3
788198831292682240,3,0,3
788212417994059776,3,0,3
788358746783281152,3,0,3
788496201549123584,3,0,3
788515207064715264,3,0,3
788751572410900481,3,0,3
788799770252996610,3,0,3
788834594292281344,3,0,3
788855958541860864,3,1,4
789014232885059584,3,0,3
789283035107647488,3,0,3
789288619148058624,3,2,5
789405911685009408,3,4,7
789454157652561922,3,0,3
789545263249620992,3,2,5
789589927277105152,3,0,3
789660848881012736,3,0,3
789694219338194944,3,0,3
789808347616649216,3,0,3
789825792414879744,3,0,3
789860030875045888,3,0,3
789862076411842560,3,0,3
789949481865338880,3,0,3
790042291352240128,3,0,3
790125435988369408,3,0,3
790181445125877760,3,0,3
790208018252169216,3,0,3
790212813700657152,3,0,3
790219722310639616,3,0,3
790503431597334529,3,3,6
790718159783354368,3,0,3
790744747908272128,3,0,3
790955246126104576,3,0,3
791178104735662080,3,0,3
791297364875108353,3,0,3
791326353954004992,3,0,3
791334937098129412,3,0,3
791346231192739844,3,0,3
791397434500931584,3,0,3
791453202227073024,3,0,3
791668686084050946,3,0,3
791704575958982656,3,0,3
791755727467601920,3,6,9
791814139240812544,3,0,3
791992688933478400,3,0,3
792007820782673921,3,0,3
792142625247748096,3,0,3
792143893001302016,3,0,3
792156552090255360,3,0,3
792208136178249728,3,0,3
792212734792261632,3,0,3
792221883143970816,3,0,3
792455185843060738,3,0,3
792618388136796160,3,0,3
792740064203771904,3,1,4
792796887204192256,3,0,3
792861470828613632,3,0,3
792880491775008768,3,0,3
793192935588257792,3,0,3
793233817968476161,3,1,4
793693038153461760,3,0,3
793856464007888896,3,0,3
793875861615185920,3,0,3
793983428110610432,3,0,3
794010075824148482,3,0,3
794229472224387072,3,0,3
794250065971920896,3,0,3
794251425933099015,3,0,3
794262386547032072,3,0,3
794519048109191170,3,0,3
794524384111136768,3,0,3
794578634048536576,3,0,3
794584127399981057,3,0,3
794629155069579268,3,2,5
795121474017382400,3,0,3
795260819604905984,3,0,3
795319692709793792,3,0,3
795381069709266945,3,0,3
795634687775379456,3,0,3
795743566555389952,3,0,3
795788956176617472,3,0,3
796109949764042752,3,2,5
796335679269642241,3,0,3
796353452976680960,3,2,5
796373539297165313,3,0,3
796384012663160832,3,0,3
796389416600211457,3,0,3
796487091584569344,3,0,3
796510482509209600,3,1,4
796528918148874242,3,0,3
796563942063669248,3,1,4
796597837878398976,3,1,4
796728935815979009,3,0,3
796735697331912704,3,0,3
796775807855099904,3,0,3
796821918296870912,3,5,8
796834428735590400,3,4,7
796884238398320640,3,0,3
796907827063386112,3,0,3
796922303296794624,3,0,3
796943978184654848,3,0,3
797101701304123392,3,0,3
797154135934124032,3,0,3
797177575940517888,3,0,3
797722242390097920,3,0,3
797736295703285760,3,0,3
797889239627268096,3,0,3
797942482076135425,3,0,3
797982486294827009,3,0,3
798150875332145154,3,0,3
798186732575334400,3,0,3
798192343115403264,3,0,3
798227198729654272,3,1,4
798274320241922048,3,0,3
798315314840739840,3,0,3
798354569419886592,3,0,3
798368054698643457,3,2,5
798500345391390722,3,0,3
798655662259634176,3,0,3
798863200070549505,3,0,3
799015416760860672,3,0,3
799028641086615552,3,13,16
799593325040955393,3,0,3
801112734364532740,3,18,21
801136233695051776,3,3,6
802347323200126976,3,0,3
803673835820220417,3,1,4
804945230323740672,3,14,17
805439366558412800,3,0,3
805929257486712833,3,0,3
807709443383324672,3,0,3
808627157513617409,3,0,3
811337232606892032,3,0,3
767,2,5,7
10980,2,1,3
78213,2,7,9
246103,2,24,26
607093,2,10,12
666913,2,6,8
717133,2,11,13
766658,2,2,4
799297,2,0,2
912311,2,2,4
957911,2,1,3
1010181,2,4,6
1337271,2,6,8
1402021,2,1,3
1506301,2,7,9
1520501,2,16,18
1709701,2,2,4
2038811,2,6,8
2392291,2,57,59
2725351,2,0,2
3015371,2,4,6
3172611,2,1,3
3662331,2,3,5
3850651,2,4,6
4529151,2,24,26
5424492,2,10,12
5433512,2,2,4
5513002,2,14,16
5799722,2,6,8
5998782,2,1,3
6370012,2,0,2
6429502,2,4,6
6460122,2,5,7
6547392,2,2,4
6634632,2,3,5
6792482,2,1,3
6799592,2,0,2
6836432,2,1,3
7181672,2,1,3
7232262,2,1,3
7259302,2,7,9
7301112,2,1,3
7352532,2,1,3
7358142,2,0,2
7380362,2,3,5
7509582,2,2,4
7621902,2,5,7
7673682,2,2,4
7729582,2,5,7
7953342,2,0,2
8024802,2,1,3
8044752,2,0,2
8145252,2,129,131
8220582,2,8,10
8417312,2,3,5
8440522,2,0,2
8474032,2,5,7
8835722,2,6,8
8941562,2,14,16
9045822,2,1,3
9614422,2,6,8
9620742,2,0,2
9700022,2,4,6
10118982,2,6,8
10191202,2,0,2
10296692,2,8,10
10306252,2,1,3
10825952,2,2,4
10909702,2,0,2
11314672,2,0,2
11329892,2,0,2
11392232,2,0,2
11586452,2,1,3
11592952,2,0,2
11839212,2,0,2
11922782,2,0,2
11972192,2,0,2
11994002,2,12,14
11999982,2,6,8
12072102,2,6,8
12073782,2,4,6
12096202,2,6,8
12233212,2,7,9
12253342,2,0,2
12434632,2,5,7
12470902,2,9,11
12498702,2,15,17
12621492,2,0,2
12681982,2,0,2
13028772,2,6,8
13431442,2,0,2
13450262,2,8,10
13693282,2,0,2
13821862,2,1,3
13932122,2,1,3
14051384,2,1,3
14053627,2,0,2
14065803,2,8,10
14066139,2,5,7
14090873,2,7,9
14098909,2,8,10
14103828,2,1,3
14107163,2,0,2
14118094,2,7,9
14130640,2,5,7
14146270,2,0,2
14149882,2,0,2
14174933,2,2,4
14184603,2,3,5
14190796,2,0,2
14190948,2,3,5
14192329,2,10,12
14230012,2,8,10
14254343,2,2,4
14276654,2,6,8
14285065,2,12,14
14286155,2,2,4
14297041,2,6,8
14313898,2,0,2
14314815,2,5,7
14327678,2,0,2
14346260,2,0,2
14358152,2,9,11
14365762,2,1,3
14397496,2,6,8
14412533,2,4,6
14445681,2,0,2
14457021,2,163,165
14491975,2,33,35
14503587,2,0,2
14511663,2,1,3
14534382,2,8,10
14535211,2,2,4
14549486,2,36,38
14574951,2,0,2
14577594,2,4,6
14589340,2,1,3
14608764,2,57,59
14610604,2,3,5
14616610,2,12,14
14617758,2,8,10
14622340,2,0,2
14633875,2,2,4
14638113,2,12,14
14691845,2,21,23
14700902,2,17,19
14711395,2,2,4
14727120,2,3,5
14736868,2,8,10
14764691,2,1,3
14780417,2,0,2
14789146,2,20,22
14793505,2,3,5
14805088,2,0,2
14813141,2,163,165
14815420,2,9,11
14838041,2,3,5
14860855,2,2,4
14869615,2,1,3
14873767,2,0,2
14886787,2,6,8
14904769,2,2,4
14921341,2,2,4
14944622,2,0,2
14973204,2,13,15
14974901,2,1,3
14975793,2,3,5
14987880,2,40,42
15069354,2,0,2
15069435,2,1,3
15075933,2,3,5
15103682,2,1,3
15104704,2,22,24
15150378,2,3,5
15150453,2,7,9
15179510,2,3,5
15219299,2,0,2
15232432,2,1,3
15232506,2,8,10
15235784,2,1,3
15245653,2,1,3
15255734,2,0,2
15264675,2,16,18
15275791,2,0,2
15281410,2,7,9
15314194,2,1,3
15328052,2,9,11
15330934,2,0,2
15339275,2,0,2
15344620,2,0,2
15374394,2,2,4
15382034,2,1,3
15383021,2,17,19
15407637,2,2,4
15432028,2,1,3
15436436,2,2,4
15453154,2,0,2
15454957,2,3,5
15456464,2,0,2
15463671,2,4,6
15485272,2,7,9
15502401,2,5,7
15505525,2,0,2
15522566,2,12,14
15523531,2,1,3
15524636,2,0,2
15567945,2,13,15
15569348,2,0,2
15576928,2,13,15
15581211,2,3,5
15582291,2,0,2
15590010,2,5,7
15594535,2,0,2
15628702,2,0,2
15642820,2,0,2
15665455,2,0,2
15665517,2,2,4
15680413,2,0,2
15699770,2,0,2
15710668,2,0,2
15728100,2,0,2
15728396,2,0,2
15739391,2,8,10
15770843,2,56,58
15771631,2,0,2
15778433,2,0,2
15781594,2,9,11
15788621,2,1,3
15792110,2,0,2
15801584,2,3,5
15823471,2,1,3
15842984,2,16,18
15845192,2,19,21
15878034,2,18,20
15891234,2,0,2
15893354,2,2,4
15906188,2,11,13
15913402,2,0,2
15920162,2,0,2
15928958,2,0,2
15930465,2,0,2
15974151,2,0,2
15974675,2,2,4
15982476,2,1,3
15988753,2,0,2
15993471,2,11,13
15999260,2,12,14
16019408,2,1,3
16022366,2,1,3
16031631,2,2,4
16031640,2,40,42
16033426,2,0,2
16036710,2,0,2
16037293,2,0,2
16049979,2,24,26
16074341,2,5,7
16074587,2,12,14
16080737,2,0,2
16083327,2,2,4
16106306,2,15,17
16162149,2,8,10
16163716,2,19,21
16193222,2,11,13
16205677,2,7,9
16207341,2,4,6
16225571,2,3,5
16235283,2,67,69
16266914,2,12,14
16267432,2,1,3
16300083,2,5,7
16300297,2,70,72
16308424,2,2,4
16341827,2,0,2
16345752,2,4,6
16351005,2,4,6
16359303,2,14,16
16377959,2,3,5
16384628,2,49,51
16411908,2,28,30
16419807,2,1,3
16438548,2,2,4
16439494,2,10,12
16440115,2,3,5
16454753,2,3,5
16456733,2,0,2
16470445,2,1,3
16475634,2,0,2
16480645,2,5,7
16480825,2,0,2
16483007,2,0,2
16488947,2,3,5
16492548,2,0,2
16495147,2,9,11
16496667,2,0,2
16498728,2,0,2
16501803,2,0,2
16501857,2,4,6
16504074,2,7,9
16505174,2,5,7
16505927,2,0,2
16508954,2,2,4
16513819,2,0,2
16522120,2,8,10
16540192,2,5,7
16541214,2,11,13
16554283,2,0,2
16561294,2,0,2
16563141,2,58,60
16565035,2,9,11
16570399,2,20,22
16618278,2,14,16
16634962,2,1,3
16640481,2,0,2
16640857,2,0,2
16645452,2,4,6
16646176,2,2,4
16661097,2,30,32
16661756,2,7,9
16676983,2,2,4
16684261,2,0,2
16712999,2,3,5
16719912,2,0,2
16729308,2,1,3
16750845,2,2,4
16755215,2,4,6
16790377,2,5,7
16855888,2,1,3
16860135,2,3,5
16873057,2,0,2
16874038,2,0,2
16940246,2,5,7
16943465,2,9,11
16948493,2,3,5
16953893,2,1,3
16960221,2,0,2
16975896,2,5,7
16986424,2,4,6
16988085,2,0,2
17008495,2,1,3
17011811,2,0,2
17023049,2,12,14
17060185,2,0,2
17072698,2,1,3
17079682,2,2,4
17121424,2,0,2
17137640,2,0,2
17142238,2,0,2
17147223,2,4,6
17164664,2,14,16
17170855,2,0,2
17172818,2,2,4
17208347,2,0,2
17209415,2,4,6
17220122,2,1,3
17243703,2,11,13
17265123,2,1,3
17285969,2,6,8
17296185,2,4,6
17296372,2,0,2
17313731,2,2,4
17316061,2,5,7
17327796,2,14,16
17333216,2,3,5
17352229,2,0,2
17355357,2,3,5
17372211,2,0,2
17393532,2,8,10
17419311,2,0,2
17425088,2,1,3
17428815,2,0,2
17435315,2,0,2
17447560,2,0,2
17449988,2,6,8
17452271,2,6,8
17452552,2,4,6
17465253,2,1,3
17486195,2,0,2
17489079,2,3,5
17495574,2,20,22
17514357,2,0,2
17523962,2,2,4
17539069,2,0,2
17544926,2,0,2
17567828,2,19,21
17594634,2,8,10
17626959,2,9,11
17627395,2,4,6
17631056,2,19,21
17639126,2,0,2
17675379,2,0,2
17685757,2,3,5
17695578,2,0,2
17696994,2,3,5
17727352,2,5,7
17730875,2,3,5
17737614,2,6,8
17757577,2,0,2
17757689,2,0,2
17763481,2,0,2
17776804,2,0,2
17794636,2,3,5
17816173,2,1,3
17840038,2,0,2
17844694,2,0,2
17845574,2,0,2
17873593,2,0,2
17882594,2,4,6
17889192,2,1,3
17889609,2,0,2
17890360,2,1,3
17893073,2,3,5
17920623,2,0,2
17923392,2,3,5
17926842,2,7,9
17961176,2,0,2
18006911,2,0,2
18023470,2,0,2
18027198,2,0,2
18057736,2,0,2
18067886,2,4,6
18082273,2,0,2
18087548,2,0,2
18100552,2,67,69
18124790,2,7,9
18129633,2,8,10
18149302,2,0,2
18174404,2,0,2
18197729,2,0,2
18201787,2,20,22
18237772,2,8,10
18239308,2,2,4
18253601,2,21,23
18256552,2,7,9
18259055,2,0,2
18261628,2,6,8
18309489,2,1,3
18320938,2,18,20
18346062,2,2,4
18363234,2,0,2
18404425,2,0,2
18409540,2,3,5
18429249,2,0,2
18443986,2,2,4
18444831,2,0,2
18450286,2,1,3
18464705,2,0,2
18469492,2,0,2
18469780,2,0,2
18495745,2,11,13
18527116,2,0,2
18527971,2,1,3
18534622,2,54,56
18571798,2,0,2
18609824,2,0,2
18648299,2,3,5
18684946,2,10,12
18697843,2,1,3
18711934,2,4,6
18731863,2,0,2
18749172,2,53,55
18757892,2,8,10
18783373,2,19,21
18793241,2,2,4
18825339,2,9,11
18853059,2,0,2
18860792,2,0,2
18870596,2,25,27
18871731,2,1,3
18882655,2,0,2
18882704,2,1,3
18930386,2,1,3
18932608,2,0,2
18969508,2,3,5
18972560,2,0,2
18983988,2,5,7
19016767,2,2,4
19066258,2,0,2
19066975,2,0,2
19098412,2,8,10
19132700,2,9,11
19148503,2,11,13
19175078,2,0,2
19210688,2,0,2
19213966,2,0,2
19220761,2,0,2
19235847,2,0,2
19241544,2,0,2
19261442,2,2,4
19270274,2,14,16
19271211,2,4,6
19277206,2,0,2
19301877,2,0,2
19304713,2,9,11
19328311,2,2,4
19359332,2,0,2
19381085,2,2,4
19414396,2,0,2
19434568,2,6,8
19447498,2,30,32
19450163,2,4,6
19476379,2,0,2
19480787,2,1,3
19490385,2,0,2
19502521,2,0,2
19531282,2,0,2
19542622,2,1,3
19555923,2,0,2
19556943,2,34,36
19570075,2,0,2
19591755,2,2,4
19616818,2,3,5
19648893,2,6,8
19653756,2,9,11
19655223,2,2,4
19665701,2,7,9
19670199,2,0,2
19683903,2,2,4
19687335,2,8,10
19708258,2,3,5
19709405,2,0,2
19719897,2,0,2
19792329,2,13,15
19793718,2,9,11
19796634,2,1,3
19829556,2,0,2
19829868,2,8,10
19852413,2,0,2
19915883,2,31,33
19937350,2,11,13
19968779,2,0,2
19997235,2,0,2
20013536,2,17,19
20015012,2,7,9
20017902,2,2,4
20025680,2,2,4
20040915,2,1,3
20083388,2,2,4
20105334,2,0,2
20118327,2,0,2
20125105,2,1,3
20159240,2,0,2
20211023,2,16,18
20220628,2,0,2
20230811,2,1,3
20250840,2,0,2
20283294,2,2,4
20325951,2,4,6
20334113,2,2,4
20337612,2,1,3
20365947,2,0,2
20382472,2,2,4
20399843,2,0,2
20400847,2,0,2
20407560,2,7,9
20416371,2,0,2
20446073,2,1,3
20466483,2,2,4
20484064,2,4,6
20523223,2,0,2
20552958,2,0,2
20557204,2,2,4
20616741,2,3,5
20630125,2,0,2
20641983,2,11,13
20654315,2,0,2
20657733,2,0,2
20678488,2,0,2
20698136,2,7,9
20750084,2,0,2
20770921,2,11,13
20779973,2,0,2
20819456,2,2,4
20863949,2,0,2
20873152,2,0,2
20880227,2,0,2
20926610,2,0,2
20927246,2,0,2
20950220,2,0,2
20954907,2,5,7
20961162,2,6,8
20967126,2,11,13
21030701,2,1,3
21043872,2,21,23
21057665,2,1,3
21066156,2,2,4
21094901,2,8,10
21114843,2,1,3
21126461,2,2,4
21156319,2,1,3
21157496,2,0,2
21166646,2,1,3
21168184,2,5,7
21185672,2,0,2
21252062,2,0,2
21341136,2,1,3
21352349,2,26,28
21355917,2,0,2
21378826,2,0,2
21380185,2,6,8
21420388,2,0,2
21436718,2,0,2
21437892,2,15,17
21482462,2,9,11
21502998,2,0,2
21510246,2,0,2
21523154,2,1,3
21527720,2,15,17
21529233,2,0,2
21567842,2,16,18
21632362,2,1,3
21701510,2,1,3
21701893,2,0,2
21702005,2,1,3
21776462,2,2,4
21791254,2,1,3
21811025,2,77,79
21836683,2,3,5
21859823,2,19,21
21889372,2,0,2
21891644,2,0,2
21918526,2,1,3
21936124,2,0,2
21939876,2,0,2
21974005,2,1,3
22002428,2,0,2
22015760,2,2,4
22037626,2,1,3
22052271,2,1,3
22069437,2,0,2
22082801,2,3,5
22095997,2,9,11
22100294,2,1,3
22102626,2,0,2
22112812,2,33,35
22132563,2,0,2
22135526,2,0,2
22191111,2,0,2
22191892,2,0,2
22208079,2,1,3
22217391,2,0,2
22225649,2,7,9
22241659,2,0,2
22264896,2,1,3
22272027,2,0,2
22272119,2,0,2
22298974,2,0,2
22359597,2,1,3
22361385,2,2,4
22373938,2,0,2
22381552,2,41,43
22391697,2,7,9
22411682,2,7,9
22427133,2,5,7
22436200,2,1,3
22438370,2,0,2
22449800,2,1,3
22454663,2,56,58
22491678,2,1,3
22510084,2,0,2
22519674,2,0,2
22524932,2,1,3
22550730,2,0,2
22554389,2,11,13
22582096,2,8,10
22584755,2,7,9
22636966,2,0,2
22658326,2,20,22
22659659,2,0,2
22689076,2,0,2
22693066,2,0,2
22694791,2,0,2
22716810,2,1,3
22719579,2,0,2
22725846,2,0,2
22730293,2,4,6
22754163,2,5,7
22787172,2,0,2
22788127,2,2,4
22790079,2,0,2
22797991,2,0,2
22813666,2,0,2
22814381,2,8,10
22837004,2,2,4
22866347,2,1,3
22874660,2,0,2
22879254,2,5,7
22899978,2,0,2
22909879,2,0,2
22954683,2,3,5
22957748,2,19,21
22961333,2,4,6
22985033,2,2,4
22988800,2,2,4
23015458,2,18,20
23017830,2,6,8
23019284,2,0,2
23024214,2,0,2
23091876,2,0,2
23094875,2,36,38
23118511,2,51,53
23138621,2,1,3
23140412,2,16,18
23166750,2,10,12
23201655,2,0,2
23205372,2,14,16
23214900,2,0,2
23233309,2,0,2
23237571,2,0,2
23249152,2,0,2
23268858,2,0,2
23295013,2,4,6
23302870,2,0,2
23318600,2,13,15
23326668,2,132,134
23333469,2,0,2
23374284,2,0,2
23394574,2,0,2
23401684,2,0,2
23418450,2,0,2
23432327,2,0,2
23434686,2,1,3
23468714,2,15,17
23480929,2,3,5
23512407,2,0,2
23533955,2,108,110
23556562,2,4,6
23567394,2,0,2
23595987,2,0,2
23619366,2,11,13
23642307,2,0,2
23679172,2,0,2
23745304,2,36,38
23757335,2,1,3
23759670,2,0,2
23876551,2,0,2
23900201,2,0,2
23903501,2,0,2
23923340,2,0,2
23930673,2,10,12
23935607,2,5,7
23960476,2,39,41
24003640,2,1,3
24031034,2,1,3
24038849,2,0,2
24058650,2,0,2
24084962,2,0,2
24177856,2,2,4
24193289,2,9,11
24199481,2,0,2
24225002,2,0,2
24253651,2,0,2
24278162,2,5,7
24313531,2,0,2
24320608,2,0,2
24323837,2,13,15
24341390,2,0,2
24384295,2,1,3
24395289,2,0,2
24403880,2,4,6
24424549,2,5,7
24431892,2,1,3
24448091,2,0,2
24448995,2,0,2
24458577,2,0,2
24493424,2,4,6
24516009,2,0,2
24519450,2,0,2
24523817,2,0,2
24561848,2,0,2
24568674,2,13,15
24597757,2,6,8
24597843,2,0,2
24601119,2,0,2
24627307,2,1,3
24627574,2,2,4
24632311,2,1,3
24644495,2,1,3
24659718,2,1,3
24664169,2,0,2
24668126,2,1,3
24719821,2,5,7
24726998,2,1,3
24729040,2,1,3
24769507,2,2,4
24787531,2,0,2
24881388,2,8,10
24961764,2,1,3
24965555,2,3,5
24988632,2,0,2
25006567,2,0,2
25068152,2,1,3
25095418,2,0,2
25136621,2,0,2
25152237,2,0,2
25163960,2,1,3
25188904,2,0,2
25203720,2,0,2
25233674,2,0,2
25242962,2,1,3
25244071,2,2,4
25300555,2,6,8
25306344,2,0,2
25312899,2,2,4
25314816,2,0,2
25325196,2,0,2
25377589,2,8,10
25383162,2,0,2
25394410,2,0,2
25466006,2,0,2
25501991,2,0,2
25517387,2,1,3
25538996,2,0,2
25547248,2,2,4
25549372,2,44,46
25571108,2,0,2
25599299,2,4,6
25609265,2,0,2
25630143,2,131,133
25669608,2,36,38
25670074,2,0,2
25690215,2,0,2
25697851,2,1,3
25698593,2,0,2
25702314,2,5,7
25729666,2,0,2
25776509,2,1,3
25785889,2,20,22
25824177,2,0,2
25848783,2,0,2
25853124,2,7,9
25855350,2,3,5
25857027,2,0,2
25881247,2,1,3
25978296,2,1,3
25986587,2,1,3
25992637,2,2,4
25995991,2,0,2
26017920,2,0,2
26018268,2,9,11
26022578,2,0,2
26041560,2,0,2
26052294,2,0,2
26096058,2,0,2
26098361,2,31,33
26107517,2,11,13
26134399,2,0,2
26143304,2,0,2
26178161,2,0,2
26183828,2,94,96
26186655,2,23,25
26258609,2,7,9
26283896,2,0,2
26284918,2,1,3
26294408,2,0,2
26302350,2,6,8
26333311,2,0,2
26348896,2,23,25
26362666,2,8,10
26373407,2,0,2
26410675,2,0,2
26410697,2,2,4
26419461,2,2,4
26460275,2,8,10
26476496,2,0,2
26517833,2,33,35
26525500,2,0,2
26593203,2,0,2
26634828,2,0,2
26649679,2,0,2
26667294,2,30,32
26678668,2,4,6
26725528,2,0,2
26773041,2,0,2
26798931,2,1,3
26817992,2,0,2
26888767,2,0,2
26930849,2,0,2
27047844,2,1,3
27075685,2,0,2
27126680,2,1,3
27146048,2,1,3
27202607,2,0,2
27301308,2,5,7
27327609,2,1,3
27330727,2,4,6
27331622,2,0,2
27351102,2,0,2
27380810,2,0,2
27435920,2,0,2
27437326,2,5,7
27487279,2,7,9
27504517,2,0,2
27538677,2,0,2
27540852,2,2,4
27550771,2,24,26
27578383,2,1,3
27593924,2,3,5
27620244,2,0,2
27630031,2,0,2
27638362,2,3,5
27652816,2,1,3
27669463,2,1,3
27713709,2,4,6
27755788,2,1,3
27790250,2,2,4
27810354,2,0,2
27834920,2,7,9
27867758,2,5,7
27871616,2,0,2
27875413,2,3,5
27908283,2,5,7
27915028,2,0,2
27929084,2,18,20
27929731,2,0,2
27977424,2,0,2
28038154,2,0,2
28042966,2,1,3
28083728,2,0,2
28099935,2,32,34
28146121,2,2,4
28153253,2,2,4
28179267,2,0,2
28181063,2,0,2
28276398,2,5,7
28394995,2,5,7
28397563,2,0,2
28488157,2,1,3
28501207,2,0,2
28528503,2,10,12
28560301,2,12,14
28565298,2,0,2
28654635,2,4,6
28670599,2,78,80
28721195,2,13,15
28735121,2,2,4
28773667,2,0,2
28828684,2,0,2
28871109,2,0,2
28898751,2,2,4
28902856,2,3,5
28954795,2,1,3
29011922,2,0,2
29061688,2,15,17
29063267,2,0,2
29139456,2,1,3
29212386,2,0,2
29312445,2,0,2
29331650,2,0,2
29410550,2,2,4
29423722,2,1,3
29446831,2,0,2
29461591,2,0,2
29491980,2,0,2
29560963,2,2,4
29609559,2,0,2
29706364,2,1,3
29718709,2,1,3
29753405,2,4,6
29765591,2,0,2
29773705,2,1,3
29807861,2,20,22
29809459,2,0,2
29820085,2,0,2
29828626,2,0,2
29829448,2,2,4
29850803,2,2,4
29908890,2,4,6
30053181,2,12,14
30122900,2,1,3
30130584,2,1,3
30149199,2,0,2
30175937,2,0,2
30177220,2,2,4
30225323,2,0,2
30241424,2,0,2
30253126,2,1,3
30258886,2,1,3
30260724,2,1,3
30272877,2,2,4
30288442,2,26,28
30350654,2,1,3
30372129,2,1,3
30378270,2,2,4
30396049,2,0,2
30419982,2,0,2
30485880,2,0,2
30518472,2,0,2
30539458,2,0,2
30561797,2,0,2
30674865,2,8,10
30687343,2,36,38
30697593,2,13,15
30700026,2,0,2
30707930,2,1,3
30711324,2,6,8
30716418,2,8,10
30816766,2,0,2
30939927,2,0,2
30989063,2,0,2
31164549,2,0,2
31184038,2,1,3
31209212,2,1,3
31290464,2,2,4
31305682,2,0,2
31359855,2,32,34
31414992,2,0,2
31427959,2,3,5
31455732,2,0,2
31587991,2,0,2
31590834,2,42,44
31694751,2,0,2
31751473,2,5,7
31755204,2,0,2
31984488,2,0,2
32098141,2,0,2
32127745,2,0,2
32142456,2,0,2
32181565,2,0,2
32186001,2,0,2
32216660,2,1,3
32246938,2,0,2
32278745,2,0,2
32320953,2,8,10
32348189,2,0,2
32408826,2,2,4
32495131,2,0,2
32501037,2,0,2
32521090,2,0,2
32550363,2,0,2
32559677,2,0,2
32578044,2,41,43
32611731,2,0,2
32614251,2,0,2
32712472,2,0,2
32727390,2,0,2
32799259,2,0,2
32802782,2,0,2
32837910,2,1,3
32858128,2,0,2
32871086,2,6,8
32871723,2,7,9
32899913,2,0,2
32919476,2,0,2
32998961,2,0,2
33078365,2,2,4
33078366,2,0,2
33108216,2,0,2
33245396,2,3,5
33286514,2,10,12
33314299,2,0,2
33325720,2,1,3
33362346,2,10,12
33396474,2,0,2
33401510,2,0,2
33429467,2,2,4
33439763,2,1,3
33541236,2,1,3
33558901,2,0,2
33579408,2,17,19
33658771,2,1,3
33738369,2,0,2
33870312,2,19,21
33890834,2,0,2
34015298,2,2,4
34019261,2,19,21
34023470,2,25,27
34065088,2,0,2
34068972,2,1,3
34087797,2,0,2
34113126,2,5,7
34206025,2,0,2
34270503,2,0,2
34310945,2,39,41
34329771,2,0,2
34365624,2,4,6
34370438,2,11,13
34423085,2,0,2
34495061,2,0,2
34521981,2,0,2
34533138,2,6,8
34581942,2,2,4
34589546,2,0,2
34627140,2,0,2
34722136,2,89,91
34827336,2,0,2
34837940,2,0,2
34900333,2,4,6
34923556,2,0,2
34945011,2,1,3
34954325,2,0,2
34965405,2,1,3
34994083,2,0,2
35071910,2,6,8
35111933,2,4,6
35131713,2,84,86
35140696,2,1,3
35142114,2,10,12
35163540,2,5,7
35232519,2,0,2
35237985,2,0,2
35249292,2,0,2
35296051,2,0,2
35315838,2,1,3
35315865,2,8,10
35406370,2,1,3
35469303,2,0,2
35484869,2,0,2
35489151,2,0,2
35535969,2,3,5
35600300,2,0,2
35604537,2,0,2
35651309,2,1,3
35671627,2,0,2
35678543,2,19,21
35718381,2,3,5
35781456,2,0,2
35786732,2,0,2
35787602,2,0,2
35793755,2,0,2
35854467,2,0,2
35877493,2,0,2
35915049,2,0,2
35929099,2,0,2
35976562,2,0,2
36035075,2,0,2
36047500,2,0,2
36112012,2,0,2
36169320,2,1,3
36171449,2,0,2
36208449,2,3,5
36264117,2,1,3
36264166,2,0,2
36298390,2,0,2
36352774,2,1,3
36364155,2,110,112
36393084,2,0,2
36429119,2,34,36
36487440,2,4,6
36508223,2,0,2
36522654,2,4,6
36575728,2,0,2
36631460,2,1,3
36653459,2,2,4
36691351,2,11,13
36696940,2,2,4
36741893,2,0,2
36766221,2,0,2
36792977,2,0,2
36846781,2,0,2
36862188,2,0,2
36867412,2,0,2
36890646,2,9,11
36937742,2,21,23
36951068,2,1,3
36963915,2,0,2
37019973,2,1,3
37027573,2,40,42
37039388,2,5,7
37045982,2,0,2
37048488,2,5,7
37090930,2,0,2
37119594,2,0,2
37139784,2,8,10
37144024,2,0,2
37186686,2,0,2
37224667,2,0,2
37237811,2,1,3
37327431,2,3,5
37343353,2,0,2
37352536,2,2,4
37396883,2,0,2
37433050,2,0,2
37489184,2,1,3
37505963,2,0,2
37518055,2,0,2
37523430,2,3,5
37556637,2,9,11
37588418,2,7,9
37591959,2,2,4
37619827,2,2,4
37644486,2,0,2
37755854,2,0,2
37756671,2,0,2
37781331,2,4,6
37794539,2,1,3
37948238,2,0,2
37979301,2,0,2
37980141,2,1,3
38095981,2,0,2
38096946,2,22,24
38238826,2,0,2
38440435,2,6,8
38453610,2,0,2
38479378,2,0,2
38513257,2,0,2
38515699,2,3,5
38536251,2,0,2
38645535,2,0,2
38671038,2,0,2
38705789,2,84,86
38735395,2,0,2
38746682,2,0,2
38772269,2,7,9
38798614,2,10,12
38803980,2,1,3
38821802,2,0,2
38844596,2,1,3
38867284,2,0,2
38879930,2,2,4
39040820,2,2,4
39079415,2,0,2
39114893,2,0,2
39118822,2,0,2
39152178,2,2,4
39294556,2,14,16
39359425,2,9,11
39421059,2,244,246
39544134,2,0,2
39576272,2,5,7
39580670,2,11,13
39628819,2,33,35
39660033,2,2,4
39750025,2,1,3
39901155,2,4,6
39919174,2,1,3
39932890,2,0,2
40090549,2,10,12
40092310,2,0,2
40134492,2,0,2
40140509,2,0,2
40157053,2,0,2
40222918,2,0,2
40249930,2,1,3
40273633,2,0,2
40315806,2,24,26
40452468,2,0,2
40460595,2,0,2
40470502,2,0,2
40553221,2,0,2
40627145,2,2,4
40651605,2,0,2
40692081,2,0,2
40758369,2,0,2
40758396,2,2,4
40794187,2,1,3
40859278,2,1,3
40935194,2,0,2
41093376,2,0,2
41112857,2,1,3
41143180,2,2,4
41155845,2,25,27
41180510,2,0,2
41426892,2,0,2
41446355,2,0,2
41504983,2,0,2
41537809,2,7,9
41538152,2,0,2
41550422,2,1,3
41569458,2,3,5
41615720,2,0,2
41616474,2,0,2
41657437,2,0,2
41706498,2,8,10
41762806,2,0,2
41783533,2,0,2
41809725,2,0,2
41852226,2,0,2
41981824,2,0,2
42001921,2,0,2
42062583,2,3,5
42075271,2,0,2
42179239,2,0,2
42261611,2,15,17
42274360,2,0,2
42282134,2,0,2
42462638,2,15,17
42498454,2,1,3
42500289,2,0,2
42594892,2,3,5
42597178,2,3,5
42630116,2,0,2
42745231,2,0,2
42865469,2,5,7
42892907,2,0,2
42952336,2,0,2
42976766,2,4,6
43089397,2,1,3
43159308,2,0,2
43376436,2,1,3
43414451,2,0,2
43430073,2,0,2
43503903,2,1,3
43550862,2,20,22
43551514,2,14,16
43581352,2,5,7
43606672,2,0,2
43612346,2,2,4
43676031,2,18,20
43682477,2,1,3
43730427,2,4,6
43759688,2,0,2
43795367,2,1,3
43797990,2,4,6
43835528,2,3,5
44024055,2,10,12
44253771,2,1,3
44279901,2,1,3
44280832,2,0,2
44381001,2,6,8
44424185,2,27,29
44442709,2,0,2
44472379,2,0,2
44478009,2,1,3
44503208,2,0,2
44534605,2,0,2
44616199,2,0,2
44669500,2,1,3
44673506,2,2,4
44745807,2,0,2
44768267,2,0,2
44783795,2,0,2
44890901,2,0,2
44969014,2,0,2
44987402,2,0,2
45014285,2,2,4
45035272,2,0,2
45140397,2,0,2
45151571,2,20,22
45233830,2,1,3
45236243,2,0,2
45401380,2,9,11
45419522,2,0,2
45430464,2,0,2
45435064,2,2,4
45450913,2,1,3
45452049,2,0,2
45465019,2,0,2
45507227,2,15,17
45560415,2,0,2
45635584,2,0,2
45653809,2,0,2
45718856,2,0,2
45837279,2,0,2
45885069,2,0,2
45921206,2,0,2
45971263,2,1,3
46036981,2,0,2
46060947,2,0,2
46125631,2,0,2
46126350,2,0,2
46137819,2,0,2
46153365,2,16,18
46176204,2,0,2
46248132,2,0,2
46256463,2,0,2
46458101,2,3,5
46501166,2,3,5
46571401,2,2,4
46625714,2,0,2
46675749,2,4,6
46690844,2,0,2
46809129,2,2,4
46822887,2,10,12
46882943,2,3,5
47049375,2,0,2
47064527,2,1,3
47091549,2,5,7
47194408,2,0,2
47205910,2,1,3
47256341,2,3,5
47261735,2,0,2
47274526,2,9,11
47394472,2,0,2
47432229,2,1,3
47448886,2,0,2
47462545,2,0,2
47488239,2,39,41
47509481,2,0,2
47540202,2,0,2
47560961,2,4,6
47677431,2,21,23
47698043,2,1,3
47718238,2,0,2
47726356,2,3,5
47745048,2,1,3
47750999,2,0,2
47763428,2,8,10
47777322,2,0,2
47810617,2,0,2
47928644,2,24,26
47942641,2,0,2
48042591,2,0,2
48048466,2,0,2
48143086,2,0,2
48149942,2,1,3
48254999,2,6,8
48266859,2,38,40
48318776,2,0,2
48322923,2,0,2
48347681,2,1,3
48384484,2,1,3
48390222,2,6,8
48446584,2,1,3
48473220,2,5,7
48555816,2,29,31
48582054,2,0,2
48599652,2,9,11
48737488,2,1,3
48737905,2,0,2
48865471,2,0,2
48866806,2,2,4
48873781,2,0,2
48880692,2,1,3
48927720,2,1,3
48985590,2,0,2
49000905,2,0,2
49034876,2,0,2
49066841,2,0,2
49113314,2,0,2
49140012,2,0,2
49182711,2,0,2
49203300,2,7,9
49311814,2,0,2
49448377,2,11,13
49451743,2,0,2
49489343,2,6,8
49492561,2,0,2
49582983,2,0,2
49614966,2,3,5
49615673,2,0,2
49636316,2,1,3
49662919,2,0,2
49691856,2,0,2
49698134,2,16,18
49714829,2,0,2
49724928,2,9,11
49775941,2,14,16
49785761,2,4,6
49900127,2,0,2
49903556,2,0,2
49909854,2,0,2
49977395,2,0,2
50029467,2,0,2
50127545,2,6,8
50142106,2,0,2
50214499,2,8,10
50316840,2,0,2
50383168,2,34,36
50394523,2,0,2
50401467,2,55,57
50444781,2,2,4
50461204,2,2,4
50479421,2,0,2
50499897,2,0,2
50571724,2,7,9
50664739,2,4,6
50667536,2,6,8
50767626,2,0,2
50810558,2,1,3
50886298,2,0,2
50888768,2,20,22
50918314,2,0,2
50924139,2,0,2
51027531,2,0,2
51054367,2,2,4
51142239,2,0,2
51203205,2,10,12
51221938,2,0,2
51302727,2,0,2
51357917,2,0,2
51358709,2,0,2
51366890,2,10,12
51416602,2,0,2
51464059,2,1,3
51533698,2,0,2
51601321,2,0,2
51613169,2,1,3
51622866,2,1,3
51638400,2,0,2
51726612,2,0,2
51774404,2,1,3
51811582,2,1,3
51901121,2,0,2
51941030,2,0,2
52176091,2,8,10
52214665,2,0,2
52279659,2,2,4
52381097,2,2,4
52591964,2,4,6
52594178,2,5,7
52615219,2,1,3
52652394,2,0,2
53033099,2,0,2
53054150,2,5,7
53094130,2,10,12
53160005,2,0,2
53167791,2,2,4
53206359,2,2,4
53404625,2,1,3
53519198,2,12,14
53716625,2,0,2
53800608,2,0,2
53803235,2,0,2
53831819,2,2,4
53867581,2,0,2
53876198,2,4,6
53899870,2,0,2
53903008,2,0,2
53959055,2,0,2
54068729,2,0,2
54143577,2,3,5
54226637,2,0,2
54257758,2,0,2
54320137,2,1,3
54337094,2,3,5
54340013,2,0,2
54382606,2,13,15
54453877,2,0,2
54458114,2,0,2
54535749,2,0,2
54557714,2,0,2
54560384,2,0,2
54664274,2,2,4
54696945,2,11,13
54710387,2,5,7
54710910,2,0,2
54786180,2,0,2
54789956,2,3,5
54841013,2,2,4
54917192,2,0,2
54936699,2,0,2
54958492,2,0,2
55035511,2,0,2
55056285,2,0,2
55107768,2,18,20
55213845,2,2,4
55243074,2,0,2
55265126,2,0,2
55298492,2,1,3
55396121,2,3,5
55402306,2,0,2
55422474,2,2,4
55444181,2,0,2
55488463,2,3,5
55540820,2,0,2
55541335,2,0,2
55584750,2,13,15
55695259,2,0,2
55876528,2,0,2
55883048,2,0,2
55885884,2,7,9
56009189,2,8,10
56071652,2,0,2
56073991,2,0,2
56079423,2,0,2
56107478,2,1,3
56129554,2,0,2
56149176,2,8,10
56199771,2,0,2
56264375,2,0,2
56378719,2,0,2
56430145,2,3,5
56503427,2,0,2
56762271,2,0,2
56764409,2,10,12
56776436,2,1,3
56837679,2,0,2
56894163,2,6,8
56916759,2,0,2
56918276,2,0,2
56960344,2,0,2
56978361,2,0,2
57007390,2,31,33
57189208,2,0,2
57224871,2,1,3
57348656,2,0,2
57356987,2,1,3
57415181,2,0,2
57485638,2,23,25
57532786,2,0,2
57779843,2,0,2
57834024,2,8,10
57871519,2,9,11
57906766,2,0,2
57920499,2,0,2
57932141,2,0,2
58106804,2,1,3
58188416,2,0,2
58363619,2,0,2
58364442,2,1,3
58449142,2,1,3
58480597,2,0,2
58498669,2,1,3
58525290,2,0,2
58572674,2,2,4
58816836,2,0,2
58830662,2,6,8
58949711,2,0,2
58953271,2,2,4
58964788,2,5,7
59102666,2,2,4
59125662,2,4,6
59131737,2,2,4
59620421,2,0,2
59642573,2,17,19
59711640,2,1,3
59738112,2,0,2
59769244,2,1,3
59808387,2,0,2
60122725,2,0,2
60257586,2,5,7
60282224,2,0,2
60298259,2,0,2
60312649,2,0,2
60328284,2,0,2
60329930,2,0,2
60332172,2,0,2
60355886,2,0,2
60429918,2,0,2
60482549,2,0,2
60489918,2,2,4
60556835,2,0,2
60564487,2,0,2
60752092,2,0,2
60760063,2,0,2
60881515,2,0,2
60962197,2,0,2
61047718,2,0,2
61188650,2,0,2
61323307,2,3,5
61408055,2,1,3
61435173,2,0,2
61482424,2,0,2
61551372,2,0,2
61556910,2,2,4
61563154,2,0,2
61660491,2,0,2
61673391,2,0,2
61874755,2,0,2
62019002,2,0,2
62211438,2,0,2
62260299,2,3,5
62291474,2,0,2
62359763,2,1,3
62409474,2,4,6
62447206,2,0,2
62521085,2,0,2
62528972,2,0,2
62692433,2,0,2
62734246,2,4,6
62944231,2,0,2
62954710,2,0,2
62997851,2,21,23
63054567,2,5,7
63080343,2,0,2
63155490,2,0,2
63167432,2,0,2
63198594,2,0,2
63211545,2,0,2
63211776,2,1,3
63410034,2,0,2
63494019,2,0,2
63503742,2,2,4
63507170,2,0,2
63588123,2,1,3
63783327,2,1,3
63815087,2,0,2
63840738,2,0,2
64107720,2,0,2
64267017,2,1,3
64302479,2,1,3
64446945,2,2,4
64503565,2,1,3
64619482,2,2,4
64704431,2,8,10
64710196,2,1,3
64785956,2,0,2
64804024,2,0,2
64871190,2,4,6
65096854,2,0,2
65133439,2,1,3
65145308,2,45,47
65150072,2,0,2
65233495,2,7,9
65357124,2,2,4
65483539,2,2,4
65551087,2,6,8
65569424,2,2,4
65643136,2,0,2
65729358,2,0,2
65937980,2,24,26
65947030,2,1,3
65960438,2,1,3
66058589,2,0,2
66130124,2,7,9
66284799,2,8,10
66330365,2,0,2
66395248,2,3,5
66460054,2,0,2
66473977,2,0,2
66539222,2,28,30
66604368,2,0,2
66672175,2,10,12
66838943,2,0,2
66926691,2,0,2
67043051,2,3,5
67181051,2,0,2
67285720,2,1,3
67486822,2,6,8
67510328,2,0,2
67728677,2,0,2
67796882,2,0,2
67804096,2,0,2
67900447,2,0,2
67925075,2,3,5
67950946,2,0,2
67995524,2,2,4
68021407,2,0,2
68206184,2,0,2
68226471,2,10,12
68399255,2,0,2
68549082,2,0,2
68737346,2,0,2
68756996,2,0,2
68766132,2,0,2
68814089,2,0,2
68945574,2,0,2
69068417,2,28,30
69113701,2,0,2
69223388,2,0,2
69478782,2,0,2
69510973,2,13,15
69828708,2,12,14
69866186,2,0,2
69894773,2,0,2
69983588,2,13,15
70017958,2,0,2
70024235,2,0,2
70160557,2,0,2
70223991,2,0,2
70421986,2,13,15
70467283,2,0,2
70601683,2,4,6
70780573,2,0,2
71016353,2,0,2
71026317,2,5,7
71061604,2,0,2
71077875,2,0,2
71082732,2,1,3
71293306,2,0,2
71321637,2,1,3
71692635,2,0,2
71827774,2,7,9
71842978,2,7,9
72082126,2,0,2
72137283,2,0,2
72149753,2,0,2
72271059,2,1,3
72274796,2,6,8
72629842,2,0,2
72695708,2,15,17
72763332,2,0,2
72952542,2,1,3
72971567,2,3,5
73027215,2,0,2
73032528,2,0,2
73215575,2,80,82
73227909,2,22,24
73274497,2,0,2
73307828,2,6,8
73421873,2,0,2
73445737,2,0,2
73468980,2,3,5
73471550,2,2,4
73494048,2,6,8
73548109,2,0,2
73649018,2,0,2
73653813,2,0,2
73695522,2,1,3
73780581,2,0,2
73781866,2,0,2
73939509,2,0,2
74085754,2,6,8
74184169,2,0,2
74255905,2,0,2
74312167,2,1,3
74455922,2,0,2
74501183,2,9,11
74513747,2,0,2
74515829,2,2,4
74793385,2,7,9
74883325,2,0,2
74892076,2,0,2
75136638,2,0,2
75347215,2,16,18
75545199,2,6,8
75645420,2,0,2
75674386,2,1,3
75821795,2,0,2
75841783,2,6,8
75955321,2,0,2
75984040,2,0,2
76147467,2,25,27
76181125,2,1,3
76357575,2,2,4
76433131,2,0,2
76464380,2,5,7
76692832,2,2,4
76794937,2,1,3
76853737,2,0,2
76977981,2,3,5
76999647,2,9,11
77115909,2,0,2
77196907,2,0,2
77459878,2,1,3
77487918,2,0,2
77595696,2,1,3
77643330,2,1,3
77648903,2,0,2
77872376,2,5,7
78043007,2,7,9
78364606,2,3,5
78658452,2,0,2
79023814,2,4,6
79099144,2,0,2
79597193,2,50,52
79638980,2,0,2
79665172,2,0,2
79832616,2,2,4
79871519,2,0,2
79896087,2,0,2
80154366,2,0,2
80280391,2,0,2
80330381,2,42,44
80349805,2,1,3
80357329,2,3,5
80363721,2,0,2
80415454,2,27,29
80487334,2,0,2
80559164,2,0,2
80822943,2,0,2
80875957,2,8,10
80892718,2,0,2
80913494,2,0,2
80958433,2,2,4
80975326,2,5,7
81005220,2,1,3
81623306,2,20,22
81730778,2,2,4
81873339,2,1,3
81896444,2,0,2
81896712,2,1,3
82066520,2,0,2
82182044,2,0,2
82257426,2,0,2
82417062,2,6,8
82636302,2,0,2
82640311,2,0,2
82768000,2,3,5
82879012,2,0,2
82883323,2,0,2
83062906,2,0,2
83147551,2,9,11
83279280,2,0,2
83461486,2,0,2
83611178,2,4,6
83686103,2,2,4
83734711,2,0,2
83783442,2,6,8
83951784,2,0,2
84124051,2,15,17
84332830,2,0,2
84477345,2,1,3
84560996,2,0,2
84939942,2,2,4
84964287,2,1,3
85123459,2,0,2
85187630,2,1,3
85466292,2,0,2
85831602,2,1,3
85935544,2,39,41
85973013,2,1,3
86026819,2,0,2
86162047,2,0,2
86168634,2,10,12
86449610,2,2,4
86632471,2,0,2
86633572,2,10,12
86729690,2,0,2
86836396,2,0,2
86850567,2,62,64
87013061,2,0,2
87063371,2,3,5
87282354,2,0,2
87335508,2,0,2
87549962,2,0,2
87832130,2,0,2
88192949,2,4,6
88205229,2,0,2
88215673,2,0,2
88349691,2,0,2
88975055,2,0,2
89073167,2,0,2
89085547,2,0,2
89119205,2,0,2
89290474,2,0,2
89319367,2,0,2
89540911,2,0,2
89687558,2,0,2
90309273,2,0,2
90353966,2,4,6
90354742,2,0,2
90372501,2,0,2
90400428,2,0,2
90409047,2,12,14
90502714,2,0,2
90742892,2,1,3
90962171,2,0,2
91095392,2,0,2
91145888,2,2,4
91196670,2,3,5
91468670,2,0,2
91476671,2,1,3
91692157,2,1,3
91734908,2,2,4
92043036,2,2,4
92117705,2,2,4
92158974,2,1,3
92437791,2,0,2
92639365,2,0,2
92811584,2,29,31
92859761,2,0,2
92867252,2,5,7
93108995,2,93,95
93189340,2,0,2
93301623,2,2,4
93422483,2,0,2
93442164,2,0,2
93578331,2,0,2
93747129,2,1,3
93816184,2,4,6
93941060,2,0,2
94009089,2,1,3
94148589,2,0,2
94250506,2,1,3
94369786,2,1,3
94506443,2,0,2
94928182,2,1,3
95053140,2,58,60
95053673,2,2,4
95094897,2,0,2
95456171,2,2,4
95916910,2,0,2
95985203,2,0,2
96021927,2,0,2
96047966,2,0,2
96150467,2,0,2
96202034,2,0,2
96385482,2,13,15
96606026,2,0,2
96631740,2,2,4
97336428,2,0,2
97369485,2,8,10
97570587,2,0,2
97956775,2,15,17
97957384,2,4,6
97992278,2,0,2
98018878,2,1,3
98161549,2,0,2
98462716,2,1,3
98602018,2,0,2
98829263,2,1,3
99001624,2,0,2
99077447,2,1,3
99157266,2,1,3
99215935,2,1,3
99524848,2,0,2
99754861,2,2,4
100095388,2,0,2
100128822,2,9,11
100136358,2,4,6
100547855,2,1,3
100621507,2,0,2
100678032,2,0,2
100880543,2,27,29
101215899,2,0,2
101317993,2,0,2
101393030,2,0,2
101400537,2,117,119
101639373,2,0,2
101859314,2,3,5
101971989,2,1,3
101984908,2,0,2
102015931,2,8,10
102027325,2,0,2
102158788,2,1,3
102259828,2,0,2
102468204,2,0,2
102492728,2,0,2
102526551,2,0,2
102600230,2,0,2
102705887,2,0,2
102761744,2,2,4
102843654,2,4,6
102853572,2,5,7
102882477,2,0,2
102980515,2,1,3
102991077,2,0,2
103016417,2,0,2
103025846,2,0,2
103153133,2,1,3
103277461,2,0,2
103398578,2,1,3
103444009,2,0,2
103654311,2,6,8
103723466,2,2,4
103734063,2,22,24
103943859,2,1,3
104019023,2,5,7
104310036,2,0,2
104405120,2,0,2
104499404,2,1,3
104689187,2,0,2
104692306,2,7,9
104944611,2,7,9
105042098,2,14,16
105315648,2,2,4
105344608,2,0,2
105366463,2,0,2
105532715,2,1,3
105559609,2,7,9
105609284,2,0,2
105662032,2,0,2
105749171,2,0,2
105833144,2,2,4
105847404,2,0,2
105854662,2,0,2
105919067,2,0,2
105975090,2,0,2
106151803,2,0,2
106866331,2,0,2
106953286,2,2,4
107155690,2,2,4
107171660,2,0,2
107187119,2,1,3
107393089,2,0,2
107509029,2,0,2
108130081,2,2,4
108218097,2,0,2
108922042,2,0,2
108960723,2,0,2
108993687,2,0,2
109020929,2,7,9
109053312,2,0,2
109083201,2,0,2
109108012,2,0,2
109662929,2,0,2
109697622,2,0,2
109889262,2,59,61
110052548,2,14,16
110240911,2,0,2
110461969,2,7,9
110483833,2,0,2
110485164,2,0,2
110575440,2,1,3
110596487,2,3,5
110889836,2,0,2
110978547,2,0,2
111158040,2,0,2
111216929,2,13,15
111359305,2,0,2
111411054,2,0,2
111454976,2,1,3
111480411,2,5,7
111621125,2,0,2
111671137,2,0,2
111676962,2,0,2
111715139,2,3,5
111858408,2,0,2
111925514,2,0,2
111992008,2,0,2
112053119,2,0,2
112106465,2,0,2
112188776,2,1,3
112233838,2,0,2
112276221,2,0,2
112515194,2,0,2
112935452,2,0,2
113443154,2,0,2
113475315,2,70,72
113487810,2,0,2
113532468,2,0,2
113542931,2,0,2
113647797,2,3,5
113977903,2,0,2
114073708,2,2,4
114283823,2,0,2
114326949,2,0,2
114557557,2,1,3
114587474,2,24,26
114870265,2,8,10
114875939,2,1,3
114880756,2,1,3
115138819,2,0,2
115290430,2,4,6
115298881,2,0,2
115359136,2,9,11
115458748,2,13,15
115486411,2,0,2
115490625,2,1,3
115694587,2,148,150
116196209,2,1,3
116293681,2,0,2
116296025,2,0,2
116368024,2,1,3
116504600,2,21,23
116579860,2,52,54
116636362,2,1,3
116675421,2,0,2
116949893,2,0,2
117085537,2,5,7
117127526,2,0,2
117130050,2,3,5
117137621,2,0,2
117176660,2,0,2
117181647,2,0,2
117450420,2,7,9
117507629,2,3,5
117535239,2,2,4
117602839,2,1,3
117965095,2,3,5
118066385,2,85,87
118126070,2,0,2
118200142,2,0,2
118270159,2,0,2
118613680,2,0,2
118779189,2,4,6
118801588,2,3,5
119156473,2,0,2
119899411,2,0,2
119934805,2,2,4
119942944,2,0,2
119951917,2,0,2
120035760,2,35,37
120126083,2,0,2
120210091,2,0,2
120224339,2,21,23
120242530,2,0,2
121429129,2,0,2
121549273,2,0,2
121616820,2,1,3
121658831,2,0,2
121723519,2,0,2
121750760,2,0,2
121986863,2,0,2
122010547,2,0,2
122196385,2,0,2
122394071,2,1,3
122428400,2,0,2
122463907,2,1,3
122528167,2,1,3
122623274,2,0,2
122786819,2,0,2
122792000,2,1,3
122869234,2,0,2
123011380,2,1,3
123098952,2,0,2
123263532,2,0,2
123621508,2,4,6
123862900,2,0,2
123883717,2,0,2
123887519,2,4,6
123888453,2,0,2
124004051,2,0,2
124047753,2,1,3
124131730,2,0,2
124159546,2,1,3
124224354,2,2,4
124268782,2,0,2
124522562,2,0,2
124763921,2,64,66
124970082,2,0,2
125207319,2,1,3
125249358,2,1,3
125257191,2,0,2
125400853,2,13,15
125453969,2,11,13
125730512,2,22,24
126338104,2,0,2
126389466,2,9,11
126478215,2,0,2
126513928,2,3,5
126528611,2,5,7
127000251,2,0,2
127249982,2,3,5
127840651,2,2,4
128040074,2,45,47
128091413,2,0,2
128310170,2,0,2
128763056,2,3,5
128792205,2,1,3
128933504,2,0,2
129196135,2,2,4
129337996,2,0,2
129367359,2,5,7
129531185,2,0,2
129544278,2,0,2
129620964,2,0,2
129716321,2,16,18
130241217,2,0,2
130928523,2,24,26
130954029,2,0,2
131039234,2,8,10
131201772,2,12,14
131352377,2,0,2
131690690,2,1,3
131862466,2,0,2
131885614,2,4,6
131899701,2,0,2
131970532,2,0,2
131996719,2,53,55
132148812,2,1,3
132427459,2,0,2
132481500,2,1,3
132514023,2,1,3
132577759,2,0,2
132721599,2,0,2
133028016,2,0,2
133054578,2,0,2
133066103,2,0,2
133359100,2,0,2
133786771,2,4,6
134226845,2,5,7
134296707,2,9,11
134692586,2,0,2
135018244,2,0,2
135047004,2,1,3
135204272,2,7,9
135242865,2,0,2
135359378,2,0,2
135532415,2,1,3
135978929,2,1,3
136101639,2,0,2
136116131,2,0,2
136884541,2,3,5
137062412,2,1,3
137104194,2,0,2
137447314,2,1,3
137512422,2,5,7
137598845,2,3,5
137824881,2,0,2
137838706,2,0,2
138021709,2,4,6
138084028,2,0,2
138238607,2,5,7
138518329,2,17,19
138708271,2,0,2
138894742,2,6,8
138926491,2,12,14
138928154,2,2,4
139020934,2,0,2
139101213,2,1,3
139545790,2,0,2
140071984,2,0,2
140206517,2,139,141
140650581,2,0,2
140794884,2,0,2
140892160,2,0,2
140896934,2,0,2
140992804,2,1,3
141074065,2,0,2
141294600,2,0,2
141322048,2,0,2
141351622,2,0,2
141554260,2,0,2
141705442,2,0,2
141766209,2,2,4
142037705,2,0,2
142067572,2,1,3
142075953,2,24,26
142081557,2,2,4
142354046,2,7,9
142677138,2,0,2
142762833,2,1,3
142835169,2,1,3
143246253,2,3,5
143364337,2,0,2
143406263,2,0,2
143421310,2,0,2
143543829,2,1,3
143727241,2,0,2
143789061,2,7,9
143804107,2,14,16
143974363,2,59,61
144270833,2,80,82
144468062,2,0,2
144564702,2,2,4
144720791,2,0,2
144896138,2,0,2
144971337,2,24,26
145255648,2,5,7
145378262,2,109,111
145732109,2,3,5
146712559,2,18,20
146778936,2,0,2
146790012,2,0,2
146927444,2,0,2
147063628,2,0,2
147776880,2,21,23
147860813,2,0,2
147940111,2,5,7
147987757,2,3,5
148021324,2,0,2
148441872,2,0,2
148535894,2,27,29
148584448,2,10,12
148764351,2,0,2
148810257,2,0,2
148949123,2,1,3
149107574,2,0,2
149258219,2,0,2
149493761,2,0,2
149656428,2,0,2
149656460,2,4,6
149747910,2,0,2
149999666,2,0,2
150010373,2,0,2
150505749,2,0,2
151000889,2,9,11
151122105,2,0,2
151185187,2,10,12
151295449,2,0,2
151405084,2,0,2
151480000,2,1,3
151525945,2,0,2
151556996,2,15,17
152051108,2,0,2
152148763,2,24,26
152489292,2,0,2
152805586,2,1,3
153162994,2,3,5
153184399,2,0,2
153310221,2,0,2
153450230,2,0,2
153545487,2,0,2
153704310,2,0,2
153876973,2,12,14
153978973,2,0,2
154303710,2,2,4
154961968,2,0,2
155007941,2,59,61
155026435,2,0,2
155110440,2,0,2
155299127,2,0,2
155353519,2,18,20
155511965,2,0,2
155596997,2,7,9
155649060,2,0,2
155658772,2,2,4
156510989,2,0,2
156649614,2,0,2
156699423,2,1,3
157465303,2,0,2
157782277,2,0,2
158471931,2,18,20
158571954,2,0,2
158915381,2,0,2
159239671,2,0,2
159292313,2,8,10
159368689,2,1,3
159639066,2,0,2
159655623,2,0,2
159879911,2,0,2
159911529,2,1,3
159982953,2,0,2
160063119,2,24,26
160248836,2,0,2
160415080,2,0,2
160752583,2,9,11
160973426,2,0,2
161030827,2,1,3
161053860,2,58,60
161094215,2,0,2
161153697,2,0,2
161855475,2,3,5
162378377,2,0,2
162477050,2,1,3
162596804,2,3,5
162613995,2,6,8
163071838,2,1,3
163084215,2,0,2
163118087,2,1,3
163167459,2,0,2
163329365,2,0,2
163878760,2,0,2
163992557,2,0,2
164016345,2,0,2
164145361,2,0,2
164183337,2,11,13
164242701,2,0,2
164273824,2,2,4
164295551,2,1,3
164464159,2,7,9
164931390,2,0,2
165026086,2,27,29
165114641,2,47,49
165511377,2,5,7
165552032,2,0,2
165626652,2,0,2
165752428,2,1,3
165835168,2,0,2
166032957,2,1,3
166050665,2,0,2
166268505,2,1,3
166338248,2,0,2
166428518,2,2,4
166455908,2,0,2
166722934,2,32,34
166876574,2,5,7
167518667,2,1,3
167897109,2,0,2
168003545,2,0,2
168257373,2,0,2
168299093,2,1,3
168347810,2,0,2
169009149,2,1,3
169173525,2,0,2
169318063,2,0,2
169438604,2,1,3
169522353,2,0,2
169717184,2,11,13
169952426,2,0,2
170011443,2,4,6
170018822,2,0,2
170136927,2,13,15
170197342,2,0,2
170208476,2,2,4
170372845,2,0,2
170630574,2,2,4
170712219,2,0,2
171118997,2,1,3
171184200,2,0,2
171245049,2,3,5
171249174,2,0,2
171279362,2,3,5
171337349,2,0,2
171353487,2,0,2
171597677,2,0,2
172032623,2,34,36
172261647,2,2,4
172365427,2,0,2
172599106,2,0,2
172935502,2,3,5
173196965,2,10,12
173427869,2,1,3
173636963,2,0,2
173673231,2,1,3
173827598,2,0,2
173918406,2,0,2
174016889,2,0,2
174076329,2,0,2
174351771,2,9,11
174419290,2,4,6
174474796,2,2,4
174514245,2,0,2
174534175,2,0,2
174627919,2,1,3
174715313,2,0,2
174762380,2,0,2
175197754,2,0,2
175465639,2,0,2
175873793,2,0,2
175964378,2,1,3
176097415,2,0,2
176329975,2,0,2
176398351,2,2,4
176477406,2,3,5
176499432,2,0,2
176566330,2,0,2
176566455,2,1,3
176667927,2,0,2
176820879,2,0,2
176949287,2,1,3
176990778,2,1,3
177338829,2,2,4
177445338,2,1,3
177568437,2,0,2
177775299,2,0,2
177974542,2,40,42
178076140,2,5,7
178085978,2,2,4
178131248,2,0,2
178332153,2,11,13
178706211,2,5,7
178797346,2,0,2
178974933,2,80,82
179072322,2,0,2
179168193,2,0,2
179182531,2,0,2
179395539,2,0,2
179401866,2,0,2
179542744,2,0,2
179549301,2,0,2
179613338,2,0,2
179637256,2,1,3
179740261,2,47,49
179785566,2,11,13
180011973,2,0,2
180094577,2,1,3
180380522,2,1,3
180398773,2,16,18
180849540,2,1,3
181196054,2,0,2
181395586,2,0,2
181592661,2,0,2
181629161,2,0,2
182120000,2,0,2
182429488,2,6,8
182635115,2,0,2
182708802,2,0,2
182894056,2,12,14
183099788,2,0,2
183105501,2,4,6
183124848,2,0,2
183272026,2,0,2
183914087,2,3,5
184055292,2,0,2
184467972,2,14,16
184480925,2,0,2
184597706,2,1,3
184676117,2,0,2
184696262,2,0,2
184930401,2,3,5
185419724,2,0,2
185596379,2,1,3
185625870,2,0,2
185767067,2,4,6
185922593,2,0,2
186108527,2,0,2
186201324,2,0,2
186348637,2,0,2
186582233,2,8,10
186854140,2,0,2
187076235,2,0,2
187112248,2,0,2
187197896,2,0,2
187333523,2,0,2
187588743,2,1,3
187939611,2,0,2
188092633,2,0,2
188203794,2,1,3
188216061,2,0,2
188289863,2,0,2
188498645,2,0,2
188575714,2,1,3
188577034,2,0,2
189229910,2,2,4
189261413,2,39,41
189379716,2,0,2
189662629,2,2,4
189706382,2,0,2
189808982,2,0,2
189979297,2,0,2
190220669,2,3,5
190289834,2,2,4
190330402,2,0,2
190527476,2,0,2
190837942,2,7,9
190962362,2,0,2
191002845,2,2,4
191052555,2,0,2
191149170,2,0,2
191162512,2,0,2
191543688,2,0,2
191546705,2,8,10
191860870,2,0,2
192184630,2,7,9
192199947,2,2,4
192229988,2,0,2
192413483,2,1,3
192426807,2,0,2
192452385,2,4,6
192722154,2,3,5
192724847,2,2,4
192741815,2,0,2
192960178,2,0,2
193071149,2,4,6
193095422,2,0,2
193192630,2,25,27
193323820,2,0,2
193438058,2,0,2
193571821,2,0,2
193805154,2,0,2
193974400,2,0,2
193975782,2,0,2
194239124,2,0,2
194364576,2,0,2
194439964,2,0,2
194697219,2,0,2
195099619,2,2,4
195323673,2,0,2
195635112,2,0,2
195951523,2,0,2
196013046,2,1,3
196331731,2,1,3
196490371,2,0,2
196573660,2,0,2
196655273,2,4,6
196770471,2,0,2
196842270,2,1,3
196888750,2,2,4
197029721,2,0,2
197042537,2,2,4
197195159,2,0,2
197211761,2,0,2
197405973,2,0,2
197447489,2,0,2
197499879,2,0,2
197514472,2,2,4
197614625,2,7,9
198124252,2,0,2
198265466,2,1,3
198313261,2,0,2
198444812,2,45,47
198831961,2,0,2
198850644,2,0,2
198886475,2,1,3
198892733,2,1,3
199011855,2,1,3
199329478,2,0,2
199601800,2,88,90
199724717,2,0,2
199938696,2,3,5
200187798,2,0,2
200666525,2,0,2
200685045,2,0,2
200877508,2,11,13
200879753,2,1,3
201083078,2,1,3
201179196,2,0,2
201432865,2,0,2
201778797,2,0,2
201817947,2,0,2
202154984,2,2,4
202340670,2,0,2
202359470,2,8,10
202474798,2,0,2
202643200,2,0,2
202705636,2,5,7
202824134,2,1,3
202854478,2,0,2
203548057,2,0,2
203604563,2,2,4
203675491,2,0,2
204579616,2,1,3
204653280,2,72,74
205091914,2,4,6
205164018,2,0,2
205279606,2,0,2
205309138,2,0,2
205600474,2,5,7
205839399,2,0,2
206339841,2,1,3
206444633,2,8,10
206487352,2,5,7
206499058,2,0,2
206595216,2,0,2
206832958,2,0,2
206879448,2,4,6
207794625,2,3,5
208077015,2,26,28
208261417,2,0,2
208290586,2,6,8
208295718,2,0,2
208326964,2,0,2
208454621,2,1,3
208690651,2,0,2
208794075,2,0,2
209396337,2,1,3
210025962,2,1,3
210122060,2,0,2
210158518,2,0,2
210183323,2,0,2
210514996,2,0,2
210755379,2,13,15
210887250,2,0,2
211009285,2,1,3
211460593,2,0,2
211581971,2,0,2
211605978,2,2,4
211893377,2,13,15
212592916,2,0,2
212638517,2,0,2
212827723,2,0,2
213104292,2,36,38
213739922,2,0,2
213802653,2,0,2
213861803,2,1,3
213955691,2,0,2
214076162,2,2,4
214090957,2,1,3
214119314,2,0,2
214174937,2,0,2
214206294,2,3,5
214581968,2,2,4
214965877,2,0,2
215116340,2,0,2
215310458,2,0,2
215311129,2,4,6
215409054,2,1,3
215446326,2,1,3
215468535,2,3,5
215611871,2,7,9
215829030,2,0,2
216010124,2,0,2
216388389,2,0,2
216433448,2,0,2
216588075,2,0,2
216621878,2,6,8
216696619,2,0,2
216724218,2,0,2
216913264,2,0,2
216945183,2,7,9
217023496,2,0,2
217096464,2,0,2
217100313,2,0,2
217202966,2,0,2
217415977,2,0,2
217537648,2,0,2
217584499,2,5,7
217990551,2,6,8
218025719,2,0,2
218091012,2,0,2
218099000,2,0,2
218141673,2,0,2
218191558,2,0,2
218344471,2,0,2
218395004,2,0,2
219031179,2,1,3
219229287,2,0,2
219488834,2,0,2
219682475,2,0,2
220076540,2,7,9
220285903,2,0,2
220346553,2,0,2
220346850,2,1,3
220370123,2,0,2
220840580,2,1,3
221028149,2,0,2
221285353,2,0,2
221689934,2,0,2
221772216,2,1,3
221776217,2,2,4
222216539,2,6,8
222240984,2,0,2
222270535,2,1,3
222302677,2,2,4
222520608,2,0,2
222689740,2,3,5
222905766,2,1,3
222932914,2,0,2
223606821,2,0,2
224118460,2,0,2
224223972,2,0,2
224254847,2,0,2
224308725,2,1,3
224375842,2,0,2
224708983,2,1,3
224753107,2,0,2
225450171,2,0,2
225697415,2,3,5
225952381,2,0,2
225971312,2,0,2
225986680,2,1,3
226074681,2,4,6
226264533,2,0,2
226293968,2,0,2
226331461,2,0,2
226346459,2,0,2
226429352,2,1,3
226776411,2,3,5
226868997,2,0,2
226891084,2,3,5
227210573,2,0,2
227301906,2,2,4
227345093,2,0,2
227725341,2,0,2
227751231,2,0,2
227885776,2,0,2
228028831,2,0,2
228113621,2,0,2
228527938,2,2,4
228915951,2,36,38
228950242,2,15,17
229348540,2,0,2
229518601,2,97,99
229566294,2,0,2
229737319,2,0,2
229827617,2,0,2
229841284,2,5,7
230036214,2,0,2
230192635,2,5,7
230769228,2,0,2
231290286,2,0,2
231395024,2,0,2
231521378,2,8,10
231601400,2,0,2
231671251,2,2,4
231815020,2,1,3
232252552,2,1,3
232363438,2,0,2
232477609,2,3,5
232616152,2,17,19
232869373,2,5,7
232887115,2,0,2
233343509,2,0,2
233484761,2,13,15
233517905,2,0,2
233579576,2,24,26
233775855,2,0,2
234548424,2,3,5
235025638,2,0,2
235110656,2,0,2
235338203,2,45,47
235391593,2,0,2
235403138,2,0,2
235606046,2,1,3
235671129,2,1,3
235678381,2,2,4
235736369,2,0,2
235849325,2,8,10
235872193,2,0,2
236161375,2,0,2
236169650,2,0,2
236189005,2,0,2
236207072,2,0,2
236251268,2,0,2
236666920,2,0,2
236845562,2,1,3
236953673,2,0,2
237088574,2,0,2
237094342,2,0,2
237446676,2,9,11
237517427,2,2,4
237819615,2,0,2
237848041,2,1,3
238258141,2,0,2
238359126,2,2,4
238718282,2,0,2
238726380,2,0,2
238841834,2,3,5
238850015,2,0,2
238964227,2,0,2
239043505,2,0,2
239148532,2,0,2
239190457,2,0,2
239471657,2,0,2
239857777,2,27,29
240305861,2,7,9
240567108,2,1,3
240663096,2,6,8
240697075,2,21,23
240918224,2,0,2
241201438,2,16,18
241272963,2,0,2
241405108,2,3,5
241793407,2,6,8
241885795,2,0,2
241958105,2,0,2
242137063,2,7,9
242317127,2,0,2
242446038,2,0,2
242558190,2,2,4
242906591,2,0,2
242958904,2,27,29
242963110,2,1,3
243038474,2,5,7
243129384,2,0,2
243268045,2,1,3
243331278,2,180,182
243447702,2,0,2
243639047,2,0,2
243685805,2,0,2
243806101,2,1,3
244261108,2,10,12
244663587,2,5,7
244966099,2,0,2
244966902,2,0,2
244973666,2,3,5
245025428,2,19,21
245127021,2,0,2
245441097,2,4,6
245622076,2,0,2
245941967,2,0,2
246069206,2,9,11
246216912,2,0,2
246328494,2,5,7
246603066,2,1,3
246981694,2,1,3
247143987,2,0,2
247196761,2,0,2
247251969,2,0,2
247445388,2,0,2
247684341,2,0,2
247806555,2,4,6
247959776,2,2,4
247990005,2,0,2
248026545,2,0,2
248341854,2,0,2
248458312,2,0,2
248739284,2,14,16
248748998,2,0,2
248824550,2,0,2
248915848,2,0,2
248951531,2,0,2
248968663,2,0,2
249424032,2,7,9
249454322,2,0,2
249634536,2,1,3
249738177,2,0,2
249745453,2,0,2
249844021,2,6,8
250194416,2,0,2
250210601,2,1,3
250277561,2,34,36
250461234,2,0,2
250482308,2,8,10
250533381,2,0,2
250786273,2,1,3
250853910,2,0,2
250871810,2,0,2
250951895,2,0,2
250964763,2,3,5
251487577,2,0,2
251493077,2,5,7
251635952,2,0,2
251655340,2,0,2
251823723,2,5,7
251912882,2,0,2
251949523,2,0,2
251988099,2,6,8
252208542,2,0,2
252401599,2,1,3
252521771,2,0,2
252668368,2,0,2
252797422,2,0,2
252966637,2,17,19
253112666,2,0,2
253258167,2,11,13
253285890,2,1,3
253372558,2,0,2
253428532,2,12,14
253480717,2,0,2
253546222,2,0,2
253653624,2,1,3
253740939,2,0,2
253837359,2,0,2
254099520,2,3,5
254216470,2,0,2
254314901,2,0,2
254551595,2,0,2
254836859,2,7,9
254865798,2,4,6
255179519,2,0,2
255325854,2,0,2
255603140,2,0,2
256140757,2,0,2
256217733,2,0,2
256225219,2,0,2
256279398,2,0,2
256308480,2,2,4
256822347,2,0,2
257123996,2,5,7
257219396,2,0,2
257716901,2,1,3
257735479,2,0,2
257942180,2,0,2
258026081,2,51,53
258143439,2,0,2
258390373,2,0,2
258534270,2,3,5
258550964,2,0,2
258605061,2,0,2
258633117,2,0,2
258636866,2,7,9
259003928,2,4,6
259109644,2,0,2
259147714,2,0,2
259403222,2,0,2
259421736,2,0,2
259490295,2,72,74
259537321,2,0,2
259564527,2,0,2
259577625,2,0,2
259740598,2,0,2
259761195,2,0,2
260025426,2,0,2
260240585,2,0,2
260472621,2,0,2
260560359,2,0,2
260572639,2,3,5
260772564,2,0,2
261055816,2,0,2
261096925,2,0,2
261145070,2,0,2
261462277,2,0,2
261637006,2,0,2
261759178,2,0,2
262048371,2,0,2
262349771,2,296,298
262606743,2,0,2
262683865,2,4,6
262874236,2,3,5
263216178,2,0,2
263254029,2,0,2
263310916,2,3,5
263316788,2,0,2
263323635,2,0,2
263346336,2,0,2
263376660,2,25,27
263496106,2,4,6
263544397,2,0,2
263551027,2,0,2
263608284,2,1,3
263696280,2,2,4
263731089,2,0,2
263809335,2,64,66
263922326,2,0,2
263929108,2,0,2
264051339,2,0,2
264214675,2,0,2
264383384,2,4,6
264429757,2,13,15
264936596,2,0,2
265008987,2,0,2
265100622,2,0,2
265221764,2,0,2
265714407,2,0,2
265719691,2,0,2
265777213,2,0,2
266031982,2,0,2
266209233,2,2,4
266402015,2,3,5
266546063,2,0,2
266603022,2,0,2
266655848,2,0,2
266749157,2,3,5
267282474,2,4,6
267600841,2,12,14
267749411,2,0,2
268429567,2,30,32
268653902,2,0,2
268777060,2,0,2
269058519,2,0,2
269100664,2,5,7
269479912,2,0,2
269535760,2,0,2
269566390,2,0,2
269988007,2,1,3
270112547,2,0,2
270248054,2,0,2
270348298,2,0,2
270537755,2,1,3
270613457,2,11,13
271003200,2,1,3
271110741,2,1,3
271134055,2,0,2
271151507,2,0,2
271284486,2,0,2
271397818,2,0,2
271676493,2,11,13
271683341,2,0,2
271710808,2,0,2
271743356,2,2,4
271894649,2,0,2
271983748,2,0,2
272110718,2,0,2
272173769,2,8,10
272379353,2,0,2
272464509,2,2,4
272502663,2,0,2
272648974,2,0,2
272649647,2,5,7
272670300,2,0,2
273085080,2,0,2
273160040,2,2,4
273550069,2,0,2
273825758,2,0,2
274090769,2,5,7
274122713,2,0,2
274374183,2,0,2
274477867,2,0,2
274537655,2,0,2
274565646,2,5,7
274579128,2,0,2
274637491,2,0,2
274708938,2,1,3
274768241,2,9,11
274796492,2,4,6
274808764,2,0,2
274851603,2,0,2
275005312,2,0,2
275373051,2,5,7
275694486,2,0,2
275705000,2,1,3
275732175,2,49,51
276006479,2,1,3
276104649,2,0,2
276571696,2,8,10
276574172,2,0,2
276585456,2,0,2
276619089,2,0,2
276777392,2,0,2
276785622,2,0,2
277282047,2,0,2
277506971,2,0,2
277744933,2,0,2
277838801,2,0,2
277894708,2,0,2
277999049,2,0,2
278102111,2,27,29
278236063,2,0,2
278243355,2,0,2
278250174,2,0,2
278297689,2,0,2
278412895,2,0,2
278893844,2,2,4
279133142,2,0,2
279286428,2,1,3
279329541,2,1,3
280150032,2,0,2
280158384,2,2,4
280384716,2,0,2
280388554,2,0,2
280540636,2,0,2
280677214,2,0,2
280771438,2,0,2
281216964,2,0,2
281290563,2,0,2
281387863,2,1,3
281405477,2,7,9
281558748,2,1,3
281834755,2,0,2
281975802,2,0,2
282091188,2,0,2
282201296,2,0,2
282346571,2,0,2
282654434,2,7,9
282710228,2,79,81
282813843,2,8,10
282836622,2,0,2
283093391,2,0,2
283096366,2,0,2
283222019,2,0,2
283589843,2,0,2
284076960,2,0,2
284219418,2,0,2
284247834,2,8,10
284289494,2,0,2
284317432,2,0,2
284321765,2,0,2
284496384,2,0,2
284783877,2,7,9
285186497,2,0,2
285372191,2,0,2
285441571,2,0,2
285642534,2,5,7
285834495,2,0,2
285858834,2,0,2
285925478,2,7,9
286314316,2,0,2
286469588,2,1,3
286489732,2,0,2
286635604,2,0,2
287005849,2,0,2
287198003,2,0,2
287262068,2,0,2
287851174,2,10,12
287868732,2,9,11
288041411,2,19,21
288277167,2,1,3
288324786,2,0,2
288491333,2,0,2
288689548,2,5,7
288928512,2,3,5
289099894,2,14,16
289230515,2,0,2
289495860,2,0,2
289683492,2,0,2
289779446,2,0,2
290096341,2,0,2
290184444,2,1,3
290319629,2,4,6
290524469,2,0,2
290632502,2,0,2
290810286,2,8,10
290843302,2,0,2
290847074,2,0,2
291007562,2,0,2
291207929,2,0,2
291328216,2,2,4
291490081,2,2,4
291513513,2,0,2
291728804,2,0,2
291903954,2,24,26
292038619,2,2,4
292272990,2,90,92
292468351,2,4,6
292494864,2,0,2
292515758,2,0,2
292688751,2,0,2
293001765,2,0,2
293290073,2,0,2
293445832,2,24,26
293468474,2,3,5
293543641,2,0,2
293641010,2,6,8
293644644,2,0,2
293731542,2,4,6
293834510,2,0,2
294054606,2,1,3
294058435,2,0,2
294116508,2,0,2
294212675,2,1,3
294589325,2,1,3
294790792,2,0,2
295815228,2,0,2
295840281,2,0,2
295869525,2,0,2
296019070,2,0,2
296253096,2,0,2
296271758,2,7,9
296371878,2,0,2
296385642,2,1,3
296721949,2,1,3
296779066,2,1,3
296877797,2,0,2
297015736,2,0,2
297429813,2,0,2
297546385,2,8,10
297631958,2,1,3
297690193,2,4,6
297769542,2,1,3
297926266,2,0,2
298090959,2,3,5
298231124,2,0,2
298343889,2,0,2
298968040,2,0,2
299368666,2,0,2
299802277,2,6,8
300188131,2,0,2
300341625,2,0,2
300972481,2,8,10
301014412,2,0,2
301209831,2,9,11
301300430,2,0,2
301479373,2,1,3
301514936,2,3,5
301599766,2,0,2
301613161,2,0,2
301759090,2,0,2
301824832,2,1,3
302044030,2,2,4
302209106,2,0,2
302298015,2,0,2
302346908,2,117,119
302416276,2,0,2
302522483,2,0,2
302797746,2,0,2
303127485,2,0,2
303211553,2,0,2
303246692,2,0,2
303635804,2,7,9
304039720,2,0,2
304597683,2,0,2
304608372,2,0,2
305672664,2,0,2
305987067,2,0,2
306516780,2,0,2
307022378,2,0,2
307130381,2,0,2
307478223,2,0,2
307964713,2,0,2
308520123,2,2,4
308669882,2,5,7
308778138,2,0,2
308817742,2,0,2
308899152,2,0,2
309174244,2,0,2
309478340,2,0,2
309504580,2,3,5
309831556,2,0,2
309897961,2,1,3
310043443,2,2,4
310368633,2,0,2
310459697,2,0,2
310907559,2,1,3
311167475,2,22,24
311445939,2,0,2
311495093,2,0,2
311516033,2,23,25
311970867,2,0,2
312194003,2,1,3
312254991,2,0,2
312266159,2,2,4
312373111,2,0,2
312384063,2,1,3
312582218,2,0,2
312793268,2,1,3
312833734,2,0,2
313138879,2,1,3
313380539,2,0,2
313493138,2,0,2
313528740,2,0,2
313579398,2,0,2
313730702,2,41,43
314190961,2,0,2
314215559,2,1,3
314468797,2,9,11
314547401,2,12,14
314547496,2,0,2
315062407,2,0,2
315307074,2,0,2
315504266,2,0,2
315955129,2,0,2
316208642,2,32,34
316676316,2,0,2
316720641,2,1,3
316814356,2,0,2
316827079,2,0,2
316904716,2,0,2
317254236,2,0,2
317552915,2,1,3
317830240,2,1,3
317852431,2,0,2
317934141,2,0,2
318101031,2,0,2
318362292,2,0,2
318429297,2,2,4
318576019,2,0,2
318617789,2,1,3
318897110,2,0,2
318925520,2,0,2
319052739,2,1,3
319579028,2,0,2
319653073,2,0,2
319976759,2,0,2
319998587,2,0,2
320032458,2,0,2
320894404,2,0,2
321024461,2,30,32
321052552,2,0,2
321073488,2,0,2
321082871,2,9,11
321245121,2,0,2
321388638,2,1,3
321452942,2,56,58
321465751,2,0,2
321964248,2,3,5
321967654,2,13,15
322188504,2,0,2
322219037,2,7,9
322279613,2,0,2
322345001,2,0,2
322433558,2,2,4
322735335,2,6,8
322788499,2,0,2
323211718,2,0,2
323303143,2,0,2
324002806,2,7,9
324139511,2,5,7
324418696,2,0,2
325151460,2,0,2
325357449,2,16,18
325862777,2,7,9
325915534,2,0,2
325973050,2,0,2
325996119,2,0,2
326079212,2,1,3
326319661,2,1,3
326541524,2,0,2
326623754,2,18,20
326881762,2,67,69
326915244,2,1,3
326927880,2,1,3
327230946,2,0,2
327350247,2,0,2
327497267,2,0,2
327755591,2,1,3
327994948,2,0,2
328190896,2,1,3
328220889,2,2,4
328584734,2,10,12
328605837,2,0,2
328651328,2,1,3
328678586,2,0,2
328708063,2,2,4
328724888,2,0,2
328868617,2,0,2
328872922,2,0,2
329060214,2,0,2
329099920,2,0,2
329154926,2,0,2
329167924,2,0,2
329966600,2,32,34
330048553,2,0,2
330072972,2,4,6
330398768,2,26,28
330534146,2,0,2
330606743,2,0,2
330724595,2,0,2
331253116,2,0,2
331406813,2,25,27
331913979,2,1,3
331929278,2,1,3
331951488,2,5,7
332214778,2,1,3
332222148,2,0,2
332453452,2,0,2
332623938,2,0,2
333065305,2,2,4
333488499,2,3,5
333538831,2,8,10
333715643,2,0,2
333728166,2,0,2
333744554,2,0,2
333861798,2,0,2
334095331,2,0,2
334412798,2,0,2
334624117,2,3,5
334890757,2,0,2
335005143,2,0,2
335293686,2,6,8
335350290,2,0,2
335426737,2,3,5
335438512,2,0,2
335517892,2,1,3
335593292,2,8,10
335643550,2,0,2
336157306,2,8,10
336801194,2,6,8
336930396,2,3,5
337088364,2,7,9
337432986,2,0,2
337438684,2,4,6
337760097,2,1,3
338045174,2,0,2
338254828,2,0,2
338740511,2,0,2
339083472,2,3,5
339117930,2,0,2
339246375,2,5,7
339348186,2,0,2
339387432,2,0,2
339766869,2,0,2
339837407,2,0,2
339913534,2,0,2
340428751,2,0,2
340497276,2,0,2
340518511,2,5,7
340683368,2,4,6
340726856,2,0,2
340746141,2,0,2
340888859,2,0,2
341602491,2,9,11
341680511,2,0,2
341805227,2,5,7
341828997,2,0,2
341867027,2,2,4
342590024,2,0,2
342847221,2,0,2
342996178,2,1,3
343473332,2,0,2
343546234,2,6,8
343608622,2,0,2
343808457,2,0,2
343838107,2,0,2
343970818,2,0,2
344232045,2,1,3
344812667,2,8,10
344841425,2,0,2
344848697,2,0,2
344888334,2,0,2
344901573,2,0,2
344983372,2,0,2
345010925,2,1,3
345035453,2,39,41
345075357,2,1,3
345282673,2,0,2
345330992,2,0,2
345428637,2,0,2
345455112,2,5,7
345511631,2,0,2
345669823,2,0,2
345685294,2,0,2
346328849,2,0,2
346337516,2,0,2
346532435,2,4,6
346737271,2,0,2
346905146,2,1,3
347053514,2,0,2
347183541,2,0,2
347534990,2,0,2
347574326,2,0,2
347592816,2,0,2
347628000,2,0,2
347880292,2,0,2
348219347,2,0,2
348243955,2,0,2
348433950,2,2,4
348862535,2,0,2
348876207,2,5,7
348998306,2,1,3
349168615,2,0,2
349305915,2,0,2
349427898,2,0,2
349529945,2,6,8
349795261,2,0,2
349831649,2,0,2
349933661,2,0,2
350167818,2,8,10
350348767,2,0,2
350614788,2,1,3
350623816,2,0,2
350719289,2,0,2
350874814,2,0,2
351013921,2,0,2
351058351,2,0,2
351315869,2,0,2
351400120,2,9,11
351433890,2,0,2
351512459,2,1,3
351640346,2,0,2
351730076,2,0,2
351921185,2,0,2
351994845,2,0,2
352218498,2,0,2
352367157,2,0,2
352652343,2,5,7
352685477,2,4,6
352729313,2,0,2
353075162,2,0,2
353210692,2,0,2
353488216,2,2,4
353516383,2,0,2
353737179,2,0,2
354499885,2,8,10
354697101,2,0,2
355148678,2,0,2
355728751,2,18,20
355730680,2,0,2
355771775,2,0,2
356128650,2,0,2
357077881,2,0,2
357110377,2,2,4
357425652,2,0,2
357961200,2,0,2
358489917,2,11,13
358537980,2,0,2
358610010,2,0,2
359590742,2,0,2
359819588,2,0,2
359836904,2,0,2
360320296,2,3,5
360340123,2,0,2
360418183,2,0,2
360559289,2,0,2
360887816,2,0,2
361498497,2,3,5
361512988,2,0,2
361659023,2,0,2
362188621,2,0,2
362694376,2,2,4
362890507,2,0,2
363061428,2,0,2
363162881,2,0,2
363794949,2,0,2
364005318,2,0,2
364194053,2,3,5
364489423,2,0,2
365014074,2,1,3
365944961,2,0,2
366216510,2,0,2
366585225,2,0,2
367006568,2,0,2
367186898,2,0,2
367218289,2,2,4
367777578,2,0,2
367962727,2,2,4
368070942,2,1,3
368085418,2,7,9
368335643,2,16,18
368351397,2,0,2
368482835,2,2,4
368560223,2,0,2
369020298,2,0,2
369352400,2,0,2
369369070,2,0,2
369571463,2,0,2
370119556,2,0,2
370488128,2,0,2
370869802,2,1,3
371105155,2,0,2
371266391,2,0,2
371526187,2,0,2
371529507,2,0,2
371646780,2,0,2
371872026,2,0,2
371962353,2,0,2
371978408,2,1,3
372022309,2,1,3
372036119,2,2,4
372041712,2,0,2
372379454,2,0,2
372478864,2,0,2
373033461,2,2,4
373131942,2,0,2
373145851,2,0,2
373283132,2,2,4
373305440,2,0,2
373499013,2,0,2
373545427,2,6,8
373573582,2,0,2
373601625,2,2,4
373667727,2,0,2
374001462,2,0,2
374041135,2,0,2
374138602,2,11,13
374261392,2,1,3
374283231,2,1,3
374298219,2,0,2
374506072,2,0,2
374651419,2,0,2
374830971,2,8,10
374876476,2,0,2
377021501,2,0,2
377043561,2,0,2
377162832,2,0,2
377455876,2,0,2
377626218,2,0,2
377650276,2,0,2
378036328,2,0,2
378126181,2,3,5
378126778,2,0,2
378223718,2,0,2
378298356,2,2,4
378856675,2,0,2
378870351,2,1,3
379291395,2,0,2
379329076,2,0,2
379392631,2,0,2
379400351,2,0,2
379457099,2,2,4
379580556,2,0,2
380038270,2,13,15
380072188,2,0,2
380109737,2,1,3
380469541,2,0,2
380601943,2,0,2
380607398,2,0,2
380632052,2,0,2
380682592,2,1,3
380949039,2,26,28
381078471,2,5,7
381114903,2,0,2
381185418,2,0,2
381618515,2,0,2
381748059,2,0,2
382079464,2,0,2
382100372,2,0,2
382454800,2,3,5
383029034,2,0,2
383277317,2,0,2
383331639,2,0,2
383385447,2,7,9
383465756,2,0,2
383934900,2,0,2
384187577,2,0,2
384233102,2,5,7
384317226,2,0,2
384528262,2,19,21
384588279,2,0,2
384612596,2,15,17
384632711,2,1,3
384903405,2,0,2
384979447,2,0,2
385030138,2,0,2
385140254,2,0,2
385247322,2,0,2
385453786,2,0,2
385617137,2,0,2
385648976,2,0,2
385687829,2,0,2
385797341,2,0,2
386034701,2,2,4
386036080,2,0,2
386090786,2,0,2
386102578,2,28,30
386326268,2,0,2
386711843,2,0,2
386760225,2,1,3
386804503,2,1,3
386873590,2,1,3
387116008,2,20,22
387422287,2,0,2
387527691,2,0,2
387765512,2,0,2
388348314,2,1,3
388387797,2,4,6
388664756,2,1,3
388942337,2,0,2
388953994,2,0,2
389219984,2,1,3
389440116,2,0,2
389470429,2,2,4
389516094,2,1,3
389727116,2,1,3
389861495,2,0,2
389881023,2,0,2
390009714,2,0,2
390164649,2,3,5
390230379,2,0,2
390533335,2,7,9
390547556,2,8,10
390581131,2,7,9
391057503,2,0,2
391247059,2,0,2
391464226,2,9,11
391544447,2,43,45
391696274,2,1,3
391795121,2,0,2
392398746,2,3,5
392647078,2,0,2
392765317,2,0,2
393017714,2,0,2
393109867,2,0,2
393186059,2,8,10
393653861,2,0,2
393795446,2,0,2
394139038,2,1,3
394315460,2,0,2
394682462,2,0,2
395250756,2,0,2
395307943,2,0,2
395394840,2,1,3
395473463,2,0,2
395484189,2,1,3
396043963,2,0,2
396148023,2,14,16
396218442,2,0,2
396229995,2,0,2
396894164,2,0,2
396984793,2,0,2
397500827,2,1,3
397593353,2,1,3
397659786,2,0,2
397759508,2,1,3
398201237,2,0,2
398824766,2,0,2
398897431,2,4,6
399002403,2,8,10
399184212,2,2,4
399219301,2,0,2
399221791,2,0,2
399469139,2,0,2
399648746,2,36,38
399748718,2,0,2
400910775,2,0,2
401071244,2,0,2
401493768,2,0,2
401561641,2,0,2
401771162,2,32,34
401959601,2,0,2
402271995,2,0,2
402358586,2,0,2
402413259,2,0,2
402449407,2,0,2
402844554,2,0,2
402873103,2,0,2
403369351,2,0,2
403587573,2,3,5
403783818,2,11,13
403849149,2,2,4
403888647,2,0,2
403929282,2,0,2
404321828,2,7,9
404460410,2,4,6
404493171,2,5,7
404846338,2,1,3
404875213,2,1,3
405207928,2,0,2
405555155,2,0,2
405872575,2,0,2
406041472,2,0,2
406114131,2,1,3
406171016,2,4,6
406295914,2,9,11
406409560,2,0,2
406530891,2,0,2
406565704,2,0,2
406665617,2,0,2
407004470,2,4,6
408078011,2,2,4
408091224,2,0,2
408321258,2,0,2
408570531,2,3,5
408656830,2,0,2
408867251,2,0,2
408906528,2,1,3
408915090,2,0,2
408963949,2,0,2
409605880,2,9,11
409953320,2,1,3
410317301,2,0,2
410432698,2,0,2
410810987,2,0,2
410828784,2,0,2
410986068,2,0,2
412918723,2,0,2
413070329,2,3,5
413368459,2,4,6
413503321,2,1,3
413623876,2,0,2
413643225,2,2,4
413729818,2,0,2
413993392,2,0,2
414027389,2,0,2
414073598,2,0,2
414129834,2,0,2
414148059,2,0,2
414239235,2,3,5
414412006,2,9,11
414726712,2,0,2
414897938,2,1,3
415050550,2,0,2
415111363,2,0,2
415532798,2,2,4
415545153,2,0,2
415798824,2,0,2
415900763,2,0,2
416602633,2,5,7
417208964,2,133,135
417557187,2,0,2
417587465,2,0,2
417935598,2,0,2
418328659,2,0,2
418378973,2,0,2
418445741,2,0,2
418564714,2,0,2
418612597,2,1,3
418733004,2,0,2
419103327,2,7,9
419287862,2,0,2
419320475,2,2,4
419905792,2,0,2
419930249,2,0,2
420083874,2,0,2
420094330,2,0,2
420374546,2,0,2
420426010,2,0,2
420931932,2,0,2
421403944,2,1,3
422498000,2,0,2
422928277,2,0,2
422973903,2,0,2
423722290,2,0,2
423854767,2,0,2
424098061,2,0,2
424210801,2,9,11
424318034,2,1,3
424758801,2,0,2
425204803,2,3,5
425260396,2,17,19
425342323,2,0,2
425627161,2,0,2
426078171,2,0,2
426296388,2,0,2
426580897,2,0,2
426760553,2,0,2
426948942,2,0,2
427709444,2,0,2
427900160,2,0,2
427926529,2,0,2
427963457,2,0,2
428420599,2,0,2
428595667,2,3,5
428877231,2,0,2
428883455,2,0,2
429272717,2,1,3
429435147,2,0,2
429468186,2,0,2
429599715,2,14,16
430004813,2,0,2
430276091,2,0,2
430390627,2,0,2
430437851,2,0,2
431086184,2,0,2
431095265,2,0,2
431170638,2,0,2
431214016,2,0,2
431310372,2,1,3
432054538,2,0,2
432064754,2,0,2
432067574,2,0,2
432309577,2,0,2
432663293,2,2,4
433499213,2,0,2
433603449,2,1,3
433890626,2,0,2
433934607,2,0,2
434047875,2,0,2
434269162,2,1,3
434461134,2,0,2
435068664,2,0,2
435319705,2,0,2
435358969,2,0,2
435363943,2,0,2
435435062,2,0,2
436050850,2,0,2
436237255,2,1,3
436364902,2,0,2
436796988,2,0,2
436942508,2,11,13
437507293,2,0,2
437763516,2,0,2
437782454,2,0,2
438192594,2,1,3
438365593,2,0,2
438717538,2,1,3
439228341,2,0,2
439300403,2,0,2
439324393,2,0,2
439785790,2,0,2
440256362,2,0,2
440259859,2,0,2
440268012,2,0,2
440290073,2,0,2
440336268,2,1,3
440854388,2,4,6
441447400,2,0,2
441461703,2,1,3
441783154,2,0,2
442289156,2,0,2
442480428,2,0,2
442649949,2,6,8
442694461,2,11,13
443245458,2,0,2
443316920,2,0,2
443671074,2,0,2
443909195,2,0,2
444197346,2,0,2
444225252,2,6,8
444834307,2,0,2
444852888,2,0,2
444960718,2,0,2
445253006,2,0,2
445813829,2,6,8
445875749,2,0,2
445880830,2,0,2
445926838,2,1,3
446400829,2,0,2
446738627,2,0,2
447248678,2,0,2
447506599,2,0,2
447718700,2,0,2
447976966,2,0,2
448142012,2,7,9
448457746,2,0,2
448543265,2,0,2
449241822,2,0,2
449399440,2,0,2
449451484,2,8,10
450733067,2,1,3
450735849,2,1,3
450921524,2,19,21
451103923,2,3,5
451120217,2,0,2
451149366,2,0,2
451153126,2,0,2
451658910,2,0,2
451875843,2,0,2
451938018,2,0,2
452107568,2,1,3
452471922,2,1,3
452506416,2,0,2
452621105,2,0,2
452665144,2,0,2
452702086,2,0,2
452723224,2,1,3
452801620,2,0,2
453327331,2,0,2
453370609,2,0,2
453385090,2,1,3
453454007,2,5,7
453511327,2,0,2
454114771,2,0,2
454606104,2,0,2
454823962,2,0,2
455213121,2,0,2
455220438,2,0,2
455434242,2,0,2
455478288,2,0,2
455718962,2,0,2
455751568,2,0,2
456383038,2,0,2
456761281,2,1,3
456853520,2,0,2
456978105,2,0,2
457197906,2,0,2
457254211,2,0,2
457664731,2,1,3
458166936,2,2,4
458419013,2,3,5
458430196,2,17,19
458768756,2,0,2
458788764,2,5,7
458792938,2,9,11
459454101,2,0,2
459621192,2,11,13
459629583,2,0,2
459682741,2,0,2
459688324,2,0,2
459929541,2,0,2
460423713,2,0,2
460635191,2,0,2
460670936,2,0,2
460977654,2,0,2
461672663,2,0,2
461686420,2,2,4
461720060,2,5,7
462421836,2,0,2
463061109,2,2,4
463319901,2,0,2
463370598,2,1,3
463495421,2,0,2
463511716,2,0,2
464358304,2,0,2
464461104,2,1,3
464754405,2,0,2
464769373,2,1,3
464791310,2,0,2
465139983,2,5,7
465164003,2,1,3
465583780,2,0,2
465677066,2,0,2
465818037,2,0,2
465993873,2,0,2
466870769,2,0,2
467480518,2,0,2
467654914,2,0,2
468294875,2,0,2
468628823,2,0,2
468993872,2,0,2
469484667,2,7,9
469713385,2,2,4
469932950,2,0,2
470312938,2,44,46
470576174,2,0,2
470726943,2,59,61
470804872,2,0,2
470850720,2,0,2
471343530,2,0,2
471411690,2,0,2
471414589,2,0,2
471508034,2,0,2
471546419,2,0,2
471574555,2,0,2
471592068,2,1,3
471675818,2,2,4
472308972,2,0,2
472492727,2,0,2
472777969,2,0,2
472850865,2,0,2
472975980,2,0,2
473054244,2,1,3
473127344,2,0,2
473185117,2,0,2
473358959,2,0,2
473461572,2,0,2
473464602,2,1,3
473479952,2,0,2
473565025,2,16,18
474115232,2,0,2
474281575,2,0,2
474755598,2,0,2
474917204,2,4,6
475090830,2,0,2
475120000,2,1,3
475533565,2,0,2
476150945,2,0,2
476186272,2,0,2
476213663,2,0,2
476356883,2,0,2
476467094,2,0,2
476732456,2,3,5
477007590,2,12,14
477048139,2,0,2
477111103,2,2,4
477146859,2,0,2
477341274,2,0,2
477405956,2,0,2
477532742,2,0,2
477734625,2,0,2
477761583,2,0,2
477960113,2,2,4
478325517,2,2,4
479005246,2,0,2
479373693,2,0,2
479411875,2,0,2
479729555,2,0,2
479859735,2,1,3
480521817,2,0,2
481346386,2,0,2
481449065,2,0,2
481778345,2,0,2
482043594,2,0,2
482092987,2,1,3
482177360,2,0,2
482319564,2,11,13
482526805,2,0,2
482595199,2,1,3
482659595,2,2,4
483076902,2,2,4
483361124,2,0,2
483450448,2,0,2
483969513,2,0,2
484367218,2,16,18
484433480,2,0,2
485150190,2,0,2
485364212,2,0,2
485749158,2,2,4
486091791,2,0,2
486277575,2,0,2
486483376,2,0,2
487636923,2,4,6
487804016,2,0,2
487854862,2,0,2
487994424,2,0,2
488046435,2,1,3
488290527,2,0,2
488546287,2,0,2
488750838,2,0,2
488799600,2,13,15
489949478,2,0,2
490208425,2,0,2
490603778,2,0,2
490788493,2,0,2
490946441,2,4,6
491225365,2,2,4
491476321,2,2,4
491549642,2,0,2
491784444,2,0,2
491940040,2,0,2
492707698,2,0,2
492762935,2,0,2
492804722,2,0,2
493189485,2,0,2
493436504,2,0,2
494401428,2,7,9
494410337,2,0,2
495032335,2,0,2
495917922,2,0,2
496047763,2,9,11
496455019,2,0,2
496974569,2,0,2
497265429,2,0,2
497328891,2,0,2
497417754,2,0,2
497613819,2,6,8
498376138,2,1,3
498968763,2,1,3
499160195,2,0,2
499272004,2,0,2
499298530,2,0,2
499335821,2,0,2
499786122,2,0,2
500278617,2,2,4
500374269,2,0,2
500448610,2,0,2
500955077,2,0,2
500979021,2,0,2
501137249,2,0,2
501392817,2,0,2
501942948,2,4,6
502150253,2,0,2
503835655,2,0,2
504118626,2,0,2
504797143,2,0,2
504897651,2,0,2
504932893,2,0,2
505103050,2,1,3
505867056,2,0,2
506429053,2,1,3
506478692,2,0,2
506623802,2,0,2
506678232,2,0,2
507618692,2,0,2
507825665,2,0,2
508082768,2,0,2
508211004,2,0,2
508755821,2,0,2
508816367,2,0,2
509250349,2,0,2
509348757,2,28,30
509696506,2,0,2
509797735,2,2,4
510620192,2,0,2
510756694,2,0,2
511083115,2,0,2
511479719,2,0,2
512459340,2,1,3
512498711,2,0,2
512814104,2,0,2
513128225,2,0,2
513775722,2,15,17
513864386,2,1,3
514437128,2,0,2
514719126,2,0,2
514725574,2,0,2
514997523,2,1,3
515643290,2,11,13
515953474,2,0,2
516115677,2,0,2
516707871,2,0,2
517930227,2,0,2
517942019,2,0,2
518043012,2,0,2
518043939,2,17,19
518169799,2,0,2
518641297,2,1,3
518828743,2,0,2
518905741,2,0,2
519112303,2,0,2
519843371,2,1,3
520039848,2,0,2
520077932,2,5,7
520165198,2,0,2
520388961,2,0,2
520836673,2,0,2
521803821,2,0,2
521869396,2,1,3
522222488,2,1,3
522709518,2,0,2
522788050,2,0,2
523439793,2,23,25
523496496,2,15,17
523730458,2,0,2
524529415,2,0,2
524680534,2,0,2
524816493,2,7,9
524916657,2,0,2
525035401,2,1,3
525172387,2,0,2
525399046,2,0,2
525445526,2,2,4
525641368,2,0,2
525767833,2,0,2
525897133,2,1,3
526000287,2,4,6
526610523,2,0,2
526642776,2,2,4
527041602,2,16,18
527832439,2,0,2
527921859,2,0,2
528615281,2,0,2
528828787,2,0,2
528930143,2,0,2
529584742,2,0,2
529600847,2,0,2
529760866,2,0,2
529778173,2,0,2
529902246,2,2,4
531381788,2,9,11
531529183,2,0,2
531753835,2,0,2
531811720,2,0,2
531836732,2,0,2
531972192,2,0,2
532470877,2,0,2
532636929,2,0,2
532779460,2,2,4
532940934,2,0,2
533275706,2,1,3
533582843,2,0,2
533833243,2,0,2
534789515,2,4,6
535976909,2,0,2
535993853,2,0,2
536942865,2,0,2
537314214,2,0,2
537327467,2,0,2
537527953,2,1,3
537712583,2,0,2
538371816,2,2,4
538570597,2,23,25
538639867,2,0,2
538787226,2,0,2
539304637,2,0,2
539471220,2,0,2
539948804,2,0,2
540112780,2,0,2
540160989,2,0,2
540553659,2,1,3
540575373,2,1,3
541220277,2,1,3
541241845,2,0,2
541399134,2,0,2
541499063,2,1,3
541764461,2,0,2
541979062,2,0,2
542339235,2,0,2
542675438,2,0,2
542846403,2,5,7
542993760,2,0,2
543076474,2,0,2
543126181,2,1,3
543209508,2,0,2
543875276,2,0,2
544012988,2,5,7
544304386,2,0,2
544572724,2,0,2
544748061,2,0,2
545082612,2,0,2
545280966,2,0,2
545643280,2,1,3
547142836,2,0,2
547245887,2,1,3
547615079,2,2,4
547654112,2,0,2
547900791,2,0,2
548209638,2,0,2
548249031,2,7,9
548657123,2,0,2
549248840,2,0,2
549367327,2,79,81
549481375,2,0,2
549490712,2,1,3
550145855,2,0,2
550361773,2,0,2
550497388,2,1,3
550762158,2,0,2
550934472,2,0,2
551313172,2,0,2
551329806,2,0,2
551372332,2,152,154
551485810,2,0,2
551585520,2,0,2
551885169,2,0,2
552157759,2,4,6
552265582,2,0,2
552621458,2,2,4
553156514,2,0,2
553822388,2,0,2
554057633,2,0,2
554275797,2,9,11
554714523,2,1,3
555581996,2,0,2
555866443,2,0,2
556256860,2,3,5
556465338,2,0,2
556479935,2,0,2
556596737,2,0,2
557396432,2,0,2
557408330,2,0,2
557410202,2,0,2
557817579,2,0,2
557846162,2,31,33
557916334,2,0,2
558048476,2,0,2
559602933,2,2,4
559884899,2,1,3
560198159,2,1,3
560420437,2,2,4
560523819,2,0,2
560662754,2,0,2
561001762,2,0,2
561492261,2,0,2
561902266,2,5,7
561970498,2,0,2
562252893,2,4,6
562311384,2,0,2
562370664,2,0,2
562383308,2,0,2
562419999,2,3,5
562817504,2,0,2
564368350,2,13,15
564976987,2,0,2
565050704,2,0,2
565094293,2,3,5
565551564,2,0,2
565900499,2,0,2
566498973,2,0,2
566516709,2,0,2
566831256,2,0,2
567303589,2,0,2
567345835,2,0,2
567539169,2,2,4
567636574,2,11,13
567899750,2,0,2
567968367,2,0,2
569203468,2,2,4
570366065,2,0,2
570547481,2,0,2
570997344,2,0,2
571142680,2,1,3
571352961,2,1,3
572194455,2,0,2
572889036,2,0,2
572910406,2,7,9
572916925,2,0,2
573234084,2,3,5
573259476,2,1,3
574017058,2,0,2
574060708,2,0,2
574345139,2,0,2
574911627,2,0,2
576447628,2,0,2
576736653,2,0,2
576846473,2,0,2
576874857,2,0,2
577450846,2,2,4
577808775,2,4,6
577835845,2,1,3
578321883,2,0,2
578613484,2,0,2
579474545,2,51,53
579852349,2,9,11
579882649,2,26,28
580173870,2,0,2
580191779,2,4,6
580288876,2,0,2
580447960,2,9,11
581241345,2,0,2
581367526,2,0,2
581659694,2,0,2
581870726,2,0,2
582159696,2,0,2
582378986,2,0,2
582404940,2,0,2
583127483,2,0,2
583130237,2,0,2
583185402,2,0,2
583570131,2,0,2
583649520,2,0,2
583968920,2,0,2
584123572,2,1,3
584307166,2,1,3
584532234,2,0,2
584784407,2,0,2
584982511,2,0,2
585509557,2,8,10
585788694,2,0,2
585840548,2,0,2
586307103,2,1,3
586455829,2,0,2
586695336,2,0,2
586833751,2,0,2
587048685,2,0,2
587107096,2,0,2
587351226,2,0,2
587775402,2,0,2
587781450,2,0,2
587894045,2,0,2
588125997,2,5,7
588619840,2,1,3
588650019,2,0,2
588732207,2,8,10
588737569,2,0,2
588908433,2,2,4
589494145,2,0,2
589673643,2,1,3
589762826,2,3,5
590178524,2,3,5
590431139,2,4,6
591169299,2,5,7
591861856,2,1,3
594402451,2,1,3
594673276,2,0,2
595326357,2,0,2
595768014,2,0,2
595799978,2,0,2
595911174,2,0,2
596528853,2,69,71
596735345,2,0,2
598514283,2,0,2
598701017,2,0,2
598734826,2,0,2
598802590,2,1,3
598822866,2,0,2
598934359,2,0,2
599212658,2,0,2
599704350,2,0,2
599851722,2,0,2
600287527,2,0,2
600392208,2,0,2
600638083,2,1,3
600641891,2,0,2
600979200,2,0,2
601021985,2,2,4
601074162,2,0,2
601172972,2,0,2
602449513,2,4,6
602673974,2,0,2
602834681,2,0,2
602871353,2,0,2
603087747,2,0,2
603283025,2,0,2
603329260,2,0,2
603923041,2,36,38
604136708,2,0,2
605007310,2,1,3
605187131,2,0,2
605905564,2,0,2
605945975,2,0,2
606439008,2,42,44
607553103,2,0,2
607809054,2,0,2
608504982,2,0,2
608772115,2,0,2
608788963,2,2,4
609013067,2,0,2
609054736,2,0,2
610145929,2,0,2
610161866,2,0,2
610571404,2,0,2
610689845,2,0,2
610779358,2,0,2
611277990,2,0,2
611956481,2,0,2
612120673,2,0,2
612297082,2,0,2
612769925,2,0,2
613874818,2,0,2
613923436,2,0,2
614197117,2,0,2
614597914,2,0,2
614634704,2,0,2
614986100,2,0,2
615105980,2,0,2
615534948,2,0,2
615544907,2,0,2
615733239,2,0,2
616066573,2,0,2
616143918,2,0,2
616446660,2,0,2
616458683,2,32,34
616682778,2,0,2
617322995,2,0,2
617431371,2,1,3
617534354,2,0,2
617825073,2,60,62
618052821,2,0,2
618484903,2,0,2
618584235,2,1,3
618630233,2,0,2
618709104,2,0,2
619023862,2,1,3
619089258,2,0,2
619100381,2,0,2
619267636,2,0,2
619433818,2,0,2
619837506,2,16,18
619876080,2,0,2
620309171,2,0,2
620327637,2,0,2
620462648,2,2,4
620463335,2,21,23
620467918,2,14,16
620543226,2,7,9
620611483,2,0,2
620645569,2,1,3
620775717,2,0,2
620966587,2,0,2
621463911,2,0,2
621468996,2,22,24
622249753,2,0,2
622522359,2,0,2
622766575,2,0,2
623198116,2,0,2
623225879,2,0,2
623794918,2,3,5
624142404,2,0,2
624169923,2,0,2
624253829,2,0,2
624376674,2,0,2
624774427,2,12,14
624975363,2,0,2
625229072,2,0,2
625546695,2,0,2
625898313,2,0,2
626226959,2,0,2
626354357,2,0,2
626409733,2,4,6
626659639,2,0,2
626716268,2,0,2
627608977,2,0,2
628915557,2,0,2
628981072,2,0,2
629144773,2,0,2
629161818,2,0,2
629369330,2,4,6
629898681,2,0,2
630064089,2,0,2
630438602,2,0,2
630562100,2,0,2
630668817,2,0,2
630706763,2,10,12
630773403,2,0,2
631145276,2,0,2
631279708,2,0,2
631494194,2,0,2
632119874,2,0,2
632347405,2,0,2
632362956,2,0,2
632455074,2,0,2
632793529,2,1,3
633537082,2,0,2
633913421,2,2,4
633966623,2,0,2
633972408,2,87,89
634274768,2,24,26
634700211,2,3,5
634722562,2,0,2
634810301,2,0,2
634912392,2,0,2
635238084,2,0,2
635723948,2,10,12
636434377,2,0,2
636599936,2,21,23
636602792,2,13,15
637129237,2,1,3
637218876,2,0,2
637284025,2,4,6
637303118,2,0,2
700585127,2,0,2
701258111,2,8,10
701612912,2,4,6
701836814,2,0,2
702168266,2,0,2
704057644,2,0,2
704952570,2,19,21
706419509,2,0,2
707076013,2,0,2
707132776,2,0,2
707210756,2,20,22
707809446,2,0,2
708211100,2,0,2
708307981,2,0,2
708522042,2,0,2
709290341,2,0,2
709315100,2,0,2
709521655,2,27,29
709983576,2,1,3
710985480,2,0,2
711116378,2,0,2
711192812,2,0,2
712787119,2,28,30
712987278,2,0,2
713616628,2,0,2
714721235,2,0,2
715055206,2,1,3
715228825,2,11,13
715357778,2,0,2
715973127,2,1,3
716146946,2,0,2
716707620,2,0,2
716725957,2,0,2
718444236,2,0,2
718487389,2,0,2
718666860,2,0,2
718818558,2,0,2
719220217,2,0,2
719362796,2,0,2
719825959,2,0,2
720511662,2,14,16
720911684,2,0,2
721855952,2,0,2
722947674,2,21,23
722964954,2,0,2
723255211,2,2,4
723663031,2,0,2
724136238,2,0,2
725075832,2,0,2
725367684,2,0,2
726506916,2,0,2
726543253,2,0,2
726809792,2,0,2
727854336,2,1,3
728048323,2,5,7
729157237,2,0,2
729783218,2,0,2
730244006,2,0,2
731204742,2,0,2
732042865,2,0,2
732539580,2,0,2
732915888,2,1,3
733265461,2,0,2
733385203,2,0,2
733451022,2,0,2
735019422,2,0,2
736062678,2,1,3
737232126,2,6,8
737330616,2,0,2
737588660,2,1,3
738512046,2,2,4
739150746,2,2,4
739215787,2,0,2
739298731,2,0,2
740920470,2,6,8
741381475,2,0,2
742020926,2,0,2
742517287,2,0,2
742947103,2,4,6
743149370,2,0,2
744082452,2,0,2
744253518,2,0,2
744338276,2,0,2
744726008,2,3,5
745248356,2,0,2
746283834,2,0,2
746484920,2,0,2
747757680,2,4,6
748101098,2,0,2
748122990,2,0,2
748273914,2,0,2
749183748,2,0,2
750192324,2,0,2
750215064,2,0,2
751206314,2,0,2
751329602,2,1,3
752803826,2,1,3
755313499,2,0,2
755425237,2,1,3
755751559,2,1,3
755829115,2,16,18
755852694,2,49,51
755884291,2,0,2
756095948,2,0,2
756240828,2,0,2
756813450,2,0,2
756949772,2,2,4
757270447,2,0,2
757963934,2,0,2
758054623,2,0,2
758239644,2,0,2
759098060,2,1,3
759443978,2,0,2
759541952,2,3,5
761320712,2,1,3
762985064,2,0,2
763126172,2,0,2
763627830,2,8,10
763697155,2,0,2
764476890,2,1,3
766008188,2,18,20
766132800,2,3,5
767581315,2,0,2
768033134,2,1,3
768114732,2,1,3
769038992,2,0,2
771265748,2,0,2
772361186,2,0,2
772659860,2,0,2
774614126,2,0,2
775981700,2,0,2
777600510,2,0,2
779142210,2,0,2
779355458,2,1,3
779603977,2,0,2
780375846,2,4,6
780735704,2,5,7
780802255,2,0,2
781359752,2,20,22
781857175,2,41,43
782733648,2,0,2
783265849,2,0,2
784550269,2,0,2
786033955,2,1,3
787197728,2,0,2
787352840,2,0,2
787816724,2,0,2
788005932,2,0,2
788045611,2,1,3
788206657,2,0,2
789365244,2,12,14
789671180,2,0,2
790078980,2,0,2
790645802,2,0,2
790737018,2,16,18
792157525,2,6,8
792359947,2,0,2
792807205,2,2,4
795302137,2,0,2
796493114,2,44,46
796566313,2,0,2
796895119,2,0,2
797221861,2,0,2
797527482,2,0,2
798813079,2,0,2
798977636,2,1,3
799299750,2,1,3
800690532,2,0,2
800724559,2,0,2
801114176,2,0,2
801115910,2,0,2
801629904,2,2,4
801771348,2,0,2
801871916,2,0,2
802041914,2,1,3
805709276,2,0,2
806075419,2,1,3
806435438,2,9,11
807889344,2,0,2
807957037,2,2,4
809098482,2,0,2
809661944,2,1,3
809887021,2,5,7
810126996,2,0,2
810248118,2,0,2
810535520,2,0,2
810556008,2,0,2
810886350,2,8,10
810887786,2,0,2
811159314,2,0,2
811356452,2,0,2
811604010,2,0,2
812863092,2,0,2
812902183,2,0,2
813684102,2,0,2
814358418,2,0,2
814443992,2,11,13
815566380,2,3,5
816480408,2,0,2
816550878,2,0,2
816658735,2,0,2
817166696,2,0,2
818305568,2,0,2
818665442,2,0,2
819739788,2,9,11
819774414,2,0,2
819809856,2,0,2
820370688,2,3,5
822269983,2,0,2
822318182,2,9,11
822429432,2,0,2
822663973,2,2,4
823022586,2,0,2
823827516,2,0,2
824334727,2,0,2
825690090,2,3,5
826341258,2,11,13
827599675,2,0,2
827618384,2,4,6
828097458,2,0,2
828958231,2,0,2
829710272,2,0,2
829969501,2,1,3
831905911,2,0,2
832325491,2,0,2
832402662,2,0,2
833182464,2,13,15
835894628,2,0,2
836275021,2,0,2
836522306,2,0,2
836640187,2,7,9
836910416,2,0,2
837726396,2,0,2
838577412,2,1,3
840844440,2,3,5
840897667,2,0,2
843492458,2,0,2
843849716,2,0,2
843902546,2,0,2
844085474,2,0,2
844386798,2,0,2
844704811,2,4,6
845819990,2,0,2
845867918,2,1,3
845937032,2,0,2
848098368,2,0,2
848434886,2,8,10
848599800,2,0,2
848788526,2,0,2
849475530,2,0,2
849521965,2,0,2
850048514,2,0,2
850550839,2,0,2
850800331,2,0,2
851642136,2,1,3
853791866,2,10,12
855020682,2,1,3
855561408,2,0,2
856711969,2,2,4
856956782,2,0,2
858391585,2,0,2
858942456,2,0,2
859387057,2,6,8
860616026,2,0,2
860646619,2,0,2
860803369,2,1,3
861634554,2,0,2
861928392,2,0,2
862374578,2,0,2
865206576,2,1,3
865436508,2,0,2
865545234,2,0,2
865586209,2,6,8
865590798,2,0,2
866157062,2,0,2
867019993,2,55,57
867433136,2,0,2
871660705,2,0,2
871870586,2,0,2
872216179,2,1,3
872906970,2,0,2
874367360,2,0,2
874549405,2,0,2
874617270,2,0,2
874707770,2,0,2
874709941,2,1,3
874714124,2,0,2
874747374,2,0,2
874821091,2,1,3
874829737,2,0,2
876115183,2,0,2
876218460,2,0,2
877671313,2,7,9
877912404,2,0,2
882677060,2,1,3
883356475,2,2,4
883500955,2,5,7
885596407,2,0,2
885689940,2,0,2
885698071,2,0,2
885738362,2,0,2
885795433,2,0,2
885899647,2,0,2
885909877,2,0,2
885995240,2,0,2
886183075,2,0,2
887513180,2,0,2
888420325,2,0,2
888672024,2,5,7
888704456,2,83,85
889106137,2,13,15
891246133,2,16,18
891302821,2,0,2
892297790,2,2,4
892445370,2,6,8
893226348,2,0,2
893437940,2,0,2
894212066,2,0,2
894551101,2,1,3
895644630,2,0,2
896525809,2,0,2
898881511,2,0,2
898883640,2,0,2
899003766,2,12,14
899812514,2,0,2
900496652,2,0,2
900649855,2,0,2
901021910,2,0,2
901077996,2,11,13
901667341,2,3,5
901958768,2,0,2
902098932,2,0,2
903076261,2,17,19
903390710,2,0,2
904298647,2,18,20
904729868,2,0,2
904745582,2,0,2
905060592,2,0,2
905133974,2,0,2
905304163,2,0,2
905527525,2,3,5
907116512,2,0,2
907929618,2,5,7
908267138,2,0,2
908391865,2,1,3
908452873,2,0,2
911069618,2,0,2
911391806,2,27,29
911723090,2,2,4
912602870,2,2,4
913651933,2,4,6
913660250,2,0,2
914705360,2,0,2
915116917,2,0,2
915356900,2,12,14
915920282,2,0,2
916119991,2,0,2
916230955,2,0,2
917197254,2,10,12
917901427,2,0,2
918886052,2,3,5
920075616,2,0,2
920205902,2,2,4
920234150,2,0,2
921060774,2,0,2
921605508,2,0,2
922105339,2,0,2
922386368,2,0,2
922449692,2,0,2
922477748,2,1,3
924229166,2,2,4
924430916,2,0,2
926267311,2,0,2
926312430,2,12,14
928949262,2,2,4
929078468,2,0,2
930024914,2,0,2
930198985,2,0,2
930292716,2,0,2
930611120,2,0,2
930682916,2,0,2
931074517,2,0,2
931299361,2,2,4
931699274,2,0,2
932084786,2,0,2
932212483,2,0,2
932978486,2,0,2
933069031,2,0,2
933407251,2,1,3
933608498,2,3,5
934849460,2,0,2
935386124,2,0,2
935453274,2,0,2
935563615,2,0,2
935779562,2,3,5
936779328,2,0,2
937670515,2,5,7
937732080,2,1,3
938025637,2,0,2
938311849,2,0,2
938726071,2,0,2
939410138,2,12,14
940102777,2,0,2
940138705,2,0,2
940789609,2,0,2
941874120,2,0,2
942008574,2,0,2
942509630,2,0,2
944499846,2,0,2
944875898,2,0,2
947980322,2,6,8
948104532,2,11,13
954534565,2,4,6
954994441,2,0,2
955261363,2,0,2
956023519,2,0,2
956420654,2,0,2
957264102,2,0,2
960586711,2,0,2
961043287,2,0,2
961478844,2,1,3
961735778,2,0,2
962296951,2,0,2
963245000,2,0,2
963313098,2,0,2
963443042,2,0,2
963510204,2,0,2
965141484,2,0,2
966740490,2,0,2
966980227,2,0,2
968851441,2,0,2
969444756,2,0,2
971084462,2,0,2
971089998,2,0,2
972777685,2,0,2
973031016,2,0,2
973315880,2,0,2
974751620,2,0,2
975708379,2,3,5
977543089,2,0,2
977619834,2,8,10
978736735,2,0,2
979396218,2,0,2
979496046,2,0,2
980007637,2,0,2
983319266,2,0,2
983437124,2,0,2
985846790,2,0,2
986335885,2,0,2
987010957,2,0,2
988177634,2,0,2
988404216,2,0,2
990125064,2,0,2
990465847,2,2,4
991177016,2,1,3
991390057,2,0,2
991910209,2,0,2
992111965,2,0,2
992193380,2,0,2
993592579,2,4,6
995118398,2,0,2
995446226,2,1,3
995851280,2,5,7
995853188,2,0,2
996130537,2,0,2
996212894,2,5,7
998460043,2,0,2
1000942098,2,1,3
1002760320,2,1,3
1003378236,2,0,2
1003697563,2,4,6
1004244764,2,0,2
1006081536,2,0,2
1006959433,2,0,2
1008689520,2,0,2
1009756178,2,0,2
1011480529,2,0,2
1011805087,2,0,2
1011947341,2,8,10
1012488631,2,0,2
1012894238,2,9,11
1013353628,2,0,2
1014061423,2,0,2
1014249685,2,13,15
1014476474,2,0,2
1015385599,2,0,2
1016174184,2,0,2
1016636281,2,1,3
1017088381,2,0,2
1018767013,2,0,2
1020014816,2,0,2
1022107368,2,0,2
1022212892,2,0,2
1022621294,2,0,2
1022927334,2,0,2
1025859013,2,14,16
1026598189,2,0,2
1028897996,2,0,2
1029351247,2,0,2
1030829425,2,0,2
1031414395,2,0,2
1034602010,2,0,2
1035487243,2,0,2
1036726004,2,0,2
1038243872,2,0,2
1038247788,2,0,2
1039433196,2,0,2
1039687591,2,2,4
1041400470,2,0,2
1042267028,2,0,2
1043011758,2,1,3
1043696545,2,0,2
1043813328,2,0,2
1044898676,2,1,3
1046101915,2,0,2
1046317070,2,0,2
1046618564,2,0,2
1048220658,2,3,5
1049049349,2,0,2
1049851838,2,49,51
1053536258,2,0,2
1055491123,2,0,2
1055671802,2,0,2
1056071892,2,0,2
1058825928,2,0,2
1059012631,2,54,56
1059686924,2,0,2
1060814845,2,0,2
1061201882,2,1,3
1061226630,2,0,2
1061423660,2,0,2
1061709823,2,0,2
1064119321,2,0,2
1064201528,2,1,3
1065739086,2,12,14
1066475688,2,0,2
1067590897,2,1,3
1069706202,2,0,2
1069714362,2,58,60
1069837675,2,6,8
1070632298,2,0,2
1070692686,2,0,2
1071280824,2,0,2
1071810884,2,30,32
1073051490,2,1,3
1077047929,2,0,2
1077943754,2,0,2
1078268827,2,0,2
1082357078,2,0,2
1082865536,2,0,2
1084267398,2,0,2
1086755929,2,0,2
1087435956,2,0,2
1087883407,2,0,2
1090466042,2,1,3
1090618254,2,0,2
1090681272,2,0,2
1090866056,2,0,2
1091124092,2,4,6
1092459554,2,1,3
1094361186,2,0,2
1095719474,2,0,2
1097698130,2,0,2
1099640622,2,0,2
1099734522,2,0,2
1101704298,2,5,7
1102675910,2,13,15
1105109168,2,1,3
1106842892,2,2,4
1107531284,2,0,2
1107739050,2,0,2
1107775207,2,1,3
1110642181,2,0,2
1110987691,2,0,2
1113344888,2,0,2
1114390898,2,0,2
1115562132,2,12,14
1115943487,2,0,2
1120503236,2,0,2
1125337076,2,2,4
1126806636,2,1,3
1127256108,2,1,3
1128284827,2,0,2
1129076322,2,0,2
1130562336,2,0,2
1132881972,2,13,15
1134028386,2,0,2
1137468259,2,0,2
1138206272,2,81,83
1138304030,2,1,3
1138606874,2,0,2
1138775360,2,0,2
1138913270,2,1,3
1140039720,2,0,2
1140119654,2,0,2
1140895448,2,0,2
1141970689,2,0,2
1145614250,2,13,15
1146758078,2,0,2
1149096115,2,0,2
1150035013,2,0,2
1150041048,2,1,3
1150535910,2,0,2
1150896566,2,2,4
1151654136,2,0,2
1152263798,2,1,3
1152349736,2,0,2
1154111378,2,9,11
1154538534,2,2,4
1154934108,2,0,2
1155798722,2,0,2
1155949339,2,0,2
1156132880,2,0,2
1157168911,2,0,2
1157324904,2,0,2
1160398826,2,0,2
1160686598,2,0,2
1161337274,2,0,2
1161414079,2,0,2
1165173890,2,0,2
1165407193,2,0,2
1165631808,2,0,2
1165819476,2,0,2
1167039055,2,54,56
1167422400,2,3,5
1167509108,2,0,2
1168303316,2,0,2
1170120361,2,0,2
1170711535,2,0,2
1170862669,2,3,5
1171848354,2,1,3
1172278158,2,0,2
1172417000,2,0,2
1173108769,2,1,3
1173294313,2,0,2
1174242762,2,0,2
1176590557,2,0,2
1176618985,2,0,2
1181966660,2,0,2
1183014312,2,19,21
1183051423,2,0,2
1184460661,2,0,2
1188294864,2,5,7
1188380772,2,292,294
1188845820,2,0,2
1193830626,2,10,12
1194952273,2,0,2
1195691024,2,0,2
1197294680,2,0,2
1197859748,2,0,2
1198915075,2,0,2
1200768786,2,0,2
1202875051,2,2,4
1205604222,2,0,2
1205710646,2,0,2
1206856242,2,0,2
1210646653,2,41,43
1213179745,2,0,2
1214576701,2,0,2
1216852339,2,5,7
1220107848,2,0,2
1221662432,2,0,2
1222886635,2,0,2
1223584116,2,1,3
1223784397,2,0,2
1225584402,2,0,2
1227834416,2,0,2
1231936753,2,0,2
1232499080,2,0,2
1233761515,2,0,2
1234063308,2,0,2
1234996436,2,0,2
1239945181,2,0,2
1242079939,2,0,2
1243661485,2,0,2
1244709858,2,17,19
1244750184,2,4,6
1245042404,2,0,2
1246841900,2,0,2
1246900826,2,42,44
1247745608,2,0,2
1247852473,2,0,2
1247950308,2,0,2
1250618472,2,3,5
1252163330,2,0,2
1253909420,2,0,2
1255294398,2,52,54
1256136516,2,0,2
1258151748,2,3,5
1258450356,2,0,2
1259559439,2,0,2
1260223170,2,4,6
1263745368,2,0,2
1264685701,2,0,2
1266274682,2,0,2
1267313646,2,1,3
1269566431,2,0,2
1269589626,2,0,2
1270012567,2,0,2
1271379187,2,0,2
1271791544,2,0,2
1272956688,2,0,2
1273117202,2,1,3
1273202712,2,4,6
1274923076,2,37,39
1275602743,2,0,2
1275620544,2,1,3
1275851376,2,0,2
1276274786,2,0,2
1276869883,2,1,3
1278616682,2,0,2
1278927588,2,1,3
1279066759,2,0,2
1279483484,2,1,3
1280542297,2,0,2
1281660648,2,8,10
1284265094,2,0,2
1285599894,2,0,2
1286390371,2,0,2
1286402252,2,0,2
1287144001,2,0,2
1287192638,2,0,2
1287506598,2,0,2
1287668414,2,0,2
1287706999,2,0,2
1287720228,2,0,2
1289513515,2,0,2
1289627154,2,3,5
1290064778,2,0,2
1290086365,2,1,3
1292814367,2,0,2
1293195908,2,0,2
1293751158,2,0,2
1295671075,2,2,4
1296429744,2,0,2
1296502742,2,0,2
1303669248,2,0,2
1305332574,2,0,2
1306314722,2,0,2
1306720638,2,0,2
1308292158,2,1,3
1308447264,2,0,2
1309065434,2,0,2
1310679096,2,2,4
1311047029,2,10,12
1312446648,2,13,15
1313930755,2,0,2
1315642723,2,2,4
1315645386,2,0,2
1315818632,2,0,2
1316642034,2,0,2
1317807865,2,0,2
1318966164,2,0,2
1320228714,2,0,2
1321659559,2,4,6
1323054572,2,0,2
1323173424,2,1,3
1323835934,2,0,2
1325684449,2,0,2
1325786184,2,0,2
1325906214,2,0,2
1328399958,2,0,2
1329790669,2,0,2
1330120332,2,0,2
1330247270,2,0,2
1330443013,2,0,2
1334430691,2,0,2
1335929934,2,0,2
1337238115,2,0,2
1339835282,2,0,2
1340315996,2,0,2
1340384994,2,0,2
1340525928,2,0,2
1342554860,2,0,2
1343632100,2,2,4
1345707175,2,0,2
1345734018,2,1,3
1346296405,2,0,2
1346996612,2,0,2
1347394021,2,0,2
1347433824,2,0,2
1347577088,2,1,3
1347943243,2,9,11
1348016437,2,0,2
1348990304,2,0,2
1349089591,2,0,2
1349972749,2,0,2
1350528253,2,162,164
1353569258,2,0,2
1353726102,2,0,2
1354444945,2,0,2
1354555434,2,0,2
1355306364,2,0,2
1355406758,2,11,13
1356218888,2,0,2
1357764924,2,0,2
1358134471,2,9,11
1358297388,2,3,5
1360165650,2,0,2
1360181480,2,0,2
1360769478,2,0,2
1360822585,2,3,5
1361833118,2,12,14
1362738174,2,0,2
1363383025,2,7,9
1365018254,2,0,2
1365069116,2,4,6
1365820224,2,2,4
1365966151,2,10,12
1366665859,2,0,2
1367800878,2,0,2
1368053684,2,0,2
1368120350,2,0,2
1369702532,2,8,10
1370258384,2,1,3
1370439012,2,3,5
1370689956,2,0,2
1372668180,2,9,11
1374752815,2,1,3
1377631526,2,0,2
1378519171,2,0,2
1380677004,2,10,12
1382663652,2,0,2
1384615968,2,0,2
1385436320,2,0,2
1385537808,2,0,2
1385770087,2,0,2
1385925751,2,1,3
1387715442,2,2,4
1387773918,2,0,2
1390353091,2,0,2
1391015396,2,0,2
1391090496,2,0,2
1392799814,2,0,2
1394578368,2,1,3
1394657935,2,0,2
1395026497,2,7,9
1395600319,2,1,3
1397313776,2,0,2
1397509826,2,0,2
1402991214,2,36,38
1403318802,2,1,3
1406185772,2,0,2
1406270910,2,10,12
1406421060,2,0,2
1408446710,2,0,2
1409521471,2,0,2
1416007532,2,2,4
1416105282,2,3,5
1416995203,2,3,5
1418582743,2,1,3
1418763302,2,0,2
1419552835,2,0,2
1423866806,2,0,2
1424145636,2,2,4
1426631498,2,0,2
1429380444,2,0,2
1429966902,2,0,2
1431770407,2,0,2
1431788521,2,27,29
1432431126,2,5,7
1434554412,2,0,2
1435577306,2,20,22
1435894410,2,9,11
1436138376,2,1,3
1436268397,2,0,2
1436512416,2,0,2
1437201187,2,0,2
1444713540,2,1,3
1445101183,2,0,2
1445554201,2,0,2
1445835991,2,0,2
1447711483,2,0,2
1449262243,2,0,2
1449980300,2,0,2
1450724610,2,1,3
1451287674,2,0,2
1452512222,2,0,2
1456103556,2,0,2
1456638925,2,0,2
1457547193,2,0,2
1462549886,2,0,2
1462992721,2,0,2
1462993464,2,1,3
1463238398,2,0,2
1466170338,2,0,2
1468315423,2,0,2
1468496635,2,0,2
1468520424,2,0,2
1468545482,2,0,2
1468568558,2,0,2
1470351072,2,2,4
1470415376,2,0,2
1470616130,2,0,2
1475428734,2,0,2
1477432891,2,0,2
1478609611,2,0,2
1479559561,2,1,3
1480676761,2,0,2
1480757413,2,0,2
1483053277,2,0,2
1483744693,2,14,16
1485357764,2,0,2
1486890522,2,0,2
1486932570,2,0,2
1487840984,2,1,3
1488024356,2,0,2
1490781439,2,0,2
1491094147,2,0,2
1494855932,2,0,2
1496017272,2,0,2
1499357226,2,9,11
1500739526,2,0,2
1503942360,2,0,2
1504066459,2,0,2
1505996544,2,0,2
1510674907,2,0,2
1512494304,2,0,2
1513584420,2,0,2
1513958744,2,183,185
1517681030,2,4,6
1518076123,2,2,4
1519344024,2,0,2
1519759543,2,1,3
1522335860,2,0,2
1522756567,2,0,2
1523741498,2,1,3
1525273760,2,0,2
1526118397,2,0,2
1528845500,2,0,2
1530674328,2,0,2
1533143322,2,0,2
1534008078,2,0,2
1534080878,2,0,2
1534107452,2,0,2
1536644642,2,0,2
1537636128,2,0,2
1538995524,2,4,6
1539374624,2,3,5
1539521695,2,0,2
1539582751,2,0,2
1539616603,2,2,4
1540904432,2,0,2
1541109186,2,0,2
1541316889,2,0,2
1541712684,2,1,3
1543913340,2,0,2
1543936286,2,1,3
1546240171,2,16,18
1546677751,2,0,2
1547176844,2,0,2
1549319371,2,0,2
1551892063,2,3,5
1552785847,2,0,2
1553459383,2,0,2
1554485352,2,1,3
1555752901,2,0,2
1557151904,2,0,2
1560767340,2,0,2
1561381489,2,1,3
1563141013,2,0,2
1563200262,2,0,2
1563299498,2,0,2
1565734819,2,0,2
1566711182,2,0,2
1566855433,2,0,2
1567149176,2,0,2
1569047424,2,11,13
1569355644,2,0,2
1572989544,2,1,3
1573601083,2,0,2
1573934581,2,0,2
1575608342,2,0,2
1576277406,2,1,3
1577896628,2,0,2
1578868807,2,0,2
1580753359,2,0,2
1581243024,2,4,6
1581301364,2,0,2
1581638240,2,4,6
1583168923,2,0,2
1583581070,2,20,22
1586061114,2,0,2
1586415445,2,2,4
1588549668,2,0,2
1589371008,2,2,4
1589914476,2,14,16
1592052703,2,0,2
1592358410,2,0,2
1592422136,2,0,2
1592533466,2,0,2
1593779827,2,79,81
1594395349,2,2,4
1594972596,2,0,2
1595145768,2,0,2
1597035144,2,0,2
1597366052,2,0,2
1597680272,2,0,2
1597691378,2,0,2
1598421271,2,0,2
1598774635,2,0,2
1601622458,2,1,3
1601693970,2,0,2
1602142670,2,7,9
1602243937,2,0,2
1602681804,2,14,16
1603201297,2,0,2
1603865664,2,0,2
1604154602,2,0,2
1604663538,2,11,13
1604728908,2,0,2
1605246992,2,0,2
1606265510,2,0,2
1609095385,2,7,9
1609752404,2,2,4
1609764757,2,0,2
1611059000,2,0,2
1611187092,2,0,2
1611433686,2,0,2
1611619975,2,0,2
1611863744,2,0,2
1612056084,2,0,2
1612071392,2,3,5
1612085407,2,0,2
1613291521,2,0,2
1613448224,2,0,2
1613696286,2,0,2
1613919042,2,1,3
1618037108,2,1,3
1619758747,2,0,2
1621060614,2,0,2
1621154893,2,1,3
1621681970,2,0,2
1623270654,2,0,2
1624945795,2,0,2
1626118490,2,0,2
1629686749,2,4,6
1630373569,2,1,3
1630432616,2,2,4
1631585010,2,0,2
1631645671,2,2,4
1632897678,2,4,6
1633414405,2,1,3
1636740787,2,0,2
1638093528,2,0,2
1638435462,2,0,2
1638958146,2,0,2
1641175100,2,0,2
1642375280,2,0,2
1646251393,2,0,2
1648541486,2,0,2
1648634071,2,2,4
1649063466,2,0,2
1649291252,2,0,2
1650063654,2,0,2
1651104530,2,0,2
1651905673,2,0,2
1651956559,2,0,2
1652003114,2,0,2
1653373490,2,0,2
1653636535,2,0,2
1654061821,2,0,2
1654067186,2,0,2
1654544282,2,0,2
1656276878,2,0,2
1656703020,2,0,2
1657010646,2,0,2
1657224132,2,0,2
1657447808,2,0,2
1657752720,2,3,5
1657998385,2,0,2
1658767051,2,5,7
1659187603,2,0,2
1663574816,2,0,2
1663759057,2,0,2
1663858873,2,0,2
1666373516,2,0,2
1666956062,2,0,2
1670810706,2,8,10
1672268334,2,0,2
1673151475,2,0,2
1673265829,2,0,2
1673590572,2,0,2
1673723341,2,2,4
1674134408,2,0,2
1674371106,2,92,94
1675172737,2,0,2
1678303964,2,1,3
1678952144,2,0,2
1679479543,2,0,2
1679579143,2,0,2
1681954922,2,0,2
1684773674,2,1,3
1684825004,2,0,2
1688583775,2,0,2
1689792552,2,0,2
1689820874,2,0,2
1691220398,2,4,6
1691371819,2,5,7
1691420486,2,0,2
1691541824,2,6,8
1692073146,2,0,2
1694680190,2,1,3
1694827645,2,0,2
1696535870,2,17,19
1697404237,2,0,2
1697840138,2,0,2
1697984660,2,0,2
1701198374,2,0,2
1701496831,2,0,2
1701928434,2,0,2
1702563895,2,0,2
1703010578,2,0,2
1703589674,2,0,2
1706815694,2,0,2
1710228438,2,0,2
1711060064,2,0,2
1711154838,2,0,2
1713500683,2,0,2
1713925422,2,0,2
1714399345,2,0,2
1715688398,2,0,2
1717348572,2,1,3
1717465081,2,0,2
1717863318,2,1,3
1719593449,2,0,2
1720093310,2,0,2
1720548516,2,1,3
1724053988,2,1,3
1725943771,2,1,3
1728987451,2,1,3
1729015154,2,0,2
1729327273,2,0,2
1729651728,2,0,2
1733635310,2,0,2
1734738025,2,0,2
1771551787,2,0,2
1799176520,2,14,16
1833706832,2,0,2
1838274588,2,0,2
1849330669,2,1,3
1849996939,2,0,2
1850252708,2,0,2
1851354788,2,2,4
1852854468,2,0,2
1853557202,2,0,2
1859259403,2,0,2
1862554166,2,0,2
1864237916,2,3,5
1866666912,2,0,2
1868878578,2,0,2
1873087020,2,0,2
1874167664,2,0,2
1875443521,2,1,3
1876535430,2,0,2
1877001882,2,2,4
1877320165,2,0,2
1877785758,2,1,3
1879048723,2,0,2
1879513872,2,0,2
1883122603,2,0,2
1883189202,2,13,15
1883535787,2,1,3
1884174920,2,0,2
1885615632,2,0,2
1887451248,2,0,2
1888604280,2,0,2
1890498895,2,0,2
1894251264,2,1,3
1895908975,2,0,2
1897371876,2,0,2
1900264484,2,0,2
1901600804,2,1,3
1901791717,2,0,2
1902747512,2,1,3
1904241139,2,0,2
1904873047,2,95,97
1904916811,2,0,2
1905292321,2,0,2
1905779046,2,0,2
1906113362,2,0,2
1908575102,2,0,2
1908855660,2,10,12
1909483010,2,46,48
1911610303,2,0,2
1911939955,2,0,2
1912298978,2,0,2
1912816225,2,4,6
1913520505,2,10,12
1915981417,2,1,3
1916074592,2,0,2
1916215399,2,0,2
1917080239,2,0,2
1917409801,2,0,2
1918224734,2,4,6
1920961962,2,0,2
1921721731,2,1,3
1921870543,2,3,5
1923514062,2,0,2
1924515554,2,0,2
1927482740,2,0,2
1928689338,2,1,3
1928873292,2,0,2
1929611234,2,0,2
1930935908,2,27,29
1931973289,2,0,2
1935191936,2,0,2
1936087124,2,0,2
1937708048,2,0,2
1937810113,2,0,2
1938849384,2,0,2
1939265706,2,0,2
1939530716,2,0,2
1942379437,2,0,2
1942955048,2,0,2
1944710953,2,0,2
1945044936,2,0,2
1945519531,2,0,2
1949772884,2,98,100
1950370597,2,0,2
1952441102,2,65,67
1954192734,2,0,2
1954415862,2,0,2
1954842048,2,4,6
1957304444,2,0,2
1957753537,2,27,29
1960376359,2,1,3
1960977727,2,8,10
1962353390,2,5,7
1967230832,2,0,2
1967654654,2,5,7
1969585314,2,0,2
1969898736,2,1,3
1969905162,2,0,2
1970058560,2,0,2
1970401465,2,0,2
1972631497,2,1,3
1974888949,2,0,2
1975142690,2,0,2
1975600272,2,61,63
1976693792,2,1,3
1977419539,2,0,2
1977546860,2,3,5
1978482300,2,0,2
1978945711,2,0,2
1979148698,2,0,2
2147583722,2,0,2
2148326197,2,2,4
2149082975,2,0,2
2150085458,2,0,2
2151780479,2,0,2
2152575379,2,0,2
2153874512,2,1,3
2153989381,2,0,2
2154032420,2,0,2
2154034514,2,0,2
2155060075,2,0,2
2156076502,2,0,2
2156530647,2,0,2
2157747912,2,2,4
2157883613,2,0,2
2157953533,2,0,2
2158074075,2,0,2
2158489802,2,0,2
2158519177,2,0,2
2159713320,2,0,2
2161776829,2,0,2
2161791686,2,0,2
2162925782,2,1,3
2163034890,2,1,3
2163559891,2,0,2
2163668118,2,1,3
2163869204,2,2,4
2164285373,2,0,2
2164718192,2,0,2
2165849766,2,4,6
2166521394,2,0,2
2167515762,2,0,2
2168131011,2,0,2
2169414410,2,2,4
2170164997,2,11,13
2170420327,2,14,16
2170589837,2,0,2
2170762413,2,0,2
2171039461,2,4,6
2171481639,2,1,3
2171629063,2,0,2
2171785590,2,3,5
2172003933,2,0,2
2172462565,2,0,2
2172466750,2,0,2
2173976769,2,0,2
2174147073,2,0,2
2176420138,2,16,18
2176874390,2,0,2
2176983589,2,9,11
2177161530,2,0,2
2178109884,2,17,19
2178117630,2,0,2
2180199332,2,0,2
2181212986,2,0,2
2183165196,2,1057,1059
2183169840,2,216,218
2183610859,2,0,2
2183715312,2,2,4
2184026375,2,0,2
2185011252,2,0,2
2186206505,2,140,142
2186554418,2,4,6
2187122010,2,1,3
2187488605,2,0,2
2188868281,2,0,2
2188881566,2,0,2
2189384500,2,1,3
2189733956,2,0,2
2191286720,2,0,2
2192847438,2,0,2
2193013159,2,0,2
2193180373,2,0,2
2194752300,2,8,10
2196221070,2,0,2
2196353185,2,0,2
2196380910,2,0,2
2199706542,2,0,2
2200075155,2,0,2
2200815929,2,6,8
2202072090,2,28,30
2202139686,2,0,2
2202393686,2,7,9
2202836550,2,0,2
2203723307,2,0,2
2204042140,2,0,2
2204352932,2,110,112
2205417928,2,0,2
2205992556,2,16,18
2206792528,2,0,2
2207733494,2,0,2
2207862946,2,0,2
2208596730,2,9,11
2210884433,2,3,5
2211033042,2,0,2
2211328028,2,2,4
2211744080,2,10,12
2212797288,2,1,3
2213032538,2,0,2
2213226071,2,0,2
2213646552,2,0,2
2214781641,2,0,2
2214864427,2,0,2
2216202289,2,0,2
2216449752,2,0,2
2217010913,2,0,2
2218105894,2,0,2
2220432540,2,0,2
2223410780,2,0,2
2224752415,2,0,2
2225664156,2,0,2
2225785747,2,2,4
2226338638,2,0,2
2226365604,2,0,2
2226955817,2,0,2
2227381410,2,4,6
2228383754,2,1,3
2228956787,2,0,2
2230818180,2,0,2
2230856623,2,0,2
2231864105,2,0,2
2232209154,2,0,2
2233040732,2,0,2
2235484958,2,3,5
2238241386,2,43,45
2238336931,2,1,3
2238548166,2,0,2
2239968206,2,1,3
2240101658,2,1,3
2240784140,2,0,2
2242395001,2,2,4
2244078588,2,0,2
2244675805,2,0,2
2244952729,2,0,2
2245317206,2,0,2
2245340539,2,0,2
2246350868,2,5,7
2246820582,2,2,4
2248560175,2,0,2
2248828814,2,0,2
2249736392,2,0,2
2250013218,2,0,2
2251149442,2,0,2
2251593352,2,0,2
2252004230,2,0,2
2252174142,2,6,8
2252505013,2,12,14
2252533686,2,0,2
2252657305,2,0,2
2254175780,2,0,2
2255205902,2,0,2
2255765415,2,0,2
2256225164,2,0,2
2257878451,2,1,3
2258434929,2,0,2
2259294921,2,0,2
2260189626,2,1,3
2260434301,2,0,2
2260872098,2,0,2
2262164636,2,42,44
2263264302,2,2,4
2263275950,2,0,2
2263683684,2,0,2
2263839080,2,0,2
2264471817,2,0,2
2264818339,2,2,4
2264980638,2,0,2
2265269246,2,1,3
2266222370,2,0,2
2266355266,2,2,4
2266801856,2,0,2
2267353012,2,0,2
2267761294,2,0,2
2268398407,2,0,2
2269281278,2,0,2
2271137279,2,0,2
2274840195,2,0,2
2275175137,2,0,2
2275363799,2,0,2
2275497012,2,0,2
2275879335,2,0,2
2277125998,2,0,2
2278015470,2,0,2
2278039826,2,0,2
2279935060,2,0,2
2280542503,2,0,2
2280720991,2,0,2
2280753096,2,0,2
2280826748,2,0,2
2280851768,2,2,4
2282755789,2,0,2
2283608985,2,0,2
2283923979,2,0,2
2283999349,2,0,2
2285037488,2,0,2
2285492354,2,0,2
2285527866,2,0,2
2288460026,2,1,3
2289901704,2,1,3
2290265575,2,0,2
2290452146,2,0,2
2291548951,2,0,2
2291706296,2,31,33
2292525668,2,0,2
2293909729,2,1,3
2293960993,2,0,2
2294673089,2,0,2
2295228457,2,0,2
2296186746,2,1,3
2296263039,2,2,4
2296926547,2,0,2
2297714449,2,0,2
2297999119,2,0,2
2299262561,2,0,2
2299303603,2,0,2
2299710407,2,0,2
2299967833,2,1,3
2301973434,2,0,2
2301980588,2,0,2
2302121478,2,4,6
2302866931,2,0,2
2303866117,2,2,4
2305162430,2,0,2
2305619029,2,0,2
2305668853,2,0,2
2306978267,2,0,2
2307131125,2,0,2
2308590024,2,0,2
2309211962,2,0,2
2310109706,2,0,2
2310776714,2,0,2
2310804182,2,2,4
2310957528,2,6,8
2311855392,2,0,2
2314443192,2,1,3
2314458372,2,0,2
2314551289,2,1,3
2314616166,2,0,2
2314797414,2,0,2
2316784530,2,0,2
2316990741,2,0,2
2317756136,2,3,5
2318084239,2,0,2
2319111736,2,0,2
2319357169,2,0,2
2319533299,2,0,2
2320174645,2,1,3
2321621713,2,0,2
2322208836,2,0,2
2322968672,2,0,2
2323032366,2,0,2
2323065013,2,10,12
2323674306,2,1,3
2324533507,2,0,2
2324681041,2,0,2
2326734631,2,0,2
2327030616,2,3,5
2327333827,2,0,2
2328913289,2,0,2
2329198069,2,0,2
2329268827,2,0,2
2329429418,2,0,2
2329524312,2,0,2
2330531478,2,10,12
2330751858,2,0,2
2330766218,2,1,3
2331011791,2,0,2
2331027776,2,0,2
2331209359,2,1,3
2332032848,2,0,2
2332259695,2,0,2
2332546254,2,0,2
2334452586,2,1,3
2336743454,2,1,3
2337395271,2,0,2
2337583861,2,2,4
2337650863,2,0,2
2337720625,2,26,28
2338499696,2,0,2
2338703777,2,0,2
2338793334,2,0,2
2338920056,2,0,2
2340503542,2,0,2
2340793592,2,0,2
2341169138,2,0,2
2341654764,2,0,2
2342309900,2,0,2
2343359041,2,0,2
2343713371,2,0,2
2344053038,2,0,2
2344375524,2,2,4
2344502826,2,0,2
2345261653,2,1,3
2345420196,2,0,2
2346043406,2,1,3
2346633193,2,0,2
2347827646,2,0,2
2349520022,2,0,2
2349602044,2,0,2
2351051509,2,0,2
2351579850,2,0,2
2351814946,2,0,2
2352343045,2,0,2
2352808687,2,0,2
2352896408,2,0,2
2353149565,2,0,2
2353417706,2,0,2
2353523042,2,0,2
2354292684,2,22,24
2355225980,2,0,2
2355673748,2,0,2
2355788853,2,0,2
2356893744,2,14,16
2357090552,2,0,2
2357729873,2,4,6
2358664884,2,0,2
2358747422,2,1,3
2359400970,2,0,2
2359725325,2,0,2
2360763837,2,0,2
2362058912,2,0,2
2362813863,2,0,2
2362873933,2,0,2
2363368370,2,0,2
2364605191,2,0,2
2365138974,2,1,3
2365368334,2,25,27
2365712001,2,0,2
2367441811,2,0,2
2367622051,2,0,2
2367889791,2,0,2
2367920593,2,0,2
2369051683,2,0,2
2369659952,2,0,2
2372373360,2,0,2
2372409406,2,0,2
2373708342,2,0,2
2374045351,2,0,2
2374090195,2,0,2
2374183495,2,0,2
2374678862,2,2,4
2375356225,2,0,2
2375699683,2,0,2
2375728898,2,15,17
2375851216,2,0,2
2376083268,2,37,39
2378781936,2,1,3
2379706187,2,0,2
2380197220,2,0,2
2380810644,2,0,2
2380958408,2,1,3
2381210558,2,2,4
2381778942,2,2,4
2382424129,2,0,2
2383105806,2,21,23
2384114215,2,0,2
2384540286,2,0,2
2384585316,2,0,2
2385571807,2,0,2
2385787629,2,0,2
2385841031,2,1,3
2385883111,2,0,2
2385925604,2,0,2
2386055102,2,0,2
2386229700,2,1,3
2388362421,2,0,2
2388538481,2,0,2
2388947027,2,3,5
2389911306,2,0,2
2390753565,2,7,9
2391116803,2,0,2
2391372274,2,0,2
2392179206,2,2,4
2392538892,2,0,2
2392878835,2,0,2
2395335003,2,0,2
2396178738,2,0,2
2396729874,2,0,2
2396823222,2,0,2
2396849574,2,2,4
2398492339,2,0,2
2399312592,2,0,2
2400091090,2,0,2
2401973707,2,0,2
2403620577,2,0,2
2404992930,2,0,2
2406095618,2,0,2
2408195185,2,0,2
2408608816,2,0,2
2409269164,2,6,8
2411340332,2,12,14
2411407616,2,1,3
2412029999,2,0,2
2413261541,2,0,2
2414798474,2,4,6
2416034647,2,2,4
2418357162,2,0,2
2419419883,2,0,2
2419586070,2,0,2
2419765599,2,0,2
2420925877,2,0,2
2422790192,2,0,2
2422880286,2,0,2
2423922522,2,0,2
2424312936,2,0,2
2425890961,2,0,2
2425952018,2,0,2
2427795163,2,0,2
2428075466,2,0,2
2428267269,2,0,2
2428294278,2,0,2
2429027969,2,1,3
2429174006,2,1,3
2429333618,2,0,2
2429615682,2,6,8
2430819698,2,4,6
2430921329,2,0,2
2431726593,2,0,2
2434340065,2,0,2
2435025128,2,0,2
2436006246,2,21,23
2436389418,2,2,4
2437033163,2,0,2
2437120894,2,0,2
2437396919,2,0,2
2437458321,2,0,2
2437793369,2,0,2
2437918528,2,0,2
2437918871,2,0,2
2440564092,2,1,3
2444062076,2,0,2
2444134406,2,0,2
2445174892,2,0,2
2446157744,2,0,2
2446321615,2,0,2
2446423243,2,0,2
2446463198,2,0,2
2446563606,2,0,2
2446691803,2,0,2
2447078173,2,2,4
2447161681,2,0,2
2447520073,2,0,2
2447749345,2,1,3
2447773280,2,0,2
2448401858,2,0,2
2448764035,2,0,2
2449008422,2,0,2
2449125361,2,0,2
2449893301,2,0,2
2451486355,2,0,2
2453422550,2,4,6
2455470475,2,0,2
2456026801,2,1,3
2456920021,2,0,2
2457553538,2,0,2
2457945079,2,4,6
2458088595,2,1,3
2458308526,2,0,2
2458389349,2,0,2
2458675429,2,13,15
2459193944,2,13,15
2459757282,2,1,3
2460270040,2,0,2
2461707871,2,0,2
2464948728,2,0,2
2465191292,2,0,2
2465612849,2,0,2
2465954575,2,0,2
2468536482,2,0,2
2468765156,2,0,2
2469781297,2,23,25
2470608762,2,0,2
2471400222,2,0,2
2473245108,2,0,2
2473833867,2,0,2
2475382249,2,0,2
2475575412,2,0,2
2475855262,2,0,2
2476523866,2,0,2
2476588595,2,0,2
2476867419,2,0,2
2477164653,2,0,2
2477463789,2,0,2
2477650625,2,0,2
2477667275,2,0,2
2478422408,2,0,2
2479037209,2,0,2
2479085623,2,15,17
2479142732,2,0,2
2479327846,2,0,2
2479341688,2,0,2
2479544801,2,0,2
2479604086,2,0,2
2479712105,2,0,2
2479872459,2,0,2
2480219073,2,0,2
2480365946,2,0,2
2480397593,2,0,2
2480650036,2,0,2
2480952462,2,11,13
2481080062,2,0,2
2481326681,2,0,2
2482070613,2,0,2
2482119281,2,0,2
2482153162,2,0,2
2482304445,2,0,2
2482359161,2,0,2
2482461225,2,0,2
2482572263,2,0,2
2482621414,2,0,2
2482789433,2,0,2
2483010143,2,13,15
2483073004,2,0,2
2483463777,2,0,2
2483477129,2,0,2
2483855467,2,0,2
2484663222,2,0,2
2484685862,2,0,2
2484759275,2,0,2
2484779489,2,0,2
2486388027,2,0,2
2487385852,2,0,2
2487565545,2,0,2
2487629891,2,0,2
2488591591,2,0,2
2489433674,2,0,2
2489542695,2,0,2
2490077817,2,0,2
2490154446,2,0,2
2490206354,2,1,3
2490253644,2,0,2
2490349550,2,0,2
2490396271,2,0,2
2490863162,2,0,2
2492223163,2,2,4
2493411552,2,0,2
2493444796,2,0,2
2493621001,2,0,2
2495370812,2,0,2
2496325980,2,1,3
2497009021,2,0,2
2497109599,2,2,4
2497535336,2,0,2
2499959042,2,0,2
2500039916,2,0,2
2502904533,2,0,2
2502991319,2,1,3
2504648727,2,0,2
2505217933,2,0,2
2505220368,2,31,33
2505676309,2,0,2
2505724160,2,1,3
2506087081,2,8,10
2507508378,2,2,4
2507563177,2,0,2
2507575169,2,2,4
2508436472,2,0,2
2510349409,2,0,2
2510682985,2,0,2
2511759297,2,0,2
2513404060,2,0,2
2513442721,2,0,2
2514030480,2,0,2
2514655212,2,0,2
2517885577,2,5,7
2519318192,2,0,2
2519622823,2,1,3
2520207086,2,0,2
2520657649,2,1,3
2521633626,2,0,2
2521757653,2,0,2
2521855688,2,2,4
2523358471,2,0,2
2523690136,2,0,2
2524156707,2,0,2
2525242188,2,0,2
2525344782,2,1,3
2525488152,2,0,2
2526770815,2,0,2
2528064871,2,3,5
2528163456,2,0,2
2528692792,2,0,2
2530725906,2,0,2
2530909491,2,0,2
2531282089,2,0,2
2531430691,2,0,2
2531796766,2,4,6
2532578131,2,0,2
2533782121,2,0,2
2535468931,2,0,2
2535637739,2,7,9
2536327098,2,0,2
2537833482,2,0,2
2538044195,2,0,2
2538523522,2,0,2
2538785196,2,2,4
2538923713,2,0,2
2540175896,2,4,6
2540266404,2,0,2
2540685386,2,0,2
2541935533,2,1,3
2541996716,2,1,3
2542012027,2,17,19
2542399524,2,3,5
2543587104,2,0,2
2544079680,2,1,3
2544260539,2,0,2
2544609709,2,0,2
2544918165,2,0,2
2545333307,2,1,3
2545358027,2,0,2
2546364782,2,0,2
2547074780,2,1,3
2547873956,2,0,2
2548434319,2,0,2
2548863721,2,0,2
2549054360,2,0,2
2549112770,2,0,2
2550211729,2,1,3
2553345841,2,0,2
2553785636,2,0,2
2555209885,2,0,2
2555480804,2,0,2
2556187021,2,0,2
2556779615,2,0,2
2557032477,2,0,2
2559494929,2,0,2
2559835307,2,0,2
2559894702,2,0,2
2560328419,2,14,16
2560367465,2,14,16
2560622059,2,2,4
2562182995,2,0,2
2562236263,2,3,5
2563020044,2,0,2
2563516510,2,0,2
2565449815,2,0,2
2566213556,2,9,11
2566214600,2,0,2
2567294159,2,0,2
2568389720,2,1,3
2569593706,2,0,2
2569805833,2,0,2
2570695418,2,1,3
2571329660,2,1,3
2572169687,2,3,5
2572189626,2,1,3
2573846862,2,0,2
2575491828,2,1,3
2576432274,2,0,2
2579331888,2,2,4
2579515332,2,2,4
2580953076,2,0,2
2582838590,2,1,3
2583340886,2,0,2
2584134931,2,0,2
2586301392,2,0,2
2586440857,2,0,2
2588094316,2,0,2
2588198468,2,0,2
2590857416,2,0,2
2591399174,2,0,2
2591649342,2,0,2
2592143102,2,5,7
2592261252,2,0,2
2593684536,2,0,2
2593879014,2,0,2
2594527914,2,0,2
2595029030,2,0,2
2595184813,2,0,2
2596305751,2,1,3
2596774856,2,0,2
2597808841,2,0,2
2598791120,2,0,2
2598819505,2,0,2
2602514592,2,4,6
2605398277,2,0,2
2606281992,2,0,2
2606387190,2,0,2
2607538345,2,0,2
2607648962,2,0,2
2608268299,2,0,2
2609890750,2,0,2
2609979854,2,0,2
2610445729,2,0,2
2612802992,2,2,4
2613523892,2,0,2
2614051573,2,0,2
2614445940,2,0,2
2615148414,2,0,2
2615892324,2,0,2
2615911817,2,0,2
2617078644,2,0,2
2617536156,2,0,2
2619857680,2,0,2
2624121545,2,5,7
2624264592,2,0,2
2629708486,2,1,3
2630244740,2,0,2
2632853880,2,0,2
2633822240,2,0,2
2634304187,2,0,2
2639033962,2,1,3
2639961698,2,1,3
2640418981,2,0,2
2641203313,2,0,2
2641625001,2,2,4
2642159621,2,0,2
2643164767,2,3,5
2646757956,2,0,2
2649283908,2,0,2
2652051181,2,0,2
2652997692,2,1,3
2654020789,2,0,2
2654396551,2,0,2
2654563061,2,0,2
2655707652,2,0,2
2657237361,2,0,2
2658388193,2,0,2
2659800486,2,1,3
2660611590,2,0,2
2660965685,2,2,4
2661460094,2,5,7
2663753666,2,0,2
2666945642,2,2,4
2667514699,2,0,2
2668535712,2,0,2
2674766366,2,0,2
2680317103,2,17,19
2680373133,2,0,2
2680942638,2,5,7
2681211972,2,0,2
2682623970,2,0,2
2683508207,2,12,14
2684858818,2,2,4
2686500853,2,0,2
2687727145,2,0,2
2688712276,2,9,11
2688930883,2,0,2
2689262541,2,0,2
2690473674,2,3,5
2691572364,2,0,2
2692836007,2,4,6
2693902116,2,0,2
2694130722,2,0,2
2694422640,2,0,2
2695145737,2,0,2
2695670885,2,0,2
2696722646,2,2,4
2696798761,2,0,2
2697760554,2,0,2
2699224042,2,0,2
2699690955,2,4,6
2700942848,2,0,2
2700979226,2,3,5
2701617788,2,0,2
2703959709,2,0,2
2704027533,2,13,15
2704253960,2,1,3
2704965173,2,9,11
2706110948,2,0,2
2707968578,2,1,3
2708212123,2,0,2
2708728903,2,1,3
2709365983,2,0,2
2710054328,2,1,3
2710469437,2,0,2
2710758615,2,0,2
2711855560,2,0,2
2714676739,2,0,2
2715439177,2,0,2
2717227850,2,0,2
2717356128,2,2,4
2717369235,2,0,2
2717654320,2,3,5
2719051119,2,0,2
2719733397,2,8,10
2721211433,2,0,2
2722651573,2,2,4
2722725572,2,4,6
2722790840,2,0,2
2722914505,2,0,2
2723735572,2,1,3
2724081613,2,9,11
2724715046,2,0,2
2727667763,2,0,2
2728162654,2,0,2
2728595333,2,1,3
2729026630,2,0,2
2729498718,2,0,2
2731097840,2,33,35
2731100354,2,0,2
2731665120,2,1,3
2732061252,2,0,2
2732907311,2,0,2
2733351438,2,0,2
2735184675,2,0,2
2735650034,2,0,2
2736207512,2,4,6
2736354195,2,0,2
2738171816,2,0,2
2739145514,2,0,2
2739211615,2,0,2
2739803974,2,0,2
2740478799,2,0,2
2740695534,2,0,2
2740871178,2,0,2
2741532118,2,0,2
2741636707,2,0,2
2742780783,2,0,2
2742804301,2,0,2
2742910869,2,0,2
2744239570,2,0,2
2745247260,2,0,2
2745330567,2,0,2
2745556368,2,1,3
2745839013,2,0,2
2745879848,2,0,2
2746056600,2,0,2
2749192625,2,0,2
2750446625,2,0,2
2751648053,2,2,4
2752272622,2,0,2
2753238146,2,0,2
2753289864,2,0,2
2757362442,2,0,2
2757763052,2,0,2
2759186017,2,9,11
2760546520,2,0,2
2760729988,2,0,2
2761485417,2,0,2
2762318283,2,0,2
2763265168,2,1,3
2763427354,2,0,2
2763559482,2,0,2
2765115363,2,0,2
2766551769,2,0,2
2768406328,2,0,2
2771864213,2,0,2
2772309851,2,0,2
2773663614,2,0,2
2777168127,2,0,2
2777264392,2,0,2
2778492821,2,0,2
2779650107,2,0,2
2779734295,2,8,10
2779825870,2,0,2
2779940700,2,1,3
2781563384,2,0,2
2782194079,2,0,2
2786102511,2,0,2
2786151549,2,5,7
2786401795,2,1,3
2786565863,2,0,2
2786601092,2,0,2
2787240630,2,0,2
2787608953,2,0,2
2788184157,2,4,6
2788534284,2,10,12
2788820609,2,0,2
2789057352,2,0,2
2789327323,2,0,2
2790507781,2,0,2
2790649899,2,1,3
2792078554,2,1,3
2793394509,2,1,3
2793486477,2,0,2
2796593863,2,2,4
2796851572,2,0,2
2797008744,2,9,11
2797288851,2,0,2
2798609018,2,2,4
2798796198,2,0,2
2800039546,2,8,10
2800819081,2,21,23
2802433545,2,0,2
2802599539,2,0,2
2802835280,2,0,2
2802970147,2,0,2
2804683120,2,0,2
2804696922,2,0,2
2805552330,2,0,2
2806001857,2,0,2
2806531210,2,12,14
2807395473,2,0,2
2808738304,2,1,3
2809202099,2,2,4
2809419162,2,0,2
2811421229,2,0,2
2811695024,2,0,2
2811793454,2,0,2
2811967884,2,0,2
2812304503,2,0,2
2814513012,2,0,2
2815269150,2,0,2
2815308828,2,1,3
2815654195,2,0,2
2816155573,2,0,2
2816185371,2,0,2
2816281908,2,0,2
2817299068,2,0,2
2817655230,2,0,2
2817668961,2,0,2
2817793928,2,0,2
2817833888,2,1,3
2818706358,2,2,4
2819181277,2,12,14
2820820335,2,0,2
2821712699,2,0,2
2822530175,2,0,2
2822642309,2,1,3
2822898127,2,0,2
2824478089,2,0,2
2824639333,2,0,2
2825081904,2,0,2
2825334168,2,0,2
2825447443,2,0,2
2825493406,2,1,3
2825771548,2,0,2
2826088265,2,3,5
2826353418,2,0,2
2826522992,2,3,5
2828410228,2,0,2
2828921299,2,0,2
2829135823,2,1,3
2830102334,2,2,4
2830623116,2,0,2
2830911591,2,0,2
2830916231,2,1,3
2831117775,2,1,3
2831521971,2,0,2
2831555624,2,0,2
2831580859,2,11,13
2832236678,2,0,2
2832342387,2,0,2
2834373692,2,0,2
2834457902,2,76,78
2835705095,2,0,2
2836192543,2,0,2
2838484188,2,0,2
2838904621,2,0,2
2839147340,2,0,2
2839405009,2,0,2
2839930840,2,0,2
2842696426,2,0,2
2842860578,2,1,3
2843069877,2,1,3
2843113073,2,0,2
2844778011,2,1,3
2844950509,2,1,3
2845101614,2,0,2
2845212308,2,2,4
2845898394,2,7,9
2846513372,2,1,3
2848130136,2,0,2
2848284100,2,0,2
2848834995,2,0,2
2851688899,2,2,4
2852315276,2,0,2
2852465826,2,0,2
2853448607,2,0,2
2853755257,2,0,2
2853761638,2,0,2
2854687332,2,0,2
2854755036,2,0,2
2855691456,2,5,7
2855991222,2,0,2
2857404438,2,0,2
2858083438,2,0,2
2859485213,2,0,2
2859752044,2,0,2
2860001231,2,0,2
2860012312,2,0,2
2860505689,2,0,2
2861626031,2,0,2
2862954465,2,0,2
2865596310,2,0,2
2866493951,2,0,2
2868550204,2,0,2
2869207752,2,1,3
2869319951,2,1,3
2869919802,2,35,37
2870986967,2,2,4
2871474796,2,0,2
2872616898,2,0,2
2873994934,2,0,2
2875227179,2,0,2
2875597067,2,0,2
2875859317,2,0,2
2876029102,2,13,15
2876101865,2,0,2
2876473186,2,0,2
2877804497,2,0,2
2877836424,2,0,2
2877961991,2,6,8
2878555322,2,0,2
2879625883,2,0,2
2879774671,2,0,2
2880185320,2,1,3
2880355881,2,0,2
2880473223,2,0,2
2881137610,2,0,2
2881230416,2,0,2
2881470998,2,0,2
2881632377,2,0,2
2882680517,2,0,2
2883230169,2,0,2
2883574572,2,0,2
2883869593,2,13,15
2883894496,2,0,2
2886813699,2,0,2
2887044304,2,0,2
2887864161,2,0,2
2888504667,2,0,2
2888900836,2,0,2
2889899513,2,0,2
2889954368,2,0,2
2890326728,2,0,2
2890415114,2,0,2
2891165157,2,0,2
2891517543,2,0,2
2893250261,2,0,2
2894678349,2,0,2
2894837410,2,0,2
2895059801,2,0,2
2896352524,2,0,2
2896851554,2,5,7
2897719928,2,0,2
2898008377,2,1,3
2898421303,2,1,3
2898934338,2,0,2
2899206433,2,1,3
2899541919,2,1,3
2899811081,2,5,7
2900136566,2,0,2
2900280418,2,0,2
2900321756,2,0,2
2900750352,2,0,2
2900851100,2,0,2
2901050897,2,0,2
2901072780,2,0,2
2901322652,2,1,3
2901752605,2,0,2
2903285387,2,20,22
2903972472,2,0,2
2904054106,2,0,2
2904361496,2,2,4
2906441910,2,1,3
2908399255,2,0,2
2908877710,2,0,2
2909026497,2,0,2
2910043611,2,14,16
2910353851,2,0,2
2910361817,2,0,2
2910428048,2,1,3
2913995192,2,0,2
2914496933,2,0,2
2914780695,2,0,2
2914946058,2,0,2
2914957457,2,0,2
2915012477,2,0,2
2916011770,2,2,4
2916216341,2,0,2
2916530488,2,0,2
2917193461,2,1,3
2919154939,2,0,2
2919600877,2,0,2
2920475121,2,0,2
2920662627,2,0,2
2920726547,2,2,4
2921629612,2,0,2
2921842513,2,0,2
2921996832,2,4,6
2922528197,2,0,2
2923337346,2,3,5
2923596687,2,0,2
2924290678,2,2,4
2924452428,2,0,2
2925039354,2,0,2
2925766126,2,0,2
2926104222,2,0,2
2926176856,2,4,6
2927150978,2,0,2
2927164223,2,0,2
2927203016,2,0,2
2927851098,2,0,2
2928160526,2,0,2
2929098031,2,0,2
2929444912,2,0,2
2932834124,2,0,2
2932997429,2,0,2
2934771758,2,0,2
2936548903,2,0,2
2936593675,2,0,2
2937365843,2,0,2
2939245667,2,6,8
2939490339,2,0,2
2941108755,2,0,2
2941283729,2,1,3
2941563700,2,0,2
2942076238,2,0,2
2942367792,2,0,2
2942836979,2,0,2
2945790506,2,0,2
2946554872,2,0,2
2948663956,2,0,2
2950393774,2,0,2
2950496735,2,2,4
2951061316,2,0,2
2951158335,2,0,2
2951462180,2,0,2
2952129633,2,0,2
2952847297,2,0,2
2952954225,2,3,5
2953302671,2,23,25
2953966608,2,0,2
2954524250,2,0,2
2955320785,2,0,2
2955429834,2,2,4
2959305535,2,0,2
2959337179,2,0,2
2959542873,2,78,80
2959899483,2,0,2
2963158902,2,1,3
2964056381,2,0,2
2965234444,2,0,2
2965339271,2,2,4
2965653027,2,6,8
2965677412,2,0,2
2966038233,2,0,2
2966131585,2,0,2
2966200155,2,0,2
2966230157,2,0,2
2966434792,2,0,2
2967373553,2,0,2
2967954321,2,0,2
2968366893,2,0,2
2968913511,2,0,2
2970012937,2,0,2
2970634355,2,0,2
2970741159,2,0,2
2971017299,2,0,2
2975068362,2,0,2
2975581562,2,0,2
2975809056,2,1,3
2976237925,2,2,4
2976798083,2,0,2
2977427187,2,0,2
2977492400,2,2,4
2977786804,2,0,2
2979304175,2,0,2
2980379628,2,3,5
2981618948,2,9,11
2981722035,2,0,2
2982181481,2,0,2
2983440962,2,64,66
2984983659,2,0,2
2985114531,2,0,2
2986470481,2,0,2
2987887077,2,1,3
2988153053,2,0,2
2991151037,2,0,2
2991846536,2,0,2
2991940225,2,1,3
2992437157,2,0,2
2992460544,2,0,2
2993283168,2,0,2
2995038346,2,0,2
2995493200,2,0,2
2996440659,2,0,2
2996500845,2,0,2
2996633847,2,0,2
2996969002,2,0,2
2997966732,2,0,2
2998770320,2,0,2
2999420409,2,0,2
2999422639,2,0,2
2999851369,2,0,2
3000707613,2,0,2
3000897119,2,0,2
3002019407,2,0,2
3002030633,2,0,2
3003061051,2,0,2
3004030876,2,0,2
3004292097,2,0,2
3005706568,2,6,8
3006008988,2,2,4
3006733257,2,2,4
3007139824,2,3,5
3007569629,2,0,2
3008416709,2,0,2
3009281826,2,0,2
3010759153,2,2,4
3010794575,2,9,11
3011624190,2,0,2
3012241027,2,1,3
3012461939,2,0,2
3013772885,2,0,2
3014227095,2,0,2
3015940397,2,0,2
3016178213,2,0,2
3016380305,2,0,2
3016857114,2,31,33
3018848002,2,0,2
3019128412,2,12,14
3019358423,2,0,2
3020287255,2,2,4
3020398415,2,0,2
3020426401,2,0,2
3020697605,2,3,5
3021753146,2,0,2
3022849609,2,0,2
3023256027,2,0,2
3023309373,2,2,4
3025850315,2,37,39
3028433262,2,0,2
3028697209,2,0,2
3028813114,2,0,2
3029381121,2,0,2
3030182712,2,0,2
3031591401,2,0,2
3032387464,2,0,2
3033075347,2,0,2
3033694220,2,0,2
3033871205,2,0,2
3034958937,2,0,2
3035243238,2,0,2
3037640803,2,1,3
3038078693,2,1,3
3038650699,2,0,2
3039132765,2,0,2
3040057560,2,0,2
3040899558,2,0,2
3042178195,2,0,2
3042535588,2,0,2
3042919764,2,0,2
3044002011,2,0,2
3044789076,2,13,15
3044981073,2,0,2
3045399321,2,0,2
3045594415,2,0,2
3045660777,2,0,2
3046707184,2,0,2
3046828880,2,0,2
3047250033,2,0,2
3047343780,2,61,63
3047396754,2,0,2
3047415994,2,0,2
3048022453,2,0,2
3048034495,2,6,8
3048242440,2,0,2
3049688713,2,0,2
3049897473,2,1,3
3050775464,2,0,2
3050898070,2,0,2
3051027667,2,0,2
3051121453,2,0,2
3051294457,2,0,2
3051341180,2,0,2
3051440023,2,0,2
3051629112,2,1,3
3052065576,2,0,2
3052115491,2,0,2
3052434953,2,0,2
3052482073,2,0,2
3052691810,2,0,2
3052699057,2,0,2
3053287981,2,0,2
3053470077,2,4,6
3053978610,2,25,27
3054102654,2,0,2
3054123678,2,0,2
3054184020,2,0,2
3054273128,2,0,2
3054407305,2,0,2
3054548370,2,0,2
3054578976,2,0,2
3058883744,2,2,4
3059198033,2,0,2
3059465859,2,0,2
3059878987,2,0,2
3060728561,2,1,3
3060742820,2,1,3
3060818966,2,2,4
3061410960,2,0,2
3061415159,2,1,3
3062055361,2,0,2
3062473263,2,0,2
3063619538,2,7,9
3063623982,2,0,2
3063629509,2,11,13
3064173777,2,0,2
3064382901,2,0,2
3064443802,2,0,2
3064492144,2,0,2
3064734604,2,0,2
3064780882,2,0,2
3064817939,2,0,2
3064869879,2,0,2
3064904067,2,0,2
3064943999,2,0,2
3064951492,2,0,2
3064962335,2,0,2
3064969373,2,0,2
3064994206,2,0,2
3064994357,2,0,2
3065014918,2,0,2
3065106789,2,0,2
3065199952,2,0,2
3065273200,2,0,2
3065282404,2,0,2
3065303578,2,0,2
3065381057,2,0,2
3065394208,2,0,2
3065464661,2,0,2
3065608756,2,0,2
3065658527,2,0,2
3065666699,2,0,2
3065667501,2,0,2
3065724160,2,0,2
3065741422,2,0,2
3065809702,2,0,2
3065901671,2,0,2
3065913935,2,0,2
3065918375,2,0,2
3065929324,2,0,2
3065944780,2,0,2
3068691727,2,0,2
3070430174,2,0,2
3070454969,2,0,2
3070524548,2,19,21
3071412587,2,0,2
3072522189,2,0,2
3072597987,2,0,2
3073529245,2,1,3
3074874226,2,0,2
3075524670,2,1,3
3075964151,2,0,2
3076288518,2,2,4
3077608613,2,0,2
3077658023,2,0,2
3078051943,2,1,3
3079976824,2,1,3
3081276986,2,0,2
3082946713,2,0,2
3085415272,2,2,4
3085675037,2,1,3
3087248994,2,0,2
3089140684,2,0,2
3091269338,2,0,2
3092120316,2,0,2
3092372145,2,0,2
3092765073,2,0,2
3092778671,2,0,2
3092961320,2,1,3
3093413105,2,0,2
3095091291,2,0,2
3096664049,2,0,2
3096743527,2,0,2
3096912559,2,0,2
3097705401,2,0,2
3100040713,2,1,3
3100057911,2,0,2
3100465077,2,0,2
3103552162,2,0,2
3103704744,2,0,2
3104802053,2,0,2
3105329027,2,0,2
3105362665,2,0,2
3107067643,2,0,2
3107673643,2,0,2
3108507915,2,0,2
3109148991,2,7,9
3111414423,2,0,2
3112004763,2,2,4
3113357360,2,0,2
3115904499,2,0,2
3116145481,2,1,3
3116312032,2,2,4
3119269055,2,0,2
3121053468,2,0,2
3121980179,2,0,2
3121980275,2,0,2
3122595297,2,0,2
3123088372,2,30,32
3126749047,2,0,2
3127608731,2,2,4
3129432383,2,0,2
3131111307,2,1,3
3131194185,2,0,2
3131469478,2,0,2
3131537668,2,2,4
3131540780,2,1,3
3131644077,2,0,2
3132085020,2,0,2
3133175299,2,0,2
3135932851,2,0,2
3140149191,2,0,2
3140898179,2,0,2
3141141642,2,0,2
3141915315,2,0,2
3141942449,2,0,2
3142826402,2,4,6
3145752861,2,0,2
3146151338,2,0,2
3148490706,2,0,2
3149058553,2,2,4
3151016726,2,0,2
3152819190,2,0,2
3153110259,2,0,2
3153353848,2,0,2
3154545254,2,1,3
3156697613,2,0,2
3156816818,2,7,9
3156923639,2,0,2
3157505279,2,0,2
3159393797,2,0,2
3160163262,2,2,4
3160568136,2,0,2
3161593204,2,1,3
3161599719,2,0,2
3161624886,2,0,2
3161778229,2,0,2
3163008944,2,0,2
3165979228,2,0,2
3166302605,2,0,2
3167058077,2,16,18
3167443719,2,0,2
3168631289,2,0,2
3171089598,2,0,2
3171347802,2,0,2
3171792893,2,0,2
3174586607,2,0,2
3177022386,2,0,2
3177469693,2,3,5
3177578698,2,0,2
3178590102,2,0,2
3179219209,2,0,2
3179850712,2,0,2
3180697014,2,1,3
3180912644,2,0,2
3181240643,2,0,2
3181597951,2,0,2
3181750968,2,0,2
3183297362,2,2,4
3183459762,2,27,29
3183906038,2,0,2
3184454064,2,1,3
3186934534,2,83,85
3187110882,2,0,2
3187239182,2,0,2
3188178385,2,0,2
3189178045,2,0,2
3189273218,2,3,5
3190248102,2,1,3
3191716442,2,0,2
3192367532,2,0,2
3192399324,2,0,2
3192460508,2,0,2
3192515768,2,0,2
3194726640,2,0,2
3197336369,2,0,2
3197771592,2,0,2
3197864269,2,0,2
3205220381,2,0,2
3205755016,2,1,3
3206285452,2,0,2
3207636454,2,0,2
3208428053,2,1,3
3210875655,2,0,2
3216616958,2,0,2
3217324555,2,6,8
3222079097,2,2,4
3222610862,2,0,2
3222661634,2,0,2
3223994420,2,0,2
3224937576,2,0,2
3226219781,2,0,2
3226307596,2,0,2
3226465698,2,0,2
3226667365,2,0,2
3226702734,2,3,5
3227495570,2,30,32
3227965316,2,0,2
3228200220,2,0,2
3228247246,2,0,2
3228517474,2,1,3
3228657248,2,0,2
3228726070,2,0,2
3229174027,2,0,2
3229180261,2,3,5
3229247474,2,0,2
3229525485,2,0,2
3230112464,2,0,2
3230488129,2,0,2
3230742375,2,1,3
3230930205,2,8,10
3233578592,2,2,4
3234869722,2,0,2
3235256730,2,0,2
3235505306,2,1,3
3235516740,2,1,3
3236183880,2,0,2
3240447818,2,2,4
3241559628,2,0,2
3242427071,2,0,2
3243859832,2,0,2
3244310880,2,1,3
3244576999,2,1,3
3246025176,2,0,2
3246346912,2,1,3
3246390180,2,3,5
3246487723,2,0,2
3247370077,2,1,3
3247879000,2,0,2
3248407627,2,0,2
3248775767,2,0,2
3248933267,2,0,2
3249257897,2,2,4
3251679470,2,0,2
3252181490,2,0,2
3252896976,2,0,2
3253214641,2,3,5
3253961276,2,0,2
3254069726,2,0,2
3254149280,2,27,29
3255769610,2,0,2
3256835910,2,0,2
3256988102,2,0,2
3257156227,2,0,2
3257652738,2,0,2
3257751332,2,11,13
3257901379,2,0,2
3259375272,2,0,2
3260095424,2,2,4
3260346546,2,4,6
3260463162,2,0,2
3260466776,2,0,2
3260665729,2,2,4
3260773844,2,0,2
3264899184,2,0,2
3265603201,2,2,4
3265742178,2,0,2
3269501682,2,0,2
3269706379,2,1,3
3270722959,2,4,6
3271279164,2,4,6
3271290469,2,4,6
3271379414,2,10,12
3272203904,2,0,2
3275058435,2,0,2
3276978139,2,0,2
3277614776,2,8,10
3278671938,2,0,2
3279003277,2,20,22
3280055866,2,0,2
3281178223,2,0,2
3282749426,2,0,2
3284010013,2,5,7
3284060906,2,0,2
3284932795,2,0,2
3286675094,2,3,5
3287012310,2,0,2
3287765707,2,0,2
3288045372,2,7,9
3288170222,2,0,2
3288310379,2,0,2
3288794417,2,0,2
3288945999,2,0,2
3289410964,2,2,4
3291582691,2,0,2
3291831526,2,0,2
3292516747,2,0,2
3293706442,2,0,2
3294470199,2,0,2
3295761986,2,1,3
3295985095,2,2,4
3296529246,2,1,3
3296541924,2,0,2
3296866729,2,0,2
3299822124,2,1,3
3300155828,2,1,3
3300283765,2,0,2
3300548692,2,0,2
3302166970,2,0,2
3302457848,2,0,2
3302507319,2,0,2
3303085877,2,0,2
3305126211,2,0,2
3305439104,2,2,4
3305618743,2,2,4
3305943761,2,0,2
3306312404,2,5,7
3306317520,2,23,25
3307114679,2,3,5
3307219610,2,0,2
3307278866,2,0,2
3307383368,2,0,2
3308057935,2,0,2
3308805646,2,0,2
3309068555,2,0,2
3309285608,2,0,2
3309323125,2,0,2
3309518556,2,0,2
3309566076,2,0,2
3309654696,2,29,31
3309916873,2,5,7
3309979352,2,0,2
3309980181,2,0,2
3310969453,2,0,2
3311069719,2,7,9
3311392447,2,1,3
3311548767,2,0,2
3311586320,2,0,2
3311754342,2,1,3
3311911902,2,0,2
3312740186,2,0,2
3313533176,2,0,2
3313638392,2,1,3
3315366207,2,2,4
3315467896,2,0,2
3315561942,2,28,30
3315575948,2,0,2
3316109748,2,0,2
3316133191,2,1,3
3316512397,2,0,2
3317982979,2,0,2
3318349257,2,0,2
3321048716,2,0,2
3322283202,2,2,4
3322518116,2,1,3
3324258531,2,0,2
3325340894,2,0,2
3327909363,2,0,2
3328140333,2,0,2
3328146983,2,1,3
3328253128,2,0,2
3329951577,2,0,2
3330594254,2,0,2
3333161057,2,0,2
3339138238,2,0,2
3339994332,2,0,2
3341453051,2,0,2
3341555488,2,1,3
3341558716,2,0,2
3341780653,2,6,8
3341870494,2,0,2
3342204286,2,0,2
3343504949,2,0,2
3343777992,2,0,2
3343917184,2,7,9
3344116174,2,0,2
3344129501,2,0,2
3344323574,2,0,2
3344336234,2,8,10
3344686594,2,0,2
3345292414,2,0,2
3345661089,2,0,2
3345831022,2,0,2
3347011595,2,0,2
3347186212,2,0,2
3347198428,2,0,2
3348196767,2,0,2
3349444032,2,1,3
3350523700,2,0,2
3352028541,2,0,2
3352093024,2,0,2
3352481380,2,0,2
3353186471,2,0,2
3353604197,2,0,2
3354082858,2,0,2
3355914319,2,4,6
3357945321,2,0,2
3359185563,2,0,2
3361325320,2,0,2
3363011465,2,0,2
3366345658,2,0,2
3366374464,2,0,2
3366847575,2,6,8
3367468127,2,0,2
3368438705,2,0,2
3368807788,2,0,2
3368810654,2,0,2
3369465058,2,0,2
3369925937,2,2,4
3370537180,2,0,2
3370836675,2,0,2
3371548708,2,1,3
3372776789,2,0,2
3373986586,2,0,2
3374565387,2,0,2
3374923257,2,0,2
3376184097,2,0,2
3377317894,2,2,4
3377468277,2,0,2
3377550379,2,2,4
3377630543,2,0,2
3379486624,2,2,4
3379559194,2,0,2
3380572257,2,1,3
3382462396,2,0,2
3382554568,2,0,2
3383364455,2,1,3
3383487892,2,0,2
3389770233,2,3,5
3389776469,2,0,2
3390203488,2,0,2
3390260751,2,0,2
3391152364,2,5,7
3391442841,2,0,2
3394098082,2,0,2
3394741149,2,10,12
3394926046,2,0,2
3395535717,2,4,6
3396143585,2,2,4
3398734475,2,0,2
3399237433,2,0,2
3399515817,2,0,2
3402974865,2,0,2
3403675187,2,17,19
3404073167,2,0,2
3404667202,2,0,2
3406038969,2,5,7
3406268087,2,0,2
3407012453,2,1,3
3407467312,2,0,2
3408850114,2,0,2
3410236204,2,0,2
3410634914,2,0,2
3411615088,2,0,2
3412136140,2,0,2
3413529935,2,0,2
3416925340,2,0,2
3417841583,2,0,2
3418678497,2,10,12
3418980577,2,0,2
3419437185,2,0,2
3420789009,2,0,2
3421045907,2,0,2
3422316065,2,1,3
3422445493,2,0,2
3422860869,2,0,2
3423303951,2,1,3
3423670253,2,0,2
3424005053,2,2,4
3424777329,2,0,2
3430496296,2,5,7
3431595003,2,0,2
3431959041,2,8,10
3434421484,2,0,2
3436831809,2,0,2
3437706057,2,0,2
3440168716,2,0,2
3441317052,2,0,2
3443933172,2,0,2
3446634255,2,0,2
3448312996,2,0,2
3451487116,2,0,2
3460778774,2,2,4
3468552383,2,0,2
3470996714,2,0,2
3471435567,2,0,2
3472749563,2,0,2
3473446641,2,0,2
3483818114,2,0,2
3486303913,2,0,2
3487930035,2,0,2
3490815620,2,0,2
3492476055,2,0,2
3494730983,2,0,2
3494768430,2,3,5
3509891489,2,0,2
3514970594,2,1,3
3526995317,2,0,2
3539315953,2,49,51
3542538498,2,0,2
3561795374,2,0,2
3568822453,2,0,2
3580089737,2,0,2
3581777716,2,5,7
3583384572,2,0,2
3586965492,2,0,2
3596340436,2,0,2
3596493375,2,0,2
3600855674,2,4,6
3608334854,2,0,2
3610487352,2,3,5
3612102678,2,0,2
3618882193,2,22,24
3620868863,2,0,2
3622391961,2,0,2
3623812943,2,2,4
3624928215,2,0,2
3630004155,2,0,2
3631556593,2,0,2
3639178340,2,0,2
3641161698,2,0,2
3641984838,2,0,2
3644611454,2,0,2
3647624422,2,0,2
3653499856,2,0,2
3654061634,2,2,4
3654222447,2,0,2
3654802880,2,1,3
3655960462,2,0,2
3666664101,2,0,2
3671167693,2,0,2
3672809777,2,2,4
3677306294,2,0,2
3678050781,2,0,2
3679496955,2,0,2
3679744823,2,12,14
3680451796,2,1,3
3680842755,2,16,18
3681354315,2,9,11
3682560615,2,0,2
3688557975,2,1,3
3692934981,2,0,2
3697128803,2,0,2
3697633821,2,0,2
3700487181,2,20,22
3701663717,2,0,2
3705969134,2,0,2
3707401095,2,4,6
3710517058,2,0,2
3712177695,2,0,2
3712329673,2,0,2
3715283544,2,1,3
3718042757,2,21,23
3732499037,2,0,2
3734039116,2,0,2
3741114012,2,3,5
3742824258,2,0,2
3745542857,2,0,2
3750779249,2,70,72
3751989560,2,0,2
3752061313,2,1,3
3753607872,2,0,2
3760557134,2,0,2
3761373672,2,0,2
3762604933,2,24,26
3763300034,2,1,3
3766091958,2,4,6
3766963396,2,0,2
3771520233,2,0,2
3774476773,2,0,2
3777186254,2,0,2
3777579198,2,1,3
3780253521,2,0,2
3789083355,2,0,2
3791920272,2,0,2
3795286092,2,7,9
3798262933,2,0,2
3807828674,2,0,2
3808196833,2,1,3
3812960836,2,0,2
3816162317,2,0,2
3821926572,2,0,2
3822178574,2,40,42
3824392093,2,0,2
3824912379,2,0,2
3826705697,2,0,2
3828211992,2,1,3
3831179956,2,0,2
3837662720,2,0,2
3839649373,2,0,2
3842369489,2,116,118
3842918712,2,1,3
3850427354,2,5,7
3858562154,2,0,2
3864655101,2,0,2
3867365475,2,0,2
3871491748,2,3,5
3873249313,2,0,2
3875917473,2,0,2
3881220825,2,1,3
3885726193,2,0,2
3885747383,2,0,2
3887703921,2,0,2
3888222194,2,0,2
3895094487,2,0,2
3897464233,2,22,24
3901040541,2,0,2
3904790659,2,0,2
3905068345,2,1,3
3906310652,2,0,2
3910405396,2,1,3
3912450087,2,0,2
3918363689,2,0,2
3927888987,2,0,2
3928739657,2,0,2
3931152375,2,0,2
3932065033,2,0,2
3934042817,2,0,2
3947972129,2,6,8
3948291094,2,0,2
3949626903,2,53,55
3950816657,2,56,58
3954187155,2,0,2
3955586356,2,0,2
3958262103,2,0,2
3959215155,2,0,2
3963785541,2,0,2
3964148652,2,0,2
3980293000,2,0,2
3984223033,2,0,2
3990343275,2,1,3
3994632083,2,0,2
3995462675,2,1,3
3999192737,2,1,3
4002636503,2,0,2
4003212705,2,0,2
4009560856,2,3,5
4013183714,2,0,2
4013559843,2,0,2
4017149243,2,5,7
4018619002,2,0,2
4023303378,2,0,2
4027451601,2,0,2
4029203714,2,0,2
4038918509,2,0,2
4039272983,2,0,2
4039355056,2,0,2
4040407395,2,0,2
4040735949,2,0,2
4042965143,2,0,2
4052690714,2,2,4
4057489881,2,0,2
4060049773,2,1,3
4064541252,2,3,5
4065725475,2,0,2
4065795081,2,0,2
4076003551,2,2,4
4083848057,2,0,2
4086271932,2,0,2
4100614143,2,0,2
4103014572,2,0,2
4112279381,2,0,2
4114366092,2,1,3
4114929735,2,0,2
4115619803,2,0,2
4117939516,2,2,4
4120520080,2,7,9
4122435233,2,0,2
4126227209,2,0,2
4139509306,2,0,2
4142822315,2,0,2
4143139342,2,6,8
4143443176,2,0,2
4145549961,2,0,2
4151099867,2,3,5
4156246755,2,0,2
4160517853,2,0,2
4162900273,2,0,2
4163779632,2,26,28
4164611241,2,0,2
4168652174,2,0,2
4169494079,2,0,2
4169670975,2,0,2
4172438675,2,0,2
4179416182,2,0,2
4181336789,2,0,2
4185277395,2,1,3
4185297436,2,107,109
4186818003,2,0,2
4187833097,2,0,2
4189726677,2,119,121
4191155532,2,2,4
4191199337,2,1,3
4196864241,2,0,2
4205376465,2,1,3
4213063301,2,0,2
4213266148,2,2,4
4217502078,2,0,2
4218118425,2,0,2
4218656961,2,0,2
4226978463,2,0,2
4228879213,2,2,4
4230052282,2,0,2
4230129673,2,0,2
4230260112,2,1,3
4236419712,2,0,2
4238116152,2,78,80
4240721114,2,2,4
4241156413,2,0,2
4244000956,2,2,4
4244620816,2,0,2
4247224932,2,0,2
4247586388,2,0,2
4247660909,2,0,2
4250071217,2,0,2
4257473122,2,0,2
4261540693,2,0,2
4271542337,2,0,2
4275815472,2,0,2
4276880021,2,0,2
4280734823,2,2,4
4284235216,2,0,2
4284656357,2,0,2
4285726276,2,0,2
4287877893,2,0,2
4292264657,2,0,2
4294618692,2,0,2
4305051193,2,23,25
4307368879,2,0,2
4319735420,2,0,2
4321424537,2,0,2
4323670756,2,0,2
4325896289,2,1,3
4328551997,2,0,2
4329070399,2,0,2
4329847221,2,20,22
4329942136,2,2,4
4334214508,2,0,2
4343483897,2,0,2
4345784116,2,0,2
4345992555,2,0,2
4348551918,2,0,2
4363015217,2,0,2
4365668175,2,0,2
4369675696,2,0,2
4376587653,2,2,4
4384519220,2,0,2
4386239236,2,0,2
4389622583,2,0,2
4391985192,2,0,2
4392217332,2,0,2
4394475313,2,0,2
4396918036,2,0,2
4397275053,2,0,2
4397652557,2,0,2
4409782162,2,0,2
4414699213,2,0,2
4417074503,2,0,2
4418891441,2,0,2
4423878855,2,0,2
4426507760,2,0,2
4432935329,2,1,3
4438528394,2,0,2
4440817880,2,0,2
4454096785,2,0,2
4455959842,2,1,3
4459712902,2,0,2
4460706432,2,0,2
4464342252,2,0,2
4471009937,2,27,29
4472461400,2,1,3
4475323312,2,0,2
4476781999,2,0,2
4480394599,2,0,2
4481384660,2,0,2
4483785620,2,0,2
4491049346,2,1,3
4496550393,2,5,7
4497623716,2,0,2
4498188976,2,0,2
4498960049,2,1,3
4501155257,2,0,2
4501647792,2,0,2
4501950913,2,2,4
4512785839,2,0,2
4514651121,2,577,579
4515565932,2,0,2
4515647727,2,0,2
4517852294,2,26,28
4518997521,2,0,2
4539067160,2,0,2
4539609397,2,0,2
4541934202,2,0,2
4550433314,2,0,2
4551572548,2,0,2
4556038827,2,0,2
4557735612,2,0,2
4559037135,2,0,2
4561320386,2,1,3
4562056287,2,4,6
4569520486,2,0,2
4573591633,2,0,2
4573741820,2,0,2
4575191953,2,3,5
4592524156,2,0,2
4597654212,2,1,3
4605081741,2,0,2
4605572180,2,0,2
4608690133,2,0,2
4610589649,2,0,2
4617538697,2,0,2
4624254088,2,0,2
4626381207,2,0,2
4627101433,2,0,2
4632465676,2,1,3
4637069357,2,0,2
4640195127,2,0,2
4643849327,2,0,2
4646746409,2,0,2
4651631055,2,1,3
4658920480,2,2,4
4659553948,2,1,3
4664518580,2,0,2
4664602995,2,0,2
4667047278,2,0,2
4670931922,2,0,2
4672302414,2,1,3
4673923813,2,10,12
4680953894,2,0,2
4686302126,2,0,2
4692045469,2,0,2
4692758972,2,0,2
4692980378,2,0,2
4693668584,2,0,2
4697664391,2,3,5
4699320912,2,0,2
4705359865,2,0,2
4705733840,2,0,2
4706270920,2,0,2
4706343433,2,0,2
4714395709,2,0,2
4714884982,2,0,2
4715872316,2,1,3
4717038854,2,0,2
4717274450,2,2,4
4718911831,2,0,2
4719814736,2,0,2
4724671282,2,0,2
4725385758,2,0,2
4727129989,2,0,2
4729255105,2,0,2
4729656567,2,0,2
4729994436,2,0,2
4730175578,2,0,2
4730426095,2,0,2
4732126099,2,0,2
4732177036,2,7,9
4735266698,2,0,2
4736232312,2,1,3
4736787639,2,0,2
4739380057,2,0,2
4741102636,2,0,2
4741387512,2,0,2
4741824258,2,0,2
4744403715,2,0,2
4746936437,2,0,2
4749163402,2,0,2
4749697212,2,0,2
4750784256,2,0,2
4751087253,2,0,2
4751302147,2,0,2
4752301315,2,0,2
4752634937,2,0,2
4753970181,2,4,6
4760931337,2,5,7
4761074377,2,2,4
4763317835,2,0,2
4764370453,2,0,2
4765060561,2,0,2
4765664479,2,0,2
4766025955,2,0,2
4768875064,2,0,2
4770959472,2,1,3
4777003809,2,0,2
4777549993,2,0,2
4779414109,2,1,3
4780848218,2,279,281
4781186593,2,0,2
4782847254,2,78,80
4784208079,2,0,2
4786894806,2,1,3
4787270795,2,0,2
4788193763,2,0,2
4789262422,2,0,2
4790366212,2,0,2
4794654191,2,0,2
4800569652,2,0,2
4806300637,2,0,2
4807982777,2,0,2
4808512945,2,0,2
4810372807,2,0,2
4810779616,2,0,2
4815264615,2,0,2
4815355241,2,0,2
4817007673,2,0,2
4821420365,2,0,2
4822401844,2,1,3
4822843335,2,13,15
4824481978,2,0,2
4825223057,2,0,2
4826215679,2,2,4
4826279171,2,2,4
4827050625,2,0,2
4827531214,2,0,2
4827969950,2,0,2
4830723181,2,0,2
4831317371,2,1,3
4831397327,2,0,2
4832583171,2,0,2
4834036084,2,43,45
4834484615,2,0,2
4836846593,2,0,2
4836857371,2,0,2
4837329521,2,0,2
4838866218,2,0,2
4839318568,2,0,2
4842611533,2,0,2
4843215192,2,0,2
4843320613,2,0,2
4843396468,2,0,2
4845080014,2,1,3
4845753203,2,13,15
4847894833,2,0,2
4848179471,2,1,3
4848636318,2,0,2
4851200811,2,0,2
4851966645,2,4,6
4852269269,2,0,2
4852385320,2,0,2
4852501628,2,0,2
4853948315,2,0,2
4855496834,2,0,2
4855625469,2,0,2
4858844735,2,4,6
4860510948,2,0,2
4860660121,2,0,2
4861255287,2,0,2
4861932675,2,0,2
4865578521,2,18,20
4867349355,2,12,14
4868250071,2,0,2
4870069782,2,0,2
4870481595,2,0,2
4871223795,2,0,2
4871829629,2,0,2
4872398931,2,0,2
4872929789,2,6,8
4874417680,2,0,2
4874687187,2,0,2
4875204435,2,0,2
4877601425,2,1,3
4879554243,2,0,2
4879951774,2,10,12
4882180475,2,0,2
4882652068,2,0,2
4882808578,2,0,2
4883055043,2,1,3
4885879403,2,0,2
4886475448,2,1,3
4886541159,2,0,2
4888480347,2,0,2
4889787070,2,0,2
4890428794,2,0,2
4893028006,2,2,4
4893101728,2,0,2
4893195312,2,0,2
4893463036,2,0,2
4893700524,2,0,2
4894336715,2,0,2
4895512029,2,0,2
4895945561,2,0,2
4897205076,2,1,3
4898130953,2,1,3
4899938734,2,0,2
4900155573,2,0,2
4902727518,2,0,2
4903168966,2,0,2
4903568173,2,0,2
4903872295,2,0,2
4904367652,2,3,5
4904559397,2,0,2
4906517705,2,27,29
4907053099,2,0,2
4907140096,2,1,3
4909110493,2,0,2
4909486979,2,0,2
4912823790,2,0,2
4916975827,2,0,2
4918285279,2,0,2
4918353673,2,33,35
4920544893,2,16,18
4920941883,2,0,2
4921568907,2,0,2
4922606108,2,0,2
4924594492,2,0,2
4924651132,2,0,2
4928528027,2,0,2
695680576351834112,2,0,2
698323476625678336,2,0,2
698866607850807298,2,8,10
700414435215605760,2,0,2
700454036424802304,2,1,3
700492213994717188,2,0,2
700545318912290816,2,0,2
700717559008526336,2,0,2
701174617004765185,2,15,17
701284172774535168,2,0,2
701489661823361026,2,0,2
701556562238828544,2,3,5
701579985656664064,2,2,4
701718104728965120,2,0,2
701776183780896771,2,0,2
701815232394633216,2,0,2
701856216167817216,2,0,2
701925213483630592,2,5,7
701965004661100544,2,0,2
702071159765004293,2,0,2
702128508835860480,2,0,2
702168531480084480,2,3,5
702220178021548032,2,0,2
702231032511262721,2,4,6
702342453852901376,2,0,2
702413616084082688,2,0,2
702614012798885888,2,1,3
702681365276401665,2,1,3
702728274682769408,2,0,2
702733797708595200,2,22,24
702737015624896512,2,1,3
702891243475304448,2,0,2
702909713164316672,2,0,2
703076834364301312,2,0,2
703130761163976704,2,0,2
703139463602438144,2,1,3
703209268489666561,2,0,2
703275341133971456,2,5,7
703516862747959296,2,0,2
703538775603990528,2,0,2
703540128606777344,2,0,2
703553673813762048,2,0,2
703675854472159232,2,10,12
703696329327902720,2,1,3
703706177616666626,2,6,8
703722864596267008,2,0,2
703748819566116864,2,0,2
703767861928534017,2,1,3
704049376436604929,2,0,2
704067218825310209,2,13,15
704075763901796352,2,5,7
704084200916385796,2,0,2
704087584474013696,2,0,2
704107089396895745,2,0,2
704129061891805185,2,0,2
704133132593790977,2,0,2
704137860580921345,2,0,2
704141864832663552,2,0,2
704144182055534593,2,0,2
704209579631091713,2,8,10
704210563233128448,2,7,9
704301718713049088,2,0,2
704373907034349568,2,0,2
704512522989260800,2,0,2
704581921053880320,2,5,7
704669044436312065,2,0,2
704735189637984260,2,0,2
704814589498695681,2,0,2
704868264266969088,2,0,2
704870877553274880,2,6,8
704905084329656320,2,0,2
704917955163922432,2,0,2
704955348059160576,2,0,2
705077323683377152,2,1,3
705079728407977986,2,0,2
705120731663831040,2,2,4
705123936351092737,2,11,13
705139801821941763,2,1,3
705140392287580160,2,31,33
705144507780591616,2,25,27
705258159233863681,2,1,3
705385295827447809,2,0,2
705495134750826502,2,1,3
705523478414413824,2,0,2
705528816555274240,2,2,4
705549529236557824,2,0,2
705568419320455168,2,0,2
705570257704845313,2,0,2
705595635060350976,2,0,2
705607964007108609,2,1,3
705613887421288448,2,21,23
705663280673591296,2,0,2
705844678273314816,2,0,2
705884287652855808,2,0,2
705885291077304321,2,0,2
705907091592990721,2,0,2
706043926512345088,2,0,2
706217703959355392,2,0,2
706304044650909696,2,0,2
706457950605484032,2,0,2
706595841851654144,2,0,2
706744530645573632,2,0,2
706981978017439745,2,0,2
706986903887867906,2,0,2
706990007874154497,2,66,68
706997843656105986,2,0,2
707005676921327616,2,0,2
707043847482642433,2,0,2
707159597182816258,2,0,2
707256793207054337,2,0,2
707416680993988608,2,0,2
707654713907531777,2,0,2
707695235623624704,2,0,2
707701270526623744,2,0,2
707714646309019649,2,0,2
707946321043431424,2,8,10
708042796834398209,2,0,2
708144667116834816,2,2,4
708160961262133249,2,0,2
708465520874541056,2,2,4
708761891536039936,2,0,2
708799545069707264,2,0,2
708840059831721984,2,0,2
708958722408767489,2,0,2
709040814891126784,2,0,2
709072269813923841,2,0,2
709144349972566017,2,0,2
709197984387375104,2,0,2
709249193928474624,2,0,2
709254774407843840,2,0,2
709444059371143168,2,0,2
709689834802126848,2,0,2
709850507779571713,2,1,3
710069753990266880,2,6,8
710110277132484609,2,0,2
710470163057999872,2,1,3
710483390466805760,2,0,2
710521401996918784,2,0,2
710569974004322304,2,0,2
710623282127577088,2,0,2
710661901261221888,2,0,2
710815380231626752,2,9,11
710844442907910148,2,1,3
710911884510289920,2,0,2
710954041115860996,2,0,2
711022697170542592,2,0,2
711034734105763840,2,6,8
711127570780176384,2,0,2
711275127493758976,2,0,2
711310585716154369,2,0,2
711350073175711745,2,0,2
711375773609775104,2,0,2
711535560456847360,2,0,2
711614325706739716,2,2,4
711694960437895169,2,0,2
711743597394014208,2,0,2
711748012737994753,2,0,2
711896158709284864,2,2,4
711940117510955009,2,0,2
712032926414807040,2,0,2
712038776592318465,2,34,36
712066261094690817,2,0,2
712084494803734528,2,0,2
712122019978940416,2,1,3
712261406423457792,2,0,2
712326563941908480,2,0,2
712372813433208832,2,1,3
712560570822746112,2,1,3
712803072750317573,2,0,2
713092704444395520,2,0,2
713123020370370560,2,0,2
713161710689984512,2,1,3
713185487331192832,2,24,26
713347859853258752,2,0,2
713351264508227584,2,27,29
713436974045114369,2,0,2
713478052286693378,2,2,4
713582481832718337,2,0,2
713616372798914560,2,1,3
713746211728019456,2,0,2
713833407659253761,2,0,2
713876059234525185,2,0,2
713934591015260160,2,0,2
713938249996218368,2,0,2
713973252109021185,2,31,33
714107736997408772,2,1,3
714192650451070976,2,0,2
714282153459187713,2,0,2
714297760028041216,2,34,36
714324023526621184,2,0,2
714395175737491458,2,21,23
714413305931177985,2,0,2
714418486043258880,2,0,2
714434474986102784,2,0,2
714448431322890241,2,0,2
714448773951324161,2,0,2
714455172672577536,2,0,2
714586740040671233,2,0,2
714601841665781760,2,0,2
714661006664941568,2,0,2
714661158607831040,2,0,2
714840779714392064,2,0,2
714916688748277761,2,0,2
714983816700538884,2,0,2
714996216694579200,2,0,2
715030880423690240,2,0,2
715109342236839936,2,0,2
715216298616209408,2,0,2
715595990682742786,2,0,2
715598626349711360,2,1,3
715663040574689280,2,0,2
715746361640091650,2,0,2
715748414923911169,2,1,3
715757185976942593,2,0,2
715971384120369153,2,0,2
716010075664592896,2,0,2
716130787112792064,2,0,2
716371302882353152,2,0,2
716420000806899712,2,0,2
716514276379328513,2,0,2
716570359974268928,2,0,2
716597420683997184,2,0,2
716605032548982784,2,1,3
716678776336343040,2,4,6
716715471148552193,2,0,2
716755410703753217,2,0,2
716775444578705408,2,0,2
716785225691504640,2,1,3
716839405076484096,2,0,2
716959394286739456,2,0,2
717032687643529216,2,12,14
717124336042127360,2,27,29
717137542706040832,2,0,2
717170157047517185,2,0,2
717196323875848193,2,1,3
717355409514885121,2,0,2
717362268065939457,2,0,2
717412709579538432,2,1,3
717454706256138240,2,0,2
717509661113597952,2,3,5
717567466516385792,2,0,2
717723999736713217,2,19,21
717843896433315840,2,2,4
718081580762140672,2,1,3
718109550956576768,2,0,2
718526064780320769,2,8,10
718558225071669248,2,0,2
718620656691187712,2,0,2
718952792132444160,2,2,4
719007999444930560,2,0,2
719092423117389824,2,0,2
719565042157502465,2,0,2
719629375411527685,2,0,2
719670834399416320,2,0,2
719679937649766400,2,0,2
719689560465227777,2,0,2
719725436519915521,2,0,2
719910002262175744,2,0,2
719965739168460802,2,0,2
720264706536173568,2,0,2
720339645582577664,2,19,21
720446894397333505,2,40,42
720495478140485632,2,0,2
720632424128884736,2,0,2
720658506295025666,2,3,5
720692027067904000,2,0,2
720761188443910147,2,19,21
720946318139592705,2,0,2
720980082844700672,2,0,2
721010331766509568,2,0,2
721042432381579264,2,0,2
721428952854749185,2,0,2
721602575678750720,2,0,2
721709260166434816,2,4,6
721730076585422850,2,0,2
721769733222227968,2,0,2
721908552613306370,2,2,4
722029846357012480,2,0,2
722232148908969984,2,0,2
722240527056248832,2,0,2
722250960056283136,2,0,2
722438106071375872,2,0,2
722473516512227328,2,0,2
722503151346065408,2,0,2
722528529716383744,2,0,2
722807106156511232,2,0,2
722824963757977600,2,0,2
722918687032938496,2,4,6
722945734287495168,2,0,2
722966523933908992,2,0,2
723136913402564609,2,0,2
723214446936657920,2,0,2
723334468614938624,2,0,2
723500086479691777,2,0,2
723650813424459776,2,0,2
723650936720265216,2,8,10
723716363467034629,2,0,2
723889880753827840,2,0,2
723901035048116226,2,0,2
724309845764018177,2,0,2
724313984459894788,2,0,2
724333414720135168,2,0,2
724340810557362176,2,0,2
724343070469283840,2,0,2
724362454071955459,2,0,2
724433082049134593,2,0,2
724586453007765504,2,1,3
724623388484972545,2,0,2
724667098639769600,2,0,2
724696487477805057,2,0,2
724755639147311105,2,27,29
725105930006880256,2,0,2
725124041024110592,2,1,3
725141807110197250,2,0,2
725384605986095104,2,0,2
725409645909671936,2,15,17
725444264449073152,2,0,2
725469392549466112,2,1,3
725516281231872004,2,0,2
725929194123747328,2,0,2
726016547341225984,2,0,2
726078169107816448,2,0,2
726218186857676802,2,0,2
726405146788290560,2,0,2
726448470798651392,2,0,2
726510266486280192,2,55,57
726534437156999168,2,2,4
726619656950304768,2,10,12
726646941233225728,2,1,3
726758937433919488,2,1,3
726817211269169152,2,0,2
726829246430105601,2,0,2
727070028454088704,2,0,2
727104075762913281,2,0,2
727146594357919744,2,0,2
727163904778985473,2,0,2
727199450855153664,2,0,2
727201401571540992,2,0,2
727358134952534016,2,0,2
727485219398291456,2,0,2
727533195558690816,2,0,2
727774790816284672,2,0,2
727873297405317120,2,0,2
727881558686769152,2,0,2
727962691201949698,2,0,2
728222198717091840,2,2,4
728245509685551105,2,1,3
728541609806184450,2,1,3
728601000005804032,2,0,2
728709191616110593,2,0,2
728740621398253569,2,6,8
728778904035450881,2,1,3
728815969510957056,2,12,14
728969814153166848,2,105,107
728973395925307392,2,0,2
729370266908938240,2,0,2
729376048840769536,2,0,2
729474086502580225,2,0,2
729478363660861440,2,0,2
729543947308142592,2,0,2
729593512321163264,2,2,4
729956786019635200,2,0,2
730083899020283904,2,0,2
730234810992463872,2,0,2
730344214056284161,2,4,6
730398423988506624,2,0,2
730424090289385472,2,0,2
730543778428133376,2,0,2
730611932084998145,2,5,7
730692228729950209,2,0,2
730888314765578241,2,0,2
730893903327416321,2,0,2
730999815232872449,2,6,8
731116238450098176,2,0,2
731172908916056064,2,0,2
731299073295142913,2,10,12
731444882741415936,2,0,2
731685563233767424,2,0,2
731749880046206976,2,0,2
732002990555439104,2,0,2
732063259759517697,2,0,2
732119070523445248,2,0,2
732269422136688641,2,0,2
732687253496070144,2,0,2
732946777230442497,2,0,2
732996901176520704,2,0,2
733073830319685637,2,0,2
733082901391147008,2,1,3
733377904617394177,2,2,4
733404811253547009,2,11,13
733711286714961920,2,1,3
734064857608257537,2,0,2
734186644635582464,2,0,2
734430525205688320,2,0,2
734455282630295552,2,0,2
734700769816006660,2,0,2
734736849499885568,2,0,2
734830917563252737,2,0,2
734917991066959872,2,5,7
735354188230742016,2,0,2
735448400296976385,2,1,3
735507436325511169,2,1,3
735516341948538881,2,0,2
735525446490718213,2,0,2
735538971351080960,2,12,14
735543350552596480,2,0,2
735691163663900673,2,0,2
735893687675150337,2,5,7
736019564828499969,2,0,2
736044702156226560,2,24,26
736057023150751744,2,9,11
736184726726152194,2,0,2
736351989156741120,2,1,3
736363368504819712,2,0,2
736759168217059329,2,2,4
736922889400782850,2,0,2
737040638231842816,2,0,2
737144886592475136,2,0,2
737365629552996352,2,5,7
737399548654571520,2,0,2
737405358956646400,2,1,3
737419483539705856,2,0,2
737645901016117248,2,0,2
737656328626311170,2,0,2
737841116180021248,2,0,2
737856722962927617,2,0,2
737937815221219328,2,0,2
738025896523759616,2,0,2
738046303104434176,2,0,2
738187455535288320,2,0,2
738452528031891457,2,0,2
738458956453056513,2,0,2
738531771789103104,2,0,2
738540812762550274,2,0,2
738723416568680450,2,0,2
738738130665254912,2,0,2
738747302655971328,2,0,2
738756840914325505,2,0,2
738824156414894080,2,0,2
738839774513922048,2,0,2
738867692875218944,2,0,2
739050905413111808,2,15,17
739121224941342721,2,0,2
739159400527626240,2,0,2
739264693252984834,2,1,3
739548162080309249,2,0,2
739860186890899456,2,0,2
739884761997418497,2,0,2
739972791957659648,2,0,2
740002074922876928,2,0,2
740020822585249792,2,6,8
740258250977841153,2,0,2
740381555592286209,2,0,2
740511651510784000,2,0,2
740527515089965056,2,8,10
740576809520115713,2,0,2
740638328656134144,2,3,5
740652358829518848,2,0,2
740888263397892096,2,0,2
740889146378625024,2,3,5
740996617222782977,2,3,5
741078561721749504,2,0,2
741279105686077440,2,0,2
741292461893390339,2,0,2
741327720856981504,2,0,2
741335948022194176,2,12,14
741364457159282688,2,0,2
741418134381416448,2,0,2
741539933115064320,2,0,2
741547073305088002,2,0,2
741650780063731712,2,0,2
741694425412292608,2,5,7
741779502032900097,2,0,2
741811089730457600,2,0,2
741815141700866050,2,0,2
741998638977712128,2,0,2
741999365120724992,2,2,4
742002424764862464,2,0,2
742024397003755520,2,0,2
742045452506267648,2,0,2
742080666083295232,2,0,2
742089398418690048,2,17,19
742092088599269376,2,0,2
742140474442547200,2,0,2
742162900630966273,2,1,3
742183337616281601,2,32,34
742229319385128960,2,0,2
742341136581296128,2,0,2
742346894207295490,2,0,2
742520229675171840,2,0,2
742535054140833792,2,0,2
742546343093211136,2,0,2
742583289278386176,2,277,279
742595690854002688,2,0,2
742655407135543297,2,0,2
742777665849958400,2,0,2
742819031586119680,2,0,2
742926376634830850,2,0,2
743027694972108800,2,1,3
743232429092024322,2,15,17
743242630113353728,2,0,2
743292662548045825,2,2,4
743328062943617024,2,4,6
743482140181037056,2,8,10
744041629867204609,2,4,6
744305799380541441,2,3,5
744448420933402624,2,0,2
744568080970432512,2,22,24
744643486603948032,2,0,2
744736051416162304,2,1,3
744926534411091968,2,0,2
744997954478542848,2,0,2
745035117807173633,2,0,2
745133892579930113,2,1,3
745169325678419969,2,0,2
745178444946759680,2,0,2
745319855042207744,2,0,2
745342494146125824,2,0,2
745382325219778560,2,0,2
745397599847452673,2,0,2
745569275256180736,2,0,2
745617818255765505,2,0,2
745801714926755840,2,0,2
746082394000752641,2,0,2
746088922392911872,2,0,2
746108693838766080,2,0,2
746112359215751168,2,0,2
746122096191889408,2,0,2
746143016830668800,2,0,2
746294245712068608,2,0,2
746296214073806848,2,0,2
747004932658626560,2,0,2
747014404345040897,2,0,2
747017527356755968,2,0,2
747135076564078595,2,0,2
747202211696906240,2,0,2
747367524996685825,2,0,2
747413942511755264,2,0,2
747464891766759424,2,0,2
747511053638995968,2,0,2
747524654340968450,2,0,2
747571851690409987,2,0,2
747607389193416704,2,0,2
747937787526021120,2,0,2
748213939444420609,2,0,2
748327950072705024,2,1,3
748505520625987584,2,0,2
748556263055835136,2,0,2
748609148959531009,2,0,2
748687123662856192,2,2,4
748905308034994176,2,0,2
748917429955207169,2,0,2
749073050214293504,2,0,2
749249035064737792,2,0,2
749301266388439041,2,0,2
749522691804233728,2,0,2
749539262903746560,2,0,2
749568666535022594,2,0,2
749680857061986304,2,14,16
749834230171987968,2,0,2
749995675585097728,2,0,2
750025459748876288,2,0,2
750144200029704193,2,0,2
750401139015901184,2,6,8
750467926201806848,2,0,2
750477751723909120,2,0,2
750482987964305408,2,10,12
750525461764055041,2,0,2
750637449588580353,2,0,2
750685911201882112,2,0,2
750707118030729216,2,0,2
750719294908952576,2,0,2
750923649457254400,2,0,2
751057749321060352,2,0,2
751069076026486788,2,2,4
751272193888100352,2,1,3
751465725907185664,2,0,2
751503558978199552,2,0,2
751517468561121281,2,1,3
751571983540768768,2,0,2
751785210052698112,2,0,2
751852641462919168,2,2,4
751885645258321920,2,0,2
751901890565341184,2,0,2
751987005546860544,2,0,2
752057542105108480,2,0,2
752096268097187840,2,0,2
752202937741373440,2,0,2
752326611752591361,2,1,3
752362314234494976,2,0,2
752502516680568832,2,1,3
752516260655751168,2,0,2
752526507424219137,2,1,3
752528024612909057,2,0,2
752552116997218305,2,0,2
752603986969006080,2,0,2
752664767295258624,2,0,2
752665572551364608,2,0,2
752669853199245312,2,0,2
752686875907948544,2,1,3
752833948733112320,2,0,2
752871504581316608,2,0,2
752938828118298624,2,1,3
753021093653409792,2,1,3
753044082537041920,2,2,4
753326791251464192,2,1,3
753328737442115584,2,0,2
753365733975785472,2,0,2
753367211230781440,2,0,2
753403363249692672,2,1,3
753419049107795968,2,0,2
753420152935448577,2,0,2
753626962619281408,2,0,2
753650114699390976,2,0,2
753653919763402753,2,5,7
753684036195876864,2,0,2
753691383618113536,2,0,2
753719778049687553,2,0,2
753737473616850944,2,0,2
753764535115259904,2,0,2
753772841397522432,2,0,2
753772984620421121,2,0,2
753966493361143808,2,0,2
753982254968295424,2,1,3
754004502278209536,2,1,3
754036468524417024,2,1,3
754053533834567682,2,0,2
754123502177824768,2,0,2
754131554729857024,2,4,6
754198682317230080,2,0,2
754393868443979776,2,0,2
754421934683787264,2,0,2
754455369888305152,2,1,3
754706170846281728,2,0,2
754711523528994816,2,0,2
754716966523330560,2,1,3
754760431294615552,2,0,2
755024301502320640,2,0,2
755134436862197760,2,1,3
755140999580712961,2,2,4
755144638617493508,2,1,3
755229354251153410,2,0,2
755337360988975105,2,7,9
755458817484320768,2,0,2
755593430936412160,2,0,2
755597096430997505,2,1,3
755602717389656064,2,1,3
755610782675660800,2,0,2
755645850936832000,2,0,2
755687226726547456,2,0,2
755719990028881921,2,0,2
755744711525171200,2,0,2
755753510369714176,2,3,5
755840078467903490,2,10,12
755939394490556418,2,0,2
755947221217050625,2,3,5
755970865184014336,2,0,2
756107484893437952,2,2,4
756168417623834624,2,20,22
756168969527046145,2,3,5
756246728001675264,2,1,3
756250741174435840,2,0,2
756295120555769856,2,0,2
756303156397477889,2,0,2
756343954480791553,2,0,2
756348364179050496,2,0,2
756351313559056389,2,1,3
756387035959660544,2,0,2
756389411353464832,2,0,2
756390628876021760,2,0,2
756391145811345408,2,0,2
756396603792056320,2,0,2
756398966829441025,2,0,2
756404452106629120,2,0,2
756459364848955392,2,5,7
756544410939232256,2,0,2
756552908334768128,2,0,2
756562093529116673,2,0,2
756565128737267712,2,2,4
756598956029796353,2,0,2
756599455894339585,2,0,2
756634682217803777,2,1,3
756645713254154240,2,0,2
756671146393677824,2,4,6
756857773044928512,2,0,2
756890961322573824,2,1,3
756945599098855424,2,3,5
756965785810116609,2,0,2
757004432097677312,2,0,2
757022492053471233,2,0,2
757033958966112257,2,0,2
757042702492004352,2,1,3
757079418984476677,2,3,5
757230894725890048,2,0,2
757307916026163200,2,0,2
757309247269076992,2,0,2
757346439693500416,2,1,3
757356261210001409,2,0,2
757367319836274688,2,0,2
757423198942195712,2,0,2
757506010865135617,2,0,2
757583880165662720,2,0,2
757588256481546241,2,0,2
757617961926586368,2,0,2
757660043470790657,2,0,2
757679885452124160,2,0,2
757738795043201024,2,0,2
757771559696076800,2,0,2
757776741511208960,2,0,2
757778956191870976,2,0,2
757784172010156032,2,87,89
757820807175245825,2,0,2
757884930969866240,2,1,3
757917416378671104,2,0,2
757928817449050113,2,1,3
757941192478724097,2,0,2
758013770736152577,2,0,2
758081349395906560,2,0,2
758090865403424769,2,0,2
758262837319966720,2,0,2
758282585210556416,2,0,2
758320309644603393,2,3,5
758328545894502400,2,0,2
758388875509239808,2,0,2
758499884940926976,2,0,2
758592251358486529,2,0,2
758629484249702400,2,0,2
758681541039886336,2,1,3
758691922651254784,2,11,13
758733356695560193,2,0,2
758743899762372609,2,0,2
758814072880050176,2,1,3
758819898818564097,2,1,3
758833474274856960,2,13,15
758849421056421888,2,0,2
758862626466082816,2,0,2
758869493170868226,2,6,8
758891588026114048,2,15,17
758910423852683265,2,0,2
759010213391249408,2,0,2
759069017999024128,2,0,2
759076243257950208,2,8,10
759082503797772288,2,0,2
759086702799368192,2,13,15
759130143142977536,2,1,3
759157342319448064,2,0,2
759244864450097152,2,0,2
759317388647075840,2,0,2
759421669173755905,2,0,2
759436841036705792,2,0,2
759484520844234752,2,0,2
759485350054068225,2,0,2
759492767949000704,2,3,5
759498813467799553,2,2,4
759504838468087808,2,0,2
759705374534565888,2,0,2
759814292958875648,2,0,2
759821017737027584,2,0,2
759864166475714561,2,65,67
759922000051605504,2,0,2
759967383855374336,2,0,2
760167197574434821,2,0,2
760169393556824064,2,0,2
760353522718081026,2,13,15
760397368915292160,2,0,2
760483485031272448,2,1,3
760484528926367744,2,0,2
760523972341411841,2,2,4
760532695831150594,2,0,2
760564521425510400,2,0,2
760578562189557760,2,0,2
760594856230215680,2,2,4
760617748049358852,2,0,2
760634435595276288,2,0,2
760664262939291648,2,17,19
760805655942930432,2,3,5
760834494739775488,2,0,2
760872970696822784,2,0,2
760961526849155072,2,1,3
760962059479707648,2,0,2
760971407476097024,2,0,2
761052481115729921,2,1,3
761174847158382592,2,0,2
761188763347320832,2,0,2
761310999706083328,2,1,3
761341180550328320,2,1,3
761368033604562944,2,0,2
761404875175452672,2,1,3
761548643144982528,2,0,2
761628122055778305,2,0,2
761638232740081664,2,0,2
761932724101722112,2,0,2
761961438386597888,2,0,2
761964256535322624,2,0,2
761966902218403840,2,0,2
762013214624264193,2,3,5
762030625079500800,2,0,2
762068060932935681,2,4,6
762278005402206209,2,0,2
762345989218893824,2,7,9
762744467371663360,2,34,36
762825938979594242,2,0,2
762834810096132096,2,0,2
763107871605264384,2,0,2
763134005231386624,2,2,4
763154381978034176,2,1,3
763195232645029888,2,0,2
763273408452886528,2,0,2
763333130375880704,2,0,2
763389892059463680,2,0,2
763435282037284864,2,2,4
763441320652251136,2,47,49
763457933862588416,2,6,8
763461067171389440,2,25,27
763463702075019264,2,0,2
763764503867695105,2,0,2
763868067617210369,2,0,2
763921271604195328,2,8,10
763936433509769216,2,1,3
763941016470589440,2,0,2
763963240820768768,2,0,2
764100057054404608,2,0,2
764160521008451585,2,0,2
764163802086514688,2,0,2
764186105377857536,2,0,2
764222549840375808,2,1,3
764248840614449152,2,0,2
764397747604688896,2,0,2
764552272550301696,2,2,4
764553078368571392,2,0,2
764554920842371072,2,0,2
764594162343612416,2,0,2
764792237133668352,2,1,3
764926542438813696,2,0,2
764994755944148992,2,0,2
765108743541366784,2,0,2
765116131862573056,2,0,2
765128877098229760,2,0,2
765195025928028160,2,0,2
765210721059741696,2,0,2
765310281736069120,2,0,2
765358821153923073,2,0,2
765551180273573888,2,0,2
765641072982851584,2,0,2
765664939449077760,2,10,12
765764930532470785,2,0,2
765893587271880704,2,0,2
765930819357646848,2,1,3
765964581814632448,2,0,2
765966101272489984,2,0,2
766136448831586304,2,0,2
766298362509418496,2,0,2
766304625746141184,2,0,2
766347963388026880,2,0,2
766446939823022082,2,13,15
766522459793219584,2,0,2
766743703226507270,2,0,2
766760837549854720,2,0,2
766774558657359873,2,0,2
767103262474448896,2,0,2
767694225228107777,2,0,2
767761230832422912,2,3,5
767766435045269504,2,0,2
767797256942710785,2,0,2
767862748705325058,2,1,3
768133497877827584,2,0,2
768165498492182528,2,0,2
768199352196005888,2,0,2
768214123213647874,2,17,19
768354831799095296,2,0,2
768432999734075392,2,0,2
768461522318135297,2,0,2
768521274213568512,2,0,2
768632400930758656,2,1,3
768786846688083968,2,0,2
768790387968380933,2,33,35
768819155869003776,2,0,2
768819871362588673,2,0,2
768868296838053888,2,0,2
768968871214669824,2,1,3
769048252138266624,2,0,2
769071439207071746,2,15,17
769095942138101760,2,0,2
769165040314355712,2,0,2
769184762141507585,2,0,2
769190894834626560,2,0,2
769193911860551680,2,4,6
769345502332723200,2,1,3
769705026747043844,2,0,2
769709312813957120,2,0,2
769730778825580544,2,5,7
770311276010450944,2,4,6
770365220183216128,2,0,2
770448409807511552,2,0,2
770464321709146112,2,0,2
770495347680505880,2,0,2
770743261812043776,2,0,2
770795594252111872,2,0,2
770843818472173568,2,6,8
771075259898351616,2,2,4
771088952010964992,2,0,2
771090685671776256,2,1,3
771123608932454400,2,0,2
771164931764871168,2,2,4
771173751274614784,2,0,2
771327887916097536,2,0,2
771472487091671040,2,0,2
771529979846766592,2,0,2
771674160670052352,2,0,2
771683301006467072,2,0,2
771711666379685888,2,1,3
771716228272496641,2,1,3
771817232917794816,2,0,2
772066455563014144,2,0,2
772373105201340416,2,0,2
772507104619790336,2,0,2
772569287160569856,2,0,2
772642223129112578,2,0,2
772652128145854464,2,0,2
772728282450108416,2,0,2
772772859580026882,2,0,2
772883196123852800,2,0,2
772884985489395712,2,25,27
772924650032467968,2,0,2
773003748360785920,2,1,3
773234038115106816,2,0,2
773234103768518656,2,0,2
773301883024838658,2,0,2
773313477800759296,2,0,2
773374655910453248,2,0,2
773638088098770944,2,0,2
773649739992686596,2,4,6
773701111542910976,2,0,2
773812239329624064,2,0,2
773872018873810944,2,0,2
773901970641920001,2,0,2
773939530047062016,2,0,2
773971255758389248,2,0,2
774118597455024128,2,0,2
774270777210335232,2,0,2
774311368723984384,2,0,2
774462499689234436,2,0,2
774501823478509569,2,0,2
774556408075341829,2,0,2
774622114729041920,2,1,3
774651051056074752,2,0,2
774768064990773248,2,3,5
774784558126424065,2,0,2
774858441609269248,2,0,2
774922557002772480,2,0,2
774993787324096512,2,0,2
775011331355258880,2,0,2
775013975834628097,2,0,2
775137606543761408,2,0,2
775159965044518912,2,0,2
775310009597038593,2,0,2
775403438834327556,2,1,3
775406816201105408,2,0,2
775439549354876928,2,0,2
775699559712432128,2,0,2
775730442431369216,2,0,2
775817466983227393,2,1,3
775914207871197184,2,0,2
776094474711752704,2,0,2
776111734734159872,2,0,2
776117939028258818,2,0,2
776191276475568128,2,0,2
776299080796413956,2,1,3
776436210952605696,2,0,2
776453781991092225,2,0,2
776766852030685188,2,0,2
776895240980443136,2,0,2
776901248326983680,2,0,2
777095256076587009,2,0,2
777162291036893184,2,2,4
777166768779452416,2,0,2
777180641943097345,2,0,2
777195200108072960,2,0,2
777284745122181120,2,0,2
777367161132253184,2,1,3
777383690368417792,2,0,2
777522878665424897,2,0,2
777530423521996804,2,0,2
777546052098527232,2,0,2
777549425396690945,2,0,2
777630714724360192,2,0,2
777717329492840448,2,0,2
777722314532290560,2,0,2
777874695681110016,2,0,2
777879358451093504,2,6,8
777882326734925824,2,0,2
777970898976575488,2,6,8
778011397015871488,2,4,6
778380350137380864,2,1,3
778390289752784897,2,4,6
778393835722383360,2,0,2
778600537742651393,2,0,2
778624064101421056,2,0,2
778624751451373568,2,0,2
778647274054414336,2,1,3
778697019300851712,2,0,2
778748605473562624,2,0,2
778779308936396800,2,0,2
778796621920362496,2,0,2
778813904931557376,2,0,2
778909006412800000,2,0,2
778942593803616256,2,3,5
779054131130601472,2,0,2
779080734111830016,2,0,2
779106134133178368,2,0,2
779161488191725568,2,0,2
779261593771212800,2,0,2
779357628250152960,2,0,2
779482668882915329,2,0,2
779635720575082496,2,1,3
779856929350938624,2,0,2
779858861792587776,2,4,6
779972158931939328,2,0,2
780034189454434304,2,0,2
780326103873359872,2,0,2
780477339754860545,2,0,2
780492014701928449,2,0,2
780499487441715204,2,0,2
780535023673815041,2,0,2
780558797500579841,2,5,7
780580392583651328,2,0,2
780583351895793665,2,0,2
780603988278292480,2,0,2
780763870340100096,2,0,2
780765508991721472,2,0,2
780767503974662144,2,0,2
780831685776580608,2,0,2
780969993034838016,2,0,2
781053561694199809,2,0,2
781067466810220545,2,0,2
781155593113350146,2,4,6
781200180167094272,2,0,2
781205906583203842,2,0,2
781215154340003840,2,0,2
781270998670725120,2,0,2
781313016860143616,2,0,2
781478386027769856,2,0,2
781512064393097216,2,0,2
781625342851059712,2,0,2
781730142833913856,2,0,2
781788282724184064,2,0,2
781844080775028736,2,0,2
781893869881397249,2,1,3
781975183519199232,2,0,2
781981907781169152,2,1,3
782079714592641024,2,0,2
782277910728171520,2,0,2
782327800099377152,2,0,2
782389245793009669,2,1,3
782427094215036928,2,8,10
783008106351628288,2,0,2
783234635241103360,2,4,6
783244949609324545,2,1,3
783388103738142720,2,0,2
783395715347197953,2,0,2
783474580040146944,2,0,2
783474605835116544,2,0,2
783563455529791488,2,0,2
783711020451782657,2,0,2
783722802364940288,2,0,2
783868088638767104,2,0,2
783989235636396032,2,0,2
784018943514144768,2,0,2
784136939976822784,2,0,2
784142856432869376,2,0,2
784156112853602304,2,0,2
784430112624304128,2,0,2
784452615686021120,2,2,4
784464342225981444,2,0,2
784508590719590404,2,2,4
784603856399437824,2,0,2
784760839383359488,2,0,2
784766163632791552,2,0,2
784960363133538304,2,0,2
784964068792733697,2,0,2
784982977201733633,2,0,2
784985918386077696,2,2,4
785007397836247040,2,2,4
785131486529789952,2,0,2
785136491752226816,2,0,2
785175839805739008,2,1,3
785201784163803136,2,1,3
785207513360715778,2,0,2
785226051244863488,2,0,2
785226081783648256,2,0,2
785249525627691008,2,0,2
785255436169515009,2,0,2
785265417073795072,2,0,2
785282998333607938,2,0,2
785301925457760256,2,0,2
785308119924563968,2,0,2
785312205197541377,2,0,2
785313115978272768,2,0,2
785331141230399488,2,0,2
785334690454659073,2,0,2
785376259740139522,2,0,2
785376573126021120,2,2,4
785432045724037120,2,0,2
785493524317732864,2,0,2
785519494152151041,2,0,2
785558438231232513,2,0,2
785560729042751489,2,0,2
785641537808007168,2,2,4
785641771015417856,2,0,2
785646313354526720,2,0,2
785664394239684608,2,0,2
785664533675200512,2,0,2
785705194025652224,2,0,2
785735158116683776,2,0,2
785768313276293120,2,0,2
785843729781428224,2,0,2
785863784732786689,2,5,7
785879686203187200,2,1,3
785882579207462913,2,0,2
785934221139337216,2,0,2
785943018092105728,2,0,2
785944461138333696,2,0,2
785951986562715648,2,2,4
785986074556375041,2,0,2
786006118019444736,2,0,2
786068031273373700,2,0,2
786141061601038336,2,0,2
786150748102856704,2,0,2
786181155938635776,2,2,4
786359290642722816,2,0,2
786393960969187329,2,0,2
786621416808382464,2,0,2
786646732125896704,2,0,2
786698524884893696,2,0,2
786725287199379456,2,0,2
786731218758926336,2,0,2
786761849081593856,2,0,2
786951951867142144,2,0,2
786976442366107648,2,3,5
787016084587180032,2,0,2
787074396422832128,2,0,2
787170624162533376,2,1,3
787217370536259584,2,0,2
787312891414257665,2,0,2
787353568630169604,2,0,2
787370083014279168,2,0,2
787395265393229824,2,26,28
787419113572433920,2,0,2
787468183762591744,2,3,5
787482169207762944,2,0,2
787515030765989888,2,0,2
787603717579124736,2,0,2
787661976440832000,2,0,2
787669409104011265,2,1,3
787676857961357312,2,0,2
787682807111823361,2,1,3
787724977285926912,2,13,15
787763416865865728,2,0,2
787782434515329024,2,0,2
787808359898505216,2,0,2
787820209285500928,2,0,2
787852322365845504,2,1,3
787864392327045121,2,0,2
787989253804425216,2,0,2
788028469129121792,2,0,2
788029986473205760,2,0,2
788091355469799424,2,1,3
788122908027531264,2,0,2
788164048168771585,2,0,2
788219466219921408,2,0,2
788309994181500928,2,0,2
788396302342066176,2,0,2
788401636079132672,2,0,2
788415534995943424,2,0,2
788458873984208896,2,0,2
788525625120329729,2,0,2
788699801240084480,2,0,2
788727237625335809,2,0,2
788781328040878083,2,0,2
788797380187525120,2,0,2
788800055608303616,2,0,2
788820383365410816,2,0,2
788838259929460736,2,0,2
788865734948421636,2,0,2
788889562026127360,2,9,11
788896325463072768,2,0,2
788936997972873216,2,0,2
789075028511821825,2,3,5
789229043455361024,2,1,3
789256452707799040,2,0,2
789344351679807488,2,0,2
789382994490368002,2,0,2
789420433732952064,2,0,2
789424757087281152,2,1,3
789561195091165184,2,0,2
789632317052432384,2,0,2
789677952707330049,2,0,2
789683974423646208,2,0,2
789702952575467520,2,0,2
789910130519343104,2,0,2
789991492282621953,2,0,2
790202460665151488,2,0,2
790225099949563908,2,0,2
790321568220057600,2,0,2
790349059257171970,2,1,3
790355157212987392,2,0,2
790426472204816384,2,0,2
790453858174504960,2,0,2
790658640311160833,2,0,2
790716480723746817,2,0,2
790739574959898624,2,0,2
790894608842534912,2,0,2
791006950137954309,2,0,2
791053700424871936,2,0,2
791078759084466177,2,0,2
791136737372282880,2,0,2
791244288185229312,2,0,2
791307588621180932,2,0,2
791360109188354048,2,1,3
791418011076943872,2,0,2
791490592207364096,2,6,8
791580128354660352,2,0,2
791643461560655876,2,0,2
791669672307339266,2,1,3
791776031048892420,2,0,2
791910768430100481,2,1,3
791947764045221888,2,0,2
791958258353221632,2,0,2
792066723633565697,2,0,2
792150296789078016,2,0,2
792165427384295425,2,0,2
792176487785005057,2,0,2
792184737368387584,2,0,2
792189964968656896,2,0,2
792210037183684608,2,0,2
792218417042378752,2,0,2
792400702396039169,2,1,3
792484629479563264,2,5,7
792526250954878981,2,0,2
792708420692500480,2,1,3
792733611200045056,2,4,6
792813131647049729,2,0,2
792817519094407168,2,1,3
792874124943233024,2,0,2
792874235337269249,2,0,2
792966372758216704,2,0,2
793258942608601088,2,0,2
793290509548748800,2,0,2
793465561116139520,2,0,2
793469563300110336,2,0,2
793548935445045249,2,0,2
793553201626746881,2,0,2
793573978187137025,2,0,2
793594092496130048,2,0,2
793661130149236736,2,1,3
793664739943542784,2,0,2
793678852669136896,2,0,2
793747376246751232,2,0,2
793832394818138112,2,0,2
793835688860856320,2,0,2
793859476575096832,2,0,2
793881024979619840,2,0,2
793894212685139968,2,0,2
793928059560656897,2,0,2
793967939305308160,2,0,2
793971294282792960,2,0,2
794220538478489600,2,1,3
794239321180110848,2,0,2
794243301750640640,2,0,2
794280252096782336,2,0,2
794460532329676800,2,1,3
794522766724792320,2,0,2
794549247479681024,2,0,2
794574735841566720,2,0,2
794596046412267520,2,0,2
794622551594930176,2,1,3
794681933435465728,2,0,2
794723562242342912,2,0,2
794739148712185856,2,0,2
794769772202393601,2,1,3
795030548293046272,2,1,3
795051938509373440,2,0,2
795081371593089024,2,0,2
795104230411374592,2,0,2
795107471564140547,2,0,2
795113409842774016,2,0,2
795208156888449024,2,0,2
795337536512098304,2,0,2
795365043634311168,2,0,2
795512194247094273,2,0,2
795523584416501760,2,0,2
795637892257292288,2,0,2
795642908670050304,2,0,2
795677278659297280,2,0,2
795682486005231616,2,0,2
795685741036732417,2,0,2
795691322573201408,2,0,2
795763430082875393,2,0,2
795772473115611136,2,0,2
795775560924463104,2,0,2
795825999955062784,2,0,2
796108407715622912,2,0,2
796141355529441280,2,0,2
796204749406216192,2,0,2
796237330449334272,2,0,2
796242551296626688,2,0,2
796271442832879616,2,0,2
796287114782605312,2,0,2
796298454549020673,2,1,3
796300975858401281,2,5,7
796361118147104768,2,0,2
796421273119322114,2,0,2
796440005715427328,2,16,18
796440589424152576,2,0,2
796451053784862720,2,0,2
796454811357089792,2,4,6
796458978699943936,2,0,2
796467951134212100,2,0,2
796499580279877632,2,0,2
796507182955200513,2,0,2
796517004232499201,2,0,2
796518782873255936,2,0,2
796555949775486977,2,0,2
796673078738698240,2,0,2
796678316132630528,2,0,2
796695912554856449,2,0,2
796760381767159808,2,0,2
796784249722519552,2,2,4
796794408612036612,2,0,2
796803674005794816,2,0,2
796813944350457857,2,0,2
796836464097132544,2,0,2
796847164794114048,2,0,2
796874952842612737,2,2,4
796909297473060864,2,2,4
796932881457311744,2,0,2
797003325795205120,2,0,2
797035640391139328,2,1,3
797155036182630400,2,1,3
797190216025051136,2,0,2
797209237080383488,2,0,2
797212547300659202,2,0,2
797272927062388740,2,0,2
797336404967583744,2,0,2
797355068911591426,2,0,2
797397072127225856,2,0,2
797401979614064640,2,0,2
797480530602299392,2,0,2
797576025815261185,2,3,5
797623769258934273,2,0,2
797807769357258752,2,0,2
797824003553554432,2,0,2
797846556573433856,2,0,2
797852482865156097,2,0,2
797854322318929920,2,0,2
797859460807086080,2,0,2
797942683436220416,2,0,2
797964570778279936,2,0,2
798083745291108352,2,0,2
798148181842239488,2,0,2
798177061806411776,2,0,2
798201503483711488,2,0,2
798314166515683328,2,0,2
798348968036106240,2,0,2
798572603292184576,2,0,2
798716060094472193,2,0,2
798732844805869568,2,2,4
798792575696060418,2,0,2
798962138505154560,2,3,5
799997020643688448,2,0,2
800078070262566912,2,0,2
800179772890329088,2,2,4
801848173064896512,2,0,2
802142399300509698,2,5,7
802383324752834560,2,0,2
802550499950018560,2,3,5
803020988258471936,2,0,2
803898255276994560,2,0,2
804194296232558592,2,0,2
804918305538588672,2,0,2
805054643038552068,2,90,92
806160320658079744,2,0,2
806948806512230400,2,0,2
807622153646411776,2,0,2
808347738161065985,2,10,12
812135885328236551,2,0,2
813941383241367552,2,2,4
815245848237998080,2,0,2
1737,1,1,2
10221,1,8,9
10466,1,1,2
17673,1,0,1
20503,1,0,1
34853,1,1,2
598583,1,6,7
620333,1,7,8
645043,1,3,4
688273,1,2,3
709313,1,6,7
725323,1,0,1
743493,1,1,2
754976,1,1,2
755086,1,3,4
755504,1,8,9
758424,1,0,1
763300,1,141,142
772286,1,14,15
787169,1,1,2
795789,1,15,16
802225,1,0,1
811829,1,1,2
814304,1,0,1
818805,1,6,7
821978,1,5,6
936401,1,0,1
1039121,1,22,23
1049171,1,5,6
1062161,1,11,12
1137881,1,3,4
1164421,1,3,4
1192641,1,4,5
1219681,1,0,1
1270191,1,3,4
1325181,1,7,8
1483231,1,0,1
1550671,1,9,10
1586871,1,2,3
1652821,1,16,17
1676421,1,9,10
1681961,1,6,7
1691121,1,0,1
1711701,1,0,1
1731811,1,1,2
1746801,1,6,7
1772741,1,6,7
1787311,1,26,27
1790991,1,1,2
1826971,1,1,2
1827761,1,0,1
2020351,1,18,19
2139581,1,4,5
2317801,1,1,2
2881611,1,2,3
2890101,1,2,3
2896671,1,1,2
2910971,1,6,7
2974291,1,0,1
3101811,1,11,12
3287161,1,0,1
3371601,1,0,1
3487151,1,1,2
3649091,1,3,4
3669591,1,21,22
3744281,1,13,14
4078501,1,3,4
4099171,1,1,2
4212591,1,0,1
4429011,1,1,2
4830311,1,3,4
5353802,1,6,7
5357042,1,0,1
5406692,1,2,3
5438022,1,3,4
5526652,1,8,9
5570452,1,2,3
5618832,1,1,2
5659662,1,1,2
5698172,1,0,1
5729842,1,1,2
5818212,1,0,1
5879192,1,11,12
5910722,1,5,6
5912292,1,0,1
6019932,1,0,1
6045252,1,4,5
6091402,1,1,2
6093632,1,4,5
6108862,1,2,3
6122152,1,4,5
6122782,1,0,1
6164342,1,0,1
6265442,1,0,1
6268652,1,0,1
6361842,1,0,1
6375932,1,12,13
6413162,1,0,1
6413902,1,0,1
6453622,1,2,3
6529442,1,12,13
6627762,1,2,3
6649832,1,2,3
6699552,1,3,4
6701212,1,4,5
6729502,1,0,1
6804822,1,0,1
6810562,1,13,14
6967252,1,4,5
7010872,1,8,9
7027112,1,1,2
7059772,1,2,3
7068462,1,14,15
7092232,1,15,16
7114202,1,7,8
7115632,1,1,2
7213362,1,1,2
7240262,1,0,1
7244602,1,5,6
7333642,1,0,1
7381232,1,82,83
7386512,1,2,3
7395552,1,4,5
7418592,1,0,1
7471842,1,1,2
7477172,1,1,2
7530762,1,0,1
7572652,1,0,1
7600282,1,3,4
7701252,1,0,1
7703052,1,14,15
7720332,1,1,2
7749152,1,5,6
7764332,1,1,2
7777572,1,3,4
7848212,1,0,1
7851422,1,2,3
7886112,1,0,1
7892442,1,0,1
7920212,1,0,1
8107382,1,0,1
8114362,1,3,4
8172972,1,12,13
8249862,1,0,1
8273772,1,0,1
8395482,1,2,3
8474102,1,5,6
8483062,1,1,2
8519692,1,1,2
8551612,1,3,4
8556472,1,0,1
8558902,1,3,4
8668432,1,17,18
8689222,1,0,1
8690902,1,7,8
8819552,1,1,2
8973442,1,1,2
9032512,1,0,1
9073062,1,0,1
9176812,1,0,1
9191852,1,0,1
9263412,1,0,1
9297262,1,6,7
9478302,1,1,2
9507342,1,0,1
9596682,1,7,8
9607062,1,0,1
9611372,1,8,9
9630972,1,2,3
9642742,1,0,1
9735672,1,28,29
9749012,1,7,8
9786032,1,13,14
9840392,1,10,11
10001212,1,5,6
10102222,1,1,2
10136872,1,0,1
10160482,1,0,1
10254082,1,0,1
10322132,1,20,21
10323402,1,2,3
10416652,1,5,6
10430402,1,0,1
10501812,1,1,2
10529322,1,11,12
10544232,1,1,2
10568722,1,2,3
10670632,1,0,1
10701082,1,0,1
10753312,1,2,3
10776252,1,12,13
11012752,1,1,2
11228322,1,8,9
11323062,1,0,1
11324652,1,0,1
11344462,1,3,4
11345742,1,0,1
11391512,1,2,3
11445802,1,0,1
11648012,1,0,1
11670602,1,1,2
11682952,1,0,1
11754812,1,0,1
11761582,1,0,1
11797632,1,5,6
11798672,1,0,1
11848962,1,0,1
11862072,1,1,2
11876322,1,3,4
11921402,1,0,1
12004852,1,24,25
12065432,1,0,1
12201582,1,4,5
12316952,1,0,1
12423332,1,0,1
12530232,1,0,1
12636832,1,0,1
12708032,1,0,1
12733902,1,2,3
12799152,1,1,2
12834972,1,7,8
12842642,1,0,1
12864992,1,9,10
12922462,1,3,4
12961652,1,0,1
13077312,1,5,6
13086542,1,0,1
13102242,1,3,4
13115052,1,1,2
13179482,1,0,1
13185272,1,1,2
13234112,1,2,3
13283252,1,0,1
13320092,1,5,6
13415972,1,0,1
13463262,1,1,2
13575602,1,6,7
13586232,1,1,2
13604612,1,43,44
13707152,1,2,3
13744242,1,4,5
13786542,1,2,3
13846862,1,0,1
14053449,1,68,69
14068645,1,1,2
14075541,1,7,8
14083693,1,6,7
14087585,1,0,1
14087599,1,3,4
14098734,1,30,31
14109848,1,0,1
14110996,1,2,3
14111470,1,2,3
14115228,1,10,11
14116074,1,4,5
14119997,1,0,1
14120050,1,1,2
14120197,1,6,7
14123154,1,0,1
14133154,1,9,10
14133760,1,9,10
14138114,1,1,2
14139884,1,0,1
14148091,1,0,1
14155986,1,0,1
14164268,1,0,1
14165525,1,7,8
14165779,1,1,2
14187282,1,2,3
14191589,1,12,13
14199108,1,0,1
14206388,1,1,2
14207017,1,1,2
14207890,1,0,1
14215322,1,5,6
14218312,1,2,3
14222126,1,0,1
14229632,1,49,50
14233285,1,0,1
14239907,1,0,1
14246644,1,2,3
14249833,1,0,1
14250908,1,1,2
14255402,1,0,1
14259241,1,1,2
14270650,1,4,5
14293032,1,4,5
14300123,1,2,3
14301229,1,0,1
14304887,1,0,1
14325452,1,6,7
14327247,1,2,3
14328069,1,1,2
14329662,1,0,1
14338274,1,4,5
14347014,1,26,27
14348670,1,0,1
14360516,1,6,7
14365983,1,1,2
14381877,1,0,1
14383251,1,0,1
14391550,1,1,2
14395910,1,3,4
14398647,1,1,2
14402269,1,8,9
14404082,1,0,1
14414872,1,0,1
14415005,1,1,2
14417310,1,12,13
14425179,1,6,7
14429755,1,2,3
14432950,1,0,1
14434298,1,2,3
14447840,1,0,1
14453704,1,28,29
14458518,1,0,1
14468118,1,1,2
14475067,1,2,3
14475647,1,1,2
14485322,1,28,29
14485579,1,2,3
14485802,1,0,1
14502380,1,0,1
14503633,1,1,2
14513100,1,0,1
14525172,1,1,2
14526041,1,1,2
14526194,1,0,1
14526858,1,0,1
14526877,1,3,4
14531651,1,0,1
14536430,1,0,1
14538268,1,70,71
14541872,1,0,1
14542976,1,0,1
14544571,1,0,1
14547309,1,1,2
14548890,1,1,2
14552965,1,0,1
14554959,1,9,10
14558855,1,3,4
14564858,1,1,2
14566792,1,7,8
14566995,1,3,4
14570028,1,3,4
14572422,1,0,1
14573415,1,0,1
14574162,1,76,77
14578564,1,2,3
14593296,1,0,1
14615214,1,2,3
14621479,1,0,1
14629939,1,0,1
14632610,1,5,6
14641787,1,0,1
14649234,1,0,1
14652906,1,0,1
14654121,1,2,3
14654231,1,3,4
14654901,1,0,1
14669549,1,2,3
14671518,1,0,1
14678264,1,1,2
14697079,1,2,3
14699724,1,0,1
14702074,1,0,1
14702504,1,0,1
14705216,1,4,5
14707322,1,22,23
14708466,1,0,1
14714496,1,0,1
14717914,1,0,1
14733264,1,3,4
14745916,1,0,1
14749319,1,0,1
14766559,1,1,2
14767563,1,0,1
14768656,1,0,1
14774552,1,0,1
14775050,1,21,22
14781971,1,0,1
14785495,1,5,6
14787331,1,21,22
14791307,1,3,4
14791311,1,0,1
14792497,1,1,2
14802899,1,0,1
14811111,1,8,9
14812437,1,0,1
14821723,1,1,2
14824763,1,8,9
14830349,1,1,2
14841020,1,1,2
14846641,1,1,2
14847441,1,6,7
14863886,1,0,1
14866363,1,0,1
14867598,1,0,1
14876670,1,1,2
14881017,1,1,2
14887632,1,0,1
14909405,1,7,8
14912419,1,1,2
14928677,1,0,1
14940354,1,3,4
14944682,1,2,3
14947595,1,1,2
14955576,1,0,1
14958150,1,0,1
14960658,1,2,3
14960844,1,0,1
14961008,1,0,1
14964459,1,0,1
14969374,1,0,1
14977045,1,0,1
14977152,1,1,2
14986841,1,26,27
14987379,1,5,6
14989473,1,5,6
14990801,1,0,1
14992464,1,2,3
14993191,1,0,1
14996706,1,4,5
14997156,1,29,30
14999393,1,2,3
15006126,1,1,2
15019616,1,1,2
15021854,1,0,1
15024983,1,0,1
15026755,1,23,24
15027151,1,0,1
15036408,1,4,5
15039009,1,2,3
15046640,1,1,2
15047326,1,2,3
15048944,1,33,34
15067826,1,1,2
15075835,1,4,5
15075885,1,13,14
15082105,1,3,4
15087024,1,0,1
15103056,1,31,32
15109312,1,3,4
15111876,1,9,10
15112978,1,0,1
15122176,1,6,7
15140422,1,0,1
15142606,1,5,6
15153843,1,2,3
15164070,1,0,1
15170902,1,3,4
15174190,1,14,15
15186189,1,0,1
15194195,1,3,4
15203926,1,4,5
15221733,1,0,1
15223328,1,0,1
15228493,1,0,1
15234546,1,1,2
15236573,1,3,4
15256790,1,0,1
15259662,1,2,3
15265392,1,1,2
15267925,1,3,4
15277487,1,9,10
15283606,1,0,1
15291560,1,0,1
15303063,1,0,1
15304326,1,0,1
15312805,1,0,1
15315325,1,0,1
15328031,1,5,6
15329159,1,0,1
15347925,1,0,1
15358651,1,0,1
15358710,1,12,13
15378365,1,2,3
15381023,1,2,3
15382980,1,0,1
15383318,1,13,14
15383688,1,0,1
15384793,1,0,1
15400044,1,0,1
15400522,1,0,1
15405523,1,0,1
15408476,1,3,4
15408769,1,0,1
15413220,1,0,1
15418895,1,0,1
15419731,1,0,1
15423378,1,0,1
15424449,1,0,1
15425471,1,0,1
15427846,1,0,1
15435104,1,1,2
15437195,1,6,7
15444711,1,2,3
15446531,1,4,5
15456529,1,0,1
15457581,1,9,10
15477283,1,0,1
15477303,1,0,1
15480029,1,13,14
15490533,1,10,11
15495117,1,7,8
15496157,1,2,3
15497454,1,0,1
15502132,1,0,1
15523287,1,4,5
15563882,1,0,1
15568860,1,0,1
15580570,1,4,5
15588456,1,1,2
15588945,1,0,1
15594266,1,3,4
15604914,1,15,16
15621026,1,0,1
15628127,1,0,1
15634050,1,0,1
15636658,1,0,1
15648567,1,2,3
15648677,1,0,1
15650397,1,1,2
15655665,1,19,20
15664775,1,10,11
15665623,1,0,1
15666463,1,3,4
15680627,1,0,1
15681817,1,0,1
15682492,1,3,4
15686175,1,0,1
15689207,1,0,1
15691612,1,0,1
15693446,1,0,1
15694971,1,1,2
15699021,1,0,1
15699801,1,2,3
15707229,1,0,1
15721702,1,0,1
15723433,1,0,1
15729628,1,0,1
15731259,1,14,15
15739485,1,12,13
15741261,1,0,1
15741545,1,0,1
15745908,1,9,10
15747034,1,0,1
15760262,1,0,1
15761592,1,0,1
15765108,1,21,22
15766780,1,2,3
15768688,1,0,1
15770620,1,0,1
15778901,1,0,1
15790927,1,14,15
15791902,1,3,4
15800009,1,0,1
15800897,1,3,4
15801372,1,2,3
15802389,1,0,1
15805105,1,0,1
15809934,1,0,1
15812846,1,0,1
15814618,1,0,1
15819729,1,4,5
15828747,1,0,1
15829574,1,4,5
15837659,1,6,7
15843023,1,1,2
15844488,1,2,3
15846999,1,7,8
15857836,1,3,4
15860579,1,0,1
15872935,1,1,2
15874822,1,1,2
15881414,1,0,1
15891653,1,1,2
15908631,1,2,3
15917225,1,9,10
15922626,1,1,2
15924344,1,0,1
15938350,1,3,4
15941247,1,0,1
15944116,1,1,2
15946493,1,7,8
15964350,1,9,10
15974935,1,8,9
15983455,1,1,2
15985333,1,7,8
15985545,1,0,1
15986474,1,0,1
15987376,1,24,25
15989625,1,0,1
15990298,1,1,2
15997652,1,0,1
15997746,1,2,3
16006323,1,1,2
16012783,1,1,2
16017195,1,12,13
16017822,1,0,1
16018777,1,43,44
16025774,1,9,10
16032135,1,5,6
16032777,1,2,3
16037479,1,2,3
16054206,1,0,1
16058182,1,0,1
16073639,1,139,140
16076328,1,2,3
16083185,1,0,1
16084074,1,2,3
16090559,1,8,9
16093070,1,0,1
16098365,1,7,8
16102376,1,0,1
16111057,1,18,19
16112120,1,2,3
16116457,1,3,4
16117237,1,1,2
16124215,1,4,5
16129704,1,11,12
16130623,1,0,1
16131717,1,1,2
16136895,1,2,3
16138853,1,3,4
16143206,1,0,1
16148005,1,0,1
16153317,1,1,2
16164155,1,4,5
16172966,1,0,1
16174702,1,16,17
16181537,1,20,21
16197726,1,0,1
16198497,1,0,1
16208086,1,25,26
16212799,1,28,29
16215602,1,18,19
16226005,1,14,15
16226435,1,15,16
16240174,1,0,1
16241078,1,13,14
16243317,1,0,1
16247032,1,0,1
16263018,1,2,3
16263791,1,1,2
16267717,1,4,5
16272844,1,11,12
16274552,1,1,2
16277974,1,0,1
16279125,1,1,2
16296203,1,0,1
16298862,1,0,1
16302376,1,0,1
16314465,1,16,17
16329666,1,5,6
16331855,1,1,2
16332326,1,2,3
16333273,1,2,3
16336119,1,0,1
16336140,1,0,1
16337670,1,0,1
16340092,1,3,4
16343260,1,13,14
16345682,1,9,10
16351191,1,2,3
16353245,1,2,3
16356201,1,6,7
16357757,1,0,1
16359176,1,0,1
16359486,1,11,12
16362574,1,1,2
16364644,1,4,5
16364781,1,2,3
16369206,1,0,1
16378093,1,4,5
16379909,1,27,28
16383617,1,1,2
16391986,1,0,1
16392266,1,1,2
16395066,1,0,1
16404954,1,0,1
16406600,1,14,15
16424596,1,0,1
16438083,1,0,1
16441933,1,2,3
16454598,1,7,8
16455330,1,0,1
16458650,1,0,1
16459001,1,19,20
16462029,1,1,2
16463676,1,6,7
16463981,1,0,1
16469711,1,1,2
16473691,1,3,4
16473790,1,3,4
16474465,1,1,2
16476647,1,12,13
16478325,1,0,1
16479874,1,6,7
16481893,1,14,15
16489159,1,3,4
16492861,1,2,3
16505411,1,13,14
16514757,1,0,1
16515382,1,0,1
16516557,1,2,3
16526295,1,2,3
16526794,1,1,2
16535535,1,0,1
16536476,1,0,1
16545081,1,0,1
16549005,1,0,1
16558837,1,2,3
16565243,1,0,1
16566808,1,3,4
16577723,1,1,2
16581570,1,0,1
16583986,1,3,4
16584668,1,1,2
16591349,1,0,1
16591710,1,0,1
16599623,1,1,2
16601566,1,5,6
16602052,1,15,16
16623113,1,54,55
16626690,1,1,2
16647735,1,1,2
16656127,1,0,1
16664012,1,0,1
16664850,1,0,1
16673485,1,1,2
16679887,1,0,1
16700221,1,3,4
16706169,1,8,9
16707857,1,61,62
16709178,1,7,8
16710230,1,1,2
16721086,1,0,1
16725276,1,3,4
16744372,1,13,14
16744496,1,5,6
16746723,1,0,1
16753122,1,0,1
16773608,1,5,6
16788737,1,2,3
16790718,1,6,7
16793196,1,8,9
16796668,1,0,1
16797551,1,2,3
16799241,1,1,2
16806592,1,0,1
16812059,1,6,7
16813992,1,19,20
16819713,1,2,3
16828819,1,2,3
16834207,1,3,4
16834348,1,1,2
16840716,1,0,1
16855608,1,1,2
16858134,1,0,1
16865583,1,23,24
16865671,1,0,1
16868472,1,0,1
16869803,1,0,1
16874223,1,0,1
16876752,1,5,6
16880274,1,0,1
16882450,1,0,1
16883288,1,0,1
16889306,1,0,1
16894344,1,0,1
16897555,1,0,1
16898702,1,5,6
16906308,1,2,3
16912954,1,0,1
16942732,1,2,3
16961879,1,0,1
16981465,1,3,4
16991114,1,4,5
16992766,1,7,8
17001490,1,5,6
17002673,1,0,1
17002903,1,0,1
17004629,1,11,12
17012502,1,0,1
17016516,1,0,1
17022355,1,0,1
17025874,1,0,1
17037383,1,2,3
17041906,1,10,11
17043217,1,2,3
17044848,1,0,1
17044902,1,2,3
17054818,1,0,1
17055129,1,3,4
17079503,1,3,4
17094747,1,0,1
17108474,1,1,2
17117462,1,0,1
17130131,1,0,1
17141163,1,8,9
17142689,1,7,8
17145862,1,12,13
17147341,1,2,3
17147436,1,0,1
17147972,1,0,1
17159211,1,4,5
17163481,1,3,4
17169157,1,1,2
17176716,1,0,1
17197717,1,21,22
17199087,1,1,2
17207064,1,3,4
17211604,1,0,1
17223391,1,4,5
17224806,1,1,2
17238361,1,3,4
17244070,1,1,2
17257950,1,0,1
17267142,1,2,3
17267592,1,0,1
17273110,1,0,1
17277972,1,0,1
17282699,1,6,7
17289147,1,1,2
17327054,1,7,8
17327256,1,11,12
17358422,1,0,1
17367246,1,1,2
17368513,1,0,1
17368825,1,0,1
17377456,1,0,1
17400747,1,2,3
17408007,1,5,6
17410206,1,0,1
17417070,1,0,1
17424952,1,0,1
17441664,1,11,12
17447524,1,0,1
17449688,1,0,1
17452338,1,26,27
17473360,1,0,1
17475637,1,2,3
17477622,1,1,2
17492377,1,14,15
17494297,1,0,1
17503876,1,0,1
17508305,1,0,1
17512866,1,1,2
17518040,1,17,18
17521435,1,17,18
17527237,1,11,12
17528868,1,0,1
17529242,1,0,1
17539405,1,0,1
17559704,1,3,4
17570448,1,1,2
17583317,1,0,1
17595133,1,0,1
17597908,1,0,1
17614452,1,3,4
17618943,1,0,1
17625434,1,9,10
17633646,1,3,4
17668502,1,11,12
17671557,1,0,1
17675405,1,7,8
17681869,1,55,56
17692894,1,0,1
17693461,1,0,1
17717430,1,2,3
17736232,1,5,6
17736978,1,1,2
17738295,1,2,3
17738802,1,0,1
17739728,1,1,2
17743167,1,0,1
17749086,1,1,2
17756054,1,4,5
17757642,1,9,10
17760789,1,12,13
17760951,1,1,2
17765336,1,1,2
17769262,1,0,1
17770553,1,0,1
17774220,1,0,1
17781206,1,3,4
17785741,1,1,2
17798627,1,1,2
17801414,1,0,1
17818921,1,0,1
17821552,1,0,1
17839296,1,1,2
17841403,1,0,1
17844692,1,29,30
17847906,1,3,4
17850912,1,0,1
17851886,1,0,1
17858072,1,0,1
17860474,1,15,16
17866831,1,3,4
17869689,1,0,1
17872402,1,0,1
17877944,1,0,1
17890544,1,20,21
17903154,1,1,2
17903155,1,1,2
17904132,1,0,1
17906346,1,1,2
17921404,1,2,3
17924012,1,0,1
17924258,1,2,3
17926425,1,0,1
17934912,1,4,5
17937043,1,1,2
17941504,1,10,11
17944423,1,5,6
17948947,1,0,1
17956502,1,0,1
17958364,1,0,1
17964884,1,0,1
17968882,1,3,4
17971747,1,6,7
17985482,1,10,11
17985565,1,4,5
17993908,1,0,1
18002867,1,0,1
18008931,1,0,1
18025353,1,0,1
18029837,1,0,1
18052599,1,6,7
18056097,1,0,1
18059424,1,4,5
18060399,1,0,1
18061294,1,0,1
18068341,1,0,1
18074560,1,0,1
18075443,1,0,1
18086309,1,4,5
18091968,1,0,1
18111280,1,6,7
18116303,1,0,1
18122941,1,25,26
18124830,1,3,4
18137655,1,1,2
18142658,1,0,1
18143449,1,1,2
18143695,1,0,1
18145927,1,0,1
18160619,1,0,1
18163186,1,0,1
18170860,1,0,1
18190202,1,0,1
18191382,1,3,4
18195424,1,1,2
18195551,1,1,2
18196811,1,0,1
18200549,1,0,1
18200888,1,3,4
18202240,1,0,1
18210635,1,1,2
18224920,1,0,1
18225367,1,5,6
18231735,1,0,1
18243223,1,0,1
18246630,1,0,1
18249279,1,0,1
18249297,1,7,8
18255911,1,7,8
18257579,1,0,1
18258508,1,10,11
18290170,1,1,2
18299928,1,0,1
18301360,1,2,3
18314234,1,0,1
18319546,1,13,14
18324199,1,4,5
18334031,1,1,2
18335424,1,1,2
18338331,1,0,1
18344654,1,1,2
18346966,1,4,5
18359602,1,0,1
18367081,1,0,1
18368976,1,0,1
18373853,1,2,3
18373898,1,0,1
18374159,1,0,1
18382184,1,1,2
18392095,1,0,1
18393982,1,12,13
18400525,1,1,2
18401772,1,0,1
18402226,1,5,6
18410119,1,0,1
18412499,1,0,1
18416673,1,1,2
18418348,1,0,1
18420857,1,0,1
18422575,1,0,1
18422973,1,1,2
18429083,1,0,1
18432087,1,0,1
18437529,1,0,1
18442567,1,0,1
18445181,1,0,1
18452147,1,2,3
18458063,1,1,2
18458953,1,5,6
18460479,1,0,1
18464266,1,10,11
18465519,1,7,8
18467251,1,0,1
18472424,1,1,2
18478067,1,5,6
18479820,1,22,23
18490463,1,0,1
18494981,1,1,2
18497982,1,0,1
18505500,1,0,1
18510073,1,0,1
18516303,1,2,3
18528086,1,0,1
18533000,1,0,1
18534569,1,0,1
18538833,1,26,27
18539652,1,3,4
18541176,1,0,1
18543258,1,1,2
18545878,1,2,3
18547023,1,0,1
18547695,1,0,1
18587165,1,16,17
18606294,1,0,1
18608619,1,0,1
18611635,1,2,3
18612440,1,2,3
18613689,1,0,1
18616891,1,0,1
18618463,1,2,3
18625807,1,2,3
18629331,1,1,2
18638852,1,1,2
18641724,1,1,2
18642171,1,1,2
18646561,1,2,3
18652879,1,7,8
18653324,1,1,2
18655847,1,1,2
18658644,1,0,1
18663625,1,0,1
18678196,1,34,35
18688121,1,0,1
18703271,1,0,1
18723269,1,0,1
18725923,1,1,2
18731677,1,2,3
18738047,1,2,3
18772999,1,0,1
18774140,1,15,16
18778401,1,0,1
18780713,1,0,1
18787732,1,0,1
18800527,1,0,1
18802895,1,0,1
18804231,1,2,3
18810536,1,0,1
18827511,1,2,3
18834557,1,2,3
18842785,1,0,1
18853454,1,1,2
18854072,1,1,2
18871716,1,9,10
18890736,1,0,1
18891961,1,1,2
18893580,1,1,2
18895276,1,4,5
18907423,1,0,1
18913137,1,0,1
18914379,1,1,2
18925057,1,3,4
18941168,1,3,4
18942393,1,1,2
18960672,1,2,3
18961988,1,1,2
18983673,1,11,12
18998877,1,0,1
19003777,1,0,1
19008298,1,1,2
19026735,1,5,6
19030941,1,0,1
19031466,1,2,3
19031731,1,3,4
19040537,1,0,1
19044132,1,0,1
19069406,1,0,1
19070298,1,1,2
19070347,1,0,1
19074802,1,1,2
19083393,1,0,1
19084455,1,1,2
19084928,1,1,2
19086367,1,1,2
19091728,1,0,1
19093999,1,0,1
19095909,1,0,1
19097047,1,2,3
19107878,1,7,8
19120657,1,0,1
19122350,1,1,2
19123162,1,0,1
19127931,1,6,7
19143585,1,12,13
19145560,1,2,3
19149096,1,0,1
19160985,1,0,1
19166136,1,2,3
19167833,1,0,1
19168381,1,1,2
19171764,1,0,1
19173370,1,3,4
19175654,1,1,2
19182617,1,1,2
19184998,1,22,23
19188132,1,1,2
19190291,1,0,1
19202733,1,0,1
19204812,1,7,8
19212154,1,1,2
19215223,1,1,2
19216060,1,1,2
19216545,1,0,1
19235902,1,1,2
19241940,1,0,1
19245863,1,12,13
19255147,1,3,4
19262570,1,0,1
19272465,1,0,1
19277842,1,0,1
19287545,1,0,1
19296516,1,0,1
19299983,1,1,2
19314238,1,0,1
19316932,1,0,1
19320565,1,0,1
19326132,1,0,1
19338425,1,0,1
19340399,1,0,1
19351111,1,17,18
19353949,1,1,2
19360517,1,0,1
19360717,1,5,6
19363969,1,0,1
19371321,1,0,1
19377646,1,0,1
19381857,1,0,1
19399396,1,14,15
19412308,1,3,4
19412957,1,0,1
19439467,1,1,2
19463496,1,0,1
19473108,1,0,1
19474957,1,25,26
19496624,1,0,1
19499232,1,0,1
19500186,1,0,1
19506923,1,0,1
19519397,1,0,1
19534310,1,1,2
19543692,1,1,2
19561082,1,3,4
19567744,1,0,1
19576003,1,1,2
19578967,1,1,2
19579930,1,0,1
19592654,1,1,2
19596419,1,8,9
19633055,1,2,3
19637303,1,9,10
19667628,1,17,18
19669543,1,10,11
19689142,1,3,4
19692075,1,0,1
19721743,1,15,16
19736128,1,19,20
19738104,1,0,1
19740146,1,0,1
19741858,1,0,1
19743660,1,0,1
19744645,1,0,1
19745594,1,0,1
19749935,1,0,1
19769739,1,2,3
19770492,1,6,7
19792780,1,8,9
19792812,1,0,1
19794140,1,1,2
19805682,1,26,27
19822126,1,0,1
19825632,1,4,5
19828037,1,5,6
19867378,1,0,1
19875463,1,2,3
19880390,1,0,1
19884030,1,0,1
19889946,1,0,1
19894417,1,0,1
19894607,1,4,5
19905367,1,0,1
19910867,1,1,2
19912776,1,7,8
19914971,1,0,1
19921539,1,0,1
19922927,1,1,2
19925071,1,0,1
19928319,1,0,1
19929618,1,0,1
19933219,1,0,1
19946101,1,0,1
19953165,1,0,1
19954278,1,2,3
19974017,1,0,1
19974228,1,0,1
19984237,1,2,3
20005118,1,0,1
20041312,1,7,8
20060120,1,6,7
20068341,1,0,1
20068902,1,0,1
20099177,1,8,9
20117914,1,3,4
20140564,1,8,9
20159694,1,0,1
20159761,1,0,1
20162847,1,0,1
20175792,1,0,1
20186637,1,0,1
20190741,1,24,25
20195838,1,2,3
20198631,1,2,3
20201620,1,2,3
20213446,1,1,2
20227816,1,0,1
20236381,1,12,13
20246921,1,3,4
20273523,1,0,1
20284566,1,0,1
20287322,1,0,1
20297129,1,1,2
20310264,1,5,6
20316473,1,0,1
20332563,1,9,10
20368293,1,2,3
20370761,1,0,1
20380415,1,0,1
20384339,1,1,2
20384343,1,0,1
20395038,1,1,2
20397364,1,0,1
20404344,1,0,1
20409780,1,0,1
20410334,1,1,2
20412312,1,0,1
20423830,1,0,1
20427072,1,0,1
20433598,1,23,24
20435295,1,2,3
20435361,1,1,2
20439358,1,0,1
20455267,1,0,1
20462827,1,10,11
20483317,1,0,1
20486767,1,0,1
20490232,1,1,2
20494522,1,19,20
20498232,1,1,2
20504043,1,1,2
20526032,1,0,1
20558805,1,0,1
20561765,1,8,9
20594201,1,0,1
20611428,1,1,2
20617622,1,0,1
20617913,1,1,2
20625069,1,0,1
20638279,1,3,4
20645953,1,3,4
20647617,1,0,1
20652877,1,0,1
20653249,1,0,1
20654231,1,0,1
20664587,1,2,3
20676977,1,1,2
20686713,1,1,2
20690163,1,0,1
20728256,1,2,3
20733046,1,3,4
20756490,1,7,8
20778382,1,0,1
20782345,1,0,1
20790976,1,0,1
20806289,1,0,1
20823571,1,3,4
20829672,1,4,5
20833515,1,1,2
20854637,1,1,2
20867110,1,3,4
20886428,1,0,1
20888453,1,0,1
20904610,1,0,1
20907258,1,1,2
20924775,1,11,12
20926233,1,1,2
20931953,1,4,5
20941837,1,5,6
20948709,1,2,3
20986136,1,0,1
20992556,1,7,8
20998570,1,0,1
21018743,1,0,1
21028120,1,2,3
21031401,1,4,5
21032053,1,3,4
21047872,1,0,1
21049677,1,2,3
21057124,1,12,13
21069531,1,0,1
21080252,1,2,3
21084399,1,1,2
21089102,1,0,1
21089816,1,1,2
21093915,1,5,6
21100413,1,11,12
21107070,1,0,1
21130327,1,1,2
21138801,1,0,1
21147712,1,7,8
21165173,1,1,2
21174380,1,1,2
21181059,1,0,1
21191623,1,0,1
21202336,1,0,1
21205578,1,14,15
21218111,1,11,12
21223571,1,6,7
21233472,1,0,1
21233973,1,3,4
21251726,1,1,2
21255452,1,0,1
21275055,1,1,2
21279354,1,0,1
21279755,1,0,1
21288323,1,1,2
21288738,1,1,2
21310678,1,2,3
21321887,1,2,3
21326212,1,0,1
21328006,1,4,5
21334978,1,0,1
21337922,1,0,1
21340979,1,1,2
21343878,1,1,2
21348611,1,5,6
21352373,1,11,12
21366777,1,0,1
21366842,1,0,1
21367585,1,1,2
21368340,1,1,2
21381986,1,0,1
21401901,1,1,2
21407972,1,1,2
21409631,1,2,3
21411188,1,5,6
21418209,1,0,1
21431389,1,0,1
21435251,1,0,1
21448679,1,1,2
21462274,1,1,2
21469938,1,0,1
21484149,1,1,2
21484891,1,1,2
21491212,1,1,2
21499713,1,1,2
21513572,1,0,1
21514429,1,2,3
21517042,1,1,2
21518890,1,0,1
21523946,1,0,1
21526984,1,0,1
21553731,1,1,2
21563711,1,12,13
21566744,1,6,7
21569253,1,2,3
21604781,1,0,1
21606066,1,0,1
21609735,1,0,1
21626875,1,13,14
21638911,1,0,1
21665313,1,0,1
21675196,1,0,1
21677170,1,0,1
21712325,1,0,1
21713136,1,0,1
21729414,1,0,1
21765914,1,12,13
21766547,1,4,5
21769802,1,0,1
21777308,1,1,2
21779263,1,2,3
21780708,1,2,3
21787983,1,4,5
21791103,1,0,1
21791956,1,0,1
21792170,1,5,6
21807222,1,0,1
21826777,1,2,3
21834075,1,0,1
21840564,1,0,1
21842365,1,0,1
21843361,1,0,1
21852065,1,1,2
21870280,1,0,1
21875625,1,2,3
21876825,1,0,1
21878907,1,1,2
21891509,1,0,1
21918727,1,2,3
21926014,1,3,4
21927175,1,0,1
21934107,1,2,3
21947773,1,2,3
21966831,1,0,1
21967402,1,10,11
21985976,1,0,1
22013487,1,0,1
22013997,1,0,1
22015798,1,2,3
22019929,1,47,48
22020011,1,0,1
22064941,1,0,1
22076619,1,8,9
22079857,1,2,3
22082580,1,1,2
22109303,1,9,10
22109714,1,7,8
22110730,1,0,1
22111533,1,1,2
22113161,1,1,2
22154826,1,1,2
22162353,1,2,3
22164019,1,3,4
22165060,1,0,1
22166737,1,14,15
22173678,1,1,2
22173850,1,42,43
22174136,1,18,19
22195623,1,1,2
22208940,1,8,9
22210296,1,0,1
22216382,1,0,1
22224210,1,0,1
22231310,1,0,1
22237760,1,1,2
22239939,1,0,1
22252399,1,0,1
22259528,1,0,1
22274107,1,0,1
22278303,1,7,8
22278466,1,14,15
22282306,1,10,11
22282936,1,11,12
22286774,1,0,1
22293499,1,25,26
22299591,1,0,1
22320192,1,1,2
22320619,1,0,1
22326517,1,0,1
22328926,1,0,1
22369602,1,2,3
22412777,1,0,1
22423227,1,0,1
22438684,1,0,1
22446832,1,8,9
22450026,1,13,14
22451920,1,0,1
22456215,1,1,2
22456617,1,0,1
22469677,1,0,1
22471250,1,0,1
22477858,1,0,1
22499697,1,0,1
22510348,1,0,1
22513829,1,3,4
22514042,1,5,6
22517345,1,0,1
22528086,1,1,2
22529575,1,0,1
22531743,1,0,1
22532355,1,7,8
22538827,1,0,1
22550612,1,0,1
22558532,1,0,1
22563522,1,0,1
22567734,1,3,4
22590419,1,0,1
22601553,1,0,1
22637043,1,0,1
22656089,1,98,99
22662094,1,20,21
22663344,1,1,2
22669065,1,0,1
22685766,1,3,4
22688127,1,0,1
22695788,1,0,1
22713319,1,0,1
22716721,1,4,5
22717211,1,0,1
22721715,1,5,6
22770745,1,0,1
22783771,1,8,9
22787565,1,0,1
22803645,1,1,2
22816033,1,4,5
22817038,1,12,13
22818997,1,76,77
22840677,1,3,4
22841956,1,2,3
22847048,1,0,1
22847928,1,0,1
22851978,1,0,1
22866042,1,6,7
22872223,1,1,2
22876661,1,2,3
22885743,1,5,6
22886569,1,0,1
22887655,1,0,1
22888505,1,0,1
22893666,1,0,1
22924291,1,7,8
22927595,1,0,1
22942585,1,6,7
22947304,1,0,1
22954156,1,9,10
22964563,1,0,1
22976263,1,0,1
22979875,1,0,1
22993097,1,0,1
23010941,1,0,1
23011496,1,0,1
23013274,1,4,5
23013929,1,0,1
23060198,1,5,6
23069326,1,0,1
23081980,1,0,1
23094898,1,0,1
23096821,1,0,1
23097082,1,0,1
23103690,1,0,1
23104561,1,0,1
23108803,1,32,33
23116696,1,2,3
23121122,1,1,2
23133323,1,0,1
23136288,1,1,2
23139130,1,2,3
23142089,1,0,1
23142250,1,3,4
23146830,1,2,3
23170707,1,0,1
23172411,1,2,3
23190653,1,0,1
23209832,1,1,2
23212803,1,1,2
23223249,1,0,1
23231812,1,2,3
23236250,1,0,1
23244246,1,6,7
23246458,1,25,26
23255658,1,0,1
23262108,1,0,1
23263526,1,49,50
23263803,1,0,1
23265436,1,0,1
23268215,1,12,13
23268772,1,0,1
23270800,1,0,1
23276965,1,0,1
23283857,1,9,10
23292129,1,1,2
23353063,1,36,37
23355723,1,0,1
23365523,1,4,5
23365704,1,0,1
23366167,1,0,1
23372897,1,9,10
23373048,1,1,2
23378758,1,9,10
23396023,1,1,2
23402105,1,0,1
23404794,1,43,44
23407386,1,0,1
23411802,1,0,1
23431439,1,0,1
23455765,1,1,2
23465352,1,5,6
23470623,1,1,2
23476814,1,0,1
23488753,1,0,1
23511468,1,19,20
23518293,1,23,24
23521636,1,0,1
23523846,1,0,1
23534834,1,1,2
23535446,1,0,1
23543520,1,1,2
23573289,1,0,1
23574017,1,1,2
23575584,1,0,1
23576850,1,0,1
23592516,1,14,15
23593890,1,0,1
23610294,1,0,1
23613751,1,3,4
23639107,1,0,1
23645988,1,1,2
23651270,1,0,1
23656286,1,0,1
23658399,1,51,52
23696410,1,0,1
23697168,1,3,4
23698960,1,1,2
23703611,1,1,2
23705178,1,1,2
23709034,1,0,1
23710027,1,3,4
23721445,1,0,1
23723818,1,1,2
23745072,1,2,3
23751066,1,0,1
23779089,1,0,1
23786365,1,6,7
23786964,1,0,1
23808789,1,2,3
23809237,1,0,1
23810701,1,4,5
23831682,1,7,8
23836779,1,2,3
23857408,1,0,1
23860063,1,0,1
23866650,1,0,1
23869453,1,4,5
23896022,1,2,3
23901543,1,0,1
23905084,1,0,1
23911073,1,2,3
23913426,1,0,1
23938315,1,0,1
23949317,1,3,4
23954775,1,8,9
23967078,1,1,2
23968696,1,0,1
23978162,1,5,6
23990686,1,0,1
23994921,1,0,1
24008419,1,17,18
24020993,1,14,15
24047138,1,2,3
24073578,1,0,1
24181873,1,0,1
24223629,1,1,2
24232048,1,0,1
24232365,1,2,3
24247270,1,37,38
24257724,1,3,4
24283002,1,0,1
24289307,1,2,3
24289534,1,0,1
24310365,1,0,1
24318010,1,0,1
24321917,1,1,2
24332665,1,0,1
24345412,1,3,4
24369960,1,3,4
24373203,1,2,3
24382468,1,2,3
24390914,1,0,1
24411159,1,2,3
24417059,1,9,10
24424705,1,0,1
24443355,1,3,4
24451835,1,0,1
24494715,1,0,1
24496176,1,0,1
24500507,1,0,1
24512455,1,1,2
24519517,1,0,1
24522463,1,0,1
24528410,1,1,2
24529390,1,0,1
24536405,1,0,1
24546276,1,4,5
24551741,1,1,2
24573654,1,13,14
24579517,1,2,3
24624133,1,0,1
24657656,1,0,1
24670481,1,3,4
24678755,1,3,4
24681762,1,0,1
24711989,1,0,1
24712908,1,0,1
24722016,1,4,5
24735971,1,1,2
24738370,1,0,1
24743443,1,0,1
24751921,1,9,10
24762751,1,1,2
24770797,1,0,1
24772220,1,0,1
24787270,1,4,5
24794048,1,0,1
24794580,1,0,1
24800161,1,0,1
24810739,1,2,3
24816117,1,0,1
24818048,1,0,1
24823181,1,9,10
24823530,1,0,1
24835543,1,0,1
24841823,1,0,1
24847692,1,0,1
24858030,1,0,1
24879011,1,11,12
24888689,1,0,1
24898174,1,0,1
24916779,1,3,4
24925840,1,2,3
24984627,1,2,3
25006299,1,0,1
25019797,1,0,1
25054029,1,6,7
25064635,1,0,1
25072242,1,0,1
25080367,1,0,1
25085059,1,0,1
25097255,1,0,1
25101055,1,0,1
25102996,1,0,1
25103567,1,1,2
25108868,1,0,1
25110591,1,1,2
25111829,1,3,4
25137741,1,0,1
25167738,1,6,7
25175771,1,0,1
25190025,1,0,1
25192844,1,0,1
25200555,1,0,1
25221139,1,3,4
25223278,1,0,1
25229365,1,0,1
25240793,1,0,1
25252022,1,0,1
25282419,1,0,1
25294071,1,0,1
25298198,1,12,13
25310891,1,4,5
25324805,1,1,2
25334802,1,3,4
25335524,1,19,20
25343700,1,7,8
25345839,1,6,7
25355041,1,1,2
25385002,1,2,3
25397681,1,0,1
25406218,1,0,1
25414643,1,0,1
25417425,1,0,1
25420277,1,0,1
25425901,1,0,1
25443065,1,5,6
25443536,1,2,3
25443684,1,14,15
25455092,1,7,8
25460751,1,0,1
25463136,1,0,1
25479816,1,0,1
25484126,1,1,2
25493985,1,0,1
25501664,1,0,1
25508228,1,0,1
25508553,1,0,1
25516749,1,0,1
25541650,1,0,1
25553965,1,0,1
25562825,1,2,3
25574804,1,0,1
25576837,1,1,2
25578842,1,1,2
25579281,1,0,1
25591678,1,0,1
25604635,1,0,1
25607265,1,1,2
25636430,1,0,1
25641158,1,2,3
25649018,1,1,2
25695263,1,0,1
25699543,1,0,1
25702664,1,0,1
25725545,1,0,1
25769477,1,0,1
25770236,1,4,5
25780913,1,3,4
25789834,1,12,13
25799938,1,0,1
25805428,1,0,1
25858054,1,2,3
25861291,1,0,1
25869917,1,0,1
25881288,1,0,1
25888191,1,0,1
25904468,1,4,5
25910871,1,3,4
25910972,1,1,2
25911927,1,0,1
25919236,1,0,1
25920524,1,0,1
25928003,1,1,2
25971880,1,4,5
25972006,1,14,15
25989214,1,0,1
25999956,1,2,3
26029427,1,0,1
26055562,1,0,1
26055577,1,0,1
26063722,1,1,2
26080109,1,0,1
26093726,1,0,1
26108846,1,0,1
26120009,1,1,2
26120621,1,0,1
26125564,1,0,1
26130664,1,0,1
26134087,1,1,2
26139064,1,1,2
26139638,1,0,1
26140039,1,0,1
26140889,1,5,6
26159147,1,1,2
26196749,1,0,1
26225949,1,1,2
26227812,1,1,2
26230848,1,0,1
26240763,1,0,1
26306441,1,8,9
26319737,1,15,16
26321824,1,3,4
26341474,1,0,1
26347220,1,0,1
26353699,1,9,10
26362473,1,96,97
26369166,1,0,1
26377398,1,0,1
26395709,1,0,1
26399354,1,0,1
26402448,1,3,4
26404159,1,0,1
26413056,1,0,1
26413971,1,0,1
26423417,1,7,8
26443360,1,0,1
26448738,1,0,1
26468007,1,0,1
26477112,1,0,1
26503233,1,0,1
26526984,1,0,1
26527182,1,0,1
26580562,1,6,7
26597770,1,0,1
26612058,1,2,3
26615889,1,0,1
26640856,1,3,4
26646312,1,0,1
26646631,1,0,1
26650759,1,0,1
26656309,1,0,1
26667492,1,8,9
26696528,1,0,1
26719784,1,0,1
26719862,1,0,1
26750287,1,0,1
26789312,1,0,1
26807180,1,1,2
26812154,1,0,1
26822709,1,38,39
26830022,1,0,1
26834634,1,0,1
26836092,1,1,2
26887791,1,10,11
26893680,1,0,1
26934715,1,0,1
26937621,1,0,1
26951168,1,1,2
26960113,1,5,6
26985227,1,1,2
26985403,1,30,31
26985795,1,0,1
26994092,1,2,3
27008603,1,0,1
27017563,1,3,4
27025146,1,0,1
27046785,1,5,6
27053930,1,0,1
27140554,1,25,26
27172186,1,0,1
27174094,1,0,1
27182288,1,1,2
27191230,1,0,1
27201623,1,17,18
27224807,1,0,1
27245818,1,0,1
27290462,1,0,1
27299157,1,4,5
27300836,1,8,9
27303069,1,0,1
27306551,1,0,1
27311925,1,3,4
27313044,1,1,2
27342279,1,0,1
27345982,1,0,1
27355033,1,0,1
27366958,1,0,1
27379401,1,2,3
27387180,1,0,1
27436262,1,2,3
27447312,1,0,1
27493883,1,8,9
27501773,1,4,5
27553316,1,0,1
27561545,1,0,1
27570467,1,2,3
27596237,1,2,3
27602245,1,6,7
27608285,1,0,1
27628568,1,0,1
27662785,1,0,1
27680392,1,14,15
27682432,1,31,32
27689886,1,0,1
27694973,1,0,1
27701623,1,0,1
27725264,1,0,1
27733980,1,1,2
27783848,1,1,2
27787061,1,0,1
27815788,1,0,1
27820161,1,0,1
27820823,1,0,1
27835424,1,1,2
27843452,1,0,1
27863586,1,0,1
27876956,1,1,2
27879364,1,1,2
27893109,1,0,1
27911472,1,0,1
27913100,1,1,2
27917773,1,0,1
27918426,1,1,2
27928821,1,27,28
27952096,1,0,1
27952164,1,11,12
27962775,1,0,1
27968064,1,3,4
27978669,1,0,1
28002449,1,0,1
28034545,1,0,1
28054681,1,0,1
28056787,1,16,17
28119472,1,0,1
28127520,1,0,1
28138476,1,0,1
28160934,1,0,1
28166481,1,0,1
28169427,1,2,3
28200864,1,0,1
28204155,1,0,1
28245390,1,0,1
28246439,1,1,2
28250754,1,1,2
28260472,1,0,1
28262061,1,0,1
28304594,1,0,1
28321877,1,0,1
28385768,1,11,12
28389585,1,1,2
28403500,1,0,1
28422952,1,0,1
28456695,1,0,1
28471479,1,1,2
28471938,1,1,2
28525991,1,0,1
28555579,1,2,3
28586375,1,0,1
28603554,1,4,5
28643323,1,0,1
28645793,1,1,2
28685107,1,0,1
28705002,1,0,1
28708683,1,0,1
28723571,1,0,1
28727201,1,0,1
28727413,1,5,6
28739801,1,0,1
28762550,1,0,1
28768787,1,0,1
28838979,1,0,1
28859732,1,0,1
28865483,1,9,10
28901698,1,0,1
28906100,1,1,2
28908693,1,8,9
28910636,1,0,1
28914720,1,1,2
28915687,1,0,1
28915772,1,0,1
28917301,1,3,4
28926547,1,16,17
28938948,1,0,1
28947061,1,0,1
28947808,1,0,1
28988977,1,0,1
29008075,1,0,1
29015670,1,9,10
29094252,1,8,9
29096933,1,0,1
29101624,1,3,4
29105582,1,0,1
29109182,1,10,11
29126755,1,8,9
29157656,1,5,6
29221767,1,2,3
29236288,1,0,1
29262306,1,0,1
29304617,1,18,19
29317141,1,0,1
29317322,1,0,1
29325869,1,0,1
29326599,1,0,1
29335327,1,0,1
29337164,1,0,1
29339798,1,2,3
29361495,1,0,1
29381613,1,171,172
29384930,1,1,2
29403634,1,23,24
29404570,1,0,1
29469971,1,0,1
29485163,1,0,1
29529220,1,2,3
29592523,1,0,1
29597581,1,0,1
29604515,1,1,2
29614894,1,0,1
29627747,1,0,1
29628877,1,1,2
29632119,1,0,1
29640261,1,0,1
29707786,1,0,1
29728994,1,1,2
29767292,1,0,1
29777806,1,13,14
29779504,1,2,3
29787468,1,0,1
29824485,1,10,11
29828293,1,0,1
29833210,1,0,1
29860285,1,1,2
29902198,1,0,1
29902409,1,6,7
29924184,1,1,2
29968859,1,1,2
30002471,1,0,1
30011952,1,0,1
30013010,1,5,6
30021755,1,0,1
30041528,1,0,1
30068482,1,1,2
30090344,1,0,1
30095588,1,5,6
30131376,1,0,1
30150430,1,0,1
30167812,1,0,1
30209116,1,2,3
30240712,1,7,8
30268282,1,1,2
30276857,1,9,10
30279325,1,0,1
30295820,1,22,23
30303783,1,1,2
30317139,1,2,3
30333109,1,0,1
30345353,1,0,1
30348123,1,1,2
30359797,1,0,1
30373009,1,0,1
30390612,1,1,2
30395133,1,0,1
30398142,1,15,16
30414145,1,0,1
30419937,1,0,1
30435538,1,0,1
30453594,1,0,1
30457138,1,4,5
30460316,1,1,2
30471638,1,1,2
30478990,1,13,14
30528336,1,1,2
30532499,1,0,1
30559248,1,7,8
30580266,1,1,2
30604070,1,0,1
30623465,1,1,2
30668569,1,0,1
30673476,1,0,1
30685245,1,0,1
30716518,1,3,4
30770118,1,0,1
30835428,1,1,2
30853624,1,0,1
30853907,1,0,1
30863902,1,0,1
30865171,1,0,1
30878783,1,1,2
30890753,1,2,3
30907701,1,8,9
31016872,1,3,4
31031937,1,0,1
31056977,1,0,1
31069618,1,4,5
31077933,1,6,7
31096591,1,0,1
31111732,1,1,2
31119062,1,17,18
31133746,1,5,6
31144303,1,0,1
31148690,1,1,2
31176419,1,0,1
31176803,1,0,1
31204694,1,0,1
31220624,1,0,1
31226093,1,2,3
31229726,1,0,1
31230042,1,0,1
31277249,1,1,2
31286567,1,0,1
31310008,1,0,1
31337013,1,0,1
31339252,1,0,1
31358425,1,0,1
31359323,1,4,5
31423823,1,5,6
31429565,1,0,1
31446260,1,0,1
31457509,1,0,1
31481618,1,2,3
31489708,1,0,1
31507996,1,0,1
31508992,1,0,1
31509026,1,2,3
31522613,1,0,1
31534584,1,0,1
31540720,1,7,8
31562965,1,0,1
31575283,1,0,1
31587664,1,7,8
31589948,1,0,1
31619514,1,0,1
31672187,1,0,1
31674023,1,0,1
31683274,1,0,1
31794591,1,0,1
31794619,1,0,1
31875744,1,2,3
31876443,1,0,1
31988111,1,8,9
31990747,1,0,1
31992478,1,13,14
32040596,1,0,1
32120379,1,0,1
32207715,1,2,3
32217059,1,1,2
32230895,1,0,1
32232539,1,4,5
32256414,1,17,18
32278002,1,0,1
32286479,1,0,1
32294529,1,18,19
32307468,1,0,1
32377320,1,0,1
32384796,1,1,2
32411838,1,4,5
32436929,1,21,22
32440073,1,1,2
32452933,1,6,7
32489614,1,51,52
32500911,1,0,1
32505791,1,0,1
32563268,1,0,1
32620287,1,18,19
32623493,1,25,26
32646385,1,0,1
32674744,1,3,4
32704682,1,1,2
32737926,1,30,31
32740523,1,0,1
32776450,1,1,2
32842145,1,0,1
32845894,1,1,2
32850927,1,0,1
32885631,1,31,32
32895294,1,41,42
32911473,1,0,1
32915252,1,4,5
32932428,1,4,5
32933288,1,0,1
32947145,1,1,2
32964450,1,0,1
33029207,1,11,12
33032993,1,0,1
33073064,1,0,1
33122564,1,0,1
33130079,1,0,1
33138115,1,0,1
33142727,1,0,1
33164956,1,0,1
33203065,1,0,1
33206035,1,2,3
33227746,1,0,1
33235960,1,1,2
33235973,1,0,1
33241745,1,6,7
33278652,1,0,1
33295859,1,0,1
33310509,1,0,1
33322049,1,9,10
33322926,1,0,1
33334918,1,0,1
33339106,1,0,1
33348270,1,0,1
33351880,1,3,4
33352576,1,0,1
33355957,1,0,1
33373494,1,3,4
33375866,1,0,1
33377027,1,18,19
33380871,1,0,1
33393905,1,0,1
33420142,1,0,1
33425958,1,1,2
33515362,1,0,1
33540385,1,2,3
33546493,1,3,4
33547469,1,0,1
33582392,1,0,1
33610152,1,0,1
33610655,1,0,1
33620643,1,0,1
33622022,1,6,7
33624839,1,1,2
33669123,1,0,1
33714487,1,1,2
33725847,1,0,1
33735615,1,0,1
33761906,1,0,1
33774559,1,0,1
33838330,1,1,2
33851549,1,0,1
33911072,1,0,1
33914769,1,8,9
33953802,1,1,2
33985729,1,0,1
33988195,1,8,9
34003535,1,48,49
34027879,1,0,1
34035514,1,5,6
34040526,1,3,4
34092386,1,2,3
34123611,1,14,15
34132231,1,2,3
34161849,1,0,1
34168518,1,12,13
34170615,1,3,4
34186329,1,0,1
34200388,1,0,1
34267127,1,0,1
34278601,1,0,1
34326808,1,0,1
34327225,1,8,9
34354758,1,4,5
34390758,1,1,2
34403412,1,0,1
34412958,1,0,1
34415663,1,0,1
34467867,1,0,1
34487135,1,2,3
34492853,1,9,10
34515090,1,5,6
34515806,1,0,1
34521445,1,0,1
34534972,1,0,1
34615751,1,0,1
34640041,1,0,1
34652855,1,3,4
34668069,1,0,1
34676737,1,0,1
34754703,1,0,1
34761502,1,0,1
34828221,1,1,2
34846769,1,1,2
34849900,1,0,1
34873714,1,0,1
34886325,1,0,1
34889095,1,0,1
34891724,1,0,1
34907388,1,0,1
34948512,1,0,1
34949467,1,0,1
34951165,1,0,1
34952847,1,1,2
34984875,1,0,1
34988016,1,2,3
35011765,1,8,9
35035671,1,0,1
35068430,1,0,1
35069310,1,0,1
35108346,1,2,3
35127656,1,0,1
35153740,1,6,7
35170640,1,0,1
35187041,1,1,2
35207611,1,2,3
35216869,1,0,1
35226891,1,4,5
35227551,1,2,3
35243441,1,0,1
35267635,1,0,1
35280529,1,0,1
35287196,1,2,3
35304791,1,2,3
35366139,1,0,1
35366599,1,0,1
35370962,1,0,1
35372207,1,0,1
35376667,1,0,1
35395312,1,0,1
35408870,1,12,13
35414007,1,0,1
35416617,1,1,2
35428115,1,2,3
35463810,1,1,2
35472475,1,0,1
35482012,1,8,9
35488045,1,2,3
35492358,1,0,1
35556727,1,0,1
35573524,1,0,1
35589278,1,0,1
35627430,1,0,1
35629669,1,0,1
35646104,1,0,1
35664564,1,1,2
35681425,1,2,3
35703571,1,2,3
35736077,1,0,1
35738213,1,0,1
35746830,1,0,1
35780205,1,3,4
35793326,1,0,1
35798110,1,0,1
35800878,1,4,5
35821850,1,21,22
35831704,1,3,4
35840293,1,0,1
35855848,1,0,1
35858021,1,0,1
35867620,1,0,1
35877325,1,0,1
35901579,1,0,1
35914740,1,0,1
35939955,1,0,1
35944882,1,0,1
35958864,1,0,1
35973126,1,1,2
35987891,1,2,3
35997743,1,0,1
36009933,1,0,1
36013401,1,0,1
36091201,1,0,1
36096392,1,1,2
36114255,1,1,2
36129216,1,4,5
36131115,1,0,1
36158425,1,1,2
36185506,1,0,1
36194167,1,0,1
36199946,1,0,1
36203518,1,0,1
36213249,1,0,1
36228219,1,0,1
36265397,1,1,2
36278771,1,0,1
36282084,1,0,1
36300648,1,2,3
36316066,1,0,1
36399470,1,0,1
36430025,1,0,1
36432179,1,5,6
36451365,1,4,5
36461607,1,0,1
36465802,1,1,2
36484718,1,0,1
36533962,1,6,7
36548558,1,0,1
36551218,1,0,1
36569343,1,0,1
36575716,1,0,1
36579278,1,0,1
36604147,1,0,1
36616915,1,0,1
36617968,1,0,1
36678591,1,4,5
36687239,1,0,1
36689271,1,0,1
36702855,1,0,1
36713935,1,0,1
36720204,1,0,1
36735913,1,7,8
36749125,1,0,1
36762213,1,0,1
36778886,1,0,1
36801083,1,0,1
36809882,1,0,1
36822138,1,0,1
36823165,1,0,1
36828566,1,0,1
36864284,1,0,1
36884457,1,1,2
36892209,1,0,1
36907204,1,1,2
36952185,1,0,1
36973780,1,0,1
36982043,1,0,1
36989735,1,2,3
37004368,1,0,1
37026575,1,9,10
37035189,1,5,6
37040726,1,0,1
37046611,1,1,2
37074254,1,5,6
37085243,1,0,1
37091616,1,2,3
37099323,1,0,1
37104187,1,0,1
37112859,1,0,1
37120752,1,0,1
37133060,1,2,3
37185115,1,0,1
37270824,1,0,1
37272774,1,0,1
37283140,1,0,1
37287226,1,1,2
37312370,1,0,1
37313606,1,0,1
37315362,1,0,1
37340661,1,0,1
37343743,1,0,1
37352307,1,0,1
37383703,1,0,1
37396748,1,0,1
37404802,1,0,1
37447142,1,1,2
37449396,1,4,5
37453693,1,0,1
37520943,1,0,1
37525099,1,0,1
37529864,1,0,1
37546095,1,0,1
37560752,1,0,1
37575256,1,0,1
37591918,1,0,1
37605100,1,0,1
37665288,1,0,1
37670126,1,0,1
37689666,1,40,41
37689796,1,0,1
37692033,1,1,2
37701511,1,27,28
37725551,1,4,5
37728422,1,0,1
37746495,1,0,1
37752366,1,4,5
37766674,1,0,1
37781635,1,0,1
37796893,1,0,1
37859019,1,0,1
37863826,1,0,1
37915293,1,31,32
37940975,1,2,3
37942261,1,0,1
37953510,1,3,4
37972880,1,1,2
37978055,1,0,1
37989014,1,0,1
37996968,1,0,1
37998935,1,0,1
38012607,1,3,4
38053011,1,0,1
38058846,1,0,1
38064381,1,0,1
38065138,1,0,1
38070336,1,9,10
38071134,1,0,1
38073977,1,1,2
38178825,1,1,2
38192081,1,0,1
38223548,1,0,1
38234694,1,0,1
38241210,1,32,33
38253488,1,0,1
38257916,1,0,1
38258834,1,0,1
38294282,1,0,1
38309484,1,5,6
38336713,1,2,3
38345242,1,0,1
38353411,1,0,1
38359821,1,1,2
38372567,1,0,1
38372916,1,3,4
38381658,1,0,1
38387275,1,0,1
38389952,1,0,1
38545970,1,0,1
38557677,1,1,2
38571345,1,2,3
38593897,1,0,1
38667530,1,0,1
38679583,1,0,1
38746993,1,1,2
38780337,1,0,1
38803988,1,0,1
38812371,1,2,3
38857156,1,33,34
38874128,1,0,1
38889227,1,0,1
38920141,1,3,4
38942803,1,62,63
38971431,1,4,5
38977910,1,0,1
38979446,1,1,2
39060895,1,0,1
39091931,1,0,1
39095099,1,0,1
39096101,1,0,1
39104665,1,0,1
39120346,1,0,1
39171348,1,8,9
39199978,1,0,1
39204285,1,1,2
39245720,1,16,17
39264471,1,0,1
39298029,1,0,1
39324127,1,15,16
39354492,1,0,1
39356283,1,0,1
39364191,1,0,1
39371894,1,1,2
39399111,1,0,1
39463710,1,0,1
39510746,1,2,3
39584114,1,0,1
39614065,1,0,1
39670226,1,0,1
39688234,1,0,1
39697461,1,0,1
39804445,1,0,1
39822071,1,0,1
39850620,1,0,1
39876310,1,0,1
39896544,1,1,2
39953737,1,0,1
39988740,1,7,8
40153298,1,3,4
40161284,1,0,1
40163323,1,0,1
40184810,1,0,1
40204201,1,0,1
40244005,1,0,1
40288690,1,196,197
40298256,1,3,4
40314298,1,1,2
40327401,1,0,1
40348202,1,0,1
40349132,1,7,8
40364949,1,0,1
40369209,1,0,1
40381745,1,1,2
40392048,1,1,2
40442268,1,0,1
40462270,1,3,4
40478088,1,32,33
40503983,1,0,1
40524984,1,0,1
40532641,1,0,1
40604613,1,5,6
40661912,1,0,1
40678252,1,0,1
40715019,1,0,1
40718928,1,1,2
40736947,1,0,1
40737398,1,0,1
40751005,1,1,2
40754133,1,0,1
40762950,1,0,1
40764088,1,0,1
40842960,1,0,1
40879099,1,0,1
40882422,1,0,1
40885123,1,1,2
40885285,1,3,4
40940008,1,0,1
40947459,1,0,1
40949526,1,0,1
40969480,1,1,2
41000089,1,0,1
41025124,1,0,1
41080444,1,0,1
41120844,1,0,1
41145673,1,1,2
41185952,1,7,8
41205522,1,0,1
41210470,1,0,1
41212351,1,0,1
41214375,1,0,1
41289323,1,6,7
41308568,1,0,1
41360166,1,0,1
41415261,1,0,1
41430441,1,0,1
41442147,1,0,1
41472536,1,0,1
41474891,1,2,3
41501466,1,2,3
41508971,1,0,1
41509524,1,0,1
41517512,1,3,4
41572045,1,0,1
41587246,1,0,1
41598204,1,0,1
41613498,1,20,21
41614323,1,0,1
41620493,1,15,16
41626673,1,14,15
41710769,1,0,1
41715997,1,0,1
41727824,1,0,1
41792327,1,0,1
41829529,1,0,1
41845354,1,0,1
41883859,1,0,1
41899093,1,0,1
41911002,1,0,1
41973047,1,1,2
41984111,1,57,58
41991230,1,0,1
41993250,1,0,1
42073861,1,0,1
42099430,1,0,1
42102154,1,4,5
42117648,1,0,1
42119471,1,0,1
42142578,1,4,5
42143406,1,0,1
42158651,1,1,2
42178149,1,0,1
42191282,1,0,1
42198561,1,3,4
42245932,1,15,16
42281279,1,2,3
42295734,1,0,1
42303228,1,0,1
42316487,1,0,1
42324605,1,2,3
42339698,1,0,1
42400054,1,1,2
42410275,1,0,1
42452565,1,0,1
42472565,1,0,1
42499983,1,7,8
42516958,1,0,1
42608018,1,1,2
42623839,1,0,1
42638129,1,0,1
42648302,1,0,1
42660266,1,0,1
42719751,1,0,1
42798606,1,1,2
42802872,1,2,3
42819475,1,0,1
42869677,1,0,1
42876918,1,0,1
42880295,1,0,1
42951934,1,0,1
42962298,1,4,5
42978116,1,0,1
43011119,1,0,1
43016290,1,0,1
43029399,1,0,1
43034074,1,0,1
43056218,1,0,1
43071747,1,0,1
43081971,1,0,1
43087461,1,0,1
43110680,1,0,1
43122467,1,0,1
43149599,1,0,1
43176795,1,23,24
43182407,1,7,8
43183642,1,0,1
43195174,1,7,8
43196584,1,0,1
43239422,1,3,4
43276395,1,0,1
43281182,1,3,4
43289622,1,0,1
43295068,1,0,1
43303317,1,0,1
43306669,1,0,1
43308194,1,0,1
43314890,1,0,1
43315666,1,0,1
43378629,1,54,55
43437074,1,0,1
43439588,1,6,7
43440702,1,2,3
43456153,1,0,1
43480909,1,0,1
43485991,1,0,1
43486092,1,0,1
43545148,1,1,2
43595131,1,0,1
43620520,1,0,1
43623328,1,0,1
43635770,1,0,1
43638560,1,0,1
43646880,1,0,1
43647178,1,0,1
43661765,1,0,1
43701039,1,0,1
43715752,1,0,1
43721839,1,3,4
43756976,1,2,3
43782842,1,0,1
43865544,1,0,1
43868864,1,14,15
43979178,1,0,1
44008317,1,1,2
44053328,1,0,1
44114066,1,0,1
44123067,1,0,1
44124641,1,0,1
44260462,1,2,3
44282893,1,0,1
44327104,1,0,1
44340706,1,7,8
44391036,1,0,1
44422849,1,0,1
44433368,1,0,1
44437765,1,0,1
44450516,1,0,1
44495316,1,12,13
44504679,1,0,1
44505164,1,0,1
44509416,1,0,1
44519801,1,0,1
44525060,1,0,1
44565667,1,0,1
44603448,1,9,10
44640366,1,0,1
44660804,1,1,2
44711678,1,0,1
44719369,1,1,2
44728855,1,0,1
44736538,1,0,1
44748394,1,0,1
44752689,1,3,4
44848240,1,0,1
44852773,1,0,1
44866971,1,0,1
44883533,1,1,2
44889833,1,0,1
44903491,1,2,3
44946668,1,0,1
44953772,1,0,1
45003755,1,0,1
45026124,1,2,3
45049873,1,0,1
45056461,1,0,1
45063023,1,2,3
45063353,1,0,1
45112163,1,0,1
45127500,1,0,1
45164101,1,0,1
45174676,1,0,1
45187234,1,0,1
45197416,1,2,3
45206882,1,11,12
45212090,1,0,1
45219849,1,1,2
45228317,1,0,1
45312958,1,0,1
45318784,1,2,3
45325314,1,0,1
45389877,1,0,1
45402151,1,0,1
45412721,1,0,1
45442618,1,0,1
45456187,1,7,8
45473167,1,0,1
45480297,1,2,3
45506800,1,0,1
45528338,1,0,1
45532640,1,0,1
45625039,1,0,1
45637269,1,3,4
45649295,1,36,37
45669657,1,0,1
45672107,1,0,1
45688112,1,0,1
45694984,1,2,3
45715862,1,0,1
45755141,1,1,2
45784925,1,0,1
45803871,1,0,1
45806977,1,0,1
45819332,1,8,9
45860990,1,0,1
45888550,1,0,1
45941679,1,0,1
45994122,1,0,1
46017566,1,0,1
46026167,1,0,1
46036963,1,0,1
46040019,1,0,1
46059944,1,1,2
46102631,1,0,1
46144229,1,0,1
46154707,1,4,5
46206714,1,0,1
46250392,1,2,3
46254270,1,0,1
46258454,1,0,1
46263664,1,0,1
46279629,1,0,1
46308779,1,0,1
46460758,1,0,1
46494175,1,0,1
46521288,1,0,1
46522603,1,6,7
46549482,1,3,4
46627315,1,0,1
46644427,1,1,2
46655229,1,0,1
46661127,1,0,1
46723892,1,0,1
46734290,1,24,25
46788665,1,0,1
46790391,1,1,2
46795678,1,0,1
46799923,1,0,1
46833486,1,0,1
46836569,1,0,1
46848406,1,3,4
46861738,1,3,4
46881744,1,0,1
46916472,1,16,17
46920276,1,0,1
47009747,1,14,15
47032125,1,1,2
47040449,1,0,1
47088899,1,0,1
47094039,1,30,31
47095671,1,0,1
47102050,1,3,4
47102208,1,0,1
47133511,1,0,1
47137282,1,0,1
47151764,1,0,1
47156660,1,1,2
47210097,1,2,3
47210765,1,1,2
47214021,1,0,1
47222812,1,15,16
47225141,1,13,14
47229485,1,1,2
47270300,1,1,2
47273533,1,0,1
47275919,1,14,15
47327277,1,0,1
47333618,1,0,1
47335093,1,5,6
47338560,1,1,2
47344392,1,0,1
47359903,1,0,1
47382822,1,0,1
47398326,1,1,2
47401956,1,2,3
47407494,1,0,1
47409706,1,0,1
47417442,1,2,3
47432053,1,0,1
47462001,1,0,1
47467321,1,1,2
47530761,1,6,7
47531619,1,3,4
47535549,1,1,2
47595040,1,0,1
47632905,1,2,3
47645758,1,24,25
47654624,1,0,1
47708841,1,0,1
47749019,1,2,3
47753449,1,0,1
47760206,1,0,1
47770873,1,0,1
47788802,1,0,1
47804693,1,0,1
47819787,1,0,1
47831055,1,49,50
47836005,1,1,2
47845726,1,0,1
47871790,1,0,1
47942936,1,0,1
47958650,1,0,1
47975328,1,0,1
48072526,1,3,4
48076871,1,0,1
48089061,1,0,1
48105771,1,8,9
48130421,1,0,1
48139533,1,0,1
48211058,1,5,6
48229519,1,0,1
48229558,1,22,23
48233383,1,1,2
48236127,1,0,1
48239765,1,8,9
48253577,1,0,1
48268158,1,0,1
48329227,1,0,1
48354744,1,0,1
48376033,1,0,1
48406342,1,2,3
48415072,1,0,1
48433168,1,0,1
48434594,1,1,2
48467880,1,0,1
48495906,1,3,4
48514692,1,5,6
48532958,1,0,1
48546115,1,0,1
48591898,1,0,1
48604363,1,0,1
48662217,1,0,1
48700214,1,1,2
48709593,1,0,1
48731024,1,0,1
48759622,1,0,1
48765768,1,0,1
48878200,1,0,1
48883553,1,0,1
48889603,1,0,1
48896766,1,0,1
48901889,1,0,1
48911154,1,0,1
48911550,1,0,1
48940099,1,0,1
48946583,1,0,1
49003176,1,2,3
49011650,1,0,1
49023843,1,0,1
49049557,1,0,1
49076180,1,0,1
49107700,1,0,1
49110768,1,0,1
49115265,1,0,1
49128529,1,0,1
49128933,1,4,5
49130613,1,0,1
49143632,1,0,1
49148921,1,0,1
49151094,1,3,4
49154020,1,0,1
49154057,1,1,2
49191959,1,0,1
49196387,1,5,6
49208091,1,0,1
49226976,1,4,5
49298923,1,0,1
49379886,1,27,28
49396734,1,0,1
49465042,1,0,1
49465619,1,3,4
49468746,1,0,1
49517482,1,1,2
49525963,1,0,1
49527047,1,3,4
49530226,1,1,2
49540175,1,0,1
49560239,1,2,3
49568898,1,0,1
49608459,1,3,4
49613609,1,0,1
49613619,1,2,3
49619321,1,0,1
49630464,1,0,1
49648967,1,0,1
49649691,1,0,1
49691929,1,0,1
49704371,1,0,1
49715720,1,2,3
49720860,1,0,1
49733784,1,0,1
49752088,1,0,1
49752491,1,0,1
49754245,1,0,1
49772158,1,0,1
49774300,1,0,1
49792744,1,0,1
49796529,1,2,3
49797407,1,2,3
49799944,1,0,1
49819709,1,0,1
49846163,1,0,1
49851795,1,0,1
49871948,1,0,1
49877285,1,0,1
49880968,1,0,1
49925262,1,0,1
49929266,1,0,1
49967362,1,0,1
49991414,1,0,1
50014110,1,0,1
50026653,1,0,1
50122794,1,0,1
50131059,1,0,1
50154909,1,0,1
50156040,1,1,2
50171969,1,0,1
50184343,1,2,3
50192733,1,1,2
50218117,1,0,1
50229897,1,1,2
50246172,1,1,2
50307783,1,0,1
50311960,1,0,1
50320622,1,0,1
50321754,1,0,1
50337556,1,0,1
50365399,1,3,4
50391712,1,1,2
50402199,1,0,1
50409534,1,0,1
50412264,1,0,1
50425831,1,0,1
50434143,1,0,1
50436208,1,3,4
50512696,1,0,1
50528222,1,13,14
50574380,1,4,5
50602919,1,0,1
50614339,1,0,1
50671687,1,0,1
50737284,1,0,1
50767571,1,0,1
50781624,1,0,1
50823546,1,0,1
50836865,1,0,1
50841788,1,0,1
50873816,1,0,1
51016551,1,0,1
51019674,1,0,1
51025656,1,23,24
51041737,1,3,4
51045572,1,0,1
51052537,1,0,1
51054423,1,0,1
51091226,1,1,2
51096321,1,1,2
51098842,1,0,1
51123791,1,1,2
51145345,1,0,1
51183399,1,0,1
51230489,1,0,1
51237897,1,0,1
51237936,1,0,1
51253014,1,0,1
51260407,1,0,1
51285161,1,1,2
51295331,1,0,1
51308934,1,0,1
51335358,1,0,1
51414745,1,26,27
51516927,1,1,2
51522406,1,0,1
51553482,1,0,1
51584008,1,1,2
51613357,1,0,1
51645769,1,1,2
51661207,1,0,1
51728851,1,348,349
51757406,1,0,1
51773203,1,10,11
51790887,1,0,1
51808737,1,0,1
51814262,1,0,1
51912109,1,0,1
52008994,1,0,1
52046421,1,0,1
52089534,1,0,1
52107740,1,1,2
52159362,1,0,1
52191159,1,3,4
52210342,1,0,1
52264415,1,0,1
52264581,1,0,1
52281568,1,0,1
52292419,1,2,3
52292970,1,0,1
52303569,1,0,1
52333707,1,0,1
52412414,1,0,1
52419525,1,0,1
52428027,1,0,1
52440479,1,0,1
52443922,1,0,1
52522232,1,42,43
52548332,1,0,1
52575708,1,0,1
52587635,1,0,1
52623529,1,10,11
52672301,1,1,2
52700448,1,1,2
52717844,1,1,2
52772666,1,0,1
52794540,1,0,1
52846023,1,0,1
52879677,1,0,1
52887193,1,1,2
52887739,1,30,31
52898594,1,1,2
52942448,1,0,1
52950761,1,0,1
52950933,1,0,1
52960369,1,0,1
53048586,1,0,1
53079577,1,0,1
53099737,1,0,1
53122288,1,0,1
53128506,1,4,5
53135390,1,0,1
53135691,1,1,2
53151672,1,0,1
53152678,1,1,2
53165116,1,1,2
53215308,1,0,1
53238423,1,0,1
53282102,1,35,36
53352471,1,4,5
53363405,1,0,1
53400286,1,0,1
53437187,1,1,2
53452791,1,1,2
53502252,1,0,1
53503202,1,87,88
53530138,1,0,1
53544498,1,3,4
53585110,1,27,28
53606937,1,16,17
53644053,1,0,1
53668078,1,1,2
53675641,1,0,1
53693802,1,5,6
53755847,1,3,4
53783292,1,0,1
53786975,1,0,1
53893939,1,0,1
53903471,1,0,1
53919246,1,2,3
53924827,1,0,1
53937281,1,60,61
53940360,1,0,1
53945662,1,0,1
54001150,1,0,1
54032913,1,0,1
54063075,1,0,1
54111268,1,6,7
54158042,1,0,1
54167119,1,0,1
54182891,1,5,6
54183302,1,0,1
54237979,1,0,1
54259093,1,0,1
54267644,1,0,1
54307047,1,1,2
54328745,1,0,1
54342579,1,35,36
54373896,1,3,4
54386101,1,29,30
54393177,1,0,1
54412449,1,0,1
54419050,1,0,1
54421476,1,0,1
54441016,1,0,1
54526970,1,0,1
54551498,1,0,1
54554348,1,0,1
54575429,1,0,1
54577514,1,2,3
54598362,1,1,2
54648674,1,0,1
54705636,1,4,5
54718581,1,0,1
54742843,1,1,2
54802674,1,0,1
54860610,1,0,1
54937278,1,0,1
54941426,1,12,13
54945432,1,12,13
54965493,1,0,1
55048390,1,0,1
55064920,1,1,2
55108278,1,4,5
55120512,1,0,1
55282772,1,0,1
55312926,1,5,6
55321904,1,1,2
55323377,1,0,1
55355013,1,0,1
55361253,1,0,1
55376631,1,0,1
55388358,1,3,4
55452082,1,0,1
55469179,1,0,1
55471113,1,0,1
55491668,1,0,1
55497191,1,0,1
55509865,1,0,1
55544802,1,0,1
55581432,1,0,1
55586077,1,0,1
55594970,1,0,1
55634617,1,10,11
55728746,1,0,1
55805650,1,0,1
55811493,1,0,1
55866269,1,1,2
55882740,1,0,1
55891751,1,0,1
55892483,1,7,8
55901777,1,4,5
55953100,1,0,1
56005973,1,5,6
56053946,1,0,1
56065323,1,0,1
56071924,1,0,1
56121059,1,1,2
56163373,1,0,1
56166755,1,10,11
56178593,1,1,2
56193384,1,0,1
56266834,1,1,2
56352779,1,0,1
56366000,1,1,2
56375624,1,2,3
56382371,1,1,2
56386483,1,0,1
56406240,1,0,1
56430724,1,0,1
56446042,1,0,1
56481647,1,0,1
56514919,1,122,123
56521191,1,0,1
56526010,1,0,1
56527457,1,0,1
56547104,1,0,1
56570756,1,0,1
56608733,1,0,1
56680028,1,0,1
56696978,1,0,1
56698684,1,2,3
56724832,1,3,4
56798488,1,0,1
56817212,1,0,1
56817707,1,0,1
56868166,1,0,1
56894737,1,0,1
56937357,1,0,1
57003573,1,0,1
57004576,1,0,1
57027744,1,0,1
57042327,1,0,1
57112883,1,0,1
57147727,1,1,2
57184910,1,0,1
57227034,1,0,1
57303171,1,6,7
57354595,1,0,1
57393062,1,0,1
57420720,1,0,1
57429677,1,4,5
57437201,1,0,1
57437252,1,4,5
57465181,1,0,1
57480741,1,0,1
57482207,1,0,1
57485794,1,0,1
57493364,1,0,1
57497888,1,0,1
57553466,1,2,3
57559357,1,0,1
57572404,1,0,1
57715109,1,0,1
57743659,1,45,46
57787282,1,1,2
57805931,1,0,1
57812098,1,0,1
57828749,1,2,3
57894621,1,0,1
57971827,1,0,1
57972636,1,0,1
58006972,1,0,1
58074876,1,3,4
58108906,1,0,1
58108915,1,1,2
58123213,1,0,1
58222658,1,0,1
58237800,1,0,1
58241455,1,0,1
58338316,1,0,1
58352165,1,0,1
58357621,1,0,1
58408124,1,0,1
58416147,1,0,1
58529612,1,0,1
58656937,1,0,1
58685588,1,1,2
58686784,1,0,1
58727162,1,0,1
58814012,1,0,1
58828610,1,0,1
58844108,1,2,3
58876394,1,0,1
58888286,1,0,1
58937437,1,0,1
58946057,1,3,4
58996766,1,0,1
59027328,1,0,1
59191511,1,0,1
59220577,1,5,6
59224109,1,0,1
59242017,1,4,5
59287415,1,0,1
59331128,1,1,2
59349945,1,0,1
59356867,1,0,1
59361010,1,8,9
59425665,1,0,1
59550206,1,5,6
59574807,1,0,1
59646346,1,0,1
59674605,1,0,1
59680239,1,0,1
59684261,1,12,13
59746019,1,0,1
59785806,1,0,1
59812461,1,1,2
59814858,1,0,1
59826169,1,1,2
59849085,1,0,1
59860741,1,1,2
59875882,1,2,3
59881991,1,0,1
59928359,1,1,2
60032981,1,1,2
60065194,1,1,2
60107028,1,0,1
60108392,1,0,1
60135551,1,0,1
60207798,1,0,1
60246606,1,1,2
60262357,1,0,1
60296618,1,11,12
60345122,1,6,7
60345136,1,1,2
60358810,1,0,1
60360311,1,10,11
60367174,1,1,2
60399607,1,0,1
60485127,1,0,1
60544792,1,0,1
60573615,1,3,4
60582277,1,0,1
60725527,1,1,2
60763286,1,3,4
60878686,1,0,1
60941123,1,2,3
61001300,1,2,3
61012512,1,30,31
61016265,1,0,1
61038629,1,6,7
61116420,1,1,2
61120737,1,0,1
61125767,1,0,1
61163172,1,0,1
61211686,1,2,3
61321879,1,4,5
61347672,1,1,2
61370373,1,0,1
61388496,1,0,1
61412543,1,0,1
61462546,1,1,2
61468396,1,0,1
61474528,1,2,3
61478524,1,0,1
61537171,1,18,19
61541580,1,2,3
61553479,1,0,1
61602154,1,11,12
61623195,1,0,1
61648692,1,6,7
61664442,1,0,1
61687504,1,0,1
61690642,1,0,1
61703582,1,0,1
61719753,1,0,1
61746740,1,0,1
61781602,1,0,1
61788662,1,1,2
61837634,1,0,1
61843359,1,2,3
61846629,1,0,1
61859888,1,1,2
61890821,1,0,1
61913710,1,0,1
61943717,1,0,1
62033816,1,0,1
62071463,1,1,2
62075528,1,0,1
62144996,1,0,1
62205219,1,0,1
62272401,1,0,1
62276078,1,0,1
62305118,1,1,2
62315768,1,0,1
62455717,1,1,2
62513049,1,0,1
62582415,1,0,1
62604922,1,1,2
62630673,1,0,1
62635649,1,0,1
62687349,1,0,1
62697366,1,0,1
62857729,1,0,1
62868527,1,0,1
62899415,1,5,6
62908025,1,18,19
62918505,1,0,1
62946398,1,1,2
62950732,1,0,1
62969736,1,0,1
62993454,1,1,2
63029750,1,0,1
63136068,1,0,1
63139887,1,0,1
63149872,1,6,7
63159224,1,7,8
63190578,1,0,1
63212141,1,0,1
63217972,1,0,1
63251769,1,1,2
63294630,1,5,6
63319644,1,0,1
63324615,1,1,2
63382418,1,0,1
63397902,1,0,1
63476910,1,4,5
63477793,1,1,2
63649416,1,0,1
63655480,1,0,1
63672796,1,0,1
63713866,1,19,20
63749608,1,1,2
63774674,1,1,2
63774808,1,2,3
63810828,1,0,1
63819427,1,0,1
63856201,1,0,1
63856642,1,0,1
63893458,1,16,17
63912960,1,0,1
64039086,1,0,1
64041947,1,0,1
64083338,1,0,1
64133822,1,0,1
64172342,1,0,1
64200758,1,0,1
64254642,1,0,1
64271998,1,0,1
64276590,1,0,1
64279537,1,0,1
64280705,1,0,1
64287766,1,0,1
64290964,1,2,3
64302962,1,115,116
64317441,1,0,1
64334450,1,0,1
64339259,1,0,1
64415341,1,0,1
64449350,1,4,5
64468446,1,0,1
64689870,1,0,1
64813290,1,18,19
64817108,1,0,1
64830211,1,0,1
64912564,1,0,1
64926349,1,2,3
64941571,1,0,1
64960410,1,4,5
65221878,1,0,1
65270783,1,0,1
65363177,1,0,1
65373321,1,2,3
65404941,1,4,5
65466158,1,5,6
65476777,1,40,41
65531343,1,0,1
65550672,1,0,1
65650510,1,0,1
65659927,1,28,29
65699541,1,0,1
65707379,1,0,1
65711741,1,0,1
65730921,1,0,1
65765643,1,0,1
65774767,1,1,2
65782673,1,0,1
65810061,1,0,1
65833723,1,0,1
65909235,1,0,1
65987956,1,0,1
66003071,1,0,1
66032222,1,10,11
66101412,1,0,1
66105838,1,3,4
66109042,1,2,3
66165992,1,1,2
66167625,1,0,1
66232446,1,0,1
66301173,1,0,1
66476079,1,0,1
66560547,1,0,1
66575037,1,0,1
66581334,1,0,1
66584271,1,0,1
66601975,1,46,47
66634122,1,0,1
66662429,1,11,12
66680078,1,0,1
66716796,1,0,1
66776059,1,27,28
66802837,1,0,1
66858007,1,0,1
66891899,1,0,1
66906245,1,3,4
66937347,1,0,1
66964514,1,0,1
67005678,1,1,2
67011750,1,0,1
67012797,1,0,1
67066342,1,0,1
67093606,1,1,2
67161382,1,0,1
67212927,1,1,2
67215892,1,0,1
67262147,1,0,1
67263737,1,0,1
67379491,1,0,1
67473741,1,0,1
67543297,1,0,1
67622912,1,0,1
67630908,1,0,1
67716519,1,0,1
67728942,1,2,3
67735898,1,0,1
67788569,1,1,2
67820033,1,0,1
67857107,1,0,1
67878927,1,0,1
67886396,1,0,1
67962152,1,0,1
68015084,1,1,2
68035038,1,1,2
68071014,1,26,27
68099998,1,0,1
68168693,1,3,4
68206737,1,0,1
68272171,1,0,1
68327554,1,0,1
68429015,1,0,1
68464692,1,0,1
68489534,1,4,5
68589777,1,0,1
68611923,1,3,4
68632373,1,0,1
68724894,1,0,1
68730528,1,14,15
68801460,1,2,3
68853013,1,0,1
68875777,1,1,2
68906714,1,0,1
68993180,1,1,2
69158081,1,4,5
69181949,1,0,1
69200472,1,0,1
69334073,1,1,2
69359874,1,0,1
69361136,1,0,1
69440021,1,0,1
69451035,1,0,1
69454714,1,0,1
69559684,1,2,3
69570394,1,0,1
69579596,1,0,1
69639919,1,0,1
69643440,1,0,1
69715706,1,9,10
69786672,1,0,1
69837428,1,1,2
69877838,1,0,1
70043966,1,0,1
70065830,1,0,1
70135018,1,0,1
70144495,1,24,25
70241038,1,3,4
70327558,1,3,4
70452119,1,0,1
70469649,1,0,1
70528473,1,0,1
70529790,1,0,1
70538266,1,4,5
70720488,1,0,1
70747569,1,0,1
70791223,1,0,1
70791487,1,0,1
70797421,1,0,1
70878753,1,0,1
70956577,1,0,1
71042980,1,0,1
71087963,1,0,1
71100748,1,0,1
71108357,1,0,1
71125618,1,0,1
71142835,1,0,1
71254037,1,0,1
71266596,1,5,6
71281199,1,0,1
71310014,1,0,1
71403966,1,7,8
71454840,1,0,1
71463325,1,0,1
71519333,1,14,15
71554273,1,1,2
71578705,1,1,2
71636806,1,0,1
71678053,1,0,1
71770285,1,1,2
71866555,1,0,1
71913254,1,7,8
71983149,1,0,1
72002064,1,0,1
72461495,1,0,1
72480899,1,0,1
72532466,1,0,1
72591730,1,3,4
72597747,1,0,1
72609763,1,0,1
72678732,1,2,3
72724285,1,0,1
72740492,1,0,1
72750421,1,30,31
72891097,1,0,1
72896280,1,2,3
72908837,1,5,6
72951936,1,0,1
72963141,1,0,1
73007812,1,11,12
73032567,1,1,2
73041094,1,0,1
73171523,1,11,12
73199746,1,2,3
73290704,1,0,1
73310195,1,0,1
73402469,1,6,7
73432163,1,1,2
73465964,1,0,1
73513613,1,0,1
73546459,1,0,1
73684056,1,0,1
73748227,1,0,1
73791927,1,0,1
73887400,1,0,1
73901619,1,0,1
74020768,1,1,2
74177189,1,0,1
74209221,1,7,8
74236340,1,0,1
74241914,1,5,6
74257510,1,1,2
74258609,1,1,2
74329820,1,0,1
74349589,1,0,1
74358484,1,0,1
74434632,1,0,1
74455557,1,0,1
74476959,1,0,1
74641729,1,0,1
74652090,1,0,1
74660955,1,0,1
74723931,1,0,1
74781639,1,3,4
74863916,1,1,2
74895105,1,1,2
74905193,1,31,32
75071173,1,0,1
75102228,1,0,1
75138843,1,0,1
75157645,1,0,1
75191028,1,2,3
75264060,1,5,6
75283334,1,3,4
75430442,1,0,1
75446868,1,0,1
75635050,1,0,1
75691203,1,3,4
75723772,1,0,1
75753880,1,0,1
75896584,1,1,2
75932390,1,0,1
75939860,1,2,3
75982537,1,5,6
76000172,1,3,4
76027332,1,2,3
76044100,1,2,3
76192178,1,0,1
76229476,1,4,5
76277733,1,0,1
76279333,1,0,1
76370090,1,0,1
76375132,1,0,1
76412685,1,0,1
76423403,1,0,1
76425894,1,0,1
76458623,1,0,1
76530794,1,0,1
76573727,1,0,1
76612724,1,1,2
76695467,1,0,1
76732040,1,0,1
76770277,1,0,1
76789722,1,0,1
76815926,1,0,1
76888698,1,1,2
77043671,1,0,1
77099392,1,0,1
77117694,1,0,1
77167261,1,1,2
77286821,1,0,1
77299913,1,0,1
77316995,1,0,1
77319633,1,30,31
77394815,1,0,1
77542133,1,0,1
77561703,1,0,1
77582890,1,14,15
77589316,1,0,1
77619885,1,0,1
77635649,1,0,1
77652342,1,0,1
77656382,1,0,1
77812433,1,0,1
77829431,1,0,1
77847082,1,0,1
77860363,1,0,1
77868412,1,0,1
77916482,1,0,1
78052785,1,0,1
78194485,1,14,15
78204823,1,0,1
78245206,1,0,1
78256390,1,0,1
78280437,1,0,1
78291632,1,9,10
78400475,1,25,26
78478776,1,0,1
78502767,1,1,2
78523300,1,1,2
78640563,1,0,1
78902002,1,14,15
78928135,1,0,1
78955305,1,0,1
79010825,1,0,1
79046742,1,0,1
79068591,1,1,2
79093454,1,0,1
79106655,1,0,1
79143966,1,0,1
79154950,1,0,1
79377017,1,1,2
79389338,1,2,3
79435415,1,0,1
79641643,1,0,1
79699927,1,6,7
79762434,1,0,1
79813710,1,0,1
79937023,1,0,1
79961794,1,0,1
80047569,1,0,1
80174785,1,0,1
80255886,1,0,1
80347984,1,0,1
80382189,1,0,1
80398991,1,3,4
80428640,1,0,1
80441144,1,0,1
80456456,1,0,1
80458579,1,0,1
80538826,1,0,1
80697098,1,0,1
80728751,1,0,1
80740053,1,0,1
80827005,1,0,1
80879577,1,0,1
80992470,1,0,1
80993125,1,0,1
80997068,1,0,1
81034740,1,0,1
81131076,1,2,3
81134192,1,1,2
81167713,1,0,1
81247670,1,0,1
81362304,1,7,8
81367359,1,0,1
81387169,1,0,1
81458596,1,0,1
81482674,1,4,5
81523937,1,6,7
81647976,1,0,1
81726937,1,0,1
81828283,1,0,1
81863380,1,0,1
81927440,1,0,1
81993298,1,0,1
81999362,1,0,1
82002302,1,0,1
82113859,1,0,1
82123606,1,0,1
82154889,1,0,1
82193985,1,0,1
82372330,1,0,1
82375983,1,0,1
82389170,1,0,1
82391708,1,0,1
82467940,1,0,1
82728582,1,0,1
82757944,1,0,1
82878359,1,0,1
82878935,1,0,1
82909160,1,31,32
82911978,1,0,1
82930239,1,0,1
82933885,1,0,1
83095406,1,0,1
83112392,1,6,7
83119514,1,0,1
83144511,1,12,13
83248841,1,3,4
83283233,1,0,1
83285934,1,0,1
83376951,1,0,1
83412824,1,0,1
83436654,1,0,1
83617835,1,0,1
83641466,1,57,58
83676136,1,2,3
83780691,1,0,1
83860499,1,12,13
83891922,1,0,1
83902025,1,0,1
83904534,1,0,1
83947010,1,0,1
83954496,1,0,1
83964850,1,0,1
84139739,1,0,1
84147605,1,3,4
84210850,1,3,4
84427455,1,1,2
84428059,1,0,1
84448921,1,0,1
84605662,1,0,1
84647468,1,0,1
84650505,1,0,1
84691240,1,0,1
84697337,1,0,1
84748460,1,0,1
84756143,1,0,1
84761084,1,0,1
84823872,1,0,1
84896837,1,18,19
84900217,1,3,4
84900689,1,0,1
85132406,1,0,1
85177223,1,0,1
85188855,1,1,2
85193319,1,0,1
85199704,1,2,3
85205957,1,0,1
85311417,1,0,1
85333883,1,0,1
85405824,1,3,4
85406676,1,0,1
85478085,1,0,1
85482187,1,0,1
85591282,1,0,1
85626523,1,0,1
85631149,1,0,1
85676534,1,0,1
85698646,1,0,1
85758461,1,0,1
85772641,1,0,1
85834587,1,8,9
85849661,1,0,1
85862406,1,1,2
85945829,1,0,1
85967550,1,0,1
86026202,1,0,1
86117782,1,0,1
86325010,1,0,1
86327801,1,9,10
86377557,1,8,9
86393925,1,0,1
86401759,1,0,1
86439617,1,0,1
86683466,1,0,1
86765768,1,3,4
86775045,1,2,3
86870256,1,0,1
86892924,1,1,2
86911192,1,4,5
86991456,1,1,2
87048152,1,0,1
87204450,1,1,2
87210400,1,4,5
87266900,1,0,1
87301577,1,44,45
87322215,1,0,1
87651801,1,0,1
87729162,1,0,1
87734221,1,1,2
87755941,1,0,1
87797730,1,4,5
87929711,1,0,1
88028404,1,1,2
88035985,1,0,1
88037434,1,0,1
88101055,1,3,4
88102183,1,1,2
88104770,1,0,1
88303986,1,35,36
88499592,1,0,1
88640222,1,3,4
88684815,1,0,1
88715127,1,1,2
88805348,1,0,1
88805559,1,0,1
88869948,1,0,1
88930761,1,0,1
88932795,1,0,1
88934626,1,6,7
88968082,1,22,23
88979306,1,0,1
88981425,1,0,1
88983444,1,3,4
89002253,1,3,4
89028308,1,0,1
89108721,1,3,4
89220865,1,2,3
89224181,1,0,1
89254960,1,8,9
89287747,1,1,2
89292407,1,1,2
89320872,1,1,2
89465785,1,63,64
89484399,1,1,2
89534187,1,0,1
89595486,1,0,1
89603846,1,3,4
89650481,1,4,5
89669135,1,0,1
89707879,1,0,1
89835497,1,0,1
89965401,1,0,1
90028390,1,0,1
90100316,1,0,1
90215573,1,0,1
90222798,1,2,3
90301205,1,0,1
90301744,1,0,1
90343284,1,0,1
90360929,1,1,2
90402402,1,0,1
90478926,1,4,5
90560710,1,0,1
90570374,1,0,1
90571954,1,0,1
90650937,1,0,1
90659071,1,0,1
90698037,1,0,1
90748536,1,0,1
90775089,1,1,2
90790110,1,0,1
90835375,1,0,1
90870501,1,0,1
90915392,1,0,1
90941575,1,0,1
90958636,1,0,1
90959139,1,20,21
90960162,1,1,2
90976096,1,1,2
90992943,1,2,3
91107178,1,0,1
91123177,1,0,1
91130774,1,0,1
91169177,1,1,2
91229107,1,1,2
91231229,1,13,14
91250429,1,0,1
91311254,1,0,1
91359384,1,1,2
91370281,1,1,2
91481258,1,1,2
91578999,1,0,1
91604886,1,0,1
91613155,1,0,1
91667281,1,0,1
91699590,1,0,1
91710104,1,0,1
91747560,1,0,1
91750428,1,0,1
91762941,1,0,1
91779163,1,3,4
91799915,1,0,1
91849655,1,0,1
91860450,1,1,2
91969309,1,0,1
92052553,1,0,1
92183836,1,0,1
92319048,1,1,2
92394887,1,1,2
92537643,1,0,1
92575511,1,5,6
92595011,1,0,1
92672222,1,0,1
92680363,1,0,1
92699470,1,1,2
92756124,1,0,1
92787310,1,1,2
92790817,1,0,1
92794556,1,0,1
92822346,1,0,1
92911863,1,1,2
92929112,1,0,1
93034100,1,0,1
93054226,1,0,1
93066289,1,0,1
93073927,1,0,1
93082954,1,0,1
93151421,1,0,1
93214452,1,0,1
93262060,1,0,1
93268784,1,0,1
93298134,1,1,2
93303916,1,0,1
93425075,1,0,1
93429412,1,18,19
93531074,1,1,2
93580079,1,0,1
93583928,1,61,62
93670049,1,0,1
93700000,1,0,1
93711290,1,0,1
93832771,1,0,1
93846843,1,0,1
93846866,1,0,1
93935912,1,0,1
93964892,1,0,1
93969907,1,3,4
93977088,1,0,1
93980452,1,0,1
94102395,1,0,1
94120963,1,0,1
94146914,1,7,8
94187179,1,0,1
94188479,1,0,1
94225349,1,0,1
94248202,1,15,16
94259953,1,0,1
94311814,1,0,1
94410620,1,33,34
94418149,1,0,1
94446030,1,0,1
94483109,1,0,1
94523171,1,0,1
94568609,1,5,6
94594814,1,3,4
94651023,1,0,1
94787314,1,0,1
94858093,1,0,1
94990079,1,1,2
95031164,1,0,1
95060571,1,0,1
95121059,1,0,1
95257413,1,0,1
95318326,1,6,7
95381098,1,0,1
95393444,1,1,2
95464210,1,0,1
95478373,1,1,2
95619295,1,0,1
95658425,1,0,1
95675734,1,0,1
95710519,1,2,3
95811758,1,1,2
95819409,1,0,1
95913925,1,0,1
95980170,1,0,1
96012070,1,1,2
96105882,1,0,1
96165218,1,0,1
96196635,1,0,1
96247630,1,0,1
96370473,1,0,1
96485543,1,0,1
96485708,1,1,2
96489626,1,0,1
96503835,1,0,1
96630820,1,5,6
96670183,1,0,1
96695481,1,0,1
96783069,1,22,23
96887812,1,0,1
96902500,1,0,1
97034895,1,0,1
97060835,1,1,2
97098184,1,1,2
97146662,1,0,1
97273575,1,36,37
97329818,1,0,1
97389063,1,0,1
97474565,1,0,1
97509255,1,0,1
97558653,1,1,2
97728144,1,0,1
97843021,1,2,3
97853931,1,0,1
98006937,1,21,22
98013302,1,0,1
98042577,1,2,3
98224763,1,0,1
98236593,1,0,1
98245509,1,0,1
98258907,1,0,1
98263537,1,0,1
98361433,1,0,1
98415032,1,0,1
98415050,1,0,1
98647690,1,0,1
98832738,1,0,1
99070362,1,0,1
99135558,1,0,1
99136355,1,0,1
99137030,1,0,1
99184495,1,0,1
99316325,1,0,1
99324467,1,0,1
99423443,1,0,1
99523081,1,0,1
99561818,1,0,1
99579410,1,0,1
99584939,1,1,2
99616341,1,0,1
99623855,1,0,1
99667832,1,0,1
99851516,1,0,1
99944454,1,0,1
100061304,1,0,1
100083329,1,0,1
100085105,1,0,1
100121870,1,0,1
100214237,1,0,1
100302888,1,7,8
100330971,1,0,1
100353089,1,1,2
100368424,1,1,2
100369330,1,0,1
100421516,1,2,3
100467390,1,1,2
100519052,1,0,1
100565578,1,0,1
100602870,1,0,1
100640481,1,1,2
100656954,1,4,5
100682917,1,0,1
100684781,1,10,11
100827645,1,0,1
100906725,1,0,1
100913736,1,0,1
100939433,1,0,1
101040161,1,5,6
101087169,1,0,1
101155873,1,0,1
101203560,1,6,7
101214835,1,0,1
101292110,1,0,1
101350987,1,0,1
101425380,1,0,1
101551006,1,6,7
101559992,1,1,2
101657195,1,1,2
101713043,1,0,1
101753129,1,0,1
101935648,1,0,1
101948366,1,0,1
101960646,1,4,5
102012784,1,0,1
102036068,1,0,1
102135741,1,0,1
102171691,1,18,19
102267578,1,1,2
102286721,1,0,1
102417382,1,0,1
102518622,1,0,1
102526614,1,0,1
102631705,1,0,1
102697962,1,0,1
102700850,1,0,1
102737521,1,0,1
102749469,1,0,1
102809785,1,1,2
102905612,1,2,3
102908297,1,0,1
102991291,1,0,1
103050908,1,2,3
103054218,1,0,1
103071400,1,2,3
103172039,1,4,5
103207787,1,0,1
103211070,1,3,4
103320288,1,0,1
103383132,1,0,1
103406869,1,0,1
103556588,1,1,2
103665949,1,0,1
103688732,1,1,2
103697347,1,0,1
103809396,1,0,1
103910472,1,0,1
103915955,1,0,1
103920297,1,6,7
103971714,1,0,1
103974690,1,0,1
104037382,1,10,11
104163004,1,0,1
104248138,1,4,5
104335833,1,0,1
104342504,1,17,18
104351806,1,0,1
104369678,1,0,1
104435392,1,4,5
104580782,1,3,4
104641157,1,0,1
104736190,1,0,1
104742248,1,0,1
104768201,1,0,1
104769865,1,0,1
104904540,1,0,1
104948573,1,0,1
104957642,1,18,19
105148135,1,2,3
105202145,1,2,3
105254338,1,0,1
105342112,1,1,2
105363606,1,0,1
105393023,1,2,3
105544125,1,0,1
105549188,1,0,1
105795669,1,1,2
105821694,1,114,115
105893781,1,0,1
105899273,1,0,1
105995576,1,0,1
105998664,1,0,1
106224818,1,0,1
106225300,1,0,1
106228835,1,0,1
106239684,1,1,2
106246857,1,277,278
106255504,1,0,1
106323127,1,0,1
106391688,1,0,1
106520746,1,0,1
106580732,1,20,21
106588190,1,2,3
106591943,1,0,1
106740497,1,0,1
106795625,1,0,1
106850590,1,0,1
106942163,1,10,11
106956692,1,3,4
107131502,1,0,1
107189397,1,1,2
107203059,1,0,1
107217872,1,1,2
107475104,1,0,1
107623527,1,0,1
107804844,1,0,1
107827162,1,0,1
107828155,1,0,1
107948347,1,0,1
107952808,1,0,1
108059280,1,0,1
108067032,1,15,16
108070653,1,2,3
108371702,1,2,3
108401622,1,3,4
108462428,1,0,1
108641464,1,0,1
108688186,1,0,1
108722628,1,0,1
108726852,1,26,27
108738601,1,0,1
108820968,1,3,4
108975069,1,0,1
109007218,1,1,2
109019294,1,0,1
109052943,1,0,1
109134336,1,0,1
109154340,1,0,1
109191656,1,1,2
109257354,1,0,1
109344661,1,0,1
109397153,1,5,6
109535426,1,3,4
109536111,1,0,1
109656095,1,4,5
109681326,1,0,1
109731224,1,2,3
109733806,1,0,1
109829171,1,2,3
109987139,1,0,1
110008908,1,0,1
110091649,1,0,1
110161764,1,0,1
110262004,1,0,1
110283763,1,1,2
110353297,1,2,3
110425052,1,0,1
110479029,1,6,7
110524893,1,0,1
110560001,1,0,1
110627704,1,1,2
110649698,1,1,2
110701773,1,0,1
110739961,1,0,1
110744544,1,97,98
110767360,1,0,1
110861428,1,0,1
110869293,1,0,1
110883315,1,0,1
110918669,1,0,1
110929265,1,0,1
111049455,1,0,1
111085615,1,0,1
111169635,1,0,1
111181240,1,2,3
111185971,1,0,1
111278519,1,0,1
111408445,1,0,1
111422849,1,0,1
111444948,1,1,2
111462911,1,0,1
111464269,1,1,2
111492979,1,0,1
111561268,1,14,15
111607490,1,0,1
111664302,1,1,2
111671217,1,0,1
111677152,1,2,3
111747914,1,0,1
111858434,1,0,1
111873647,1,0,1
111894446,1,0,1
111935889,1,4,5
111949712,1,0,1
111957826,1,0,1
112047805,1,4,5
112101797,1,0,1
112106216,1,0,1
112143051,1,0,1
112154368,1,0,1
112237548,1,0,1
112271342,1,0,1
112308134,1,2,3
112328119,1,6,7
112337228,1,0,1
112535777,1,0,1
112598847,1,0,1
112722257,1,7,8
112736661,1,0,1
112896120,1,0,1
112952846,1,0,1
113039512,1,0,1
113045219,1,0,1
113125790,1,0,1
113161575,1,0,1
113264808,1,0,1
113289545,1,0,1
113316081,1,0,1
113316158,1,5,6
113367795,1,0,1
113413467,1,0,1
113442620,1,0,1
113600037,1,0,1
113691567,1,0,1
113723734,1,0,1
113775363,1,0,1
113894836,1,0,1
114019214,1,0,1
114055876,1,0,1
114064663,1,0,1
114216960,1,0,1
114261877,1,1,2
114275521,1,0,1
114305189,1,0,1
114333618,1,26,27
114513278,1,0,1
114530740,1,0,1
114614685,1,0,1
114712681,1,1,2
114848865,1,0,1
114954667,1,138,139
115085422,1,0,1
115164268,1,0,1
115190271,1,0,1
115249814,1,0,1
115304914,1,0,1
115442677,1,1,2
115510618,1,1,2
115523807,1,0,1
115585454,1,0,1
115603919,1,19,20
115686742,1,0,1
115705981,1,0,1
115774717,1,0,1
115997625,1,0,1
116023512,1,1,2
116056218,1,0,1
116111140,1,0,1
116197291,1,3,4
116265605,1,1,2
116276390,1,0,1
116314524,1,2,3
116317899,1,19,20
116376470,1,0,1
116448443,1,0,1
116488329,1,0,1
116489863,1,0,1
116513640,1,0,1
116523616,1,0,1
116609849,1,0,1
116616450,1,0,1
116835438,1,1,2
116835497,1,10,11
116836132,1,0,1
116880409,1,0,1
116901789,1,0,1
116943108,1,0,1
116957262,1,14,15
116981777,1,0,1
116994249,1,0,1
117061780,1,0,1
117155939,1,5,6
117173664,1,3,4
117182705,1,0,1
117230405,1,0,1
117248283,1,1,2
117249181,1,0,1
117260851,1,0,1
117396227,1,1,2
117433532,1,8,9
117478295,1,5,6
117489899,1,1,2
117529976,1,5,6
117538312,1,0,1
117583404,1,0,1
117626533,1,1,2
117672538,1,0,1
117736729,1,0,1
117798012,1,0,1
117883274,1,2,3
117899448,1,1,2
117930784,1,0,1
117945664,1,2,3
117983479,1,40,41
117992242,1,0,1
118070080,1,0,1
118088038,1,0,1
118100909,1,1,2
118171564,1,0,1
118183574,1,22,23
118187578,1,0,1
118194249,1,0,1
118225437,1,0,1
118278429,1,0,1
118296304,1,6,7
118353943,1,0,1
118388768,1,0,1
118405885,1,1,2
118425164,1,0,1
118480093,1,0,1
118526277,1,0,1
118604746,1,1,2
118680476,1,17,18
118715535,1,0,1
118751813,1,0,1
118806312,1,0,1
118814915,1,29,30
118834477,1,0,1
118866069,1,0,1
118886100,1,2,3
118935793,1,3,4
118937916,1,2,3
119001448,1,4,5
119011652,1,0,1
119129389,1,1,2
119193878,1,0,1
119199083,1,3,4
119272630,1,0,1
119385234,1,0,1
119435136,1,1,2
119478728,1,0,1
119495434,1,0,1
119504665,1,0,1
119528515,1,1,2
119565439,1,0,1
119577801,1,6,7
119590590,1,1,2
119616407,1,6,7
119618571,1,10,11
119803351,1,0,1
119841079,1,2,3
119862382,1,0,1
119951930,1,0,1
120010863,1,4,5
120033641,1,0,1
120130381,1,1,2
120143145,1,0,1
120216237,1,0,1
120232682,1,1,2
120255089,1,0,1
120322647,1,0,1
120349036,1,1,2
120350474,1,0,1
120446057,1,0,1
120547457,1,6,7
120660365,1,13,14
120746938,1,0,1
120788445,1,0,1
120838314,1,4,5
120844922,1,0,1
120884070,1,0,1
120886394,1,0,1
120888892,1,0,1
120920056,1,0,1
120939036,1,2,3
121183687,1,1,2
121209850,1,0,1
121225219,1,2,3
121526995,1,0,1
121621810,1,0,1
121795959,1,0,1
121816305,1,0,1
121853848,1,1,2
121959883,1,0,1
121984354,1,0,1
122160643,1,4,5
122213332,1,0,1
122216052,1,4,5
122222191,1,0,1
122255833,1,11,12
122296389,1,0,1
122425966,1,13,14
122499059,1,0,1
122509396,1,0,1
122567822,1,49,50
122692605,1,2,3
122697145,1,0,1
122785328,1,0,1
122808569,1,0,1
122887563,1,0,1
123013053,1,0,1
123030966,1,0,1
123047642,1,2,3
123125338,1,0,1
123271149,1,0,1
123298275,1,16,17
123361352,1,0,1
123404346,1,0,1
123449865,1,0,1
123460626,1,0,1
123635625,1,6,7
123637373,1,0,1
123713643,1,0,1
123784691,1,1,2
123798040,1,2,3
123871255,1,0,1
123881599,1,0,1
123960176,1,0,1
123971640,1,1,2
124128351,1,0,1
124155753,1,0,1
124279716,1,3,4
124616666,1,0,1
124631538,1,0,1
124660886,1,1,2
124666453,1,14,15
124684616,1,0,1
124726283,1,0,1
124782655,1,0,1
124852615,1,24,25
124873492,1,1,2
124896323,1,1,2
124953507,1,0,1
125057062,1,0,1
125078426,1,0,1
125138459,1,0,1
125142769,1,0,1
125233917,1,0,1
125235440,1,0,1
125300761,1,0,1
125402592,1,0,1
125442657,1,5,6
125449779,1,0,1
125479153,1,0,1
125550876,1,0,1
125584347,1,0,1
125702173,1,1,2
125740528,1,0,1
125743800,1,0,1
125782457,1,0,1
126100168,1,0,1
126107399,1,0,1
126149561,1,0,1
126150567,1,3,4
126158614,1,6,7
126221730,1,5,6
126362868,1,0,1
126374651,1,1,2
126424248,1,0,1
126546728,1,0,1
126632528,1,0,1
126645742,1,1,2
126695687,1,0,1
126701303,1,0,1
126717731,1,0,1
126750875,1,0,1
126825921,1,0,1
126880310,1,0,1
127048645,1,3,4
127125266,1,1,2
127135774,1,11,12
127292982,1,0,1
127407232,1,0,1
127777766,1,0,1
127882772,1,2,3
127974589,1,5,6
128367675,1,0,1
128461899,1,0,1
128549428,1,0,1
128566329,1,0,1
128578541,1,0,1
128627725,1,0,1
128721081,1,0,1
128754060,1,0,1
128796218,1,0,1
128843692,1,0,1
128849093,1,0,1
128895705,1,2,3
128978964,1,0,1
129057534,1,1,2
129160971,1,0,1
129173194,1,0,1
129193908,1,0,1
129218817,1,0,1
129221241,1,8,9
129261769,1,0,1
129337657,1,0,1
129473946,1,1,2
129795615,1,0,1
129805651,1,5,6
129833909,1,0,1
129839282,1,0,1
129849699,1,0,1
130050012,1,0,1
130162893,1,0,1
130292442,1,0,1
130322544,1,0,1
130405648,1,0,1
130435497,1,7,8
130840776,1,3,4
130864747,1,0,1
130932445,1,0,1
130943007,1,0,1
130948526,1,0,1
131024613,1,19,20
131058670,1,6,7
131076253,1,4,5
131149139,1,0,1
131162084,1,0,1
131189735,1,0,1
131274066,1,0,1
131289500,1,41,42
131315858,1,0,1
131535809,1,1,2
131564630,1,0,1
131603443,1,3,4
131665095,1,0,1
131725363,1,1,2
131808826,1,144,145
131922167,1,0,1
131970877,1,0,1
132025576,1,0,1
132232127,1,0,1
132287508,1,1,2
132338987,1,8,9
132358760,1,0,1
132387050,1,7,8
132397529,1,0,1
132543317,1,0,1
132619312,1,3,4
132639505,1,0,1
132655615,1,0,1
132679362,1,0,1
132691676,1,0,1
132807900,1,0,1
132824209,1,0,1
132918716,1,0,1
132940038,1,0,1
132974295,1,2,3
133026112,1,0,1
133064079,1,0,1
133089453,1,0,1
133130740,1,2,3
133132341,1,16,17
133175056,1,1,2
133350966,1,0,1
133355434,1,0,1
133393762,1,0,1
133473525,1,0,1
133509428,1,0,1
133509710,1,2,3
133530331,1,0,1
133545127,1,0,1
133551473,1,0,1
133587169,1,102,103
133603883,1,1,2
133609928,1,4,5
133767110,1,0,1
133769800,1,0,1
133807727,1,1,2
133844973,1,0,1
133912719,1,0,1
134103729,1,0,1
134245108,1,0,1
134264221,1,0,1
134305621,1,0,1
134518223,1,0,1
134587063,1,0,1
134594576,1,0,1
134602560,1,0,1
134633616,1,0,1
134642498,1,2,3
134658918,1,0,1
134681241,1,0,1
134819422,1,0,1
134825971,1,0,1
134861819,1,0,1
134899505,1,0,1
134981514,1,2,3
135017508,1,0,1
135070864,1,0,1
135215413,1,0,1
135498437,1,2,3
135549841,1,0,1
135557861,1,0,1
135721233,1,2,3
135726453,1,0,1
135954615,1,0,1
135960554,1,0,1
136014982,1,3,4
136066823,1,0,1
136260955,1,0,1
136277094,1,0,1
136353747,1,0,1
136391056,1,0,1
136398069,1,2,3
136485543,1,0,1
136526229,1,0,1
136604134,1,1,2
136619873,1,1,2
136746764,1,3,4
136819526,1,0,1
136829070,1,2,3
136855837,1,0,1
137116167,1,0,1
137474474,1,0,1
137521303,1,0,1
137543147,1,0,1
137616796,1,1,2
137803672,1,0,1
137819167,1,0,1
137823869,1,7,8
137838954,1,0,1
137869548,1,0,1
137928346,1,0,1
137931823,1,0,1
138017947,1,0,1
138066805,1,0,1
138135441,1,0,1
138145548,1,0,1
138153345,1,30,31
138331342,1,0,1
138332821,1,0,1
138459947,1,0,1
138494590,1,1,2
138594716,1,6,7
138655457,1,0,1
138759540,1,0,1
138801953,1,0,1
138831539,1,2,3
138978758,1,0,1
138984489,1,0,1
139315992,1,0,1
139426177,1,0,1
139541238,1,0,1
139541550,1,0,1
139573206,1,0,1
139577559,1,1,2
139578419,1,0,1
139592317,1,0,1
139652955,1,0,1
139675829,1,0,1
139802405,1,0,1
139812545,1,0,1
139840395,1,0,1
139932552,1,0,1
140059407,1,0,1
140088382,1,0,1
140104311,1,10,11
140120211,1,0,1
140281942,1,3,4
140285620,1,1,2
140358387,1,0,1
140484037,1,0,1
140588684,1,10,11
140600605,1,0,1
140665322,1,1,2
140806388,1,0,1
140900943,1,0,1
141012832,1,0,1
141070609,1,0,1
141121598,1,0,1
141300131,1,0,1
141362233,1,0,1
141469746,1,0,1
141472442,1,0,1
141475304,1,7,8
141507141,1,0,1
141555730,1,0,1
141591606,1,0,1
141644346,1,0,1
141747872,1,0,1
141800402,1,2,3
141831246,1,2,3
141839820,1,0,1
142043915,1,1,2
142076224,1,0,1
142084205,1,0,1
142152486,1,0,1
142338483,1,0,1
142419430,1,0,1
142431656,1,0,1
142437065,1,0,1
142490217,1,4,5
142491056,1,0,1
142508134,1,0,1
142569979,1,0,1
142574005,1,0,1
142789309,1,0,1
142835385,1,0,1
142862073,1,1,2
143186191,1,0,1
143191025,1,0,1
143212424,1,0,1
143267674,1,1,2
143343522,1,0,1
143386913,1,0,1
143511022,1,0,1
143575632,1,0,1
143610870,1,0,1
143611436,1,1,2
143681070,1,0,1
143817755,1,3,4
143819270,1,1,2
143855236,1,0,1
143861192,1,0,1
143899948,1,0,1
143904970,1,0,1
144194063,1,0,1
144252831,1,0,1
144498933,1,0,1
144565817,1,3,4
144683539,1,2,3
144773286,1,0,1
144977888,1,0,1
144997077,1,1,2
145047597,1,0,1
145142176,1,0,1
145175463,1,0,1
145253653,1,2,3
145271964,1,11,12
145504644,1,2,3
145531930,1,0,1
145568110,1,0,1
145634744,1,1,2
145922696,1,0,1
145979984,1,0,1
146134724,1,10,11
146166029,1,15,16
146314167,1,6,7
146459837,1,0,1
146546615,1,10,11
146585071,1,4,5
146591129,1,0,1
146610864,1,1,2
146612698,1,0,1
146667810,1,0,1
146677390,1,0,1
146798765,1,0,1
146820239,1,0,1
146930627,1,16,17
147064468,1,0,1
147068404,1,0,1
147125096,1,0,1
147204221,1,0,1
147292336,1,0,1
147370171,1,0,1
147399749,1,9,10
147406404,1,4,5
147438072,1,0,1
147587361,1,3,4
147615169,1,1,2
147708405,1,0,1
147801603,1,1,2
147836003,1,0,1
147933136,1,0,1
147992403,1,0,1
148001962,1,0,1
148073281,1,0,1
148173793,1,1,2
148224785,1,0,1
148296324,1,0,1
148320153,1,0,1
148362624,1,1,2
148394035,1,0,1
148404022,1,2,3
148407656,1,1,2
148410106,1,0,1
148461480,1,3,4
148477171,1,0,1
148480933,1,4,5
148609737,1,0,1
148662837,1,0,1
148841270,1,0,1
148951641,1,0,1
149055030,1,0,1
149110770,1,1,2
149139906,1,0,1
149163834,1,1,2
149225875,1,2,3
149390888,1,0,1
149473535,1,0,1
149482508,1,0,1
149602171,1,0,1
149705838,1,0,1
149858466,1,3,4
149893525,1,1,2
150057144,1,0,1
150092469,1,4,5
150131856,1,14,15
150148564,1,0,1
150404352,1,6,7
150498989,1,0,1
150668348,1,0,1
150879474,1,0,1
151061471,1,0,1
151085278,1,1,2
151089390,1,0,1
151201122,1,0,1
151201999,1,0,1
151237970,1,7,8
151291453,1,0,1
151331955,1,0,1
151385023,1,0,1
151395064,1,1,2
151412386,1,0,1
151452741,1,0,1
151540581,1,0,1
151670618,1,0,1
151737979,1,0,1
151999173,1,0,1
152006067,1,0,1
152035306,1,0,1
152093597,1,0,1
152130363,1,0,1
152310483,1,0,1
152616146,1,1,2
152736244,1,6,7
152805197,1,2,3
152987313,1,0,1
153016803,1,2,3
153119253,1,4,5
153162301,1,3,4
153175066,1,0,1
153183339,1,3,4
153183471,1,0,1
153417699,1,0,1
153536060,1,1,2
153553346,1,6,7
153569667,1,0,1
153840929,1,0,1
153892454,1,4,5
153909707,1,13,14
153952806,1,1,2
153970726,1,5,6
153972100,1,9,10
153974526,1,4,5
154162436,1,0,1
154175791,1,0,1
154288596,1,0,1
154507880,1,0,1
154569662,1,2,3
154679152,1,10,11
154838061,1,0,1
154846741,1,0,1
155008874,1,0,1
155102463,1,3,4
155318387,1,1,2
155342137,1,0,1
155375322,1,0,1
155424380,1,0,1
155647072,1,2,3
155668728,1,0,1
155717054,1,0,1
156078235,1,0,1
156140361,1,0,1
156234010,1,0,1
156339863,1,0,1
156364475,1,0,1
156370763,1,8,9
156411676,1,0,1
156743030,1,0,1
156752849,1,5,6
156761500,1,0,1
156766418,1,1,2
156806933,1,0,1
156840296,1,0,1
156896768,1,0,1
156903324,1,0,1
156998739,1,0,1
157047806,1,0,1
157066064,1,11,12
157066213,1,0,1
157192744,1,0,1
157334760,1,0,1
157375861,1,7,8
157379784,1,0,1
157463832,1,10,11
157626299,1,1,2
157636386,1,0,1
157662677,1,1,2
157872049,1,1,2
158146936,1,0,1
158202801,1,3,4
158383944,1,0,1
158421759,1,0,1
158464744,1,0,1
158498603,1,0,1
158583915,1,0,1
158696504,1,0,1
158750629,1,0,1
158784656,1,1,2
158843883,1,0,1
158893369,1,3,4
158899671,1,0,1
158964977,1,0,1
158968850,1,1,2
158986535,1,0,1
159023130,1,0,1
159065451,1,16,17
159124943,1,0,1
159133248,1,0,1
159179291,1,0,1
159212496,1,0,1
159270290,1,0,1
159451293,1,2,3
159507594,1,0,1
159580701,1,0,1
159607541,1,0,1
159673355,1,0,1
159684111,1,0,1
159711713,1,0,1
160010824,1,1,2
160086857,1,0,1
160127231,1,1,2
160234973,1,0,1
160237816,1,0,1
160255385,1,0,1
160329925,1,0,1
160386314,1,0,1
160414550,1,1,2
160419860,1,0,1
160450413,1,0,1
160469618,1,0,1
160499164,1,0,1
160612503,1,0,1
160738401,1,0,1
160755650,1,0,1
160773185,1,0,1
160892550,1,0,1
160947863,1,21,22
161045789,1,0,1
161190375,1,0,1
161239582,1,0,1
161386823,1,0,1
161387406,1,0,1
161402665,1,0,1
161450622,1,1,2
161491151,1,18,19
161536183,1,0,1
161647103,1,1,2
161743963,1,0,1
161947755,1,1,2
162076168,1,0,1
162257022,1,0,1
162283268,1,0,1
162437895,1,0,1
162442185,1,0,1
162559451,1,0,1
162603790,1,0,1
162969504,1,9,10
163162922,1,0,1
163301786,1,0,1
163395561,1,0,1
163575434,1,2,3
163590902,1,6,7
163608126,1,0,1
163707826,1,0,1
163753588,1,0,1
163775583,1,0,1
163802557,1,0,1
164016768,1,0,1
164251635,1,0,1
164321801,1,0,1
164364901,1,0,1
164368949,1,1,2
164471280,1,2,3
164498067,1,0,1
164532568,1,0,1
164549886,1,0,1
164552337,1,0,1
164678630,1,2,3
164709956,1,0,1
164830292,1,0,1
164914180,1,2,3
164917115,1,0,1
164936563,1,1,2
164969574,1,1,2
165020784,1,4,5
165029624,1,0,1
165051689,1,0,1
165159820,1,2,3
165185776,1,15,16
165288986,1,0,1
165437962,1,0,1
165565949,1,0,1
165585083,1,0,1
165666911,1,1,2
165702350,1,0,1
165724865,1,0,1
165768549,1,7,8
165819524,1,0,1
165876910,1,0,1
165895146,1,0,1
165918439,1,0,1
166028904,1,1,2
166032231,1,0,1
166059565,1,0,1
166137946,1,0,1
166140507,1,0,1
166189771,1,11,12
166293995,1,0,1
166511427,1,0,1
166551125,1,0,1
166598459,1,0,1
166641521,1,0,1
166722392,1,0,1
166734905,1,0,1
166783145,1,0,1
166810110,1,2,3
166866262,1,0,1
166916613,1,0,1
166929034,1,0,1
166949118,1,2,3
167039186,1,0,1
167069628,1,1,2
167270623,1,12,13
167273001,1,0,1
167333751,1,2,3
167399649,1,1,2
167416263,1,18,19
167488100,1,0,1
167495161,1,2,3
167507427,1,0,1
167645934,1,0,1
167681084,1,0,1
167701330,1,0,1
167787520,1,0,1
167929540,1,3,4
168065810,1,0,1
168290603,1,0,1
168295477,1,0,1
168327631,1,0,1
168361267,1,0,1
168386863,1,0,1
168400912,1,0,1
168508680,1,1,2
168660600,1,0,1
168691937,1,5,6
168714510,1,0,1
168716300,1,0,1
168731371,1,0,1
168736977,1,0,1
168745148,1,0,1
168879691,1,0,1
168898735,1,0,1
168903891,1,0,1
168943590,1,0,1
169106334,1,0,1
169128885,1,0,1
169184245,1,0,1
169212615,1,0,1
169380760,1,0,1
169549065,1,0,1
169592236,1,0,1
169647275,1,0,1
169748456,1,0,1
169775701,1,10,11
169820175,1,0,1
169846687,1,7,8
169964909,1,0,1
169966847,1,0,1
169969300,1,1,2
170109353,1,0,1
170145239,1,0,1
170240096,1,0,1
170284796,1,16,17
170395745,1,0,1
170474789,1,0,1
170475440,1,0,1
170479523,1,0,1
170489297,1,0,1
170515650,1,0,1
170529042,1,0,1
170564973,1,0,1
170821579,1,36,37
170840653,1,0,1
170885608,1,1,2
171114864,1,0,1
171227200,1,2,3
171279883,1,0,1
171537494,1,5,6
171677031,1,0,1
171749917,1,0,1
171908920,1,1,2
171931407,1,1,2
171983136,1,5,6
172015054,1,0,1
172138697,1,6,7
172373894,1,8,9
172411191,1,0,1
172434834,1,0,1
172533762,1,4,5
172565308,1,9,10
172596787,1,0,1
172726694,1,0,1
172747125,1,0,1
173015641,1,0,1
173282434,1,2,3
173289084,1,0,1
173406247,1,0,1
173516959,1,0,1
173626345,1,0,1
173774813,1,8,9
173867007,1,0,1
173895991,1,0,1
174102086,1,4,5
174128977,1,0,1
174153015,1,1,2
174447029,1,0,1
174463828,1,0,1
174489344,1,0,1
174507325,1,0,1
174531349,1,2,3
174580015,1,0,1
174737823,1,1,2
174741230,1,0,1
174743948,1,0,1
174754091,1,8,9
174866202,1,0,1
174873393,1,10,11
174880946,1,0,1
174986262,1,0,1
175069988,1,0,1
175080322,1,0,1
175130206,1,0,1
175170481,1,0,1
175609595,1,0,1
175642356,1,0,1
176036131,1,0,1
176044176,1,0,1
176150510,1,0,1
176191027,1,0,1
176224382,1,0,1
176302369,1,0,1
176417473,1,12,13
176505638,1,0,1
176513066,1,2,3
176668631,1,0,1
176849941,1,0,1
176903025,1,0,1
176999514,1,0,1
177016431,1,0,1
177278137,1,0,1
177280352,1,0,1
177292093,1,0,1
177426319,1,0,1
177513640,1,0,1
177539744,1,1,2
177540571,1,8,9
177615457,1,3,4
177667102,1,6,7
177667747,1,0,1
177706961,1,0,1
177775798,1,0,1
177787786,1,0,1
177861124,1,1,2
177873581,1,4,5
177885944,1,0,1
177979609,1,0,1
177994120,1,0,1
178023214,1,0,1
178063062,1,0,1
178074496,1,6,7
178078114,1,0,1
178081614,1,0,1
178110583,1,0,1
178156668,1,0,1
178198952,1,0,1
178214241,1,0,1
178275321,1,4,5
178544519,1,0,1
178556719,1,0,1
178580445,1,0,1
178596923,1,1,2
178735002,1,1,2
179218353,1,4,5
179502768,1,4,5
179521723,1,0,1
179583128,1,1,2
179688161,1,1,2
179719188,1,0,1
179769938,1,0,1
179776468,1,0,1
179781714,1,0,1
179797147,1,0,1
180084439,1,1,2
180134634,1,12,13
180175386,1,1,2
180302490,1,0,1
180337525,1,2,3
180369692,1,1,2
180399911,1,1,2
180423001,1,1,2
180443064,1,0,1
180999227,1,0,1
181041683,1,31,32
181132382,1,0,1
181310964,1,0,1
181395652,1,2,3
181581097,1,0,1
181697257,1,0,1
181721832,1,1,2
181802245,1,0,1
181859696,1,25,26
181901208,1,0,1
181940846,1,0,1
181985406,1,0,1
182006304,1,0,1
182057170,1,12,13
182064555,1,0,1
182091616,1,0,1
182182978,1,8,9
182185275,1,0,1
182189367,1,0,1
182302250,1,0,1
182366156,1,0,1
182410367,1,0,1
182537700,1,1,2
182677131,1,0,1
182704586,1,1,2
182811167,1,0,1
182883013,1,0,1
182997383,1,2,3
183007779,1,0,1
183027334,1,0,1
183083951,1,0,1
183338295,1,1,2
183451318,1,0,1
183493148,1,1,2
183495134,1,0,1
183522332,1,0,1
183626159,1,5,6
183748458,1,0,1
183751195,1,0,1
183776872,1,0,1
183778200,1,0,1
183801393,1,0,1
184009137,1,0,1
184044440,1,0,1
184047829,1,0,1
184200276,1,1,2
184208116,1,1,2
184217892,1,6,7
184235028,1,0,1
184507702,1,0,1
184674078,1,2,3
184675507,1,1,2
184889011,1,1,2
184921805,1,0,1
184933639,1,0,1
184993525,1,1,2
185040519,1,0,1
185136519,1,0,1
185315252,1,1,2
185379795,1,0,1
185424453,1,0,1
185517599,1,0,1
185543251,1,0,1
185597128,1,0,1
185691885,1,0,1
185797813,1,0,1
185824578,1,7,8
185846304,1,0,1
185953301,1,0,1
186145606,1,0,1
186182045,1,0,1
186192922,1,0,1
186272781,1,0,1
186275403,1,0,1
186293608,1,0,1
186402426,1,0,1
186421918,1,6,7
186457433,1,3,4
186498144,1,0,1
186521639,1,3,4
186541863,1,2,3
186591605,1,0,1
186676980,1,2,3
186677561,1,1,2
187005803,1,0,1
187174501,1,0,1
187212488,1,0,1
187288184,1,8,9
187305245,1,6,7
187316309,1,30,31
187323053,1,0,1
187396018,1,4,5
187573578,1,0,1
187670760,1,0,1
187686745,1,0,1
187742984,1,0,1
187772701,1,0,1
188105034,1,0,1
188304920,1,0,1
188531293,1,0,1
188542389,1,0,1
188567692,1,0,1
188579708,1,0,1
188846727,1,0,1
189012308,1,0,1
189194425,1,18,19
189240906,1,0,1
189249671,1,0,1
189429931,1,8,9
189460217,1,1,2
189570457,1,74,75
189666878,1,0,1
189698307,1,0,1
189737936,1,9,10
189744243,1,0,1
189771382,1,0,1
190137315,1,0,1
190300274,1,0,1
190363156,1,9,10
190371162,1,6,7
190503976,1,4,5
190522793,1,2,3
190680831,1,0,1
190708351,1,17,18
190709146,1,0,1
190729105,1,0,1
190776963,1,0,1
190874097,1,6,7
190889540,1,0,1
191044973,1,2,3
191192573,1,0,1
191285137,1,1,2
191307190,1,0,1
191310830,1,0,1
191583479,1,0,1
191637473,1,1,2
191825698,1,0,1
191902197,1,0,1
191925680,1,1,2
191929910,1,0,1
192033515,1,0,1
192054425,1,0,1
192226090,1,0,1
192307090,1,4,5
192326912,1,0,1
192326916,1,2,3
192407120,1,0,1
192586669,1,0,1
192625772,1,2,3
192725928,1,0,1
192736375,1,0,1
192785081,1,5,6
192795744,1,0,1
192962967,1,5,6
192971151,1,0,1
193067648,1,0,1
193154004,1,0,1
193164536,1,0,1
193347753,1,0,1
193352925,1,0,1
193368469,1,0,1
193656926,1,0,1
193719000,1,5,6
193798827,1,0,1
193835072,1,2,3
193852467,1,0,1
194037315,1,2,3
194080193,1,0,1
194094047,1,0,1
194214753,1,1,2
194222492,1,1,2
194307254,1,0,1
194693024,1,0,1
194713458,1,1,2
194729547,1,1,2
194808605,1,0,1
194981709,1,2,3
195024959,1,2,3
195057780,1,0,1
195071552,1,1,2
195082648,1,0,1
195143023,1,0,1
195191706,1,0,1
195222930,1,0,1
195299014,1,3,4
195343756,1,0,1
195365329,1,0,1
195447075,1,0,1
195549029,1,0,1
195832457,1,0,1
195846700,1,0,1
195859173,1,0,1
195866014,1,0,1
195945432,1,1,2
195948852,1,0,1
195970177,1,0,1
196043534,1,0,1
196059131,1,9,10
196064677,1,0,1
196173815,1,0,1
196242450,1,0,1
196302861,1,0,1
196335985,1,0,1
196434610,1,0,1
196523713,1,0,1
196631240,1,2,3
196880532,1,1,2
197176188,1,2,3
197357769,1,0,1
197471767,1,0,1
197561283,1,0,1
197640600,1,0,1
197650075,1,0,1
197674821,1,0,1
197707580,1,0,1
197774655,1,0,1
198020726,1,0,1
198024145,1,0,1
198167870,1,0,1
198290808,1,0,1
198294763,1,0,1
198393635,1,1,2
198448558,1,0,1
198465414,1,1,2
198649320,1,6,7
198677064,1,0,1
198716147,1,2,3
198716730,1,0,1
198785906,1,0,1
198968880,1,1,2
199158762,1,0,1
199223555,1,1,2
199343185,1,0,1
199500170,1,0,1
199646970,1,0,1
199742999,1,0,1
199760324,1,0,1
199772445,1,2,3
200005497,1,7,8
200339582,1,0,1
200437950,1,1,2
200452894,1,0,1
200481407,1,6,7
200534193,1,1,2
200570899,1,0,1
200743464,1,1,2
200831749,1,0,1
200883695,1,2,3
200922197,1,0,1
200926926,1,44,45
201029703,1,0,1
201101927,1,0,1
201362547,1,3,4
201381795,1,0,1
201476153,1,0,1
201531985,1,1,2
201534189,1,0,1
201647882,1,0,1
201650805,1,3,4
201804606,1,1,2
201814200,1,1,2
201935600,1,0,1
201984862,1,2,3
202475716,1,2,3
202508052,1,0,1
202564039,1,0,1
202612229,1,0,1
202721769,1,0,1
202766626,1,0,1
202833471,1,0,1
202861846,1,0,1
202910392,1,28,29
203240268,1,0,1
203301970,1,0,1
203342579,1,0,1
203642481,1,1,2
203727586,1,0,1
203738741,1,0,1
203779830,1,1,2
203810008,1,2,3
203970118,1,0,1
204086093,1,0,1
204126681,1,0,1
204179527,1,0,1
204188167,1,0,1
204313381,1,0,1
204316322,1,0,1
204426172,1,0,1
204444000,1,0,1
204507937,1,0,1
204569810,1,0,1
204584844,1,1,2
205018754,1,0,1
205257007,1,4,5
205394133,1,0,1
205396992,1,0,1
205795789,1,0,1
205851870,1,0,1
206007039,1,9,10
206014745,1,0,1
206411478,1,0,1
206439333,1,0,1
206527461,1,0,1
206749148,1,1,2
206829095,1,0,1
206863303,1,0,1
206909203,1,0,1
207305891,1,40,41
207579675,1,1,2
207658841,1,0,1
207794083,1,7,8
208088019,1,1,2
208123495,1,0,1
208204941,1,22,23
208262176,1,0,1
208354728,1,4,5
208448520,1,1,2
208572289,1,1,2
208704812,1,2,3
208828684,1,1,2
208996041,1,2,3
209190326,1,1,2
209693045,1,0,1
209698892,1,0,1
209701746,1,0,1
209767257,1,2,3
210044281,1,0,1
210244337,1,0,1
210247333,1,0,1
210378646,1,7,8
210504723,1,0,1
210541966,1,0,1
210582564,1,1,2
210664957,1,0,1
210674859,1,0,1
210757707,1,0,1
210941177,1,0,1
210995975,1,0,1
211185400,1,0,1
211197275,1,0,1
211238519,1,0,1
211295496,1,0,1
211310245,1,0,1
211314817,1,0,1
211394162,1,0,1
211717504,1,0,1
211726289,1,4,5
211785295,1,3,4
211882018,1,6,7
211952096,1,0,1
211956152,1,0,1
211971228,1,2,3
211976691,1,0,1
211981618,1,0,1
212006432,1,0,1
212073483,1,3,4
212087151,1,0,1
212095325,1,0,1
212100163,1,6,7
212113777,1,0,1
212214113,1,0,1
212283856,1,0,1
212293770,1,0,1
212448502,1,0,1
212450936,1,1,2
212463932,1,1,2
212466669,1,8,9
212499255,1,0,1
212667684,1,5,6
212669026,1,0,1
212737792,1,0,1
212950064,1,0,1
213002883,1,3,4
213067601,1,0,1
213110367,1,0,1
213114512,1,0,1
213136084,1,0,1
213227473,1,0,1
213245511,1,0,1
213253856,1,1,2
213787139,1,0,1
213890729,1,0,1
213925384,1,2,3
214052034,1,0,1
214085245,1,0,1
214300183,1,0,1
214349554,1,2,3
214388663,1,0,1
214668356,1,1,2
214699325,1,0,1
214770574,1,0,1
214860840,1,1,2
215034808,1,0,1
215053640,1,0,1
215128930,1,0,1
215167379,1,7,8
215174108,1,1,2
215212556,1,0,1
215303440,1,0,1
215363148,1,0,1
215367707,1,1,2
215404049,1,0,1
215405289,1,12,13
215456667,1,1,2
215475487,1,3,4
215515095,1,0,1
215520403,1,0,1
215661562,1,0,1
215700800,1,0,1
216053887,1,0,1
216055632,1,0,1
216138010,1,5,6
216222385,1,0,1
216371472,1,0,1
216440383,1,21,22
216443883,1,0,1
216444107,1,0,1
216455116,1,0,1
216482868,1,1,2
216515058,1,0,1
216561239,1,1,2
216701425,1,0,1
216713920,1,1,2
216730940,1,0,1
216920146,1,0,1
216924464,1,0,1
216944689,1,0,1
216950387,1,0,1
217040843,1,0,1
217104004,1,0,1
217116027,1,0,1
217219408,1,1,2
217258690,1,0,1
217294690,1,2,3
217401485,1,0,1
217418435,1,2,3
217434435,1,0,1
217508770,1,0,1
217570542,1,0,1
217586813,1,0,1
217657448,1,1,2
217860164,1,0,1
217899318,1,0,1
217976219,1,38,39
217976387,1,0,1
218063694,1,3,4
218137954,1,0,1
218250063,1,0,1
218274605,1,0,1
218277549,1,0,1
218284934,1,0,1
218329423,1,0,1
218337228,1,0,1
218609579,1,0,1
218642907,1,0,1
218692001,1,1,2
218706279,1,0,1
218739344,1,0,1
218768847,1,0,1
218776096,1,0,1
218805018,1,0,1
219018822,1,0,1
219024597,1,0,1
219035018,1,1,2
219039478,1,0,1
219101050,1,0,1
219109699,1,0,1
219124080,1,0,1
219413447,1,0,1
219518419,1,5,6
219704386,1,0,1
219780265,1,0,1
219857570,1,9,10
219860109,1,9,10
219870800,1,0,1
220014433,1,0,1
220115609,1,8,9
220172089,1,10,11
220475110,1,2,3
220570141,1,1,2
220718151,1,0,1
220863206,1,25,26
220927038,1,0,1
221185593,1,0,1
221221061,1,15,16
221235692,1,2,3
221237637,1,0,1
221501817,1,0,1
221534128,1,12,13
221607718,1,1,2
221769589,1,0,1
221880663,1,0,1
222125504,1,0,1
222211043,1,0,1
222253514,1,7,8
222500236,1,0,1
222510305,1,1,2
222520203,1,0,1
222534065,1,1,2
222573189,1,1,2
222594288,1,0,1
222636929,1,2,3
222768412,1,1,2
222809856,1,0,1
222901797,1,12,13
222905481,1,2,3
222948144,1,1,2
223162337,1,0,1
223240986,1,0,1
223241945,1,0,1
223414388,1,13,14
223421850,1,0,1
223539048,1,0,1
223563394,1,0,1
223584890,1,30,31
223600513,1,0,1
223700330,1,0,1
223863542,1,0,1
223895029,1,1,2
223918786,1,1,2
223927431,1,0,1
224044418,1,0,1
224080016,1,0,1
224739714,1,6,7
224909420,1,0,1
224932552,1,0,1
225062917,1,0,1
225068517,1,0,1
225100513,1,0,1
225199065,1,1,2
225211037,1,6,7
225265639,1,9,10
225276237,1,1,2
225407035,1,5,6
225426588,1,0,1
225468159,1,0,1
225478057,1,2,3
225485709,1,0,1
225529556,1,0,1
225576664,1,1,2
225615244,1,0,1
225717183,1,4,5
225728952,1,0,1
225963552,1,1,2
225963950,1,0,1
225998236,1,9,10
226001750,1,0,1
226082720,1,2,3
226126961,1,0,1
226163030,1,0,1
226182568,1,0,1
226543662,1,0,1
226545575,1,7,8
226700683,1,3,4
226731024,1,0,1
226790434,1,0,1
226987363,1,0,1
226995875,1,0,1
227032525,1,0,1
227080068,1,0,1
227134580,1,0,1
227149400,1,0,1
227285606,1,0,1
227367372,1,0,1
227517044,1,23,24
227521364,1,0,1
227545189,1,0,1
227548634,1,39,40
227555454,1,2,3
227607845,1,0,1
227636059,1,0,1
227729848,1,0,1
227842014,1,0,1
227898986,1,0,1
227929431,1,15,16
228042722,1,10,11
228071611,1,0,1
228092471,1,2,3
228142556,1,0,1
228155409,1,0,1
228216042,1,0,1
228241659,1,0,1
228417299,1,6,7
228477177,1,0,1
228678846,1,0,1
228747346,1,1,2
228876112,1,1,2
228976697,1,0,1
229274657,1,0,1
229282922,1,0,1
229371906,1,0,1
229499409,1,1,2
229527376,1,1,2
229552944,1,0,1
229558485,1,2,3
229619563,1,0,1
229639952,1,0,1
229675816,1,0,1
229924764,1,0,1
230020758,1,5,6
230076055,1,0,1
230295792,1,0,1
230357316,1,0,1
230532672,1,0,1
230714973,1,2,3
230915285,1,0,1
230916956,1,0,1
230925187,1,0,1
230935406,1,8,9
230941070,1,0,1
230973438,1,0,1
230989107,1,0,1
231070829,1,0,1
231072702,1,0,1
231146309,1,0,1
231185031,1,0,1
231257304,1,2,3
231258210,1,0,1
231262172,1,0,1
231280290,1,3,4
231349901,1,1,2
231463685,1,0,1
231496361,1,0,1
231522038,1,0,1
231760566,1,0,1
231853167,1,0,1
231918973,1,0,1
232023805,1,13,14
232037005,1,0,1
232043440,1,1,2
232054498,1,3,4
232094857,1,0,1
232170798,1,0,1
232236797,1,0,1
232269432,1,10,11
232472411,1,5,6
232477577,1,0,1
232593522,1,0,1
232599594,1,2,3
232630784,1,0,1
232676772,1,0,1
232695523,1,0,1
232792077,1,2,3
232837431,1,0,1
232925414,1,0,1
232930432,1,0,1
233033031,1,41,42
233034081,1,0,1
233056911,1,0,1
233071488,1,32,33
233396623,1,0,1
233505125,1,0,1
233659384,1,0,1
233775670,1,3,4
233810133,1,0,1
233842041,1,0,1
234020918,1,0,1
234132202,1,0,1
234177911,1,1,2
234209822,1,0,1
234268439,1,0,1
234280222,1,4,5
234538478,1,0,1
234585765,1,0,1
234621397,1,0,1
234632829,1,2,3
234684092,1,1,2
234842545,1,4,5
234868205,1,0,1
234874671,1,0,1
235095524,1,1,2
235119556,1,0,1
235167475,1,5,6
235168247,1,0,1
235321018,1,0,1
235409101,1,7,8
235416800,1,0,1
235471179,1,0,1
235576739,1,0,1
235629516,1,0,1
235640408,1,0,1
235643932,1,14,15
235697284,1,31,32
235743285,1,0,1
235788472,1,1,2
236081780,1,0,1
236117866,1,0,1
236150246,1,0,1
236176357,1,0,1
236193550,1,9,10
236203029,1,0,1
236315785,1,0,1
236383742,1,0,1
236412458,1,2,3
236423473,1,5,6
236533274,1,0,1
236533542,1,0,1
236539447,1,0,1
236569136,1,0,1
236670101,1,2,3
236670373,1,32,33
236706105,1,7,8
236728688,1,18,19
236782905,1,0,1
236845774,1,0,1
236920576,1,0,1
236957297,1,1,2
237011601,1,0,1
237060182,1,0,1
237096257,1,0,1
237145865,1,0,1
237267810,1,0,1
237324246,1,0,1
237380619,1,0,1
237386856,1,1,2
237423241,1,1,2
237457665,1,2,3
237480935,1,0,1
237504727,1,0,1
237624558,1,5,6
237703339,1,0,1
237754931,1,0,1
237820048,1,0,1
237838941,1,7,8
237846562,1,1,2
237878247,1,2,3
237889819,1,0,1
237895537,1,27,28
237951034,1,3,4
238014381,1,0,1
238024382,1,0,1
238036062,1,0,1
238038393,1,0,1
238073008,1,4,5
238124096,1,0,1
238268991,1,0,1
238314976,1,0,1
238315131,1,0,1
238348214,1,5,6
238378016,1,0,1
238396414,1,0,1
238496100,1,0,1
238578668,1,0,1
238598466,1,0,1
238629540,1,0,1
238653569,1,1,2
238672212,1,0,1
238739017,1,0,1
238764543,1,0,1
238786165,1,0,1
238906960,1,0,1
239050404,1,0,1
239091629,1,0,1
239140810,1,6,7
239146579,1,0,1
239156591,1,0,1
239178048,1,0,1
239186996,1,0,1
239239211,1,1,2
239241015,1,0,1
239253682,1,0,1
239336273,1,2,3
239337314,1,0,1
239390706,1,0,1
239423053,1,0,1
239429605,1,0,1
239539339,1,0,1
239565894,1,0,1
239568097,1,0,1
239630063,1,1,2
239643103,1,0,1
239923831,1,0,1
239945390,1,0,1
239945612,1,0,1
239973154,1,0,1
240016585,1,0,1
240136983,1,0,1
240152618,1,0,1
240194114,1,0,1
240214926,1,0,1
240325016,1,0,1
240426992,1,0,1
240528105,1,31,32
240555023,1,0,1
240764712,1,0,1
240818448,1,2,3
240828648,1,0,1
240851608,1,0,1
240904415,1,2,3
240930508,1,0,1
240962097,1,0,1
241198110,1,0,1
241205526,1,0,1
241235211,1,0,1
241265761,1,0,1
241280143,1,3,4
241284091,1,14,15
241437365,1,0,1
241442394,1,1,2
241450072,1,0,1
241500822,1,1,2
241651011,1,0,1
241660914,1,0,1
241774966,1,0,1
241777785,1,0,1
241927437,1,0,1
242177436,1,0,1
242392613,1,0,1
242490675,1,0,1
242563876,1,0,1
242601076,1,0,1
242835742,1,0,1
242883699,1,0,1
242903028,1,1,2
242913108,1,0,1
242941165,1,0,1
242957292,1,19,20
242974038,1,0,1
242997256,1,0,1
243014309,1,0,1
243211601,1,1,2
243228715,1,0,1
243274648,1,3,4
243315649,1,1,2
243321587,1,0,1
243357541,1,0,1
243360369,1,0,1
243364534,1,1,2
243397721,1,0,1
243477155,1,0,1
243628114,1,0,1
243768929,1,0,1
243787041,1,3,4
243838561,1,0,1
243995583,1,0,1
244020184,1,0,1
244099926,1,0,1
244101015,1,0,1
244134525,1,0,1
244170872,1,3,4
244192891,1,6,7
244193517,1,0,1
244234667,1,0,1
244246812,1,0,1
244267346,1,7,8
244355853,1,0,1
244372772,1,4,5
244556705,1,0,1
244570612,1,0,1
244689835,1,0,1
244696253,1,0,1
244699773,1,0,1
244726507,1,0,1
244746226,1,0,1
244802006,1,0,1
244929211,1,0,1
244951927,1,0,1
244977545,1,2,3
245030299,1,0,1
245084571,1,0,1
245104959,1,0,1
245137472,1,0,1
245277633,1,0,1
245302898,1,0,1
245480590,1,1,2
245604349,1,0,1
245646825,1,0,1
245892162,1,0,1
245904935,1,0,1
245917255,1,3,4
245940956,1,0,1
245955273,1,0,1
245957031,1,0,1
245972561,1,2,3
246068248,1,13,14
246078098,1,0,1
246108117,1,3,4
246115479,1,0,1
246159235,1,0,1
246231102,1,0,1
246294938,1,0,1
246367402,1,0,1
246485153,1,0,1
246565746,1,7,8
246583214,1,1,2
246825552,1,0,1
246861122,1,0,1
246875107,1,3,4
246913363,1,0,1
247058251,1,0,1
247077770,1,0,1
247150896,1,0,1
247185130,1,0,1
247465755,1,0,1
247498145,1,1,2
247530626,1,2,3
247540559,1,0,1
247606488,1,9,10
247606981,1,0,1
247619566,1,2,3
247818489,1,0,1
247901276,1,0,1
247927245,1,0,1
247968838,1,2,3
247993506,1,0,1
248074055,1,0,1
248113897,1,0,1
248325263,1,0,1
248326821,1,0,1
248405654,1,1,2
248740056,1,52,53
248749696,1,0,1
248878127,1,0,1
248916840,1,0,1
248922943,1,0,1
249248140,1,0,1
249343513,1,0,1
249410324,1,0,1
249439009,1,0,1
249471796,1,0,1
249482670,1,0,1
249551759,1,0,1
249568835,1,0,1
249683508,1,0,1
249719823,1,0,1
249764715,1,0,1
249795455,1,0,1
249814924,1,2,3
249910876,1,0,1
249912519,1,0,1
250136795,1,0,1
250212211,1,1,2
250301337,1,1,2
250423752,1,1,2
250430636,1,0,1
250450985,1,1,2
250553204,1,0,1
250591980,1,0,1
250721439,1,0,1
250740723,1,0,1
250749599,1,0,1
250785739,1,0,1
250788932,1,0,1
250819035,1,10,11
250843549,1,1,2
250908667,1,7,8
250947879,1,4,5
251000014,1,3,4
251013879,1,1,2
251106916,1,1,2
251137282,1,1,2
251180516,1,0,1
251240048,1,0,1
251256836,1,0,1
251408570,1,10,11
251592441,1,0,1
251757284,1,8,9
251766011,1,15,16
251807086,1,0,1
251922176,1,0,1
251933260,1,1,2
252057939,1,1,2
252229317,1,0,1
252337900,1,0,1
252398267,1,7,8
252718102,1,0,1
252736075,1,0,1
252763273,1,0,1
253058223,1,0,1
253256703,1,0,1
253280304,1,0,1
253290635,1,0,1
253316481,1,16,17
253442984,1,3,4
253533965,1,0,1
253582663,1,0,1
253785951,1,0,1
253813697,1,2,3
253850552,1,0,1
253925457,1,0,1
254099297,1,0,1
254180840,1,0,1
254202681,1,0,1
254212321,1,1,2
254277877,1,0,1
254366356,1,0,1
254413369,1,0,1
254450921,1,0,1
254538281,1,0,1
254681572,1,1,2
254687792,1,0,1
254735576,1,0,1
254780487,1,0,1
254897802,1,0,1
254925901,1,0,1
255003698,1,0,1
255071229,1,0,1
255095370,1,0,1
255175001,1,0,1
255206819,1,0,1
255252647,1,0,1
255272188,1,2,3
255371567,1,0,1
255545487,1,0,1
255604222,1,0,1
255727997,1,0,1
255730230,1,0,1
255746206,1,4,5
255774921,1,0,1
255830406,1,0,1
255874837,1,1,2
255915736,1,0,1
256029314,1,0,1
256111023,1,0,1
256117745,1,0,1
256129869,1,0,1
256135801,1,0,1
256165095,1,0,1
256203293,1,1,2
256318037,1,6,7
256326880,1,0,1
256532676,1,4,5
256540769,1,15,16
256556486,1,6,7
256594315,1,0,1
256618011,1,0,1
256618806,1,0,1
256662058,1,0,1
256703147,1,0,1
256835750,1,0,1
257079286,1,0,1
257099176,1,0,1
257137709,1,0,1
257403533,1,1,2
257460481,1,0,1
257536666,1,9,10
257605261,1,0,1
257684145,1,1,2
257700705,1,0,1
257744913,1,2,3
257757520,1,0,1
257805061,1,0,1
257939651,1,1,2
258084734,1,0,1
258095068,1,0,1
258163163,1,0,1
258171853,1,0,1
258273903,1,0,1
258405038,1,0,1
258475085,1,0,1
258506236,1,0,1
258523496,1,0,1
258634854,1,0,1
258655260,1,0,1
258685662,1,8,9
258810790,1,5,6
258935692,1,0,1
259045163,1,3,4
259071734,1,3,4
259081610,1,1,2
259119533,1,0,1
259164204,1,0,1
259252751,1,20,21
259380837,1,1,2
259391268,1,0,1
259444765,1,1,2
259468026,1,0,1
259488414,1,0,1
259575386,1,0,1
259677592,1,0,1
259691167,1,0,1
259878689,1,0,1
259911275,1,0,1
259919575,1,0,1
259939623,1,0,1
260023751,1,0,1
260036406,1,6,7
260054645,1,0,1
260063114,1,0,1
260067425,1,0,1
260082138,1,0,1
260274220,1,0,1
260290494,1,1,2
260407392,1,0,1
260411556,1,0,1
260436479,1,1,2
260443202,1,0,1
260462391,1,25,26
260479582,1,0,1
260482771,1,0,1
260487316,1,2,3
260490258,1,0,1
260550335,1,0,1
260562348,1,0,1
260566751,1,0,1
260639245,1,0,1
260851548,1,1,2
260893699,1,1,2
260897819,1,0,1
260903907,1,0,1
260936034,1,0,1
261073401,1,1,2
261269381,1,0,1
261389010,1,4,5
261427735,1,0,1
261493700,1,0,1
261517101,1,0,1
261533748,1,0,1
261538504,1,0,1
261543026,1,0,1
261554992,1,0,1
261743206,1,0,1
261767917,1,0,1
261781065,1,1,2
261785617,1,0,1
261787446,1,0,1
261797790,1,1,2
261798805,1,1,2
261820388,1,0,1
261883982,1,0,1
261903280,1,0,1
261934753,1,0,1
261961890,1,0,1
261982289,1,0,1
261982397,1,0,1
261986487,1,0,1
261993645,1,0,1
261997174,1,0,1
262001571,1,0,1
262032543,1,2,3
262189318,1,0,1
262197638,1,0,1
262248071,1,0,1
262291126,1,0,1
262435023,1,0,1
262509952,1,4,5
262612121,1,1,2
262617306,1,0,1
262649311,1,0,1
262735312,1,0,1
262795092,1,1,2
262802877,1,0,1
262856460,1,5,6
262897040,1,0,1
263119969,1,0,1
263146270,1,0,1
263162623,1,0,1
263193990,1,1,2
263237386,1,0,1
263387804,1,1,2
263413148,1,0,1
263433398,1,1,2
263444550,1,0,1
263447273,1,0,1
263641248,1,0,1
263699858,1,5,6
263921358,1,0,1
263942559,1,0,1
263943736,1,0,1
263962014,1,1,2
264058436,1,0,1
264110123,1,0,1
264194021,1,0,1
264228546,1,0,1
264331316,1,0,1
264411867,1,0,1
264417769,1,0,1
264504352,1,0,1
264507492,1,0,1
264530695,1,0,1
264555624,1,1,2
264565063,1,0,1
264569951,1,0,1
264607156,1,0,1
264720242,1,20,21
264862915,1,2,3
264988416,1,0,1
264993543,1,0,1
265000411,1,2,3
265109510,1,0,1
265125249,1,0,1
265154042,1,1,2
265348883,1,1,2
265366726,1,0,1
265478225,1,0,1
265506483,1,0,1
265689996,1,1,2
265759855,1,0,1
265864302,1,0,1
265871378,1,0,1
265916969,1,0,1
265951489,1,5,6
266009819,1,0,1
266067473,1,0,1
266083892,1,0,1
266222825,1,0,1
266292594,1,1,2
266333262,1,0,1
266365104,1,0,1
266375026,1,1,2
266384324,1,0,1
266395401,1,0,1
266451950,1,8,9
266614886,1,0,1
266699188,1,0,1
266767202,1,0,1
266777609,1,0,1
266807228,1,0,1
266843862,1,0,1
266860108,1,0,1
266941793,1,0,1
266950244,1,0,1
266991644,1,0,1
267175425,1,0,1
267212656,1,0,1
267303665,1,7,8
267359596,1,0,1
267412080,1,0,1
267565565,1,0,1
267787769,1,0,1
267893502,1,0,1
267914921,1,2,3
267915933,1,1,2
267921322,1,0,1
267990501,1,0,1
268018496,1,1,2
268018876,1,0,1
268051233,1,0,1
268175644,1,1,2
268363445,1,0,1
268518478,1,0,1
268534647,1,0,1
268611887,1,0,1
268620927,1,0,1
268808802,1,0,1
268926882,1,0,1
268959464,1,0,1
269315178,1,1,2
269329352,1,0,1
269375933,1,0,1
269448653,1,3,4
269535951,1,1,2
269654415,1,0,1
269692794,1,0,1
269817219,1,0,1
269841892,1,2,3
269869996,1,0,1
269906619,1,0,1
269928106,1,0,1
269956795,1,1,2
270030418,1,0,1
270079490,1,0,1
270245532,1,0,1
270260963,1,0,1
270310164,1,0,1
270310777,1,1,2
270326634,1,1,2
270395906,1,0,1
270487539,1,0,1
270523420,1,0,1
270570651,1,3,4
270638799,1,0,1
271139517,1,0,1
271250564,1,0,1
271399786,1,0,1
271464768,1,0,1
271524852,1,0,1
271531352,1,0,1
271541890,1,0,1
271586450,1,25,26
271628037,1,6,7
271883062,1,0,1
271991719,1,0,1
272016373,1,0,1
272102515,1,0,1
272191856,1,0,1
272192505,1,0,1
272208444,1,0,1
272254924,1,0,1
272290745,1,6,7
272391555,1,0,1
272518702,1,0,1
272616388,1,0,1
272624758,1,0,1
272642804,1,15,16
272654011,1,5,6
272780734,1,0,1
272914386,1,2,3
273094408,1,0,1
273200636,1,9,10
273245969,1,0,1
273454454,1,0,1
273514824,1,0,1
273660032,1,0,1
273732335,1,0,1
273795258,1,0,1
273842391,1,0,1
273875023,1,0,1
273977275,1,0,1
273979951,1,0,1
274032684,1,8,9
274135701,1,1,2
274176512,1,0,1
274181342,1,0,1
274200999,1,0,1
274214510,1,1,2
274263703,1,46,47
274268289,1,0,1
274297569,1,0,1
274310300,1,1,2
274513907,1,0,1
274592219,1,0,1
274605114,1,1,2
274653331,1,0,1
274682242,1,0,1
274732203,1,0,1
274791620,1,0,1
274810786,1,0,1
274818295,1,7,8
274820991,1,0,1
274834486,1,0,1
275046299,1,1,2
275148673,1,0,1
275170369,1,0,1
275218718,1,0,1
275224483,1,0,1
275272990,1,0,1
275274156,1,1,2
275341202,1,0,1
275373293,1,0,1
275384366,1,0,1
275384552,1,1,2
275474052,1,0,1
275542249,1,4,5
275676779,1,1,2
275835145,1,0,1
275981993,1,0,1
276027723,1,0,1
276106955,1,0,1
276133649,1,0,1
276398199,1,0,1
276486228,1,4,5
276531741,1,0,1
276951165,1,0,1
277026654,1,0,1
277092918,1,0,1
277096343,1,0,1
277127112,1,0,1
277134231,1,0,1
277164044,1,0,1
277169595,1,0,1
277250283,1,1,2
277286682,1,0,1
277318129,1,0,1
277430585,1,0,1
277468009,1,2,3
277473643,1,4,5
277562784,1,2,3
277573711,1,0,1
277650963,1,0,1
277667674,1,0,1
277718934,1,0,1
277738704,1,0,1
277745062,1,0,1
277795241,1,0,1
277800866,1,1,2
277833197,1,0,1
277840711,1,0,1
277873578,1,0,1
277899020,1,0,1
278076667,1,5,6
278142785,1,0,1
278220223,1,0,1
278274229,1,0,1
278392845,1,0,1
278400862,1,1,2
278431595,1,0,1
278486427,1,0,1
278653664,1,3,4
278682691,1,0,1
278743828,1,0,1
278809190,1,0,1
278828808,1,0,1
278855246,1,0,1
279024097,1,0,1
279052901,1,1,2
279108030,1,2,3
279142389,1,1,2
279185783,1,0,1
279187483,1,0,1
279236565,1,0,1
279275750,1,0,1
279316281,1,0,1
279362090,1,0,1
279375564,1,7,8
279530398,1,0,1
279660360,1,5,6
279775332,1,0,1
279861780,1,0,1
279931933,1,0,1
279971447,1,0,1
280220095,1,0,1
280245989,1,0,1
280254672,1,0,1
280263981,1,0,1
280292588,1,0,1
280326048,1,2,3
280348707,1,0,1
280519679,1,0,1
280543911,1,0,1
280665647,1,0,1
280760376,1,0,1
280761766,1,0,1
281145529,1,0,1
281149312,1,0,1
281318360,1,0,1
281534990,1,0,1
281566410,1,1,2
281671321,1,0,1
281711714,1,0,1
281962398,1,0,1
281979948,1,0,1
281982516,1,0,1
282234390,1,0,1
282307654,1,0,1
282516181,1,0,1
282584884,1,1,2
282692746,1,0,1
282766161,1,0,1
282857632,1,4,5
283007645,1,0,1
283009759,1,0,1
283014660,1,0,1
283014832,1,0,1
283084993,1,0,1
283099916,1,0,1
283115154,1,0,1
283123486,1,0,1
283139604,1,2,3
283149906,1,1,2
283155422,1,0,1
283192199,1,0,1
283224878,1,0,1
283227464,1,0,1
283288592,1,0,1
283345351,1,0,1
283456904,1,0,1
283458231,1,0,1
283462791,1,0,1
283468280,1,0,1
283591731,1,0,1
283622983,1,1,2
283658183,1,0,1
283737289,1,0,1
283758815,1,0,1
283771572,1,0,1
283796971,1,0,1
283851532,1,1,2
283887465,1,3,4
284056728,1,0,1
284177974,1,1,2
284191919,1,0,1
284206390,1,0,1
284212544,1,0,1
284292399,1,0,1
284309334,1,0,1
284366950,1,2,3
284399372,1,0,1
284401823,1,0,1
284406043,1,0,1
284409740,1,0,1
284495442,1,0,1
284679240,1,0,1
284838899,1,6,7
284852127,1,0,1
284855823,1,0,1
284871024,1,0,1
285060919,1,0,1
285161385,1,1,2
285214853,1,0,1
285279193,1,0,1
285335006,1,0,1
285343383,1,0,1
285490827,1,0,1
285576278,1,0,1
285591334,1,0,1
285659997,1,0,1
285698343,1,0,1
285735538,1,0,1
285737462,1,1,2
285851296,1,0,1
286183314,1,0,1
286305718,1,2,3
286373198,1,0,1
286411852,1,1,2
286418882,1,0,1
286430569,1,1,2
286469195,1,0,1
286499909,1,0,1
286788459,1,0,1
286829085,1,0,1
286847072,1,0,1
286851091,1,0,1
286900084,1,0,1
286939320,1,0,1
287028413,1,0,1
287031582,1,0,1
287133014,1,0,1
287273053,1,3,4
287319431,1,0,1
287357414,1,19,20
287513345,1,0,1
287628755,1,1,2
287651995,1,0,1
287742921,1,0,1
287755950,1,5,6
287898902,1,0,1
287904016,1,0,1
288030141,1,0,1
288031884,1,0,1
288127916,1,0,1
288142150,1,0,1
288169151,1,0,1
288351362,1,0,1
288412231,1,0,1
288468721,1,0,1
288478431,1,0,1
288583506,1,0,1
288608967,1,1,2
288613671,1,0,1
288617088,1,3,4
288818576,1,12,13
288858719,1,0,1
288892379,1,4,5
288910352,1,0,1
288994953,1,2,3
289094611,1,0,1
289127830,1,0,1
289241528,1,0,1
289340506,1,0,1
289381777,1,0,1
289400983,1,1,2
289444868,1,0,1
289492051,1,0,1
289532746,1,0,1
289551489,1,0,1
289551542,1,0,1
289612859,1,0,1
289665497,1,0,1
289692450,1,0,1
289771420,1,0,1
289776641,1,0,1
289786995,1,0,1
289927947,1,0,1
289972154,1,0,1
289980087,1,0,1
290127872,1,1,2
290243294,1,0,1
290291440,1,0,1
290314669,1,0,1
290480325,1,0,1
290482415,1,0,1
290489841,1,0,1
290498876,1,0,1
290510908,1,0,1
290757764,1,0,1
290778286,1,0,1
290850051,1,0,1
290858785,1,0,1
290893618,1,0,1
290903388,1,0,1
291273061,1,0,1
291306747,1,0,1
291369930,1,1,2
291457259,1,0,1
291460029,1,3,4
291509786,1,1,2
291528847,1,0,1
291540248,1,0,1
291712960,1,0,1
291743799,1,0,1
291755275,1,0,1
291799212,1,0,1
292073624,1,0,1
292075391,1,0,1
292083708,1,0,1
292125867,1,0,1
292132102,1,0,1
292137104,1,2,3
292151687,1,0,1
292421051,1,0,1
292444688,1,2,3
292469599,1,0,1
292677129,1,21,22
292683054,1,0,1
292781839,1,0,1
293120159,1,0,1
293124119,1,0,1
293199352,1,0,1
293207617,1,0,1
293228729,1,0,1
293572272,1,0,1
293612180,1,0,1
293639982,1,0,1
293733888,1,0,1
293741565,1,0,1
293849142,1,0,1
293862942,1,1,2
293887573,1,1,2
293910792,1,0,1
294065266,1,0,1
294092912,1,0,1
294104757,1,0,1
294183414,1,0,1
294246919,1,6,7
294299279,1,0,1
294299582,1,0,1
294585605,1,0,1
294639526,1,3,4
294763153,1,0,1
294902627,1,0,1
294906274,1,0,1
294908387,1,1,2
295258422,1,0,1
295656424,1,0,1
295765785,1,0,1
295776112,1,0,1
295888405,1,0,1
295891100,1,0,1
295936563,1,0,1
295993828,1,0,1
296005114,1,0,1
296005196,1,0,1
296043409,1,9,10
296351141,1,0,1
296369118,1,0,1
296418295,1,0,1
296493253,1,0,1
296554936,1,0,1
296623381,1,0,1
296848450,1,6,7
296879153,1,0,1
296889004,1,0,1
296889870,1,0,1
296908298,1,0,1
297072465,1,0,1
297092924,1,0,1
297204912,1,0,1
297310839,1,1,2
297444842,1,0,1
297553656,1,1,2
297636411,1,0,1
297690526,1,0,1
297738645,1,0,1
297783114,1,0,1
297914658,1,0,1
297945279,1,1,2
298012402,1,10,11
298121595,1,0,1
298179699,1,13,14
298268181,1,0,1
298377540,1,0,1
298386719,1,0,1
298410759,1,1,2
298588396,1,0,1
298596865,1,1,2
298714257,1,0,1
298723573,1,1,2
298733766,1,0,1
298785477,1,0,1
298847424,1,0,1
298848794,1,0,1
298991691,1,0,1
299098987,1,15,16
299217560,1,0,1
299275153,1,10,11
299286458,1,0,1
299387909,1,0,1
299414803,1,1,2
299440489,1,2,3
299493712,1,0,1
299511833,1,0,1
299662325,1,0,1
299672902,1,2,3
299713202,1,0,1
299735756,1,1,2
299743698,1,0,1
299758482,1,0,1
299935073,1,0,1
300032968,1,0,1
300229313,1,0,1
300248494,1,0,1
300472324,1,0,1
300485264,1,0,1
300548413,1,2,3
300575583,1,0,1
300576661,1,0,1
300603336,1,0,1
300622413,1,0,1
300627553,1,2,3
300658422,1,0,1
300685131,1,3,4
300978332,1,0,1
300985520,1,0,1
301121712,1,0,1
301133926,1,0,1
301158109,1,0,1
301222013,1,0,1
301226884,1,1,2
301393506,1,0,1
301458322,1,2,3
301489138,1,3,4
301621294,1,0,1
301685209,1,0,1
301739675,1,0,1
301829555,1,0,1
301923548,1,0,1
301967972,1,0,1
302067213,1,1,2
302216238,1,0,1
302232463,1,0,1
302339036,1,3,4
302564487,1,0,1
302592461,1,1,2
302835162,1,0,1
302841499,1,0,1
302850221,1,0,1
302864583,1,0,1
302879829,1,0,1
302955206,1,1,2
302971976,1,0,1
303012082,1,3,4
303076621,1,0,1
303088330,1,0,1
303088923,1,0,1
303099977,1,0,1
303211253,1,0,1
303250431,1,1,2
303392740,1,0,1
303496807,1,0,1
303532533,1,0,1
303593765,1,0,1
303613758,1,0,1
303827969,1,0,1
303871919,1,0,1
303896279,1,2,3
304039904,1,0,1
304052431,1,0,1
304056206,1,0,1
304096209,1,0,1
304278655,1,0,1
304279418,1,0,1
304444544,1,0,1
304522788,1,6,7
304695261,1,10,11
304702181,1,0,1
304732689,1,6,7
304918521,1,0,1
304997453,1,2,3
305032704,1,0,1
305091744,1,0,1
305179737,1,0,1
305314839,1,0,1
305396295,1,0,1
305546509,1,0,1
305604929,1,0,1
305645601,1,0,1
305647235,1,0,1
305652022,1,0,1
305722908,1,0,1
305768302,1,0,1
305815277,1,0,1
306173459,1,0,1
306238232,1,0,1
306460480,1,0,1
306991777,1,0,1
307021035,1,0,1
307096065,1,2,3
307119706,1,1,2
307159509,1,0,1
307170550,1,1,2
307328942,1,0,1
307571430,1,0,1
307594362,1,0,1
307668510,1,0,1
307802930,1,0,1
307855381,1,0,1
307883924,1,0,1
308000918,1,3,4
308073827,1,0,1
308107390,1,0,1
308121391,1,0,1
308252243,1,0,1
308435257,1,0,1
308683078,1,0,1
308756390,1,0,1
308759465,1,25,26
308826164,1,0,1
308835568,1,0,1
308861849,1,0,1
308873813,1,0,1
308883894,1,1,2
308992926,1,1,2
309213767,1,2,3
309261602,1,0,1
309309571,1,0,1
309317361,1,3,4
309355065,1,4,5
309394060,1,0,1
309404281,1,1,2
309500245,1,0,1
309696235,1,0,1
309839674,1,1,2
309866092,1,0,1
309869612,1,0,1
309925786,1,1,2
310025091,1,0,1
310099325,1,0,1
310109265,1,0,1
310318460,1,0,1
310318463,1,0,1
310476518,1,0,1
310494578,1,0,1
310610932,1,0,1
310667888,1,0,1
310688816,1,1,2
310791762,1,0,1
310862456,1,0,1
310866704,1,0,1
310910593,1,0,1
311130359,1,0,1
311413211,1,0,1
311511470,1,0,1
311618496,1,0,1
311625448,1,0,1
311789069,1,0,1
311807993,1,0,1
311827804,1,0,1
311839282,1,0,1
311848599,1,0,1
311934581,1,0,1
312068757,1,0,1
312198403,1,0,1
312328605,1,4,5
312330612,1,0,1
312336521,1,2,3
312351684,1,0,1
312390292,1,0,1
312585375,1,0,1
312598857,1,0,1
312653402,1,1,2
312662267,1,0,1
312793455,1,0,1
312879922,1,3,4
312886970,1,0,1
312933590,1,0,1
312935039,1,0,1
312950467,1,0,1
312961126,1,0,1
313003526,1,15,16
313125620,1,0,1
313131500,1,0,1
313289449,1,0,1
313348275,1,1,2
313373279,1,0,1
313440222,1,0,1
313441672,1,0,1
313460087,1,18,19
313523444,1,7,8
313587323,1,0,1
313591162,1,9,10
313667824,1,0,1
313668505,1,0,1
313984673,1,0,1
314060058,1,10,11
314077742,1,0,1
314167150,1,0,1
314178992,1,20,21
314199268,1,0,1
314262575,1,0,1
314425515,1,0,1
314514047,1,0,1
314606018,1,0,1
314669283,1,0,1
314867508,1,0,1
314890742,1,1,2
314953626,1,0,1
314977760,1,0,1
314978245,1,0,1
315054960,1,0,1
315255233,1,0,1
315333095,1,0,1
315343622,1,0,1
315364012,1,0,1
315484358,1,0,1
315508974,1,0,1
315562481,1,0,1
315651428,1,0,1
315869500,1,0,1
315916204,1,0,1
315974190,1,0,1
316011637,1,0,1
316021277,1,0,1
316141418,1,0,1
316155534,1,0,1
316158676,1,0,1
316225663,1,0,1
316406522,1,0,1
316601001,1,0,1
316611631,1,0,1
316628845,1,5,6
316629502,1,0,1
316655145,1,0,1
316692309,1,1,2
316798252,1,0,1
316805661,1,2,3
316836513,1,0,1
316891390,1,9,10
316904648,1,1,2
316940806,1,0,1
317126349,1,3,4
317181941,1,0,1
317212237,1,0,1
317477329,1,0,1
317515134,1,0,1
317581173,1,0,1
317589116,1,0,1
317589768,1,2,3
317651472,1,0,1
317697133,1,0,1
317801405,1,0,1
318002336,1,0,1
318010032,1,0,1
318222678,1,0,1
318273272,1,1,2
318486969,1,0,1
318524639,1,0,1
318532779,1,0,1
318584963,1,3,4
318661346,1,0,1
318697688,1,1,2
318708136,1,0,1
318727766,1,0,1
318761159,1,0,1
318766190,1,9,10
318813745,1,0,1
318859707,1,0,1
319166804,1,0,1
319211532,1,0,1
319232265,1,0,1
319277209,1,0,1
319347569,1,0,1
319524201,1,0,1
319582566,1,0,1
319651639,1,0,1
319777415,1,5,6
319795405,1,0,1
319861725,1,2,3
319866979,1,0,1
319906784,1,1,2
319940596,1,0,1
319957172,1,0,1
319988773,1,0,1
320117409,1,0,1
320180852,1,2,3
320226413,1,0,1
320271791,1,3,4
320343799,1,0,1
320361389,1,0,1
320445957,1,0,1
320475654,1,0,1
320487586,1,0,1
320531479,1,0,1
320536361,1,0,1
320581121,1,2,3
320588325,1,0,1
320737012,1,0,1
320764163,1,0,1
320840934,1,0,1
320910540,1,0,1
320934665,1,0,1
321161871,1,0,1
321448437,1,0,1
321536860,1,0,1
321722199,1,0,1
321738992,1,0,1
321761384,1,0,1
321808050,1,0,1
321964501,1,0,1
322010071,1,1,2
322020543,1,0,1
322081123,1,0,1
322088560,1,0,1
322211070,1,0,1
322436484,1,0,1
322493917,1,0,1
322629769,1,0,1
322711016,1,0,1
322748291,1,0,1
322752668,1,0,1
322868425,1,0,1
322966404,1,0,1
322978655,1,3,4
322990288,1,0,1
323024295,1,0,1
323027322,1,0,1
323033586,1,0,1
323052074,1,0,1
323294768,1,0,1
323440005,1,0,1
323459523,1,0,1
323481433,1,0,1
323503408,1,0,1
323513388,1,0,1
323537375,1,0,1
323585228,1,0,1
323648894,1,0,1
323839080,1,1,2
323927095,1,0,1
323936341,1,0,1
323981895,1,0,1
324052285,1,0,1
324081719,1,0,1
324330397,1,1,2
324363969,1,1,2
324376022,1,16,17
324451889,1,0,1
324589036,1,0,1
324831635,1,6,7
324993685,1,26,27
325015093,1,0,1
325086564,1,2,3
325124630,1,0,1
325139852,1,2,3
325165126,1,7,8
325194605,1,0,1
325224983,1,1,2
325308158,1,0,1
325311998,1,0,1
325314653,1,1,2
325326206,1,0,1
325414795,1,0,1
325434012,1,0,1
325547395,1,0,1
325558225,1,0,1
325754557,1,0,1
326006771,1,3,4
326219276,1,0,1
326309847,1,0,1
326331130,1,0,1
326360024,1,0,1
326363158,1,0,1
326412173,1,9,10
326451243,1,0,1
326534863,1,0,1
326560603,1,5,6
326725211,1,0,1
326815839,1,0,1
326816818,1,0,1
327104262,1,0,1
327108430,1,1,2
327111989,1,0,1
327135316,1,0,1
327149000,1,0,1
327189011,1,0,1
327226763,1,0,1
327381081,1,0,1
327444846,1,0,1
327644498,1,37,38
327720880,1,0,1
327728018,1,0,1
327769909,1,0,1
327965868,1,0,1
327974877,1,0,1
328000878,1,0,1
328013133,1,0,1
328124841,1,0,1
328161017,1,0,1
328181354,1,1,2
328184941,1,0,1
328209091,1,27,28
328269522,1,0,1
328309473,1,0,1
328458128,1,0,1
328487218,1,0,1
328515911,1,0,1
328525439,1,0,1
328582359,1,0,1
328585707,1,0,1
328622406,1,0,1
328649475,1,0,1
328665240,1,0,1
328844693,1,3,4
328870469,1,0,1
328878512,1,0,1
328914261,1,0,1
329175293,1,0,1
329197812,1,0,1
329236251,1,0,1
329240945,1,0,1
329253114,1,0,1
329352762,1,0,1
329387899,1,1,2
329389862,1,0,1
329434171,1,0,1
329471497,1,0,1
329483776,1,0,1
329575736,1,1,2
329672285,1,0,1
329724745,1,0,1
329788601,1,2,3
329811848,1,1,2
329830704,1,2,3
329916009,1,0,1
329997197,1,0,1
330138339,1,24,25
330196856,1,0,1
330234803,1,0,1
330344088,1,0,1
330421281,1,0,1
330485862,1,0,1
330499833,1,0,1
330513534,1,0,1
330574021,1,1,2
330750228,1,0,1
330794830,1,1,2
331082317,1,0,1
331126870,1,0,1
331313205,1,0,1
331385373,1,0,1
331483885,1,0,1
331584972,1,9,10
331591571,1,0,1
331613723,1,0,1
331645566,1,0,1
331647395,1,0,1
331720602,1,0,1
331824237,1,0,1
331866902,1,0,1
331876861,1,0,1
331883484,1,0,1
331921914,1,0,1
331942284,1,0,1
331945592,1,1,2
331972325,1,0,1
331988415,1,0,1
331991898,1,0,1
332023066,1,0,1
332264734,1,0,1
332372849,1,0,1
332428171,1,0,1
332460823,1,0,1
332516996,1,0,1
332541190,1,0,1
332583281,1,0,1
332626214,1,0,1
332739810,1,0,1
332947260,1,4,5
333137036,1,0,1
333137934,1,0,1
333141226,1,17,18
333194905,1,0,1
333360826,1,0,1
333446491,1,0,1
333515601,1,0,1
333523921,1,0,1
333652061,1,0,1
333691569,1,0,1
333764595,1,1,2
333808242,1,0,1
333817463,1,2,3
333858252,1,0,1
333880777,1,0,1
334068241,1,0,1
334087520,1,0,1
334122579,1,0,1
334349982,1,0,1
334390100,1,0,1
334429950,1,0,1
334468906,1,0,1
334477424,1,0,1
334483437,1,0,1
334491019,1,0,1
334765767,1,0,1
334777508,1,0,1
334863843,1,0,1
334958809,1,2,3
334964629,1,0,1
335083717,1,0,1
335090557,1,13,14
335294921,1,0,1
335420083,1,0,1
335543574,1,0,1
335687018,1,0,1
336053893,1,0,1
336070087,1,0,1
336077103,1,0,1
336093727,1,0,1
336105291,1,6,7
336130457,1,3,4
336162205,1,0,1
336177046,1,0,1
336293275,1,3,4
336303286,1,0,1
336355580,1,0,1
336371114,1,0,1
336458153,1,1,2
336521643,1,6,7
336685348,1,0,1
336787300,1,0,1
336963601,1,0,1
337182162,1,0,1
337469809,1,0,1
337512815,1,0,1
337513725,1,0,1
337564411,1,0,1
337662486,1,0,1
337707805,1,4,5
337814390,1,0,1
337832775,1,0,1
337838535,1,0,1
337919526,1,0,1
337980345,1,0,1
337985481,1,0,1
338037930,1,3,4
338069983,1,0,1
338093272,1,1,2
338115767,1,0,1
338176306,1,2,3
338242347,1,0,1
338497604,1,0,1
338604053,1,1,2
338609893,1,0,1
338681128,1,1,2
338681181,1,1,2
338761770,1,0,1
338778662,1,0,1
339057012,1,0,1
339109827,1,0,1
339137803,1,0,1
339182006,1,0,1
339187646,1,0,1
339232255,1,0,1
339250681,1,0,1
339278740,1,0,1
339306432,1,0,1
339358015,1,0,1
339425674,1,1,2
339443969,1,0,1
339464142,1,0,1
339508985,1,0,1
339518550,1,0,1
339709790,1,0,1
339716510,1,0,1
339775143,1,0,1
339799190,1,0,1
339927438,1,0,1
339950746,1,0,1
340051771,1,0,1
340084012,1,0,1
340097425,1,0,1
340132130,1,0,1
340152279,1,0,1
340190969,1,0,1
340319046,1,0,1
340326586,1,4,5
340332672,1,0,1
340444048,1,0,1
340461414,1,0,1
340499901,1,9,10
340606505,1,0,1
340620760,1,0,1
340667339,1,0,1
340707165,1,0,1
341102882,1,0,1
341172121,1,3,4
341214275,1,0,1
341259728,1,0,1
341384767,1,0,1
341442516,1,0,1
341589523,1,0,1
341654914,1,0,1
341673946,1,0,1
341744476,1,1,2
341811938,1,4,5
341849303,1,0,1
341931500,1,4,5
341974036,1,1,2
342076466,1,0,1
342100939,1,0,1
342109957,1,0,1
342276310,1,0,1
342293893,1,0,1
342367975,1,0,1
342400293,1,0,1
342609242,1,0,1
342610268,1,0,1
342746039,1,1,2
342795033,1,4,5
342893331,1,29,30
342943558,1,2,3
342985824,1,0,1
343106719,1,0,1
343165846,1,0,1
343177767,1,0,1
343251837,1,0,1
343393456,1,0,1
343577780,1,0,1
343619274,1,0,1
343626708,1,1,2
343705109,1,0,1
343732577,1,0,1
343736636,1,0,1
343766414,1,0,1
343833611,1,0,1
343849601,1,0,1
343913791,1,31,32
343991767,1,6,7
344011051,1,8,9
344073844,1,0,1
344287178,1,2,3
344361464,1,0,1
344471499,1,0,1
344477870,1,0,1
344479379,1,0,1
344771532,1,1,2
344805898,1,0,1
344834909,1,0,1
344835352,1,0,1
344842879,1,0,1
344918312,1,0,1
344958602,1,0,1
344964888,1,0,1
345036542,1,0,1
345038818,1,0,1
345043235,1,0,1
345049836,1,0,1
345051943,1,0,1
345131107,1,0,1
345134734,1,15,16
345140069,1,0,1
345156771,1,0,1
345186113,1,0,1
345275528,1,1,2
345299892,1,0,1
345393358,1,1,2
345400919,1,0,1
345439173,1,0,1
345491351,1,1,2
345564376,1,0,1
345570651,1,0,1
345642379,1,0,1
345673913,1,0,1
345684795,1,1,2
345729676,1,0,1
345745234,1,1,2
345769801,1,0,1
345983663,1,0,1
346027631,1,0,1
346063756,1,0,1
346185701,1,0,1
346214948,1,0,1
346233086,1,0,1
346302035,1,0,1
346392320,1,0,1
346423848,1,3,4
346504535,1,0,1
346603767,1,0,1
346624233,1,0,1
346635221,1,0,1
346727379,1,0,1
346728114,1,0,1
346864026,1,0,1
346965788,1,0,1
346998270,1,1,2
347004794,1,0,1
347039559,1,1,2
347058376,1,0,1
347187901,1,0,1
347299406,1,1,2
347356289,1,0,1
347364301,1,37,38
347378617,1,0,1
347380064,1,0,1
347650967,1,9,10
347655714,1,0,1
347698346,1,0,1
348071775,1,0,1
348144125,1,0,1
348213222,1,0,1
348273607,1,0,1
348276098,1,18,19
348495523,1,0,1
348509790,1,0,1
348581211,1,0,1
348585493,1,1,2
348606448,1,0,1
348658250,1,0,1
348674113,1,8,9
348737821,1,0,1
348751158,1,0,1
348774888,1,0,1
348784963,1,0,1
348799891,1,0,1
348816608,1,0,1
348820641,1,1,2
348843207,1,0,1
348844072,1,0,1
348847011,1,0,1
348868771,1,2,3
348888459,1,0,1
348922533,1,0,1
349052097,1,0,1
349074650,1,0,1
349128307,1,1,2
349185776,1,0,1
349210460,1,1,2
349216659,1,0,1
349296243,1,0,1
349327826,1,0,1
349344646,1,0,1
349433219,1,0,1
349555564,1,0,1
349684570,1,0,1
349784188,1,0,1
349851265,1,0,1
349859689,1,0,1
349893588,1,1,2
349899766,1,0,1
349977397,1,0,1
350037761,1,0,1
350047058,1,21,22
350380248,1,0,1
350479244,1,0,1
350541771,1,0,1
350598917,1,0,1
350601147,1,2,3
350616605,1,0,1
350651284,1,0,1
350669765,1,0,1
350681524,1,0,1
350746547,1,8,9
350754709,1,0,1
350810955,1,0,1
350861914,1,0,1
350880677,1,0,1
350998154,1,0,1
350998176,1,13,14
351150129,1,0,1
351308590,1,0,1
351365319,1,0,1
351383442,1,1,2
351404662,1,0,1
351411435,1,2,3
351651052,1,1,2
351872594,1,2,3
351885967,1,0,1
351973957,1,3,4
352021830,1,1,2
352094180,1,6,7
352098875,1,0,1
352229235,1,0,1
352433892,1,0,1
352564011,1,0,1
352613894,1,2,3
352778487,1,0,1
352865030,1,0,1
352976493,1,0,1
352984129,1,1,2
353022633,1,4,5
353053596,1,0,1
353138274,1,0,1
353179077,1,1,2
353244763,1,1,2
353276968,1,0,1
353307069,1,0,1
353328781,1,0,1
353345310,1,0,1
353405696,1,2,3
353416611,1,0,1
353494520,1,0,1
353506752,1,2,3
353559810,1,0,1
353602229,1,0,1
353710127,1,0,1
353749879,1,0,1
354046451,1,0,1
354067485,1,0,1
354123071,1,0,1
354162870,1,0,1
354302959,1,1,2
354323495,1,13,14
354411860,1,0,1
354609847,1,0,1
354643968,1,0,1
354685287,1,0,1
355012948,1,2,3
355295146,1,0,1
355295957,1,4,5
355332420,1,0,1
355383499,1,0,1
355395464,1,3,4
355425521,1,0,1
355490927,1,0,1
355575119,1,0,1
355650488,1,0,1
355712809,1,0,1
355740487,1,2,3
355838648,1,1,2
355918876,1,0,1
355946516,1,0,1
355947205,1,0,1
356189242,1,0,1
356275500,1,0,1
356302373,1,7,8
356320338,1,0,1
356403720,1,0,1
356406876,1,0,1
356448152,1,0,1
356572427,1,0,1
356617838,1,0,1
356636365,1,0,1
356640949,1,0,1
356650623,1,0,1
356859394,1,21,22
356875331,1,0,1
357022781,1,0,1
357045885,1,0,1
357096060,1,0,1
357132949,1,1,2
357207035,1,0,1
357210087,1,0,1
357356617,1,0,1
357480513,1,0,1
357625948,1,7,8
357639699,1,2,3
357846022,1,1,2
357880441,1,0,1
357910024,1,0,1
357944072,1,0,1
357964649,1,3,4
357976649,1,0,1
357978762,1,0,1
358100065,1,0,1
358203746,1,0,1
358224885,1,0,1
358404527,1,0,1
358432869,1,6,7
358443709,1,2,3
358534436,1,0,1
358551514,1,0,1
358881520,1,0,1
358887334,1,0,1
358956885,1,0,1
359000293,1,0,1
359005156,1,0,1
359048698,1,0,1
359050579,1,0,1
359056239,1,0,1
359504780,1,0,1
359534640,1,1,2
359550805,1,0,1
359597581,1,0,1
359666922,1,0,1
359690061,1,3,4
359691195,1,0,1
359694097,1,0,1
359848396,1,0,1
359923590,1,34,35
360007466,1,0,1
360183119,1,0,1
360228506,1,0,1
360301620,1,0,1
360551248,1,0,1
360834645,1,0,1
360860210,1,0,1
361009672,1,0,1
361030487,1,8,9
361078124,1,9,10
361185707,1,0,1
361259063,1,0,1
361281354,1,0,1
361490629,1,0,1
361542894,1,0,1
361544024,1,0,1
361559020,1,0,1
361584433,1,2,3
361608632,1,0,1
361747326,1,2,3
361818540,1,1,2
362147857,1,0,1
362178749,1,0,1
362262713,1,0,1
362264486,1,3,4
362278729,1,1,2
362304241,1,0,1
362364103,1,0,1
362379718,1,0,1
362457180,1,0,1
362530912,1,0,1
362735406,1,2,3
362770218,1,0,1
362898968,1,0,1
362976156,1,0,1
363108319,1,5,6
363136639,1,0,1
363322414,1,0,1
363380552,1,0,1
363476475,1,2,3
363726985,1,0,1
363893840,1,0,1
363970472,1,0,1
364034254,1,0,1
364034447,1,0,1
364057579,1,0,1
364074540,1,0,1
364231820,1,0,1
364309124,1,0,1
364312931,1,1,2
364574679,1,0,1
364589145,1,0,1
364629796,1,0,1
364689448,1,0,1
364855696,1,0,1
365045293,1,0,1
365165135,1,0,1
365230211,1,0,1
365239070,1,0,1
365247829,1,0,1
365271596,1,0,1
365276791,1,0,1
365333310,1,0,1
365441202,1,0,1
365477048,1,0,1
365488806,1,0,1
365492456,1,12,13
365625014,1,0,1
365678797,1,0,1
365770683,1,0,1
365804195,1,3,4
365891102,1,1,2
366023549,1,4,5
366068102,1,0,1
366189323,1,0,1
366191955,1,0,1
366198672,1,2,3
366227725,1,0,1
366356839,1,0,1
366445886,1,0,1
366476245,1,0,1
366766267,1,0,1
366939894,1,0,1
366943003,1,25,26
366978548,1,1,2
367005180,1,0,1
367131160,1,0,1
367161820,1,0,1
367261921,1,0,1
367315791,1,0,1
367482974,1,0,1
367486716,1,0,1
367625184,1,0,1
367792486,1,0,1
367819216,1,0,1
367884270,1,0,1
367885022,1,1,2
367925884,1,0,1
368017030,1,0,1
368092319,1,0,1
368137707,1,0,1
368168099,1,2,3
368192278,1,1,2
368367509,1,0,1
368373115,1,0,1
368432761,1,0,1
368433206,1,3,4
368545928,1,0,1
368554418,1,1,2
368604012,1,0,1
368634169,1,0,1
368667857,1,0,1
368733448,1,0,1
368735686,1,0,1
368751986,1,1,2
368957786,1,0,1
369122626,1,0,1
369174743,1,0,1
369277009,1,0,1
369299069,1,0,1
369419443,1,0,1
369459091,1,0,1
369598329,1,0,1
369615035,1,2,3
369652026,1,0,1
369768332,1,21,22
369774608,1,0,1
369855354,1,0,1
370454046,1,8,9
370511296,1,0,1
370528877,1,0,1
370561261,1,0,1
370946633,1,0,1
370951200,1,2,3
371045058,1,0,1
371050325,1,0,1
371069341,1,8,9
371137369,1,0,1
371221937,1,0,1
371270642,1,0,1
371380836,1,0,1
371392608,1,0,1
371437601,1,0,1
371472670,1,0,1
371482880,1,2,3
371495430,1,0,1
371593978,1,0,1
371654048,1,1,2
371864433,1,243,244
371940546,1,0,1
371953577,1,0,1
372043962,1,0,1
372055424,1,1,2
372293211,1,0,1
372293349,1,0,1
372373392,1,0,1
372533915,1,0,1
372536101,1,1,2
372547704,1,0,1
372558886,1,0,1
372596657,1,59,60
372607995,1,0,1
372646451,1,0,1
372689668,1,9,10
372763011,1,0,1
372872290,1,0,1
372982499,1,0,1
372992455,1,0,1
373072904,1,3,4
373131001,1,0,1
373141513,1,2,3
373339107,1,0,1
373385530,1,0,1
373493038,1,0,1
373533486,1,35,36
373564351,1,5,6
373573632,1,0,1
373591086,1,0,1
373624350,1,0,1
373640680,1,4,5
373653718,1,0,1
373662988,1,0,1
373729429,1,1,2
373934991,1,0,1
374071150,1,0,1
374104962,1,3,4
374240792,1,5,6
374299998,1,0,1
374314417,1,0,1
374327063,1,15,16
374413913,1,0,1
374634685,1,0,1
374703448,1,0,1
374789604,1,0,1
374824552,1,0,1
374912996,1,0,1
374919767,1,0,1
374997769,1,0,1
375097230,1,0,1
375275232,1,0,1
375283843,1,0,1
375403627,1,0,1
375454975,1,0,1
375473165,1,0,1
375473747,1,0,1
375515321,1,0,1
375694853,1,0,1
375745438,1,0,1
375757315,1,0,1
375772899,1,0,1
375809866,1,0,1
375814270,1,1,2
375885941,1,0,1
375895295,1,0,1
375918793,1,0,1
375936112,1,2,3
375958560,1,0,1
375970056,1,2,3
376000912,1,0,1
376018100,1,0,1
376023464,1,1,2
376330895,1,8,9
376350321,1,0,1
376360709,1,0,1
376368318,1,1,2
376558834,1,3,4
376711992,1,0,1
377230919,1,0,1
377243387,1,0,1
377326583,1,0,1
377417073,1,0,1
377465952,1,0,1
377549304,1,0,1
377613982,1,0,1
377626072,1,0,1
377658566,1,0,1
377662931,1,0,1
377699543,1,0,1
377747781,1,0,1
377770115,1,0,1
377778958,1,10,11
377779515,1,0,1
377797120,1,0,1
377803487,1,0,1
378123228,1,2,3
378202699,1,0,1
378223394,1,0,1
378242163,1,1,2
378283990,1,0,1
378312737,1,1,2
378350988,1,0,1
378355314,1,0,1
378528717,1,0,1
378763824,1,0,1
378796071,1,0,1
378853174,1,0,1
378907573,1,0,1
378952385,1,0,1
378967325,1,0,1
378971589,1,0,1
378971921,1,0,1
378992300,1,0,1
379142804,1,0,1
379225042,1,8,9
379328978,1,0,1
379433842,1,0,1
379456907,1,0,1
379478675,1,0,1
379509291,1,0,1
379890280,1,0,1
380004722,1,0,1
380024432,1,0,1
380060155,1,9,10
380087033,1,0,1
380155012,1,0,1
380155452,1,0,1
380371763,1,0,1
380390554,1,1,2
380485171,1,1,2
380582277,1,0,1
380590516,1,0,1
380601843,1,0,1
380626297,1,0,1
380626696,1,0,1
380659758,1,0,1
380674967,1,1,2
380718806,1,0,1
380832485,1,0,1
380884761,1,0,1
380925009,1,0,1
380956057,1,0,1
381016446,1,2,3
381054502,1,15,16
381111087,1,0,1
381153066,1,0,1
381197281,1,0,1
381204778,1,0,1
381210241,1,0,1
381228910,1,0,1
381296668,1,0,1
381309954,1,0,1
381312482,1,0,1
381524068,1,0,1
381549497,1,0,1
381715099,1,0,1
381717264,1,0,1
381724755,1,0,1
381776419,1,0,1
381793391,1,1,2
381793641,1,0,1
381809023,1,0,1
381864284,1,0,1
381885825,1,0,1
381903901,1,0,1
381929213,1,0,1
382001518,1,0,1
382232554,1,0,1
382266630,1,0,1
382280140,1,0,1
382285647,1,0,1
382290824,1,0,1
382346717,1,0,1
382359163,1,0,1
382437021,1,0,1
382438357,1,1,2
382651379,1,0,1
382707745,1,0,1
382787622,1,0,1
382877147,1,0,1
382945665,1,0,1
383196706,1,0,1
383303182,1,0,1
383804081,1,0,1
383891309,1,0,1
384007261,1,0,1
384067924,1,4,5
384127947,1,0,1
384209319,1,0,1
384477439,1,0,1
384481484,1,0,1
384573928,1,0,1
384635467,1,0,1
384639218,1,1,2
384669092,1,0,1
384695895,1,0,1
384728194,1,2,3
384743193,1,0,1
384861951,1,0,1
384872360,1,0,1
384883666,1,0,1
384898536,1,0,1
385005398,1,1,2
385045733,1,2,3
385117198,1,2,3
385129931,1,0,1
385148875,1,0,1
385198325,1,0,1
385402810,1,0,1
385652976,1,0,1
385678932,1,0,1
385694766,1,0,1
385722608,1,0,1
385925051,1,0,1
385977332,1,5,6
386022683,1,0,1
386026832,1,29,30
386148012,1,16,17
386190778,1,5,6
386317611,1,0,1
386348146,1,0,1
386473601,1,0,1
386563872,1,18,19
386659067,1,0,1
386794821,1,0,1
386802986,1,0,1
386895887,1,1,2
386914622,1,0,1
387065013,1,0,1
387084669,1,0,1
387183085,1,0,1
387263979,1,0,1
387272925,1,0,1
387384423,1,0,1
387407567,1,2,3
387448671,1,0,1
387552721,1,0,1
387573416,1,0,1
387600165,1,12,13
387667189,1,0,1
387728379,1,15,16
387813776,1,0,1
387845056,1,0,1
387876936,1,4,5
387986600,1,0,1
388006092,1,0,1
388015488,1,0,1
388083379,1,0,1
388125842,1,0,1
388177953,1,0,1
388283486,1,0,1
388410299,1,0,1
388479343,1,8,9
388509978,1,0,1
388591557,1,0,1
388633428,1,121,122
388644214,1,0,1
388652893,1,0,1
389101095,1,1,2
389218284,1,5,6
389225891,1,0,1
389236116,1,3,4
389236289,1,0,1
389244855,1,0,1
389265865,1,0,1
389401683,1,0,1
389500414,1,0,1
389500604,1,0,1
389585313,1,0,1
389734036,1,0,1
389738857,1,0,1
389769403,1,0,1
389772212,1,0,1
389813793,1,1,2
389830731,1,0,1
389838528,1,0,1
389838823,1,4,5
389853466,1,0,1
389862087,1,1,2
389868554,1,0,1
390188367,1,1,2
390196178,1,1,2
390214973,1,0,1
390354256,1,0,1
390406793,1,2,3
390456846,1,1,2
390463675,1,0,1
390463837,1,0,1
390501666,1,0,1
390515761,1,0,1
390518266,1,0,1
390626775,1,1,2
390631206,1,0,1
390704970,1,0,1
390804804,1,0,1
390912788,1,0,1
390914510,1,13,14
390918963,1,0,1
391111980,1,0,1
391326180,1,1,2
391414658,1,0,1
391616623,1,10,11
391669236,1,0,1
391811388,1,0,1
391844137,1,0,1
392087391,1,0,1
392094086,1,1,2
392105902,1,0,1
392217281,1,0,1
392238808,1,0,1
392263004,1,0,1
392282617,1,0,1
392342654,1,0,1
392362750,1,1,2
392420400,1,1,2
392475378,1,0,1
392519973,1,0,1
392680872,1,0,1
392731985,1,0,1
392756226,1,0,1
392822551,1,0,1
392878552,1,0,1
392903474,1,0,1
392954840,1,0,1
393019104,1,0,1
393048602,1,0,1
393059716,1,0,1
393070931,1,1,2
393072863,1,0,1
393183131,1,0,1
393277954,1,0,1
393325107,1,0,1
393510923,1,0,1
393583393,1,0,1
393625359,1,0,1
393640431,1,0,1
393685943,1,1,2
393750645,1,1,2
393765134,1,0,1
393771822,1,1,2
393773752,1,0,1
393837571,1,15,16
393858940,1,6,7
394145272,1,0,1
394147560,1,0,1
394170444,1,1,2
394196827,1,0,1
394221567,1,1,2
394224037,1,0,1
394384166,1,0,1
394453355,1,0,1
394466622,1,5,6
394900362,1,0,1
394909311,1,0,1
394940909,1,0,1
394961572,1,0,1
394962128,1,0,1
394993470,1,0,1
395023502,1,0,1
395074527,1,12,13
395122695,1,0,1
395304226,1,2,3
395438164,1,0,1
395617911,1,0,1
395710220,1,0,1
395720570,1,0,1
395844583,1,0,1
395945919,1,0,1
395996468,1,0,1
396036120,1,2,3
396113134,1,0,1
396135050,1,0,1
396136156,1,0,1
396162283,1,0,1
396275287,1,0,1
396292392,1,2,3
396296970,1,0,1
396608522,1,0,1
396651716,1,0,1
396680419,1,0,1
396740319,1,1,2
396906520,1,0,1
396919331,1,0,1
396941761,1,0,1
396977165,1,0,1
397336114,1,0,1
397378873,1,0,1
397463881,1,0,1
397494703,1,13,14
397505195,1,0,1
397610485,1,0,1
397767373,1,0,1
398163602,1,0,1
398293420,1,0,1
398316763,1,0,1
398404442,1,0,1
398411515,1,0,1
398480281,1,0,1
399117497,1,5,6
399124853,1,0,1
399175789,1,1,2
399203483,1,0,1
399479421,1,17,18
399596991,1,1,2
399637451,1,0,1
399763037,1,0,1
399769421,1,0,1
400132178,1,0,1
400212386,1,0,1
400231913,1,0,1
400249644,1,0,1
400257066,1,0,1
400296522,1,0,1
400360169,1,8,9
400404032,1,0,1
400438678,1,0,1
400843175,1,0,1
400911272,1,0,1
400940984,1,0,1
400946737,1,0,1
401110679,1,0,1
401137733,1,0,1
401160964,1,0,1
401282064,1,0,1
401445464,1,0,1
401449297,1,0,1
401456246,1,0,1
401670237,1,0,1
401688772,1,0,1
401742937,1,5,6
401830190,1,0,1
401843668,1,0,1
401847894,1,2,3
401963055,1,0,1
402051329,1,0,1
402321276,1,0,1
402423581,1,1,2
402508753,1,0,1
402879955,1,0,1
402986104,1,0,1
403016154,1,5,6
403072745,1,1,2
403084593,1,0,1
403105950,1,0,1
403147497,1,0,1
403470749,1,1,2
403509817,1,0,1
403537746,1,0,1
403567856,1,0,1
403652763,1,0,1
403760604,1,0,1
403786913,1,5,6
403842344,1,0,1
403975290,1,2,3
404109105,1,0,1
404161455,1,0,1
404191976,1,0,1
404237796,1,0,1
404263395,1,0,1
404266157,1,0,1
404280316,1,0,1
404352003,1,0,1
404377138,1,0,1
404448011,1,0,1
404552390,1,0,1
404641264,1,0,1
404665403,1,0,1
404677909,1,4,5
404961794,1,1,2
405024139,1,0,1
405035648,1,0,1
405048954,1,0,1
405088752,1,0,1
405098776,1,0,1
405105756,1,0,1
405238956,1,0,1
405740335,1,0,1
405756677,1,2,3
405925045,1,0,1
405979190,1,0,1
405981722,1,2,3
406085102,1,5,6
406106291,1,0,1
406419800,1,0,1
406586751,1,0,1
406591782,1,1,2
406616566,1,1,2
406652595,1,0,1
406688138,1,0,1
406700691,1,0,1
406794648,1,0,1
406850093,1,0,1
406901233,1,0,1
406908349,1,1,2
406934469,1,0,1
407064154,1,0,1
407091772,1,5,6
407153412,1,0,1
407156725,1,0,1
407411497,1,0,1
407440492,1,0,1
407458445,1,0,1
407475101,1,0,1
407766846,1,0,1
407844567,1,0,1
407918013,1,0,1
408066026,1,1,2
408129717,1,0,1
408138631,1,1,2
408139899,1,14,15
408569295,1,15,16
408653642,1,0,1
408846697,1,0,1
408930799,1,1,2
409079688,1,0,1
409322091,1,0,1
409348400,1,0,1
409390451,1,2,3
409559685,1,0,1
409600225,1,3,4
409606580,1,0,1
409655126,1,0,1
410165667,1,0,1
410213228,1,0,1
410330847,1,0,1
410373823,1,0,1
410377862,1,0,1
410472318,1,1,2
410491220,1,1,2
410568939,1,0,1
410749628,1,0,1
411005307,1,0,1
411063496,1,0,1
411096374,1,0,1
411096612,1,0,1
411149313,1,0,1
411156968,1,0,1
411159608,1,0,1
411177940,1,0,1
411221397,1,0,1
411284773,1,0,1
411645768,1,0,1
411652446,1,0,1
411653598,1,0,1
411738965,1,0,1
411750941,1,0,1
411835594,1,0,1
411866306,1,0,1
411896496,1,0,1
411911019,1,0,1
411942934,1,0,1
411956525,1,0,1
412021808,1,0,1
412022731,1,0,1
412247563,1,0,1
412253623,1,0,1
412283744,1,0,1
412343028,1,61,62
412448035,1,2,3
412450422,1,0,1
412465069,1,0,1
412478040,1,0,1
412478314,1,0,1
412512214,1,0,1
412565234,1,1,2
412585212,1,0,1
412632120,1,0,1
412641236,1,4,5
412657985,1,0,1
412685577,1,0,1
412698565,1,1,2
412708889,1,0,1
412773248,1,0,1
412888233,1,0,1
412918693,1,0,1
413035473,1,0,1
413178104,1,0,1
413287515,1,0,1
413343110,1,0,1
413398638,1,0,1
413399704,1,0,1
413515673,1,0,1
413529976,1,14,15
413596013,1,1,2
413604321,1,0,1
413635226,1,0,1
413653507,1,0,1
413660239,1,1,2
413672240,1,0,1
413674207,1,0,1
413752616,1,0,1
413998222,1,0,1
414010550,1,0,1
414049378,1,0,1
414129530,1,0,1
414187483,1,0,1
414236244,1,0,1
414261170,1,0,1
414326930,1,0,1
414329713,1,0,1
414427177,1,1,2
414457314,1,0,1
414482455,1,0,1
414514378,1,0,1
414525639,1,0,1
414699283,1,0,1
414732970,1,0,1
414761506,1,0,1
414762385,1,2,3
414853156,1,1,2
414958220,1,0,1
414962189,1,8,9
415049241,1,0,1
415089873,1,14,15
415096339,1,0,1
415105535,1,0,1
415119628,1,0,1
415214656,1,1,2
415242491,1,2,3
415246554,1,0,1
415474076,1,0,1
415572541,1,1,2
415876512,1,0,1
415882402,1,0,1
415951838,1,0,1
415973220,1,2,3
415977298,1,3,4
416051069,1,0,1
416182599,1,0,1
416374246,1,0,1
416385245,1,0,1
416620544,1,0,1
416635867,1,0,1
416682922,1,0,1
416701027,1,18,19
416718873,1,0,1
416774839,1,0,1
416795275,1,0,1
417125834,1,1,2
417129567,1,0,1
417410252,1,0,1
417539409,1,0,1
417547191,1,0,1
417549927,1,1,2
417558241,1,0,1
417606167,1,1,2
417607687,1,0,1
417649013,1,0,1
417672859,1,1,2
417767675,1,1,2
417885373,1,0,1
418219136,1,0,1
418222116,1,0,1
418274833,1,0,1
418354664,1,1,2
418389641,1,10,11
418424443,1,0,1
418440964,1,0,1
418937985,1,0,1
418951802,1,0,1
418984552,1,0,1
419099217,1,0,1
419120526,1,0,1
419186888,1,0,1
419199177,1,2,3
419251613,1,0,1
419266591,1,1,2
419461773,1,0,1
419526681,1,0,1
419606586,1,0,1
419633768,1,0,1
419739609,1,23,24
419782079,1,0,1
419951447,1,8,9
419988663,1,0,1
420040172,1,0,1
420087425,1,0,1
420096811,1,0,1
420158340,1,0,1
420440460,1,0,1
420446172,1,0,1
420730517,1,10,11
420866889,1,0,1
420984347,1,0,1
421152181,1,0,1
421353490,1,0,1
421382559,1,0,1
421455301,1,0,1
421509275,1,0,1
421844945,1,0,1
421867501,1,0,1
421971443,1,0,1
422007048,1,0,1
422016533,1,32,33
422152578,1,0,1
422200018,1,0,1
422231518,1,0,1
422250416,1,0,1
422295842,1,0,1
422320204,1,0,1
422321219,1,0,1
422733708,1,0,1
422791894,1,0,1
422979134,1,0,1
422983086,1,0,1
422990312,1,0,1
423073455,1,0,1
423146352,1,0,1
423156918,1,0,1
423203383,1,0,1
423585641,1,0,1
423619106,1,0,1
423667636,1,1,2
423674655,1,0,1
423677730,1,1,2
423767216,1,0,1
423801683,1,0,1
423810046,1,0,1
423833347,1,0,1
423896495,1,1,2
423908947,1,0,1
423910527,1,0,1
423912101,1,0,1
423970161,1,0,1
424231159,1,0,1
424238803,1,0,1
424320462,1,0,1
424579970,1,1,2
424726650,1,0,1
424730006,1,4,5
424906212,1,0,1
424958683,1,0,1
425247511,1,0,1
425284396,1,0,1
425291835,1,0,1
425331219,1,0,1
425437376,1,0,1
425441056,1,0,1
425449619,1,0,1
425481408,1,0,1
425846518,1,1,2
426013739,1,0,1
426127663,1,0,1
426143531,1,0,1
426200369,1,0,1
426217105,1,0,1
426225236,1,0,1
426279402,1,0,1
426287605,1,0,1
426291371,1,0,1
426368187,1,0,1
426401279,1,1,2
426641910,1,1,2
426706200,1,0,1
426713083,1,0,1
426739685,1,0,1
426825447,1,0,1
426898838,1,0,1
427036686,1,0,1
427077633,1,0,1
427098581,1,0,1
427130650,1,0,1
427148150,1,0,1
427156771,1,0,1
427201752,1,0,1
427526292,1,0,1
427541105,1,16,17
427699589,1,2,3
427746843,1,1,2
427759141,1,0,1
427769433,1,0,1
427855590,1,0,1
427861368,1,0,1
427878481,1,0,1
427879442,1,0,1
427891370,1,0,1
427916595,1,1,2
428078273,1,1,2
428181970,1,0,1
428332685,1,0,1
428372596,1,0,1
428455083,1,0,1
428467437,1,0,1
428479737,1,0,1
428483212,1,0,1
428519411,1,0,1
428553286,1,0,1
428588368,1,0,1
428638836,1,0,1
428645771,1,0,1
428697182,1,0,1
428713538,1,1,2
428720114,1,4,5
428742372,1,0,1
429020640,1,0,1
429042925,1,0,1
429419431,1,0,1
429480306,1,0,1
429502447,1,0,1
429514504,1,0,1
429958290,1,10,11
429997023,1,0,1
430046235,1,0,1
430155437,1,0,1
430157414,1,0,1
430213428,1,0,1
430234234,1,0,1
430377965,1,0,1
430389844,1,0,1
430399569,1,0,1
430439152,1,0,1
430462118,1,0,1
430777761,1,4,5
430883294,1,0,1
430978466,1,2,3
430996272,1,0,1
430999947,1,0,1
431029719,1,0,1
431032614,1,0,1
431056105,1,0,1
431072335,1,0,1
431074892,1,0,1
431081568,1,0,1
431094962,1,0,1
431136380,1,0,1
431151963,1,0,1
431241903,1,9,10
431719534,1,0,1
431987899,1,0,1
432075617,1,0,1
432166104,1,2,3
432334811,1,0,1
432392198,1,0,1
432495804,1,0,1
432959860,1,0,1
433034888,1,3,4
433164496,1,0,1
433178437,1,0,1
433361035,1,0,1
433383738,1,0,1
433534915,1,0,1
433540701,1,0,1
433563989,1,0,1
433587087,1,0,1
433598722,1,0,1
433599645,1,68,69
433657594,1,0,1
433666417,1,0,1
433716609,1,0,1
433734946,1,0,1
433735204,1,0,1
433754475,1,0,1
433789612,1,0,1
433811299,1,0,1
433819546,1,0,1
433820631,1,0,1
433961416,1,0,1
433986251,1,0,1
433998565,1,0,1
434028010,1,0,1
434467801,1,1,2
434485725,1,2,3
434556905,1,0,1
434569485,1,0,1
434621274,1,0,1
434626652,1,5,6
434653934,1,1,2
434681043,1,0,1
434759376,1,0,1
434859977,1,0,1
434882698,1,0,1
434903120,1,0,1
434927833,1,0,1
435156592,1,0,1
435276387,1,1,2
435288584,1,0,1
435288692,1,0,1
435317145,1,1,2
435365335,1,0,1
435423089,1,0,1
435431947,1,0,1
435486317,1,0,1
435619278,1,13,14
435853580,1,0,1
436032031,1,0,1
436033956,1,0,1
436106053,1,0,1
436126565,1,0,1
436151280,1,2,3
436343562,1,0,1
436351349,1,4,5
436395260,1,0,1
436407665,1,0,1
436431804,1,1,2
436758636,1,0,1
436828680,1,0,1
436877128,1,1,2
437102167,1,0,1
437153190,1,0,1
437182404,1,0,1
437213695,1,0,1
437223803,1,3,4
437900106,1,0,1
437948048,1,0,1
437957450,1,0,1
437973381,1,0,1
437991696,1,0,1
437995483,1,0,1
438013170,1,0,1
438021838,1,0,1
438022448,1,0,1
438034598,1,6,7
438045199,1,0,1
438092905,1,0,1
438159563,1,0,1
438207990,1,1,2
438213306,1,7,8
438298098,1,0,1
438343543,1,1,2
438564603,1,0,1
438716873,1,0,1
438733125,1,0,1
438830613,1,2,3
438842492,1,0,1
438843965,1,19,20
439457849,1,2,3
439523292,1,0,1
439563352,1,1,2
439607640,1,0,1
439607821,1,0,1
439644618,1,0,1
439712808,1,0,1
439740258,1,1,2
440283269,1,0,1
440348129,1,0,1
440456414,1,0,1
440523471,1,8,9
440536587,1,0,1
440587652,1,0,1
440707033,1,0,1
441011532,1,10,11
441182470,1,0,1
441310213,1,0,1
441366496,1,0,1
441412211,1,0,1
441572163,1,0,1
441732577,1,0,1
442096929,1,0,1
442099361,1,0,1
442113642,1,0,1
442153586,1,5,6
442311995,1,0,1
442421809,1,0,1
442453209,1,0,1
442500780,1,0,1
442573012,1,0,1
442838722,1,3,4
442847397,1,1,2
442954816,1,0,1
443078259,1,1,2
443199063,1,1,2
443251758,1,0,1
443268393,1,0,1
443295480,1,0,1
443301260,1,0,1
443349273,1,9,10
443359368,1,0,1
443409869,1,0,1
443422725,1,1,2
443431297,1,0,1
443484749,1,0,1
443790460,1,0,1
444163892,1,0,1
444190880,1,0,1
444199029,1,0,1
444239012,1,2,3
444240716,1,0,1
444242700,1,0,1
444264858,1,1,2
444306375,1,0,1
444307400,1,0,1
444373558,1,4,5
444494191,1,0,1
444534532,1,3,4
444801223,1,0,1
444824513,1,0,1
444864956,1,0,1
444871805,1,0,1
445090859,1,4,5
445118346,1,2,3
445203216,1,0,1
445231892,1,0,1
445238104,1,0,1
445306735,1,0,1
445798959,1,0,1
445825188,1,0,1
445871011,1,0,1
445898049,1,0,1
445960228,1,0,1
445988384,1,0,1
446482970,1,0,1
446567152,1,0,1
446608224,1,0,1
446636842,1,0,1
446682274,1,1,2
446692633,1,0,1
446711783,1,0,1
446753357,1,0,1
446770722,1,0,1
446845424,1,0,1
446921977,1,0,1
447245252,1,0,1
447247405,1,0,1
447285774,1,0,1
447404558,1,0,1
447422941,1,0,1
447440226,1,0,1
447501865,1,0,1
447589871,1,0,1
447756718,1,0,1
447815795,1,0,1
447908937,1,0,1
448012665,1,2,3
448346927,1,1,2
448379342,1,0,1
448563006,1,0,1
448583651,1,0,1
448597174,1,0,1
448984349,1,9,10
448995450,1,0,1
449125746,1,0,1
449202333,1,0,1
449246025,1,1,2
449348652,1,1,2
449358826,1,0,1
449364390,1,0,1
449381662,1,0,1
449398966,1,0,1
449707583,1,0,1
449898337,1,0,1
449918321,1,1,2
449996115,1,0,1
450028867,1,0,1
450232581,1,0,1
450269128,1,0,1
450306949,1,2,3
450383427,1,0,1
450413786,1,0,1
450931864,1,0,1
451048368,1,58,59
451267719,1,1,2
451614839,1,5,6
451657323,1,0,1
451758078,1,0,1
451803478,1,0,1
451824836,1,0,1
451838763,1,0,1
451857422,1,0,1
451878763,1,0,1
451925816,1,1,2
451953435,1,0,1
452255192,1,1,2
452302481,1,0,1
452388345,1,3,4
452560460,1,0,1
452572233,1,0,1
452589580,1,0,1
452629948,1,0,1
452667963,1,0,1
452702944,1,0,1
452753341,1,0,1
452781706,1,0,1
453085305,1,0,1
453286696,1,0,1
453290743,1,0,1
453328842,1,0,1
453403949,1,0,1
453407913,1,16,17
453445348,1,0,1
453468498,1,0,1
453473029,1,2,3
453484260,1,1,2
453581304,1,0,1
453610884,1,0,1
453638618,1,0,1
453647419,1,25,26
453662658,1,0,1
453682387,1,0,1
453769632,1,0,1
454038991,1,0,1
454078919,1,0,1
454118850,1,1,2
454146824,1,0,1
454165932,1,0,1
454261283,1,0,1
454554784,1,0,1
454561998,1,10,11
454571514,1,5,6
454600944,1,0,1
454737080,1,0,1
454937485,1,0,1
455029743,1,0,1
455114369,1,0,1
455198636,1,0,1
455288130,1,2,3
455314129,1,0,1
455324158,1,0,1
455403788,1,0,1
455407176,1,2,3
455420356,1,0,1
455764826,1,1,2
455906676,1,8,9
455957400,1,11,12
456078608,1,0,1
456097390,1,0,1
456140824,1,0,1
456248396,1,0,1
456275583,1,0,1
456291006,1,0,1
456356216,1,0,1
456372394,1,0,1
456627114,1,7,8
456641123,1,0,1
456729830,1,0,1
456741388,1,0,1
456918633,1,0,1
456940663,1,0,1
456958503,1,0,1
457027063,1,0,1
457033984,1,7,8
457034517,1,0,1
457121458,1,4,5
457134680,1,0,1
457158932,1,0,1
457177564,1,0,1
457232684,1,1,2
457253031,1,0,1
457321980,1,0,1
457370019,1,0,1
457591802,1,0,1
457951869,1,0,1
457993790,1,0,1
458035990,1,0,1
458102640,1,1,2
458354702,1,0,1
458376252,1,0,1
458447385,1,0,1
458627047,1,0,1
458631504,1,0,1
458633578,1,0,1
458663127,1,0,1
458681509,1,0,1
458717263,1,0,1
458718538,1,0,1
458748113,1,0,1
458863169,1,1,2
458880599,1,5,6
458918637,1,0,1
459297669,1,1,2
459445951,1,0,1
459471970,1,0,1
459512823,1,1,2
459547879,1,0,1
459620923,1,0,1
459741651,1,0,1
459785216,1,0,1
459875425,1,0,1
460078859,1,0,1
460115975,1,0,1
460388905,1,0,1
460472639,1,0,1
460501883,1,0,1
460661931,1,0,1
461242851,1,0,1
461281625,1,3,4
461428958,1,0,1
461509742,1,0,1
461530558,1,0,1
461561303,1,2,3
461613762,1,0,1
461659105,1,0,1
461666686,1,0,1
461670396,1,0,1
461677069,1,0,1
461678218,1,8,9
461735467,1,0,1
462242243,1,0,1
462336279,1,1,2
462340264,1,0,1
462496008,1,0,1
462498153,1,0,1
462540367,1,25,26
462549182,1,1,2
462550353,1,0,1
462568440,1,0,1
462586479,1,1,2
462618998,1,0,1
462688932,1,0,1
463041100,1,0,1
463111385,1,0,1
463180828,1,0,1
463209349,1,0,1
463262805,1,0,1
463272032,1,0,1
463273533,1,0,1
463304710,1,0,1
463428840,1,0,1
463452627,1,0,1
463469505,1,0,1
463495619,1,0,1
463515189,1,1,2
463604667,1,0,1
463609896,1,0,1
463728324,1,0,1
463765807,1,0,1
463910349,1,0,1
464186237,1,1,2
464238794,1,0,1
464267920,1,0,1
464273380,1,0,1
464291736,1,0,1
464342122,1,0,1
464364861,1,0,1
464370519,1,0,1
464377480,1,1,2
464380216,1,0,1
464383218,1,0,1
464391175,1,0,1
464392144,1,0,1
464490846,1,0,1
464622544,1,0,1
464733982,1,62,63
464784344,1,0,1
464964324,1,0,1
464974212,1,0,1
465015147,1,0,1
465157432,1,0,1
465637743,1,0,1
465693274,1,0,1
465711006,1,0,1
465721032,1,3,4
465796664,1,0,1
465824469,1,0,1
465849619,1,0,1
465879722,1,0,1
465902676,1,0,1
465995363,1,0,1
466001423,1,0,1
466013336,1,0,1
466085575,1,0,1
466111336,1,0,1
466156229,1,0,1
466175810,1,0,1
466202347,1,0,1
466204469,1,0,1
466280151,1,0,1
466419545,1,0,1
466577815,1,0,1
466595342,1,0,1
466812181,1,0,1
466857558,1,0,1
466874779,1,0,1
466918657,1,0,1
467011172,1,5,6
467062729,1,0,1
467083422,1,0,1
467145332,1,0,1
467289196,1,0,1
467320294,1,0,1
467408550,1,0,1
467523002,1,0,1
467528011,1,0,1
467533080,1,0,1
467760781,1,0,1
467917676,1,0,1
467969236,1,0,1
468019713,1,0,1
468033262,1,0,1
468138071,1,0,1
468525454,1,2,3
468662899,1,0,1
468710504,1,0,1
468767005,1,0,1
468782243,1,3,4
468820371,1,0,1
468822271,1,0,1
468841627,1,0,1
468913026,1,0,1
468939949,1,0,1
468944331,1,0,1
468971589,1,0,1
468976040,1,2,3
469279154,1,1,2
469299856,1,0,1
469539174,1,2,3
469654645,1,0,1
469656032,1,8,9
469657591,1,0,1
469726511,1,0,1
469844391,1,0,1
469872848,1,2,3
469943191,1,0,1
469957032,1,0,1
469974314,1,0,1
469977339,1,0,1
470277881,1,18,19
470401822,1,0,1
470698595,1,0,1
470749643,1,0,1
470776863,1,2,3
470779275,1,0,1
470796989,1,1,2
470847932,1,3,4
471251079,1,0,1
471380237,1,1,2
471569291,1,0,1
471593798,1,0,1
471622718,1,2,3
471635217,1,0,1
471648820,1,7,8
471674278,1,0,1
471683987,1,0,1
471709157,1,0,1
471777660,1,0,1
471785950,1,0,1
471790983,1,0,1
471808342,1,0,1
471845306,1,24,25
471890944,1,0,1
471949123,1,0,1
472012840,1,0,1
472114298,1,0,1
472133924,1,0,1
472149682,1,0,1
472250000,1,0,1
472325545,1,0,1
472396868,1,0,1
472426021,1,0,1
472508480,1,0,1
472512564,1,0,1
472516069,1,0,1
472595625,1,0,1
472606279,1,1,2
472718633,1,0,1
472750647,1,0,1
472970979,1,0,1
473113324,1,0,1
473226781,1,0,1
473228407,1,1,2
473272369,1,0,1
473290942,1,0,1
473303213,1,4,5
473358499,1,0,1
473447943,1,0,1
473511599,1,0,1
473528538,1,0,1
473590107,1,0,1
473637671,1,1,2
473720431,1,1,2
474053883,1,0,1
474090556,1,0,1
474267881,1,0,1
474307568,1,11,12
474361437,1,0,1
474421144,1,0,1
474427348,1,0,1
474460857,1,0,1
474513521,1,0,1
474536822,1,1,2
474547532,1,1,2
474550715,1,0,1
474575286,1,0,1
474581384,1,0,1
474605238,1,0,1
474627665,1,0,1
474679167,1,2,3
475158479,1,0,1
475404591,1,2,3
475482108,1,0,1
475666907,1,0,1
475878622,1,0,1
476010529,1,0,1
476182197,1,0,1
476205853,1,0,1
476314173,1,0,1
476318662,1,0,1
476379364,1,0,1
476395427,1,0,1
476477151,1,0,1
476541121,1,0,1
476689474,1,0,1
476750353,1,0,1
476905687,1,0,1
476968149,1,1,2
477087064,1,0,1
477129695,1,0,1
477132865,1,0,1
477134257,1,0,1
477302158,1,2,3
477333944,1,0,1
477470779,1,0,1
477477231,1,0,1
477633850,1,0,1
477703895,1,0,1
477787815,1,0,1
477972981,1,0,1
477984157,1,0,1
478052816,1,0,1
478129767,1,6,7
478166180,1,0,1
478223332,1,0,1
478328582,1,0,1
478349805,1,0,1
478393874,1,0,1
478477023,1,1,2
478738553,1,2,3
479168766,1,2,3
479376780,1,0,1
479857934,1,0,1
479868951,1,0,1
479890509,1,0,1
479894296,1,1,2
479954790,1,1,2
479980927,1,0,1
480014162,1,0,1
480027465,1,0,1
480084274,1,0,1
480091632,1,0,1
480346730,1,0,1
480638215,1,2,3
480727430,1,0,1
480780024,1,0,1
480811227,1,0,1
480828218,1,18,19
480894306,1,0,1
480942748,1,0,1
480962126,1,0,1
481372063,1,0,1
481439295,1,0,1
481587301,1,0,1
481594796,1,0,1
481596282,1,0,1
481674161,1,0,1
481734005,1,0,1
481736929,1,0,1
481762002,1,0,1
481812524,1,1,2
482100988,1,0,1
482210633,1,0,1
482398592,1,0,1
482449204,1,0,1
483170821,1,0,1
483214174,1,0,1
483251297,1,0,1
483266806,1,2,3
483361976,1,0,1
483485593,1,0,1
483533283,1,0,1
483536630,1,0,1
483537153,1,0,1
483554666,1,0,1
483578292,1,0,1
483770933,1,0,1
483941589,1,0,1
484053604,1,0,1
484226439,1,0,1
484374725,1,0,1
484399952,1,26,27
484402049,1,0,1
484512347,1,0,1
485004883,1,0,1
485037129,1,0,1
485041032,1,0,1
485077273,1,0,1
485078684,1,0,1
485099326,1,1,2
485144676,1,0,1
485151348,1,0,1
485202022,1,0,1
485315252,1,0,1
485373564,1,0,1
485390727,1,0,1
485429227,1,0,1
485593241,1,0,1
485770611,1,0,1
485796235,1,0,1
485892765,1,0,1
485939951,1,0,1
486091574,1,2,3
486107491,1,0,1
486129723,1,0,1
486549335,1,0,1
486846321,1,7,8
487116993,1,0,1
487154639,1,0,1
487191112,1,0,1
487241432,1,0,1
487273049,1,0,1
487495818,1,0,1
487571866,1,0,1
487893692,1,0,1
487999907,1,0,1
488160639,1,0,1
488413738,1,0,1
488433144,1,0,1
488574112,1,0,1
488696954,1,4,5
488717088,1,0,1
488829795,1,0,1
488833365,1,0,1
488894915,1,1,2
488901285,1,0,1
489071292,1,0,1
489135681,1,0,1
489161352,1,0,1
489314626,1,0,1
489330910,1,0,1
489441903,1,0,1
489532795,1,0,1
489569315,1,17,18
489620845,1,0,1
489750492,1,0,1
489913199,1,0,1
489949360,1,0,1
490081019,1,0,1
490308634,1,0,1
490390041,1,0,1
490621703,1,0,1
490660182,1,8,9
490679648,1,1,2
490687333,1,3,4
490741994,1,0,1
490844630,1,0,1
490853974,1,0,1
490885007,1,5,6
490897919,1,0,1
490909807,1,0,1
490960680,1,0,1
491360460,1,0,1
491368655,1,0,1
491378066,1,0,1
491704813,1,0,1
491756289,1,0,1
491788477,1,0,1
491840227,1,7,8
491859345,1,0,1
491862235,1,0,1
491869028,1,0,1
491907531,1,0,1
492034179,1,0,1
492109234,1,0,1
492305696,1,0,1
492317581,1,0,1
492548374,1,0,1
492611183,1,0,1
492628722,1,0,1
492747146,1,0,1
493276747,1,0,1
493513528,1,0,1
493552879,1,0,1
493624650,1,1,2
493645733,1,0,1
493838967,1,0,1
494316666,1,0,1
494332877,1,0,1
494344393,1,0,1
494467936,1,0,1
494481454,1,0,1
494571385,1,17,18
494595994,1,0,1
494636036,1,0,1
494763113,1,7,8
494768905,1,1,2
494906863,1,0,1
495099837,1,0,1
495207188,1,0,1
495223893,1,2,3
495397174,1,0,1
495465172,1,0,1
495514345,1,0,1
495525784,1,0,1
495534991,1,0,1
495608750,1,0,1
495633213,1,0,1
495635604,1,0,1
495744723,1,0,1
495789385,1,0,1
495973045,1,0,1
496018831,1,0,1
496069969,1,0,1
496166593,1,13,14
496458256,1,0,1
496458867,1,0,1
496623959,1,0,1
496654450,1,0,1
496668868,1,0,1
496698032,1,0,1
497133751,1,0,1
497239737,1,11,12
497343565,1,14,15
497376917,1,0,1
497432711,1,5,6
497479341,1,0,1
497514980,1,0,1
497524310,1,0,1
497565139,1,2,3
497806561,1,0,1
497825722,1,0,1
497825968,1,0,1
497837548,1,0,1
497875661,1,0,1
498125238,1,0,1
498225879,1,0,1
498282665,1,1,2
498321549,1,0,1
498407327,1,2,3
498426475,1,0,1
498483722,1,0,1
498486390,1,0,1
498552868,1,0,1
498560170,1,0,1
498889977,1,0,1
498986997,1,6,7
499117595,1,0,1
499233189,1,0,1
499292808,1,1,2
499327665,1,94,95
499436238,1,0,1
499448402,1,0,1
499481848,1,0,1
499816950,1,0,1
499990211,1,0,1
500087620,1,0,1
500108488,1,0,1
500217926,1,9,10
500245809,1,0,1
500384030,1,0,1
500402725,1,0,1
500739425,1,0,1
500824647,1,0,1
500958779,1,0,1
501091857,1,0,1
501112914,1,0,1
501328867,1,0,1
501360278,1,1,2
501369104,1,0,1
501398001,1,4,5
501405242,1,0,1
501410293,1,0,1
501426025,1,0,1
501456423,1,11,12
501477910,1,0,1
501893910,1,1,2
501998212,1,0,1
502026606,1,1,2
502208875,1,0,1
502291880,1,0,1
502354910,1,0,1
502368920,1,2,3
502475865,1,2,3
502529104,1,0,1
502884242,1,0,1
503025588,1,13,14
503064439,1,0,1
503074382,1,0,1
503335089,1,0,1
503518532,1,0,1
503579882,1,0,1
503637386,1,0,1
503855929,1,0,1
503876586,1,4,5
504554887,1,0,1
504851144,1,0,1
504945898,1,0,1
504991266,1,0,1
505057481,1,0,1
505124246,1,0,1
505143412,1,0,1
505187003,1,0,1
505243735,1,0,1
505321652,1,2,3
505591140,1,0,1
505836931,1,0,1
505914946,1,3,4
506033683,1,4,5
506096384,1,0,1
506174186,1,1,2
506343027,1,0,1
506396977,1,2,3
506426162,1,0,1
506479289,1,0,1
506498124,1,1,2
506533151,1,0,1
506582750,1,0,1
506664150,1,0,1
506680795,1,0,1
506726764,1,0,1
506785887,1,0,1
506790744,1,0,1
506794010,1,1,2
506825560,1,0,1
506857251,1,0,1
506943829,1,102,103
507352043,1,0,1
507850695,1,0,1
507911131,1,0,1
508008539,1,0,1
508769785,1,6,7
508953310,1,0,1
509235616,1,0,1
509336582,1,0,1
509402545,1,1,2
509543510,1,0,1
509569081,1,0,1
509613097,1,0,1
509755838,1,0,1
509894255,1,0,1
510679846,1,1,2
511004027,1,0,1
511061773,1,0,1
511147962,1,0,1
511300243,1,0,1
511435006,1,0,1
511505534,1,0,1
512135401,1,0,1
512317118,1,5,6
512465557,1,118,119
512525774,1,1,2
512601505,1,0,1
512655524,1,0,1
512661784,1,0,1
512693874,1,0,1
512695439,1,0,1
512833496,1,0,1
513350361,1,0,1
513366951,1,0,1
513533148,1,0,1
513595240,1,0,1
513825629,1,0,1
513834326,1,0,1
513834970,1,0,1
513923943,1,0,1
513994063,1,0,1
514082636,1,0,1
514190624,1,0,1
514206631,1,0,1
514406036,1,0,1
514440388,1,0,1
514811639,1,1,2
514842923,1,0,1
514996430,1,0,1
515235697,1,0,1
515478389,1,0,1
515525398,1,3,4
515791810,1,0,1
515854734,1,1,2
515865901,1,0,1
515986754,1,0,1
516043393,1,0,1
516069317,1,1,2
516093277,1,0,1
516138193,1,0,1
516170860,1,0,1
516447380,1,1,2
516530553,1,0,1
516636730,1,0,1
516757173,1,0,1
517013326,1,0,1
517060849,1,0,1
517165384,1,0,1
517655237,1,0,1
517758708,1,0,1
517784675,1,1,2
517811074,1,0,1
517811435,1,0,1
517888694,1,0,1
517938441,1,0,1
518018426,1,0,1
518069787,1,0,1
518081166,1,0,1
518084804,1,0,1
518108458,1,0,1
518155704,1,0,1
518179503,1,0,1
518229723,1,2,3
518697925,1,0,1
518709000,1,0,1
519003924,1,0,1
519075341,1,0,1
519114479,1,0,1
519128342,1,0,1
519128356,1,0,1
519168082,1,12,13
519321360,1,0,1
519550050,1,0,1
519582295,1,0,1
519620018,1,0,1
519664780,1,2,3
519670147,1,0,1
519836942,1,1,2
520020573,1,0,1
520042653,1,2,3
520128391,1,0,1
520193464,1,0,1
520410021,1,0,1
520540424,1,0,1
520644820,1,0,1
520695798,1,7,8
520892193,1,0,1
520926069,1,0,1
520931927,1,3,4
520933228,1,0,1
520969854,1,0,1
521004792,1,0,1
521096884,1,19,20
521183213,1,0,1
521423709,1,0,1
521668111,1,0,1
521744285,1,0,1
521750943,1,4,5
521817111,1,7,8
521927795,1,0,1
522066958,1,0,1
522161802,1,3,4
522201237,1,8,9
522405121,1,0,1
522429084,1,0,1
522499595,1,0,1
522531967,1,0,1
522593875,1,4,5
522623831,1,0,1
522644616,1,1,2
522654406,1,0,1
522800679,1,0,1
523615755,1,0,1
523632645,1,0,1
523671779,1,3,4
523753071,1,0,1
523928400,1,0,1
523974451,1,0,1
524007762,1,0,1
524151803,1,0,1
524444604,1,0,1
524510111,1,0,1
524830749,1,1,2
524865774,1,0,1
524954979,1,0,1
525033141,1,0,1
525150203,1,0,1
525622834,1,2,3
525628926,1,0,1
525827471,1,0,1
525836130,1,0,1
525896891,1,1,2
525998738,1,0,1
526051729,1,0,1
526093718,1,0,1
526525770,1,0,1
526823306,1,0,1
527073023,1,0,1
527151033,1,0,1
527460489,1,0,1
527462730,1,0,1
527519412,1,0,1
527639987,1,0,1
527643792,1,0,1
527652969,1,8,9
527804333,1,0,1
527891105,1,0,1
528180688,1,0,1
528283242,1,0,1
528629420,1,0,1
528770656,1,0,1
528794879,1,0,1
528977925,1,0,1
528983483,1,0,1
528992352,1,0,1
529075450,1,0,1
529524580,1,0,1
529543444,1,0,1
529548903,1,0,1
529560157,1,1,2
529634224,1,0,1
529679453,1,0,1
529688942,1,0,1
529769419,1,0,1
529964292,1,3,4
529977327,1,0,1
530832116,1,2,3
530862068,1,0,1
530871626,1,0,1
530930553,1,0,1
531194664,1,0,1
531229094,1,0,1
531233298,1,46,47
531237954,1,0,1
531400016,1,0,1
531714021,1,0,1
531717096,1,0,1
531732213,1,0,1
531733123,1,0,1
531793957,1,0,1
531819488,1,2,3
531951192,1,0,1
531959784,1,0,1
532109000,1,0,1
532261338,1,0,1
532368706,1,0,1
532527902,1,0,1
532690100,1,2,3
532732780,1,0,1
532754681,1,0,1
532765624,1,0,1
532772693,1,0,1
532796634,1,0,1
532898881,1,12,13
533043589,1,0,1
533282156,1,2,3
533302708,1,0,1
533321347,1,0,1
533335631,1,0,1
533363833,1,0,1
533445959,1,0,1
533524222,1,0,1
533577580,1,0,1
534327789,1,2,3
534396125,1,0,1
534452132,1,0,1
534486394,1,0,1
534577219,1,1,2
534642440,1,5,6
534668142,1,0,1
534679109,1,0,1
534804442,1,0,1
534826529,1,0,1
534870030,1,0,1
534884819,1,1,2
534945787,1,0,1
534948459,1,0,1
535079024,1,7,8
535107412,1,0,1
535107906,1,0,1
535477232,1,0,1
535596061,1,0,1
535680304,1,2,3
535712425,1,0,1
535788905,1,0,1
535866328,1,1,2
535918372,1,0,1
535944424,1,0,1
535962017,1,0,1
535973949,1,1,2
536049939,1,0,1
536269467,1,0,1
536310418,1,0,1
536484518,1,0,1
536542073,1,0,1
536553630,1,0,1
536641934,1,0,1
536721306,1,0,1
536751768,1,0,1
537433628,1,0,1
537487691,1,9,10
537696954,1,0,1
537734363,1,0,1
537778748,1,0,1
537832861,1,0,1
538038183,1,0,1
538304939,1,1,2
538591208,1,0,1
538656880,1,0,1
538671065,1,0,1
538672722,1,0,1
538726668,1,2,3
538888378,1,0,1
539030585,1,0,1
539195721,1,0,1
539275890,1,1,2
539462591,1,0,1
539602823,1,0,1
539625660,1,0,1
539702145,1,0,1
539710665,1,0,1
539899661,1,1,2
539981230,1,0,1
540127192,1,0,1
540173505,1,1,2
540243542,1,0,1
540285901,1,0,1
540295061,1,5,6
540296450,1,0,1
540411359,1,0,1
540437118,1,0,1
540438184,1,0,1
540476253,1,0,1
540482921,1,0,1
540534904,1,0,1
540796640,1,0,1
540917735,1,0,1
540966457,1,8,9
541022306,1,0,1
541176656,1,1,2
541375566,1,1,2
541446063,1,0,1
541845484,1,0,1
541908807,1,0,1
542206611,1,0,1
542378745,1,1,2
542381349,1,0,1
542714567,1,0,1
543028480,1,17,18
543038080,1,0,1
543097909,1,0,1
543216473,1,0,1
543577556,1,0,1
543595530,1,17,18
543700872,1,0,1
543946890,1,0,1
543968127,1,0,1
544058178,1,0,1
544213107,1,21,22
544691112,1,2,3
544725888,1,0,1
544751945,1,0,1
544819255,1,0,1
544837812,1,0,1
544840500,1,0,1
544867331,1,4,5
545009353,1,0,1
545203772,1,0,1
545387817,1,0,1
545418296,1,0,1
545436877,1,0,1
545453917,1,0,1
545475844,1,2,3
545965600,1,0,1
546015455,1,2,3
546116911,1,0,1
546204221,1,0,1
546305533,1,1,2
546383386,1,0,1
546400919,1,0,1
546470845,1,0,1
546482973,1,0,1
546540157,1,0,1
546815595,1,0,1
547037533,1,0,1
547069389,1,0,1
547113947,1,1,2
547136809,1,0,1
547145503,1,0,1
547158347,1,0,1
547308353,1,0,1
547317369,1,1,2
547336380,1,0,1
547459055,1,0,1
547520229,1,0,1
547717579,1,0,1
547739074,1,0,1
547753852,1,0,1
547849237,1,6,7
547864562,1,0,1
547985293,1,0,1
547989204,1,0,1
548038578,1,6,7
548044429,1,0,1
548046967,1,0,1
548110023,1,14,15
548198437,1,0,1
548648049,1,0,1
548741960,1,0,1
548759157,1,0,1
548804354,1,0,1
548935426,1,0,1
548991558,1,0,1
549180302,1,0,1
549280205,1,0,1
549353583,1,1,2
549457231,1,0,1
549466837,1,0,1
549534203,1,0,1
549566729,1,0,1
549640604,1,0,1
549644120,1,0,1
549658504,1,0,1
549669657,1,0,1
549698291,1,0,1
549770642,1,0,1
550158870,1,0,1
550285019,1,3,4
550459515,1,1,2
550534681,1,0,1
550617260,1,0,1
550622146,1,0,1
550751443,1,0,1
550818572,1,0,1
550890613,1,3,4
551133300,1,0,1
551133341,1,2,3
551319139,1,0,1
551339541,1,0,1
551465340,1,0,1
551504670,1,0,1
551527380,1,0,1
551550270,1,0,1
551577276,1,0,1
552026412,1,0,1
552150476,1,2,3
552360388,1,0,1
552680798,1,0,1
552986061,1,0,1
553006088,1,0,1
553038407,1,0,1
553166953,1,0,1
553177273,1,0,1
553179280,1,0,1
553209635,1,0,1
553303061,1,0,1
553538641,1,0,1
553603316,1,0,1
553690400,1,6,7
553761451,1,0,1
553803409,1,5,6
553868541,1,2,3
553882701,1,0,1
553923380,1,1,2
553946392,1,0,1
554140677,1,1,2
554559778,1,0,1
554615420,1,0,1
554676313,1,0,1
554795962,1,0,1
554849027,1,0,1
554886462,1,0,1
555321360,1,3,4
555445964,1,0,1
555479097,1,0,1
555504754,1,0,1
555505431,1,0,1
555540137,1,0,1
555601944,1,0,1
555627337,1,0,1
556180427,1,0,1
556250187,1,0,1
556330756,1,0,1
556346002,1,2,3
556403235,1,0,1
556415101,1,0,1
556417595,1,0,1
556435398,1,0,1
556527657,1,0,1
556536285,1,0,1
556911573,1,0,1
556962295,1,1,2
557054364,1,0,1
557149347,1,0,1
557225794,1,0,1
557295751,1,0,1
557346172,1,0,1
557377597,1,0,1
557384619,1,0,1
557403384,1,0,1
557459898,1,0,1
557614924,1,0,1
557945241,1,0,1
557965009,1,0,1
558020266,1,0,1
558070986,1,0,1
558128365,1,0,1
558131517,1,0,1
558185992,1,0,1
558253722,1,0,1
558319107,1,0,1
558685306,1,0,1
558742753,1,0,1
558899747,1,1,2
558925682,1,1,2
558978972,1,0,1
558994034,1,0,1
559026457,1,2,3
559094414,1,0,1
559124569,1,0,1
559161505,1,0,1
559681926,1,2,3
559688651,1,32,33
559822346,1,0,1
560004103,1,0,1
560013706,1,0,1
560153673,1,0,1
560154652,1,0,1
560318773,1,0,1
560523300,1,0,1
560596598,1,0,1
560636042,1,0,1
560782335,1,18,19
560872124,1,0,1
561202796,1,0,1
561241019,1,0,1
561404280,1,0,1
561490278,1,0,1
561595402,1,0,1
561623791,1,0,1
561736110,1,0,1
561743292,1,2,3
561991252,1,0,1
562024166,1,0,1
562079234,1,0,1
562336204,1,0,1
562967657,1,0,1
562974266,1,1,2
563240607,1,0,1
563292608,1,0,1
563838704,1,0,1
563971132,1,0,1
564011576,1,0,1
564073890,1,0,1
564086507,1,1,2
564274133,1,0,1
564274797,1,0,1
564511791,1,0,1
564537476,1,2,3
564656140,1,1,2
565008398,1,0,1
565055857,1,0,1
565063247,1,0,1
565110113,1,3,4
565145796,1,5,6
565154732,1,0,1
565214466,1,0,1
565568156,1,0,1
565837253,1,10,11
565964261,1,0,1
565968955,1,17,18
565997179,1,1,2
566097819,1,0,1
566515950,1,11,12
566522715,1,0,1
566620679,1,3,4
566682549,1,22,23
566842316,1,0,1
566886663,1,0,1
567322123,1,0,1
567444911,1,0,1
567507895,1,3,4
567523439,1,0,1
567598212,1,0,1
567690238,1,0,1
567697812,1,1,2
567810656,1,4,5
567821308,1,0,1
568022600,1,0,1
568195380,1,0,1
568455744,1,0,1
568651562,1,2,3
568831783,1,1,2
568856381,1,0,1
569185432,1,0,1
569418815,1,0,1
569696649,1,0,1
569752164,1,0,1
570054085,1,0,1
570219533,1,0,1
570380337,1,0,1
570460788,1,0,1
570576141,1,0,1
570954699,1,0,1
570962113,1,0,1
571078853,1,0,1
571459906,1,0,1
571595961,1,0,1
571671348,1,2,3
572012056,1,0,1
572055363,1,0,1
572099662,1,0,1
572119468,1,0,1
572132543,1,1,2
572138913,1,0,1
572162573,1,0,1
572188302,1,1,2
572825681,1,0,1
572918424,1,0,1
572951588,1,2,3
573149452,1,0,1
573280267,1,0,1
573287061,1,0,1
573393164,1,0,1
573955146,1,0,1
574024165,1,10,11
574077292,1,0,1
574239184,1,0,1
574399147,1,0,1
574490389,1,1,2
574526535,1,0,1
574569344,1,0,1
574611834,1,0,1
574701848,1,0,1
574774025,1,9,10
574979600,1,0,1
575110326,1,0,1
575509738,1,1,2
575586273,1,0,1
575590636,1,0,1
575718401,1,4,5
575798155,1,0,1
575830617,1,0,1
575889548,1,0,1
575916150,1,0,1
575983493,1,1,2
576004334,1,6,7
576045804,1,0,1
576046927,1,0,1
576242526,1,2,3
576253719,1,5,6
576320485,1,0,1
576322936,1,0,1
576552875,1,2,3
576623169,1,0,1
576649650,1,16,17
576677039,1,0,1
576714571,1,0,1
576768151,1,0,1
577010294,1,0,1
577399700,1,1,2
577522338,1,0,1
577526312,1,3,4
577528972,1,3,4
577557755,1,0,1
577558967,1,0,1
577709250,1,0,1
577723177,1,0,1
578142831,1,0,1
578245066,1,0,1
578258555,1,1,2
578297922,1,0,1
578343766,1,0,1
578555238,1,0,1
578626280,1,0,1
578642240,1,0,1
578657920,1,0,1
578772861,1,0,1
578813056,1,0,1
579176805,1,0,1
579194867,1,0,1
579343278,1,0,1
579384193,1,0,1
579434144,1,2,3
579439153,1,0,1
579456513,1,0,1
579538740,1,0,1
579802621,1,1,2
579871412,1,72,73
579876161,1,15,16
579878248,1,15,16
579942548,1,0,1
579964074,1,0,1
580026045,1,0,1
580045479,1,0,1
580223849,1,4,5
580246503,1,0,1
580312160,1,1,2
580319400,1,0,1
580457981,1,1,2
580463283,1,0,1
580715061,1,25,26
580850407,1,0,1
580879555,1,0,1
580889551,1,0,1
581091023,1,19,20
581191198,1,0,1
581227789,1,0,1
581234377,1,0,1
581249375,1,0,1
581298161,1,0,1
581325430,1,0,1
581348976,1,0,1
581363005,1,3,4
581414703,1,3,4
581438207,1,0,1
581586486,1,0,1
581632623,1,0,1
581866178,1,0,1
581872262,1,3,4
581894610,1,0,1
582444261,1,282,283
582490539,1,0,1
582657001,1,1,2
582700637,1,0,1
582829522,1,1,2
583238735,1,0,1
583266692,1,2,3
583362716,1,0,1
583366414,1,0,1
583904348,1,0,1
583960216,1,0,1
584093235,1,0,1
584109183,1,0,1
584169252,1,0,1
584324948,1,0,1
584389352,1,5,6
584434846,1,0,1
584861430,1,0,1
584984159,1,1,2
585124708,1,0,1
585172516,1,0,1
585293611,1,3,4
585353423,1,0,1
585362693,1,0,1
585935290,1,0,1
585997592,1,0,1
586493995,1,1,2
586542951,1,14,15
586976360,1,19,20
587007176,1,0,1
587069745,1,0,1
587132514,1,0,1
587139725,1,0,1
587168654,1,0,1
587677124,1,0,1
587677648,1,0,1
587760625,1,0,1
587817016,1,0,1
587825968,1,1,2
587991214,1,0,1
588172580,1,0,1
588180335,1,0,1
588285037,1,0,1
588514796,1,0,1
588587293,1,0,1
588610741,1,0,1
588621710,1,0,1
588797235,1,0,1
588982715,1,0,1
589205592,1,0,1
589297737,1,1,2
589351541,1,16,17
589420318,1,0,1
589480602,1,0,1
589492130,1,0,1
589500806,1,0,1
589570072,1,0,1
590086360,1,0,1
590147286,1,0,1
590208141,1,0,1
590476856,1,0,1
590575429,1,0,1
590579238,1,1,2
590968510,1,0,1
591085144,1,0,1
591362673,1,0,1
591511350,1,0,1
591867691,1,2,3
592104691,1,0,1
592315540,1,0,1
592344085,1,0,1
592344488,1,0,1
592373333,1,9,10
592441524,1,0,1
592842109,1,0,1
593057336,1,0,1
593336531,1,1,2
593700012,1,2,3
593994474,1,0,1
594063063,1,1,2
594116718,1,35,36
594186924,1,0,1
594218558,1,0,1
594285941,1,0,1
594425643,1,0,1
594793962,1,0,1
594944036,1,0,1
595018072,1,1,2
595115278,1,0,1
595150633,1,0,1
595457631,1,0,1
595784908,1,0,1
595827435,1,4,5
595846127,1,0,1
595853689,1,0,1
595869865,1,0,1
595906382,1,0,1
595942944,1,0,1
595996023,1,0,1
596144678,1,7,8
596311249,1,2,3
596365987,1,0,1
596609289,1,0,1
596698190,1,0,1
596733974,1,1,2
596767134,1,0,1
596895232,1,1,2
597010562,1,1,2
597025677,1,0,1
597219629,1,7,8
597609565,1,0,1
597907130,1,0,1
597914409,1,0,1
597959934,1,0,1
598083956,1,0,1
598396543,1,0,1
598420805,1,0,1
598504364,1,0,1
598519289,1,1,2
598624948,1,0,1
598655835,1,0,1
598689108,1,0,1
598723666,1,0,1
598744180,1,0,1
598813780,1,2,3
598817544,1,0,1
598940827,1,1,2
599034459,1,0,1
599163835,1,0,1
599265539,1,0,1
599660311,1,0,1
599799558,1,0,1
600013955,1,0,1
600124948,1,0,1
600135977,1,0,1
600143518,1,0,1
600503639,1,2,3
600544905,1,0,1
600589079,1,0,1
600648246,1,0,1
600671154,1,0,1
600734790,1,0,1
600739567,1,0,1
601037501,1,1,2
601064827,1,0,1
601249300,1,0,1
601304935,1,0,1
601320272,1,0,1
601598139,1,0,1
601980068,1,0,1
602112659,1,0,1
602310535,1,0,1
602393092,1,0,1
602517366,1,0,1
602541225,1,0,1
602651326,1,0,1
602891506,1,0,1
602986776,1,0,1
603008354,1,0,1
603263016,1,0,1
603275513,1,4,5
603490603,1,0,1
603549409,1,11,12
603715489,1,0,1
603805493,1,0,1
603820909,1,3,4
603891688,1,0,1
603927964,1,0,1
604146429,1,0,1
604235867,1,0,1
604249300,1,0,1
604311870,1,0,1
604675495,1,0,1
604724930,1,0,1
604940737,1,3,4
604945232,1,0,1
604967499,1,0,1
605051433,1,0,1
605226861,1,0,1
605475177,1,0,1
605479756,1,0,1
605594425,1,0,1
605634886,1,0,1
605812843,1,0,1
605889893,1,2,3
605919031,1,0,1
605948071,1,0,1
606017703,1,0,1
606034920,1,0,1
606357672,1,0,1
606405026,1,0,1
606545302,1,0,1
606732631,1,0,1
606778234,1,0,1
606811947,1,2,3
606985756,1,1,2
607106176,1,0,1
607159517,1,0,1
607305892,1,3,4
607540804,1,0,1
607544129,1,0,1
607557900,1,0,1
607684851,1,0,1
607724593,1,2,3
607748559,1,0,1
607763116,1,0,1
607839844,1,0,1
608389720,1,0,1
608420888,1,0,1
608433158,1,0,1
608437408,1,0,1
608441363,1,0,1
608442715,1,0,1
608483872,1,0,1
608500797,1,0,1
608505126,1,0,1
608667413,1,1,2
608817322,1,7,8
609022568,1,0,1
609130298,1,0,1
610385634,1,3,4
610406365,1,0,1
610460203,1,0,1
610509806,1,1,2
610550068,1,0,1
610617794,1,0,1
610651787,1,0,1
610700140,1,0,1
610865290,1,0,1
610887556,1,0,1
610931727,1,0,1
611038336,1,0,1
611092288,1,0,1
611096284,1,0,1
611108385,1,0,1
611178115,1,0,1
611194894,1,0,1
611224053,1,0,1
611230911,1,0,1
611305743,1,0,1
611490036,1,37,38
611816381,1,0,1
611848070,1,0,1
611884343,1,0,1
612115197,1,1,2
612121633,1,0,1
612151875,1,2,3
612252902,1,2,3
612367788,1,0,1
612386327,1,0,1
612497418,1,0,1
612520755,1,0,1
612693663,1,0,1
612755128,1,0,1
612759839,1,0,1
612898763,1,0,1
612972910,1,0,1
613075080,1,0,1
613089895,1,6,7
613114273,1,0,1
613149011,1,0,1
613202157,1,0,1
613258464,1,0,1
613276012,1,23,24
613320136,1,0,1
613326720,1,0,1
613371573,1,0,1
613466541,1,0,1
613488927,1,0,1
613554748,1,0,1
613566526,1,0,1
613569273,1,0,1
613587887,1,0,1
613608665,1,0,1
613659009,1,0,1
613731939,1,1,2
613816524,1,0,1
613830142,1,0,1
613859098,1,0,1
613878978,1,0,1
613904546,1,0,1
613919109,1,0,1
613960527,1,0,1
613967641,1,0,1
613968190,1,1,2
613998582,1,0,1
614000708,1,0,1
614039798,1,0,1
614045433,1,0,1
614096914,1,13,14
614158530,1,0,1
614260204,1,0,1
614277543,1,0,1
614401947,1,1,2
614555954,1,0,1
614585101,1,0,1
614585173,1,0,1
614675883,1,0,1
614725979,1,0,1
614762114,1,0,1
614766479,1,0,1
614789691,1,0,1
614838789,1,3,4
614906361,1,0,1
614917907,1,0,1
614939122,1,1,2
615070166,1,0,1
615126008,1,0,1
615131428,1,0,1
615177066,1,0,1
615210566,1,0,1
615244051,1,0,1
615268935,1,0,1
615292394,1,0,1
615395548,1,0,1
615427629,1,0,1
615479073,1,0,1
615627410,1,14,15
615634134,1,0,1
615634780,1,0,1
615645997,1,0,1
615685192,1,0,1
615731461,1,0,1
615746119,1,0,1
615792448,1,0,1
615806991,1,0,1
615895787,1,0,1
615909372,1,0,1
615934167,1,0,1
615942457,1,0,1
616014563,1,0,1
616041089,1,0,1
616052791,1,0,1
616138397,1,9,10
616170108,1,0,1
616179301,1,0,1
616189287,1,0,1
616362461,1,0,1
616364489,1,0,1
616423656,1,15,16
616442896,1,0,1
616482072,1,0,1
616542378,1,0,1
616582514,1,0,1
616637185,1,0,1
616968949,1,0,1
617000324,1,0,1
617003817,1,0,1
617051243,1,0,1
617064836,1,0,1
617164362,1,0,1
617205882,1,0,1
617211104,1,0,1
617236339,1,0,1
617255487,1,0,1
617358335,1,0,1
617398802,1,0,1
617427133,1,0,1
617454734,1,0,1
617517639,1,5,6
617520178,1,4,5
617541104,1,0,1
617543636,1,0,1
617555383,1,0,1
617621745,1,0,1
617635558,1,0,1
617638054,1,1,2
617702434,1,0,1
617709054,1,0,1
617759964,1,0,1
617793112,1,0,1
617816730,1,0,1
617831001,1,0,1
617854798,1,35,36
617858238,1,0,1
617858499,1,0,1
618384616,1,0,1
618391933,1,1,2
618416407,1,0,1
618455510,1,0,1
618473474,1,0,1
618476728,1,0,1
618488596,1,0,1
618559056,1,0,1
618671819,1,0,1
618696756,1,0,1
618706625,1,0,1
618730237,1,0,1
618755546,1,0,1
618786317,1,0,1
618787400,1,0,1
618805855,1,0,1
618840131,1,0,1
618856528,1,0,1
618885047,1,0,1
618889980,1,0,1
618894767,1,0,1
618940582,1,0,1
618957395,1,0,1
618959273,1,0,1
618976141,1,0,1
618999760,1,0,1
619013948,1,0,1
619079408,1,0,1
619111238,1,0,1
619111996,1,0,1
619119518,1,0,1
619168415,1,0,1
619189932,1,0,1
619209933,1,0,1
619297318,1,0,1
619301701,1,0,1
619352796,1,0,1
619402875,1,0,1
619406917,1,0,1
619493573,1,1,2
619553495,1,0,1
619798621,1,0,1
620042741,1,0,1
620075132,1,0,1
620460259,1,3,4
620484999,1,4,5
620485750,1,5,6
620544423,1,15,16
620568318,1,0,1
620650049,1,0,1
620994839,1,0,1
621076173,1,0,1
621385278,1,0,1
621464573,1,0,1
621465215,1,0,1
621526700,1,0,1
622172274,1,0,1
622249381,1,1,2
622297812,1,0,1
622375707,1,13,14
622478398,1,0,1
622870417,1,0,1
623094484,1,0,1
623132586,1,0,1
623201665,1,0,1
623302250,1,0,1
623376291,1,0,1
623501931,1,0,1
623787895,1,0,1
624091714,1,0,1
624112314,1,2,3
624186223,1,1,2
624199768,1,0,1
624264606,1,2,3
624286480,1,0,1
624315751,1,0,1
624567126,1,0,1
624852252,1,12,13
624952362,1,0,1
624959107,1,0,1
624976992,1,1,2
625023652,1,0,1
625350616,1,0,1
625479510,1,18,19
625606959,1,0,1
626041143,1,0,1
626066611,1,0,1
626074814,1,0,1
626083614,1,0,1
626107164,1,2,3
626181787,1,0,1
626183670,1,0,1
626402144,1,2,3
626768825,1,2,3
626857428,1,0,1
626919165,1,0,1
627001855,1,0,1
627002522,1,0,1
627189408,1,0,1
627363601,1,0,1
627465701,1,0,1
627552505,1,8,9
627670780,1,0,1
627674747,1,0,1
627801395,1,0,1
627945776,1,0,1
628027557,1,1,2
628599231,1,0,1
628797827,1,0,1
629197834,1,0,1
629423992,1,0,1
629426176,1,0,1
629552947,1,0,1
629647483,1,0,1
629689403,1,0,1
629740079,1,0,1
629917409,1,0,1
630258974,1,0,1
630394456,1,0,1
630518888,1,4,5
630528406,1,0,1
630647847,1,7,8
630784840,1,0,1
630832318,1,3,4
631027504,1,0,1
631098207,1,2,3
631109702,1,0,1
631135371,1,0,1
631204213,1,0,1
631291724,1,0,1
631457307,1,1,2
631606784,1,0,1
631647574,1,0,1
631680513,1,0,1
631695998,1,0,1
631704732,1,8,9
631707115,1,0,1
631716080,1,0,1
631717335,1,0,1
631892576,1,0,1
631951943,1,0,1
631980841,1,0,1
631999609,1,0,1
632114242,1,3,4
632196600,1,0,1
632265288,1,0,1
632286050,1,0,1
632338884,1,1,2
632431820,1,6,7
632510441,1,0,1
632521619,1,0,1
632573937,1,0,1
632592226,1,0,1
632609918,1,0,1
633090146,1,0,1
633106875,1,0,1
633167811,1,0,1
633304936,1,0,1
633372806,1,2,3
633459593,1,0,1
633462256,1,1,2
633540325,1,0,1
633566522,1,0,1
633756910,1,0,1
633821086,1,0,1
633995289,1,0,1
634042390,1,0,1
634106096,1,0,1
634113072,1,0,1
634170042,1,5,6
634235342,1,0,1
634716993,1,0,1
634817098,1,0,1
634891069,1,0,1
634920563,1,0,1
634931321,1,0,1
634946470,1,0,1
634981299,1,4,5
635002286,1,0,1
635049051,1,0,1
635067801,1,0,1
635110931,1,0,1
635258913,1,0,1
635449460,1,0,1
635539574,1,0,1
635732725,1,0,1
635758930,1,0,1
635863078,1,0,1
636508290,1,0,1
636642759,1,1,2
636773742,1,0,1
636797283,1,0,1
637127576,1,0,1
637143130,1,0,1
637212323,1,0,1
637260826,1,0,1
637290737,1,0,1
637369141,1,0,1
637413543,1,0,1
700005206,1,0,1
700110661,1,0,1
700111031,1,0,1
700131445,1,0,1
700232540,1,0,1
700611775,1,0,1
700672799,1,0,1
701023170,1,6,7
701470365,1,0,1
701740966,1,0,1
701825647,1,0,1
701949307,1,0,1
702049535,1,1,2
702372955,1,0,1
702505561,1,0,1
702623987,1,0,1
703171865,1,0,1
703616342,1,0,1
703726364,1,0,1
703869363,1,0,1
704062351,1,1,2
704095867,1,0,1
704229361,1,25,26
704879725,1,0,1
705690618,1,3,4
705790112,1,0,1
705876062,1,0,1
705939786,1,0,1
705973075,1,0,1
706298768,1,0,1
706334160,1,0,1
706922733,1,0,1
707301260,1,1,2
707939791,1,0,1
708314495,1,0,1
708486010,1,0,1
708547743,1,0,1
708723064,1,0,1
708770888,1,0,1
709144993,1,6,7
709459327,1,0,1
709579251,1,1,2
709719018,1,0,1
709988176,1,0,1
710016314,1,0,1
710289131,1,0,1
710393903,1,0,1
711229446,1,0,1
711266287,1,0,1
711704664,1,0,1
711734688,1,6,7
711750008,1,0,1
711784935,1,0,1
711823909,1,0,1
711826315,1,0,1
712591118,1,0,1
712729874,1,0,1
712806392,1,0,1
712994198,1,0,1
713103947,1,0,1
713171498,1,1,2
713290266,1,0,1
713324136,1,0,1
713748836,1,0,1
713781036,1,0,1
714298183,1,0,1
714556171,1,0,1
714716130,1,1,2
714793779,1,0,1
714972354,1,3,4
715136468,1,0,1
715185692,1,0,1
715230380,1,0,1
715479965,1,0,1
715755824,1,2,3
716175014,1,0,1
716303367,1,0,1
716483658,1,0,1
716616177,1,0,1
716813053,1,183,184
716822580,1,0,1
716893538,1,2,3
716978995,1,0,1
717020725,1,0,1
717075582,1,1,2
717227520,1,0,1
717277464,1,0,1
717452900,1,0,1
718194142,1,0,1
718447858,1,0,1
718705266,1,0,1
718987815,1,0,1
719197450,1,0,1
719212117,1,1,2
719351942,1,0,1
719487638,1,0,1
719696482,1,0,1
720399032,1,0,1
720901208,1,0,1
721171921,1,1,2
721208256,1,0,1
721216495,1,1,2
721316096,1,0,1
721355708,1,0,1
721539937,1,0,1
722229458,1,0,1
722246678,1,0,1
722670864,1,0,1
722684492,1,0,1
722713742,1,0,1
723026413,1,0,1
723081270,1,0,1
723548257,1,0,1
724276512,1,0,1
724323512,1,2,3
724395564,1,1,2
724422877,1,0,1
724725618,1,0,1
724996952,1,0,1
725129119,1,0,1
725292612,1,0,1
726161732,1,0,1
726442202,1,1,2
726552295,1,0,1
726560900,1,1,2
726727314,1,0,1
726928614,1,0,1
727064280,1,0,1
727068145,1,0,1
727229088,1,0,1
727299558,1,1,2
727305428,1,0,1
727327428,1,0,1
727389204,1,0,1
727553688,1,0,1
727592911,1,0,1
727888712,1,3,4
728286943,1,0,1
728360077,1,0,1
728948750,1,0,1
729145303,1,0,1
729262112,1,1,2
729265706,1,0,1
729285332,1,0,1
729308238,1,0,1
729448838,1,0,1
729650288,1,0,1
729687198,1,0,1
729962941,1,0,1
730584762,1,0,1
730726622,1,0,1
731014651,1,0,1
731028878,1,0,1
731057174,1,0,1
731091086,1,0,1
731264851,1,0,1
731347050,1,0,1
731350160,1,0,1
731707548,1,0,1
731978155,1,0,1
732053953,1,0,1
732086509,1,0,1
732170934,1,0,1
732332478,1,0,1
732707162,1,0,1
733051081,1,0,1
733172330,1,0,1
733383385,1,0,1
733738645,1,0,1
733763462,1,0,1
733791847,1,0,1
733818062,1,0,1
733973737,1,0,1
734099352,1,0,1
734788795,1,8,9
734821255,1,0,1
735421608,1,1,2
735430068,1,0,1
735712422,1,0,1
735752492,1,0,1
735820664,1,0,1
736811803,1,0,1
737200693,1,0,1
737289236,1,2,3
737503014,1,0,1
737572579,1,0,1
737629868,1,0,1
737685451,1,0,1
738137527,1,0,1
738205477,1,0,1
738530070,1,0,1
738671598,1,0,1
738783259,1,0,1
738825158,1,0,1
739309368,1,0,1
739343149,1,0,1
739517756,1,0,1
739736028,1,0,1
739881588,1,2,3
740504760,1,0,1
740539938,1,0,1
741132403,1,0,1
741234554,1,0,1
741308624,1,15,16
741486000,1,0,1
741648841,1,0,1
741797203,1,2,3
741969834,1,7,8
743037487,1,0,1
743340726,1,0,1
743715210,1,0,1
743966172,1,0,1
744056540,1,0,1
744061548,1,0,1
744286159,1,0,1
744704570,1,0,1
745483446,1,0,1
745565353,1,0,1
745612938,1,0,1
745937478,1,0,1
746072754,1,0,1
746099648,1,1,2
746213490,1,0,1
746402281,1,0,1
746513214,1,0,1
746933064,1,0,1
746943120,1,0,1
747469652,1,0,1
747565428,1,0,1
747866178,1,3,4
748100863,1,0,1
748115683,1,0,1
748801772,1,0,1
748942099,1,0,1
749120108,1,0,1
749241462,1,132,133
749318682,1,0,1
750089408,1,16,17
750180235,1,0,1
750273834,1,0,1
750311269,1,0,1
750472406,1,0,1
750512815,1,0,1
750590250,1,0,1
750644798,1,0,1
750685584,1,0,1
751155842,1,2,3
751211412,1,0,1
751504778,1,0,1
751647506,1,0,1
751774458,1,0,1
751963993,1,0,1
752143010,1,0,1
752163186,1,0,1
752385482,1,0,1
752465461,1,0,1
752820835,1,0,1
753301531,1,3,4
753705978,1,0,1
753870584,1,0,1
753931428,1,0,1
753934206,1,3,4
754155224,1,0,1
754194373,1,0,1
754316376,1,0,1
754416690,1,37,38
755857602,1,0,1
756387018,1,0,1
757033212,1,0,1
757506486,1,2,3
757563008,1,0,1
757645346,1,0,1
757693256,1,1,2
757817186,1,0,1
757848888,1,0,1
757935444,1,0,1
758011598,1,0,1
758403139,1,0,1
758429534,1,0,1
759344592,1,19,20
759604478,1,0,1
759651110,1,0,1
759735811,1,0,1
759871291,1,0,1
760054381,1,0,1
760279057,1,0,1
760414892,1,0,1
760581882,1,0,1
760617000,1,0,1
760942904,1,0,1
761613030,1,2,3
761778661,1,3,4
762187632,1,0,1
762544146,1,0,1
762611490,1,0,1
762615570,1,0,1
762621186,1,8,9
762691795,1,0,1
762843590,1,0,1
763008997,1,0,1
763108327,1,0,1
764188868,1,0,1
764212106,1,7,8
764732220,1,0,1
764870378,1,0,1
764899034,1,1,2
764927611,1,0,1
764986886,1,0,1
765584526,1,1,2
765693996,1,0,1
765945714,1,0,1
765986096,1,0,1
766035786,1,0,1
766444778,1,1,2
766460960,1,0,1
766515284,1,2,3
766922190,1,0,1
767569206,1,0,1
767971580,1,0,1
768044436,1,0,1
768077899,1,0,1
768128246,1,0,1
768663331,1,0,1
769121946,1,0,1
769370028,1,0,1
769647157,1,0,1
769869541,1,0,1
769968188,1,0,1
770297436,1,0,1
770352763,1,0,1
770519790,1,0,1
770598560,1,0,1
770769805,1,1,2
770807210,1,0,1
771271886,1,0,1
771811358,1,0,1
771999330,1,0,1
772270218,1,0,1
772362709,1,0,1
772481360,1,0,1
774226706,1,0,1
774331446,1,0,1
774354512,1,0,1
774567853,1,0,1
774643068,1,0,1
774996180,1,6,7
775275638,1,0,1
775613588,1,0,1
775888904,1,0,1
776016116,1,1,2
776390101,1,0,1
776596082,1,0,1
776736866,1,1,2
777511700,1,0,1
777973063,1,0,1
778457743,1,0,1
778533930,1,0,1
778968685,1,0,1
779303688,1,0,1
779474474,1,2,3
779478162,1,1,2
779532620,1,0,1
779567384,1,0,1
779732827,1,0,1
781291734,1,0,1
781551228,1,0,1
781759056,1,0,1
781874634,1,1,2
782014088,1,0,1
782255359,1,0,1
782310421,1,1,2
782764104,1,5,6
782777360,1,0,1
782908854,1,0,1
783481446,1,0,1
783594025,1,0,1
783625982,1,0,1
783735174,1,0,1
783934634,1,0,1
784261346,1,38,39
785032668,1,0,1
785089753,1,0,1
785181109,1,0,1
785423851,1,0,1
785971374,1,0,1
787311228,1,0,1
787654602,1,0,1
787889478,1,0,1
787925594,1,3,4
787940347,1,0,1
788219444,1,0,1
788222533,1,0,1
788391470,1,0,1
789529812,1,0,1
789987985,1,0,1
789991057,1,0,1
790291098,1,0,1
790511286,1,0,1
790763492,1,0,1
791800159,1,0,1
792055573,1,0,1
792387284,1,0,1
792480798,1,0,1
792608634,1,3,4
792940398,1,0,1
793021207,1,0,1
793261322,1,0,1
793894892,1,10,11
794154884,1,0,1
794381108,1,1,2
794541402,1,0,1
794658343,1,0,1
794796907,1,0,1
795113100,1,7,8
796663968,1,3,4
796691784,1,0,1
796866018,1,14,15
796868059,1,0,1
797177364,1,0,1
797345269,1,0,1
797426137,1,0,1
797437579,1,0,1
797660934,1,0,1
798063962,1,0,1
798511447,1,0,1
798669768,1,0,1
798825960,1,0,1
798933842,1,51,52
799246934,1,0,1
800787145,1,2,3
801021541,1,0,1
801150326,1,0,1
801218119,1,0,1
801411656,1,0,1
801473004,1,0,1
801495018,1,0,1
801575952,1,1,2
801797388,1,1,2
801839617,1,0,1
802959002,1,4,5
803059159,1,0,1
803243234,1,0,1
803406674,1,0,1
803437669,1,0,1
803699088,1,0,1
803707212,1,0,1
803715816,1,1,2
803820350,1,0,1
803921318,1,0,1
804429331,1,0,1
804985490,1,0,1
805001388,1,0,1
805018484,1,0,1
805045237,1,1,2
805179518,1,0,1
805241832,1,0,1
805444693,1,0,1
805819772,1,0,1
805821642,1,0,1
805863200,1,0,1
805886532,1,0,1
806093582,1,0,1
807154116,1,0,1
807515293,1,0,1
808067522,1,0,1
808077654,1,0,1
808303453,1,0,1
809087762,1,0,1
809115114,1,2,3
809414239,1,0,1
809837228,1,1,2
810042996,1,0,1
810169159,1,0,1
811160953,1,0,1
811735604,1,0,1
811741909,1,3,4
811916588,1,0,1
811976184,1,0,1
812016294,1,1,2
812031750,1,0,1
812156118,1,0,1
812196438,1,8,9
812202194,1,0,1
812627268,1,0,1
812962442,1,0,1
813024588,1,0,1
813311743,1,1,2
813313549,1,0,1
813661298,1,3,4
813703873,1,4,5
814255015,1,0,1
814328724,1,0,1
815770850,1,0,1
815825604,1,0,1
816053659,1,0,1
816277159,1,0,1
816648793,1,0,1
817460539,1,0,1
818219226,1,0,1
818584716,1,0,1
818699318,1,1,2
819902803,1,0,1
820176060,1,2,3
820663458,1,0,1
820834014,1,0,1
821037780,1,0,1
821271307,1,0,1
821526438,1,0,1
822304219,1,0,1
822411456,1,0,1
822481213,1,2,3
822598346,1,0,1
823008589,1,17,18
823337647,1,0,1
823786040,1,2,3
823798670,1,0,1
823809344,1,0,1
823972206,1,0,1
824039654,1,0,1
824255958,1,0,1
824371736,1,7,8
824419134,1,3,4
824625097,1,0,1
825190279,1,0,1
825418242,1,0,1
825467936,1,0,1
826027896,1,0,1
826108939,1,0,1
826170654,1,0,1
826200774,1,0,1
826214383,1,0,1
826219915,1,0,1
826556521,1,11,12
826591772,1,0,1
827261234,1,0,1
827439163,1,0,1
827797970,1,0,1
828002220,1,0,1
828136472,1,0,1
828719214,1,0,1
829016173,1,0,1
829554001,1,1,2
829742012,1,0,1
829904526,1,0,1
830122476,1,0,1
830231857,1,0,1
830250702,1,0,1
830424194,1,0,1
830462006,1,3,4
830607607,1,3,4
831171307,1,4,5
831453583,1,7,8
831811190,1,0,1
831848780,1,16,17
832038644,1,1,2
832231855,1,0,1
832704312,1,0,1
833120196,1,0,1
833711960,1,9,10
834113010,1,0,1
834208796,1,0,1
834223994,1,0,1
834317545,1,0,1
834418855,1,0,1
834535122,1,0,1
834777241,1,0,1
834812120,1,0,1
835045224,1,3,4
835725428,1,0,1
835789248,1,0,1
836004678,1,0,1
836037032,1,1,2
836113483,1,0,1
836462089,1,6,7
836593099,1,0,1
836635309,1,0,1
836692092,1,4,5
836703865,1,0,1
836817168,1,0,1
837047395,1,0,1
837786872,1,0,1
837813552,1,0,1
838122260,1,0,1
838166197,1,9,10
838220604,1,0,1
838512607,1,0,1
838628564,1,0,1
838771182,1,0,1
838802420,1,4,5
838877144,1,0,1
838953462,1,0,1
839830837,1,0,1
840077911,1,3,4
840323964,1,0,1
840345384,1,0,1
840455521,1,0,1
840731546,1,5,6
840752330,1,0,1
840979206,1,0,1
841137704,1,0,1
841191541,1,1,2
841937101,1,0,1
842460240,1,0,1
842671123,1,0,1
842797261,1,0,1
842825756,1,0,1
842969142,1,0,1
843337472,1,3,4
843488239,1,0,1
843640537,1,0,1
843859621,1,0,1
844169970,1,9,10
844202102,1,0,1
844346408,1,0,1
844447148,1,1,2
844739486,1,0,1
844945388,1,0,1
846092402,1,0,1
846281797,1,0,1
846302288,1,0,1
846344521,1,0,1
846368077,1,0,1
846631862,1,1,2
847009344,1,1,2
847455732,1,0,1
847682648,1,0,1
847691972,1,12,13
847802563,1,0,1
847846712,1,0,1
847904502,1,0,1
848085672,1,0,1
848201545,1,0,1
848218568,1,0,1
848354899,1,0,1
849059065,1,0,1
849316532,1,0,1
849408834,1,2,3
849703669,1,0,1
849969558,1,2,3
850302320,1,0,1
850418113,1,0,1
850521804,1,0,1
851437026,1,0,1
851542442,1,1,2
851663120,1,0,1
851853205,1,1,2
852301178,1,0,1
852716214,1,0,1
853350110,1,10,11
853561418,1,4,5
853676599,1,1,2
853741386,1,0,1
853756748,1,0,1
853818115,1,0,1
853826328,1,6,7
854524945,1,0,1
854671369,1,0,1
854949756,1,0,1
855378696,1,0,1
855524894,1,7,8
856693190,1,0,1
856718436,1,0,1
856872222,1,0,1
857054084,1,0,1
857137652,1,0,1
857163127,1,0,1
857201900,1,0,1
857212926,1,0,1
858224725,1,0,1
858708794,1,0,1
858823106,1,0,1
859034240,1,0,1
859341907,1,0,1
860044386,1,0,1
860208876,1,0,1
860262439,1,0,1
860361666,1,0,1
860449447,1,0,1
860599554,1,0,1
860633688,1,0,1
860668735,1,1,2
860671866,1,0,1
860672616,1,1,2
860712752,1,18,19
860765576,1,6,7
860874709,1,0,1
860896830,1,0,1
861083684,1,0,1
861160723,1,0,1
861322069,1,11,12
861751454,1,1,2
861945354,1,0,1
861976254,1,0,1
862071500,1,0,1
862155468,1,1,2
862271000,1,0,1
862333346,1,0,1
862403414,1,0,1
862408974,1,0,1
862420494,1,5,6
863464345,1,1,2
863532764,1,0,1
863638501,1,0,1
864058542,1,25,26
864679208,1,0,1
864878497,1,0,1
864999900,1,0,1
865077199,1,0,1
865209350,1,24,25
865249879,1,1,2
865770098,1,0,1
866090784,1,0,1
866165774,1,0,1
866495551,1,0,1
866641202,1,0,1
866718954,1,0,1
866722190,1,0,1
866725526,1,0,1
866843726,1,0,1
866970385,1,16,17
867143532,1,0,1
867195662,1,0,1
867530774,1,0,1
867725665,1,0,1
868091251,1,0,1
868176589,1,0,1
868652822,1,0,1
868746176,1,0,1
868801026,1,0,1
868950108,1,0,1
869017735,1,0,1
870065852,1,1,2
870450452,1,0,1
870650550,1,0,1
870691879,1,0,1
870773864,1,0,1
870854814,1,0,1
871434601,1,1,2
871562012,1,0,1
872091782,1,0,1
872099815,1,0,1
872295926,1,0,1
872354214,1,0,1
872433660,1,0,1
872560658,1,32,33
872670499,1,0,1
872725897,1,0,1
872729299,1,0,1
872741106,1,0,1
872805715,1,3,4
872966828,1,0,1
873171698,1,0,1
874033944,1,0,1
874139012,1,3,4
874219957,1,0,1
874638590,1,0,1
874699670,1,0,1
874812324,1,0,1
875468538,1,0,1
875492785,1,0,1
875846353,1,0,1
876006139,1,0,1
876171486,1,0,1
876260911,1,0,1
876604129,1,10,11
876891283,1,0,1
877951201,1,1,2
877983134,1,0,1
878355709,1,7,8
879181273,1,6,7
879980174,1,0,1
880137716,1,0,1
880255674,1,0,1
880298935,1,1,2
880338188,1,0,1
880445330,1,0,1
880456062,1,78,79
880461840,1,0,1
880553600,1,0,1
880678754,1,1,2
881088888,1,5,6
881269448,1,0,1
881349480,1,0,1
881378682,1,0,1
881433840,1,8,9
881582005,1,0,1
882050786,1,0,1
882562254,1,0,1
883170080,1,0,1
883207501,1,0,1
883276614,1,0,1
883401708,1,1,2
883421496,1,1,2
883512648,1,0,1
884877242,1,0,1
885009715,1,0,1
885122048,1,0,1
885146616,1,0,1
885173964,1,6,7
885265748,1,0,1
885637524,1,0,1
885682176,1,0,1
885729326,1,0,1
885775148,1,0,1
885823694,1,22,23
885825972,1,0,1
885851161,1,0,1
885972421,1,7,8
886026313,1,53,54
886551302,1,0,1
886552928,1,0,1
886954692,1,0,1
887088799,1,1,2
887208354,1,0,1
887666250,1,0,1
887809214,1,0,1
887888688,1,0,1
888947432,1,0,1
889233584,1,0,1
889897838,1,0,1
890002484,1,2,3
890005586,1,0,1
890056536,1,0,1
890083860,1,0,1
891463382,1,0,1
891709160,1,0,1
891906949,1,0,1
892006718,1,0,1
892059852,1,0,1
892177309,1,0,1
892758164,1,0,1
892862366,1,0,1
893844752,1,2,3
893941412,1,0,1
894067710,1,0,1
894473654,1,3,4
894518162,1,0,1
894539474,1,0,1
896065986,1,2,3
896145806,1,0,1
896148452,1,9,10
896751240,1,1,2
896842176,1,0,1
897918552,1,0,1
898776127,1,0,1
898875722,1,6,7
898952996,1,0,1
898968140,1,0,1
899067475,1,1,2
899301812,1,0,1
900009812,1,2,3
900156840,1,0,1
900474780,1,7,8
900642594,1,0,1
900888781,1,0,1
901497331,1,0,1
902149578,1,0,1
902633658,1,0,1
902733704,1,0,1
902747526,1,0,1
902987556,1,0,1
903009728,1,21,22
903171019,1,0,1
903255950,1,0,1
903922142,1,91,92
905100738,1,3,4
905433998,1,2,3
906262886,1,1,2
906623318,1,0,1
906688382,1,0,1
906739914,1,2,3
906893636,1,0,1
906908328,1,4,5
906996692,1,0,1
907104852,1,0,1
907164049,1,0,1
907183776,1,0,1
907259160,1,0,1
907499029,1,0,1
907856581,1,0,1
908394097,1,0,1
908716195,1,3,4
909231608,1,0,1
910200060,1,0,1
910545457,1,0,1
910553604,1,0,1
910678134,1,0,1
910754568,1,0,1
911401351,1,0,1
911435952,1,0,1
911595302,1,0,1
911675292,1,0,1
911726988,1,0,1
912413304,1,0,1
913033651,1,24,25
913539860,1,0,1
913577798,1,5,6
913614374,1,0,1
913720711,1,0,1
914199120,1,1,2
914898043,1,3,4
914961048,1,1,2
914998062,1,0,1
915264085,1,0,1
915461004,1,0,1
915557131,1,0,1
915910364,1,0,1
916033244,1,0,1
916082196,1,0,1
917350111,1,1,2
917363412,1,0,1
917363497,1,47,48
917616738,1,0,1
917790619,1,15,16
919168566,1,1,2
919901521,1,0,1
920003852,1,0,1
920047230,1,0,1
920060156,1,0,1
920250942,1,0,1
920332298,1,0,1
921069384,1,0,1
921288205,1,0,1
921506742,1,11,12
921795492,1,0,1
922355114,1,0,1
922415316,1,0,1
922442124,1,0,1
922523148,1,0,1
923390167,1,0,1
923424194,1,0,1
923624148,1,3,4
923642467,1,1,2
923735149,1,0,1
923775205,1,0,1
924024985,1,0,1
924324631,1,0,1
924360938,1,0,1
924393528,1,0,1
924442291,1,1,2
924456050,1,0,1
924893161,1,0,1
925538612,1,7,8
926479111,1,0,1
926496558,1,0,1
927946604,1,1,2
928154222,1,0,1
928212404,1,0,1
928220095,1,0,1
928289425,1,0,1
928624675,1,0,1
928684176,1,0,1
928724114,1,0,1
929563970,1,0,1
929747274,1,0,1
929752218,1,0,1
929909054,1,0,1
929958378,1,1,2
930287881,1,0,1
930449804,1,0,1
930745987,1,0,1
930818634,1,0,1
930856736,1,0,1
930868184,1,0,1
930939146,1,0,1
931011697,1,0,1
931083716,1,2,3
931101589,1,0,1
931122476,1,0,1
931307143,1,0,1
931473620,1,18,19
932181733,1,0,1
932288172,1,0,1
932928338,1,0,1
932973098,1,0,1
933022495,1,1,2
933608377,1,0,1
933681649,1,0,1
934119132,1,0,1
934592606,1,0,1
934689576,1,0,1
934766706,1,0,1
935060935,1,0,1
935207252,1,1,2
935307474,1,0,1
935426341,1,0,1
935564706,1,0,1
935773885,1,0,1
935817169,1,0,1
935879468,1,0,1
936004760,1,0,1
936177295,1,1,2
936945751,1,0,1
937453657,1,7,8
937618381,1,0,1
937682474,1,25,26
938001786,1,0,1
938044356,1,0,1
938081718,1,0,1
938219876,1,0,1
938269976,1,0,1
938377836,1,0,1
938489083,1,2,3
939328976,1,0,1
939346932,1,0,1
939499387,1,0,1
939610644,1,0,1
939738750,1,0,1
939769027,1,0,1
940036166,1,1,2
940175665,1,0,1
940635187,1,0,1
940836073,1,0,1
940839385,1,3,4
941224903,1,0,1
941227472,1,8,9
941235336,1,0,1
941523230,1,0,1
942647012,1,0,1
942661520,1,0,1
942773424,1,0,1
942951187,1,0,1
943389476,1,25,26
943919372,1,2,3
944633856,1,0,1
945079987,1,0,1
945249896,1,0,1
945338880,1,0,1
946160906,1,0,1
946313574,1,0,1
946461547,1,0,1
946872812,1,0,1
947037229,1,0,1
947079092,1,0,1
948026834,1,0,1
949032752,1,0,1
950244998,1,0,1
950445272,1,0,1
950720556,1,0,1
950883344,1,22,23
950951286,1,0,1
950987149,1,1,2
950996292,1,0,1
951145124,1,0,1
951565404,1,0,1
952015555,1,0,1
952595724,1,0,1
953176878,1,5,6
953404430,1,0,1
953554358,1,0,1
953692033,1,0,1
953850037,1,0,1
953960132,1,0,1
954279488,1,0,1
954479858,1,0,1
954582788,1,0,1
954641972,1,0,1
954704682,1,0,1
954848574,1,0,1
955626091,1,1,2
955672891,1,0,1
956639821,1,0,1
957611893,1,0,1
957773028,1,0,1
958737980,1,24,25
958936134,1,0,1
958966537,1,0,1
959018846,1,1,2
959211374,1,0,1
959846156,1,0,1
959985764,1,0,1
960288626,1,0,1
960598507,1,0,1
961120855,1,0,1
961235252,1,5,6
961523707,1,0,1
961616131,1,0,1
961683535,1,0,1
961721822,1,0,1
961759813,1,0,1
961781743,1,0,1
962244914,1,0,1
962822958,1,0,1
963145339,1,16,17
963297229,1,1,2
963623792,1,0,1
964651795,1,0,1
965375035,1,1,2
965610234,1,0,1
966572641,1,0,1
966810818,1,0,1
967107174,1,0,1
967141465,1,0,1
967187036,1,0,1
967373478,1,0,1
967513490,1,0,1
967843051,1,1,2
968035351,1,0,1
968214727,1,0,1
968410350,1,0,1
968453364,1,0,1
968618671,1,41,42
968777028,1,0,1
969030606,1,0,1
969518358,1,0,1
969526554,1,0,1
969838459,1,1,2
970730880,1,0,1
970740674,1,0,1
971248272,1,0,1
971376432,1,0,1
972301435,1,0,1
972862028,1,0,1
973311192,1,0,1
973709516,1,0,1
974897539,1,1,2
974935556,1,0,1
975031022,1,5,6
975446412,1,0,1
976204117,1,0,1
976559744,1,2,3
976589803,1,0,1
976653578,1,5,6
976834550,1,0,1
976901094,1,0,1
976951561,1,0,1
976958844,1,0,1
976999452,1,2,3
977010265,1,0,1
977084750,1,0,1
977229350,1,0,1
977377880,1,0,1
977405179,1,0,1
977406672,1,0,1
977482315,1,0,1
977753461,1,0,1
978292663,1,0,1
978338100,1,0,1
978787610,1,6,7
978916034,1,0,1
978999283,1,0,1
979475744,1,0,1
979633526,1,0,1
981046758,1,0,1
981050209,1,0,1
981754076,1,0,1
981764179,1,0,1
981802260,1,3,4
982203487,1,0,1
982439250,1,0,1
983682534,1,0,1
983735718,1,0,1
983769319,1,0,1
983875345,1,0,1
984238579,1,0,1
984716844,1,6,7
984784022,1,0,1
984804222,1,0,1
984939480,1,0,1
985851331,1,0,1
987096680,1,0,1
987479365,1,0,1
987613814,1,0,1
987771168,1,0,1
987801546,1,1,2
987966402,1,0,1
988151023,1,1,2
989572099,1,6,7
989580720,1,0,1
989860736,1,0,1
990085447,1,0,1
990320934,1,0,1
990365682,1,0,1
990373567,1,0,1
990961849,1,0,1
991250676,1,0,1
992240592,1,0,1
992257201,1,0,1
992268674,1,0,1
992282077,1,0,1
992289804,1,0,1
992400835,1,0,1
992951540,1,0,1
993190820,1,7,8
993691032,1,0,1
994014505,1,0,1
994114106,1,0,1
994236494,1,3,4
994329523,1,0,1
994637239,1,7,8
996108511,1,0,1
996521480,1,0,1
996522439,1,0,1
996784555,1,8,9
997707163,1,0,1
998111190,1,0,1
998265320,1,0,1
998602902,1,0,1
998659356,1,2,3
999492614,1,0,1
1000138237,1,0,1
1000486322,1,0,1
1000593379,1,0,1
1001853674,1,0,1
1002037116,1,0,1
1002988182,1,0,1
1003327958,1,0,1
1003392823,1,0,1
1004026993,1,6,7
1004703319,1,0,1
1004975959,1,0,1
1005008256,1,0,1
1005186956,1,0,1
1005403578,1,5,6
1005835320,1,7,8
1006378050,1,0,1
1006766682,1,0,1
1006828502,1,0,1
1007251651,1,0,1
1007264060,1,1,2
1007270731,1,0,1
1007908321,1,0,1
1008132133,1,0,1
1008456702,1,0,1
1008700580,1,1,2
1009193036,1,1,2
1009740216,1,0,1
1009970874,1,0,1
1010232998,1,0,1
1011412993,1,3,4
1011889118,1,36,37
1012079557,1,0,1
1012519105,1,0,1
1012527242,1,0,1
1013302326,1,0,1
1013471072,1,0,1
1013549725,1,0,1
1013886516,1,0,1
1014072990,1,0,1
1014153535,1,0,1
1016407884,1,0,1
1016408995,1,0,1
1017486866,1,0,1
1018575648,1,0,1
1018799658,1,0,1
1019722404,1,1,2
1020240162,1,0,1
1020690678,1,0,1
1020735240,1,0,1
1020817297,1,0,1
1020942283,1,0,1
1022520354,1,0,1
1022564893,1,4,5
1023070302,1,0,1
1023189146,1,0,1
1023203281,1,36,37
1023204948,1,0,1
1023287312,1,1,2
1023537955,1,0,1
1023555666,1,13,14
1023680377,1,0,1
1023696499,1,0,1
1023703579,1,1,2
1023725318,1,0,1
1024263169,1,1,2
1024309812,1,0,1
1024598382,1,0,1
1025157415,1,3,4
1025200278,1,0,1
1026651848,1,1,2
1026767786,1,0,1
1027290252,1,0,1
1027497510,1,0,1
1027530452,1,0,1
1027544636,1,0,1
1027549734,1,0,1
1027643618,1,19,20
1027777225,1,0,1
1027850478,1,0,1
1027913366,1,0,1
1028041303,1,0,1
1028447786,1,0,1
1029281503,1,2,3
1029409135,1,0,1
1029433478,1,0,1
1029561404,1,0,1
1029611364,1,0,1
1029698088,1,0,1
1029764929,1,4,5
1029768895,1,0,1
1029879152,1,0,1
1030957776,1,0,1
1031027586,1,2,3
1031342630,1,14,15
1031422854,1,5,6
1031714167,1,0,1
1033176013,1,0,1
1033433580,1,0,1
1033632037,1,0,1
1033843388,1,0,1
1034059482,1,0,1
1035115898,1,0,1
1035181674,1,0,1
1035417768,1,0,1
1035564186,1,0,1
1035662497,1,0,1
1035956395,1,64,65
1036263548,1,1,2
1036571305,1,0,1
1037031822,1,12,13
1037054137,1,1,2
1037633358,1,42,43
1037912198,1,0,1
1038046633,1,0,1
1038793874,1,0,1
1038873961,1,0,1
1039937906,1,0,1
1040151571,1,0,1
1040175984,1,0,1
1040201636,1,0,1
1040599351,1,0,1
1041092198,1,1,2
1041101966,1,0,1
1041110846,1,0,1
1041908167,1,1,2
1043702106,1,0,1
1043839590,1,1,2
1043886318,1,0,1
1043921508,1,0,1
1043937374,1,0,1
1045032811,1,0,1
1045314505,1,0,1
1045704703,1,0,1
1046001414,1,1,2
1046086842,1,0,1
1046156922,1,0,1
1046178841,1,0,1
1047347689,1,0,1
1047842785,1,0,1
1048178654,1,0,1
1048553485,1,0,1
1048638301,1,0,1
1048768314,1,0,1
1048969651,1,1,2
1048970125,1,0,1
1049040930,1,1,2
1049453966,1,0,1
1049590524,1,0,1
1050264343,1,9,10
1051000728,1,0,1
1051157689,1,0,1
1051470870,1,0,1
1051526647,1,0,1
1051614434,1,3,4
1052197638,1,0,1
1053548754,1,0,1
1053901746,1,0,1
1053951564,1,0,1
1054129117,1,0,1
1055715144,1,1,2
1055858887,1,2,3
1056486510,1,0,1
1056585638,1,3,4
1056623736,1,0,1
1056903685,1,0,1
1057022552,1,0,1
1058659153,1,3,4
1058905208,1,0,1
1058912070,1,4,5
1058927491,1,0,1
1059182941,1,0,1
1059418621,1,0,1
1059524298,1,0,1
1059622694,1,0,1
1060982604,1,0,1
1061172590,1,4,5
1061342840,1,0,1
1061593800,1,1,2
1061640438,1,0,1
1061853404,1,0,1
1061869248,1,0,1
1062041365,1,0,1
1062204847,1,0,1
1062609175,1,0,1
1063702867,1,0,1
1064552270,1,0,1
1064566166,1,0,1
1064910271,1,0,1
1064929668,1,0,1
1064936652,1,0,1
1065041960,1,44,45
1066488912,1,0,1
1066616678,1,0,1
1066657927,1,0,1
1066982792,1,0,1
1067057438,1,0,1
1067178396,1,0,1
1067286354,1,0,1
1067302153,1,0,1
1068700262,1,1,2
1069040479,1,0,1
1069310856,1,0,1
1069350876,1,0,1
1069381038,1,0,1
1069672248,1,0,1
1069790318,1,0,1
1069862533,1,0,1
1069963843,1,0,1
1071255042,1,0,1
1071393769,1,3,4
1071887564,1,0,1
1071915931,1,0,1
1072545488,1,0,1
1072940611,1,31,32
1073489377,1,1,2
1074257725,1,1,2
1074414578,1,16,17
1074695221,1,0,1
1074738020,1,1,2
1075007628,1,0,1
1075212768,1,0,1
1075429928,1,0,1
1075533751,1,0,1
1076190428,1,0,1
1077804966,1,0,1
1077929959,1,0,1
1078007575,1,2,3
1078188086,1,34,35
1078461812,1,0,1
1078538989,1,0,1
1078627118,1,0,1
1079529684,1,0,1
1081316864,1,0,1
1081357285,1,0,1
1081488636,1,0,1
1081548811,1,0,1
1082213216,1,0,1
1084203997,1,0,1
1084245990,1,0,1
1084468364,1,0,1
1085110052,1,0,1
1085539585,1,0,1
1086311502,1,0,1
1086519206,1,0,1
1086548798,1,0,1
1086603308,1,7,8
1086626124,1,0,1
1087269877,1,0,1
1087581278,1,0,1
1087741308,1,0,1
1087814676,1,0,1
1088081023,1,0,1
1089260611,1,0,1
1090099826,1,10,11
1090455294,1,0,1
1090516105,1,0,1
1090969770,1,0,1
1091583102,1,0,1
1092246614,1,2,3
1092285990,1,2,3
1092446305,1,0,1
1093136443,1,0,1
1093601887,1,0,1
1093614313,1,0,1
1093913418,1,0,1
1093937593,1,0,1
1094363900,1,0,1
1096757522,1,0,1
1097003994,1,0,1
1099007347,1,2,3
1099725727,1,0,1
1100104346,1,0,1
1101965832,1,0,1
1102375332,1,0,1
1102485763,1,0,1
1102614620,1,0,1
1102963376,1,0,1
1104646644,1,0,1
1104816812,1,0,1
1104839761,1,0,1
1104987361,1,4,5
1105147148,1,0,1
1105363267,1,0,1
1105529294,1,0,1
1105792310,1,3,4
1106675641,1,0,1
1106689147,1,0,1
1106855286,1,28,29
1107029167,1,0,1
1107669662,1,0,1
1107740761,1,0,1
1107742862,1,0,1
1108223725,1,0,1
1109067350,1,2,3
1109600209,1,0,1
1110039476,1,0,1
1110358981,1,0,1
1110405902,1,0,1
1110418602,1,0,1
1110524263,1,0,1
1111109918,1,0,1
1111427094,1,0,1
1111860486,1,0,1
1112473182,1,0,1
1112627653,1,0,1
1112868014,1,0,1
1113125816,1,0,1
1114150058,1,0,1
1114763755,1,0,1
1114951117,1,0,1
1115030996,1,8,9
1115574830,1,0,1
1115829522,1,0,1
1115899033,1,0,1
1115900336,1,0,1
1116312343,1,1,2
1116915092,1,0,1
1116968862,1,4,5
1117763095,1,7,8
1117962944,1,0,1
1118031644,1,0,1
1118161848,1,1,2
1118189725,1,0,1
1118236610,1,0,1
1120341751,1,0,1
1120537310,1,69,70
1120957232,1,0,1
1121138324,1,0,1
1122115938,1,0,1
1122192223,1,0,1
1122232928,1,0,1
1122493076,1,0,1
1122977761,1,0,1
1123605792,1,0,1
1123779361,1,1,2
1124051113,1,0,1
1125296510,1,0,1
1125780061,1,0,1
1126098710,1,0,1
1126372711,1,0,1
1126721888,1,0,1
1126909489,1,0,1
1126938426,1,0,1
1126945902,1,0,1
1127701964,1,0,1
1128136518,1,0,1
1128262452,1,0,1
1128754860,1,0,1
1128897685,1,1,2
1129061479,1,0,1
1129154552,1,1,2
1129416319,1,0,1
1129458060,1,0,1
1129581109,1,1,2
1129661774,1,0,1
1129677722,1,0,1
1129713583,1,0,1
1129915550,1,1,2
1130500364,1,0,1
1130567605,1,0,1
1130880686,1,0,1
1131416532,1,0,1
1131634638,1,2,3
1132370203,1,1,2
1132677643,1,0,1
1132887198,1,0,1
1133668411,1,0,1
1134258559,1,0,1
1135284163,1,0,1
1135393758,1,0,1
1135421960,1,0,1
1135422572,1,0,1
1135471008,1,0,1
1136713831,1,0,1
1138515276,1,0,1
1140963654,1,0,1
1141594722,1,0,1
1142760956,1,0,1
1142810071,1,0,1
1143191910,1,0,1
1144589838,1,0,1
1145628114,1,0,1
1145922578,1,0,1
1146247664,1,0,1
1146434054,1,5,6
1146787800,1,0,1
1146902000,1,0,1
1147164374,1,0,1
1148000395,1,0,1
1149407934,1,2,3
1149694885,1,0,1
1149802802,1,0,1
1151458201,1,0,1
1151684011,1,0,1
1151880834,1,0,1
1152183398,1,0,1
1152395600,1,18,19
1152426302,1,0,1
1152435163,1,0,1
1152464839,1,0,1
1152498145,1,0,1
1152604309,1,0,1
1152647407,1,0,1
1152810830,1,0,1
1152822031,1,0,1
1152846696,1,0,1
1152947712,1,0,1
1153771644,1,0,1
1153794835,1,0,1
1154355518,1,0,1
1154511324,1,0,1
1154703445,1,0,1
1155208591,1,0,1
1155871958,1,0,1
1155915620,1,0,1
1155934939,1,0,1
1155986010,1,0,1
1156366434,1,0,1
1156470320,1,1,2
1157143663,1,4,5
1157409836,1,0,1
1157578711,1,0,1
1157589517,1,0,1
1157591942,1,0,1
1158236310,1,0,1
1158343814,1,0,1
1158629472,1,0,1
1158634008,1,0,1
1161094236,1,0,1
1161586526,1,0,1
1161629029,1,2,3
1161751752,1,0,1
1161783026,1,0,1
1162407068,1,0,1
1163483814,1,0,1
1163636443,1,0,1
1164321320,1,0,1
1164678464,1,0,1
1164807397,1,0,1
1164820832,1,0,1
1165447214,1,0,1
1166075414,1,1,2
1167101066,1,0,1
1167545688,1,0,1
1169093844,1,0,1
1169140291,1,0,1
1169506860,1,0,1
1170080588,1,0,1
1171131348,1,0,1
1171424539,1,0,1
1172768838,1,0,1
1172878806,1,0,1
1173016188,1,76,77
1173225679,1,3,4
1173290388,1,0,1
1173575173,1,0,1
1173617888,1,0,1
1173713341,1,0,1
1173855078,1,1,2
1174097395,1,0,1
1175190336,1,0,1
1175461693,1,1,2
1176536580,1,0,1
1176693038,1,0,1
1176702553,1,0,1
1176963986,1,0,1
1177105188,1,0,1
1177164313,1,65,66
1177215114,1,0,1
1179717230,1,0,1
1180294045,1,0,1
1180839613,1,0,1
1180854360,1,0,1
1181124217,1,7,8
1181981708,1,0,1
1182651103,1,0,1
1182973909,1,47,48
1183229401,1,0,1
1183618099,1,0,1
1183645340,1,0,1
1184264436,1,5,6
1184442554,1,0,1
1184506722,1,0,1
1184633814,1,0,1
1186729844,1,0,1
1187095567,1,0,1
1187257172,1,0,1
1187731459,1,2,3
1187827254,1,0,1
1187985518,1,2,3
1188281468,1,0,1
1188549559,1,12,13
1188703446,1,0,1
1189112119,1,1,2
1189195650,1,0,1
1189628401,1,0,1
1189958814,1,0,1
1191147193,1,0,1
1191317522,1,0,1
1191893407,1,0,1
1192049725,1,0,1
1192111291,1,0,1
1192506295,1,2,3
1192520870,1,0,1
1193308286,1,2,3
1194976963,1,0,1
1195344582,1,4,5
1195440200,1,0,1
1195590906,1,0,1
1197166399,1,0,1
1199403612,1,0,1
1199491579,1,0,1
1199547158,1,9,10
1199611622,1,2,3
1199753743,1,0,1
1201063968,1,0,1
1201568532,1,0,1
1202060100,1,0,1
1202213178,1,0,1
1202606011,1,0,1
1204106311,1,0,1
1204832299,1,1,2
1205321509,1,0,1
1205345930,1,0,1
1205932645,1,0,1
1206140018,1,0,1
1206185732,1,0,1
1206204710,1,0,1
1206879247,1,0,1
1207578805,1,0,1
1208562032,1,0,1
1209057487,1,19,20
1209799262,1,0,1
1210021777,1,0,1
1210029901,1,0,1
1210591171,1,13,14
1210841917,1,0,1
1211555472,1,0,1
1212675348,1,0,1
1213081574,1,2,3
1213288621,1,0,1
1213990818,1,0,1
1214175799,1,0,1
1214582460,1,7,8
1214969994,1,0,1
1216162105,1,0,1
1216410960,1,0,1
1216667011,1,0,1
1216962002,1,0,1
1219271910,1,0,1
1220147221,1,0,1
1220179914,1,3,4
1222049490,1,0,1
1222377378,1,1,2
1222774016,1,0,1
1222803882,1,1,2
1222952786,1,0,1
1222981764,1,0,1
1223338801,1,0,1
1223434682,1,0,1
1223439110,1,0,1
1223486288,1,0,1
1223554518,1,0,1
1223569238,1,2,3
1223763494,1,0,1
1223859218,1,0,1
1223919068,1,0,1
1224893010,1,8,9
1225147285,1,0,1
1225336950,1,0,1
1225691011,1,0,1
1225722697,1,0,1
1226181242,1,0,1
1226327708,1,0,1
1226528660,1,0,1
1226576334,1,0,1
1227323636,1,0,1
1227528806,1,0,1
1228236613,1,0,1
1228357454,1,0,1
1229068082,1,0,1
1232124529,1,0,1
1232342641,1,0,1
1232431050,1,0,1
1232467596,1,0,1
1232576514,1,0,1
1232955438,1,1,2
1236200648,1,0,1
1236750614,1,0,1
1237076059,1,0,1
1237126249,1,0,1
1237265527,1,0,1
1238751979,1,0,1
1238825958,1,0,1
1239072139,1,9,10
1239875760,1,0,1
1239925705,1,0,1
1240203006,1,0,1
1240377594,1,0,1
1240571851,1,0,1
1241668471,1,0,1
1241849287,1,6,7
1242194564,1,0,1
1242247633,1,0,1
1242297566,1,0,1
1242336774,1,0,1
1242605568,1,0,1
1242611298,1,0,1
1242727056,1,0,1
1243911776,1,0,1
1244060600,1,0,1
1244786641,1,0,1
1244896429,1,0,1
1244932207,1,0,1
1245084134,1,0,1
1246282128,1,0,1
1246689349,1,0,1
1246937125,1,0,1
1247235961,1,0,1
1247257898,1,0,1
1247870666,1,0,1
1247951370,1,0,1
1249246646,1,0,1
1250403535,1,0,1
1250614100,1,0,1
1251522193,1,0,1
1251726854,1,0,1
1251767720,1,0,1
1252041013,1,0,1
1252204670,1,0,1
1252736072,1,1,2
1252969357,1,0,1
1253201232,1,0,1
1253405240,1,0,1
1253458777,1,0,1
1255075556,1,0,1
1255448166,1,0,1
1255550402,1,0,1
1255621969,1,0,1
1255798728,1,0,1
1255852976,1,0,1
1256122058,1,1,2
1256316871,1,3,4
1256397870,1,0,1
1257157231,1,0,1
1257245570,1,0,1
1258220696,1,0,1
1258392842,1,15,16
1258419186,1,0,1
1258738538,1,0,1
1260199910,1,0,1
1262772546,1,0,1
1263110184,1,2,3
1263257862,1,0,1
1263345200,1,1,2
1263452131,1,0,1
1263488491,1,0,1
1263544249,1,0,1
1264371828,1,0,1
1264928161,1,0,1
1265304829,1,0,1
1266551677,1,0,1
1266667238,1,1,2
1267301382,1,0,1
1267494606,1,0,1
1268126316,1,3,4
1268155291,1,0,1
1268420155,1,9,10
1268438581,1,0,1
1268571054,1,0,1
1269342870,1,0,1
1269901164,1,0,1
1270403629,1,0,1
1270410307,1,0,1
1270626349,1,0,1
1270695013,1,1,2
1271025590,1,2,3
1271042394,1,0,1
1271421144,1,0,1
1272306600,1,0,1
1272626335,1,0,1
1272642870,1,4,5
1272850484,1,0,1
1273635122,1,0,1
1273730839,1,0,1
1273992044,1,0,1
1275182359,1,1,2
1275830455,1,0,1
1275830563,1,9,10
1276174411,1,0,1
1276239662,1,0,1
1276286516,1,0,1
1276315184,1,0,1
1276650637,1,0,1
1277434903,1,0,1
1277790576,1,0,1
1278447512,1,0,1
1278465306,1,0,1
1278557966,1,0,1
1278973044,1,30,31
1279059498,1,0,1
1279353391,1,0,1
1281610380,1,0,1
1281949872,1,0,1
1282014338,1,10,11
1282562156,1,0,1
1282683962,1,0,1
1284270122,1,0,1
1284287208,1,0,1
1284418495,1,0,1
1284700026,1,0,1
1284904110,1,0,1
1285094034,1,0,1
1285530516,1,0,1
1285910928,1,0,1
1285955552,1,0,1
1286146100,1,0,1
1286446596,1,0,1
1286868019,1,0,1
1287022874,1,0,1
1287579739,1,0,1
1289710524,1,0,1
1290020972,1,0,1
1290037860,1,7,8
1290336313,1,0,1
1290340495,1,0,1
1291625395,1,0,1
1291688851,1,0,1
1292227848,1,0,1
1292271025,1,0,1
1292942611,1,5,6
1292975978,1,0,1
1293641047,1,0,1
1295728213,1,9,10
1295908140,1,0,1
1295966095,1,0,1
1296085086,1,0,1
1296105319,1,1,2
1296974197,1,1,2
1297531717,1,0,1
1297648069,1,0,1
1300183842,1,4,5
1300738880,1,0,1
1300877491,1,0,1
1302171356,1,0,1
1304343799,1,0,1
1304465947,1,0,1
1305556297,1,6,7
1306245326,1,0,1
1307278160,1,0,1
1308846589,1,0,1
1309120315,1,0,1
1310264029,1,2,3
1310320722,1,0,1
1310542020,1,0,1
1310952450,1,0,1
1311740166,1,6,7
1312650744,1,0,1
1314370926,1,0,1
1315175378,1,0,1
1315374206,1,0,1
1315569343,1,0,1
1315723932,1,0,1
1317209479,1,0,1
1317595136,1,4,5
1318630254,1,0,1
1318730994,1,0,1
1318931731,1,2,3
1319179255,1,0,1
1319203154,1,0,1
1319852330,1,0,1
1320261757,1,0,1
1320335846,1,0,1
1320758360,1,5,6
1321170750,1,0,1
1321492686,1,0,1
1321534375,1,0,1
1321616094,1,1,2
1321693196,1,0,1
1321843789,1,4,5
1321903140,1,0,1
1322132988,1,0,1
1322685416,1,1,2
1322749267,1,5,6
1322887746,1,1,2
1323022424,1,0,1
1323211873,1,0,1
1323631722,1,0,1
1323703807,1,0,1
1323712789,1,1,2
1324511486,1,1,2
1324706540,1,0,1
1324796978,1,12,13
1325152819,1,0,1
1325788501,1,1,2
1326185786,1,0,1
1326593832,1,7,8
1327241454,1,0,1
1328096300,1,0,1
1328151283,1,2,3
1328407309,1,0,1
1328800880,1,0,1
1329621386,1,1,2
1329817428,1,0,1
1330089505,1,0,1
1330604954,1,0,1
1330628820,1,0,1
1330848342,1,0,1
1331812969,1,0,1
1331852593,1,3,4
1332077161,1,1,2
1332245678,1,0,1
1332522288,1,1,2
1332648078,1,0,1
1332875600,1,0,1
1332893328,1,1,2
1333032907,1,0,1
1333220114,1,0,1
1334301475,1,0,1
1334362478,1,0,1
1334569291,1,0,1
1334659567,1,0,1
1334721571,1,0,1
1334747546,1,0,1
1334772666,1,0,1
1334879203,1,0,1
1335036794,1,0,1
1335465493,1,0,1
1335500755,1,0,1
1335733808,1,1,2
1336028126,1,0,1
1336921423,1,0,1
1337182236,1,0,1
1337367710,1,0,1
1337387131,1,0,1
1337523140,1,1,2
1337853854,1,0,1
1337904289,1,0,1
1339327807,1,0,1
1339691472,1,0,1
1340030994,1,0,1
1340185608,1,5,6
1340752244,1,0,1
1341471026,1,0,1
1341746767,1,0,1
1342174633,1,0,1
1342406816,1,0,1
1342460424,1,0,1
1342522992,1,0,1
1342769718,1,0,1
1343083453,1,0,1
1343753077,1,0,1
1344305209,1,30,31
1344572136,1,2,3
1344725485,1,0,1
1344756536,1,0,1
1345029140,1,0,1
1345538628,1,0,1
1345616456,1,0,1
1345831225,1,7,8
1346600790,1,2,3
1346900839,1,0,1
1347215418,1,0,1
1347396588,1,0,1
1347599706,1,0,1
1347654158,1,0,1
1347704640,1,0,1
1347910052,1,0,1
1347935018,1,0,1
1348244106,1,0,1
1348327302,1,11,12
1349454619,1,1,2
1349511222,1,0,1
1350036306,1,0,1
1350237667,1,0,1
1350427808,1,0,1
1350707557,1,0,1
1351004197,1,15,16
1351620541,1,0,1
1351886539,1,0,1
1352900569,1,0,1
1353044863,1,0,1
1353045306,1,0,1
1353401988,1,0,1
1354185794,1,0,1
1355443350,1,0,1
1355493535,1,0,1
1355920783,1,0,1
1356716594,1,0,1
1356913268,1,2,3
1356932797,1,0,1
1357258934,1,0,1
1357739948,1,1,2
1357892316,1,9,10
1358234035,1,0,1
1358250986,1,0,1
1359042271,1,3,4
1359279560,1,0,1
1359532466,1,0,1
1359549002,1,0,1
1359672908,1,0,1
1360094042,1,2,3
1360153596,1,0,1
1360486214,1,0,1
1360501562,1,0,1
1360522050,1,0,1
1360620829,1,0,1
1360637324,1,0,1
1360903723,1,0,1
1360925083,1,0,1
1361037710,1,1,2
1362840392,1,0,1
1362841448,1,0,1
1362961388,1,2,3
1362997818,1,0,1
1363555850,1,1,2
1364642244,1,0,1
1364834630,1,0,1
1364842116,1,0,1
1365114008,1,0,1
1365165390,1,0,1
1365230282,1,0,1
1365405596,1,0,1
1365629082,1,9,10
1365782034,1,0,1
1366065578,1,0,1
1366105285,1,0,1
1366266294,1,0,1
1366360956,1,0,1
1367116628,1,6,7
1367602410,1,0,1
1367842062,1,1,2
1368353814,1,0,1
1368847292,1,0,1
1369439413,1,0,1
1369832287,1,0,1
1369856804,1,0,1
1370120395,1,0,1
1370364511,1,0,1
1370900198,1,0,1
1370946446,1,0,1
1371206042,1,0,1
1371706364,1,0,1
1373060030,1,0,1
1373091786,1,0,1
1373334182,1,0,1
1373476321,1,0,1
1374074077,1,0,1
1374437742,1,0,1
1374790224,1,2,3
1375196688,1,0,1
1375257613,1,0,1
1375789568,1,0,1
1375794307,1,1,2
1376155932,1,1,2
1376560616,1,0,1
1376561450,1,0,1
1376881916,1,0,1
1377377474,1,0,1
1377620420,1,0,1
1378056072,1,7,8
1378495266,1,0,1
1380119239,1,0,1
1380565256,1,0,1
1380753061,1,6,7
1381679798,1,0,1
1382547744,1,0,1
1382709679,1,0,1
1382991440,1,0,1
1383036158,1,2,3
1383259370,1,0,1
1383313525,1,0,1
1384203126,1,0,1
1384797854,1,0,1
1385530874,1,0,1
1385608369,1,0,1
1385694146,1,0,1
1385861262,1,7,8
1386105943,1,0,1
1386821876,1,0,1
1386864978,1,0,1
1387297622,1,0,1
1387573058,1,0,1
1388045436,1,0,1
1388271078,1,0,1
1388532222,1,0,1
1388943902,1,0,1
1389588673,1,0,1
1389888505,1,0,1
1390507742,1,0,1
1390990824,1,0,1
1391772038,1,0,1
1392043436,1,0,1
1393207129,1,0,1
1393286984,1,0,1
1393311842,1,0,1
1393421844,1,4,5
1393449294,1,0,1
1393451119,1,3,4
1393461691,1,2,3
1393994718,1,0,1
1394774503,1,0,1
1394993720,1,3,4
1395958154,1,0,1
1396887990,1,1,2
1397392195,1,0,1
1397825786,1,0,1
1398290905,1,0,1
1398389190,1,0,1
1398542305,1,0,1
1398736676,1,0,1
1398754898,1,0,1
1398759560,1,244,245
1398855734,1,0,1
1399338691,1,0,1
1400269056,1,0,1
1400296506,1,0,1
1401139082,1,0,1
1401170766,1,0,1
1401283974,1,0,1
1402058580,1,1,2
1402099903,1,0,1
1402270153,1,0,1
1402574874,1,0,1
1403268324,1,0,1
1403435034,1,0,1
1403932538,1,0,1
1405231326,1,0,1
1405309777,1,0,1
1405613454,1,0,1
1405973330,1,0,1
1406588750,1,0,1
1408345447,1,0,1
1408448659,1,0,1
1408665450,1,0,1
1408753184,1,0,1
1409092458,1,0,1
1409108803,1,0,1
1409120744,1,0,1
1409132414,1,0,1
1410048950,1,1,2
1410419798,1,0,1
1410505039,1,0,1
1410656035,1,0,1
1410783780,1,3,4
1411053104,1,0,1
1412160763,1,39,40
1413189434,1,0,1
1413525390,1,0,1
1413622279,1,1,2
1413734624,1,0,1
1414052004,1,0,1
1414980961,1,0,1
1415037116,1,0,1
1415995603,1,0,1
1416395384,1,0,1
1416649153,1,0,1
1416775164,1,0,1
1416935965,1,0,1
1417154450,1,0,1
1417193834,1,3,4
1417494906,1,0,1
1418664222,1,0,1
1418918544,1,0,1
1419147042,1,0,1
1419186452,1,9,10
1419636200,1,0,1
1419724207,1,0,1
1419846296,1,0,1
1419920082,1,0,1
1421515423,1,1,2
1422243691,1,0,1
1422343452,1,2,3
1423322641,1,0,1
1423696837,1,0,1
1424111700,1,0,1
1424960708,1,0,1
1425898723,1,15,16
1426271282,1,0,1
1426364527,1,2,3
1426484334,1,0,1
1426639423,1,0,1
1427040900,1,0,1
1428092959,1,1,2
1428677389,1,0,1
1429036027,1,0,1
1429561466,1,0,1
1429607790,1,0,1
1429783322,1,2,3
1430367806,1,5,6
1431732181,1,1,2
1431890406,1,2,3
1431920761,1,0,1
1434378326,1,0,1
1436047818,1,0,1
1436170316,1,0,1
1436297353,1,0,1
1436387929,1,0,1
1436750762,1,0,1
1436760882,1,0,1
1436960107,1,0,1
1437274274,1,0,1
1437533449,1,0,1
1437678642,1,0,1
1438267482,1,0,1
1438292940,1,0,1
1438742467,1,1,2
1439173304,1,0,1
1439913216,1,0,1
1440026906,1,0,1
1440066967,1,0,1
1440725329,1,0,1
1440873980,1,0,1
1441217592,1,0,1
1442058072,1,0,1
1442214408,1,0,1
1442260866,1,0,1
1442595758,1,0,1
1442643660,1,0,1
1443610214,1,0,1
1444183386,1,0,1
1444300153,1,0,1
1444442844,1,0,1
1444525500,1,0,1
1444799468,1,0,1
1444869572,1,0,1
1444932991,1,0,1
1444934610,1,0,1
1445411276,1,0,1
1446899778,1,0,1
1447743788,1,0,1
1447788079,1,0,1
1449009691,1,0,1
1449343861,1,3,4
1449517760,1,0,1
1449575527,1,1,2
1449772669,1,0,1
1449998204,1,0,1
1450159045,1,0,1
1450210909,1,0,1
1450387410,1,2,3
1452252499,1,0,1
1452401774,1,1,2
1452952076,1,3,4
1453085888,1,0,1
1453381074,1,2,3
1454146327,1,0,1
1454274205,1,0,1
1454332086,1,0,1
1454488878,1,1,2
1455432643,1,0,1
1455505123,1,0,1
1455574105,1,1,2
1456533710,1,1,2
1456852255,1,0,1
1457006184,1,11,12
1457096371,1,0,1
1457448582,1,0,1
1457836952,1,0,1
1457951460,1,1,2
1458343699,1,0,1
1458474110,1,0,1
1459263914,1,0,1
1459449356,1,0,1
1459525490,1,0,1
1460305141,1,0,1
1460795006,1,8,9
1460964902,1,0,1
1462026006,1,0,1
1462171854,1,0,1
1462213400,1,0,1
1462324429,1,0,1
1463234894,1,0,1
1463472696,1,0,1
1463541673,1,21,22
1463816394,1,0,1
1464460771,1,0,1
1464629118,1,0,1
1465450662,1,0,1
1465827270,1,0,1
1465918748,1,0,1
1465923001,1,0,1
1466579718,1,0,1
1467357492,1,0,1
1467432649,1,0,1
1467738080,1,9,10
1467796519,1,0,1
1467808118,1,0,1
1467979164,1,0,1
1468845272,1,0,1
1468947013,1,0,1
1470219450,1,0,1
1470958045,1,0,1
1471159890,1,0,1
1472571781,1,0,1
1472767362,1,0,1
1472786593,1,0,1
1472957100,1,0,1
1473077186,1,0,1
1473528288,1,0,1
1473568320,1,0,1
1475240492,1,1,2
1475340008,1,2,3
1475437591,1,0,1
1476058352,1,0,1
1477224776,1,0,1
1477697948,1,0,1
1478326970,1,0,1
1478360545,1,0,1
1478393562,1,0,1
1478768088,1,3,4
1478804335,1,0,1
1478847212,1,0,1
1479887881,1,2,3
1480208600,1,0,1
1480463642,1,0,1
1481073642,1,0,1
1481325733,1,0,1
1482317839,1,0,1
1482356186,1,0,1
1482825356,1,0,1
1483425114,1,0,1
1483618496,1,0,1
1484073703,1,0,1
1485120193,1,0,1
1485773706,1,0,1
1485828128,1,6,7
1486493480,1,0,1
1487086063,1,0,1
1487996952,1,0,1
1488779364,1,0,1
1488893934,1,0,1
1489284691,1,0,1
1489335859,1,4,5
1490729713,1,0,1
1490929940,1,0,1
1490939281,1,0,1
1491368012,1,3,4
1491543289,1,0,1
1491770197,1,0,1
1492343814,1,0,1
1493165586,1,0,1
1493672972,1,1,2
1493930180,1,10,11
1494108895,1,0,1
1494719953,1,0,1
1495880346,1,0,1
1495975435,1,6,7
1496111664,1,2,3
1496348120,1,0,1
1496403914,1,7,8
1496909269,1,0,1
1497031124,1,0,1
1497312055,1,0,1
1498403850,1,0,1
1498492806,1,0,1
1498571880,1,4,5
1498912549,1,0,1
1499114946,1,15,16
1499206465,1,0,1
1501496244,1,1,2
1506157549,1,1,2
1506194455,1,0,1
1507072549,1,1,2
1507110583,1,0,1
1507241024,1,0,1
1507761374,1,0,1
1508213172,1,0,1
1508410711,1,0,1
1511633233,1,0,1
1511726120,1,7,8
1512132302,1,0,1
1512295046,1,0,1
1513006658,1,0,1
1514388198,1,3,4
1514586925,1,1,2
1514754378,1,13,14
1515831528,1,0,1
1515908005,1,0,1
1516900555,1,0,1
1516956493,1,0,1
1517528552,1,0,1
1517605531,1,1,2
1517854183,1,17,18
1517895067,1,0,1
1518157458,1,0,1
1518397128,1,0,1
1518857420,1,0,1
1519682707,1,0,1
1520669994,1,0,1
1520799152,1,2,3
1521123260,1,0,1
1521213607,1,0,1
1521238356,1,5,6
1522725212,1,0,1
1522812469,1,0,1
1523284266,1,0,1
1523500760,1,0,1
1523763619,1,0,1
1524828596,1,0,1
1524960600,1,0,1
1525215300,1,0,1
1526864863,1,18,19
1527532836,1,0,1
1528241000,1,0,1
1528686728,1,0,1
1529011994,1,0,1
1529146658,1,0,1
1529213922,1,0,1
1529680669,1,0,1
1530010346,1,0,1
1531525988,1,183,184
1532135701,1,0,1
1532175576,1,3,4
1532567672,1,0,1
1532699894,1,0,1
1532777114,1,0,1
1534309873,1,0,1
1534534015,1,0,1
1534691744,1,0,1
1535005507,1,0,1
1535234418,1,0,1
1535486215,1,0,1
1535538062,1,0,1
1535842010,1,0,1
1535883205,1,0,1
1536617431,1,0,1
1537490804,1,3,4
1537541180,1,2,3
1537603038,1,0,1
1537644374,1,0,1
1538679618,1,0,1
1538869537,1,0,1
1539489720,1,0,1
1540607102,1,0,1
1540796455,1,0,1
1541754792,1,1,2
1542307050,1,2,3
1542416172,1,0,1
1543635811,1,1,2
1543892166,1,0,1
1544225748,1,0,1
1544947429,1,0,1
1545933570,1,7,8
1546803079,1,0,1
1547266274,1,0,1
1547894173,1,0,1
1548178472,1,1,2
1548446377,1,0,1
1548689551,1,0,1
1548737539,1,0,1
1549058492,1,3,4
1550357083,1,0,1
1550497057,1,0,1
1550962118,1,0,1
1551035946,1,1,2
1551752168,1,0,1
1552049420,1,0,1
1552196366,1,0,1
1553267965,1,1,2
1553650352,1,0,1
1553676794,1,0,1
1553805284,1,0,1
1554184982,1,0,1
1554387871,1,0,1
1554904376,1,0,1
1556192384,1,0,1
1556361764,1,0,1
1556797788,1,0,1
1556951137,1,0,1
1556958427,1,0,1
1557003331,1,0,1
1557026666,1,0,1
1558345142,1,0,1
1559109876,1,0,1
1559392482,1,0,1
1559523470,1,0,1
1559534599,1,0,1
1559999077,1,0,1
1560088860,1,0,1
1560867782,1,0,1
1561206283,1,0,1
1561732376,1,4,5
1561771934,1,0,1
1561817036,1,0,1
1562219508,1,0,1
1562272220,1,0,1
1562318832,1,0,1
1562396526,1,0,1
1562852479,1,0,1
1563531902,1,55,56
1563776910,1,0,1
1565827435,1,1,2
1566805129,1,0,1
1567391334,1,3,4
1567721155,1,0,1
1567990712,1,0,1
1568731766,1,0,1
1568779057,1,0,1
1568877193,1,0,1
1569364716,1,0,1
1569554954,1,0,1
1569578118,1,0,1
1570672825,1,0,1
1570852488,1,0,1
1571278213,1,0,1
1571679320,1,2,3
1571919355,1,0,1
1572084937,1,0,1
1572417146,1,0,1
1573475672,1,0,1
1573806572,1,0,1
1573905823,1,0,1
1574275399,1,0,1
1574992788,1,0,1
1575699774,1,0,1
1576145754,1,0,1
1576507188,1,0,1
1576897908,1,0,1
1577334998,1,0,1
1577940336,1,0,1
1578124182,1,0,1
1578921254,1,0,1
1579089020,1,0,1
1579257787,1,7,8
1579809553,1,0,1
1580293854,1,0,1
1580488638,1,0,1
1581793861,1,0,1
1582011942,1,0,1
1582241208,1,0,1
1583383477,1,1,2
1584522895,1,0,1
1585449962,1,0,1
1586253757,1,0,1
1586914352,1,0,1
1587338516,1,0,1
1588198946,1,0,1
1588238480,1,0,1
1588968378,1,6,7
1589379134,1,0,1
1589402784,1,0,1
1589465053,1,0,1
1589653326,1,0,1
1589818950,1,1,2
1590015859,1,0,1
1590091100,1,0,1
1590606961,1,0,1
1591368109,1,0,1
1591616647,1,18,19
1591628202,1,0,1
1591661234,1,0,1
1591674679,1,2,3
1591982952,1,0,1
1592148780,1,0,1
1592386176,1,0,1
1592729551,1,0,1
1592731968,1,0,1
1592991781,1,0,1
1593282708,1,9,10
1593444110,1,0,1
1593649753,1,0,1
1593685339,1,0,1
1593878312,1,0,1
1593925212,1,0,1
1595032411,1,0,1
1595065908,1,0,1
1595067812,1,1,2
1595768712,1,0,1
1596062574,1,0,1
1596624132,1,0,1
1596955555,1,2,3
1596996019,1,0,1
1597247641,1,0,1
1597254774,1,0,1
1597784690,1,0,1
1599113538,1,0,1
1599266138,1,0,1
1599553915,1,0,1
1599584178,1,0,1
1599599251,1,0,1
1599677563,1,0,1
1599776012,1,0,1
1600106641,1,0,1
1600366603,1,0,1
1601153377,1,0,1
1601375792,1,1,2
1601393774,1,1,2
1601451013,1,0,1
1601474245,1,1,2
1601498833,1,0,1
1601792796,1,0,1
1602172922,1,0,1
1602240110,1,0,1
1602428564,1,0,1
1603818494,1,0,1
1603986625,1,0,1
1604375522,1,0,1
1604401010,1,0,1
1604852011,1,0,1
1605159529,1,0,1
1605957452,1,0,1
1606344974,1,10,11
1607102954,1,0,1
1607999059,1,0,1
1608338893,1,0,1
1608560858,1,0,1
1609071360,1,0,1
1609096598,1,0,1
1609187456,1,3,4
1609563697,1,0,1
1609768970,1,0,1
1610445739,1,0,1
1611406926,1,0,1
1611608696,1,1,2
1612142772,1,0,1
1612880636,1,0,1
1613100216,1,0,1
1613601134,1,0,1
1613640781,1,0,1
1613815177,1,2,3
1613958560,1,0,1
1613976876,1,0,1
1615048730,1,1,2
1615390332,1,1,2
1615877396,1,1,2
1615926037,1,0,1
1617134130,1,0,1
1617141373,1,0,1
1617875179,1,0,1
1618346611,1,0,1
1618499112,1,0,1
1618603262,1,0,1
1619031493,1,0,1
1619222257,1,14,15
1619398555,1,0,1
1619699882,1,0,1
1619938807,1,0,1
1621205677,1,0,1
1622291822,1,0,1
1623747896,1,0,1
1624383158,1,1,2
1624384520,1,0,1
1624932019,1,0,1
1624994768,1,0,1
1625017784,1,1,2
1625497741,1,0,1
1625539790,1,0,1
1625607110,1,10,11
1625872430,1,0,1
1625883722,1,0,1
1626202572,1,1,2
1626215852,1,0,1
1626284348,1,0,1
1626382375,1,0,1
1626751933,1,1,2
1626849218,1,0,1
1627924561,1,0,1
1629014994,1,0,1
1629441680,1,0,1
1629720582,1,0,1
1631140573,1,2,3
1631703188,1,0,1
1631775086,1,0,1
1631798630,1,0,1
1632139969,1,0,1
1632221347,1,0,1
1633188014,1,0,1
1634381168,1,0,1
1635327870,1,0,1
1636513296,1,1,2
1636645297,1,0,1
1636898437,1,0,1
1637039239,1,18,19
1637148314,1,0,1
1638927296,1,18,19
1639159327,1,0,1
1639395961,1,14,15
1639435477,1,1,2
1639732068,1,0,1
1639744687,1,0,1
1640239711,1,0,1
1640314184,1,5,6
1641076052,1,0,1
1641192589,1,0,1
1641326696,1,0,1
1641751412,1,0,1
1641825937,1,0,1
1642271892,1,0,1
1642965704,1,0,1
1643427236,1,0,1
1643545752,1,0,1
1643789833,1,0,1
1643800386,1,0,1
1644165067,1,0,1
1644297510,1,0,1
1645535912,1,0,1
1645727234,1,0,1
1646301787,1,0,1
1646364187,1,0,1
1647075434,1,0,1
1648162908,1,0,1
1648214011,1,0,1
1648273694,1,0,1
1648641464,1,0,1
1648773462,1,0,1
1648894448,1,0,1
1648964318,1,0,1
1649023478,1,0,1
1649075905,1,1,2
1649088205,1,0,1
1649372178,1,0,1
1649383596,1,0,1
1650153091,1,2,3
1650257054,1,0,1
1651404948,1,0,1
1651905098,1,4,5
1652381144,1,0,1
1652595750,1,0,1
1653445536,1,0,1
1654276650,1,1,2
1654671162,1,0,1
1655408449,1,0,1
1655688265,1,0,1
1655797988,1,0,1
1656181614,1,0,1
1656385495,1,0,1
1656611101,1,1,2
1656820524,1,0,1
1656851204,1,0,1
1657176602,1,0,1
1657833709,1,0,1
1657837856,1,0,1
1658701892,1,0,1
1658956112,1,11,12
1659063007,1,0,1
1659177522,1,0,1
1659357368,1,0,1
1659411462,1,0,1
1659430501,1,3,4
1659488563,1,0,1
1659678253,1,0,1
1660796666,1,0,1
1661090436,1,0,1
1661109638,1,0,1
1661144808,1,0,1
1661813256,1,0,1
1661916248,1,0,1
1663017961,1,2,3
1663135333,1,0,1
1665227306,1,1,2
1665279385,1,2,3
1665288823,1,0,1
1665614066,1,0,1
1665957133,1,0,1
1666030405,1,0,1
1666349059,1,0,1
1667712062,1,0,1
1668105456,1,0,1
1668177566,1,3,4
1668847454,1,0,1
1669299858,1,0,1
1669541587,1,0,1
1670149272,1,0,1
1670475326,1,0,1
1671613182,1,90,91
1671714132,1,0,1
1672312446,1,0,1
1673281885,1,1,2
1673324432,1,0,1
1673865013,1,9,10
1674004442,1,0,1
1674022274,1,2,3
1674097027,1,0,1
1674307260,1,3,4
1674309853,1,0,1
1674546415,1,1,2
1676420449,1,0,1
1676647772,1,0,1
1676895474,1,0,1
1677143568,1,0,1
1678096718,1,0,1
1678123254,1,0,1
1678180759,1,0,1
1678792254,1,2,3
1678923234,1,0,1
1679002826,1,2,3
1679446933,1,1,2
1680495127,1,0,1
1680997585,1,0,1
1681587734,1,1,2
1681677841,1,0,1
1681803338,1,0,1
1682121170,1,3,4
1682127457,1,0,1
1682139096,1,4,5
1682156766,1,0,1
1682288748,1,0,1
1682426083,1,0,1
1682662404,1,8,9
1683710208,1,0,1
1684456122,1,0,1
1684469948,1,11,12
1684670372,1,3,4
1685235608,1,0,1
1686850128,1,0,1
1686856597,1,0,1
1687106010,1,0,1
1687302440,1,0,1
1687928131,1,0,1
1688675810,1,0,1
1689046208,1,0,1
1689202490,1,0,1
1689301800,1,0,1
1689934068,1,4,5
1690186524,1,0,1
1690334310,1,0,1
1691434746,1,0,1
1692109110,1,0,1
1692410311,1,0,1
1692882079,1,0,1
1694319481,1,0,1
1695162631,1,0,1
1695234566,1,0,1
1695312344,1,0,1
1695599899,1,0,1
1695722822,1,0,1
1696382280,1,0,1
1697268019,1,0,1
1697599813,1,0,1
1697630430,1,0,1
1697755261,1,0,1
1697909671,1,0,1
1699030302,1,0,1
1699752740,1,0,1
1700080669,1,0,1
1700499702,1,0,1
1700536106,1,1,2
1700546924,1,0,1
1700766462,1,0,1
1700815891,1,0,1
1700918756,1,0,1
1701868584,1,0,1
1703306378,1,0,1
1703391480,1,0,1
1705876284,1,11,12
1706101310,1,0,1
1706107621,1,3,4
1706196672,1,0,1
1706917651,1,0,1
1707082909,1,1,2
1707248929,1,0,1
1707980071,1,0,1
1708727593,1,0,1
1708819075,1,8,9
1708852302,1,0,1
1709186287,1,2,3
1709471798,1,0,1
1710266720,1,0,1
1710705968,1,3,4
1710756439,1,0,1
1710760957,1,0,1
1710820386,1,0,1
1711561663,1,0,1
1712514991,1,0,1
1712974824,1,0,1
1713007837,1,0,1
1713456254,1,0,1
1713590449,1,0,1
1713984559,1,0,1
1714261309,1,0,1
1714649329,1,0,1
1715199553,1,0,1
1715742450,1,0,1
1715923154,1,0,1
1716033678,1,0,1
1716403723,1,1,2
1716775975,1,0,1
1716849668,1,0,1
1716863484,1,0,1
1717194584,1,15,16
1717408074,1,0,1
1717974824,1,0,1
1718704256,1,0,1
1718901722,1,0,1
1719482792,1,0,1
1719670268,1,0,1
1719798668,1,2,3
1720759087,1,0,1
1720799773,1,1,2
1720858112,1,0,1
1720858657,1,0,1
1723086444,1,1,2
1723087028,1,0,1
1723339351,1,1,2
1723938434,1,0,1
1724056231,1,0,1
1725078577,1,0,1
1725338658,1,0,1
1725584222,1,0,1
1725835598,1,0,1
1726268778,1,0,1
1727052505,1,0,1
1727155310,1,5,6
1728404168,1,8,9
1729065025,1,0,1
1729788391,1,0,1
1729937208,1,0,1
1730200988,1,0,1
1730515046,1,0,1
1732659349,1,0,1
1733293656,1,0,1
1733398962,1,0,1
1733753431,1,0,1
1734974215,1,0,1
1735127905,1,1,2
1736518854,1,0,1
1740448560,1,1,2
1750538718,1,0,1
1756656276,1,0,1
1758644114,1,0,1
1766955266,1,0,1
1773079526,1,0,1
1777392384,1,0,1
1802485614,1,0,1
1829544865,1,0,1
1832243125,1,1,2
1833224178,1,0,1
1834672734,1,0,1
1835368356,1,0,1
1837706515,1,0,1
1838720516,1,0,1
1842870649,1,0,1
1848987498,1,2,3
1849307420,1,0,1
1850955356,1,0,1
1851111061,1,1,2
1852310388,1,6,7
1852397791,1,0,1
1852550730,1,0,1
1852910202,1,0,1
1853036239,1,0,1
1854715123,1,0,1
1854946778,1,19,20
1855252122,1,0,1
1855579754,1,0,1
1855611330,1,0,1
1857437510,1,0,1
1857683034,1,0,1
1858451203,1,0,1
1858544510,1,0,1
1859014448,1,0,1
1859070366,1,3,4
1859321100,1,0,1
1860215052,1,0,1
1861413494,1,1,2
1861910383,1,0,1
1862081720,1,0,1
1862356604,1,39,40
1862730259,1,28,29
1863304993,1,0,1
1863591786,1,1,2
1864353433,1,0,1
1864631480,1,0,1
1864675525,1,1,2
1864997695,1,0,1
1865322721,1,0,1
1865633582,1,0,1
1866509810,1,0,1
1866619902,1,0,1
1867728698,1,0,1
1868287897,1,0,1
1868380964,1,0,1
1868810166,1,0,1
1869337411,1,0,1
1869955608,1,0,1
1870053566,1,0,1
1870102094,1,0,1
1871890988,1,0,1
1872266736,1,0,1
1872570132,1,0,1
1873539488,1,79,80
1873583209,1,0,1
1873976750,1,0,1
1874199709,1,0,1
1875605521,1,0,1
1877096528,1,0,1
1877560188,1,0,1
1880691048,1,0,1
1881090745,1,1,2
1881710886,1,0,1
1881859568,1,0,1
1883041224,1,0,1
1883329818,1,0,1
1885069621,1,0,1
1885163791,1,0,1
1885370658,1,1,2
1886837924,1,3,4
1887310218,1,0,1
1887655615,1,0,1
1887791989,1,0,1
1887925453,1,0,1
1888985053,1,0,1
1890396774,1,0,1
1890938713,1,0,1
1891034155,1,0,1
1891061130,1,1,2
1891997473,1,0,1
1892044838,1,0,1
1892341753,1,0,1
1894025826,1,0,1
1894034425,1,0,1
1894609981,1,0,1
1894642346,1,0,1
1895139991,1,0,1
1895173556,1,0,1
1895377302,1,0,1
1895442145,1,0,1
1895662256,1,0,1
1895835331,1,0,1
1895983010,1,1,2
1896003954,1,0,1
1896349093,1,33,34
1896700574,1,0,1
1896865520,1,0,1
1898532325,1,0,1
1898554333,1,1,2
1899263677,1,3,4
1899405938,1,0,1
1900285116,1,0,1
1900294686,1,8,9
1900301652,1,0,1
1900475016,1,0,1
1900597956,1,0,1
1901886308,1,0,1
1901892181,1,0,1
1902060830,1,0,1
1902084210,1,0,1
1902110306,1,0,1
1902385729,1,0,1
1902417420,1,0,1
1902480788,1,0,1
1902546302,1,0,1
1902815888,1,0,1
1904203434,1,0,1
1904846282,1,0,1
1905467376,1,0,1
1905496435,1,0,1
1905682303,1,1,2
1906351926,1,0,1
1906489050,1,1,2
1907058972,1,33,34
1907366678,1,0,1
1907735288,1,0,1
1908652334,1,0,1
1908798451,1,0,1
1909410433,1,0,1
1909480190,1,0,1
1909834284,1,1,2
1909837531,1,0,1
1911025411,1,0,1
1911521378,1,0,1
1912113685,1,0,1
1912913244,1,0,1
1913906587,1,0,1
1914426272,1,17,18
1915108694,1,0,1
1915126328,1,0,1
1915364948,1,0,1
1915544545,1,0,1
1915738219,1,22,23
1916385757,1,0,1
1917358111,1,0,1
1917542490,1,55,56
1917611604,1,0,1
1918027106,1,0,1
1918048327,1,0,1
1918075178,1,0,1
1918219664,1,0,1
1918312327,1,0,1
1918411489,1,0,1
1918456824,1,0,1
1918504556,1,1,2
1918562120,1,8,9
1920513392,1,0,1
1921379689,1,0,1
1921399458,1,6,7
1921856168,1,0,1
1921996062,1,0,1
1922737681,1,2,3
1923919028,1,1,2
1923996253,1,0,1
1924753776,1,1,2
1924847064,1,2,3
1924882758,1,0,1
1925029728,1,0,1
1925089040,1,0,1
1925169348,1,0,1
1925472391,1,0,1
1925610770,1,0,1
1927175232,1,0,1
1927228381,1,0,1
1928239664,1,0,1
1928766386,1,0,1
1928825262,1,0,1
1929031195,1,0,1
1929060571,1,0,1
1929160178,1,0,1
1929355770,1,0,1
1930181618,1,0,1
1930566822,1,0,1
1931094272,1,0,1
1931195258,1,0,1
1931403996,1,0,1
1931494634,1,3,4
1931803916,1,9,10
1931854772,1,20,21
1932979070,1,0,1
1933708392,1,0,1
1933995565,1,0,1
1935100699,1,0,1
1935724428,1,0,1
1936008260,1,0,1
1936114898,1,0,1
1936134264,1,0,1
1937305506,1,0,1
1938305636,1,2,3
1939133383,1,0,1
1939315908,1,0,1
1939480944,1,0,1
1939505810,1,0,1
1939536996,1,0,1
1939867296,1,0,1
1940800728,1,0,1
1941008899,1,0,1
1942008438,1,1,2
1942203938,1,0,1
1942204669,1,0,1
1942442941,1,0,1
1942633370,1,0,1
1943982198,1,0,1
1945678944,1,0,1
1946859253,1,0,1
1946963936,1,0,1
1947349627,1,0,1
1947874440,1,0,1
1947916776,1,0,1
1947993600,1,3,4
1948071248,1,0,1
1948081904,1,0,1
1948175006,1,0,1
1948634347,1,7,8
1948646232,1,2,3
1949324754,1,0,1
1950378288,1,0,1
1950563802,1,0,1
1952414288,1,0,1
1954238832,1,0,1
1954781460,1,0,1
1955105953,1,0,1
1957287222,1,0,1
1961617784,1,9,10
1962855390,1,0,1
1963045296,1,2,3
1963511864,1,0,1
1963650049,1,0,1
1963728985,1,0,1
1963759670,1,0,1
1963766724,1,0,1
1964929694,1,0,1
1965347185,1,0,1
1965423770,1,0,1
1965478220,1,0,1
1965574562,1,0,1
1965810643,1,0,1
1965887192,1,0,1
1965994326,1,0,1
1966893660,1,0,1
1966923656,1,0,1
1967238823,1,0,1
1967780749,1,0,1
1967813294,1,0,1
1968119467,1,0,1
1969156118,1,0,1
1969165453,1,0,1
1969325215,1,0,1
1969338259,1,0,1
1969412742,1,0,1
1969435255,1,0,1
1969481317,1,0,1
1969501650,1,0,1
1969502502,1,0,1
1969530739,1,0,1
1969536618,1,0,1
1969572716,1,0,1
1969629956,1,0,1
1969664648,1,0,1
1969873165,1,0,1
1969922623,1,0,1
1969941955,1,0,1
1969952401,1,0,1
1970087960,1,0,1
1970219023,1,0,1
1970235565,1,0,1
1970251165,1,0,1
1970315587,1,0,1
1970318724,1,0,1
1970341957,1,0,1
1970662152,1,0,1
1970687046,1,0,1
1970747455,1,0,1
1970763451,1,0,1
1970803105,1,0,1
1971361428,1,0,1
1971498091,1,0,1
1972166641,1,0,1
1972372632,1,0,1
1972495580,1,0,1
1972620289,1,0,1
1972731896,1,0,1
1972732117,1,0,1
1973093035,1,0,1
1973201971,1,0,1
1973365933,1,0,1
1973464434,1,0,1
1973561418,1,0,1
1973659578,1,0,1
1973682984,1,0,1
1973707651,1,0,1
1973854848,1,0,1
1973903486,1,0,1
1974177403,1,0,1
1974232129,1,0,1
1974256267,1,0,1
1974375337,1,0,1
1974413916,1,0,1
1974437310,1,0,1
1974966498,1,0,1
1975107109,1,0,1
1975224049,1,2,3
1975294400,1,0,1
1975355185,1,0,1
1975440230,1,0,1
1975449078,1,0,1
1975706748,1,0,1
1975865462,1,0,1
1975908979,1,0,1
1975964761,1,0,1
1976113447,1,0,1
1976460590,1,0,1
1976578334,1,0,1
1976621365,1,0,1
1976669744,1,0,1
1976856596,1,0,1
1977112286,1,0,1
1977134648,1,0,1
1977255822,1,0,1
1977352944,1,0,1
1977366986,1,0,1
1977516830,1,0,1
1977562105,1,0,1
1977608419,1,0,1
1977616891,1,0,1
1977850986,1,0,1
1977874406,1,0,1
1978680043,1,0,1
1979452844,1,0,1
2147518284,1,0,1
2147550622,1,0,1
2147572012,1,2,3
2147829488,1,0,1
2148364768,1,0,1
2148427104,1,0,1
2148883237,1,0,1
2149482784,1,0,1
2149530750,1,0,1
2149553514,1,0,1
2149931162,1,0,1
2150133456,1,1,2
2150180564,1,1,2
2150794934,1,0,1
2151242460,1,0,1
2151341340,1,0,1
2151444996,1,0,1
2151595764,1,1,2
2151609932,1,0,1
2151699396,1,0,1
2151825148,1,0,1
2151871294,1,0,1
2152468368,1,0,1
2153803963,1,0,1
2153899855,1,1,2
2154028386,1,0,1
2154102961,1,0,1
2154645606,1,0,1
2154771370,1,0,1
2155226365,1,0,1
2155277970,1,0,1
2155581331,1,0,1
2155902861,1,5,6
2156108192,1,0,1
2156191582,1,0,1
2156269174,1,0,1
2156409850,1,0,1
2157653297,1,0,1
2157796081,1,0,1
2157881817,1,0,1
2157932159,1,0,1
2157933911,1,0,1
2157957800,1,0,1
2157980342,1,0,1
2159092004,1,0,1
2159490722,1,0,1
2159681749,1,0,1
2159745935,1,0,1
2159897628,1,0,1
2160199430,1,12,13
2161348633,1,0,1
2161435765,1,0,1
2162239931,1,0,1
2163482235,1,0,1
2163672083,1,1,2
2163803062,1,0,1
2163818153,1,0,1
2163942483,1,0,1
2164057442,1,1,2
2164227147,1,0,1
2164246397,1,0,1
2164361439,1,0,1
2164855568,1,0,1
2165104459,1,0,1
2165733529,1,0,1
2167049949,1,0,1
2167146478,1,0,1
2167831410,1,0,1
2167938952,1,8,9
2168089231,1,0,1
2168879532,1,0,1
2168885630,1,2,3
2168886610,1,0,1
2169784285,1,0,1
2169914716,1,0,1
2170209896,1,1,2
2170295381,1,0,1
2170976839,1,0,1
2171895410,1,0,1
2171968148,1,0,1
2172485739,1,0,1
2172585968,1,0,1
2172607636,1,0,1
2172632484,1,0,1
2172768016,1,0,1
2173088761,1,10,11
2173297192,1,0,1
2174564868,1,0,1
2174599339,1,0,1
2174966440,1,9,10
2174990397,1,3,4
2175226721,1,0,1
2176481388,1,0,1
2176516137,1,0,1
2176836014,1,3,4
2176866343,1,0,1
2177124729,1,9,10
2177301242,1,0,1
2177332616,1,0,1
2177891422,1,0,1
2178243152,1,0,1
2178474662,1,0,1
2178659408,1,0,1
2178945481,1,0,1
2178996485,1,0,1
2179033077,1,1,2
2179136886,1,0,1
2180006304,1,0,1
2180697888,1,0,1
2180769757,1,0,1
2180889031,1,0,1
2181059881,1,0,1
2181087356,1,0,1
2181167591,1,0,1
2181199634,1,0,1
2181239851,1,1,2
2181349225,1,1,2
2181412655,1,0,1
2181441271,1,0,1
2181565255,1,2,3
2181745331,1,0,1
2182525103,1,0,1
2183144723,1,0,1
2183242404,1,0,1
2183333094,1,0,1
2183539060,1,0,1
2183577155,1,2,3
2183878805,1,1,2
2183941423,1,0,1
2184267265,1,0,1
2184742136,1,0,1
2184756721,1,0,1
2184949388,1,1,2
2185274887,1,2,3
2185916746,1,0,1
2187841501,1,2,3
2188083406,1,0,1
2188102348,1,0,1
2188840763,1,0,1
2189174772,1,0,1
2189626087,1,1,2
2189707399,1,0,1
2189906048,1,0,1
2190585876,1,0,1
2191113733,1,0,1
2191255526,1,0,1
2191643570,1,0,1
2192297193,1,0,1
2192741799,1,0,1
2192775337,1,0,1
2193206563,1,1,2
2193300163,1,0,1
2193618024,1,0,1
2194277762,1,0,1
2194278636,1,0,1
2194297071,1,0,1
2194635519,1,0,1
2194664888,1,0,1
2195066569,1,0,1
2195125573,1,0,1
2195294828,1,0,1
2195348432,1,28,29
2195405061,1,0,1
2195871972,1,0,1
2196703578,1,0,1
2196785540,1,1,2
2196948835,1,0,1
2198477401,1,0,1
2198522839,1,0,1
2198568131,1,2,3
2198834860,1,0,1
2199619564,1,0,1
2199646552,1,0,1
2200721044,1,0,1
2200989412,1,1,2
2201190719,1,0,1
2201521351,1,1,2
2201663558,1,0,1
2202061155,1,0,1
2202438696,1,0,1
2203886875,1,0,1
2203905157,1,1,2
2203924210,1,0,1
2204101872,1,0,1
2204512002,1,0,1
2204633481,1,0,1
2205050101,1,0,1
2205101779,1,3,4
2205391063,1,0,1
2205449065,1,0,1
2206459016,1,0,1
2206498391,1,0,1
2206609151,1,0,1
2206664561,1,0,1
2206714681,1,4,5
2207314680,1,1,2
2207468155,1,0,1
2207682140,1,0,1
2208116260,1,0,1
2208212988,1,0,1
2208552288,1,0,1
2208565800,1,0,1
2209305542,1,4,5
2209859718,1,0,1
2210545814,1,0,1
2210897143,1,0,1
2211131618,1,0,1
2211176040,1,0,1
2211428662,1,0,1
2211779426,1,0,1
2212472492,1,5,6
2212958682,1,0,1
2213471305,1,1,2
2213472157,1,0,1
2213506638,1,0,1
2213621054,1,3,4
2214133986,1,1,2
2214232400,1,4,5
2214378655,1,0,1
2214419972,1,0,1
2214718268,1,0,1
2214835206,1,0,1
2214953870,1,2,3
2215116109,1,0,1
2215174271,1,0,1
2216065928,1,0,1
2216289257,1,0,1
2216485698,1,0,1
2216553905,1,0,1
2216668019,1,0,1
2216690361,1,0,1
2217354948,1,1,2
2217478028,1,0,1
2218157534,1,0,1
2218313071,1,0,1
2218482119,1,0,1
2218579428,1,0,1
2218738329,1,0,1
2218747818,1,0,1
2218771566,1,0,1
2218882111,1,0,1
2219014926,1,0,1
2219759333,1,0,1
2220053515,1,0,1
2220497180,1,0,1
2220906733,1,18,19
2221754814,1,0,1
2221866235,1,0,1
2222051714,1,0,1
2222248950,1,5,6
2222441868,1,0,1
2222877594,1,0,1
2222957947,1,0,1
2223420974,1,1,2
2223520681,1,0,1
2223824683,1,0,1
2223890358,1,8,9
2223932808,1,0,1
2223996198,1,1,2
2224040881,1,2,3
2224578961,1,0,1
2224610510,1,0,1
2225193372,1,1,2
2225696113,1,0,1
2226050830,1,0,1
2227066652,1,0,1
2227266997,1,0,1
2227380924,1,0,1
2227449841,1,19,20
2227458382,1,0,1
2227558582,1,0,1
2228060470,1,4,5
2228772458,1,0,1
2228815568,1,1,2
2228964631,1,0,1
2229419343,1,0,1
2229479049,1,0,1
2229549205,1,0,1
2230657362,1,1,2
2230842774,1,0,1
2231555156,1,0,1
2231751703,1,0,1
2232012188,1,0,1
2232214076,1,0,1
2232241106,1,0,1
2232299720,1,0,1
2232891259,1,0,1
2233138248,1,0,1
2233548573,1,1,2
2233742546,1,2,3
2233937998,1,0,1
2233985274,1,0,1
2234467100,1,0,1
2235153295,1,0,1
2235222374,1,3,4
2235380054,1,0,1
2235389184,1,0,1
2235577840,1,0,1
2235714604,1,7,8
2236428912,1,4,5
2236577855,1,0,1
2236648082,1,0,1
2236668037,1,0,1
2236703096,1,0,1
2236717758,1,0,1
2236718172,1,0,1
2236815888,1,0,1
2238018198,1,0,1
2238490908,1,1,2
2238502458,1,0,1
2238559117,1,3,4
2239021130,1,3,4
2239791186,1,0,1
2239881529,1,0,1
2240222575,1,0,1
2240741437,1,0,1
2241616412,1,0,1
2241637458,1,0,1
2241746773,1,0,1
2241774485,1,0,1
2242008119,1,1,2
2242446540,1,0,1
2242991072,1,1,2
2243233595,1,1,2
2243626662,1,0,1
2244693121,1,0,1
2244986244,1,0,1
2245022335,1,0,1
2245129890,1,0,1
2245135140,1,0,1
2245251273,1,0,1
2245317437,1,0,1
2245378123,1,0,1
2245681599,1,2,3
2246588210,1,1,2
2247263405,1,0,1
2247828834,1,0,1
2247912528,1,0,1
2247918728,1,0,1
2248161966,1,0,1
2248182513,1,0,1
2248324153,1,0,1
2248336688,1,0,1
2249131928,1,0,1
2249152327,1,1,2
2249636695,1,3,4
2249782302,1,0,1
2250623795,1,0,1
2250791246,1,0,1
2251059566,1,0,1
2251127139,1,0,1
2251475660,1,0,1
2252224257,1,0,1
2252610474,1,0,1
2252862077,1,0,1
2252933251,1,0,1
2253147947,1,14,15
2253747373,1,0,1
2253994969,1,0,1
2254175688,1,0,1
2254590306,1,0,1
2255610974,1,0,1
2255632925,1,0,1
2255942712,1,0,1
2256575739,1,1,2
2256670407,1,0,1
2256688170,1,0,1
2257323021,1,0,1
2257458324,1,0,1
2257632756,1,0,1
2258091781,1,0,1
2258158993,1,0,1
2258487454,1,0,1
2258921275,1,2,3
2259167788,1,0,1
2259449690,1,0,1
2260936946,1,0,1
2261600366,1,0,1
2261647549,1,0,1
2261739642,1,0,1
2261953317,1,0,1
2262100846,1,0,1
2262173522,1,0,1
2262399078,1,0,1
2262496056,1,0,1
2262535247,1,0,1
2262612856,1,0,1
2263424239,1,5,6
2263532827,1,0,1
2263785420,1,0,1
2264348486,1,0,1
2264544906,1,0,1
2265022412,1,0,1
2265227667,1,9,10
2265279241,1,0,1
2266245320,1,0,1
2266337227,1,0,1
2266408584,1,0,1
2267314316,1,0,1
2268189391,1,0,1
2268669818,1,0,1
2269301083,1,0,1
2269309171,1,2,3
2269500007,1,0,1
2269561615,1,0,1
2269805239,1,0,1
2269922359,1,0,1
2269935379,1,0,1
2270122484,1,0,1
2271228614,1,0,1
2271358198,1,0,1
2271722550,1,0,1
2272018618,1,0,1
2272451622,1,0,1
2272642274,1,0,1
2273157291,1,0,1
2273312945,1,0,1
2273363690,1,2,3
2273741413,1,0,1
2273826973,1,0,1
2274178327,1,0,1
2274719514,1,0,1
2275160989,1,0,1
2275550440,1,13,14
2275613128,1,4,5
2276359646,1,0,1
2276513094,1,1,2
2276640450,1,0,1
2277405098,1,0,1
2278208677,1,0,1
2278259582,1,0,1
2278290234,1,0,1
2278302711,1,0,1
2278344374,1,0,1
2278741273,1,0,1
2278750910,1,0,1
2279362758,1,0,1
2279460956,1,1,2
2279577554,1,0,1
2279585546,1,0,1
2279596879,1,0,1
2279736006,1,1,2
2279980675,1,0,1
2280028475,1,0,1
2280196700,1,0,1
2280359762,1,0,1
2280699385,1,1,2
2281087256,1,0,1
2281094539,1,0,1
2281135927,1,0,1
2281269751,1,0,1
2281308318,1,0,1
2281453446,1,0,1
2281473875,1,0,1
2281510308,1,0,1
2281746967,1,0,1
2281972608,1,2,3
2282236865,1,0,1
2282245355,1,0,1
2282379414,1,0,1
2282393299,1,0,1
2282637858,1,6,7
2282734354,1,0,1
2282835950,1,0,1
2283183913,1,0,1
2283421083,1,0,1
2283691014,1,0,1
2283733698,1,2,3
2283953300,1,0,1
2284162824,1,0,1
2284206176,1,0,1
2284377278,1,0,1
2284472866,1,0,1
2284829835,1,1,2
2285020929,1,0,1
2285233954,1,0,1
2285791483,1,0,1
2285834275,1,0,1
2285867372,1,3,4
2285885305,1,0,1
2286310717,1,1,2
2286819656,1,0,1
2287403754,1,0,1
2287647437,1,1,2
2287763941,1,0,1
2288229030,1,0,1
2288323473,1,0,1
2288600166,1,1,2
2288843754,1,0,1
2288866068,1,0,1
2289296201,1,0,1
2290164565,1,0,1
2290165734,1,0,1
2290229629,1,0,1
2290431722,1,15,16
2290538540,1,0,1
2290547239,1,1,2
2290701265,1,0,1
2291016141,1,0,1
2291389303,1,1,2
2291393365,1,0,1
2291822834,1,0,1
2292075036,1,0,1
2292113672,1,0,1
2292644101,1,0,1
2292821192,1,0,1
2293174026,1,2,3
2293255824,1,0,1
2293320074,1,0,1
2293442796,1,0,1
2293453814,1,0,1
2293672346,1,0,1
2293808547,1,0,1
2294018366,1,0,1
2294564108,1,0,1
2294765000,1,0,1
2295190232,1,0,1
2295265904,1,0,1
2295530510,1,0,1
2295738366,1,4,5
2296454820,1,0,1
2296798585,1,1,2
2296829551,1,0,1
2297310252,1,0,1
2297345660,1,0,1
2297380796,1,0,1
2297400744,1,0,1
2297908818,1,0,1
2298214291,1,0,1
2298337369,1,0,1
2298435038,1,0,1
2298696864,1,0,1
2298805182,1,2,3
2298914774,1,0,1
2298927451,1,0,1
2299054200,1,5,6
2299080074,1,0,1
2299096703,1,0,1
2299842067,1,0,1
2300056662,1,0,1
2300639641,1,0,1
2300845477,1,1,2
2300875772,1,0,1
2301486477,1,0,1
2301506084,1,0,1
2301807860,1,0,1
2301887695,1,2,3
2301954198,1,58,59
2302331402,1,0,1
2302420044,1,0,1
2302515477,1,2,3
2302652785,1,0,1
2302878213,1,0,1
2303446560,1,3,4
2303502293,1,0,1
2303628265,1,0,1
2303653441,1,0,1
2303754450,1,0,1
2303779699,1,2,3
2303803082,1,0,1
2304420160,1,0,1
2304437349,1,0,1
2305015868,1,0,1
2305356307,1,1,2
2305426722,1,0,1
2305461146,1,0,1
2305728055,1,0,1
2305755044,1,2,3
2305815296,1,0,1
2305896055,1,1,2
2305965739,1,0,1
2306042770,1,0,1
2306160673,1,1,2
2306659878,1,0,1
2307144349,1,0,1
2307220706,1,0,1
2307390163,1,0,1
2307614792,1,0,1
2307734018,1,2,3
2307743324,1,1,2
2307851701,1,0,1
2307953677,1,0,1
2308265716,1,21,22
2308550895,1,1,2
2308821341,1,1,2
2309198515,1,0,1
2309224927,1,0,1
2309635476,1,0,1
2309725387,1,0,1
2310502494,1,0,1
2310557052,1,0,1
2310688963,1,0,1
2310726425,1,0,1
2310882427,1,0,1
2310919691,1,0,1
2311005987,1,0,1
2311076796,1,0,1
2311193425,1,0,1
2311605883,1,0,1
2311966147,1,0,1
2311982818,1,6,7
2312178433,1,0,1
2312577068,1,0,1
2312602272,1,0,1
2312812213,1,0,1
2312875070,1,0,1
2312955083,1,0,1
2313054957,1,0,1
2313131281,1,0,1
2313248855,1,0,1
2313814508,1,0,1
2314178713,1,0,1
2314315680,1,0,1
2314480388,1,51,52
2314626656,1,0,1
2314701895,1,0,1
2314991095,1,0,1
2315957215,1,0,1
2316362184,1,0,1
2316461462,1,0,1
2317425030,1,0,1
2318124930,1,0,1
2318133067,1,0,1
2318140218,1,14,15
2318195058,1,0,1
2318680806,1,0,1
2318926372,1,0,1
2319053521,1,0,1
2319200715,1,0,1
2319229194,1,0,1
2319291591,1,0,1
2319354828,1,1,2
2319617520,1,0,1
2320046354,1,5,6
2320081199,1,0,1
2320127366,1,0,1
2320245122,1,1,2
2320283100,1,1,2
2320683319,1,0,1
2321082527,1,0,1
2321177648,1,1,2
2321284455,1,0,1
2321568247,1,0,1
2322075213,1,0,1
2322793165,1,0,1
2322794731,1,0,1
2322911209,1,0,1
2322983243,1,0,1
2323154155,1,0,1
2323234975,1,0,1
2324078166,1,0,1
2324568644,1,0,1
2324672564,1,0,1
2325270459,1,0,1
2325684121,1,1,2
2326278977,1,0,1
2326309104,1,0,1
2326314594,1,0,1
2326666844,1,0,1
2327236751,1,0,1
2327397535,1,0,1
2327505090,1,0,1
2327685612,1,1,2
2327890693,1,0,1
2328087564,1,0,1
2328182282,1,4,5
2328714525,1,24,25
2328722705,1,0,1
2329104925,1,2,3
2329252777,1,0,1
2329340414,1,0,1
2329342900,1,1,2
2329421372,1,0,1
2329490905,1,0,1
2329608440,1,0,1
2329774907,1,0,1
2330110409,1,0,1
2330855270,1,0,1
2331058123,1,0,1
2331100648,1,0,1
2331197754,1,0,1
2331281468,1,0,1
2332352369,1,0,1
2332413540,1,0,1
2332617303,1,4,5
2332950523,1,0,1
2333107180,1,0,1
2333154194,1,0,1
2333178462,1,0,1
2334005558,1,0,1
2334108378,1,6,7
2335018539,1,0,1
2335215768,1,0,1
2335455912,1,3,4
2335550514,1,0,1
2336012724,1,0,1
2336027681,1,0,1
2336795832,1,1,2
2337183690,1,0,1
2337255468,1,0,1
2337416828,1,0,1
2338220575,1,0,1
2338848523,1,0,1
2338850408,1,0,1
2338992306,1,0,1
2339360882,1,32,33
2339685247,1,0,1
2339763222,1,0,1
2339804629,1,0,1
2339879479,1,0,1
2340115278,1,0,1
2340551011,1,0,1
2341135320,1,0,1
2341500108,1,0,1
2341868523,1,0,1
2342104352,1,1,2
2342144243,1,0,1
2342566417,1,2,3
2342635239,1,0,1
2342942514,1,2,3
2342957688,1,0,1
2343645643,1,0,1
2343675607,1,0,1
2343890755,1,3,4
2343999781,1,0,1
2344187971,1,0,1
2344391046,1,0,1
2345043440,1,0,1
2345107855,1,0,1
2345412266,1,0,1
2345550072,1,0,1
2345596856,1,0,1
2345656496,1,0,1
2345750090,1,0,1
2345813826,1,11,12
2345893719,1,0,1
2345968962,1,1,2
2346028675,1,0,1
2346092665,1,0,1
2346199114,1,0,1
2346238706,1,0,1
2346289832,1,0,1
2346635239,1,0,1
2347332685,1,0,1
2347548969,1,0,1
2348012801,1,0,1
2348036061,1,0,1
2348117236,1,0,1
2348265044,1,0,1
2348782789,1,2,3
2348963042,1,0,1
2349035834,1,5,6
2349046526,1,0,1
2349065176,1,56,57
2349344545,1,0,1
2349720316,1,0,1
2350170582,1,0,1
2350476979,1,0,1
2350604496,1,1,2
2350828927,1,2,3
2350890408,1,0,1
2350944752,1,0,1
2351048120,1,0,1
2351262416,1,0,1
2351379527,1,0,1
2352668808,1,0,1
2352674515,1,0,1
2352806449,1,0,1
2353303112,1,0,1
2353476753,1,0,1
2353775537,1,0,1
2353926764,1,0,1
2354127674,1,0,1
2354215126,1,0,1
2354232221,1,0,1
2354437033,1,0,1
2355412068,1,0,1
2355460812,1,9,10
2355576174,1,0,1
2355668419,1,0,1
2355819341,1,0,1
2356203992,1,0,1
2356564722,1,0,1
2356726004,1,0,1
2357243907,1,0,1
2357359466,1,0,1
2357477689,1,0,1
2357823105,1,0,1
2357837262,1,0,1
2358081853,1,0,1
2358286248,1,1,2
2358416959,1,0,1
2358645936,1,0,1
2358748797,1,0,1
2359997684,1,0,1
2360094613,1,2,3
2360312341,1,0,1
2360751740,1,0,1
2361050455,1,0,1
2361235141,1,0,1
2361481892,1,0,1
2362001521,1,0,1
2362043421,1,0,1
2362190473,1,0,1
2362327993,1,0,1
2362831658,1,1,2
2363404764,1,6,7
2363436115,1,0,1
2363493596,1,0,1
2363510766,1,0,1
2363605911,1,0,1
2363867307,1,0,1
2364038506,1,7,8
2364324050,1,0,1
2364384266,1,0,1
2364415092,1,0,1
2364586963,1,4,5
2364735758,1,0,1
2364748268,1,0,1
2365707194,1,0,1
2365830201,1,6,7
2365916626,1,0,1
2365938056,1,8,9
2365943947,1,0,1
2365971226,1,1,2
2366356748,1,0,1
2366580896,1,0,1
2366861148,1,0,1
2367034499,1,0,1
2367373415,1,0,1
2367397081,1,0,1
2367766522,1,0,1
2367859014,1,0,1
2368249428,1,0,1
2368406815,1,0,1
2369675449,1,0,1
2370103471,1,0,1
2370305122,1,1,2
2370360593,1,0,1
2370793248,1,0,1
2370952560,1,0,1
2371061588,1,0,1
2371085306,1,0,1
2371141946,1,0,1
2371304412,1,0,1
2371383216,1,0,1
2371575876,1,1,2
2371605681,1,0,1
2372220556,1,0,1
2372236566,1,0,1
2373821628,1,0,1
2374132945,1,1,2
2374390404,1,2,3
2374536614,1,0,1
2376466938,1,0,1
2376917669,1,0,1
2377152409,1,0,1
2377333862,1,0,1
2377786598,1,0,1
2378041974,1,0,1
2378808181,1,0,1
2379138104,1,0,1
2379394502,1,1,2
2379552618,1,0,1
2379891169,1,0,1
2379942960,1,0,1
2380366799,1,0,1
2380500026,1,0,1
2380809426,1,0,1
2380947919,1,3,4
2380990544,1,0,1
2381215086,1,0,1
2381674159,1,0,1
2381743112,1,0,1
2381993293,1,0,1
2382852233,1,0,1
2382906432,1,0,1
2382943154,1,0,1
2382993985,1,0,1
2383100821,1,0,1
2383167355,1,0,1
2383968661,1,0,1
2384345690,1,0,1
2384529750,1,1,2
2384595494,1,0,1
2385064642,1,0,1
2385436670,1,0,1
2385447744,1,0,1
2385916412,1,0,1
2386408153,1,0,1
2386661376,1,1,2
2386996739,1,0,1
2387675328,1,1,2
2387776244,1,0,1
2388059510,1,4,5
2388122664,1,0,1
2388729236,1,0,1
2389462359,1,0,1
2389968102,1,0,1
2390167831,1,0,1
2390445806,1,0,1
2390636869,1,1,2
2390641609,1,0,1
2391449161,1,0,1
2391468612,1,7,8
2391609504,1,0,1
2391999510,1,4,5
2392258573,1,0,1
2392557478,1,0,1
2393094212,1,0,1
2393243141,1,2,3
2393286044,1,0,1
2393301553,1,1,2
2393524176,1,0,1
2393598374,1,8,9
2393612634,1,0,1
2393666598,1,0,1
2394528930,1,0,1
2394899978,1,0,1
2395418091,1,0,1
2396020078,1,0,1
2396477814,1,1,2
2396667402,1,0,1
2396812352,1,0,1
2397013254,1,0,1
2398165660,1,1,2
2398330916,1,1,2
2398381947,1,11,12
2398473426,1,0,1
2398495921,1,2,3
2398596104,1,0,1
2398946198,1,2,3
2399319578,1,0,1
2399927947,1,0,1
2400125449,1,0,1
2400328944,1,0,1
2400532464,1,0,1
2400681912,1,0,1
2400702406,1,0,1
2400728343,1,0,1
2400932792,1,0,1
2401117104,1,0,1
2401912711,1,0,1
2402087335,1,0,1
2402181180,1,15,16
2402275670,1,0,1
2402329212,1,23,24
2402375846,1,0,1
2402622236,1,1,2
2402639334,1,0,1
2402666976,1,0,1
2402815494,1,0,1
2405227376,1,17,18
2405787620,1,0,1
2406021914,1,1,2
2406140200,1,0,1
2406329521,1,0,1
2406405077,1,0,1
2407010399,1,0,1
2407287778,1,2,3
2407516110,1,0,1
2407878882,1,0,1
2407986138,1,0,1
2408009922,1,0,1
2408846915,1,0,1
2409011491,1,0,1
2409234829,1,0,1
2409440642,1,0,1
2409504870,1,0,1
2409506570,1,0,1
2409946098,1,0,1
2410108776,1,0,1
2411097412,1,0,1
2411185025,1,0,1
2411318390,1,0,1
2411341303,1,1,2
2411635081,1,0,1
2411776251,1,0,1
2411788975,1,0,1
2411836742,1,0,1
2411917806,1,1,2
2411980100,1,0,1
2412559675,1,0,1
2412711704,1,1,2
2413374481,1,0,1
2413697916,1,0,1
2414904835,1,0,1
2415150834,1,0,1
2415157352,1,0,1
2416334342,1,0,1
2416596681,1,1,2
2416850030,1,1,2
2417727884,1,0,1
2417818089,1,0,1
2417914946,1,0,1
2418000679,1,0,1
2418260737,1,0,1
2418470360,1,0,1
2418964952,1,0,1
2419257936,1,0,1
2419341168,1,1,2
2419743931,1,0,1
2420169368,1,0,1
2420872921,1,0,1
2421189324,1,0,1
2422986619,1,0,1
2423091918,1,0,1
2423239889,1,0,1
2423620221,1,0,1
2423876183,1,0,1
2424473414,1,0,1
2424580177,1,0,1
2425676161,1,0,1
2425743516,1,0,1
2425808928,1,0,1
2425845006,1,1,2
2426503920,1,0,1
2426736382,1,0,1
2427693884,1,1,2
2427941170,1,0,1
2429268635,1,2,3
2429284708,1,0,1
2429292523,1,0,1
2429486605,1,0,1
2429647765,1,56,57
2429751168,1,2,3
2429870795,1,0,1
2429957493,1,0,1
2430030837,1,0,1
2430047892,1,5,6
2430281964,1,0,1
2430755347,1,51,52
2430755432,1,1,2
2430805014,1,0,1
2430897000,1,15,16
2431092120,1,1,2
2431719561,1,2,3
2432343730,1,0,1
2432425280,1,5,6
2432797422,1,0,1
2433004597,1,0,1
2433174316,1,0,1
2434535047,1,0,1
2434566646,1,0,1
2434615261,1,5,6
2434638188,1,0,1
2434667474,1,1,2
2434804626,1,0,1
2434974276,1,0,1
2435749682,1,0,1
2435999683,1,5,6
2436018229,1,0,1
2436093369,1,0,1
2436124960,1,0,1
2436161375,1,0,1
2436211180,1,0,1
2436458305,1,0,1
2436508347,1,1,2
2436562433,1,0,1
2436605492,1,0,1
2436786304,1,0,1
2436791620,1,0,1
2436901803,1,0,1
2436906603,1,0,1
2436929139,1,0,1
2437022194,1,0,1
2437061715,1,0,1
2437130927,1,0,1
2437163757,1,0,1
2437249036,1,0,1
2437265741,1,0,1
2437297722,1,6,7
2437316069,1,0,1
2437458123,1,0,1
2437474424,1,0,1
2437478308,1,0,1
2437514601,1,0,1
2437633911,1,0,1
2437649554,1,0,1
2437694064,1,0,1
2437694397,1,0,1
2437704597,1,0,1
2437797115,1,0,1
2437802608,1,0,1
2437809832,1,0,1
2437878070,1,0,1
2437932843,1,0,1
2437972270,1,0,1
2438016779,1,0,1
2438076904,1,0,1
2438105607,1,0,1
2438374135,1,0,1
2438377076,1,0,1
2438637643,1,0,1
2439281298,1,0,1
2439554934,1,0,1
2439588188,1,1,2
2439642619,1,0,1
2439760898,1,0,1
2440211070,1,0,1
2440330676,1,0,1
2440427107,1,1,2
2440607372,1,0,1
2440821308,1,0,1
2441127229,1,0,1
2441498174,1,0,1
2441691565,1,0,1
2441816096,1,0,1
2442031368,1,14,15
2442603668,1,0,1
2442649328,1,0,1
2443054884,1,1,2
2443743352,1,0,1
2444335614,1,0,1
2444521872,1,0,1
2444582023,1,0,1
2444726587,1,0,1
2444804174,1,0,1
2444977688,1,0,1
2445631016,1,0,1
2445895308,1,0,1
2445896867,1,0,1
2446070268,1,0,1
2446180548,1,0,1
2446232767,1,0,1
2446400550,1,0,1
2446411368,1,0,1
2446433971,1,0,1
2446543087,1,0,1
2446621070,1,0,1
2446680474,1,0,1
2446899540,1,0,1
2447279666,1,0,1
2447518122,1,0,1
2447539196,1,0,1
2447622097,1,0,1
2447722070,1,0,1
2447767705,1,0,1
2447942785,1,0,1
2447951586,1,0,1
2448137372,1,0,1
2448154496,1,0,1
2448285355,1,0,1
2448304416,1,0,1
2448350612,1,0,1
2448423372,1,0,1
2448493909,1,0,1
2448562835,1,0,1
2448714732,1,0,1
2448793315,1,0,1
2448800396,1,0,1
2448862620,1,0,1
2448888578,1,0,1
2448907476,1,0,1
2448982350,1,0,1
2449083157,1,0,1
2449202028,1,0,1
2449220306,1,0,1
2449356212,1,0,1
2449364791,1,0,1
2449376011,1,0,1
2449401205,1,0,1
2449426584,1,0,1
2449559671,1,0,1
2449589828,1,0,1
2449660249,1,0,1
2449666512,1,0,1
2449750086,1,0,1
2449841641,1,4,5
2450024628,1,0,1
2450086700,1,0,1
2450540017,1,0,1
2451432723,1,3,4
2451460784,1,0,1
2451783416,1,0,1
2451799248,1,7,8
2451843236,1,0,1
2452462448,1,0,1
2455135561,1,0,1
2455491403,1,3,4
2455718852,1,0,1
2455729939,1,0,1
2455917404,1,1,2
2456099938,1,1,2
2456161687,1,1,2
2456514738,1,0,1
2457447397,1,0,1
2457493537,1,0,1
2457845918,1,4,5
2457975062,1,13,14
2458378504,1,0,1
2458562172,1,0,1
2458894599,1,0,1
2458976628,1,10,11
2459044454,1,0,1
2459373836,1,0,1
2459400854,1,0,1
2459735754,1,0,1
2460699565,1,0,1
2461340482,1,0,1
2461686302,1,0,1
2462724143,1,0,1
2463114020,1,0,1
2463263574,1,0,1
2463267687,1,0,1
2463588936,1,0,1
2463674251,1,0,1
2463820162,1,5,6
2463840893,1,0,1
2463946196,1,0,1
2464106245,1,0,1
2464849796,1,0,1
2465117035,1,1,2
2465273143,1,0,1
2465351827,1,0,1
2465595446,1,0,1
2465827227,1,0,1
2466313914,1,0,1
2466629764,1,0,1
2466715867,1,0,1
2466771244,1,0,1
2466928506,1,0,1
2468018324,1,0,1
2468200909,1,0,1
2468325541,1,0,1
2468508500,1,0,1
2468860735,1,0,1
2469092594,1,0,1
2469253332,1,0,1
2469550022,1,0,1
2469581167,1,0,1
2469808868,1,0,1
2469874147,1,0,1
2470062194,1,0,1
2470074420,1,0,1
2470181738,1,0,1
2470258452,1,0,1
2470942150,1,0,1
2471704418,1,0,1
2471770819,1,0,1
2471801095,1,0,1
2472674776,1,0,1
2473074110,1,0,1
2473138058,1,39,40
2473301186,1,0,1
2473304534,1,0,1
2473473961,1,0,1
2473473979,1,0,1
2473580227,1,0,1
2473916204,1,2,3
2474222856,1,0,1
2474810709,1,0,1
2474882645,1,0,1
2475009110,1,4,5
2475069568,1,0,1
2475105981,1,0,1
2475121763,1,0,1
2475148089,1,0,1
2475152069,1,0,1
2475159387,1,0,1
2475160694,1,0,1
2475195693,1,0,1
2475230163,1,0,1
2475275723,1,0,1
2475290199,1,0,1
2475325307,1,1,2
2475335469,1,0,1
2475350133,1,0,1
2475362014,1,0,1
2475377315,1,0,1
2475388133,1,0,1
2475464746,1,0,1
2475525177,1,1,2
2475585681,1,0,1
2475592168,1,0,1
2475606877,1,0,1
2475647463,1,0,1
2475703623,1,0,1
2475755221,1,0,1
2475782110,1,0,1
2475864910,1,0,1
2475882370,1,0,1
2476015941,1,0,1
2476056665,1,0,1
2476056959,1,0,1
2476106152,1,0,1
2476144203,1,0,1
2476181583,1,0,1
2476186295,1,0,1
2476187605,1,0,1
2476211333,1,0,1
2476242449,1,1,2
2476339917,1,0,1
2476362488,1,0,1
2476364699,1,0,1
2476383724,1,0,1
2476456577,1,0,1
2476500791,1,0,1
2476526735,1,0,1
2476632905,1,0,1
2476640146,1,0,1
2476644970,1,0,1
2476671081,1,0,1
2476722141,1,0,1
2477000943,1,1,2
2477077611,1,0,1
2477129332,1,0,1
2477136551,1,0,1
2477198633,1,0,1
2477315788,1,0,1
2477370298,1,2,3
2477401360,1,0,1
2477533458,1,0,1
2477586016,1,0,1
2477621808,1,0,1
2477625307,1,0,1
2477714987,1,0,1
2477717151,1,0,1
2477813829,1,0,1
2477816686,1,0,1
2478036428,1,0,1
2478120029,1,0,1
2478189418,1,0,1
2478193972,1,0,1
2479088146,1,0,1
2479349964,1,0,1
2479353544,1,0,1
2479373915,1,0,1
2479426611,1,0,1
2479462078,1,0,1
2479481697,1,0,1
2479516378,1,0,1
2479617874,1,0,1
2479643357,1,0,1
2479646992,1,0,1
2479790517,1,0,1
2479865666,1,0,1
2479892236,1,0,1
2479954092,1,0,1
2480029601,1,0,1
2480178294,1,0,1
2480183572,1,0,1
2480248461,1,1,2
2480384267,1,0,1
2480385027,1,0,1
2480403136,1,0,1
2480420435,1,0,1
2480458763,1,0,1
2480459633,1,0,1
2480640951,1,0,1
2480690064,1,0,1
2480752634,1,1,2
2480767015,1,0,1
2480849889,1,0,1
2480902264,1,0,1
2480913603,1,0,1
2480955596,1,2,3
2481004406,1,0,1
2481051838,1,0,1
2481100563,1,0,1
2481169107,1,0,1
2481219441,1,0,1
2481277348,1,0,1
2481281250,1,0,1
2481435381,1,0,1
2481573615,1,1,2
2481600112,1,0,1
2481661726,1,0,1
2481872249,1,0,1
2482067433,1,0,1
2482078877,1,0,1
2482274009,1,13,14
2482438689,1,0,1
2482447043,1,0,1
2482448757,1,0,1
2482519689,1,0,1
2482557798,1,0,1
2482680097,1,0,1
2482763279,1,0,1
2482785341,1,0,1
2482795279,1,1,2
2482981234,1,0,1
2482996498,1,0,1
2483024403,1,0,1
2483118523,1,0,1
2483127220,1,0,1
2483207804,1,0,1
2483428204,1,0,1
2483492205,1,0,1
2483561429,1,0,1
2483563449,1,0,1
2483589779,1,0,1
2483635331,1,0,1
2483640424,1,0,1
2483763659,1,0,1
2483853995,1,0,1
2483979892,1,0,1
2484136955,1,1,2
2484164164,1,0,1
2484275555,1,0,1
2484423801,1,0,1
2484442090,1,0,1
2484461727,1,0,1
2484470439,1,0,1
2484547871,1,0,1
2484583187,1,0,1
2484737872,1,0,1
2484786603,1,0,1
2484796726,1,0,1
2484797267,1,0,1
2484859504,1,0,1
2484905019,1,0,1
2484938475,1,0,1
2484974639,1,0,1
2485048277,1,0,1
2485086531,1,0,1
2485086821,1,0,1
2485110023,1,0,1
2485142683,1,0,1
2485223751,1,0,1
2485228275,1,0,1
2485272334,1,0,1
2485351504,1,0,1
2485363937,1,0,1
2485395225,1,0,1
2485537899,1,0,1
2485556500,1,0,1
2485562903,1,0,1
2485569887,1,0,1
2485662357,1,0,1
2485706325,1,0,1
2485748483,1,0,1
2485862411,1,0,1
2485885720,1,0,1
2485900450,1,0,1
2485930552,1,0,1
2485965707,1,0,1
2486011503,1,0,1
2486063806,1,1,2
2486093402,1,0,1
2486107049,1,0,1
2486287181,1,0,1
2486447117,1,0,1
2486452257,1,0,1
2486518570,1,0,1
2486702342,1,0,1
2486710666,1,0,1
2486753002,1,0,1
2486796687,1,0,1
2486857341,1,0,1
2486938139,1,0,1
2486979971,1,0,1
2486984391,1,0,1
2487081951,1,1,2
2487085126,1,0,1
2487093351,1,0,1
2487160335,1,0,1
2487220485,1,0,1
2487364678,1,0,1
2487413812,1,0,1
2487420359,1,0,1
2487467717,1,0,1
2487572129,1,0,1
2487943975,1,1,2
2488503151,1,0,1
2488762948,1,0,1
2488829749,1,0,1
2489048276,1,0,1
2489538123,1,0,1
2489594001,1,0,1
2489690235,1,0,1
2489839234,1,0,1
2489917855,1,0,1
2490029651,1,0,1
2490065708,1,0,1
2490106053,1,0,1
2490187702,1,0,1
2490245101,1,0,1
2490457058,1,0,1
2490630056,1,3,4
2490737150,1,0,1
2490751030,1,0,1
2491712360,1,0,1
2491776920,1,0,1
2491839942,1,0,1
2491981634,1,1,2
2492476716,1,0,1
2493129204,1,0,1
2493281642,1,192,193
2494184966,1,0,1
2494987526,1,0,1
2495477954,1,0,1
2495597232,1,0,1
2495656237,1,1,2
2496435338,1,0,1
2496436669,1,0,1
2497301419,1,0,1
2497307677,1,0,1
2497464073,1,0,1
2497667695,1,0,1
2497741470,1,0,1
2498448922,1,0,1
2498642397,1,0,1
2498940353,1,0,1
2499702596,1,0,1
2499755419,1,0,1
2499851904,1,0,1
2499853356,1,0,1
2500477296,1,0,1
2500486447,1,0,1
2500880110,1,0,1
2502233962,1,0,1
2503118504,1,0,1
2503428137,1,0,1
2503608080,1,0,1
2504212468,1,0,1
2504661380,1,0,1
2504938173,1,0,1
2504947580,1,0,1
2505330512,1,0,1
2505727418,1,0,1
2505852589,1,0,1
2505922556,1,0,1
2506163900,1,0,1
2507796601,1,0,1
2507914664,1,0,1
2508049801,1,0,1
2508592166,1,0,1
2508723740,1,0,1
2508780644,1,4,5
2508995208,1,2,3
2510206474,1,0,1
2510887129,1,0,1
2510938651,1,0,1
2511191570,1,1,2
2511229272,1,0,1
2511543540,1,0,1
2512484635,1,0,1
2512931762,1,0,1
2514644275,1,0,1
2515341855,1,4,5
2515677135,1,0,1
2515681837,1,0,1
2515845916,1,0,1
2516309946,1,0,1
2516415421,1,0,1
2516616586,1,0,1
2516778509,1,0,1
2516920894,1,0,1
2517245875,1,1,2
2518144656,1,1,2
2518289209,1,0,1
2519896486,1,0,1
2519921673,1,0,1
2520684529,1,15,16
2520892458,1,0,1
2521359854,1,0,1
2521826402,1,0,1
2521943161,1,0,1
2523471720,1,2,3
2523599390,1,0,1
2524329466,1,0,1
2525415169,1,0,1
2525468940,1,0,1
2525608439,1,1,2
2525745296,1,0,1
2526017160,1,0,1
2526701431,1,0,1
2526811762,1,0,1
2527210003,1,0,1
2528545844,1,1,2
2528617992,1,0,1
2529241149,1,0,1
2529680302,1,2,3
2530336184,1,2,3
2530866276,1,4,5
2530908612,1,0,1
2531004270,1,0,1
2531019978,1,0,1
2531366659,1,0,1
2531448399,1,0,1
2531628074,1,0,1
2532113238,1,0,1
2532992522,1,0,1
2533498836,1,0,1
2534506841,1,1,2
2534558471,1,0,1
2535063891,1,0,1
2535190835,1,0,1
2535888966,1,0,1
2536221508,1,0,1
2536561231,1,0,1
2537631614,1,0,1
2537738990,1,0,1
2537968098,1,0,1
2538120490,1,0,1
2538133727,1,7,8
2538171246,1,0,1
2538509802,1,0,1
2540062788,1,0,1
2540377030,1,0,1
2540593328,1,0,1
2540739840,1,0,1
2541445677,1,0,1
2541872018,1,4,5
2542214976,1,0,1
2542320878,1,0,1
2542529448,1,1,2
2542529666,1,24,25
2542810797,1,0,1
2543600188,1,0,1
2543683674,1,0,1
2543825128,1,0,1
2543860874,1,1,2
2544019591,1,0,1
2544282893,1,0,1
2544746757,1,0,1
2546055657,1,0,1
2546236655,1,0,1
2546431054,1,0,1
2546521435,1,0,1
2546695478,1,0,1
2546849954,1,0,1
2546940422,1,0,1
2547030157,1,0,1
2547127850,1,0,1
2547172656,1,0,1
2547283860,1,0,1
2547339189,1,0,1
2547974111,1,0,1
2548576177,1,0,1
2548764804,1,0,1
2548857085,1,0,1
2548989871,1,0,1
2549649834,1,0,1
2550031892,1,0,1
2550636080,1,4,5
2550732637,1,0,1
2550862200,1,0,1
2550987278,1,0,1
2551706367,1,1,2
2551840170,1,0,1
2551976245,1,0,1
2553021390,1,1,2
2553345522,1,0,1
2553454196,1,0,1
2553666115,1,0,1
2554486765,1,1,2
2554893830,1,0,1
2555151984,1,0,1
2555181392,1,4,5
2555238984,1,0,1
2555292013,1,0,1
2555753952,1,0,1
2556325991,1,0,1
2556379797,1,0,1
2556773213,1,0,1
2556906780,1,1,2
2557411400,1,0,1
2559396780,1,0,1
2559465857,1,0,1
2559688163,1,0,1
2560527047,1,0,1
2560741457,1,0,1
2561517024,1,0,1
2561728285,1,0,1
2561875472,1,0,1
2562243979,1,0,1
2562506614,1,1,2
2562652654,1,0,1
2562811681,1,0,1
2563352680,1,0,1
2563471195,1,0,1
2563948903,1,1,2
2564008303,1,1,2
2564120978,1,0,1
2564284786,1,0,1
2565204978,1,0,1
2565307443,1,0,1
2565328599,1,0,1
2565478507,1,0,1
2565524322,1,5,6
2565668196,1,2,3
2565690086,1,2,3
2565889071,1,0,1
2566134747,1,0,1
2566500840,1,0,1
2566882376,1,0,1
2567063794,1,1,2
2567158295,1,1,2
2567280551,1,0,1
2567498707,1,0,1
2567885010,1,2,3
2568199458,1,0,1
2568584899,1,0,1
2568950327,1,0,1
2569261434,1,0,1
2569499008,1,5,6
2569531993,1,0,1
2569641502,1,0,1
2570078735,1,0,1
2570104414,1,0,1
2571126849,1,0,1
2571192979,1,0,1
2571419360,1,2,3
2571509455,1,0,1
2571514874,1,0,1
2571556160,1,0,1
2572648312,1,1,2
2573093409,1,1,2
2573145268,1,0,1
2573859030,1,2,3
2574533926,1,0,1
2574631024,1,0,1
2574632838,1,2,3
2575415197,1,0,1
2575453375,1,0,1
2576415471,1,0,1
2577000648,1,0,1
2577172592,1,0,1
2577184314,1,0,1
2577598225,1,0,1
2577767600,1,0,1
2577810160,1,0,1
2577906932,1,0,1
2578478492,1,0,1
2579008119,1,0,1
2579023121,1,0,1
2579079284,1,0,1
2579340648,1,0,1
2579621095,1,0,1
2580078103,1,0,1
2580306517,1,0,1
2580368012,1,0,1
2580397909,1,0,1
2580423060,1,1,2
2580917466,1,0,1
2581108053,1,2,3
2581254006,1,0,1
2581467288,1,0,1
2583011341,1,0,1
2583301431,1,0,1
2583326106,1,2,3
2583794616,1,0,1
2584372549,1,1,2
2584469544,1,0,1
2585438764,1,0,1
2586506586,1,0,1
2586536426,1,0,1
2587819700,1,1,2
2588291197,1,0,1
2588379372,1,0,1
2588560850,1,0,1
2588916278,1,0,1
2589003921,1,0,1
2589354816,1,0,1
2589770954,1,0,1
2590151517,1,0,1
2590167397,1,0,1
2590629630,1,0,1
2591898026,1,1,2
2592310626,1,0,1
2592342907,1,0,1
2592461694,1,0,1
2592736694,1,0,1
2592815799,1,0,1
2593216745,1,0,1
2593336251,1,0,1
2593448748,1,0,1
2593528701,1,0,1
2594027228,1,0,1
2594936204,1,0,1
2595156171,1,1,2
2595370003,1,1,2
2595687833,1,0,1
2596032888,1,0,1
2596152405,1,4,5
2596327553,1,0,1
2596535933,1,0,1
2596717521,1,0,1
2597715355,1,0,1
2597761913,1,0,1
2598139242,1,0,1
2598254934,1,0,1
2599000871,1,0,1
2599743379,1,0,1
2599832760,1,0,1
2599843089,1,10,11
2599935764,1,6,7
2600219737,1,6,7
2600512601,1,2,3
2601339795,1,0,1
2602247181,1,0,1
2602640756,1,0,1
2603716520,1,0,1
2604026826,1,0,1
2604273244,1,0,1
2606596747,1,0,1
2606690623,1,0,1
2606803873,1,1,2
2607022147,1,0,1
2607787352,1,0,1
2608332316,1,0,1
2608842540,1,0,1
2609463888,1,1,2
2610286401,1,0,1
2610554610,1,1,2
2610726536,1,0,1
2611063453,1,0,1
2611995509,1,0,1
2612041296,1,0,1
2612574318,1,0,1
2612661090,1,0,1
2612950070,1,0,1
2613131610,1,0,1
2613317159,1,4,5
2613392574,1,0,1
2614347396,1,0,1
2616388940,1,0,1
2616488844,1,0,1
2616893484,1,0,1
2617034743,1,0,1
2617593818,1,1,2
2617707633,1,0,1
2618845746,1,0,1
2619284896,1,3,4
2620187280,1,0,1
2620606120,1,0,1
2621432962,1,0,1
2622746129,1,0,1
2626320126,1,0,1
2626645203,1,0,1
2628534651,1,0,1
2629690046,1,0,1
2631891160,1,0,1
2633198596,1,2,3
2633293305,1,0,1
2634862518,1,0,1
2635603495,1,1,2
2635740725,1,0,1
2635919640,1,0,1
2636440015,1,0,1
2636801118,1,0,1
2637162002,1,0,1
2638237156,1,0,1
2639518901,1,0,1
2639549164,1,0,1
2639570808,1,0,1
2640203205,1,0,1
2641258137,1,0,1
2642231496,1,0,1
2644237637,1,0,1
2644719294,1,3,4
2645229696,1,0,1
2645266328,1,1,2
2646211340,1,0,1
2646477270,1,0,1
2646574200,1,0,1
2647178945,1,0,1
2648639243,1,0,1
2648912607,1,0,1
2649274586,1,0,1
2649605396,1,0,1
2649829068,1,0,1
2651065493,1,0,1
2651754651,1,0,1
2651806537,1,0,1
2651919946,1,0,1
2652581839,1,9,10
2652722733,1,0,1
2652984649,1,0,1
2653443709,1,0,1
2654200334,1,1,2
2654372454,1,0,1
2654526394,1,0,1
2654827142,1,0,1
2654875748,1,5,6
2654914176,1,0,1
2654983420,1,1,2
2655071250,1,0,1
2655072836,1,0,1
2655459143,1,0,1
2655528877,1,0,1
2657714922,1,0,1
2658243187,1,3,4
2658432267,1,0,1
2658674855,1,0,1
2659120218,1,1,2
2659740307,1,0,1
2659745516,1,0,1
2659940348,1,0,1
2660869345,1,0,1
2662601656,1,0,1
2663431610,1,2,3
2663460144,1,24,25
2664043381,1,0,1
2664478831,1,0,1
2664482746,1,0,1
2664742579,1,0,1
2665962581,1,0,1
2666038983,1,0,1
2666110525,1,0,1
2669000081,1,0,1
2669247091,1,0,1
2669595194,1,0,1
2669710035,1,0,1
2669822744,1,0,1
2670132458,1,0,1
2670313866,1,1,2
2670612703,1,0,1
2671691102,1,0,1
2673838622,1,0,1
2674525781,1,1,2
2674645300,1,0,1
2675031920,1,0,1
2675038670,1,0,1
2675076079,1,12,13
2676252509,1,0,1
2676531046,1,0,1
2676647084,1,0,1
2677302398,1,0,1
2677988648,1,1,2
2678056264,1,0,1
2678479572,1,0,1
2678915983,1,0,1
2679042799,1,0,1
2680247552,1,0,1
2680491590,1,0,1
2681193721,1,1,2
2681292428,1,0,1
2682119500,1,0,1
2682311691,1,0,1
2682441043,1,0,1
2683048640,1,0,1
2683596830,1,0,1
2683599333,1,0,1
2683863025,1,0,1
2684162833,1,0,1
2685126610,1,0,1
2685246518,1,1,2
2686019000,1,0,1
2686143776,1,0,1
2687616024,1,0,1
2687774276,1,0,1
2687986302,1,0,1
2688426386,1,4,5
2688869186,1,0,1
2689024243,1,0,1
2690362825,1,0,1
2690920802,1,0,1
2691182624,1,0,1
2691192957,1,0,1
2691208152,1,11,12
2691365461,1,0,1
2691565404,1,1,2
2691605790,1,1,2
2691820086,1,0,1
2692218947,1,0,1
2692591587,1,0,1
2692910600,1,0,1
2693172618,1,4,5
2694402733,1,1,2
2694693374,1,0,1
2694854215,1,0,1
2695199428,1,0,1
2695648812,1,0,1
2695708901,1,0,1
2698388455,1,0,1
2699025454,1,2,3
2699926484,1,0,1
2701586372,1,0,1
2702508214,1,0,1
2704120332,1,0,1
2704290132,1,0,1
2704447022,1,1,2
2704691892,1,0,1
2704698362,1,0,1
2705219183,1,0,1
2705288509,1,0,1
2705425206,1,2,3
2707007011,1,0,1
2707322971,1,0,1
2707362120,1,1,2
2707651648,1,0,1
2707898303,1,0,1
2707991740,1,0,1
2708217920,1,0,1
2708334516,1,0,1
2708395040,1,0,1
2709596113,1,4,5
2709836450,1,0,1
2710131698,1,0,1
2712087292,1,0,1
2712124622,1,0,1
2712200395,1,0,1
2712467880,1,6,7
2712511380,1,0,1
2712642749,1,0,1
2712833052,1,1,2
2713145977,1,0,1
2713200490,1,0,1
2713430689,1,0,1
2713446434,1,0,1
2713478598,1,0,1
2713623678,1,0,1
2713638917,1,0,1
2714421441,1,0,1
2714562239,1,0,1
2714736302,1,3,4
2714824026,1,9,10
2714845517,1,0,1
2715120529,1,4,5
2715123070,1,0,1
2715271531,1,3,4
2715622453,1,0,1
2715826107,1,1,2
2716322263,1,0,1
2717251146,1,0,1
2717391452,1,3,4
2717880840,1,0,1
2718144140,1,0,1
2718200131,1,1,2
2718205451,1,0,1
2718602167,1,0,1
2718738445,1,0,1
2719153606,1,0,1
2719301726,1,1,2
2719748736,1,0,1
2719783984,1,0,1
2719861540,1,0,1
2719865484,1,0,1
2720119468,1,0,1
2720389919,1,0,1
2720468619,1,0,1
2720511614,1,0,1
2721521370,1,0,1
2721728971,1,0,1
2721821476,1,0,1
2722174602,1,0,1
2722530026,1,1,2
2722594130,1,0,1
2723129951,1,0,1
2723304707,1,0,1
2723319269,1,0,1
2723425713,1,0,1
2723500354,1,0,1
2723723072,1,0,1
2723765348,1,0,1
2724718075,1,2,3
2725281764,1,2,3
2725359217,1,0,1
2725424409,1,0,1
2725533658,1,2,3
2725585411,1,0,1
2726047340,1,7,8
2726101382,1,1,2
2726973539,1,0,1
2727173245,1,0,1
2727267044,1,0,1
2727324019,1,0,1
2727776201,1,0,1
2727857087,1,0,1
2728290256,1,0,1
2728306096,1,0,1
2728333028,1,1,2
2728574975,1,0,1
2728872442,1,0,1
2729433057,1,0,1
2729587721,1,0,1
2730034800,1,4,5
2730285579,1,0,1
2730550162,1,4,5
2730555168,1,0,1
2730745842,1,0,1
2731159703,1,0,1
2731241712,1,15,16
2731294525,1,0,1
2731707190,1,0,1
2732394345,1,0,1
2732873325,1,0,1
2733298744,1,0,1
2733694897,1,0,1
2733729027,1,0,1
2734216235,1,0,1
2734218134,1,0,1
2734836958,1,0,1
2735098071,1,0,1
2735572783,1,0,1
2735780693,1,0,1
2735982470,1,0,1
2736037056,1,0,1
2736157204,1,0,1
2736690362,1,0,1
2736858227,1,0,1
2737184300,1,0,1
2737235716,1,0,1
2738291034,1,0,1
2738315472,1,0,1
2738394813,1,0,1
2738477151,1,6,7
2738728104,1,0,1
2740173239,1,0,1
2740244189,1,0,1
2740268980,1,0,1
2740361853,1,1,2
2740471097,1,0,1
2741037213,1,0,1
2741482903,1,0,1
2741994840,1,0,1
2742017153,1,19,20
2742438696,1,0,1
2742446495,1,20,21
2742726467,1,0,1
2742737046,1,0,1
2742760203,1,0,1
2742844683,1,0,1
2742992297,1,0,1
2743357531,1,5,6
2743558061,1,0,1
2743613675,1,1,2
2743837147,1,0,1
2744966963,1,0,1
2744977184,1,0,1
2745398830,1,0,1
2745742732,1,0,1
2745804818,1,22,23
2746172020,1,0,1
2746348043,1,0,1
2746624915,1,0,1
2746782055,1,0,1
2747048628,1,0,1
2747091424,1,0,1
2747782399,1,0,1
2748676779,1,0,1
2748685071,1,1,2
2749200394,1,0,1
2749340847,1,0,1
2749345839,1,0,1
2750114049,1,8,9
2750141821,1,0,1
2750161890,1,1,2
2750305467,1,18,19
2750425251,1,0,1
2750763693,1,0,1
2751120856,1,0,1
2751182199,1,0,1
2751226938,1,0,1
2751352396,1,1,2
2751584081,1,0,1
2751717160,1,0,1
2751821696,1,0,1
2751878031,1,1,2
2752273808,1,0,1
2752639408,1,0,1
2752933503,1,1,2
2753516394,1,1,2
2753862120,1,0,1
2754011765,1,0,1
2754924746,1,0,1
2754998127,1,0,1
2755337365,1,0,1
2755407486,1,0,1
2755871530,1,9,10
2755973768,1,0,1
2756275393,1,9,10
2756387053,1,1,2
2756808618,1,2,3
2756816942,1,0,1
2757032467,1,0,1
2757152245,1,0,1
2757160765,1,0,1
2757291225,1,0,1
2757519841,1,0,1
2757826419,1,0,1
2757909425,1,0,1
2758817231,1,0,1
2759000263,1,0,1
2759210288,1,0,1
2759507261,1,0,1
2759519345,1,0,1
2759684117,1,3,4
2759688031,1,0,1
2759697131,1,0,1
2759756342,1,0,1
2759792975,1,0,1
2760068066,1,0,1
2760122216,1,12,13
2760397502,1,0,1
2760856717,1,4,5
2761049378,1,0,1
2761172439,1,0,1
2761173080,1,0,1
2761190343,1,0,1
2761562775,1,0,1
2762172891,1,0,1
2762270476,1,0,1
2762676700,1,0,1
2763279917,1,0,1
2763408086,1,0,1
2763550259,1,0,1
2763956657,1,0,1
2764117203,1,0,1
2764158549,1,0,1
2764302244,1,0,1
2764400057,1,0,1
2764537071,1,0,1
2764843884,1,1,2
2765315729,1,0,1
2765627885,1,0,1
2765656225,1,6,7
2765834608,1,0,1
2765873917,1,0,1
2766547777,1,0,1
2766745965,1,0,1
2766860540,1,4,5
2766958748,1,0,1
2766993342,1,6,7
2767288192,1,0,1
2767343101,1,0,1
2767396456,1,0,1
2768318739,1,0,1
2769143947,1,0,1
2769915163,1,0,1
2770034435,1,0,1
2770406704,1,11,12
2770889094,1,1,2
2771604016,1,0,1
2771793543,1,7,8
2772014399,1,3,4
2772168395,1,0,1
2772264890,1,2,3
2772539782,1,0,1
2773356000,1,2,3
2773620281,1,0,1
2773896588,1,0,1
2774071715,1,0,1
2774270693,1,0,1
2774426073,1,0,1
2774475430,1,0,1
2774969625,1,0,1
2775552484,1,1,2
2775626191,1,0,1
2775654486,1,0,1
2775684726,1,0,1
2777331664,1,0,1
2777339263,1,0,1
2777445126,1,0,1
2777843108,1,0,1
2777948984,1,0,1
2778230251,1,0,1
2778680064,1,0,1
2778968979,1,0,1
2779222935,1,0,1
2779307352,1,2,3
2781104846,1,2,3
2781374564,1,0,1
2781385486,1,0,1
2781643060,1,0,1
2781655571,1,0,1
2781855323,1,0,1
2782049981,1,7,8
2782414626,1,0,1
2784154341,1,0,1
2784404520,1,0,1
2784758673,1,0,1
2785312085,1,0,1
2785764141,1,0,1
2786154154,1,0,1
2786194011,1,0,1
2786223669,1,0,1
2786231786,1,0,1
2786259512,1,0,1
2786690382,1,0,1
2787255884,1,0,1
2787800134,1,0,1
2787946425,1,0,1
2788137101,1,0,1
2788451056,1,0,1
2788751377,1,0,1
2788783322,1,0,1
2789213152,1,0,1
2789421859,1,0,1
2789649916,1,0,1
2789741739,1,1,2
2789924141,1,0,1
2789994348,1,1,2
2790361134,1,16,17
2790409250,1,0,1
2790466996,1,0,1
2790763692,1,21,22
2790916968,1,0,1
2790970963,1,0,1
2791314781,1,0,1
2791406556,1,1,2
2791630587,1,1,2
2791720643,1,0,1
2791863621,1,1,2
2791866119,1,1,2
2792191896,1,1,2
2792623189,1,2,3
2792638268,1,2,3
2792658790,1,11,12
2792681689,1,0,1
2792706291,1,14,15
2792791597,1,0,1
2792916099,1,30,31
2792973522,1,0,1
2793154655,1,0,1
2793285113,1,0,1
2793362344,1,0,1
2794015771,1,1,2
2794634298,1,1,2
2794849039,1,0,1
2794993828,1,0,1
2795242319,1,7,8
2795458499,1,0,1
2796462309,1,0,1
2797131408,1,0,1
2797631709,1,0,1
2797758762,1,0,1
2797973269,1,0,1
2798334883,1,0,1
2798682932,1,0,1
2798698056,1,0,1
2799212939,1,0,1
2799248075,1,2,3
2799689653,1,0,1
2799971880,1,0,1
2800048336,1,9,10
2800199558,1,0,1
2800300097,1,1,2
2800486102,1,0,1
2800522958,1,0,1
2800712009,1,0,1
2800771502,1,0,1
2801270976,1,0,1
2801759478,1,0,1
2801835317,1,0,1
2801997687,1,0,1
2802153233,1,5,6
2802557352,1,0,1
2802925481,1,0,1
2803227054,1,0,1
2803946238,1,0,1
2804171844,1,0,1
2804332645,1,10,11
2804890223,1,0,1
2805303975,1,0,1
2805742906,1,2,3
2805977024,1,0,1
2806304954,1,0,1
2806305406,1,0,1
2806356798,1,5,6
2806424080,1,0,1
2807103602,1,4,5
2807820696,1,0,1
2808055427,1,0,1
2808292308,1,0,1
2808396675,1,0,1
2809866566,1,1,2
2809903260,1,0,1
2810115834,1,0,1
2810288305,1,0,1
2810632999,1,0,1
2811977973,1,0,1
2812150069,1,0,1
2812188553,1,0,1
2812300411,1,1,2
2813658297,1,0,1
2813847428,1,0,1
2814099085,1,0,1
2814126056,1,0,1
2814987070,1,16,17
2815370161,1,24,25
2815747198,1,0,1
2816638404,1,1,2
2816676375,1,0,1
2816842381,1,0,1
2817739484,1,0,1
2817837942,1,0,1
2818193145,1,0,1
2818194726,1,0,1
2818445484,1,2,3
2818565778,1,457,458
2818609838,1,0,1
2818856963,1,0,1
2819999687,1,0,1
2820048763,1,0,1
2820054681,1,0,1
2820120503,1,0,1
2820234422,1,2,3
2820329981,1,0,1
2820601293,1,0,1
2820892554,1,0,1
2821261955,1,0,1
2821460831,1,0,1
2821714066,1,0,1
2822223817,1,0,1
2822335862,1,0,1
2822342239,1,2,3
2822661586,1,0,1
2822951071,1,0,1
2823108055,1,0,1
2823178165,1,0,1
2823254639,1,4,5
2823410928,1,1,2
2823691096,1,0,1
2824029850,1,0,1
2824187566,1,1,2
2824323865,1,0,1
2824456549,1,0,1
2825109845,1,0,1
2826444462,1,0,1
2826629662,1,0,1
2826841393,1,50,51
2827076611,1,0,1
2827299613,1,2,3
2827380227,1,0,1
2827758939,1,0,1
2828323410,1,0,1
2828731642,1,2,3
2828841171,1,0,1
2829223290,1,0,1
2829261194,1,0,1
2829438561,1,0,1
2829458972,1,0,1
2829704204,1,0,1
2829757680,1,0,1
2829818213,1,0,1
2829834748,1,1,2
2830583421,1,0,1
2830706181,1,0,1
2830777574,1,0,1
2830833496,1,2,3
2830920687,1,0,1
2830934229,1,0,1
2831103692,1,0,1
2831133927,1,0,1
2831785580,1,0,1
2831806752,1,0,1
2832229256,1,0,1
2832256298,1,0,1
2832519906,1,0,1
2832583525,1,16,17
2832808863,1,0,1
2832918040,1,0,1
2832977503,1,0,1
2833572990,1,0,1
2834218306,1,0,1
2834386567,1,0,1
2834547926,1,0,1
2834791828,1,0,1
2835183370,1,0,1
2835271136,1,0,1
2836049781,1,0,1
2836403190,1,4,5
2837026836,1,0,1
2837166594,1,0,1
2837548060,1,0,1
2838036245,1,0,1
2838392270,1,0,1
2838687015,1,8,9
2838759789,1,0,1
2838834232,1,0,1
2839086446,1,0,1
2839157637,1,0,1
2839398203,1,0,1
2839493257,1,6,7
2839509366,1,0,1
2839635200,1,0,1
2839782715,1,0,1
2840027777,1,0,1
2840715129,1,0,1
2840793743,1,0,1
2840812827,1,0,1
2840842204,1,1,2
2841747221,1,40,41
2841988902,1,0,1
2841991235,1,2,3
2842106791,1,0,1
2842362940,1,0,1
2842493639,1,1,2
2842507499,1,1,2
2843729153,1,0,1
2843894693,1,0,1
2844706973,1,0,1
2845480494,1,0,1
2845490405,1,0,1
2845590365,1,0,1
2845990493,1,1,2
2846009506,1,0,1
2846043988,1,0,1
2846758753,1,0,1
2847170990,1,0,1
2847242681,1,1,2
2847261427,1,0,1
2847623817,1,1,2
2847684048,1,0,1
2847707523,1,0,1
2847883879,1,6,7
2848665761,1,0,1
2849003256,1,0,1
2849177778,1,0,1
2849389824,1,0,1
2849560347,1,2,3
2849891278,1,0,1
2850273322,1,16,17
2850793766,1,0,1
2850897283,1,0,1
2851095096,1,0,1
2851319186,1,0,1
2851330159,1,10,11
2851536534,1,0,1
2852313374,1,0,1
2852772347,1,2,3
2852993131,1,8,9
2853126689,1,0,1
2854559281,1,0,1
2854667042,1,0,1
2854680126,1,0,1
2855180305,1,0,1
2855286571,1,0,1
2855330746,1,0,1
2855566250,1,0,1
2855578462,1,0,1
2856255431,1,0,1
2857254499,1,0,1
2857278242,1,0,1
2857655039,1,0,1
2857662815,1,0,1
2857939193,1,0,1
2858660438,1,0,1
2858671154,1,0,1
2858934772,1,0,1
2858960541,1,0,1
2859047038,1,0,1
2859319325,1,11,12
2859591152,1,0,1
2861295648,1,0,1
2861706744,1,0,1
2861719300,1,0,1
2861795482,1,0,1
2861899293,1,38,39
2862730957,1,0,1
2862777294,1,0,1
2862963052,1,0,1
2863191625,1,0,1
2863772851,1,0,1
2864075611,1,0,1
2864941574,1,0,1
2865044511,1,0,1
2865515144,1,0,1
2865637964,1,0,1
2865692053,1,0,1
2865795508,1,0,1
2866202223,1,0,1
2866318558,1,0,1
2867317885,1,1,2
2867407552,1,0,1
2867874876,1,0,1
2868048552,1,0,1
2868123715,1,0,1
2868216187,1,8,9
2868444104,1,0,1
2868502095,1,3,4
2869585153,1,1,2
2869629617,1,0,1
2869671609,1,0,1
2869971737,1,2,3
2870108029,1,0,1
2870862382,1,0,1
2870917845,1,6,7
2871529024,1,0,1
2871564522,1,0,1
2871615438,1,0,1
2871880259,1,2,3
2872117927,1,0,1
2872227523,1,0,1
2872342779,1,0,1
2872408416,1,0,1
2872751843,1,0,1
2873164176,1,0,1
2873570141,1,0,1
2873783284,1,0,1
2874055789,1,0,1
2874137801,1,0,1
2874658866,1,0,1
2875629118,1,0,1
2875673600,1,0,1
2875804296,1,0,1
2875824379,1,0,1
2876606429,1,0,1
2876790249,1,18,19
2876969645,1,0,1
2877001698,1,0,1
2877013490,1,0,1
2877041269,1,0,1
2877105185,1,0,1
2877177964,1,3,4
2877180399,1,0,1
2877192318,1,0,1
2877229989,1,0,1
2877408155,1,0,1
2877500551,1,0,1
2877545495,1,1,2
2877574913,1,12,13
2877581281,1,0,1
2879389090,1,0,1
2880143600,1,0,1
2880197625,1,1,2
2880217635,1,0,1
2880355509,1,0,1
2880789230,1,0,1
2881352316,1,0,1
2881542126,1,0,1
2881821226,1,0,1
2882064027,1,0,1
2882073551,1,0,1
2882171349,1,0,1
2882901041,1,0,1
2882907295,1,1,2
2883522070,1,0,1
2883699910,1,0,1
2883928229,1,1,2
2884079413,1,0,1
2884131376,1,0,1
2884918305,1,1,2
2884997799,1,0,1
2885130111,1,4,5
2885429729,1,0,1
2885439577,1,0,1
2885467638,1,0,1
2885603504,1,11,12
2885628011,1,0,1
2885979065,1,0,1
2886025295,1,0,1
2886510775,1,2,3
2886818969,1,0,1
2886879235,1,0,1
2886930071,1,0,1
2887405971,1,9,10
2887924157,1,0,1
2887945615,1,0,1
2887966823,1,3,4
2887970618,1,0,1
2887970810,1,0,1
2887974154,1,0,1
2888271393,1,0,1
2888654477,1,0,1
2888722614,1,0,1
2888795253,1,1,2
2888900388,1,0,1
2888945236,1,0,1
2889003413,1,1,2
2889564454,1,0,1
2889592688,1,0,1
2890038293,1,0,1
2890217768,1,0,1
2890352953,1,0,1
2890429285,1,0,1
2891225869,1,0,1
2891392489,1,0,1
2891572515,1,0,1
2892261292,1,0,1
2892439689,1,0,1
2892927304,1,0,1
2893051418,1,0,1
2893326379,1,0,1
2893639715,1,0,1
2894249860,1,0,1
2894787058,1,0,1
2895200341,1,1,2
2895237762,1,0,1
2895266054,1,0,1
2895329900,1,0,1
2895362447,1,0,1
2895449179,1,0,1
2895685422,1,0,1
2896423078,1,0,1
2896447227,1,0,1
2896890507,1,0,1
2896911929,1,0,1
2897051695,1,0,1
2897214721,1,0,1
2897478604,1,0,1
2897698694,1,0,1
2898827612,1,9,10
2899017161,1,2,3
2899213480,1,0,1
2899218757,1,0,1
2899270131,1,16,17
2899655800,1,0,1
2899773662,1,224,225
2899843170,1,0,1
2899860795,1,0,1
2900042914,1,0,1
2900224612,1,0,1
2900330885,1,0,1
2900657499,1,0,1
2900846738,1,0,1
2901217938,1,0,1
2901264640,1,0,1
2901385751,1,0,1
2901399218,1,0,1
2901422925,1,0,1
2901467580,1,0,1
2901577803,1,0,1
2902099254,1,0,1
2902117801,1,0,1
2902340443,1,0,1
2902423493,1,0,1
2902626029,1,0,1
2902918701,1,0,1
2903058267,1,0,1
2903123943,1,0,1
2903205898,1,14,15
2903228946,1,0,1
2903269091,1,0,1
2903783646,1,0,1
2903874260,1,0,1
2903912279,1,1,2
2903954867,1,0,1
2904067269,1,7,8
2904243545,1,1,2
2904361677,1,0,1
2904536310,1,0,1
2904541768,1,0,1
2904576598,1,0,1
2905170395,1,0,1
2905294798,1,1,2
2905456339,1,0,1
2905693782,1,0,1
2905714206,1,0,1
2906106948,1,0,1
2906383873,1,4,5
2906391236,1,0,1
2906952316,1,0,1
2907017349,1,0,1
2907094833,1,0,1
2907141286,1,3,4
2907187959,1,0,1
2907274564,1,0,1
2907521684,1,34,35
2907643158,1,2,3
2907652652,1,0,1
2908099359,1,0,1
2908381651,1,0,1
2908455393,1,0,1
2909338527,1,0,1
2909549533,1,0,1
2909561541,1,0,1
2909586302,1,0,1
2909731363,1,1,2
2909823385,1,2,3
2909957811,1,6,7
2909977509,1,0,1
2910303766,1,0,1
2910475212,1,0,1
2910565459,1,0,1
2910616267,1,0,1
2910932531,1,0,1
2911322408,1,0,1
2911427359,1,0,1
2911683948,1,0,1
2911828067,1,0,1
2912382214,1,0,1
2912825730,1,0,1
2913012811,1,1,2
2913058993,1,0,1
2913252575,1,0,1
2913373838,1,0,1
2913745175,1,0,1
2913824620,1,0,1
2913979860,1,0,1
2914106283,1,2,3
2914348238,1,0,1
2914406821,1,0,1
2914635244,1,0,1
2914918522,1,6,7
2915087832,1,0,1
2915250714,1,0,1
2915519533,1,0,1
2915542435,1,2,3
2915567274,1,0,1
2915610291,1,1,2
2915742057,1,0,1
2915850097,1,0,1
2916014183,1,0,1
2916158142,1,0,1
2916261725,1,0,1
2916653715,1,0,1
2916672881,1,0,1
2916880565,1,0,1
2917804221,1,0,1
2917807347,1,0,1
2917901176,1,0,1
2917908906,1,0,1
2917919120,1,0,1
2918022872,1,0,1
2918160452,1,12,13
2918518443,1,0,1
2918907194,1,0,1
2919050657,1,0,1
2919189777,1,0,1
2919229007,1,0,1
2919935013,1,0,1
2919991874,1,0,1
2920006195,1,0,1
2920197430,1,0,1
2920515091,1,0,1
2920605569,1,0,1
2920692923,1,0,1
2920716521,1,0,1
2920759605,1,13,14
2920833734,1,0,1
2921055672,1,0,1
2921370657,1,0,1
2921453326,1,0,1
2921732512,1,0,1
2922093884,1,0,1
2922151934,1,0,1
2922250781,1,0,1
2922275924,1,0,1
2922333777,1,0,1
2923104648,1,0,1
2923180405,1,0,1
2923491745,1,0,1
2923711813,1,0,1
2924367191,1,0,1
2924412184,1,0,1
2924426359,1,0,1
2924795732,1,1,2
2925394462,1,0,1
2925553732,1,26,27
2925589431,1,0,1
2926482373,1,0,1
2926823584,1,0,1
2927813462,1,0,1
2928677669,1,0,1
2929443931,1,0,1
2929481348,1,0,1
2929919972,1,0,1
2930228690,1,0,1
2930376374,1,6,7
2930987087,1,0,1
2931029238,1,0,1
2931294825,1,0,1
2931327899,1,0,1
2931331440,1,3,4
2931446462,1,0,1
2931508935,1,0,1
2931911388,1,0,1
2932249127,1,0,1
2932405131,1,1,2
2932549026,1,0,1
2932787626,1,0,1
2933159481,1,5,6
2934604870,1,16,17
2934668866,1,0,1
2935134782,1,0,1
2935146224,1,0,1
2935718642,1,0,1
2935809686,1,0,1
2936358564,1,1,2
2936410170,1,0,1
2936436328,1,0,1
2936790121,1,0,1
2937154584,1,3,4
2937453279,1,0,1
2937601203,1,0,1
2937612091,1,0,1
2937629120,1,0,1
2938361783,1,1,2
2938378342,1,0,1
2938697922,1,0,1
2938747324,1,0,1
2938795990,1,0,1
2938902102,1,0,1
2938928403,1,0,1
2939106394,1,0,1
2939472161,1,0,1
2939645367,1,0,1
2939782917,1,0,1
2940081228,1,0,1
2940144208,1,0,1
2940919941,1,0,1
2941199511,1,0,1
2941369234,1,0,1
2941447671,1,0,1
2941484147,1,0,1
2941505829,1,0,1
2941994281,1,0,1
2941998620,1,0,1
2942279217,1,0,1
2942651595,1,0,1
2942686474,1,67,68
2942936427,1,0,1
2943113099,1,0,1
2943170275,1,13,14
2943172932,1,0,1
2943195980,1,0,1
2943313846,1,0,1
2943703539,1,0,1
2944147784,1,1,2
2944287801,1,0,1
2944494037,1,0,1
2944761628,1,0,1
2945173074,1,0,1
2946190162,1,0,1
2946488022,1,0,1
2946509128,1,0,1
2946656895,1,0,1
2947271494,1,0,1
2948349856,1,0,1
2948424873,1,0,1
2948466101,1,0,1
2948623225,1,0,1
2949058242,1,3,4
2949083782,1,26,27
2949185543,1,3,4
2949743435,1,0,1
2949834628,1,0,1
2949932069,1,0,1
2950020489,1,0,1
2950462409,1,0,1
2951121619,1,0,1
2951428219,1,0,1
2951585092,1,0,1
2952155632,1,0,1
2952228969,1,0,1
2952568080,1,0,1
2952578141,1,0,1
2952719366,1,1,2
2953806610,1,0,1
2953966429,1,0,1
2953970284,1,0,1
2954308245,1,0,1
2954374072,1,0,1
2954614130,1,1,2
2954800080,1,4,5
2955158787,1,7,8
2955311432,1,0,1
2955393696,1,0,1
2955827571,1,1,2
2956119682,1,0,1
2956817138,1,0,1
2957314156,1,0,1
2957599924,1,0,1
2957734127,1,7,8
2957919442,1,0,1
2957956329,1,0,1
2958082411,1,0,1
2958897154,1,0,1
2958956861,1,1,2
2959101153,1,0,1
2959262913,1,0,1
2959484801,1,0,1
2959487175,1,0,1
2959751800,1,1,2
2959864587,1,0,1
2959898403,1,0,1
2959983289,1,0,1
2960421171,1,0,1
2960637632,1,0,1
2960901641,1,1,2
2960970563,1,0,1
2961394595,1,1,2
2961491878,1,0,1
2962290883,1,0,1
2962616771,1,0,1
2962652528,1,0,1
2963179442,1,0,1
2963225014,1,0,1
2963483214,1,0,1
2963633155,1,0,1
2964728894,1,0,1
2964906321,1,5,6
2964938091,1,0,1
2965004549,1,0,1
2965224203,1,0,1
2965305622,1,1,2
2965312217,1,0,1
2965485898,1,0,1
2966070040,1,0,1
2966589118,1,3,4
2967058883,1,1,2
2967114333,1,0,1
2967156466,1,0,1
2967194934,1,28,29
2967544548,1,31,32
2967999067,1,0,1
2968221261,1,0,1
2968275952,1,0,1
2968459052,1,0,1
2968616182,1,0,1
2968621085,1,0,1
2968774547,1,4,5
2968943452,1,0,1
2969361701,1,0,1
2969957457,1,0,1
2970013319,1,0,1
2970216495,1,0,1
2970306881,1,0,1
2970550578,1,0,1
2970637414,1,0,1
2970791775,1,6,7
2971001375,1,0,1
2971123475,1,0,1
2972239329,1,68,69
2972417650,1,0,1
2972902514,1,0,1
2973005400,1,0,1
2973494129,1,0,1
2973707829,1,1,2
2973727366,1,0,1
2973812044,1,3,4
2973866331,1,0,1
2974053675,1,0,1
2974581828,1,0,1
2975014912,1,0,1
2975503087,1,0,1
2975669439,1,28,29
2976491998,1,0,1
2976655870,1,0,1
2976801226,1,0,1
2977235671,1,0,1
2977381147,1,0,1
2977803096,1,0,1
2978150277,1,0,1
2978307659,1,0,1
2978344544,1,0,1
2978378638,1,0,1
2978595959,1,0,1
2978757184,1,1,2
2979242392,1,0,1
2980544703,1,0,1
2980558821,1,0,1
2980783930,1,0,1
2980970341,1,0,1
2981440714,1,0,1
2982059596,1,0,1
2982105537,1,74,75
2983084240,1,1,2
2983127176,1,2,3
2983144261,1,0,1
2983345111,1,1,2
2983348738,1,0,1
2983430400,1,0,1
2983487109,1,0,1
2983689916,1,0,1
2983945431,1,1,2
2984031913,1,1,2
2984283478,1,0,1
2984292923,1,0,1
2984745493,1,0,1
2984916544,1,0,1
2985191021,1,0,1
2985195204,1,0,1
2986634483,1,0,1
2986738389,1,0,1
2987248281,1,0,1
2987377127,1,0,1
2987445857,1,0,1
2987636403,1,0,1
2987867026,1,0,1
2988082695,1,0,1
2988147341,1,1,2
2988175907,1,0,1
2988188133,1,0,1
2988237292,1,0,1
2988984687,1,0,1
2989013504,1,0,1
2989165685,1,0,1
2989715365,1,0,1
2990387409,1,0,1
2990526944,1,0,1
2990602806,1,0,1
2991173133,1,0,1
2991528965,1,0,1
2992406288,1,0,1
2992660682,1,2,3
2993272191,1,0,1
2993497779,1,0,1
2993724252,1,2,3
2993747767,1,2,3
2993826366,1,0,1
2993885629,1,0,1
2993981121,1,0,1
2994253312,1,0,1
2994271967,1,1,2
2994534441,1,0,1
2995219129,1,0,1
2995319264,1,0,1
2996066742,1,4,5
2996260664,1,0,1
2996516962,1,1,2
2997036333,1,0,1
2997483876,1,0,1
2998158105,1,0,1
2998320646,1,0,1
2998706627,1,0,1
2999122431,1,0,1
2999184193,1,1,2
2999494097,1,0,1
2999770005,1,0,1
2999812782,1,0,1
3000086907,1,1,2
3000159406,1,1,2
3000440035,1,0,1
3000530467,1,0,1
3000770735,1,0,1
3001490559,1,0,1
3001663627,1,0,1
3001806686,1,0,1
3002178832,1,0,1
3002347967,1,0,1
3002370795,1,0,1
3002546818,1,0,1
3002642385,1,0,1
3002768506,1,1,2
3002826837,1,0,1
3003086586,1,0,1
3003101895,1,0,1
3003406377,1,1,2
3003585164,1,6,7
3003678845,1,0,1
3003683453,1,0,1
3003887955,1,0,1
3003899247,1,0,1
3004595017,1,0,1
3004707485,1,0,1
3004857089,1,0,1
3004979800,1,1,2
3005496744,1,0,1
3005532926,1,0,1
3005686086,1,0,1
3005693467,1,0,1
3006289449,1,0,1
3007001917,1,0,1
3007915774,1,0,1
3008570054,1,0,1
3008803809,1,1,2
3009018731,1,1,2
3009028571,1,0,1
3009098915,1,0,1
3009376464,1,1,2
3009557456,1,0,1
3009631898,1,0,1
3009744983,1,0,1
3009897502,1,1,2
3010453813,1,5,6
3010505106,1,0,1
3010599051,1,0,1
3010707198,1,0,1
3010777755,1,0,1
3010888085,1,0,1
3011477051,1,0,1
3011501357,1,1,2
3011549521,1,2,3
3011687482,1,0,1
3011801593,1,0,1
3012382040,1,1,2
3012512023,1,0,1
3012723176,1,0,1
3012752967,1,1,2
3012968112,1,0,1
3013422394,1,0,1
3013455521,1,0,1
3013891273,1,0,1
3013915792,1,0,1
3014388777,1,0,1
3014976275,1,0,1
3015047969,1,0,1
3015483725,1,0,1
3016004982,1,0,1
3016010058,1,0,1
3016017195,1,0,1
3016488429,1,1,2
3016772082,1,0,1
3017318501,1,0,1
3017612346,1,1,2
3018008971,1,0,1
3018718277,1,2,3
3018759040,1,0,1
3018803003,1,0,1
3019064331,1,0,1
3019844289,1,0,1
3019949760,1,0,1
3019967583,1,0,1
3019984493,1,0,1
3020073401,1,1,2
3020309085,1,13,14
3020657228,1,0,1
3020688650,1,0,1
3020698906,1,1,2
3020849373,1,0,1
3021016396,1,0,1
3022077115,1,3,4
3022079691,1,0,1
3022286539,1,0,1
3022737594,1,0,1
3023047794,1,0,1
3023070806,1,0,1
3023288967,1,84,85
3023331881,1,0,1
3023827565,1,0,1
3024048095,1,3,4
3024070697,1,0,1
3024408677,1,0,1
3024418426,1,0,1
3024516930,1,0,1
3024782527,1,0,1
3025527455,1,0,1
3026539959,1,35,36
3027012789,1,0,1
3027172822,1,0,1
3027212455,1,0,1
3027870298,1,0,1
3028175141,1,0,1
3028415961,1,0,1
3028834210,1,0,1
3028950903,1,0,1
3029021253,1,3,4
3029146353,1,0,1
3029160508,1,0,1
3029163311,1,0,1
3029388316,1,0,1
3029448203,1,0,1
3029729586,1,0,1
3030972982,1,0,1
3031233983,1,0,1
3031756859,1,0,1
3031913707,1,0,1
3031926490,1,6,7
3031964314,1,0,1
3031984080,1,0,1
3032000047,1,0,1
3032138059,1,0,1
3032155881,1,0,1
3032938501,1,0,1
3033083909,1,0,1
3033263315,1,3,4
3033573190,1,0,1
3034027064,1,0,1
3034685881,1,3,4
3034999125,1,0,1
3035006914,1,0,1
3035034799,1,6,7
3035120268,1,0,1
3035150393,1,0,1
3035172730,1,0,1
3035639895,1,0,1
3035660783,1,0,1
3035833108,1,21,22
3036250006,1,0,1
3036350715,1,0,1
3036571078,1,1,2
3036711101,1,0,1
3037028130,1,26,27
3037274244,1,0,1
3037275388,1,0,1
3037509513,1,0,1
3037509737,1,0,1
3037779296,1,0,1
3037834583,1,0,1
3037861444,1,0,1
3038012147,1,0,1
3038457369,1,2,3
3038469415,1,0,1
3038475750,1,0,1
3038857544,1,0,1
3039883441,1,0,1
3039970669,1,0,1
3040427929,1,0,1
3040801568,1,0,1
3040921283,1,1,2
3040987923,1,1,2
3041318446,1,0,1
3041436005,1,0,1
3041526010,1,0,1
3041545491,1,0,1
3041583610,1,0,1
3042199164,1,0,1
3042221912,1,8,9
3042265626,1,0,1
3042299737,1,0,1
3042365528,1,0,1
3042989264,1,0,1
3043184686,1,0,1
3043289152,1,3,4
3043528101,1,0,1
3043713686,1,0,1
3044706388,1,0,1
3044923076,1,0,1
3045000835,1,0,1
3045115597,1,0,1
3045201840,1,0,1
3045400420,1,3,4
3046303649,1,0,1
3046515632,1,0,1
3046604422,1,2,3
3046685862,1,0,1
3047188742,1,0,1
3047202776,1,0,1
3047211832,1,0,1
3047434392,1,0,1
3047461758,1,0,1
3047477116,1,0,1
3047493012,1,0,1
3047563831,1,0,1
3047804856,1,0,1
3047866833,1,0,1
3047884093,1,0,1
3048134718,1,0,1
3048155477,1,1,2
3048246504,1,0,1
3048598943,1,0,1
3048617796,1,0,1
3048636564,1,0,1
3048785210,1,0,1
3049205199,1,0,1
3049348795,1,0,1
3049961252,1,0,1
3050411297,1,8,9
3050688438,1,0,1
3050742040,1,0,1
3051005147,1,0,1
3051091818,1,0,1
3051131390,1,0,1
3051158323,1,0,1
3051165588,1,0,1
3051188912,1,0,1
3051222198,1,0,1
3051330240,1,0,1
3051331977,1,0,1
3051389226,1,0,1
3051723228,1,0,1
3051743191,1,0,1
3051744234,1,0,1
3051773430,1,0,1
3051805368,1,0,1
3051825553,1,0,1
3051828648,1,0,1
3051859520,1,0,1
3051912034,1,0,1
3052013616,1,0,1
3052051070,1,0,1
3052128500,1,0,1
3052336651,1,0,1
3052448324,1,0,1
3052455127,1,0,1
3052507339,1,0,1
3052508142,1,0,1
3052617594,1,0,1
3052793780,1,0,1
3053022211,1,0,1
3053065057,1,0,1
3053211188,1,0,1
3053349685,1,0,1
3053354392,1,0,1
3053376336,1,0,1
3053756779,1,0,1
3053788838,1,0,1
3053907535,1,0,1
3054094609,1,0,1
3054167959,1,1,2
3054168428,1,0,1
3054209895,1,0,1
3054261031,1,0,1
3054322832,1,0,1
3054407593,1,0,1
3054443526,1,0,1
3054466292,1,0,1
3054499762,1,0,1
3054503951,1,0,1
3054577271,1,1,2
3054583740,1,0,1
3054657499,1,0,1
3054734448,1,0,1
3054836899,1,0,1
3054842888,1,0,1
3054877910,1,0,1
3056583173,1,0,1
3057954007,1,0,1
3059254678,1,0,1
3059281318,1,2,3
3059334035,1,0,1
3059883792,1,0,1
3060072082,1,0,1
3060539244,1,0,1
3060606488,1,0,1
3062239493,1,0,1
3062315919,1,0,1
3062631131,1,0,1
3062641378,1,0,1
3062717435,1,0,1
3062906469,1,0,1
3063075652,1,0,1
3063510357,1,0,1
3063533672,1,0,1
3063578235,1,0,1
3063714487,1,4,5
3063880745,1,0,1
3063919348,1,0,1
3064298309,1,0,1
3064363155,1,0,1
3064407069,1,0,1
3064418765,1,0,1
3064455388,1,0,1
3064610177,1,0,1
3064648613,1,0,1
3064658116,1,0,1
3064685973,1,0,1
3064694901,1,0,1
3064702815,1,0,1
3064705083,1,0,1
3064772134,1,0,1
3064773820,1,0,1
3064810547,1,0,1
3064880973,1,0,1
3064882334,1,0,1
3064888607,1,0,1
3064924961,1,0,1
3064942168,1,0,1
3064945737,1,0,1
3064981091,1,0,1
3065011361,1,0,1
3065027801,1,0,1
3065031184,1,0,1
3065043136,1,0,1
3065079651,1,0,1
3065112311,1,0,1
3065126753,1,0,1
3065130627,1,0,1
3065150963,1,0,1
3065181238,1,0,1
3065182600,1,1,2
3065199167,1,0,1
3065215569,1,0,1
3065217033,1,0,1
3065231871,1,0,1
3065256267,1,0,1
3065267207,1,0,1
3065305133,1,0,1
3065316058,1,0,1
3065352351,1,0,1
3065353185,1,0,1
3065369243,1,0,1
3065371913,1,0,1
3065399320,1,0,1
3065409748,1,0,1
3065413539,1,0,1
3065451455,1,0,1
3065498289,1,0,1
3065505844,1,0,1
3065507182,1,0,1
3065527708,1,0,1
3065529141,1,0,1
3065549789,1,0,1
3065566157,1,1,2
3065580449,1,0,1
3065619183,1,0,1
3065625450,1,0,1
3065650275,1,0,1
3065660747,1,0,1
3065676921,1,0,1
3065677366,1,0,1
3065690921,1,0,1
3065699997,1,0,1
3065703413,1,0,1
3065704115,1,0,1
3065708523,1,0,1
3065717787,1,0,1
3065718945,1,0,1
3065721929,1,0,1
3065744507,1,0,1
3065747867,1,0,1
3065752023,1,0,1
3065770199,1,0,1
3065770353,1,0,1
3065778911,1,0,1
3065779973,1,0,1
3065780200,1,0,1
3065785935,1,1,2
3065805473,1,0,1
3065813619,1,0,1
3065816038,1,0,1
3065829503,1,0,1
3065829651,1,0,1
3065836108,1,0,1
3065848684,1,0,1
3065852891,1,0,1
3065858051,1,0,1
3065860234,1,0,1
3065865009,1,0,1
3065868472,1,0,1
3065873326,1,0,1
3065875185,1,0,1
3065877975,1,0,1
3065878199,1,0,1
3065878697,1,0,1
3065888464,1,0,1
3065902241,1,0,1
3065905726,1,0,1
3065907437,1,0,1
3065909879,1,0,1
3065927932,1,0,1
3065940118,1,0,1
3065946964,1,1,2
3065948884,1,0,1
3065955166,1,0,1
3065956924,1,0,1
3065959624,1,0,1
3065989265,1,0,1
3066236543,1,0,1
3066455956,1,0,1
3066686825,1,0,1
3066832981,1,0,1
3066978124,1,0,1
3067223453,1,0,1
3067228531,1,0,1
3067349743,1,0,1
3067685731,1,0,1
3068728464,1,0,1
3068864107,1,0,1
3068949485,1,0,1
3070468767,1,0,1
3070764531,1,0,1
3071531680,1,0,1
3071566300,1,0,1
3071850667,1,3,4
3071989768,1,0,1
3072459989,1,28,29
3073809062,1,0,1
3074230573,1,0,1
3074927585,1,0,1
3075302174,1,0,1
3075467281,1,2,3
3075657543,1,0,1
3075719913,1,0,1
3075843553,1,0,1
3076111561,1,0,1
3076868272,1,0,1
3077246834,1,0,1
3078762377,1,2,3
3079145701,1,0,1
3079849018,1,2,3
3080308762,1,0,1
3080461433,1,0,1
3080698290,1,0,1
3080771328,1,0,1
3081227250,1,0,1
3081552667,1,0,1
3082925560,1,0,1
3083229328,1,0,1
3083350340,1,0,1
3083581552,1,0,1
3084647165,1,0,1
3084650644,1,0,1
3084842651,1,0,1
3085454489,1,0,1
3086316416,1,1,2
3087439556,1,0,1
3087540285,1,0,1
3088600429,1,0,1
3090044279,1,0,1
3090527560,1,0,1
3091444382,1,0,1
3091669635,1,0,1
3091768709,1,0,1
3091900759,1,0,1
3092228788,1,0,1
3092260011,1,0,1
3092563396,1,0,1
3092591571,1,0,1
3093683335,1,0,1
3093873776,1,0,1
3094908458,1,0,1
3095845541,1,0,1
3096197139,1,1,2
3096765870,1,0,1
3097027345,1,0,1
3097368934,1,0,1
3098428667,1,0,1
3098432640,1,2,3
3098473819,1,0,1
3098524258,1,0,1
3098890162,1,0,1
3099484032,1,0,1
3100810649,1,1,2
3101996466,1,0,1
3102044217,1,0,1
3102398327,1,0,1
3102472862,1,0,1
3103071266,1,0,1
3104495336,1,0,1
3105028147,1,1,2
3105352238,1,0,1
3105364077,1,0,1
3105836029,1,0,1
3106688243,1,0,1
3106949893,1,1,2
3107711448,1,0,1
3107716620,1,0,1
3107912356,1,0,1
3108812707,1,0,1
3109015684,1,0,1
3109224305,1,0,1
3109269087,1,0,1
3110801057,1,10,11
3111496845,1,0,1
3112000848,1,0,1
3112044022,1,0,1
3112052554,1,0,1
3112434610,1,0,1
3112485521,1,0,1
3112621480,1,0,1
3112717914,1,2,3
3113062169,1,0,1
3113342544,1,0,1
3113452056,1,0,1
3113590537,1,0,1
3114239426,1,2,3
3114343853,1,0,1
3115875292,1,0,1
3116504009,1,0,1
3116611336,1,0,1
3116955718,1,0,1
3118832304,1,0,1
3119354603,1,0,1
3119712682,1,0,1
3120422458,1,0,1
3121695264,1,0,1
3121785585,1,0,1
3122487777,1,0,1
3122614374,1,0,1
3122629226,1,0,1
3122650774,1,1,2
3122689411,1,0,1
3123891849,1,0,1
3123971965,1,0,1
3124591131,1,1,2
3124856075,1,0,1
3124933325,1,0,1
3125011143,1,0,1
3126475427,1,0,1
3126965878,1,0,1
3127362827,1,0,1
3128661380,1,1,2
3129556459,1,0,1
3129944188,1,0,1
3130635850,1,0,1
3130919615,1,94,95
3131076533,1,0,1
3131124364,1,0,1
3131169148,1,0,1
3131196005,1,0,1
3131353456,1,0,1
3131369782,1,0,1
3131519624,1,0,1
3131611887,1,0,1
3132681004,1,0,1
3133275722,1,0,1
3133666626,1,0,1
3133990041,1,0,1
3134037938,1,0,1
3134073339,1,0,1
3134354112,1,0,1
3135252634,1,0,1
3135613169,1,0,1
3138260060,1,0,1
3138573783,1,0,1
3139147969,1,0,1
3139253484,1,0,1
3139621382,1,2,3
3140029801,1,0,1
3140214850,1,0,1
3140400355,1,0,1
3140470333,1,0,1
3140595469,1,0,1
3140621532,1,0,1
3140748788,1,0,1
3140880662,1,0,1
3140908674,1,0,1
3141303693,1,0,1
3141885411,1,0,1
3142653999,1,0,1
3143076391,1,0,1
3143230010,1,0,1
3143802437,1,0,1
3144151043,1,0,1
3145474467,1,1,2
3145512866,1,1,2
3145564244,1,0,1
3145916417,1,0,1
3145920843,1,0,1
3146204134,1,0,1
3146684388,1,0,1
3147246073,1,0,1
3147456042,1,1,2
3148739466,1,0,1
3148811982,1,0,1
3148847930,1,0,1
3148901299,1,3,4
3149176337,1,0,1
3149457188,1,1,2
3150050422,1,0,1
3150123649,1,0,1
3150151147,1,0,1
3150176834,1,0,1
3150220332,1,11,12
3150266508,1,1,2
3150713532,1,0,1
3151630539,1,0,1
3151644035,1,0,1
3151720422,1,0,1
3151877551,1,3,4
3152118762,1,0,1
3152158328,1,0,1
3153898533,1,2,3
3153963392,1,14,15
3154100120,1,0,1
3154314141,1,0,1
3154372850,1,0,1
3157219778,1,0,1
3157444563,1,0,1
3157671825,1,0,1
3158173165,1,0,1
3158492423,1,0,1
3159298564,1,0,1
3159579924,1,0,1
3159801347,1,9,10
3160301141,1,0,1
3161023999,1,0,1
3161121705,1,0,1
3161602502,1,0,1
3161854130,1,0,1
3162153746,1,0,1
3162889147,1,0,1
3163246308,1,1,2
3164194149,1,0,1
3164371908,1,0,1
3164453826,1,0,1
3164486004,1,0,1
3164707532,1,0,1
3164792695,1,0,1
3165810168,1,2,3
3165998402,1,0,1
3166023404,1,31,32
3166231752,1,0,1
3166991089,1,20,21
3167128131,1,0,1
3167313634,1,0,1
3167515000,1,0,1
3167741856,1,0,1
3170366621,1,0,1
3170426574,1,5,6
3170964015,1,0,1
3171373273,1,0,1
3171555132,1,0,1
3171685513,1,26,27
3171710430,1,0,1
3171729400,1,0,1
3171899339,1,0,1
3172685867,1,0,1
3173949645,1,0,1
3174590574,1,0,1
3176301956,1,0,1
3176398313,1,0,1
3177551443,1,0,1
3177939774,1,0,1
3179437112,1,0,1
3179736830,1,0,1
3179915986,1,0,1
3180878012,1,1,2
3180953282,1,5,6
3181493828,1,0,1
3181568273,1,0,1
3181714020,1,1,2
3181735356,1,0,1
3181956325,1,1,2
3182152928,1,0,1
3182220284,1,0,1
3182775558,1,0,1
3183282239,1,0,1
3183520439,1,1,2
3183579916,1,0,1
3183616213,1,0,1
3184083853,1,0,1
3184462936,1,0,1
3184567378,1,0,1
3184726405,1,0,1
3184726826,1,0,1
3185404560,1,0,1
3185936427,1,1,2
3186605436,1,1,2
3186788058,1,0,1
3187273370,1,0,1
3187571219,1,0,1
3187848737,1,5,6
3188011471,1,5,6
3188107750,1,0,1
3188306700,1,0,1
3188461563,1,0,1
3189010888,1,0,1
3189499542,1,0,1
3190999660,1,0,1
3191084275,1,0,1
3191237548,1,0,1
3191367083,1,0,1
3191547089,1,0,1
3191693130,1,0,1
3192411142,1,0,1
3192475400,1,20,21
3192487465,1,0,1
3192659427,1,0,1
3192766663,1,0,1
3194205199,1,0,1
3194457716,1,0,1
3194707844,1,0,1
3194818131,1,0,1
3195622220,1,2,3
3197390607,1,0,1
3197583997,1,0,1
3197649422,1,0,1
3197779291,1,0,1
3197821518,1,0,1
3198089216,1,0,1
3198244935,1,0,1
3199108473,1,0,1
3199239731,1,0,1
3200302555,1,0,1
3200909997,1,0,1
3201051405,1,0,1
3201113458,1,0,1
3201561760,1,1,2
3204687447,1,0,1
3205068753,1,0,1
3207107709,1,1,2
3207161375,1,0,1
3207232684,1,2,3
3207461152,1,2,3
3207522927,1,0,1
3208036114,1,1,2
3208658418,1,0,1
3209021753,1,3,4
3212918993,1,0,1
3213953968,1,11,12
3214580729,1,0,1
3214643433,1,0,1
3215848560,1,0,1
3217790524,1,0,1
3219844437,1,0,1
3219968346,1,0,1
3220596264,1,0,1
3220705908,1,0,1
3220916611,1,0,1
3221095651,1,7,8
3221113490,1,1,2
3221279982,1,1,2
3221283046,1,0,1
3221498424,1,0,1
3221703299,1,0,1
3221796475,1,9,10
3221830627,1,1,2
3222494839,1,0,1
3222534654,1,6,7
3222757136,1,0,1
3222909799,1,0,1
3223005274,1,0,1
3223239390,1,8,9
3223624928,1,0,1
3223772982,1,0,1
3224573149,1,0,1
3224709112,1,0,1
3224862973,1,5,6
3224863030,1,0,1
3224910764,1,0,1
3225668363,1,0,1
3225722943,1,0,1
3226120367,1,0,1
3226125382,1,0,1
3226127629,1,0,1
3226168330,1,0,1
3226254849,1,0,1
3226389063,1,0,1
3226603871,1,0,1
3226662912,1,0,1
3227019684,1,0,1
3227162960,1,0,1
3227408298,1,0,1
3228447231,1,0,1
3228564666,1,0,1
3228629410,1,0,1
3228640905,1,0,1
3228834167,1,0,1
3228843807,1,0,1
3229039009,1,12,13
3229101408,1,0,1
3229165436,1,0,1
3229312378,1,0,1
3229410235,1,0,1
3229460923,1,0,1
3229496968,1,0,1
3229834781,1,0,1
3230087148,1,0,1
3230193128,1,0,1
3230376385,1,0,1
3230581501,1,1,2
3230702017,1,0,1
3230720105,1,0,1
3231045458,1,0,1
3231323977,1,0,1
3231327293,1,0,1
3231332426,1,0,1
3231865519,1,0,1
3231951218,1,0,1
3232269276,1,0,1
3233118721,1,5,6
3233153232,1,0,1
3234330568,1,0,1
3234585647,1,0,1
3235205204,1,0,1
3235360826,1,0,1
3235445305,1,0,1
3235962534,1,0,1
3236511499,1,0,1
3236521686,1,0,1
3236523812,1,3,4
3236589895,1,8,9
3236693637,1,0,1
3236698460,1,0,1
3236984783,1,1,2
3237246585,1,6,7
3237397310,1,0,1
3237798185,1,1,2
3237953169,1,0,1
3238191162,1,0,1
3238281008,1,1,2
3239003284,1,1,2
3239012254,1,1,2
3239301886,1,0,1
3239465253,1,0,1
3239514501,1,0,1
3239816191,1,0,1
3239847600,1,0,1
3239940652,1,1,2
3239947259,1,0,1
3240142224,1,0,1
3240185057,1,0,1
3240517783,1,0,1
3240581412,1,0,1
3240732509,1,0,1
3240746607,1,5,6
3240990981,1,0,1
3241065539,1,0,1
3241931810,1,3,4
3241984329,1,0,1
3242096608,1,0,1
3242339223,1,0,1
3242743395,1,0,1
3242819018,1,0,1
3242860205,1,0,1
3243503809,1,0,1
3243528802,1,0,1
3243825207,1,0,1
3244010243,1,1,2
3244043888,1,0,1
3244075424,1,0,1
3244566380,1,0,1
3244733209,1,16,17
3245356483,1,0,1
3245395564,1,0,1
3245498546,1,0,1
3245511757,1,0,1
3246164604,1,0,1
3246386281,1,20,21
3246395550,1,0,1
3246478940,1,0,1
3246542488,1,3,4
3246911913,1,9,10
3247077859,1,0,1
3247531118,1,0,1
3247929665,1,1,2
3248630013,1,0,1
3248691361,1,5,6
3249992329,1,0,1
3250163005,1,0,1
3250726092,1,3,4
3252066963,1,0,1
3252118139,1,0,1
3252730549,1,0,1
3252847892,1,0,1
3253047127,1,0,1
3253054884,1,0,1
3253056193,1,0,1
3253149374,1,1,2
3253921395,1,0,1
3254398964,1,0,1
3254777569,1,0,1
3254890561,1,0,1
3255061710,1,0,1
3255253097,1,0,1
3255951123,1,24,25
3256762422,1,0,1
3256910497,1,0,1
3257048503,1,0,1
3257940770,1,0,1
3258031089,1,0,1
3258299016,1,0,1
3258490158,1,0,1
3259658840,1,0,1
3260203669,1,0,1
3260339101,1,4,5
3261837632,1,0,1
3263027016,1,0,1
3263274484,1,2,3
3263688377,1,0,1
3264248057,1,0,1
3266351988,1,0,1
3266657148,1,1,2
3266813234,1,0,1
3267193837,1,1,2
3268484252,1,0,1
3268767380,1,0,1
3269955146,1,0,1
3270109362,1,18,19
3270292280,1,0,1
3270450403,1,0,1
3270691068,1,0,1
3272841955,1,0,1
3272915850,1,0,1
3273536767,1,0,1
3273930834,1,0,1
3274962374,1,0,1
3275047310,1,0,1
3275163810,1,2,3
3275244188,1,1,2
3276449154,1,0,1
3277148569,1,0,1
3277592832,1,0,1
3277743252,1,0,1
3278055896,1,0,1
3278076264,1,0,1
3278110310,1,0,1
3278353603,1,0,1
3279238608,1,0,1
3279533178,1,0,1
3279667957,1,0,1
3280184334,1,0,1
3280254072,1,0,1
3280907082,1,1,2
3281277655,1,0,1
3281338363,1,0,1
3281358942,1,0,1
3281726886,1,0,1
3282025843,1,0,1
3282644526,1,0,1
3282709518,1,0,1
3282785736,1,0,1
3282795510,1,0,1
3283399686,1,0,1
3283613148,1,1,2
3283811719,1,1,2
3283906727,1,0,1
3284796619,1,2,3
3285705822,1,0,1
3285975517,1,0,1
3286537375,1,0,1
3287589577,1,0,1
3288066408,1,20,21
3288347239,1,0,1
3288513350,1,6,7
3289112503,1,2,3
3289220141,1,0,1
3289562545,1,0,1
3289625461,1,0,1
3289940898,1,0,1
3290019119,1,0,1
3290214292,1,1,2
3290275786,1,1,2
3290293391,1,2,3
3290712024,1,0,1
3290831809,1,0,1
3290963754,1,0,1
3291093486,1,0,1
3291106129,1,3,4
3291193873,1,1,2
3291250602,1,0,1
3291388097,1,0,1
3291710667,1,0,1
3291753758,1,44,45
3291755589,1,0,1
3291793433,1,0,1
3292606704,1,0,1
3293191066,1,0,1
3293356187,1,0,1
3294292061,1,0,1
3294295415,1,0,1
3294783495,1,0,1
3294798467,1,0,1
3295041561,1,0,1
3295224437,1,2,3
3295477099,1,0,1
3295943761,1,0,1
3296002967,1,0,1
3296455645,1,0,1
3296772538,1,0,1
3296789650,1,0,1
3297026886,1,0,1
3297487107,1,0,1
3297611669,1,0,1
3298050839,1,2,3
3298172888,1,0,1
3298238536,1,1,2
3298252493,1,0,1
3298542574,1,0,1
3298847143,1,0,1
3298889245,1,8,9
3298932044,1,0,1
3298990284,1,0,1
3299026488,1,0,1
3299419268,1,0,1
3299484550,1,0,1
3299716605,1,0,1
3299736718,1,0,1
3299755298,1,0,1
3299789463,1,0,1
3299836245,1,0,1
3299917608,1,0,1
3300065650,1,0,1
3300218308,1,0,1
3300261465,1,0,1
3300309662,1,0,1
3300404053,1,0,1
3300632671,1,0,1
3300747818,1,0,1
3300762127,1,1,2
3300786044,1,0,1
3300942849,1,5,6
3301017456,1,0,1
3301031618,1,0,1
3301056919,1,0,1
3301537451,1,0,1
3302220857,1,0,1
3302308683,1,0,1
3302335069,1,0,1
3302453535,1,0,1
3302485373,1,3,4
3302658656,1,0,1
3302742852,1,47,48
3302903156,1,0,1
3303241115,1,0,1
3303328961,1,0,1
3303404466,1,0,1
3303436103,1,0,1
3303444667,1,0,1
3303664726,1,0,1
3303838303,1,1,2
3304463817,1,0,1
3304666087,1,0,1
3304922123,1,0,1
3304924118,1,0,1
3305358298,1,0,1
3305402991,1,0,1
3305493821,1,0,1
3305518004,1,0,1
3305577727,1,11,12
3305789183,1,1,2
3305795997,1,0,1
3306049078,1,0,1
3306120248,1,0,1
3306248044,1,0,1
3306340801,1,0,1
3306424132,1,4,5
3306485329,1,0,1
3306745701,1,0,1
3306846124,1,0,1
3306979323,1,0,1
3307215363,1,0,1
3307329461,1,0,1
3307420336,1,0,1
3308068920,1,0,1
3308262632,1,1,2
3308268990,1,0,1
3308406583,1,0,1
3308409952,1,0,1
3308971896,1,0,1
3309024781,1,0,1
3309991820,1,6,7
3310111899,1,1,2
3310669366,1,0,1
3311295429,1,1,2
3311876328,1,0,1
3311876826,1,0,1
3312015750,1,0,1
3312029739,1,1,2
3312160931,1,0,1
3312179912,1,0,1
3312629267,1,0,1
3312631694,1,60,61
3312648675,1,0,1
3312658938,1,0,1
3312950960,1,0,1
3313382002,1,0,1
3313437354,1,0,1
3313502051,1,0,1
3313909025,1,0,1
3313986272,1,0,1
3314658222,1,0,1
3314776957,1,0,1
3315113737,1,0,1
3316263486,1,0,1
3316310243,1,0,1
3316510275,1,0,1
3317030610,1,0,1
3317346687,1,0,1
3317384177,1,0,1
3317406101,1,0,1
3318205292,1,0,1
3318306769,1,0,1
3318372754,1,0,1
3318735101,1,0,1
3318753174,1,0,1
3318794109,1,0,1
3318998106,1,36,37
3319134495,1,1,2
3319454363,1,0,1
3319588848,1,0,1
3320058653,1,0,1
3320110749,1,0,1
3320207248,1,0,1
3320721216,1,0,1
3321513304,1,7,8
3321556340,1,12,13
3321702396,1,0,1
3321747794,1,0,1
3321764384,1,0,1
3322182915,1,0,1
3323048857,1,0,1
3323336308,1,0,1
3323353626,1,0,1
3323569945,1,0,1
3323828883,1,0,1
3323937285,1,0,1
3324141298,1,0,1
3324561251,1,4,5
3324603194,1,0,1
3324868524,1,0,1
3325133651,1,1,2
3325635355,1,0,1
3325831325,1,0,1
3326189320,1,0,1
3326641650,1,0,1
3326678716,1,0,1
3326948909,1,0,1
3327684014,1,0,1
3327695246,1,0,1
3327715310,1,0,1
3327913984,1,0,1
3328298343,1,9,10
3328349277,1,0,1
3328472361,1,0,1
3328740051,1,3,4
3328816767,1,0,1
3329941709,1,0,1
3331044929,1,0,1
3331465217,1,0,1
3331467220,1,0,1
3331898824,1,0,1
3331918745,1,0,1
3332073706,1,82,83
3332175724,1,7,8
3332535160,1,0,1
3332565572,1,0,1
3332748759,1,0,1
3334457898,1,0,1
3334834672,1,0,1
3335686317,1,0,1
3335988855,1,0,1
3337287965,1,0,1
3337988021,1,0,1
3337990633,1,0,1
3338771421,1,0,1
3339391640,1,0,1
3339497032,1,0,1
3340100567,1,0,1
3341024598,1,0,1
3341193400,1,2,3
3342133443,1,0,1
3342557175,1,0,1
3342794289,1,1,2
3343140674,1,0,1
3344005587,1,96,97
3344559215,1,0,1
3345364455,1,0,1
3345521567,1,0,1
3345692235,1,0,1
3345907727,1,0,1
3345987839,1,0,1
3346143255,1,0,1
3346278028,1,0,1
3346351833,1,0,1
3346364163,1,0,1
3347131228,1,0,1
3347513867,1,7,8
3347884287,1,0,1
3348183730,1,0,1
3348618184,1,0,1
3350217801,1,0,1
3351320123,1,0,1
3351339963,1,0,1
3351486586,1,0,1
3352025087,1,0,1
3352350761,1,12,13
3352530665,1,0,1
3353254623,1,0,1
3353518395,1,0,1
3353877494,1,0,1
3354094930,1,0,1
3354337877,1,1,2
3354486075,1,0,1
3355849324,1,30,31
3356288603,1,0,1
3356575847,1,0,1
3356664502,1,2,3
3356729105,1,0,1
3357533482,1,0,1
3359185379,1,0,1
3359745173,1,1,2
3360309797,1,0,1
3360332235,1,40,41
3361028788,1,0,1
3361367379,1,1,2
3362521349,1,0,1
3364060573,1,0,1
3365097412,1,0,1
3365274193,1,3,4
3366145475,1,0,1
3366152746,1,0,1
3366413771,1,0,1
3366423171,1,0,1
3366464950,1,0,1
3366483731,1,0,1
3366733102,1,0,1
3366768497,1,0,1
3366811553,1,0,1
3366859522,1,0,1
3367196601,1,0,1
3367337872,1,0,1
3367861529,1,0,1
3368287660,1,1,2
3368550545,1,0,1
3368893751,1,0,1
3369466971,1,0,1
3370966227,1,0,1
3371195458,1,0,1
3371282686,1,0,1
3371319790,1,0,1
3371448095,1,0,1
3371534769,1,0,1
3371564589,1,2,3
3372845602,1,0,1
3373985171,1,0,1
3374155210,1,0,1
3374411691,1,0,1
3374651741,1,0,1
3375013047,1,0,1
3375089893,1,0,1
3375422393,1,0,1
3375782925,1,1,2
3376424532,1,0,1
3376667685,1,0,1
3377141952,1,3,4
3377166171,1,0,1
3377690026,1,0,1
3378018814,1,0,1
3379356935,1,0,1
3379487183,1,0,1
3379557028,1,0,1
3380780321,1,0,1
3381017134,1,0,1
3381133485,1,0,1
3381224181,1,0,1
3381522543,1,0,1
3382348751,1,0,1
3382939869,1,0,1
3383281131,1,0,1
3383662367,1,1,2
3384176780,1,10,11
3384569067,1,0,1
3384585868,1,0,1
3384704452,1,0,1
3384804783,1,0,1
3384859763,1,0,1
3385121559,1,0,1
3385333011,1,3,4
3385583872,1,0,1
3385640472,1,2,3
3387228254,1,0,1
3387241053,1,0,1
3387458302,1,2,3
3387652570,1,0,1
3388826745,1,1,2
3388939631,1,0,1
3389510987,1,3,4
3389712738,1,0,1
3390094858,1,0,1
3390597879,1,0,1
3390715247,1,0,1
3390768645,1,0,1
3391767821,1,0,1
3393287091,1,0,1
3393897732,1,0,1
3395379493,1,4,5
3395866577,1,8,9
3395995005,1,0,1
3396468671,1,0,1
3397267229,1,0,1
3397307374,1,0,1
3398169862,1,0,1
3398563153,1,0,1
3398837230,1,0,1
3398851288,1,0,1
3399008399,1,0,1
3399560535,1,0,1
3400319873,1,0,1
3400353891,1,0,1
3400682890,1,0,1
3400745705,1,0,1
3401497234,1,30,31
3401533601,1,2,3
3402287493,1,0,1
3402343913,1,0,1
3403169733,1,1,2
3403235237,1,0,1
3403270749,1,1,2
3403417937,1,2,3
3403526481,1,0,1
3404327651,1,0,1
3404593518,1,0,1
3404780759,1,1,2
3404812007,1,2,3
3406049139,1,0,1
3406292631,1,0,1
3406575232,1,0,1
3407030105,1,0,1
3407273603,1,0,1
3407417992,1,0,1
3407539078,1,1,2
3407643046,1,0,1
3408262787,1,9,10
3408674489,1,0,1
3408794954,1,0,1
3408856277,1,0,1
3409037398,1,7,8
3409567588,1,0,1
3410010688,1,0,1
3410444921,1,0,1
3410502844,1,0,1
3410746624,1,1,2
3410954838,1,0,1
3411453447,1,0,1
3412553643,1,0,1
3412901950,1,0,1
3413598225,1,0,1
3413762631,1,0,1
3415372090,1,4,5
3415775554,1,0,1
3416255806,1,0,1
3416328506,1,0,1
3416488763,1,0,1
3416718411,1,1,2
3416800834,1,6,7
3417105225,1,0,1
3418863072,1,0,1
3418871422,1,0,1
3420189821,1,0,1
3420701591,1,0,1
3420844275,1,0,1
3421092303,1,0,1
3421390634,1,0,1
3421441474,1,0,1
3421451331,1,0,1
3421901692,1,0,1
3422942533,1,0,1
3423107207,1,0,1
3424062443,1,0,1
3424717246,1,0,1
3425154995,1,0,1
3426959379,1,27,28
3426994972,1,0,1
3427053874,1,0,1
3428067466,1,0,1
3428247161,1,30,31
3428561229,1,0,1
3429054952,1,0,1
3429189233,1,5,6
3429289156,1,0,1
3429417077,1,0,1
3429785020,1,0,1
3430512500,1,0,1
3430796243,1,0,1
3430826871,1,0,1
3430997110,1,0,1
3431476061,1,0,1
3431937473,1,0,1
3432792993,1,0,1
3432942274,1,0,1
3433106727,1,1,2
3433150361,1,0,1
3433174935,1,0,1
3433282768,1,0,1
3433545315,1,0,1
3433588753,1,1,2
3434259851,1,0,1
3434336895,1,0,1
3435779307,1,0,1
3435958755,1,0,1
3436044119,1,0,1
3436103473,1,0,1
3436141041,1,0,1
3436181123,1,0,1
3437563007,1,0,1
3437633267,1,0,1
3438256246,1,0,1
3439714925,1,0,1
3441864072,1,6,7
3442821553,1,0,1
3443515454,1,0,1
3446121316,1,0,1
3446868922,1,0,1
3448477757,1,1,2
3449232202,1,0,1
3449939419,1,2,3
3450018201,1,0,1
3450394820,1,0,1
3450855133,1,0,1
3450960433,1,0,1
3452727199,1,0,1
3455803212,1,0,1
3459274514,1,2,3
3461318294,1,0,1
3463056747,1,0,1
3465152656,1,4,5
3467610743,1,2,3
3472610174,1,8,9
3472911554,1,0,1
3474191495,1,1,2
3474782129,1,0,1
3474891743,1,0,1
3477490822,1,0,1
3480251534,1,0,1
3482419337,1,0,1
3484664788,1,0,1
3486573612,1,0,1
3486920416,1,0,1
3487496653,1,0,1
3491868137,1,1,2
3491953577,1,0,1
3492548060,1,0,1
3492735506,1,0,1
3496374193,1,0,1
3496376477,1,0,1
3498876858,1,0,1
3505069643,1,0,1
3505118488,1,0,1
3505838295,1,0,1
3509943373,1,0,1
3510851959,1,0,1
3513781933,1,1,2
3515738421,1,0,1
3516639799,1,0,1
3517835113,1,0,1
3519055577,1,0,1
3519285912,1,0,1
3519434294,1,1,2
3519528737,1,0,1
3519750552,1,0,1
3520509974,1,0,1
3521483052,1,0,1
3521992872,1,1,2
3522297852,1,0,1
3522888137,1,0,1
3523674617,1,0,1
3523743202,1,0,1
3525879496,1,0,1
3526188680,1,0,1
3528428901,1,0,1
3528752428,1,0,1
3532891032,1,0,1
3536340736,1,0,1
3536505550,1,0,1
3536801356,1,1,2
3538521917,1,0,1
3540069227,1,0,1
3540176540,1,5,6
3543340815,1,0,1
3543902893,1,0,1
3544485258,1,0,1
3545585843,1,0,1
3545644217,1,0,1
3546269960,1,0,1
3546374433,1,0,1
3547081757,1,0,1
3549223402,1,2,3
3549567017,1,9,10
3549986413,1,0,1
3550431554,1,0,1
3554534952,1,0,1
3558348802,1,0,1
3560322135,1,0,1
3560774897,1,0,1
3571750096,1,0,1
3573064336,1,0,1
3574939532,1,6,7
3576425832,1,0,1
3580199775,1,0,1
3581229616,1,1,2
3581459715,1,0,1
3582539237,1,0,1
3584100257,1,0,1
3584722334,1,0,1
3586370295,1,0,1
3587445913,1,0,1
3587927658,1,0,1
3588258974,1,0,1
3590785162,1,37,38
3591015445,1,0,1
3592425975,1,0,1
3593576055,1,0,1
3595367414,1,0,1
3596305518,1,0,1
3600445877,1,0,1
3606079335,1,1,2
3609904392,1,0,1
3611797517,1,0,1
3612833313,1,0,1
3613359978,1,0,1
3616077433,1,0,1
3618037037,1,0,1
3618048560,1,5,6
3618476476,1,24,25
3621082823,1,0,1
3623197272,1,0,1
3626898317,1,0,1
3630858192,1,0,1
3630969552,1,0,1
3631649954,1,0,1
3631665139,1,0,1
3632241072,1,0,1
3632510114,1,2,3
3636809176,1,0,1
3637250481,1,0,1
3641786714,1,0,1
3642901272,1,0,1
3645267735,1,0,1
3648307885,1,0,1
3650660842,1,0,1
3650767933,1,0,1
3653130915,1,0,1
3653844088,1,0,1
3654666734,1,0,1
3659092103,1,3,4
3662833997,1,0,1
3663156510,1,0,1
3665287647,1,0,1
3665859792,1,0,1
3667821077,1,0,1
3668075663,1,0,1
3668710822,1,0,1
3673354214,1,0,1
3675408916,1,0,1
3679508478,1,0,1
3679764017,1,5,6
3679810815,1,7,8
3680718199,1,0,1
3684616394,1,0,1
3686878156,1,0,1
3687874233,1,0,1
3689294732,1,0,1
3691974736,1,0,1
3692392523,1,0,1
3695549117,1,1,2
3696208873,1,0,1
3699195972,1,0,1
3699792734,1,0,1
3702956549,1,0,1
3704686458,1,0,1
3707328736,1,0,1
3711018737,1,0,1
3711037874,1,0,1
3711812832,1,0,1
3712155805,1,0,1
3713151016,1,2,3
3715180813,1,2,3
3716618716,1,0,1
3716844494,1,0,1
3718469452,1,0,1
3719883095,1,1,2
3721213758,1,0,1
3722200997,1,0,1
3722626695,1,0,1
3727022832,1,0,1
3728285477,1,0,1
3729294556,1,0,1
3731656992,1,0,1
3732183076,1,0,1
3732464652,1,0,1
3733574357,1,0,1
3737420239,1,0,1
3739291762,1,0,1
3742325177,1,9,10
3744122594,1,0,1
3744178528,1,0,1
3745077272,1,6,7
3745110853,1,0,1
3745224254,1,0,1
3745406772,1,0,1
3748778357,1,0,1
3748948158,1,0,1
3749764221,1,0,1
3750844554,1,0,1
3752399115,1,0,1
3755775017,1,0,1
3756402077,1,0,1
3756773614,1,0,1
3761320094,1,0,1
3762765732,1,0,1
3765582199,1,2,3
3765696742,1,0,1
3766739116,1,0,1
3775433413,1,0,1
3775783453,1,16,17
3782665701,1,0,1
3783323236,1,0,1
3784923615,1,0,1
3785327297,1,0,1
3787652054,1,1,2
3788238312,1,0,1
3789363915,1,0,1
3796329435,1,0,1
3799018755,1,0,1
3801101117,1,0,1
3803010435,1,0,1
3803323993,1,0,1
3805062556,1,0,1
3806914693,1,2,3
3808154474,1,0,1
3809016435,1,1,2
3813756192,1,0,1
3819084429,1,0,1
3819271639,1,0,1
3819650114,1,0,1
3820479553,1,14,15
3820932017,1,0,1
3822288376,1,0,1
3825968584,1,2,3
3827665994,1,0,1
3828333849,1,6,7
3829943476,1,0,1
3833502679,1,0,1
3833631413,1,0,1
3833785673,1,2,3
3834610396,1,0,1
3837839957,1,0,1
3838501635,1,0,1
3839612537,1,0,1
3841762820,1,0,1
3846889943,1,0,1
3849011836,1,0,1
3851815349,1,51,52
3851855472,1,0,1
3852320957,1,0,1
3853452193,1,0,1
3853700372,1,0,1
3853832351,1,3,4
3854595442,1,0,1
3854644815,1,0,1
3854778493,1,1,2
3857993685,1,0,1
3864445213,1,0,1
3864844869,1,0,1
3866441233,1,0,1
3867589821,1,0,1
3871337363,1,0,1
3874522282,1,0,1
3876882687,1,2,3
3877133834,1,0,1
3877480154,1,0,1
3880076001,1,0,1
3881684123,1,0,1
3882823272,1,1,2
3885445214,1,0,1
3885886939,1,0,1
3887068880,1,3,4
3889004603,1,0,1
3889218614,1,0,1
3891292213,1,0,1
3891356356,1,0,1
3891580212,1,0,1
3894505666,1,0,1
3894920351,1,0,1
3895883337,1,0,1
3898304356,1,0,1
3899296996,1,0,1
3901022675,1,0,1
3901363755,1,34,35
3903346112,1,1,2
3904880614,1,0,1
3905131408,1,0,1
3905787376,1,2,3
3906360860,1,0,1
3906932015,1,0,1
3906940032,1,0,1
3908100692,1,9,10
3911147153,1,1,2
3915977123,1,2,3
3916463416,1,0,1
3919150883,1,0,1
3920352207,1,0,1
3920999537,1,0,1
3923280869,1,0,1
3926846353,1,0,1
3929871214,1,0,1
3929874111,1,4,5
3930619103,1,0,1
3931479017,1,0,1
3933552499,1,0,1
3936157455,1,0,1
3940013292,1,1,2
3940137873,1,0,1
3940229234,1,1,2
3940581501,1,11,12
3942258568,1,0,1
3942690134,1,0,1
3947754373,1,0,1
3949231276,1,0,1
3950299215,1,1,2
3950390183,1,0,1
3950410756,1,0,1
3950522368,1,5,6
3950851582,1,0,1
3951188487,1,0,1
3951293543,1,0,1
3951313216,1,0,1
3951849862,1,0,1
3952516460,1,0,1
3956063183,1,0,1
3957557609,1,1,2
3958672933,1,0,1
3960541516,1,1,2
3964657918,1,0,1
3965151045,1,1,2
3972335303,1,0,1
3973458072,1,0,1
3974895142,1,0,1
3976319675,1,3,4
3979283333,1,0,1
3981026592,1,1,2
3982004879,1,1,2
3982129399,1,0,1
3982292849,1,0,1
3982767622,1,0,1
3987441148,1,0,1
3989161409,1,0,1
3990854195,1,0,1
3991728132,1,0,1
3995303596,1,1,2
3995331792,1,0,1
3996151037,1,0,1
3996224114,1,0,1
3997340662,1,0,1
3997433903,1,0,1
3998340123,1,0,1
3999047129,1,0,1
3999302173,1,0,1
4003351702,1,0,1
4003788496,1,11,12
4004268178,1,3,4
4004493133,1,0,1
4005054995,1,0,1
4005628092,1,2,3
4006437725,1,0,1
4007435412,1,0,1
4007694499,1,54,55
4011400893,1,0,1
4011860957,1,0,1
4012359742,1,10,11
4013218330,1,2,3
4014902112,1,0,1
4014968232,1,1,2
4017426442,1,0,1
4019538526,1,0,1
4024809735,1,0,1
4024921694,1,1,2
4025030253,1,0,1
4025634016,1,1,2
4025671307,1,0,1
4026225035,1,0,1
4027386333,1,0,1
4028941827,1,0,1
4032176903,1,0,1
4032489202,1,2,3
4034749444,1,0,1
4035620367,1,0,1
4035665661,1,0,1
4037282898,1,0,1
4039667352,1,0,1
4040713155,1,0,1
4042107983,1,1,2
4042628353,1,0,1
4043012877,1,4,5
4045419413,1,0,1
4048457493,1,0,1
4048796433,1,0,1
4049180838,1,0,1
4049919014,1,0,1
4052351865,1,0,1
4053927801,1,0,1
4056097517,1,0,1
4056105455,1,0,1
4057005497,1,0,1
4057045577,1,0,1
4057146634,1,0,1
4057219455,1,0,1
4064135776,1,0,1
4064595502,1,0,1
4065099381,1,0,1
4065159125,1,0,1
4065796574,1,0,1
4068014235,1,0,1
4068096195,1,1,2
4069817113,1,0,1
4072472897,1,0,1
4072604302,1,0,1
4072644732,1,0,1
4074272703,1,1,2
4075872975,1,0,1
4076410154,1,2,3
4076988015,1,0,1
4083311353,1,0,1
4085968353,1,0,1
4087614137,1,0,1
4088681525,1,3,4
4092502757,1,0,1
4093472051,1,0,1
4093550894,1,0,1
4096167492,1,0,1
4102367955,1,3,4
4102509444,1,0,1
4103462176,1,0,1
4104211881,1,0,1
4106753193,1,0,1
4107198255,1,0,1
4107705434,1,0,1
4109286798,1,0,1
4109548636,1,0,1
4110384377,1,39,40
4111633276,1,0,1
4112007639,1,0,1
4112423669,1,0,1
4112543479,1,0,1
4112600296,1,0,1
4114313818,1,0,1
4114429402,1,0,1
4115534963,1,0,1
4121154074,1,0,1
4121425397,1,0,1
4122871493,1,1,2
4124683469,1,2,3
4124745806,1,0,1
4125364467,1,0,1
4129819272,1,0,1
4131188482,1,0,1
4131942970,1,0,1
4132129039,1,0,1
4132198475,1,0,1
4132310352,1,3,4
4134062235,1,0,1
4135120757,1,0,1
4135282486,1,0,1
4136971199,1,1,2
4137379523,1,0,1
4137730432,1,0,1
4140448505,1,0,1
4140642253,1,0,1
4140961781,1,0,1
4143705555,1,1,2
4143914299,1,0,1
4144333157,1,0,1
4147263827,1,0,1
4148607317,1,0,1
4150117473,1,0,1
4150691114,1,0,1
4150773189,1,0,1
4151593833,1,0,1
4152281303,1,0,1
4152470892,1,0,1
4152678627,1,0,1
4153202113,1,1,2
4153371153,1,4,5
4154372890,1,0,1
4154609734,1,0,1
4155792987,1,0,1
4156433962,1,6,7
4156837277,1,0,1
4157586053,1,1,2
4159156947,1,0,1
4159463719,1,0,1
4159794562,1,0,1
4160255691,1,0,1
4161324141,1,3,4
4162570639,1,0,1
4164568585,1,0,1
4164717015,1,0,1
4164952632,1,1,2
4165632253,1,0,1
4165816454,1,0,1
4166093112,1,0,1
4169424379,1,0,1
4171008974,1,1,2
4171963694,1,1,2
4172236409,1,0,1
4172710334,1,0,1
4173473301,1,0,1
4174581027,1,1,2
4176920234,1,0,1
4178072656,1,0,1
4178908157,1,0,1
4181335059,1,0,1
4182378442,1,1,2
4182654838,1,0,1
4182803729,1,2,3
4182911172,1,6,7
4184016372,1,0,1
4185572598,1,0,1
4188382307,1,0,1
4190285883,1,0,1
4190892352,1,0,1
4191307913,1,1,2
4193714793,1,0,1
4194038363,1,0,1
4194215909,1,0,1
4194971206,1,10,11
4195310897,1,0,1
4196073226,1,0,1
4196344469,1,0,1
4196600715,1,0,1
4199923935,1,2,3
4200046213,1,0,1
4200495100,1,0,1
4201982243,1,0,1
4203924853,1,0,1
4205164792,1,0,1
4206376877,1,0,1
4210271052,1,0,1
4210517074,1,0,1
4214102727,1,0,1
4215068835,1,0,1
4215348852,1,0,1
4217911882,1,0,1
4218005652,1,0,1
4218742998,1,24,25
4219165576,1,0,1
4219349169,1,0,1
4219590713,1,0,1
4221480393,1,0,1
4227691992,1,0,1
4229121157,1,0,1
4229407933,1,0,1
4230619585,1,0,1
4231688607,1,0,1
4233704469,1,0,1
4237464737,1,0,1
4239847098,1,36,37
4240204452,1,0,1
4241357892,1,0,1
4242562934,1,0,1
4242716481,1,0,1
4243671285,1,1,2
4245526949,1,0,1
4245704895,1,1,2
4248464179,1,0,1
4251142185,1,0,1
4255327092,1,0,1
4258472134,1,0,1
4258511835,1,0,1
4259304612,1,5,6
4259324247,1,0,1
4265591367,1,0,1
4266082701,1,0,1
4266225455,1,0,1
4266355131,1,0,1
4269566667,1,0,1
4269568881,1,0,1
4269633862,1,28,29
4269644534,1,0,1
4270446192,1,0,1
4270922656,1,0,1
4272424763,1,0,1
4272870562,1,3,4
4280577555,1,0,1
4281382993,1,0,1
4282421054,1,0,1
4282525754,1,0,1
4282648992,1,0,1
4283715613,1,0,1
4285725079,1,0,1
4286478435,1,1,2
4286507654,1,0,1
4286802029,1,0,1
4288442494,1,0,1
4290272414,1,0,1
4291418055,1,0,1
4291475061,1,0,1
4292150775,1,0,1
4293738372,1,0,1
4294542799,1,0,1
4297663229,1,0,1
4298074332,1,0,1
4300729648,1,0,1
4303552332,1,1,2
4304496792,1,0,1
4305010694,1,0,1
4306278394,1,0,1
4307899936,1,0,1
4308940335,1,0,1
4309640955,1,0,1
4311315676,1,1,2
4314565812,1,0,1
4315451354,1,0,1
4320495077,1,1,2
4320678946,1,0,1
4321412853,1,0,1
4323163217,1,0,1
4326769994,1,0,1
4327656980,1,0,1
4329560965,1,65,66
4330398072,1,0,1
4331280028,1,0,1
4333155389,1,0,1
4333454553,1,0,1
4336241475,1,2,3
4336728559,1,0,1
4338985812,1,0,1
4339509385,1,0,1
4340408775,1,0,1
4340806214,1,1,2
4341624133,1,0,1
4344398473,1,7,8
4345529067,1,0,1
4348490653,1,0,1
4356915257,1,0,1
4357283774,1,0,1
4357374853,1,0,1
4361300115,1,0,1
4361980032,1,0,1
4362020773,1,0,1
4367324121,1,0,1
4367670314,1,0,1
4368095237,1,2,3
4375394969,1,0,1
4379415494,1,0,1
4381923073,1,0,1
4385788933,1,0,1
4386885314,1,0,1
4392589173,1,0,1
4395360552,1,0,1
4395655875,1,2,3
4396315305,1,0,1
4396843065,1,0,1
4401445574,1,0,1
4402554857,1,0,1
4406887001,1,0,1
4409461121,1,0,1
4409472863,1,1,2
4410038057,1,0,1
4410404243,1,0,1
4412353833,1,0,1
4414843695,1,0,1
4417209027,1,0,1
4417506381,1,0,1
4418466314,1,0,1
4422100825,1,0,1
4422277699,1,0,1
4425941725,1,0,1
4426442717,1,0,1
4427314812,1,0,1
4428741263,1,0,1
4434176537,1,0,1
4434436401,1,0,1
4435699992,1,0,1
4436377460,1,0,1
4440867746,1,0,1
4441645637,1,0,1
4442487735,1,0,1
4443330858,1,0,1
4443376582,1,0,1
4444620202,1,0,1
4446773859,1,0,1
4448088261,1,0,1
4448395339,1,0,1
4448637314,1,3,4
4449192080,1,1,2
4449651619,1,0,1
4450504343,1,0,1
4451906007,1,0,1
4452862397,1,1,2
4454523318,1,0,1
4454811280,1,0,1
4457252838,1,0,1
4457406699,1,0,1
4459070058,1,0,1
4459318992,1,0,1
4462649307,1,0,1
4463988135,1,0,1
4466271856,1,0,1
4466326814,1,0,1
4466528174,1,0,1
4468470380,1,0,1
4472374648,1,6,7
4473423674,1,0,1
4477771753,1,0,1
4478981717,1,8,9
4485204797,1,0,1
4485474317,1,0,1
4485659505,1,0,1
4485759914,1,0,1
4489410675,1,0,1
4490343221,1,0,1
4491699014,1,12,13
4492067473,1,0,1
4492662562,1,0,1
4492762935,1,0,1
4494210141,1,0,1
4494928283,1,0,1
4495940681,1,0,1
4498035562,1,0,1
4499078313,1,0,1
4499426182,1,0,1
4502090712,1,0,1
4502178798,1,0,1
4502289501,1,3,4
4503317908,1,0,1
4508012058,1,14,15
4511564479,1,0,1
4513978379,1,0,1
4515706641,1,0,1
4518057262,1,0,1
4520843173,1,0,1
4528988439,1,0,1
4529401288,1,0,1
4530075087,1,0,1
4530147132,1,0,1
4536575914,1,0,1
4537706253,1,0,1
4538687428,1,3,4
4538706081,1,0,1
4538909878,1,0,1
4541333061,1,1,2
4541343076,1,0,1
4542071054,1,0,1
4542102322,1,2,3
4542523590,1,0,1
4548348258,1,0,1
4549524078,1,0,1
4549721187,1,0,1
4551445135,1,0,1
4553026521,1,0,1
4559481852,1,0,1
4562328194,1,0,1
4563456377,1,0,1
4563637350,1,6,7
4567058965,1,0,1
4571033134,1,1,2
4579950493,1,2,3
4581277212,1,0,1
4583897542,1,0,1
4591824802,1,1,2
4593458847,1,0,1
4597278554,1,0,1
4603543877,1,0,1
4604426498,1,0,1
4605007353,1,0,1
4606566973,1,0,1
4606844952,1,0,1
4607395633,1,1,2
4609902619,1,0,1
4610353278,1,1,2
4611892647,1,0,1
4612682627,1,1,2
4613079862,1,0,1
4613936002,1,0,1
4617595163,1,1,2
4617991512,1,0,1
4618154792,1,0,1
4623807877,1,0,1
4624248983,1,0,1
4625830996,1,1,2
4626564555,1,0,1
4627186094,1,0,1
4628365815,1,5,6
4630965852,1,0,1
4633651637,1,0,1
4633946538,1,0,1
4634842454,1,0,1
4634995526,1,0,1
4635222749,1,0,1
4635235232,1,0,1
4636813097,1,0,1
4637905042,1,0,1
4638788953,1,0,1
4638801132,1,0,1
4639554313,1,30,31
4639668698,1,1,2
4644170434,1,0,1
4644475821,1,1,2
4649266829,1,0,1
4654418061,1,0,1
4656012693,1,0,1
4656428003,1,0,1
4657393523,1,1,2
4659641655,1,0,1
4660820848,1,4,5
4661721922,1,0,1
4662154301,1,1,2
4662227597,1,0,1
4663229893,1,0,1
4663852573,1,0,1
4664055012,1,0,1
4667731526,1,0,1
4669212912,1,0,1
4669708658,1,0,1
4669907532,1,0,1
4670302699,1,0,1
4670738983,1,0,1
4674887720,1,0,1
4675134745,1,1,2
4676827987,1,0,1
4679249833,1,0,1
4680244428,1,0,1
4680462973,1,0,1
4685443651,1,0,1
4686734803,1,0,1
4687202942,1,0,1
4687842792,1,0,1
4688345377,1,0,1
4692326774,1,0,1
4693673052,1,1,2
4694273383,1,0,1
4696997340,1,0,1
4697374993,1,4,5
4698300728,1,0,1
4698445387,1,0,1
4698562801,1,0,1
4699213130,1,0,1
4699957767,1,0,1
4700681542,1,0,1
4701136650,1,0,1
4701575256,1,0,1
4701634299,1,0,1
4703652691,1,0,1
4705402095,1,0,1
4705452512,1,0,1
4705940773,1,0,1
4707291121,1,0,1
4708061967,1,0,1
4713523158,1,0,1
4715520981,1,0,1
4715990602,1,0,1
4716594445,1,0,1
4716978253,1,1,2
4717177696,1,0,1
4717512933,1,1,2
4719272061,1,0,1
4719302299,1,0,1
4719845832,1,0,1
4719951962,1,0,1
4721286813,1,0,1
4721359111,1,0,1
4721407212,1,0,1
4722689961,1,0,1
4723944082,1,0,1
4724224163,1,0,1
4725812843,1,0,1
4726467121,1,0,1
4728306087,1,0,1
4728428007,1,0,1
4729042433,1,0,1
4729258724,1,0,1
4730997856,1,0,1
4731855348,1,0,1
4731924374,1,0,1
4733718876,1,0,1
4734888869,1,0,1
4734930637,1,0,1
4736273093,1,0,1
4737741856,1,0,1
4738345959,1,0,1
4739572526,1,0,1
4740455659,1,0,1
4743847694,1,0,1
4745325552,1,0,1
4746060860,1,0,1
4746356989,1,0,1
4748004215,1,0,1
4748675981,1,0,1
4749411033,1,1,2
4749870775,1,0,1
4750192146,1,0,1
4750741453,1,0,1
4750775450,1,0,1
4751885222,1,1,2
4752109760,1,4,5
4753557115,1,0,1
4754156759,1,0,1
4755559581,1,0,1
4757061862,1,0,1
4757067808,1,0,1
4760112923,1,0,1
4760529565,1,1,2
4760793736,1,0,1
4760885087,1,0,1
4764314236,1,1,2
4764644802,1,0,1
4765427563,1,0,1
4765480058,1,0,1
4765772836,1,0,1
4765882770,1,0,1
4765984916,1,0,1
4766086460,1,0,1
4766143908,1,0,1
4766275520,1,0,1
4766710827,1,0,1
4766741600,1,0,1
4767720287,1,0,1
4768657948,1,8,9
4769676698,1,3,4
4770922980,1,12,13
4771580004,1,0,1
4772872363,1,0,1
4773108482,1,3,4
4775360301,1,0,1
4775659428,1,1,2
4777721057,1,0,1
4777831314,1,0,1
4778128189,1,0,1
4778755925,1,0,1
4778892982,1,0,1
4779864736,1,0,1
4780642042,1,0,1
4780911803,1,0,1
4782294452,1,0,1
4782565177,1,0,1
4784982455,1,0,1
4785034403,1,0,1
4785836575,1,9,10
4786069640,1,4,5
4786070784,1,0,1
4786807446,1,10,11
4789008074,1,0,1
4789116688,1,10,11
4789678707,1,0,1
4790503934,1,0,1
4790585689,1,38,39
4793647068,1,0,1
4793891174,1,0,1
4794593820,1,0,1
4795119692,1,0,1
4797073893,1,0,1
4797380067,1,0,1
4798683315,1,0,1
4799312581,1,0,1
4800462616,1,0,1
4800641186,1,0,1
4804155828,1,0,1
4804802303,1,0,1
4805502442,1,1,2
4809705800,1,0,1
4812356501,1,0,1
4812746550,1,0,1
4812950828,1,0,1
4813649838,1,0,1
4815512607,1,0,1
4817065777,1,0,1
4817946181,1,0,1
4817958560,1,0,1
4819005005,1,6,7
4820288038,1,0,1
4820935338,1,0,1
4822031775,1,0,1
4822510701,1,1,2
4822684355,1,0,1
4822813535,1,1,2
4822839579,1,0,1
4823031135,1,0,1
4823072416,1,1,2
4824120620,1,0,1
4824193666,1,3,4
4824258905,1,0,1
4825808860,1,0,1
4825995681,1,0,1
4827194740,1,0,1
4827478726,1,1,2
4827983887,1,1,2
4827994417,1,0,1
4828151880,1,0,1
4828408139,1,0,1
4828412427,1,0,1
4828507272,1,0,1
4829602955,1,0,1
4830133732,1,0,1
4830414665,1,0,1
4831593609,1,0,1
4832374552,1,0,1
4833396456,1,0,1
4833816513,1,0,1
4833818488,1,12,13
4833874262,1,0,1
4834292830,1,16,17
4835212085,1,0,1
4835935874,1,5,6
4835982918,1,0,1
4836067348,1,0,1
4836445371,1,0,1
4836446818,1,0,1
4837004653,1,0,1
4837824128,1,1,2
4839321087,1,5,6
4839490061,1,0,1
4840101623,1,0,1
4840124602,1,0,1
4840220025,1,0,1
4840396043,1,0,1
4840619486,1,0,1
4841742405,1,0,1
4842364235,1,0,1
4843175653,1,0,1
4843479802,1,0,1
4843520369,1,0,1
4843587425,1,0,1
4844055006,1,0,1
4844315386,1,0,1
4845403703,1,13,14
4845688906,1,0,1
4846809223,1,1,2
4847004108,1,0,1
4847757752,1,1,2
4848758908,1,0,1
4848920318,1,0,1
4849530548,1,0,1
4849827172,1,0,1
4850174187,1,0,1
4850197332,1,0,1
4851211713,1,0,1
4851533448,1,0,1
4851554715,1,0,1
4851947404,1,1,2
4852123125,1,0,1
4852471283,1,0,1
4852489153,1,0,1
4854680561,1,0,1
4855040847,1,0,1
4855201691,1,0,1
4855503448,1,0,1
4855520593,1,0,1
4855612782,1,2,3
4855801585,1,0,1
4856173725,1,0,1
4856654377,1,0,1
4856770010,1,0,1
4857555388,1,3,4
4857762634,1,0,1
4858868211,1,0,1
4859154341,1,0,1
4859464272,1,0,1
4860430335,1,0,1
4860601172,1,0,1
4860882783,1,0,1
4860906586,1,0,1
4861752653,1,0,1
4862805519,1,0,1
4863483359,1,3,4
4864334765,1,0,1
4864561754,1,0,1
4864658100,1,3,4
4864869765,1,0,1
4865213787,1,0,1
4866239158,1,0,1
4867262176,1,0,1
4867289368,1,1,2
4867378173,1,1,2
4867876559,1,0,1
4868905055,1,0,1
4869161357,1,0,1
4869801094,1,2,3
4869855915,1,2,3
4870460309,1,0,1
4870726449,1,0,1
4870902257,1,0,1
4870922937,1,0,1
4871699003,1,0,1
4872578632,1,0,1
4872692135,1,0,1
4873344106,1,0,1
4873349232,1,1,2
4874305405,1,34,35
4875119577,1,0,1
4875529211,1,0,1
4876809310,1,0,1
4876941993,1,0,1
4879158021,1,0,1
4879233034,1,0,1
4879438427,1,0,1
4881178480,1,0,1
4881356306,1,1,2
4882505489,1,0,1
4882688963,1,0,1
4883488983,1,13,14
4884499936,1,0,1
4885453318,1,0,1
4885646784,1,0,1
4885862609,1,0,1
4886795236,1,0,1
4887259416,1,0,1
4887514799,1,0,1
4887769302,1,0,1
4888740178,1,0,1
4889218059,1,0,1
4889685171,1,0,1
4889706910,1,0,1
4890037876,1,0,1
4890720355,1,0,1
4890735415,1,0,1
4890763279,1,0,1
4891052546,1,0,1
4891203184,1,0,1
4891510840,1,1,2
4892178556,1,1,2
4892894386,1,0,1
4893557363,1,4,5
4894088510,1,0,1
4894222019,1,0,1
4894717135,1,0,1
4894818371,1,3,4
4894911163,1,0,1
4895111046,1,16,17
4895149874,1,0,1
4896129023,1,1,2
4897853621,1,0,1
4898787725,1,0,1
4898848847,1,0,1
4898984332,1,27,28
4899187815,1,0,1
4900602157,1,0,1
4901025605,1,0,1
4902049213,1,0,1
4902244475,1,1,2
4902665370,1,4,5
4903047285,1,11,12
4903330468,1,0,1
4903367458,1,1,2
4905459843,1,0,1
4905942909,1,0,1
4906276808,1,0,1
4906318144,1,0,1
4906547699,1,0,1
4907357938,1,0,1
4907645052,1,3,4
4908268524,1,0,1
4908362160,1,0,1
4908941986,1,0,1
4909369815,1,1,2
4909509599,1,0,1
4909823384,1,0,1
4910959599,1,0,1
4911276633,1,0,1
4911830238,1,0,1
4914910599,1,0,1
4915280895,1,0,1
4916840931,1,3,4
4916863454,1,1,2
4917036253,1,0,1
4917705086,1,0,1
4918058550,1,0,1
4919182071,1,1,2
4919460262,1,0,1
4919568034,1,0,1
4920050872,1,11,12
4920354012,1,0,1
4920704315,1,0,1
4920839783,1,0,1
4920927657,1,0,1
4922276931,1,0,1
4922360772,1,0,1
4923409212,1,0,1
4923503394,1,0,1
4924149113,1,0,1
4925159223,1,0,1
4925331394,1,0,1
4925356197,1,0,1
4925847598,1,0,1
4927767041,1,4,5
4928287037,1,0,1
695126397195423744,1,0,1
695302683121577984,1,1,2
695808006378950656,1,1,2
698125346609061888,1,0,1
699655615061229568,1,1,2
699841311835185152,1,0,1
700417144287264769,1,0,1
700442499773554688,1,0,1
700606541594931200,1,4,5
700669270389190662,1,7,8
700708879500517377,1,0,1
700714710774054912,1,0,1
700741074818457601,1,1,2
700809540451827713,1,0,1
700816427234635776,1,0,1
701008448360546304,1,0,1
701027284375961601,1,1,2
701052198155718656,1,0,1
701084174279688192,1,0,1
701133066215903232,1,0,1
701251875564204033,1,0,1
701256490426892288,1,0,1
701270007284686848,1,0,1
701271147879469056,1,0,1
701298931418923012,1,3,4
701314832394383360,1,0,1
701356093209972736,1,0,1
701400451535790080,1,0,1
701529781624410112,1,0,1
701608996524965894,1,0,1
701761883121041408,1,0,1
701798239360704512,1,0,1
701828929594613760,1,15,16
701892805833129984,1,0,1
701973976436715521,1,5,6
702106939824721920,1,0,1
702119339504357380,1,1,2
702125115421622272,1,0,1
702149280828510209,1,0,1
702160306630324224,1,0,1
702183574108241920,1,0,1
702198137633562624,1,0,1
702212296005652480,1,0,1
702229683849601025,1,0,1
702271358118600705,1,0,1
702288570346835969,1,2,3
702308046173806593,1,0,1
702332655778402304,1,0,1
702378271435046912,1,0,1
702411404251414528,1,0,1
702530898051391488,1,25,26
702628678572908545,1,0,1
702631629022478336,1,1,2
702678991388315649,1,0,1
702711319812648960,1,0,1
702723916490514432,1,0,1
702727369581137921,1,0,1
702733529965326336,1,0,1
702843331340972033,1,2,3
702894180889026560,1,0,1
702975544762224644,1,4,5
702978062212796418,1,0,1
703004962587025408,1,16,17
703024175984857090,1,0,1
703039534838239232,1,0,1
703083125589540864,1,0,1
703093877440249856,1,0,1
703098386090569728,1,0,1
703118876473556993,1,0,1
703123870249721856,1,4,5
703127668053573632,1,0,1
703164125807923200,1,0,1
703254379852333057,1,0,1
703270682118000641,1,0,1
703272078385025025,1,0,1
703277869368283136,1,0,1
703304388635283457,1,0,1
703314199745830913,1,0,1
703332940013383681,1,0,1
703373571507265536,1,0,1
703426522099511296,1,0,1
703430421220995072,1,0,1
703509110298439680,1,6,7
703572199270178816,1,0,1
703584880161062913,1,0,1
703618521717059585,1,0,1
703635434782531584,1,0,1
703665083642155008,1,0,1
703731539243356161,1,0,1
703740521164963840,1,0,1
703742144419229696,1,1,2
703779256933941248,1,0,1
703784519896272896,1,0,1
703948307983249408,1,0,1
703997883285151745,1,0,1
703998439416147968,1,0,1
704005374198681600,1,4,5
704053193542656000,1,0,1
704073152129847296,1,0,1
704083729237454848,1,0,1
704115030061670400,1,0,1
704124070380572678,1,0,1
704140390954344448,1,0,1
704221325779292160,1,0,1
704335487591456768,1,2,3
704345948483248129,1,3,4
704351193187938304,1,0,1
704413889119715329,1,0,1
704445732783149061,1,39,40
704515298628669440,1,1,2
704553169800400896,1,0,1
704587204534767617,1,1,2
704666078736052225,1,1,2
704733522397757441,1,0,1
704741237321027584,1,0,1
704857932416962560,1,0,1
704883019450945541,1,2,3
704953368423362561,1,0,1
705042992369827840,1,0,1
705068828762312705,1,0,1
705074447523385345,1,0,1
705205762159562752,1,0,1
705222208189108224,1,0,1
705240111751917569,1,14,15
705360530966499328,1,3,4
705399102528491520,1,0,1
705426563018395648,1,2,3
705428955264712705,1,0,1
705429270257147904,1,0,1
705432017605947392,1,1,2
705441113755115520,1,0,1
705486907275239425,1,14,15
705489940033875968,1,0,1
705530922569900033,1,1,2
705621006761603072,1,1,2
705709686872526849,1,0,1
705739672799080453,1,0,1
705763950277869571,1,0,1
705823232968921090,1,0,1
705885043600666624,1,1,2
705889585587421184,1,0,1
705936044743524352,1,1,2
705997855262183424,1,0,1
706253081617502208,1,0,1
706329255085543425,1,0,1
706340068395520001,1,0,1
706374369983995905,1,4,5
706399840561856512,1,0,1
706496600399450114,1,6,7
706560155324788737,1,0,1
706569445574098944,1,0,1
706579518606151680,1,0,1
706642162721677314,1,2,3
706642545393213440,1,0,1
706673197383553024,1,1,2
706877565949112321,1,0,1
706885263344013312,1,0,1
706888694305673217,1,0,1
706963683977662464,1,0,1
706966283858784256,1,2,3
707001529891315714,1,0,1
707057992668057600,1,0,1
707121505826639872,1,0,1
707198374269820928,1,0,1
707215661026713601,1,1,2
707236280984166400,1,0,1
707237519088357376,1,0,1
707257728058654720,1,1,2
707309412088725504,1,0,1
707320941131513856,1,0,1
707344986396876800,1,0,1
707363468387680256,1,0,1
707430302608703488,1,9,10
707473685960069120,1,0,1
707530076846481408,1,0,1
707551739491168257,1,0,1
707604847621750785,1,0,1
707613514853036032,1,0,1
707662859384332288,1,19,20
707665714287677440,1,0,1
707684260254261252,1,0,1
707695554394894336,1,0,1
707734565452914689,1,2,3
707816262034968579,1,0,1
707998143456092160,1,0,1
708039217667051521,1,0,1
708081124958801921,1,0,1
708088670960685056,1,0,1
708101107323547648,1,1,2
708269286607953920,1,1,2
708440738124713984,1,0,1
708460331484454912,1,1,2
708467369753108480,1,0,1
708479056677744645,1,0,1
708490552547917824,1,0,1
708493743318507520,1,0,1
708520168314552320,1,0,1
708544656703787008,1,0,1
708615544421756929,1,0,1
708662166581288960,1,0,1
708668053060452352,1,3,4
708713931317981184,1,0,1
708766012959641600,1,0,1
708836158260662272,1,0,1
708845344763695109,1,3,4
708902555795853312,1,0,1
708973363146919936,1,0,1
708973615291764736,1,2,3
709021771362471936,1,0,1
709049820653207552,1,0,1
709099226207297536,1,0,1
709127764394315776,1,0,1
709142955525873664,1,0,1
709149852945489920,1,1,2
709157735699329024,1,0,1
709158558563078144,1,18,19
709175947753226241,1,0,1
709220560392364037,1,0,1
709408886491627520,1,2,3
709426033070571520,1,2,3
709434980691263489,1,0,1
709462324550246400,1,0,1
709489921124270080,1,2,3
709527794762588165,1,0,1
709530994353815552,1,5,6
709541775510089728,1,0,1
709565577635848193,1,0,1
709813458339020800,1,10,11
709849042596052992,1,0,1
709882696902844416,1,0,1
709911018017718272,1,0,1
709930334863777792,1,0,1
709953398343405569,1,0,1
710000820029415425,1,0,1
710019728346095617,1,0,1
710169389237149696,1,1,2
710180339726028802,1,0,1
710223839356133376,1,0,1
710269211860344832,1,5,6
710270990182326272,1,0,1
710317597317865472,1,0,1
710322578502635520,1,0,1
710338947155513345,1,0,1
710363470290616320,1,0,1
710452847566057472,1,0,1
710514628204306433,1,0,1
710566902565765122,1,0,1
710589026840002561,1,0,1
710645277162676225,1,0,1
710680832529145856,1,0,1
710704809829994496,1,1,2
710722452477878272,1,1,2
710823098245914624,1,0,1
710872182264475650,1,0,1
710927958664486914,1,1,2
710945603396755456,1,0,1
710949374537273344,1,0,1
710990925477101568,1,10,11
711053511908302848,1,1,2
711102413374136320,1,1,2
711234456993062913,1,1,2
711263327184416768,1,0,1
711352649711484932,1,0,1
711353113651752960,1,0,1
711357572222210048,1,0,1
711497411240263680,1,4,5
711603723445751808,1,0,1
711631768277880833,1,0,1
711708284827406336,1,0,1
711730687733321728,1,0,1
711738297278734336,1,0,1
711740628477022209,1,0,1
711932812958388224,1,0,1
711978125505069057,1,0,1
711983921467097089,1,0,1
711999163194454021,1,0,1
712039072961843200,1,0,1
712063230483558404,1,0,1
712064934318739456,1,2,3
712085209273860096,1,0,1
712094766918406144,1,0,1
712149969558331392,1,0,1
712150427077185536,1,0,1
712219686285365248,1,3,4
712324439791308800,1,0,1
712344932154003456,1,0,1
712391621631840256,1,0,1
712406190903328769,1,0,1
712414280105254912,1,0,1
712446606272888833,1,0,1
712645699846987776,1,0,1
712730540894498818,1,0,1
712741460618162176,1,0,1
712742073187696640,1,0,1
712820185338658816,1,0,1
712852680000073728,1,4,5
712942242743394304,1,0,1
713005707470069762,1,0,1
713045283966418944,1,1,2
713056023943241729,1,1,2
713094214284926976,1,1,2
713118905431105536,1,0,1
713143625887064065,1,0,1
713144031895748608,1,7,8
713154718982209536,1,0,1
713165801021435905,1,0,1
713181313956585472,1,0,1
713182281834233858,1,3,4
713201090972487680,1,13,14
713201672567263232,1,1,2
713361794849374209,1,0,1
713363879859003392,1,1,2
713369955761303552,1,0,1
713401163421495296,1,0,1
713552525157249024,1,0,1
713642602034237440,1,0,1
713701530214522880,1,1,2
713729421656481797,1,0,1
713739794216386560,1,0,1
713745528861798401,1,0,1
713799417887907840,1,0,1
713878090301235200,1,0,1
713881123227508736,1,0,1
713901188308144128,1,0,1
713907049839480833,1,0,1
714030570599235586,1,2,3
714035207179898880,1,0,1
714120944340611072,1,0,1
714175381725704192,1,0,1
714205764458512389,1,0,1
714271685940088832,1,0,1
714311363896745984,1,0,1
714504520403824640,1,0,1
714567667055595520,1,2,3
714587349720535040,1,0,1
714587971064737792,1,0,1
714627870522544129,1,0,1
714637214169374721,1,4,5
714648695648751616,1,0,1
714791179158691845,1,0,1
714859210387886080,1,0,1
714945327787278338,1,0,1
714981516212830209,1,0,1
714989405547720705,1,0,1
715202879993188352,1,0,1
715273388080697344,1,1,2
715323956316803076,1,1,2
715360935930560512,1,0,1
715389894864953345,1,0,1
715470919385264129,1,0,1
715548945292914688,1,0,1
715633171715518465,1,0,1
715636204964876288,1,0,1
715659456416260097,1,1,2
715721209745264640,1,0,1
715742247459950592,1,0,1
715752927755943937,1,9,10
715796997777854464,1,0,1
715803396280872965,1,1,2
715885540676079616,1,30,31
715891967243206656,1,0,1
715906927625043968,1,0,1
715958180849778692,1,0,1
715962041706668035,1,5,6
716038673498824704,1,0,1
716297563872342016,1,1,2
716381799321104384,1,0,1
716433255122280448,1,0,1
716446943518523392,1,1,2
716482312406302720,1,0,1
716497422856404992,1,0,1
716594828264517632,1,0,1
716707751158788096,1,0,1
716742763744796672,1,0,1
716766989243518976,1,0,1
716769275604807680,1,1,2
716834923961671680,1,0,1
716845561647931392,1,1,2
716915545539526656,1,1,2
716954476129742848,1,2,3
716966727242936320,1,26,27
717018401298735104,1,0,1
717052467037470720,1,28,29
717060087106416640,1,2,3
717116968004935680,1,0,1
717118574834229248,1,0,1
717210895588442116,1,0,1
717222107206270978,1,0,1
717382646947512320,1,0,1
717431009164333057,1,0,1
717464329495257088,1,0,1
717465885351485440,1,0,1
717478009012248576,1,0,1
717487122467438592,1,0,1
717531073224138754,1,0,1
717539458455830529,1,0,1
717543599533993984,1,0,1
717564705078775808,1,10,11
717567400900706304,1,16,17
717584433369391105,1,0,1
717640942887563264,1,0,1
717683824906346496,1,0,1
717692540913389568,1,0,1
717756647456841729,1,0,1
717773729183432704,1,0,1
717803408518938625,1,2,3
717813531505242115,1,1,2
717841977568526337,1,0,1
717888458337824768,1,3,4
717902386589773824,1,0,1
717910328575655936,1,0,1
718052220428808193,1,0,1
718125587525713921,1,0,1
718177159588634624,1,0,1
718181019447402498,1,0,1
718191575164186624,1,0,1
718239212059914240,1,0,1
718272652738170882,1,0,1
718432215290372097,1,0,1
718490683418533889,1,0,1
718577666421432320,1,0,1
718617867172728832,1,50,51
718670670213881856,1,0,1
718783924785266688,1,0,1
718790353097224193,1,0,1
718883951591485442,1,0,1
718910039520464896,1,0,1
718929753567293441,1,2,3
718937423703486465,1,0,1
718948227869859840,1,0,1
719153846396829696,1,1,2
719186559849914368,1,0,1
719198247009406976,1,0,1
719338452744085508,1,0,1
719613677998055424,1,0,1
719676534001430528,1,1,2
719686589417398281,1,0,1
719698140656504832,1,0,1
719731732912549888,1,0,1
719781895542829056,1,3,4
719907267777327104,1,1,2
720028100088635392,1,0,1
720072445684801536,1,0,1
720091028435443712,1,0,1
720098771565219841,1,2,3
720211359078592513,1,0,1
720297850383380480,1,1,2
720304419473006593,1,6,7
720319006029156355,1,0,1
720419269972897792,1,0,1
720675109367746560,1,0,1
720753428411072512,1,0,1
720786426200252416,1,0,1
720805626927058945,1,0,1
720825616837160960,1,0,1
721055018967805952,1,0,1
721077070869037056,1,0,1
721083239557935104,1,0,1
721111179863568384,1,0,1
721145928405520384,1,0,1
721343525208457217,1,2,3
721393027046969345,1,0,1
721409327077019648,1,0,1
721472272742023168,1,0,1
721683755136610304,1,0,1
721702311253385216,1,0,1
721774233064456193,1,0,1
721886703917666304,1,2,3
721927162081755136,1,12,13
721931107634188288,1,0,1
722106832806760448,1,0,1
722139609774235648,1,0,1
722144498311008256,1,5,6
722144707074265088,1,0,1
722150232537083904,1,0,1
722154573046145024,1,0,1
722264572250312704,1,0,1
722293419825958912,1,0,1
722387472848695296,1,0,1
722602759359504384,1,0,1
722692063083556864,1,0,1
722726314772414464,1,0,1
722884546203488256,1,1,2
723003469129457664,1,1,2
723007669011922944,1,0,1
723228739576860672,1,0,1
723262968134160384,1,2,3
723270601809367040,1,0,1
723282218987081729,1,0,1
723512439547928576,1,0,1
723526259465183236,1,2,3
723628768573575168,1,1,2
723908455396827136,1,5,6
723913299314634753,1,0,1
723944377530249216,1,1,2
724292087743700993,1,0,1
724337335257563138,1,1,2
724376510019330049,1,0,1
724553856831655936,1,0,1
724636987177594880,1,0,1
724638910303879168,1,0,1
724655459077001216,1,0,1
724673118753665025,1,0,1
724747723325362176,1,5,6
724777650187722752,1,0,1
724829517072703488,1,1,2
724876311869706241,1,1,2
724901963582824448,1,0,1
724903240127635456,1,0,1
724942666899791873,1,0,1
724956769328500736,1,0,1
725007998184206336,1,0,1
725059657295912962,1,0,1
725080583743774721,1,0,1
725102117879320576,1,0,1
725109668750708736,1,0,1
725129439349100544,1,0,1
725181244988858368,1,0,1
725221538421690368,1,2,3
725233577277820928,1,25,26
725292608499671040,1,0,1
725336065981173761,1,0,1
725340048510603264,1,3,4
725388086591426560,1,2,3
725443723362861056,1,2,3
725464830560198656,1,0,1
725501110643892224,1,0,1
725665346267570176,1,0,1
725729550064340992,1,0,1
725812009661521921,1,0,1
725822284930375684,1,0,1
725840526327476224,1,0,1
725918700793032705,1,0,1
726040279116070912,1,0,1
726066001150902272,1,0,1
726127945522274308,1,0,1
726128809271922689,1,0,1
726137659287023616,1,0,1
726386299733696516,1,0,1
726386656840835072,1,0,1
726407941159440385,1,1,2
726491414914322433,1,0,1
726495863153922048,1,0,1
726526499298246656,1,0,1
726534367716073472,1,0,1
726576784758575104,1,0,1
726595591413723137,1,0,1
726626393333731328,1,0,1
726767899554119680,1,0,1
726853286142169088,1,6,7
726950167082110977,1,0,1
726970794455224321,1,0,1
727022110233649153,1,0,1
727132163888525313,1,24,25
727179327331147776,1,0,1
727186705841807361,1,0,1
727248277385662464,1,0,1
727253178090176513,1,2,3
727297479708925952,1,0,1
727336664843096065,1,1,2
727534432911941632,1,0,1
727546791084867585,1,0,1
727625929091100675,1,0,1
727671122393763841,1,0,1
727725727269986304,1,0,1
727755327307927557,1,0,1
727885578356797441,1,0,1
727905589469302786,1,0,1
727954141050449925,1,0,1
727967757401260033,1,0,1
727976286241566721,1,0,1
728003315334684672,1,0,1
728049589790617602,1,0,1
728070971786076163,1,0,1
728076621169590273,1,10,11
728117687558103040,1,0,1
728192153319555072,1,0,1
728211479988600832,1,1,2
728216876308942849,1,0,1
728218236400091137,1,0,1
728219249081094145,1,1,2
728232896952209409,1,0,1
728292163209977856,1,0,1
728299939248361472,1,13,14
728329985837178884,1,0,1
728370479665315840,1,9,10
728557035499888641,1,0,1
728576407555575808,1,0,1
728621827275239426,1,0,1
728750584564690944,1,0,1
728805074126962688,1,0,1
728836910156636160,1,0,1
728896362113335296,1,0,1
728946602065289216,1,0,1
728957926522662912,1,0,1
728991658155646976,1,0,1
729005595207012352,1,0,1
729074832671944705,1,0,1
729091858509537281,1,0,1
729112533718667266,1,0,1
729308314736201728,1,0,1
729315947392049152,1,1,2
729523998783082496,1,9,10
729549414549708801,1,0,1
729609901060820992,1,0,1
729670202665873408,1,1,2
729696255010574337,1,0,1
729750204073791488,1,0,1
729805799715835904,1,0,1
729952464993013760,1,0,1
730006570776571904,1,0,1
730040442436386817,1,0,1
730140716471623686,1,0,1
730148430681493504,1,9,10
730167699591041024,1,0,1
730293509517905920,1,0,1
730327661600333824,1,0,1
730350885163905024,1,0,1
730395536428290048,1,1,2
730447012898951169,1,2,3
730494312757219329,1,0,1
730496318897000448,1,0,1
730520201045757953,1,0,1
730526980370776064,1,0,1
730553695339847680,1,0,1
730555635087990785,1,8,9
730752852319076352,1,23,24
730758888220426240,1,0,1
730790012208435200,1,0,1
730832365744951300,1,0,1
730836444294565888,1,0,1
730836839192506368,1,1,2
730882929304330241,1,0,1
730917027053854720,1,0,1
730918714833534976,1,0,1
730933981403844609,1,0,1
730951552794529792,1,1,2
730955128182693889,1,0,1
730992852638019584,1,0,1
731008806184882176,1,0,1
731017413035065345,1,0,1
731022826321281026,1,0,1
731103578132230144,1,0,1
731146364067971072,1,0,1
731224972425891840,1,0,1
731226623123595265,1,0,1
731239101223993344,1,0,1
731293059590164481,1,0,1
731317331822039044,1,0,1
731321253877813248,1,0,1
731362253249765376,1,0,1
731455431445467136,1,0,1
731470437130117120,1,0,1
731540804519350272,1,0,1
731694061149544448,1,0,1
731711729533616128,1,0,1
731747872652333057,1,0,1
731941686624948224,1,0,1
731948103885062144,1,0,1
732041875998154752,1,0,1
732123573217853440,1,0,1
732140874109345792,1,0,1
732230578301341696,1,0,1
732406533624057860,1,0,1
732410954932232192,1,2,3
732466238270529537,1,0,1
732604311008468996,1,0,1
732611542794031104,1,0,1
732639431199326208,1,2,3
732650104713252864,1,0,1
732661189289881600,1,8,9
732663707688439808,1,0,1
732794383167303680,1,0,1
732908284873723904,1,20,21
732937630032273408,1,6,7
732969039027441664,1,0,1
733035178273169410,1,0,1
733042385857482752,1,0,1
733085829715886080,1,1,2
733117950140416001,1,5,6
733194227841142785,1,0,1
733195572962680833,1,0,1
733258493520687104,1,0,1
733297046640287745,1,0,1
733302886885695492,1,3,4
733418667472347138,1,0,1
733432282237788160,1,0,1
733449466867392512,1,0,1
733503181972475904,1,0,1
733526875947982851,1,0,1
733609772847529984,1,12,13
733668797895188481,1,1,2
733716211666722816,1,0,1
733764538970046464,1,0,1
733776206215163904,1,4,5
733779885148274688,1,0,1
733780626264981504,1,0,1
733840794746900481,1,0,1
733854280034058240,1,0,1
733870905345069056,1,0,1
734017982469283840,1,0,1
734063154108452864,1,11,12
734080839156391936,1,0,1
734082845354921984,1,0,1
734304384390070272,1,0,1
734396335366017024,1,6,7
734412454776692736,1,1,2
734422111108792321,1,0,1
734433765016100864,1,0,1
734568216748544000,1,0,1
734590944616550400,1,0,1
734648708474802176,1,0,1
734724425153548289,1,0,1
734826173583220737,1,0,1
734841879053914113,1,0,1
734851490809020416,1,3,4
734869005874409472,1,0,1
734903432574861312,1,1,2
734960124893233152,1,0,1
734974603857039360,1,0,1
735246924538875904,1,0,1
735266538572402688,1,0,1
735384829269790721,1,0,1
735446318374494208,1,0,1
735450683609120768,1,0,1
735496455914409984,1,0,1
735497724175351808,1,0,1
735531991563702273,1,0,1
735583181672325120,1,3,4
735607727087452160,1,0,1
735615647367860224,1,0,1
735623872339283968,1,0,1
735627301589647361,1,0,1
735654184796688385,1,0,1
735666473134395392,1,0,1
735670001076604929,1,0,1
735679250993274884,1,0,1
735702436686368769,1,0,1
735736106872799233,1,0,1
735792235342503936,1,0,1
735831443608326144,1,47,48
735886260003164160,1,0,1
735977805515751424,1,0,1
736026709187649536,1,0,1
736027919852568578,1,0,1
736065425226661893,1,0,1
736074430070198273,1,0,1
736143976210669568,1,3,4
736201640118751232,1,8,9
736218081224187904,1,0,1
736238907923271681,1,5,6
736294653864071169,1,0,1
736295079883608064,1,0,1
736307746237079553,1,0,1
736339657164627969,1,0,1
736353604907339776,1,0,1
736405602461749248,1,0,1
736543498401251329,1,0,1
736713725839872000,1,0,1
736792332419399681,1,0,1
736991098380357632,1,0,1
737079102046228480,1,0,1
737101095412076545,1,0,1
737110499796475904,1,0,1
737309789529722884,1,0,1
737325916485869568,1,6,7
737333679282900992,1,0,1
737368169593982976,1,7,8
737377225645953028,1,0,1
737395897043128320,1,0,1
737613560553963520,1,4,5
737684128867328000,1,3,4
737741558288678913,1,0,1
737750439781883904,1,0,1
737760572326969344,1,0,1
737814045001031680,1,0,1
737875992472080385,1,0,1
738031806965002241,1,0,1
738032265293242369,1,0,1
738067708097507328,1,0,1
738118664243818496,1,0,1
738140038127484928,1,0,1
738158222100439041,1,34,35
738176958916239362,1,0,1
738184718563188738,1,0,1
738209454995410944,1,0,1
738369140638011392,1,0,1
738389420353560578,1,0,1
738392753156018176,1,0,1
738398559578521600,1,1,2
738482491317575682,1,0,1
738506929195110400,1,0,1
738509416698392576,1,0,1
738510051212722176,1,0,1
738530508603297792,1,0,1
738558851012689920,1,0,1
738611620188823552,1,0,1
738670096500035584,1,0,1
738706958971195392,1,0,1
738717546187259904,1,0,1
738784481738395649,1,0,1
738810765528969217,1,0,1
738820483404201984,1,0,1
738829785934110720,1,0,1
738871836633530368,1,0,1
738986675985129472,1,8,9
739028422886862848,1,0,1
739055071942606848,1,0,1
739080916610342914,1,0,1
739112306752249856,1,0,1
739260141619400704,1,0,1
739269243498172417,1,0,1
739298396809240576,1,0,1
739318002131177474,1,0,1
739424001316007940,1,1,2
739468689552998401,1,0,1
739472324852744192,1,0,1
739475317513818112,1,0,1
739478733967478784,1,0,1
739523154909880321,1,0,1
739533298863591424,1,0,1
739541511176650752,1,0,1
739541677048795136,1,0,1
739557813995851777,1,0,1
739561419675312128,1,1,2
739561901810548736,1,3,4
739575899641786374,1,0,1
739663032385572864,1,0,1
739696446727802880,1,0,1
739741396534472704,1,0,1
739788496123006976,1,1,2
739807120003043329,1,0,1
739958238007820288,1,0,1
740093968281698304,1,0,1
740149385032568832,1,0,1
740196763244462080,1,0,1
740278794120888321,1,0,1
740300787117613057,1,0,1
740312689637916673,1,0,1
740340546359660545,1,10,11
740350883158982656,1,0,1
740394412946120710,1,0,1
740547378013450240,1,0,1
740634637647663104,1,0,1
740636576720396288,1,0,1
740665946268946433,1,0,1
740696075284193280,1,7,8
740702516711686144,1,0,1
740706708939378689,1,0,1
740713793051729921,1,0,1
740718707484200960,1,0,1
740725922312097793,1,0,1
740733671619985409,1,0,1
740738775299428352,1,0,1
740748965230960640,1,0,1
740778709058228229,1,1,2
740817125607100417,1,0,1
740857969320071172,1,1,2
740906502081400833,1,0,1
740966801060810752,1,0,1
740990861115330560,1,0,1
740993413772804096,1,19,20
740993608220712960,1,0,1
740999884824842240,1,0,1
741009169420038144,1,0,1
741016298801401856,1,0,1
741034473572192256,1,0,1
741046458435174401,1,0,1
741053485551132672,1,0,1
741096845565267968,1,0,1
741129746956865537,1,3,4
741236478995398656,1,0,1
741261582416662528,1,0,1
741277436722040834,1,0,1
741280815519305729,1,0,1
741287827413995521,1,0,1
741386132374441984,1,0,1
741420579853631488,1,0,1
741488049306120192,1,1,2
741539300328787968,1,2,3
741574646735220736,1,30,31
741594349633470464,1,1,2
741605069947179008,1,0,1
741635090426560513,1,20,21
741699704715644929,1,0,1
741700477532803073,1,0,1
741711685086416897,1,2,3
741781645292883968,1,0,1
741792832114065409,1,0,1
741792988674678784,1,0,1
741803027279941632,1,11,12
741883365599547393,1,0,1
742080122287751168,1,4,5
742098297792417794,1,0,1
742132007459770368,1,0,1
742138120410398721,1,0,1
742188275176071170,1,0,1
742192632219107328,1,0,1
742224046302101504,1,0,1
742260488898121729,1,0,1
742290831235653632,1,0,1
742391238192726016,1,0,1
742393074547105792,1,0,1
742408782370721792,1,0,1
742423672804106240,1,0,1
742429184916623360,1,45,46
742443609530761216,1,0,1
742445206511833088,1,6,7
742447807488008192,1,0,1
742508771105181696,1,0,1
742522312679788544,1,0,1
742543092901765120,1,79,80
742560010337587200,1,0,1
742561514469642241,1,1,2
742584543723425792,1,0,1
742671988058169345,1,0,1
742689085370798080,1,2,3
742700985181704192,1,0,1
742726537317732353,1,0,1
742731047641702401,1,0,1
742763157588967424,1,0,1
742788947550429184,1,0,1
742797649636659201,1,0,1
742830918084087809,1,0,1
742844337889804290,1,0,1
742847294786154497,1,0,1
742893912780460033,1,0,1
742938782266216448,1,0,1
742939771639582720,1,0,1
742959025856335872,1,0,1
742972704404439040,1,0,1
743000190144106496,1,0,1
743059909583982592,1,0,1
743069037270274048,1,0,1
743087107917287424,1,0,1
743093992049377280,1,0,1
743151982458765313,1,0,1
743167075712008192,1,23,24
743169335670247425,1,0,1
743171480469463040,1,0,1
743171767682895873,1,0,1
743205496451137536,1,0,1
743261259055964160,1,1,2
743261847332151296,1,0,1
743281218419064832,1,0,1
743344063198289921,1,0,1
743409049178415104,1,0,1
743416346793381888,1,0,1
743496008601112576,1,0,1
743502373755232256,1,0,1
743503584797548545,1,0,1
743525108090814464,1,0,1
743525837274816512,1,0,1
743526160747765760,1,0,1
743543429385293825,1,0,1
743550886442598400,1,0,1
743559257283428352,1,0,1
743566781688741888,1,0,1
743578982923198464,1,0,1
743586934082011136,1,0,1
743593551481569280,1,0,1
743625186205908992,1,27,28
743627436240207872,1,0,1
743687772616036357,1,12,13
743757394065272832,1,0,1
743772441365839872,1,0,1
743810724338753536,1,0,1
743817202923495425,1,0,1
743833600349569024,1,0,1
743880854972178434,1,0,1
743912054407462916,1,1,2
743916200204308480,1,0,1
744068319490248704,1,6,7
744069721222483968,1,0,1
744183803342626816,1,0,1
744190912780181504,1,0,1
744204625268580352,1,0,1
744224700591640577,1,0,1
744245231034335232,1,0,1
744250025702793216,1,0,1
744262835195248640,1,0,1
744277506589614081,1,0,1
744294632343937028,1,0,1
744479921699885056,1,0,1
744512836383154176,1,0,1
744599787966717952,1,1,2
744624351027302400,1,0,1
744655885612556289,1,0,1
744663573784371200,1,0,1
744703630645694464,1,0,1
744708974596005888,1,0,1
744712074123698176,1,9,10
744760580976705536,1,0,1
744850224951201792,1,0,1
744858380867612672,1,0,1
744864592954855424,1,0,1
744887373541040128,1,0,1
744889074960445440,1,0,1
744891350584270848,1,0,1
744899634909351936,1,0,1
744900323777646592,1,0,1
744916290352054273,1,0,1
744917634823618560,1,0,1
744931381487165440,1,2,3
744947512969207808,1,0,1
744973363345399808,1,0,1
745018922584313857,1,0,1
745020942548512768,1,1,2
745023623757340676,1,0,1
745070359792193536,1,0,1
745081321085509633,1,0,1
745084560694775808,1,0,1
745102734198636545,1,0,1
745167700905754624,1,0,1
745212653505753088,1,0,1
745250875019567105,1,0,1
745272893408444416,1,3,4
745274345333866497,1,0,1
745370110215479296,1,0,1
745384771262414849,1,0,1
745402418905513984,1,0,1
745406455671570433,1,0,1
745458695761338370,1,0,1
745474540097024001,1,0,1
745649677819797504,1,0,1
745668557640347648,1,0,1
745681219803701249,1,0,1
745706327155089408,1,30,31
745772462605017088,1,0,1
745786768889249793,1,0,1
745800185461215232,1,8,9
745822388139417600,1,1,2
745986441319223296,1,0,1
746078353770217472,1,0,1
746134016244461568,1,0,1
746138177451270144,1,0,1
746149313693245440,1,0,1
746162555479961600,1,0,1
746320970621739009,1,17,18
746361278411702272,1,0,1
746370053789126656,1,0,1
746402936884867072,1,0,1
746423094445629440,1,0,1
746472929983082496,1,0,1
746523595057168384,1,0,1
746549438722740224,1,0,1
746571206279606273,1,0,1
746649583934124032,1,0,1
746669150655873025,1,0,1
746727708655116292,1,0,1
746759337469566976,1,0,1
746812300732968961,1,16,17
746861889989251072,1,0,1
746873095743471617,1,0,1
746873584602079234,1,2,3
746876448468766720,1,0,1
747093727995363329,1,2,3
747102361336741888,1,0,1
747108683381760000,1,0,1
747150220937420801,1,0,1
747193876465614848,1,3,4
747204167605772289,1,0,1
747213412812394496,1,0,1
747253420847824897,1,4,5
747264168277872641,1,0,1
747270380734210049,1,0,1
747276334095802368,1,0,1
747321705211691010,1,0,1
747384600524103680,1,2,3
747415757173231617,1,0,1
747461527393959936,1,0,1
747463317845794816,1,5,6
747486458387304448,1,0,1
747499790477463552,1,0,1
747552912696500224,1,9,10
747560911674671104,1,0,1
747633081012498433,1,0,1
747657191591641091,1,0,1
747803951492374528,1,0,1
747864233036120065,1,4,5
747908996946747393,1,0,1
747919821506027526,1,0,1
747927135847878656,1,1,2
747943378369712129,1,0,1
747993742460649472,1,0,1
748029051638587392,1,0,1
748095577540411392,1,0,1
748144740701351938,1,3,4
748165571016015872,1,0,1
748263384068435968,1,0,1
748270046959570944,1,0,1
748297573006512128,1,0,1
748446143177162752,1,0,1
748482801884889088,1,0,1
748530579562455040,1,0,1
748545309832273921,1,0,1
748614598216007681,1,0,1
748670587883692032,1,0,1
748702706785628160,1,0,1
748941518891782144,1,0,1
749041838577688576,1,0,1
749085461289832448,1,0,1
749228388674629633,1,1,2
749262473975459840,1,1,2
749281249475358724,1,0,1
749319792394317824,1,0,1
749344592642715648,1,0,1
749463981614596096,1,0,1
749465583343788032,1,0,1
749502690879762432,1,1,2
749527269475889152,1,0,1
749626244258492416,1,0,1
749648264882950144,1,0,1
749649036370649090,1,0,1
749710236450193408,1,0,1
749735020252819458,1,0,1
749738695868223488,1,0,1
749971952429924352,1,0,1
749984980885860352,1,1,2
750004097835827201,1,2,3
750106643753496576,1,1,2
750147827985244160,1,0,1
750167038111453184,1,0,1
750197217302974465,1,0,1
750256075564199936,1,0,1
750387162248458240,1,0,1
750415607791747073,1,2,3
750464757023449088,1,0,1
750476479868186624,1,1,2
750520084674678784,1,2,3
750533955896614912,1,0,1
750551406864662529,1,34,35
750568528927985668,1,0,1
750573486310060032,1,3,4
750761355465089025,1,0,1
750766596797247488,1,36,37
750796041516036096,1,0,1
750847401460633600,1,0,1
750855467157561344,1,0,1
750870246353928192,1,0,1
750892071142195200,1,0,1
750902151619211264,1,0,1
750948819257393153,1,0,1
750963784383168512,1,0,1
751054068974575616,1,0,1
751074057949511680,1,0,1
751098716984078336,1,16,17
751115711607558145,1,0,1
751128086117253120,1,15,16
751138187645448196,1,0,1
751142663269847040,1,5,6
751166018446323712,1,0,1
751188954209259520,1,0,1
751190891293974528,1,0,1
751199466208636928,1,1,2
751211705254940673,1,1,2
751236619319947265,1,0,1
751244601252454400,1,1,2
751260463686557696,1,15,16
751465870904455168,1,0,1
751507030628704256,1,8,9
751580653234352128,1,0,1
751581559887724553,1,0,1
751623397822435328,1,0,1
751728182684884992,1,1,2
751853281543159808,1,0,1
751900604499361792,1,0,1
751900826042404864,1,0,1
751903081940586496,1,0,1
752073073030029312,1,0,1
752142063337082880,1,0,1
752237642733891584,1,0,1
752301672567869441,1,0,1
752310607739752448,1,0,1
752317159393550337,1,0,1
752376487060205568,1,2,3
752483557533245444,1,0,1
752516639191687169,1,0,1
752533152296472576,1,0,1
752641546340687877,1,1,2
752660956451188736,1,0,1
752687027238252550,1,0,1
752715275544371201,1,0,1
752753696967168000,1,0,1
752969012565405696,1,1,2
752991316464631810,1,0,1
752996325361266689,1,0,1
752997801303433216,1,0,1
752998377512660992,1,0,1
753004492065542144,1,0,1
753012279680045061,1,0,1
753018032889266176,1,0,1
753045196506488832,1,0,1
753085574358196224,1,0,1
753235411934273537,1,0,1
753249768080601088,1,0,1
753360949432750080,1,4,5
753399937111588865,1,0,1
753446471576412160,1,0,1
753462255023456256,1,0,1
753465727617736705,1,1,2
753467474151170048,1,0,1
753481269736972288,1,0,1
753487650456207361,1,0,1
753563278157213696,1,0,1
753603121339834368,1,0,1
753609065641771009,1,0,1
753682341088854016,1,0,1
753719313601671168,1,4,5
753757955808452608,1,0,1
753896395644338176,1,0,1
753929244389023746,1,0,1
753965239138385920,1,0,1
754005260927135745,1,0,1
754006747673616385,1,0,1
754030605810020352,1,0,1
754041302908440577,1,9,10
754067062813822976,1,0,1
754069943138652160,1,0,1
754099553385738245,1,0,1
754102534726451202,1,0,1
754115293966901248,1,0,1
754138022694662144,1,0,1
754149283083890688,1,0,1
754197450458554368,1,0,1
754278123676377089,1,0,1
754338994347921409,1,0,1
754374205928411136,1,1,2
754381969161498624,1,1,2
754402960017231872,1,0,1
754404984758775808,1,0,1
754408927111110656,1,0,1
754433975658094592,1,0,1
754477993473507328,1,1,2
754484909155069952,1,0,1
754609252304576512,1,0,1
754612713121349633,1,0,1
754678667792396289,1,1,2
754684621988724737,1,0,1
754738880352509952,1,0,1
754795081463365632,1,1,2
754818342511321088,1,0,1
754834128055463936,1,0,1
754851540058247170,1,0,1
754885266423152641,1,0,1
754898284662099970,1,0,1
754909239781367808,1,2,3
755082978997440512,1,0,1
755097296103170048,1,1,2
755114578338455552,1,0,1
755143841406001152,1,2,3
755154805337694210,1,0,1
755160367408541697,1,0,1
755176472353001472,1,36,37
755199674647097344,1,0,1
755205847698051072,1,0,1
755226371853459457,1,4,5
755238143129821184,1,0,1
755262620618358784,1,3,4
755272744011493377,1,0,1
755302756064301056,1,0,1
755321226759995392,1,0,1
755473893670912000,1,0,1
755477663028875264,1,0,1
755491062840385537,1,2,3
755495414992863232,1,0,1
755500463638712322,1,7,8
755658473149530113,1,0,1
755727883692302336,1,1,2
755765418812289024,1,0,1
755837742530035712,1,0,1
755843214418989057,1,8,9
755942073963057152,1,2,3
755948629651619841,1,0,1
755969233494929408,1,0,1
755974945331613696,1,0,1
756062353259716608,1,0,1
756148967809789952,1,0,1
756166862971416576,1,0,1
756176114142306306,1,0,1
756177091243237381,1,0,1
756199409306611712,1,3,4
756232900719194112,1,4,5
756235664304332801,1,0,1
756275814933508096,1,0,1
756318805278674946,1,0,1
756342381524451329,1,0,1
756382038366838788,1,0,1
756386836390506496,1,0,1
756389827361251328,1,0,1
756479504663666688,1,0,1
756487232484106241,1,0,1
756493065918054400,1,0,1
756495262000885761,1,0,1
756501847716818944,1,0,1
756513226356129792,1,0,1
756593471192965120,1,0,1
756602418410950656,1,1,2
756623746572492801,1,0,1
756672927756591108,1,0,1
756675839593283584,1,5,6
756695162798034945,1,0,1
756697879905984517,1,0,1
756705934714568704,1,0,1
756725651671887872,1,0,1
756746303196004353,1,0,1
756817015273353219,1,2,3
756825970829586435,1,1,2
756834718826496000,1,0,1
756888537719537664,1,0,1
756906066760335365,1,2,3
756908837404237824,1,0,1
756914020418936832,1,2,3
756916336291381248,1,0,1
756932476816072704,1,13,14
756975768022896640,1,0,1
757007786588930049,1,0,1
757015219008929792,1,22,23
757048729413251073,1,0,1
757107292521295872,1,0,1
757166875637874688,1,0,1
757189954887880704,1,0,1
757214917036474368,1,0,1
757225413320011776,1,0,1
757229412869824513,1,0,1
757250254282559488,1,34,35
757252361555415041,1,0,1
757269786615250944,1,0,1
757277706329489412,1,0,1
757318332706009088,1,2,3
757323423429394433,1,2,3
757334073173872640,1,0,1
757395162620391424,1,0,1
757416136006852608,1,0,1
757418006284599296,1,0,1
757434186223329280,1,0,1
757493737014657024,1,0,1
757522545776160768,1,0,1
757555399100948480,1,0,1
757583419220066304,1,0,1
757601469189255168,1,0,1
757603579788230656,1,0,1
757617459394260992,1,0,1
757647427457392642,1,7,8
757655167860867076,1,0,1
757658411940978688,1,0,1
757662565644120064,1,0,1
757683923648385025,1,6,7
757737080915013632,1,26,27
757760409571057664,1,0,1
757761468750237697,1,0,1
757768447816183808,1,0,1
757768644281503745,1,0,1
757783071504687104,1,0,1
757795093709398017,1,0,1
757822984488820736,1,2,3
757826491937792000,1,1,2
757876225167634432,1,0,1
757926828610883584,1,0,1
757989223693713408,1,2,3
757995720007909376,1,0,1
758007329757376512,1,0,1
758011576100069376,1,1,2
758038377660907522,1,0,1
758041352907042816,1,0,1
758135593620508672,1,1,2
758233292676198400,1,0,1
758292583152021504,1,0,1
758346248848039936,1,1,2
758353981634641924,1,0,1
758363457339006977,1,0,1
758367026305986560,1,0,1
758375612293779460,1,8,9
758376540996374530,1,1,2
758416774622687232,1,0,1
758473951852961792,1,0,1
758502048136589312,1,0,1
758502659049553920,1,0,1
758596086919524352,1,0,1
758629166283718656,1,0,1
758642479486951424,1,6,7
758650475122159616,1,0,1
758657589630660609,1,0,1
758692067203657728,1,0,1
758704417113796608,1,0,1
758709088532434944,1,0,1
758715181266460672,1,0,1
758760239575343104,1,0,1
758771671373185024,1,1,2
758827705475305473,1,0,1
758828698967564288,1,0,1
758830241905115136,1,0,1
758883134486171649,1,0,1
758907393786773505,1,0,1
758980971886632960,1,3,4
759024932391038978,1,0,1
759053501422981120,1,0,1
759080014738550786,1,11,12
759116021928071168,1,46,47
759132738892857345,1,13,14
759152385814065152,1,0,1
759165580838445056,1,0,1
759174496314134528,1,0,1
759205848405204999,1,0,1
759230209337987072,1,0,1
759333147700031488,1,0,1
759364554811842560,1,0,1
759392168586993665,1,0,1
759407830353010688,1,0,1
759446836608372736,1,0,1
759478369008381952,1,0,1
759493690591178752,1,0,1
759520646569271296,1,0,1
759534541589532672,1,9,10
759599234421104644,1,0,1
759644639909380097,1,0,1
759674133105999873,1,0,1
759771842978713600,1,0,1
759814028042575872,1,0,1
759901058772631552,1,0,1
759944090570092545,1,3,4
759952257198743552,1,0,1
759962736809775104,1,0,1
760067976645189632,1,0,1
760095060201443328,1,0,1
760123392066330624,1,0,1
760123737945563136,1,0,1
760137585557704704,1,0,1
760143647039893504,1,0,1
760159839507144704,1,0,1
760162470367404034,1,2,3
760169985805127680,1,24,25
760293652224626688,1,2,3
760313303868567552,1,0,1
760502518606692353,1,0,1
760503905872740352,1,24,25
760513210680086529,1,0,1
760514959495270402,1,1,2
760541829817249792,1,0,1
760568776576212992,1,0,1
760594619641933824,1,20,21
760605465046839296,1,0,1
760613566449848320,1,0,1
760620701221056517,1,0,1
760638525796560896,1,0,1
760640815425261572,1,0,1
760654395453440000,1,1,2
760678178042048512,1,0,1
760729944272039936,1,0,1
760850162071642113,1,0,1
760851726161162241,1,1,2
760867470240473088,1,3,4
760885166483144704,1,3,4
760906781505810432,1,1,2
760915159984377856,1,0,1
760920095916818433,1,0,1
760937626702675968,1,0,1
761004444012122112,1,0,1
761026204853907456,1,0,1
761053958475427841,1,0,1
761057210684149762,1,0,1
761059018714456064,1,0,1
761065811779870721,1,4,5
761192838822494208,1,0,1
761199606978011136,1,6,7
761226478239428609,1,0,1
761228359699427328,1,0,1
761257442856624128,1,0,1
761263409610559488,1,0,1
761276825519607809,1,0,1
761292773039468544,1,0,1
761314452448870400,1,0,1
761368606311485441,1,6,7
761368870380646400,1,0,1
761487005209493504,1,0,1
761517347949645824,1,2,3
761568846566293504,1,1,2
761590280936038400,1,0,1
761626080507748352,1,0,1
761643462857003008,1,0,1
761655338319900672,1,0,1
761657775025950720,1,0,1
761659741479116800,1,0,1
761673940787867649,1,0,1
761695799000567809,1,0,1
761770285708304384,1,0,1
761770572862853120,1,0,1
761788123273572353,1,0,1
761793696169881601,1,0,1
761793942165729280,1,0,1
761843308293304320,1,3,4
761848807906619393,1,4,5
761873552991584257,1,3,4
761899968068198400,1,0,1
761985930223693824,1,0,1
761989234089533440,1,0,1
762030765710401536,1,0,1
762069860235014144,1,0,1
762082146727100417,1,0,1
762143470978945024,1,13,14
762290549168701440,1,0,1
762296758684807168,1,0,1
762367918990565376,1,0,1
762416314358968320,1,3,4
762509441157570561,1,0,1
762543783007223809,1,16,17
762641635469656064,1,0,1
762722618843758596,1,0,1
762729847919677440,1,0,1
762786106517565442,1,0,1
762798682588581888,1,0,1
762820192116236288,1,0,1
762854371918884864,1,0,1
762877337629102080,1,0,1
763046080447741952,1,0,1
763047574949490689,1,0,1
763047910384758784,1,1,2
763048288027303937,1,0,1
763050270599196672,1,0,1
763096935687348224,1,0,1
763128305516240896,1,0,1
763146818674839552,1,0,1
763154632243712001,1,0,1
763167329928683520,1,0,1
763168634977947649,1,0,1
763192524655636481,1,1,2
763207988412841984,1,0,1
763222743135334400,1,3,4
763248460153753601,1,0,1
763435831457492993,1,0,1
763445841185107968,1,0,1
763471889289187328,1,7,8
763507931056701440,1,0,1
763512927483752448,1,0,1
763524118121705472,1,0,1
763576694653452292,1,0,1
763590328960057344,1,19,20
763599130799243264,1,0,1
763687306632888320,1,0,1
763715711793565696,1,0,1
763722529437470721,1,0,1
763838772249264130,1,0,1
763854583227703296,1,0,1
763873975055384576,1,0,1
763876335882153984,1,0,1
763878155362983938,1,0,1
763887853046640640,1,0,1
763909288729407488,1,3,4
763926445605347328,1,0,1
764011790174826496,1,0,1
764030484997402624,1,0,1
764071574043496448,1,0,1
764079937917779968,1,8,9
764102189094694912,1,0,1
764118947784372228,1,0,1
764134556186271745,1,0,1
764139894457376768,1,0,1
764142162950979585,1,0,1
764144580929331200,1,0,1
764176834879684608,1,2,3
764178546533203969,1,0,1
764182017588260866,1,0,1
764193956355796996,1,0,1
764204955049656320,1,0,1
764290857465815040,1,1,2
764329187419103234,1,1,2
764379211574280192,1,0,1
764416627110649856,1,0,1
764435195974082560,1,5,6
764504008551694336,1,4,5
764535396050972672,1,0,1
764641296992591872,1,0,1
764646383064223744,1,0,1
764652616139681792,1,2,3
764685349817810944,1,0,1
764738078917275648,1,0,1
764799892803977217,1,0,1
764812805900034049,1,1,2
764818781961150464,1,0,1
764821236052553728,1,0,1
764822685385973760,1,6,7
764824230705950720,1,0,1
764853887438295040,1,0,1
764876181434806272,1,0,1
764879907725963264,1,0,1
764890111758610432,1,0,1
764950797809573888,1,1,2
764960983244607488,1,2,3
765034524468129792,1,0,1
765048831054610432,1,0,1
765081241964072960,1,0,1
765135738266607616,1,0,1
765164404119830529,1,0,1
765189523017990144,1,0,1
765228555915685888,1,1,2
765243799291387904,1,0,1
765267744317116416,1,0,1
765268349517373441,1,0,1
765274687513300992,1,0,1
765288568424202241,1,0,1
765288876931887105,1,1,2
765302650455728128,1,1,2
765313789650624512,1,10,11
765424189322825729,1,0,1
765426853888786432,1,0,1
765541325852647424,1,0,1
765563976700887040,1,0,1
765566549386067969,1,0,1
765679116721029120,1,0,1
765705879522017280,1,0,1
765716300949782528,1,0,1
765811391160737792,1,0,1
765886646474637312,1,0,1
765951710711975936,1,0,1
765956620618698753,1,0,1
765960086787350532,1,0,1
765966969623420929,1,0,1
765993685251153921,1,0,1
765998731183394816,1,0,1
766080394513047553,1,0,1
766085289802629120,1,6,7
766104807702728705,1,0,1
766172014734368768,1,0,1
766277616517189633,1,0,1
766318994567618560,1,0,1
766322753402183680,1,0,1
766332832457383936,1,0,1
766376945844117504,1,0,1
766378724975644673,1,0,1
766421455152222208,1,0,1
766445003128377344,1,4,5
766662120670912513,1,0,1
766706614032338944,1,0,1
766736131866099713,1,0,1
766772525741277185,1,0,1
766775090402951169,1,0,1
766824055009796096,1,1,2
766830835043631104,1,0,1
766848097792032768,1,0,1
767017411035951104,1,5,6
767077727354531840,1,0,1
767128797904855041,1,0,1
767169349056471040,1,0,1
767188931653701632,1,2,3
767205324549828608,1,1,2
767254750425296896,1,0,1
767296298328453120,1,0,1
767353916199755776,1,0,1
767381559317934080,1,0,1
767509663042514944,1,1,2
767566167154319360,1,0,1
767639274363744256,1,0,1
767662158763139073,1,0,1
767750428775686147,1,2,3
767794949878378496,1,2,3
767814620862095360,1,0,1
767874458686201856,1,0,1
767877051613323268,1,0,1
767878937535913985,1,0,1
767892165796175872,1,3,4
767946465318543362,1,0,1
767967262292729856,1,0,1
768148873793638400,1,0,1
768150176548524032,1,0,1
768157374012153857,1,0,1
768218593863557121,1,0,1
768240026241015812,1,0,1
768278246320279552,1,6,7
768299123615240193,1,5,6
768330510644891648,1,0,1
768355143003824128,1,0,1
768395764661968896,1,0,1
768474554020818944,1,0,1
768490568221597697,1,0,1
768505010577510400,1,0,1
768646365492772865,1,0,1
768652140051062784,1,0,1
768750289193009153,1,0,1
768855990213152768,1,0,1
768934694029172736,1,0,1
769005734751199232,1,0,1
769035259254083584,1,0,1
769049131398602752,1,0,1
769187302459396096,1,0,1
769198662748483584,1,0,1
769199730010296324,1,1,2
769214910735781888,1,0,1
769216187200892934,1,0,1
769241569119576069,1,0,1
769242366075166721,1,0,1
769251665182588928,1,7,8
769270118941548544,1,0,1
769270504440098817,1,0,1
769297662931677184,1,0,1
769338686366285825,1,0,1
769349799900360704,1,1,2
769356038969692161,1,0,1
769390886807535617,1,0,1
769402406140538880,1,0,1
769444871266443266,1,0,1
769578080323063808,1,0,1
769582567712370688,1,1,2
769656012533927936,1,0,1
769677339391385600,1,0,1
769678853790851072,1,0,1
769692845892657152,1,0,1
769750770153508864,1,0,1
769886932696440832,1,0,1
770002086662643713,1,0,1
770047369182412800,1,1,2
770061355730829312,1,2,3
770250420094660609,1,0,1
770255319406616576,1,5,6
770255650169303040,1,0,1
770351251707965440,1,0,1
770355841249583104,1,0,1
770366208063537152,1,0,1
770394134968348676,1,1,2
770396754357293056,1,0,1
770397271665979392,1,0,1
770431029941243904,1,0,1
770475697613733888,1,7,8
770634898616881152,1,0,1
770647528953950208,1,0,1
770686627559596033,1,0,1
770702427087482880,1,0,1
770715116375412736,1,0,1
770739757877895168,1,0,1
770809485862572036,1,0,1
770824818824400897,1,0,1
770833531148783616,1,6,7
770839180473663488,1,0,1
770873105497493504,1,0,1
771010916355891200,1,0,1
771081901058756608,1,0,1
771086469184106496,1,2,3
771094352483397632,1,0,1
771171392855289857,1,0,1
771177917233496064,1,0,1
771270029698539520,1,0,1
771452943778324480,1,0,1
771456348433383424,1,0,1
771563437327388672,1,0,1
771713419783331840,1,0,1
771749460917493761,1,0,1
771819802876710915,1,4,5
771837874207621120,1,0,1
771851824857018372,1,0,1
771852504443285504,1,0,1
771885284745105408,1,0,1
771919961614872576,1,0,1
771945788142415872,1,0,1
771992310682836992,1,0,1
772160922387382272,1,0,1
772230955377434624,1,0,1
772308712316735489,1,0,1
772320216025935872,1,0,1
772475657557151744,1,0,1
772499557552881664,1,0,1
772507825851346944,1,0,1
772612495408189441,1,0,1
772627663685115904,1,0,1
772636611024678914,1,0,1
772745071208923136,1,48,49
772787970499813377,1,0,1
772809849604284416,1,0,1
772871178935422977,1,0,1
772871214402383872,1,0,1
772986584182448128,1,0,1
773020046801108992,1,28,29
773070924190978048,1,0,1
773090045947367425,1,0,1
773132276326666240,1,0,1
773188485771558917,1,0,1
773206388134871040,1,0,1
773234115525115904,1,0,1
773245542977638400,1,0,1
773260068389163008,1,0,1
773360511358529536,1,0,1
773450588902330371,1,0,1
773452468579622912,1,0,1
773465987588902912,1,2,3
773508228902690816,1,0,1
773572442656796672,1,0,1
773584306732228608,1,1,2
773681618070503424,1,1,2
773696604159238144,1,2,3
773734479072485376,1,0,1
773759144809684993,1,1,2
773795177211240448,1,0,1
773821845753790464,1,0,1
773834758405185536,1,0,1
773859595689361408,1,0,1
773915259765723136,1,0,1
773993453067927553,1,0,1
773994996584374272,1,0,1
774016400071458816,1,0,1
774048479228334081,1,1,2
774054797909581824,1,0,1
774080544900546560,1,0,1
774088900021288960,1,0,1
774127962253762564,1,0,1
774142899923542016,1,0,1
774195736221286401,1,0,1
774240612866461696,1,0,1
774446945326759936,1,0,1
774513718738771968,1,0,1
774643916402483200,1,0,1
774645246198112257,1,0,1
774648512667615233,1,0,1
774691058835976192,1,0,1
774750687762735104,1,0,1
774752808058757120,1,0,1
774898348687921153,1,0,1
774933633123647488,1,0,1
774959179840704512,1,0,1
774962801467162624,1,0,1
775001861262807040,1,0,1
775047826376122368,1,0,1
775058644345946112,1,0,1
775058886567071745,1,0,1
775064506607304708,1,0,1
775098938579939328,1,6,7
775208489140486144,1,0,1
775250332947517440,1,0,1
775298273246666753,1,0,1
775312021399232512,1,0,1
775350824201367553,1,0,1
775352041711349761,1,0,1
775410403354480642,1,0,1
775419859299512320,1,0,1
775468848069939200,1,0,1
775482431008681984,1,0,1
775598388393803776,1,0,1
775613233935810560,1,0,1
775792531871150080,1,0,1
775801626250579968,1,1,2
775810064246603776,1,0,1
775862400629215232,1,0,1
775874478320549889,1,0,1
775892296277438464,1,0,1
775895869367259136,1,0,1
775914062064386048,1,1,2
776051196582690816,1,101,102
776076027252453376,1,0,1
776101846351917056,1,0,1
776112663529041920,1,38,39
776116043853037568,1,0,1
776171768201568256,1,0,1
776183634743164928,1,0,1
776220063359569920,1,0,1
776234705045905408,1,0,1
776381228119392257,1,0,1
776450338928734208,1,0,1
776450891868012544,1,0,1
776535815962755072,1,0,1
776573526476283904,1,0,1
776575772672729088,1,3,4
776639425392418816,1,0,1
776795547701305344,1,0,1
776815481995034624,1,1,2
776879232106594305,1,1,2
776910754096316420,1,1,2
776931508921610240,1,1,2
776966827863715840,1,1,2
777021643868741633,1,0,1
777116839835013121,1,0,1
777180016539004929,1,0,1
777198210607517697,1,1,2
777204060822777856,1,0,1
777207875609305088,1,0,1
777210727882829824,1,0,1
777231761306550272,1,0,1
777236426903674880,1,0,1
777247458753642497,1,0,1
777250040746303488,1,0,1
777255642805444609,1,6,7
777346027242258432,1,0,1
777346898311000064,1,0,1
777395090406842369,1,0,1
777481820925489154,1,0,1
777503144968228864,1,0,1
777505714134810624,1,0,1
777509380723970048,1,0,1
777519009004748800,1,0,1
777519601265569796,1,0,1
777522958885584896,1,0,1
777535809570344962,1,0,1
777540092663570432,1,0,1
777544511236878337,1,0,1
777550173564174336,1,0,1
777585232807690240,1,0,1
777590099433357312,1,0,1
777600026826735616,1,0,1
777605367635124224,1,1,2
777655758359965696,1,0,1
777696821980389376,1,0,1
777782617005514752,1,0,1
777843521113903104,1,0,1
777905636512325632,1,0,1
777906255071481856,1,0,1
777907262144864256,1,0,1
777935421925916672,1,0,1
777958255947616257,1,0,1
777999801891692544,1,0,1
778014040505233408,1,0,1
778027757573931008,1,0,1
778066994608365568,1,0,1
778117356413390848,1,0,1
778263238848851968,1,0,1
778265400328892416,1,0,1
778267899412774913,1,0,1
778271171129307136,1,0,1
778299700134944769,1,0,1
778414468128792577,1,0,1
778483263799234560,1,0,1
778486694437908480,1,1,2
778515010607804416,1,0,1
778523913626251265,1,0,1
778557031561125888,1,0,1
778560268913745920,1,0,1
778567008648593408,1,0,1
778583529915645952,1,0,1
778590987169910786,1,0,1
778596626453716996,1,0,1
778611348188041216,1,0,1
778615720548634624,1,0,1
778619648136785920,1,0,1
778657683541004288,1,0,1
778658867987308545,1,0,1
778661085951864833,1,1,2
778694088904220672,1,0,1
778737072974680064,1,0,1
778745796825010176,1,0,1
778758309402779648,1,0,1
778761061549891584,1,0,1
778771701576323072,1,0,1
778783176655241216,1,0,1
778799008844161025,1,0,1
778806236577792002,1,0,1
778813024681418753,1,0,1
778876818623528960,1,0,1
778886026592919552,1,0,1
778890465399611393,1,0,1
778952838672187396,1,0,1
778958465729499137,1,0,1
778982717224517632,1,0,1
779009862332211200,1,0,1
779010697179127809,1,0,1
779102958365519872,1,0,1
779128490478202880,1,0,1
779166367337553920,1,0,1
779313037111066624,1,0,1
779349300937625600,1,0,1
779350897704984576,1,0,1
779351890244972544,1,0,1
779360361648627712,1,1,2
779367349103190016,1,0,1
779372256548052993,1,0,1
779384373397315585,1,0,1
779403280799637504,1,0,1
779440871074824192,1,0,1
779448720383283200,1,0,1
779469080524787712,1,0,1
779498436089479168,1,0,1
779503104865759232,1,0,1
779510627622531073,1,0,1
779636215771373568,1,0,1
779725034210332672,1,0,1
779738160838434816,1,0,1
779810266515111937,1,1,2
779826355806412800,1,1,2
779853536645550082,1,0,1
779872692480598016,1,0,1
779899809360732160,1,1,2
779920265648013312,1,0,1
779930223168983040,1,0,1
779934344806670336,1,0,1
780022275957415936,1,0,1
780063939006763008,1,0,1
780084809154658304,1,0,1
780229163957366785,1,0,1
780230203062620160,1,0,1
780231880952000512,1,9,10
780249828651511808,1,0,1
780421238372102144,1,0,1
780444042102472709,1,0,1
780484087907778561,1,0,1
780498773952847877,1,0,1
780508974126927872,1,0,1
780522302177935362,1,0,1
780544138232016896,1,2,3
780544524137340928,1,0,1
780565978971119616,1,1,2
780570387016880128,1,0,1
780573637652860928,1,0,1
780575301495422977,1,0,1
780592280503672832,1,0,1
780594538230407168,1,1,2
780600283772530688,1,0,1
780602471194304512,1,0,1
780616324447731712,1,0,1
780630093638926341,1,0,1
780634726814003200,1,0,1
780742346694504448,1,6,7
780790091492970496,1,0,1
780805539366174720,1,0,1
780818509924147200,1,0,1
780866448491098112,1,0,1
780871895684034561,1,0,1
780878357634220032,1,0,1
780918633073487873,1,0,1
780940130756407296,1,0,1
780965943019200514,1,0,1
781109448723095553,1,0,1
781117360870596608,1,0,1
781141402155642881,1,0,1
781142101102891008,1,0,1
781153626786000896,1,0,1
781156556247330816,1,0,1
781163948582240256,1,0,1
781164095420690432,1,0,1
781214193924046848,1,0,1
781239316722745345,1,0,1
781250724365828097,1,0,1
781251752532250624,1,0,1
781253770613297152,1,0,1
781295638973673472,1,0,1
781299028315308032,1,0,1
781304950236254208,1,1,2
781334061440577537,1,0,1
781422495589134336,1,0,1
781448426017984512,1,0,1
781592535328296961,1,0,1
781614438742945793,1,0,1
781789560539901952,1,0,1
781908834897895424,1,1,2
781958467221323776,1,0,1
781962111060742144,1,0,1
781969714763431937,1,0,1
782069532793958400,1,2,3
782096695689478145,1,0,1
782235498949537792,1,0,1
782254977032998914,1,0,1
782289872056881154,1,7,8
782333158175965184,1,2,3
782352298194239488,1,0,1
782471670539747328,1,0,1
782506712054001664,1,0,1
782639894648631296,1,0,1
782707098635436032,1,0,1
782709089415684096,1,0,1
782712826905452544,1,0,1
782748053463719936,1,0,1
782777120057458692,1,1,2
782869834744946688,1,0,1
782902288901955584,1,0,1
782930809070190592,1,0,1
782971363266957312,1,1,2
782992526881935360,1,0,1
783088853657714689,1,0,1
783108602475184128,1,2,3
783180238599573504,1,0,1
783274481103966208,1,0,1
783316490481270784,1,0,1
783330434964856832,1,0,1
783359193646403584,1,1,2
783376935955103744,1,0,1
783380458163826688,1,0,1
783415404270067712,1,0,1
783422037276626944,1,0,1
783426677611253760,1,0,1
783428732488855552,1,0,1
783457426641006592,1,0,1
783460908869693441,1,0,1
783463731736956928,1,7,8
783470197936050176,1,0,1
783470697213485056,1,0,1
783479186832887808,1,3,4
783480775740125184,1,0,1
783481452197322752,1,0,1
783490800826982400,1,0,1
783496803421331456,1,0,1
783499548052295681,1,0,1
783533691842727940,1,0,1
783565470683189250,1,0,1
783606649550438400,1,0,1
783698281331163136,1,0,1
783723930473422848,1,0,1
783788215497031681,1,0,1
783855454174707712,1,0,1
784040046739517440,1,0,1
784041270918381570,1,0,1
784082956990177280,1,0,1
784122427227852800,1,0,1
784148224147804161,1,1,2
784170349579542528,1,0,1
784170899398328320,1,0,1
784240672605896704,1,1,2
784241309368328193,1,0,1
784356056730337281,1,0,1
784374932759273472,1,0,1
784418872342392832,1,0,1
784447497892667392,1,0,1
784487746807169025,1,0,1
784540851204661249,1,0,1
784541620205125633,1,0,1
784553984564617216,1,0,1
784615774208032768,1,0,1
784678134910255104,1,0,1
784746653328678914,1,0,1
784754088625971200,1,0,1
784763491294990336,1,0,1
784768678776545280,1,0,1
784772282925223937,1,0,1
784778514797105153,1,0,1
784780976912162816,1,0,1
784783513321103360,1,0,1
784841321156481024,1,0,1
784846963535519744,1,0,1
784873681361051649,1,0,1
784879717262454785,1,0,1
784895195435401216,1,0,1
784895907858755585,1,0,1
784948795125542912,1,3,4
784974317381685249,1,0,1
784983827705913344,1,0,1
785090404165099525,1,0,1
785090962460585986,1,1,2
785118075423109120,1,17,18
785142669978636288,1,0,1
785144602315546625,1,0,1
785171302697078784,1,0,1
785244083304402945,1,0,1
785260011387817984,1,0,1
785282599534985216,1,0,1
785313456857747456,1,0,1
785313795547598850,1,1,2
785314838851510272,1,0,1
785317604332363776,1,0,1
785327616903356416,1,0,1
785347712182996996,1,0,1
785361813307285504,1,0,1
785447629148741632,1,0,1
785526818346508288,1,0,1
785594634051342336,1,0,1
785605664932368385,1,0,1
785620728766947328,1,0,1
785654943608745984,1,0,1
785692238147903488,1,0,1
785703739692687360,1,0,1
785737084422066176,1,0,1
785842534031429634,1,0,1
785869481637806080,1,9,10
785877910922158084,1,0,1
785879130625626112,1,0,1
785882110611582976,1,0,1
785882334373437441,1,1,2
785882680067973120,1,0,1
785892317559296006,1,1,2
785916563312480256,1,0,1
785920327423496193,1,1,2
785957999684694016,1,0,1
785966737644806144,1,0,1
785975686154424320,1,0,1
785979655115317248,1,0,1
786016584108154880,1,0,1
786025413889843201,1,0,1
786025418709020672,1,0,1
786116913483116544,1,0,1
786182318214025216,1,0,1
786245377670340608,1,0,1
786249455565672449,1,0,1
786249810571440128,1,0,1
786295822698754052,1,0,1
786305064210018304,1,0,1
786321192034639872,1,0,1
786339531037421568,1,0,1
786345088460922880,1,0,1
786349247503306752,1,3,4
786390681967136768,1,0,1
786410533692014592,1,0,1
786440585691357188,1,0,1
786460783987130368,1,0,1
786519799178289152,1,0,1
786539708167753729,1,0,1
786597158933794817,1,0,1
786605050650988544,1,1,2
786669984479141888,1,0,1
786707116019085313,1,0,1
786709948042448896,1,0,1
786727745489428480,1,0,1
786737378522042369,1,0,1
786772959688089601,1,0,1
786779303275028480,1,0,1
786780677760913408,1,0,1
786800910101991428,1,0,1
786887857042587648,1,0,1
786907988632211456,1,0,1
786981012504993792,1,0,1
787040314661953536,1,0,1
787064645206933504,1,0,1
787318432425512960,1,1,2
787327889154961408,1,0,1
787375132700389377,1,0,1
787384638545231876,1,0,1
787418565095948288,1,0,1
787456574839222272,1,0,1
787477114228346880,1,0,1
787490263748845568,1,0,1
787547635527712769,1,0,1
787619511553826816,1,0,1
787674543103979521,1,0,1
787708533395562496,1,0,1
787733100885311488,1,0,1
787750761027538946,1,0,1
787781361843081216,1,0,1
787782766033121280,1,0,1
787801535304568832,1,0,1
787812208105447424,1,0,1
787829336074248192,1,0,1
787857707986333696,1,0,1
787871881831456768,1,0,1
787925231159476224,1,0,1
787950643310911492,1,0,1
787963553697456129,1,0,1
788002098356944896,1,0,1
788032198024761344,1,0,1
788038865655214080,1,0,1
788066576968933376,1,0,1
788071179999404032,1,0,1
788108346897240064,1,0,1
788127754118045696,1,2,3
788142906959798272,1,0,1
788154243157004289,1,0,1
788166722289147905,1,0,1
788173757265436672,1,0,1
788201646727761920,1,0,1
788240998950400000,1,4,5
788281118084726784,1,0,1
788306575425413120,1,4,5
788344535587905536,1,0,1
788383579105615872,1,0,1
788407024736350208,1,0,1
788415840622370816,1,1,2
788415911896027136,1,1,2
788429614204854272,1,0,1
788431000682500096,1,0,1
788448916677230592,1,0,1
788460969018089472,1,0,1
788542506363420672,1,0,1
788547028104122368,1,0,1
788578131720359936,1,0,1
788613725594980352,1,0,1
788703714374721536,1,0,1
788715347104894976,1,0,1
788769985652862976,1,0,1
788793957895573505,1,0,1
788804442237706240,1,0,1
788887011646017536,1,0,1
788891265026756609,1,0,1
788906768747204608,1,0,1
788946682985717760,1,1,2
788952676537077760,1,0,1
788991635640180736,1,0,1
789104379706081280,1,0,1
789143901328158720,1,0,1
789152441694511104,1,0,1
789154863577985024,1,0,1
789232802558533632,1,0,1
789241233608695808,1,0,1
789244500199677952,1,1,2
789244824079720451,1,0,1
789257906449289216,1,0,1
789289204803067904,1,4,5
789292484828487680,1,0,1
789294005485969408,1,0,1
789307480513867777,1,0,1
789309595642540033,1,0,1
789329959416393728,1,0,1
789463846167646209,1,0,1
789479433124061184,1,0,1
789481589491306496,1,0,1
789486371270455297,1,1,2
789541037941424129,1,0,1
789566561992310784,1,0,1
789574821269176320,1,0,1
789579786658217985,1,0,1
789611669177700352,1,0,1
789616590945943552,1,0,1
789624266966700033,1,0,1
789816632503857156,1,1,2
789829886575861760,1,1,2
789914170804281344,1,0,1
789930161181384704,1,0,1
789951524252315648,1,0,1
789978137195081731,1,0,1
790000315609120768,1,0,1
790012516055130113,1,0,1
790012790228615168,1,0,1
790052913586458625,1,0,1
790090678013419521,1,2,3
790123070304518144,1,0,1
790175953011871746,1,0,1
790208760069365760,1,0,1
790218910318690308,1,0,1
790303350000451584,1,0,1
790414946085593088,1,0,1
790478510670446593,1,0,1
790553422067998720,1,1,2
790586556444794881,1,0,1
790593537557528576,1,0,1
790600379088207878,1,0,1
790619189287550977,1,0,1
790626437032128512,1,0,1
790648865527443456,1,0,1
790704930122297344,1,0,1
790737289408315392,1,5,6
790817684715872256,1,0,1
790870164686401536,1,0,1
790893168795512832,1,0,1
790906505230942208,1,0,1
790965187041984512,1,0,1
791031616080637956,1,0,1
791089011125325824,1,1,2
791090022720020480,1,0,1
791094056805740545,1,0,1
791235803477315584,1,0,1
791273356746117120,1,0,1
791303140792496128,1,0,1
791346624672989184,1,0,1
791359867126681600,1,0,1
791363668713824256,1,0,1
791365039320027136,1,0,1
791423706555756546,1,0,1
791426423613452290,1,0,1
791533694859284480,1,3,4
791534437053952000,1,0,1
791693360322875392,1,0,1
791747503087497220,1,0,1
791762335056662528,1,0,1
791768681340547072,1,1,2
791795500785733633,1,0,1
791899965111037952,1,0,1
791967508840472576,1,0,1
791974501533745153,1,0,1
792026278912266240,1,0,1
792040535590576128,1,0,1
792116738120945664,1,0,1
792121371191021568,1,0,1
792166281076207616,1,0,1
792179771174027265,1,0,1
792219675220258816,1,1,2
792233925586202624,1,0,1
792420746656149504,1,0,1
792426420207247360,1,0,1
792473547667046406,1,0,1
792544714532720640,1,2,3
792602326938726400,1,0,1
792629010811461632,1,0,1
792716844633174017,1,0,1
792728371281195010,1,0,1
792772536199213056,1,0,1
792869404027478016,1,0,1
792936808443056129,1,0,1
793060980485787648,1,0,1
793086422706167808,1,0,1
793131049475727360,1,1,2
793148571390476289,1,0,1
793182395713282048,1,1,2
793199499891970048,1,0,1
793265242570620928,1,0,1
793286168880242688,1,0,1
793314652176392192,1,0,1
793486778112077824,1,0,1
793505337588449280,1,0,1
793509338883231744,1,0,1
793533739460661248,1,0,1
793535927964561409,1,0,1
793541116171849728,1,0,1
793569099909562368,1,0,1
793572825693057025,1,0,1
793617099323170819,1,0,1
793688950153945088,1,0,1
793872579937308673,1,0,1
793884513726238720,1,0,1
793897834152091648,1,0,1
793932616164667393,1,0,1
793937209137057792,1,0,1
793941340434341889,1,0,1
793954117173460992,1,1,2
794011658742104064,1,0,1
794025362183188480,1,0,1
794031859214811137,1,0,1
794165389420806144,1,0,1
794191472027435009,1,0,1
794341422174334976,1,0,1
794361607748874241,1,0,1
794528025849331712,1,0,1
794574617667141636,1,0,1
794636118834741249,1,6,7
794641595802992644,1,0,1
794693888942473216,1,0,1
794697598594641920,1,0,1
794720715605995524,1,1,2
794737272721707008,1,0,1
794740608623669248,1,0,1
794750177286332417,1,0,1
794764154947174400,1,0,1
794804180674347008,1,0,1
794915810133311488,1,0,1
794917729862123521,1,0,1
794940109728653312,1,0,1
794944122125713408,1,0,1
795012828499443717,1,0,1
795024687155679233,1,0,1
795033028393373696,1,0,1
795046498962579456,1,0,1
795079441898684416,1,0,1
795125489434263552,1,0,1
795160602435952640,1,0,1
795231942530605056,1,7,8
795289527199928324,1,0,1
795318217325629440,1,0,1
795322203726376960,1,0,1
795332134063996933,1,0,1
795369830580912129,1,0,1
795379879508328448,1,0,1
795399838758113281,1,0,1
795416637881065472,1,0,1
795558687645532160,1,0,1
795618942761009156,1,0,1
795635729502179328,1,0,1
795660689675341824,1,0,1
795679000093982720,1,0,1
795699570873421824,1,0,1
795712609408471040,1,0,1
795712737972289536,1,0,1
795712975420145664,1,0,1
795713146153553924,1,0,1
795713290315952128,1,0,1
795713371207307264,1,0,1
795713380325662720,1,0,1
795713519547219968,1,0,1
795713740452798465,1,0,1
795713836250636288,1,0,1
795713846400942080,1,0,1
795724774492307456,1,0,1
795729659354873857,1,0,1
795767768251592704,1,0,1
795771810658873349,1,0,1
795834130005106688,1,0,1
795859004207427585,1,0,1
795866140207710209,1,0,1
795881746151546880,1,0,1
795915135575621632,1,0,1
795922275128266752,1,0,1
796091330485243904,1,0,1
796136082719047680,1,0,1
796179263154049024,1,0,1
796188323463077888,1,0,1
796201564683661312,1,0,1
796229671092441089,1,0,1
796231864553971712,1,0,1
796248681339121664,1,0,1
796277678496251904,1,0,1
796301681063501824,1,0,1
796314579592708096,1,0,1
796328059725025280,1,0,1
796330378030120960,1,1,2
796338773185495040,1,0,1
796338938466209792,1,0,1
796341487114002432,1,0,1
796365768753414145,1,0,1
796375867811360768,1,0,1
796390264453660674,1,0,1
796393063673368577,1,0,1
796411256060211201,1,0,1
796420709320949761,1,0,1
796424832795705344,1,0,1
796427706770587651,1,0,1
796450526510612480,1,0,1
796459098573328384,1,2,3
796459142558916613,1,0,1
796467817243676672,1,0,1
796494938682916865,1,0,1
796498131064147969,1,0,1
796513731215839232,1,0,1
796516685863931905,1,0,1
796528048854171648,1,16,17
796541730002706432,1,0,1
796547608625971204,1,0,1
796552475809640448,1,0,1
796559451901849600,1,0,1
796561788212940801,1,0,1
796564216077488128,1,0,1
796571281638457345,1,0,1
796572560737574912,1,0,1
796578217587052544,1,0,1
796587681161613314,1,0,1
796589145590235136,1,2,3
796618220518129664,1,0,1
796620290738556928,1,0,1
796627028464324608,1,0,1
796680834308771841,1,1,2
796686727758970880,1,0,1
796689974464827392,1,1,2
796696294475513856,1,0,1
796699904425029632,1,0,1
796705344210763776,1,0,1
796706993620877316,1,0,1
796726812831260672,1,0,1
796741620481855488,1,0,1
796745417895641088,1,1,2
796748266201300992,1,0,1
796751895884926977,1,1,2
796768483996475392,1,1,2
796790352401211393,1,0,1
796793996743966720,1,0,1
796810534637203456,1,0,1
796820576719486976,1,0,1
796821234877104128,1,0,1
796825023210201092,1,0,1
796825125484199937,1,0,1
796839122686119936,1,0,1
796871085656604672,1,0,1
796878193009577984,1,0,1
796883425135382528,1,0,1
796912395692163072,1,0,1
796923117268598784,1,0,1
796932976927981568,1,0,1
796935200982888448,1,0,1
796950920298958848,1,0,1
796963231851954176,1,0,1
796970107687804928,1,2,3
796972147650523137,1,0,1
797045088761196545,1,0,1
797071834609045506,1,0,1
797080682229092353,1,0,1
797081291342479361,1,0,1
797090413131812864,1,0,1
797116420060495872,1,0,1
797162214943838208,1,0,1
797195438038413312,1,0,1
797209334539284480,1,0,1
797221787360776192,1,0,1
797259446065971200,1,0,1
797286757477838848,1,0,1
797303240069185536,1,0,1
797309275655782401,1,0,1
797324559376650241,1,0,1
797434998680850432,1,1,2
797470491137163264,1,0,1
797477646523367424,1,0,1
797482744385191936,1,0,1
797482852040445952,1,1,2
797495359606063104,1,0,1
797512863086678016,1,0,1
797524966866636801,1,0,1
797552756412256256,1,8,9
797590040591343617,1,0,1
797656748530237441,1,0,1
797673656449114112,1,0,1
797779150908047361,1,0,1
797811944652701696,1,0,1
797863607014932480,1,0,1
797873877141557249,1,0,1
797914201368969216,1,0,1
797920957423828992,1,0,1
797931928443883521,1,0,1
797946025495379968,1,0,1
797961953062879233,1,0,1
797967028464320516,1,0,1
797975023134932992,1,0,1
797978878975295488,1,0,1
798015500412448768,1,0,1
798037886180487168,1,0,1
798052364850753536,1,0,1
798066001824849920,1,0,1
798071250157502464,1,0,1
798094772577542144,1,0,1
798161999804952576,1,1,2
798162760454598658,1,0,1
798174316235984896,1,2,3
798178368923516928,1,0,1
798181800308776964,1,0,1
798182763631251456,1,2,3
798241298662780928,1,0,1
798271437794582528,1,0,1
798275504717647876,1,0,1
798318373948030976,1,0,1
798327254816325632,1,0,1
798357581144162304,1,0,1
798369128708972548,1,0,1
798369965254541313,1,0,1
798407159398678530,1,0,1
798509962255331332,1,0,1
798523943737065472,1,0,1
798535676258111488,1,0,1
798552051265441793,1,0,1
798555353445085184,1,0,1
798556481964515329,1,0,1
798563284291121152,1,0,1
798613700651393024,1,5,6
798629861258645504,1,0,1
798631960323260416,1,1,2
798667049094512640,1,0,1
798687486104899584,1,484,485
798959014767972352,1,1,2
798982857385476096,1,0,1
798991191345762304,1,0,1
799015278944260096,1,0,1
799355665596776448,1,1,2
799435033484361730,1,7,8
799437224987262978,1,0,1
799746296022081536,1,6,7
799775040254291968,1,0,1
799804807091515392,1,7,8
799876919470817280,1,0,1
799889427229245440,1,0,1
799915980335955968,1,0,1
800006564958572544,1,5,6
800086892632907776,1,0,1
800133923745370113,1,1,2
800137637117849600,1,0,1
800216005775474688,1,0,1
800455353716461569,1,0,1
800637245598203904,1,0,1
800979128740618240,1,0,1
801073492150128640,1,0,1
801199642318872576,1,0,1
801425492540878848,1,0,1
801433214732607489,1,1,2
801516761405390852,1,0,1
801520570399653891,1,0,1
801841245240717312,1,2,3
801929562024198144,1,0,1
802256478174330880,1,0,1
802291260199407620,1,0,1
802299294254583808,1,0,1
803346887952793600,1,0,1
803378335401279489,1,0,1
803430392690831360,1,0,1
803623162004938752,1,0,1
804421246922276865,1,0,1
804783886739894272,1,0,1
805394207489851392,1,0,1
805630883353006080,1,0,1
805754505665146884,1,1,2
805840859946172416,1,2,3
806167204240781312,1,1,2
806676525168918528,1,0,1
806736426914041856,1,0,1
806749293474234369,1,0,1
806972405696565248,1,0,1
807219178839175169,1,0,1
807255647746039808,1,0,1
807287042451193856,1,0,1
807624192552120320,1,0,1
808779573055913988,1,1,2
809323242942963712,1,0,1
810240752072740864,1,0,1
810328956469710848,1,0,1
810849205694644224,1,0,1
812274023870517248,1,0,1
813637183689158656,1,0,1
815254029739630592,1,0,1
1154,0,2,2
2627,0,1,1
3520,0,1,1
12514,0,18,18
12533,0,1,1
12947,0,4,4
19283,0,1,1
25493,0,2,2
32653,0,2,2
43693,0,1,1
55643,0,1,1
120253,0,1,1
129793,0,4,4
134693,0,1,1
348003,0,2,2
622663,0,2,2
655713,0,1,1
706273,0,4,4
711953,0,3,3
717973,0,10,10
719673,0,1,1
756278,0,21,21
767715,0,1,1
771630,0,4,4
774675,0,5,5
797022,0,1,1
798556,0,4,4
811522,0,1,1
815587,0,2,2
816733,0,1,1
822441,0,4,4
894271,0,2,2
908941,0,1,1
1042921,0,1,1
1044241,0,70,70
1095691,0,11,11
1109551,0,1,1
1218261,0,4,4
1222721,0,4,4
1236101,0,4,4
1240201,0,1,1
1265601,0,3,3
1267751,0,1,1
1294621,0,1,1
1314811,0,5,5
1341681,0,1,1
1393551,0,5,5
1417921,0,3,3
1484341,0,2,2
1539001,0,5,5
1559801,0,2,2
1566291,0,1,1
1616131,0,1,1
1692171,0,2,2
1765671,0,1,1
1772151,0,2,2
1775861,0,1,1
1820921,0,1,1
1954481,0,8,8
2048331,0,6,6
2115511,0,2,2
2150091,0,1,1
2240461,0,7,7
2279401,0,5,5
2389991,0,1,1
2621591,0,1,1
2742161,0,1,1
2757961,0,1,1
2761821,0,4,4
2787271,0,4,4
3000121,0,1,1
3082131,0,4,4
3200131,0,1,1
3224661,0,3,3
3268771,0,1,1
3334091,0,1,1
3359721,0,1,1
3490891,0,4,4
3545721,0,20,20
3552581,0,4,4
3636371,0,8,8
3738091,0,1,1
3826421,0,8,8
4050671,0,3,3
4172111,0,1,1
4221431,0,1,1
4454161,0,1,1
4667511,0,4,4
4765141,0,1,1
4776141,0,1,1
4922631,0,7,7
5286442,0,5,5
5350572,0,3,3
5408512,0,3,3
5415992,0,1,1
5435862,0,1,1
5447242,0,1,1
5451672,0,2,2
5520672,0,5,5
5553912,0,9,9
5568872,0,2,2
5572802,0,2,2
5602932,0,2,2
5637462,0,1,1
5683222,0,1,1
5693942,0,1,1
5736542,0,5,5
5741982,0,2,2
5780202,0,2,2
5850752,0,1,1
5878352,0,1,1
5909412,0,2,2
5911652,0,1,1
5912962,0,3,3
5924642,0,1,1
5936232,0,1,1
5951442,0,6,6
5959952,0,3,3
6079632,0,1,1
6124042,0,1,1
6126032,0,3,3
6149112,0,1,1
6190272,0,4,4
6197622,0,8,8
6215712,0,2,2
6246582,0,2,2
6269532,0,1,1
6272332,0,6,6
6397742,0,4,4
6429082,0,7,7
6445982,0,2,2
6512482,0,3,3
6522872,0,1,1
6548492,0,5,5
6563422,0,1,1
6605832,0,17,17
6704482,0,1,1
6816072,0,1,1
6820802,0,3,3
6848202,0,1,1
6860182,0,5,5
6883122,0,2,2
6977402,0,12,12
6981492,0,3,3
7020132,0,2,2
7078452,0,3,3
7087662,0,1,1
7122762,0,1,1
7135732,0,1,1
7141052,0,1,1
7157722,0,1,1
7206412,0,2,2
7240672,0,1,1
7242522,0,1,1
7355622,0,2,2
7390392,0,1,1
7413852,0,1,1
7426632,0,17,17
7457022,0,2,2
7520342,0,14,14
7564862,0,1,1
7568942,0,2,2
7586552,0,2,2
7603032,0,2,2
7605262,0,3,3
7609922,0,1,1
7664562,0,3,3
7710932,0,1,1
7739282,0,1,1
7872542,0,2,2
7873932,0,1,1
7896902,0,5,5
7918212,0,1,1
7931022,0,34,34
7932082,0,2,2
8030792,0,1,1
8041522,0,1,1
8044342,0,2,2
8054632,0,8,8
8145762,0,1,1
8209622,0,2,2
8215672,0,5,5
8235092,0,1,1
8239692,0,1,1
8242152,0,3,3
8255342,0,2,2
8308532,0,2,2
8346812,0,3,3
8375362,0,4,4
8412332,0,2,2
8453642,0,3,3
8477992,0,2,2
8569872,0,1,1
8573022,0,1,1
8621282,0,1,1
8657172,0,3,3
8660462,0,1,1
8661262,0,2,2
8667312,0,17,17
8765912,0,1,1
8771372,0,1,1
8819762,0,4,4
8922082,0,2,2
8954232,0,4,4
9009702,0,2,2
9112032,0,9,9
9163072,0,3,3
9215822,0,1,1
9247312,0,5,5
9252192,0,9,9
9264302,0,5,5
9272752,0,2,2
9459282,0,1,1
9498462,0,1,1
9637102,0,1,1
9757362,0,5,5
9799232,0,1,1
9808912,0,19,19
9861112,0,1,1
9913772,0,1,1
9921412,0,3,3
10026792,0,2,2
10084802,0,3,3
10162772,0,4,4
10244352,0,1,1
10253742,0,1,1
10258872,0,6,6
10266422,0,1,1
10312552,0,2,2
10353912,0,1,1
10443052,0,1,1
10574772,0,5,5
10583042,0,16,16
10666062,0,3,3
10715752,0,2,2
10716522,0,6,6
10728802,0,16,16
10790572,0,1,1
10825422,0,19,19
11008752,0,1,1
11055732,0,3,3
11078752,0,1,1
11135942,0,1,1
11231232,0,6,6
11282612,0,18,18
11287362,0,1,1
11346402,0,3,3
11351782,0,1,1
11369392,0,1,1
11371232,0,2,2
11408462,0,4,4
11432052,0,6,6
11486902,0,1,1
11589192,0,3,3
11681482,0,2,2
11686382,0,6,6
11738422,0,1,1
11820822,0,1,1
11938612,0,1,1
11943302,0,20,20
11970082,0,9,9
11990462,0,1,1
12018512,0,4,4
12022872,0,1,1
12043962,0,1,1
12076002,0,3,3
12086482,0,1,1
12133282,0,1,1
12184812,0,2,2
12204772,0,7,7
12300492,0,1,1
12304052,0,1,1
12304792,0,1,1
12307662,0,2,2
12362582,0,2,2
12364172,0,3,3
12372812,0,2,2
12373992,0,1,1
12461412,0,2,2
12474492,0,1,1
12480192,0,2,2
12565522,0,2,2
12567452,0,2,2
12603522,0,1,1
12610912,0,2,2
12638952,0,2,2
12748182,0,7,7
12768112,0,7,7
12774572,0,22,22
12889162,0,2,2
12922452,0,2,2
12967512,0,1,1
12972232,0,1,1
13001322,0,1,1
13018052,0,6,6
13067732,0,2,2
13104842,0,6,6
13136752,0,1,1
13138912,0,1,1
13145012,0,2,2
13165682,0,1,1
13261132,0,2,2
13302452,0,6,6
13330692,0,1,1
13357322,0,3,3
13375622,0,4,4
13441812,0,2,2
13442022,0,1,1
13450272,0,2,2
13459122,0,4,4
13485332,0,2,2
13501922,0,2,2
13560922,0,8,8
13602422,0,8,8
13668082,0,1,1
13749502,0,38,38
13785352,0,25,25
13820672,0,3,3
13854792,0,5,5
13911372,0,1,1
14007912,0,1,1
14054438,0,1,1
14059249,0,1,1
14062169,0,1,1
14062535,0,5,5
14063769,0,27,27
14064086,0,1,1
14067054,0,1,1
14070675,0,2,2
14082141,0,4,4
14090277,0,2,2
14091369,0,3,3
14092654,0,1,1
14096717,0,10,10
14103806,0,1,1
14105981,0,4,4
14124590,0,1,1
14124881,0,1,1
14127070,0,11,11
14129450,0,1,1
14132699,0,1,1
14135230,0,1,1
14136335,0,4,4
14139534,0,1,1
14140265,0,1,1
14142419,0,5,5
14146966,0,143,143
14156277,0,1,1
14157968,0,2,2
14163058,0,1,1
14164991,0,1,1
14166917,0,6,6
14167618,0,6,6
14173930,0,9,9
14176150,0,2,2
14177162,0,1,1
14177433,0,5,5
14190794,0,1,1
14192531,0,2,2
14196068,0,18,18
14197463,0,1,1
14199942,0,2,2
14202804,0,3,3
14203427,0,6,6
14203637,0,1,1
14209777,0,2,2
14211838,0,2,2
14216617,0,7,7
14219176,0,1,1
14222552,0,4,4
14226464,0,3,3
14226811,0,3,3
14241022,0,6,6
14244162,0,2,2
14246502,0,1,1
14251990,0,1,1
14254208,0,2,2
14257677,0,2,2
14266396,0,2,2
14271500,0,1,1
14275203,0,1,1
14275729,0,1,1
14277865,0,1,1
14284130,0,2,2
14284723,0,3,3
14294293,0,1,1
14294848,0,1147,1147
14312759,0,4,4
14319764,0,1,1
14337341,0,1,1
14338267,0,2,2
14340742,0,1,1
14353697,0,1,1
14353787,0,2,2
14354569,0,2,2
14357472,0,1,1
14359162,0,1,1
14361533,0,4,4
14363793,0,2,2
14364134,0,1,1
14364163,0,1,1
14364646,0,1,1
14367269,0,4,4
14372665,0,2,2
14378614,0,1,1
14380462,0,1,1
14385895,0,3,3
14401607,0,7,7
14412101,0,9,9
14413007,0,1,1
14413110,0,1,1
14413373,0,1,1
14413374,0,1,1
14424995,0,5,5
14430551,0,3,3
14432550,0,1,1
14434699,0,2,2
14434952,0,3,3
14437425,0,1,1
14442153,0,1,1
14444188,0,3,3
14454893,0,1,1
14457638,0,22,22
14477557,0,1,1
14483402,0,6,6
14494263,0,1,1
14498286,0,2,2
14502280,0,2,2
14512493,0,4,4
14515169,0,1,1
14515580,0,2,2
14518376,0,1,1
14527940,0,2,2
14532006,0,1,1
14532728,0,2,2
14533429,0,3,3
14535172,0,3,3
14536406,0,1,1
14536559,0,2,2
14537575,0,1,1
14540264,0,2,2
14545283,0,1,1
14548392,0,4,4
14550673,0,1,1
14562916,0,1,1
14576281,0,1,1
14576932,0,2,2
14577628,0,3,3
14577645,0,2,2
14594657,0,2,2
14597509,0,4,4
14600921,0,3,3
14630261,0,8,8
14631660,0,2,2
14632996,0,1,1
14633560,0,1,1
14641579,0,2,2
14642078,0,2,2
14643778,0,4,4
14667498,0,1,1
14677807,0,1,1
14687553,0,2,2
14696212,0,1,1
14698710,0,1,1
14713723,0,4,4
14715981,0,1,1
14726144,0,1,1
14727193,0,17,17
14731218,0,4,4
14734218,0,1,1
14735482,0,1,1
14736934,0,3,3
14737210,0,163,163
14744851,0,1,1
14745488,0,12,12
14747430,0,2,2
14752366,0,1,1
14759359,0,1,1
14767983,0,4,4
14771078,0,13,13
14777181,0,1,1
14779015,0,1,1
14779228,0,1,1
14779774,0,1,1
14779855,0,8,8
14780308,0,4,4
14782450,0,1,1
14786204,0,1,1
14793105,0,2,2
14797016,0,1,1
14798852,0,22,22
14800312,0,8,8
14808144,0,2,2
14812183,0,1,1
14826248,0,3,3
14831475,0,1,1
14836443,0,1,1
14836648,0,5,5
14843424,0,4,4
14848021,0,1,1
14850319,0,4,4
14853625,0,1,1
14861368,0,1,1
14864641,0,1,1
14883641,0,5,5
14885481,0,1,1
14904968,0,1,1
14908490,0,27,27
14908637,0,1,1
14913623,0,1,1
14916321,0,1,1
14922813,0,1,1
14923996,0,1,1
14924044,0,3,3
14927208,0,1,1
14941764,0,1,1
14951755,0,1,1
14952378,0,1,1
14977335,0,1,1
14982093,0,1,1
14996384,0,1,1
15000228,0,1,1
15010239,0,1,1
15019814,0,1,1
15037555,0,1,1
15039130,0,1,1
15043619,0,2,2
15048846,0,1,1
15051905,0,1,1
15054012,0,1,1
15059180,0,1,1
15061294,0,1,1
15062467,0,3,3
15064663,0,1,1
15067211,0,4,4
15068512,0,3,3
15071017,0,1,1
15074141,0,4,4
15081378,0,5,5
15082486,0,1,1
15084286,0,3,3
15086730,0,5,5
15088214,0,2,2
15094171,0,1,1
15098105,0,5,5
15101424,0,3,3
15103460,0,5,5
15104107,0,13,13
15116888,0,1,1
15121463,0,1,1
15126793,0,1,1
15131462,0,12,12
15138607,0,8,8
15140372,0,2,2
15141865,0,1,1
15153064,0,1,1
15154712,0,1,1
15155752,0,6,6
15161294,0,2,2
15162493,0,2,2
15168946,0,9,9
15169391,0,1,1
15177474,0,11,11
15180382,0,1,1
15182141,0,1,1
15191572,0,1,1
15192732,0,7,7
15199980,0,3,3
15201059,0,4,4
15210554,0,2,2
15211288,0,1,1
15212953,0,11,11
15222569,0,1,1
15232173,0,1,1
15243196,0,8,8
15262886,0,1,1
15268490,0,18,18
15275729,0,19,19
15281879,0,4,4
15298147,0,2,2
15300992,0,2,2
15301830,0,4,4
15328004,0,1,1
15333754,0,1,1
15335778,0,2,2
15335820,0,1,1
15346979,0,3,3
15349954,0,1,1
15361043,0,4,4
15362483,0,2,2
15369008,0,1,1
15370591,0,1,1
15372898,0,1,1
15382292,0,1,1
15382673,0,1,1
15389230,0,2,2
15399171,0,5,5
15400712,0,19,19
15404472,0,11,11
15429432,0,2,2
15441546,0,13,13
15443339,0,6,6
15447076,0,1,1
15448357,0,1,1
15448704,0,1,1
15451089,0,4,4
15468855,0,1,1
15480873,0,1,1
15481845,0,1,1
15483296,0,1,1
15483382,0,2,2
15488968,0,1,1
15489849,0,2,2
15496491,0,5,5
15520948,0,5,5
15526216,0,4,4
15536160,0,1,1
15536472,0,8,8
15561173,0,2,2
15564253,0,5,5
15584619,0,2,2
15585106,0,1,1
15588925,0,3,3
15593519,0,40,40
15600257,0,10,10
15600814,0,1,1
15604930,0,8,8
15613005,0,2,2
15615817,0,2,2
15623425,0,6,6
15642256,0,1,1
15651446,0,1,1
15653402,0,16,16
15656492,0,1,1
15657077,0,1,1
15657734,0,1,1
15658929,0,1,1
15664532,0,3,3
15668001,0,14,14
15669312,0,1,1
15669888,0,1,1
15670824,0,3,3
15672615,0,1,1
15680815,0,3,3
15682811,0,2,2
15684633,0,3,3
15685201,0,20,20
15693162,0,1,1
15693345,0,14,14
15702804,0,1,1
15704847,0,9,9
15704971,0,2,2
15709450,0,9,9
15710384,0,10,10
15712817,0,1,1
15717232,0,8,8
15726214,0,1,1
15755160,0,1,1
15764747,0,1,1
15767534,0,1,1
15772949,0,2,2
15774669,0,3,3
15786332,0,41,41
15789748,0,1,1
15801149,0,9,9
15804065,0,1,1
15806521,0,1,1
15818705,0,3,3
15824708,0,24,24
15828724,0,4,4
15831495,0,1,1
15832457,0,4,4
15840102,0,18,18
15842543,0,3,3
15851563,0,1,1
15852623,0,3,3
15854177,0,15,15
15860156,0,4,4
15862440,0,4,4
15867263,0,3,3
15870246,0,2,2
15871367,0,1,1
15871900,0,11,11
15893507,0,8,8
15898156,0,3,3
15913671,0,1,1
15917909,0,1,1
15922995,0,3,3
15926388,0,2,2
15931066,0,1,1
15931982,0,1,1
15935709,0,1,1
15936205,0,3,3
15948244,0,1,1
15957671,0,3,3
15971588,0,1,1
15972469,0,4,4
15974145,0,1,1
15974600,0,30,30
15975098,0,1,1
15976705,0,12,12
15984561,0,2,2
15988033,0,1,1
15988175,0,1,1
15988487,0,1,1
15988705,0,22,22
15990777,0,6,6
15992943,0,2,2
15993514,0,3,3
15999884,0,5,5
16008571,0,2,2
16024323,0,3,3
16026053,0,73,73
16029178,0,6,6
16035493,0,2,2
16042418,0,2,2
16043843,0,1,1
16045547,0,13,13
16045836,0,2,2
16046979,0,50,50
16058428,0,2,2
16071811,0,15,15
16072058,0,1,1
16073416,0,1,1
16073422,0,2,2
16085441,0,2,2
16085530,0,1,1
16101759,0,8,8
16103642,0,2,2
16104496,0,18,18
16105676,0,1,1
16108005,0,1,1
16108378,0,3,3
16112478,0,69,69
16115105,0,1,1
16116232,0,1,1
16127457,0,1,1
16129360,0,6,6
16134228,0,27,27
16135651,0,1,1
16139470,0,4,4
16153351,0,6,6
16158531,0,1,1
16162970,0,3,3
16164636,0,6,6
16166177,0,1,1
16172866,0,21,21
16176403,0,1,1
16177703,0,4,4
16181037,0,1,1
16189761,0,4,4
16196720,0,3,3
16218167,0,9,9
16224784,0,2,2
16226910,0,7,7
16238605,0,1,1
16246715,0,1,1
16248409,0,5,5
16256668,0,2,2
16257715,0,31,31
16262497,0,1,1
16267552,0,3,3
16272686,0,1,1
16274894,0,17,17
16277225,0,1,1
16279406,0,2,2
16281124,0,3,3
16284750,0,3,3
16296900,0,1,1
16299754,0,5,5
16300538,0,1,1
16301430,0,5,5
16306076,0,1,1
16317580,0,22,22
16317780,0,1,1
16318187,0,1,1
16324499,0,1,1
16326882,0,8,8
16329220,0,1,1
16343134,0,6,6
16350151,0,1,1
16351528,0,1,1
16357664,0,1,1
16360722,0,1,1
16372153,0,1,1
16379932,0,1,1
16383245,0,4,4
16387184,0,5,5
16387605,0,18,18
16388972,0,19,19
16393123,0,1,1
16398559,0,9,9
16403904,0,3,3
16406849,0,1,1
16407824,0,1,1
16407873,0,2,2
16408973,0,2,2
16411223,0,1,1
16418785,0,1,1
16422635,0,2,2
16428166,0,9,9
16436911,0,1,1
16442690,0,2,2
16444936,0,1,1
16446204,0,6,6
16446875,0,1,1
16456789,0,2,2
16458680,0,1,1
16467568,0,1,1
16480335,0,1,1
16486304,0,10,10
16493622,0,2,2
16493714,0,4,4
16499965,0,1,1
16500498,0,13,13
16500801,0,3,3
16511033,0,1,1
16516106,0,1,1
16517141,0,7,7
16518111,0,8,8
16522300,0,1,1
16527825,0,2,2
16531592,0,20,20
16545146,0,5,5
16545526,0,2,2
16548412,0,1,1
16552733,0,2,2
16552862,0,4,4
16564534,0,2,2
16568230,0,2,2
16585645,0,4,4
16590913,0,2,2
16592421,0,5,5
16594832,0,1,1
16594936,0,1,1
16600579,0,1,1
16608508,0,3,3
16609875,0,2,2
16621285,0,4,4
16621829,0,17,17
16623291,0,1,1
16631134,0,1,1
16638708,0,2,2
16641448,0,2,2
16641510,0,1,1
16645064,0,6,6
16651282,0,2,2
16652414,0,1,1
16654758,0,1,1
16669299,0,1,1
16681143,0,1,1
16690213,0,1,1
16694665,0,4,4
16695632,0,10,10
16696478,0,3,3
16698448,0,2,2
16700601,0,46,46
16702815,0,1,1
16723838,0,1,1
16730467,0,1,1
16731449,0,2,2
16742020,0,3,3
16747675,0,2,2
16772586,0,4,4
16782243,0,4,4
16783707,0,2,2
16795235,0,3,3
16797779,0,4,4
16798412,0,1,1
16808582,0,1,1
16818965,0,3,3
16826029,0,2,2
16827757,0,2,2
16837376,0,4,4
16860343,0,10,10
16870891,0,89,89
16879752,0,1,1
16882774,0,132,132
16887543,0,5,5
16888821,0,3,3
16898046,0,1,1
16898232,0,1,1
16899735,0,2,2
16901470,0,1,1
16911853,0,7,7
16915480,0,3,3
16916764,0,1,1
16917299,0,1,1
16919992,0,1,1
16921534,0,2,2
16933936,0,1,1
16940194,0,47,47
16942185,0,5,5
16943041,0,1,1
16946023,0,1,1
16954430,0,5,5
16954577,0,1,1
16955809,0,4,4
16956786,0,1,1
16960335,0,2,2
16963256,0,3,3
16964523,0,1,1
16967028,0,3,3
16972577,0,10,10
16976954,0,3,3
16993698,0,5,5
16996707,0,4,4
16996952,0,2,2
17006674,0,1,1
17021209,0,8,8
17021779,0,5,5
17024593,0,19,19
17033353,0,2,2
17047635,0,1,1
17056285,0,3,3
17057314,0,1,1
17060351,0,2,2
17064545,0,2,2
17066022,0,33,33
17069700,0,2,2
17077317,0,25,25
17079056,0,3,3
17093954,0,7,7
17094596,0,5,5
17104929,0,1,1
17107811,0,11,11
17125426,0,3,3
17136658,0,1,1
17145005,0,3,3
17145512,0,3,3
17146379,0,1,1
17150693,0,5,5
17155731,0,2,2
17164604,0,1,1
17181934,0,1,1
17183749,0,1,1
17187546,0,1,1
17187702,0,1,1
17212842,0,16,16
17216590,0,1,1
17219137,0,6,6
17222116,0,9,9
17222670,0,2,2
17225504,0,3,3
17245079,0,1,1
17265276,0,3,3
17272545,0,1,1
17279558,0,3,3
17295345,0,3,3
17298000,0,1,1
17301682,0,1,1
17301824,0,2,2
17322462,0,2,2
17322849,0,2,2
17326469,0,12,12
17331288,0,2,2
17351954,0,1,1
17354375,0,10,10
17357399,0,1,1
17358211,0,1,1
17358504,0,6,6
17369056,0,1,1
17379899,0,2,2
17392027,0,3,3
17406770,0,1,1
17410007,0,3,3
17412776,0,1,1
17415870,0,2,2
17417121,0,2,2
17429575,0,1,1
17434239,0,1,1
17437733,0,28,28
17448977,0,9,9
17451816,0,2,2
17464064,0,3,3
17471200,0,3,3
17471255,0,2,2
17471358,0,5,5
17476186,0,2,2
17476292,0,3,3
17477711,0,1,1
17479016,0,2,2
17486981,0,6,6
17489611,0,1,1
17498887,0,1,1
17511527,0,1,1
17529824,0,1,1
17546894,0,3,3
17547104,0,5,5
17547817,0,2,2
17550256,0,1,1
17551110,0,2,2
17559700,0,3,3
17567559,0,5,5
17570089,0,3,3
17576619,0,1,1
17580293,0,12,12
17581224,0,1,1
17585017,0,5,5
17586187,0,8,8
17595353,0,3,3
17603784,0,1,1
17607478,0,1,1
17643027,0,6,6
17643615,0,3,3
17645756,0,3,3
17653443,0,1,1
17654192,0,1,1
17666172,0,3,3
17682161,0,2,2
17683586,0,2,2
17691862,0,25,25
17698652,0,6,6
17705915,0,39,39
17709860,0,3,3
17714057,0,25,25
17716516,0,9,9
17730034,0,3,3
17738959,0,1,1
17746708,0,8,8
17747275,0,3,3
17747638,0,4,4
17753226,0,2,2
17757963,0,1,1
17762837,0,1,1
17778644,0,1,1
17782470,0,2,2
17786474,0,1,1
17793844,0,1,1
17794605,0,6,6
17805235,0,2,2
17816685,0,1,1
17820749,0,2,2
17823045,0,5,5
17839239,0,2,2
17845127,0,3,3
17847086,0,1,1
17856218,0,1,1
17872710,0,11,11
17877087,0,8,8
17882795,0,2,2
17895693,0,3,3
17896879,0,3,3
17897389,0,1,1
17905715,0,4,4
17909561,0,2,2
17911080,0,1,1
17916089,0,3,3
17921607,0,10,10
17923196,0,12,12
17929068,0,1,1
17933431,0,3,3
17944931,0,6,6
17951850,0,1,1
17968687,0,1,1
17977092,0,6,6
17978248,0,1,1
17978304,0,3,3
17978963,0,1,1
17979805,0,6,6
17981338,0,1,1
17986456,0,3,3
17987594,0,1,1
17988708,0,1,1
17991281,0,3,3
18010447,0,4,4
18015608,0,2,2
18032006,0,6,6
18032040,0,1,1
18051101,0,1,1
18057356,0,2,2
18058741,0,44,44
18064055,0,7,7
18072205,0,1,1
18074499,0,1,1
18086313,0,2,2
18086368,0,7,7
18093282,0,1,1
18100519,0,2,2
18119359,0,2,2
18121810,0,2,2
18134063,0,15,15
18140708,0,1,1
18144861,0,6,6
18145324,0,5,5
18156005,0,4,4
18175907,0,4,4
18184450,0,1,1
18195357,0,1,1
18200512,0,3,3
18211782,0,2,2
18232521,0,1,1
18238450,0,1,1
18258820,0,1,1
18260467,0,1,1
18261889,0,1,1
18264935,0,1,1
18274456,0,1,1
18280401,0,2,2
18285561,0,1,1
18286717,0,4,4
18288336,0,2,2
18293377,0,2,2
18302115,0,4,4
18324711,0,4,4
18328726,0,4,4
18342009,0,12,12
18363543,0,2,2
18364588,0,2,2
18367959,0,2,2
18375563,0,2,2
18378334,0,2,2
18387024,0,1,1
18397335,0,1,1
18409794,0,1,1
18429289,0,10,10
18430758,0,2,2
18436057,0,4,4
18436213,0,1,1
18437183,0,1,1
18451956,0,2,2
18452876,0,1,1
18462371,0,1,1
18472143,0,1,1
18472161,0,2,2
18476076,0,1,1
18479943,0,1,1
18484341,0,11,11
18487586,0,6,6
18489365,0,2,2
18489766,0,6,6
18495044,0,2,2
18507650,0,1,1
18511698,0,3,3
18519992,0,2,2
18533091,0,1,1
18539075,0,1,1
18559922,0,1,1
18560780,0,1,1
18566028,0,1,1
18566285,0,22,22
18573072,0,1,1
18583721,0,2,2
18584536,0,1,1
18587888,0,1,1
18597764,0,11,11
18598852,0,3,3
18600956,0,5,5
18616364,0,8,8
18641574,0,1,1
18646159,0,4,4
18649426,0,3,3
18661836,0,3,3
18674990,0,1,1
18676858,0,1,1
18684996,0,1,1
18702315,0,4,4
18705448,0,1,1
18710547,0,1,1
18714488,0,2,2
18727419,0,1,1
18732909,0,1,1
18735583,0,3,3
18740848,0,1,1
18745020,0,6,6
18746292,0,3,3
18754460,0,5,5
18779734,0,1,1
18787852,0,1,1
18789008,0,3,3
18789578,0,4,4
18791240,0,1,1
18810115,0,1,1
18817507,0,15,15
18822640,0,1,1
18839352,0,1,1
18841910,0,2,2
18849048,0,2,2
18849553,0,5,5
18864012,0,1,1
18880594,0,4,4
18892523,0,32,32
18894052,0,1,1
18899271,0,3,3
18903971,0,18,18
18909572,0,1,1
18928273,0,3,3
18950476,0,3,3
18956189,0,1,1
18964036,0,6,6
18992844,0,1,1
19007610,0,1,1
19007986,0,1,1
19013775,0,2,2
19034924,0,6,6
19045427,0,2,2
19055089,0,1,1
19071113,0,10,10
19084347,0,8,8
19086456,0,3,3
19087575,0,5,5
19108380,0,1,1
19109201,0,10,10
19114548,0,2,2
19122063,0,2,2
19125212,0,30,30
19138876,0,1,1
19140661,0,7,7
19140677,0,3,3
19150001,0,1,1
19177530,0,1,1
19178087,0,1,1
19178835,0,10,10
19183720,0,1,1
19199709,0,1,1
19203328,0,1,1
19211292,0,1,1
19237315,0,1,1
19238203,0,1,1
19258527,0,3,3
19258731,0,2,2
19261510,0,2,2
19264353,0,1,1
19286762,0,6,6
19300729,0,15,15
19308741,0,3,3
19319085,0,15,15
19319700,0,1,1
19329149,0,7,7
19351219,0,1,1
19351731,0,1,1
19360844,0,19,19
19376273,0,2,2
19386685,0,2,2
19405138,0,2,2
19409079,0,3,3
19412782,0,5,5
19415027,0,4,4
19415237,0,1,1
19417982,0,4,4
19422480,0,9,9
19423611,0,7,7
19430190,0,1,1
19445298,0,1,1
19448259,0,1,1
19460606,0,27,27
19473367,0,13,13
19486154,0,1,1
19488345,0,1,1
19505302,0,3,3
19510817,0,1,1
19524093,0,1,1
19529210,0,2,2
19543924,0,2,2
19563661,0,3,3
19578265,0,1,1
19578518,0,3,3
19582160,0,1,1
19591851,0,1,1
19594449,0,6,6
19600791,0,3,3
19624523,0,1,1
19640038,0,4,4
19641368,0,1,1
19644351,0,1,1
19655963,0,1,1
19657809,0,12,12
19658252,0,2,2
19674749,0,1,1
19675718,0,5,5
19678822,0,2,2
19682036,0,19,19
19682866,0,9,9
19690054,0,1,1
19694970,0,1,1
19697026,0,3,3
19697117,0,2,2
19720427,0,3,3
19729649,0,1,1
19736842,0,1,1
19740455,0,1,1
19745636,0,1,1
19767495,0,1,1
19781066,0,10,10
19790320,0,4,4
19791829,0,10,10
19802062,0,1,1
19806605,0,2,2
19815846,0,15,15
19821359,0,2,2
19833918,0,2,2
19845761,0,9,9
19847765,0,11,11
19847968,0,1,1
19848158,0,5,5
19855432,0,2,2
19865053,0,59,59
19866276,0,3,3
19870490,0,10,10
19875354,0,2,2
19876355,0,6,6
19887558,0,2,2
19895033,0,10,10
19899325,0,10,10
19915594,0,8,8
19926039,0,1,1
19929749,0,1,1
19936626,0,1,1
19940669,0,1,1
19947333,0,1,1
19953159,0,2,2
19955369,0,1,1
19956297,0,1,1
19958280,0,1,1
19979201,0,1,1
19979607,0,1,1
19979730,0,13,13
19996935,0,2,2
19999245,0,1,1
19999291,0,1,1
20005332,0,6,6
20032587,0,2,2
20066561,0,3,3
20069281,0,2,2
20080350,0,1,1
20110507,0,3,3
20141029,0,3,3
20166813,0,1,1
20167716,0,7,7
20189273,0,2,2
20202524,0,1,1
20203932,0,2,2
20215876,0,2,2
20219709,0,3,3
20233071,0,4,4
20245484,0,1,1
20250199,0,1,1
20251162,0,9,9
20255778,0,2,2
20272379,0,5,5
20289620,0,1,1
20289960,0,15,15
20333840,0,2,2
20346756,0,1,1
20352354,0,4,4
20377866,0,2,2
20386888,0,34,34
20387772,0,6,6
20409372,0,4,4
20410387,0,1,1
20439615,0,14,14
20440597,0,7,7
20463683,0,3,3
20464191,0,1,1
20471141,0,1,1
20477268,0,1,1
20478516,0,13,13
20479405,0,9,9
20485632,0,2,2
20485757,0,5,5
20491536,0,4,4
20495355,0,1,1
20515615,0,1,1
20516951,0,4,4
20518207,0,5,5
20523212,0,1,1
20524840,0,1,1
20530685,0,1,1
20531877,0,1,1
20536785,0,1,1
20548072,0,1,1
20550804,0,8,8
20552970,0,3,3
20560162,0,169,169
20571597,0,2,2
20574041,0,1,1
20601430,0,3,3
20610385,0,2,2
20620902,0,1,1
20630099,0,2,2
20637408,0,1,1
20640337,0,3,3
20649037,0,8,8
20654459,0,3,3
20655220,0,5,5
20661344,0,1,1
20661576,0,1,1
20679740,0,2,2
20699291,0,8,8
20701760,0,35,35
20718840,0,1,1
20721841,0,1,1
20723132,0,2,2
20729667,0,11,11
20739857,0,2,2
20770869,0,1,1
20774201,0,9,9
20792894,0,1,1
20793020,0,11,11
20793542,0,1,1
20795689,0,1,1
20815437,0,1,1
20828625,0,20,20
20830019,0,27,27
20836305,0,8,8
20845686,0,1,1
20850684,0,1,1
20850965,0,37,37
20879936,0,11,11
20882602,0,1,1
20897174,0,1,1
20902305,0,2,2
20926151,0,3,3
20946303,0,31,31
20947178,0,1,1
20954165,0,1,1
20963966,0,27,27
20965593,0,2,2
20969633,0,1,1
21003892,0,2,2
21013730,0,1,1
21020683,0,2,2
21028990,0,1,1
21031657,0,1,1
21032212,0,1,1
21032360,0,1,1
21041547,0,1,1
21053529,0,1,1
21054246,0,1,1
21087916,0,7,7
21095241,0,3,3
21123706,0,1,1
21132805,0,3,3
21135396,0,1,1
21135629,0,1,1
21145221,0,1,1
21147725,0,1,1
21156421,0,2,2
21163227,0,6,6
21166533,0,1,1
21166905,0,1,1
21188943,0,1,1
21192204,0,1,1
21198263,0,2,2
21205716,0,4,4
21218783,0,43,43
21240584,0,2,2
21247171,0,1,1
21260922,0,1,1
21264846,0,3,3
21268856,0,7,7
21297925,0,4,4
21349738,0,1,1
21351834,0,1,1
21376193,0,1,1
21377758,0,1,1
21381136,0,3,3
21383663,0,1,1
21404454,0,1,1
21408103,0,1,1
21420450,0,1,1
21422521,0,1,1
21428509,0,1,1
21461995,0,29,29
21462959,0,4,4
21463697,0,2,2
21465819,0,4,4
21484638,0,1,1
21491300,0,1,1
21515971,0,1,1
21519438,0,17,17
21540776,0,19,19
21567782,0,2,2
21573120,0,2,2
21577419,0,1,1
21590456,0,5,5
21600723,0,1,1
21632846,0,8,8
21669322,0,1,1
21681156,0,3,3
21683337,0,5,5
21685299,0,2,2
21700732,0,11,11
21700839,0,1,1
21703422,0,1,1
21706972,0,3,3
21710115,0,2,2
21719250,0,8,8
21721475,0,12,12
21723927,0,5,5
21735705,0,1,1
21750185,0,6,6
21751985,0,2,2
21765531,0,1,1
21768766,0,2,2
21771814,0,1,1
21792720,0,1,1
21795125,0,2,2
21815953,0,2,2
21818146,0,12,12
21838500,0,1,1
21844323,0,1,1
21844523,0,1,1
21868440,0,1,1
21876034,0,19,19
21878026,0,8,8
21878140,0,1,1
21888595,0,5,5
21889384,0,1,1
21892048,0,23,23
21898197,0,3,3
21907044,0,1,1
21920803,0,5,5
21926404,0,1,1
21934122,0,4,4
21934966,0,2,2
21937574,0,1,1
21956112,0,5,5
21958478,0,21,21
21958972,0,1,1
21968079,0,1,1
21980816,0,65,65
21990440,0,4,4
22006170,0,2,2
22023880,0,1,1
22029715,0,2,2
22042824,0,2,2
22055322,0,1,1
22059063,0,1,1
22065467,0,1,1
22072382,0,4,4
22074782,0,1,1
22096467,0,16,16
22098556,0,2,2
22111035,0,1,1
22113969,0,7,7
22131945,0,11,11
22156208,0,1,1
22170210,0,1,1
22177694,0,2,2
22181755,0,14,14
22186925,0,1,1
22202816,0,5,5
22208495,0,3,3
22213551,0,1,1
22226817,0,1,1
22232391,0,4,4
22270402,0,3,3
22281305,0,1,1
22299050,0,2,2
22299898,0,2,2
22300778,0,1,1
22303691,0,2,2
22304344,0,1,1
22313881,0,3,3
22366465,0,16,16
22376117,0,4,4
22379289,0,5,5
22384448,0,2,2
22417275,0,2,2
22437730,0,1,1
22437905,0,1,1
22461621,0,1,1
22497066,0,14,14
22499614,0,4,4
22511812,0,4,4
22513204,0,1,1
22518663,0,1,1
22521136,0,1,1
22525974,0,4,4
22526086,0,5,5
22541321,0,1,1
22542085,0,1,1
22545905,0,5,5
22547173,0,50,50
22552031,0,3,3
22559832,0,2,2
22576889,0,1,1
22581293,0,3,3
22581352,0,1,1
22589807,0,4,4
22630531,0,1,1
22631720,0,4,4
22640893,0,1,1
22641668,0,2,2
22650398,0,2,2
22694600,0,1,1
22698681,0,13,13
22701077,0,11,11
22705346,0,2,2
22707022,0,1,1
22722437,0,1,1
22735631,0,1,1
22738185,0,4,4
22744842,0,2,2
22749718,0,5,5
22750239,0,1,1
22751215,0,3,3
22769313,0,1,1
22795440,0,3,3
22795531,0,1,1
22812113,0,3,3
22820415,0,1,1
22844276,0,1,1
22859238,0,2,2
22861044,0,5,5
22862454,0,3,3
22866294,0,219,219
22866506,0,5,5
22881265,0,2,2
22903607,0,1,1
22903692,0,5,5
22908753,0,5,5
22913404,0,1,1
22936611,0,2,2
22959044,0,7,7
22961612,0,1,1
22970630,0,34,34
22981298,0,7,7
22981314,0,1,1
22981339,0,6,6
22991479,0,1,1
23014499,0,1,1
23037314,0,1,1
23037715,0,3,3
23049163,0,1,1
23059262,0,17,17
23069037,0,1,1
23091937,0,5,5
23105491,0,1,1
23128483,0,1,1
23146370,0,13,13
23156165,0,4,4
23166443,0,1,1
23170745,0,17,17
23170897,0,1,1
23172197,0,4,4
23177505,0,3,3
23186390,0,3,3
23202193,0,9,9
23224588,0,20,20
23241717,0,8,8
23245909,0,6,6
23285586,0,4,4
23286440,0,1,1
23313324,0,1,1
23330304,0,6,6
23352131,0,1,1
23353857,0,8,8
23359843,0,2,2
23366391,0,1,1
23398898,0,39,39
23431675,0,1,1
23438841,0,5,5
23442490,0,2,2
23461156,0,2,2
23462386,0,1,1
23489056,0,1,1
23492179,0,1,1
23492435,0,1,1
23515090,0,21,21
23527142,0,5,5
23534104,0,9,9
23555705,0,1,1
23568317,0,1,1
23588705,0,1,1
23590450,0,3,3
23596707,0,1,1
23605220,0,1,1
23619639,0,6,6
23621187,0,6,6
23623740,0,1,1
23637934,0,1,1
23648196,0,1,1
23669141,0,1,1
23710518,0,10,10
23730438,0,16,16
23748517,0,1,1
23750329,0,1,1
23755637,0,10,10
23765635,0,1,1
23788555,0,2,2
23791816,0,1,1
23809346,0,10,10
23832075,0,1,1
23832539,0,1,1
23845232,0,1,1
23846845,0,3,3
23866108,0,3,3
23866483,0,1,1
23873268,0,22,22
23880482,0,6,6
23885879,0,2,2
23888634,0,18,18
23903712,0,1,1
23912322,0,2,2
23947136,0,1,1
23948464,0,1,1
23963470,0,57,57
23964907,0,2,2
23966894,0,27,27
23993507,0,1,1
24045916,0,2,2
24085266,0,2,2
24194209,0,3,3
24199104,0,1,1
24203273,0,1,1
24223162,0,3,3
24223299,0,1,1
24237231,0,1,1
24242626,0,1,1
24249547,0,8,8
24258888,0,2,2
24297313,0,1,1
24307391,0,2,2
24310450,0,11,11
24311911,0,4,4
24371480,0,1,1
24374936,0,1,1
24385027,0,1,1
24385554,0,3,3
24402513,0,3,3
24450922,0,5,5
24485178,0,2,2
24486519,0,2,2
24528742,0,1,1
24529169,0,16,16
24531772,0,33,33
24540958,0,4,4
24547879,0,6,6
24550274,0,1,1
24561858,0,2,2
24609812,0,7,7
24621574,0,2,2
24628587,0,1,1
24646153,0,4,4
24682255,0,6,6
24697879,0,1,1
24703133,0,6,6
24705738,0,1,1
24728121,0,1,1
24757092,0,4,4
24758900,0,7,7
24776747,0,2,2
24793496,0,3,3
24808285,0,1,1
24815078,0,3,3
24817808,0,1,1
24818913,0,4,4
24819870,0,1,1
24850085,0,2,2
24859618,0,1,1
24874258,0,1,1
24879112,0,3,3
24887024,0,1,1
24919403,0,2,2
24926280,0,1,1
24928601,0,2,2
24953628,0,1,1
24955120,0,14,14
24978626,0,6,6
24979322,0,12,12
24985025,0,1,1
24993262,0,5,5
25062344,0,1,1
25082129,0,1,1
25104799,0,3,3
25124134,0,1,1
25125328,0,2,2
25150354,0,2,2
25160944,0,1,1
25162352,0,1,1
25174478,0,8,8
25221094,0,1,1
25254052,0,4,4
25262502,0,7,7
25282365,0,5,5
25299494,0,2,2
25312165,0,2,2
25337798,0,5,5
25343810,0,6,6
25364125,0,18,18
25374757,0,1,1
25391486,0,1,1
25400316,0,1,1
25404850,0,1,1
25414742,0,1,1
25442184,0,1,1
25461857,0,29,29
25468549,0,2,2
25486361,0,1,1
25539918,0,6,6
25545221,0,1,1
25569257,0,2,2
25579723,0,1,1
25587760,0,1,1
25611518,0,27,27
25616311,0,1,1
25619736,0,1,1
25639879,0,1,1
25684077,0,1,1
25685463,0,1,1
25693286,0,1,1
25709773,0,1,1
25714622,0,3,3
25740290,0,1,1
25740711,0,2,2
25747559,0,2,2
25763311,0,1,1
25763378,0,3,3
25770064,0,2,2
25773075,0,1,1
25773996,0,4,4
25782629,0,1,1
25788893,0,1,1
25824753,0,1,1
25850486,0,1,1
25860361,0,36,36
25860698,0,4,4
25863688,0,4,4
25889787,0,3,3
25895901,0,1,1
25903208,0,3,3
25904310,0,2,2
25917423,0,2,2
25940033,0,1,1
25953084,0,1,1
25978286,0,1,1
25980535,0,2,2
26026656,0,3,3
26042976,0,1,1
26049003,0,2,2
26104371,0,1,1
26113090,0,2,2
26126125,0,5,5
26138161,0,7,7
26143810,0,2,2
26164692,0,1,1
26204388,0,1,1
26221847,0,1,1
26231032,0,1,1
26237341,0,1,1
26238239,0,2,2
26239948,0,1,1
26253762,0,1,1
26267611,0,1,1
26277534,0,3,3
26283307,0,2,2
26327202,0,2,2
26327958,0,1,1
26347878,0,1,1
26349393,0,1,1
26532618,0,1,1
26540446,0,1,1
26547663,0,2,2
26551101,0,49,49
26645586,0,1,1
26671889,0,2,2
26679623,0,1,1
26688890,0,3,3
26729376,0,69,69
26787759,0,2,2
26790235,0,4,4
26825373,0,1,1
26842131,0,1,1
26882856,0,3,3
26891142,0,2,2
26902179,0,7,7
26906714,0,3,3
26956310,0,1,1
26959248,0,8,8
26967782,0,4,4
26976841,0,1,1
26991981,0,2,2
27000897,0,5,5
27018768,0,5,5
27049388,0,3,3
27052147,0,1,1
27139651,0,1,1
27144439,0,1,1
27160295,0,1,1
27173437,0,8,8
27178022,0,3,3
27214428,0,1,1
27234566,0,2,2
27361140,0,1,1
27367284,0,2,2
27383436,0,1,1
27421330,0,10,10
27425192,0,1,1
27441257,0,1,1
27443378,0,2,2
27459698,0,3,3
27464152,0,2,2
27487492,0,1,1
27564324,0,8,8
27581621,0,1,1
27582180,0,1,1
27598687,0,4,4
27626404,0,11,11
27648781,0,3,3
27657060,0,2,2
27657758,0,7,7
27717086,0,4,4
27740025,0,1,1
27774340,0,2,2
27786861,0,1,1
27799066,0,9,9
27857112,0,8,8
27887250,0,5,5
27925721,0,25,25
27965540,0,1,1
27966518,0,2,2
27967626,0,3,3
27968111,0,1,1
28020720,0,7,7
28044762,0,39,39
28106400,0,4,4
28114429,0,1,1
28200904,0,1,1
28201434,0,12,12
28260470,0,2,2
28278197,0,1,1
28279637,0,5,5
28305423,0,2,2
28316293,0,1,1
28378449,0,3,3
28433099,0,31,31
28473230,0,3,3
28497384,0,1,1
28519022,0,9,9
28523774,0,1,1
28557030,0,3,3
28565349,0,1,1
28571727,0,3,3
28585760,0,73,73
28595233,0,1,1
28623127,0,14,14
28643290,0,41,41
28669584,0,5,5
28685917,0,8,8
28695739,0,1,1
28698164,0,2,2
28708146,0,1,1
28725754,0,2,2
28765538,0,1,1
28798907,0,1,1
28802863,0,1,1
28835144,0,1,1
28852178,0,1,1
28874353,0,1,1
28888486,0,2,2
28905975,0,1,1
28952582,0,5,5
28979744,0,1,1
28983178,0,1,1
28994820,0,1,1
29001123,0,1,1
29014651,0,6,6
29030259,0,3,3
29046026,0,1,1
29107537,0,1,1
29130467,0,1,1
29132977,0,4,4
29143696,0,1,1
29151288,0,1,1
29165103,0,3,3
29168961,0,1,1
29170793,0,2,2
29173966,0,1,1
29179990,0,1,1
29219101,0,3,3
29219996,0,3,3
29227577,0,1,1
29243009,0,1,1
29244379,0,4,4
29244804,0,1,1
29244896,0,2,2
29245432,0,2,2
29270193,0,1,1
29296992,0,6,6
29303902,0,9,9
29367753,0,1,1
29369471,0,45,45
29372998,0,6,6
29403670,0,3,3
29417304,0,23,23
29459695,0,2,2
29476754,0,20,20
29481386,0,1,1
29507360,0,2,2
29523359,0,2,2
29535867,0,22,22
29543286,0,4,4
29547150,0,4,4
29574846,0,4,4
29585629,0,1,1
29591763,0,3,3
29591932,0,2,2
29656377,0,6,6
29657994,0,6,6
29685681,0,1,1
29746928,0,1,1
29765847,0,6,6
29800030,0,45,45
29809947,0,1,1
29825845,0,1,1
29844206,0,1,1
29866683,0,2,2
29881809,0,1,1
29893765,0,10,10
29901928,0,8,8
29903616,0,4,4
29904766,0,16,16
29993833,0,3,3
30002309,0,1,1
30033829,0,1,1
30046529,0,4,4
30050923,0,7,7
30053900,0,9,9
30057256,0,1,1
30063002,0,1,1
30120437,0,1,1
30141611,0,10,10
30145123,0,2,2
30158766,0,2,2
30176290,0,1,1
30181506,0,2,2
30211557,0,20,20
30282179,0,3,3
30288543,0,3,3
30295849,0,3,3
30300411,0,3,3
30351159,0,2,2
30372112,0,2,2
30463230,0,1,1
30478164,0,2,2
30534477,0,3,3
30540481,0,2,2
30549386,0,1,1
30627120,0,1,1
30637215,0,6,6
30652589,0,1,1
30674842,0,1,1
30697211,0,1,1
30712610,0,8,8
30754682,0,4,4
30759478,0,1,1
30761484,0,3,3
30789070,0,1,1
30800554,0,31,31
30804485,0,2,2
30810569,0,1,1
30869623,0,2,2
30874031,0,1,1
30917546,0,1,1
30923275,0,2,2
30935287,0,1,1
30949644,0,1,1
30977076,0,8,8
30989984,0,1,1
30994160,0,1,1
31034167,0,1,1
31058145,0,4,4
31067783,0,1,1
31104911,0,15,15
31107174,0,1,1
31149258,0,19,19
31159005,0,3,3
31250272,0,12,12
31252101,0,1,1
31293166,0,10,10
31324555,0,2,2
31354975,0,1,1
31355336,0,4,4
31357734,0,12,12
31434743,0,1,1
31435460,0,2,2
31455763,0,1,1
31494956,0,1,1
31505057,0,9,9
31510059,0,27,27
31546843,0,75,75
31552610,0,5,5
31566394,0,1,1
31571993,0,1,1
31586872,0,1,1
31588117,0,1,1
31588997,0,3,3
31665616,0,2,2
31676696,0,1,1
31688581,0,2,2
31906197,0,2,2
31946025,0,2,2
32038447,0,1,1
32068208,0,2,2
32106250,0,14,14
32137483,0,1,1
32181749,0,2,2
32186556,0,2,2
32262550,0,4,4
32275270,0,5,5
32279999,0,1,1
32287967,0,23,23
32295723,0,1,1
32312980,0,8,8
32313151,0,3,3
32323843,0,2,2
32384212,0,1,1
32401274,0,1,1
32423055,0,5,5
32446433,0,20,20
32458767,0,34,34
32474449,0,6,6
32498985,0,1,1
32501772,0,1,1
32547856,0,1,1
32577421,0,2,2
32586723,0,7,7
32588925,0,1,1
32638987,0,29,29
32673717,0,9,9
32701042,0,3,3
32783081,0,3,3
32783596,0,10,10
32803601,0,1,1
32804797,0,1,1
32804899,0,9,9
32834951,0,2,2
32883785,0,1,1
32888617,0,1,1
32889563,0,1,1
32896691,0,3,3
32903277,0,4,4
32915151,0,2,2
32921599,0,1,1
32930313,0,1,1
32980183,0,1,1
33015699,0,6,6
33028373,0,3,3
33083331,0,1,1
33108674,0,2,2
33110012,0,1,1
33122704,0,3,3
33178426,0,1,1
33195291,0,4,4
33198437,0,2,2
33254394,0,1,1
33261250,0,1,1
33309106,0,1,1
33313071,0,1,1
33340338,0,21,21
33373190,0,20,20
33376100,0,13,13
33377290,0,5,5
33386818,0,2,2
33405866,0,6,6
33427412,0,64,64
33449278,0,4,4
33473168,0,1,1
33473521,0,1,1
33490690,0,1,1
33515703,0,6,6
33530715,0,1,1
33574145,0,1,1
33603606,0,1,1
33603688,0,1,1
33609160,0,1,1
33619411,0,2,2
33718011,0,1,1
33787443,0,13,13
33818696,0,1,1
33846113,0,2,2
33886558,0,1,1
33905768,0,101,101
33918460,0,1,1
33920036,0,9,9
33923173,0,1,1
33935486,0,2,2
33946848,0,63,63
33951834,0,8,8
33953838,0,1,1
34006627,0,2,2
34015252,0,1,1
34025505,0,2,2
34062694,0,1,1
34067450,0,1,1
34089556,0,4,4
34100099,0,1,1
34107142,0,1,1
34154345,0,1,1
34182669,0,2,2
34228170,0,2,2
34250911,0,7,7
34258618,0,66,66
34386455,0,1,1
34428385,0,1,1
34434351,0,1,1
34497954,0,3,3
34523502,0,1,1
34532322,0,1,1
34559997,0,1,1
34560090,0,1,1
34574063,0,12,12
34608031,0,1,1
34675615,0,5,5
34692284,0,1,1
34694882,0,11,11
34708778,0,1,1
34734257,0,1,1
34743340,0,3,3
34749900,0,1,1
34767220,0,2,2
34770539,0,13,13
34778283,0,2,2
34783507,0,7,7
34794686,0,1,1
34824993,0,3,3
34830713,0,1,1
34869709,0,1,1
34913149,0,2,2
34957804,0,3,3
34974828,0,1,1
35003066,0,3,3
35020251,0,1,1
35039244,0,1,1
35060705,0,1,1
35074524,0,1,1
35083353,0,1,1
35084286,0,2,2
35091562,0,1,1
35127822,0,1,1
35160132,0,3,3
35187516,0,30,30
35258851,0,1,1
35279263,0,1,1
35291559,0,2,2
35292598,0,2,2
35385802,0,2,2
35403128,0,2,2
35494424,0,2,2
35514031,0,3,3
35517725,0,1,1
35545423,0,1,1
35555681,0,1,1
35587389,0,4,4
35598437,0,2,2
35680250,0,6,6
35688050,0,1,1
35690915,0,3,3
35731120,0,3,3
35744523,0,1,1
35778900,0,1,1
35820509,0,1,1
35827291,0,1,1
35836553,0,4,4
35848354,0,4,4
35862130,0,1,1
35864796,0,147,147
35879046,0,1,1
35885625,0,2,2
35890826,0,1,1
35935666,0,14,14
35949424,0,1,1
35967829,0,3,3
35982022,0,5,5
36130896,0,2,2
36174505,0,6,6
36177390,0,8,8
36187473,0,2,2
36261129,0,1,1
36267484,0,1,1
36312839,0,33,33
36322165,0,2,2
36459720,0,5,5
36495193,0,3,3
36512688,0,1,1
36514716,0,1,1
36524173,0,2,2
36551220,0,1,1
36582768,0,8,8
36590320,0,3,3
36594272,0,6,6
36604707,0,16,16
36640869,0,22,22
36659863,0,1,1
36690250,0,2,2
36716079,0,1,1
36735587,0,1,1
36735927,0,6,6
36754239,0,4,4
36755965,0,2,2
36769296,0,1,1
36802500,0,8,8
36816543,0,2,2
36838039,0,1,1
36842122,0,123,123
36866250,0,15,15
36867249,0,1,1
36879143,0,1,1
36941912,0,1,1
36962479,0,1,1
36965525,0,1,1
36996896,0,1,1
37004342,0,1,1
37118354,0,1,1
37146916,0,1,1
37181084,0,1,1
37195103,0,39,39
37207900,0,8,8
37210799,0,20,20
37267442,0,1,1
37270925,0,1,1
37281592,0,2,2
37290928,0,2,2
37294465,0,1,1
37300565,0,1,1
37338275,0,1,1
37418665,0,3,3
37454135,0,2,2
37488954,0,1,1
37490933,0,1,1
37530246,0,10,10
37557705,0,1,1
37565621,0,2,2
37590113,0,2,2
37591504,0,10,10
37593209,0,1,1
37596921,0,2,2
37730925,0,2,2
37780604,0,1,1
37792395,0,1,1
37792898,0,8,8
37924398,0,1,1
37960310,0,1,1
37971210,0,1,1
37975764,0,8,8
37997708,0,2,2
38063450,0,3,3
38105064,0,1,1
38122506,0,1,1
38171002,0,1,1
38189413,0,2,2
38209344,0,6,6
38266792,0,1,1
38282454,0,2,2
38332219,0,1,1
38344723,0,1,1
38347043,0,2,2
38396998,0,2,2
38415778,0,1,1
38419665,0,1,1
38481051,0,3,3
38502667,0,6,6
38514525,0,1,1
38515960,0,2,2
38589334,0,1,1
38602059,0,2,2
38621903,0,1,1
38686111,0,1,1
38731401,0,8,8
38868552,0,63,63
38874992,0,1,1
38879572,0,3,3
38959260,0,2,2
39017827,0,2,2
39157108,0,1,1
39209049,0,19,19
39242668,0,2,2
39267407,0,1,1
39275870,0,1,1
39296373,0,3,3
39302631,0,1,1
39311215,0,2,2
39359965,0,2,2
39364684,0,1,1
39369316,0,3,3
39373842,0,1,1
39425192,0,1,1
39443713,0,4,4
39509756,0,2,2
39528017,0,1,1
39627413,0,6,6
39629536,0,7,7
39653167,0,1,1
39697142,0,7,7
39824476,0,2,2
39860760,0,2,2
39960190,0,1,1
39988489,0,5,5
40066217,0,2,2
40068850,0,1,1
40128603,0,1,1
40147211,0,1,1
40153378,0,3,3
40179220,0,1,1
40197478,0,1,1
40337169,0,1,1
40373736,0,1,1
40388991,0,3,3
40398632,0,1,1
40408827,0,3,3
40410002,0,3,3
40416272,0,1,1
40417225,0,1,1
40421167,0,3,3
40460855,0,2,2
40473705,0,3,3
40486127,0,1,1
40509228,0,3,3
40533852,0,2,2
40569692,0,9,9
40576669,0,1,1
40607517,0,1,1
40684090,0,9,9
40696231,0,1,1
40733881,0,1,1
40766413,0,1,1
40788968,0,9,9
40875530,0,4,4
40957057,0,2,2
41037605,0,2,2
41047752,0,4,4
41054194,0,3,3
41109264,0,3,3
41117987,0,2,2
41185190,0,1,1
41187603,0,12,12
41249283,0,1,1
41391615,0,8,8
41422152,0,1,1
41438567,0,4,4
41477732,0,1,1
41492978,0,1,1
41542553,0,1,1
41687358,0,1,1
41827717,0,1,1
41839575,0,4,4
41859001,0,6,6
41866286,0,1,1
41896037,0,1,1
41937954,0,1,1
41949320,0,1,1
42001335,0,1,1
42093826,0,1,1
42141126,0,2,2
42152504,0,1,1
42200093,0,2,2
42299331,0,5,5
42302279,0,1,1
42429027,0,6,6
42437848,0,1,1
42446941,0,1,1
42504904,0,2,2
42556560,0,70,70
42560944,0,2,2
42571265,0,23,23
42605790,0,4,4
42611283,0,1,1
42670860,0,15,15
42706436,0,1,1
42740235,0,3,3
42787592,0,1,1
42797629,0,3,3
42815058,0,1,1
42921585,0,2,2
42928402,0,1,1
42941739,0,1,1
42959251,0,3,3
42961882,0,2,2
43029474,0,6,6
43034700,0,1,1
43050954,0,3,3
43079271,0,1,1
43105008,0,1,1
43111668,0,1,1
43137793,0,1,1
43159178,0,2,2
43161023,0,22,22
43180237,0,4,4
43227329,0,8,8
43266897,0,1,1
43273981,0,4,4
43337375,0,2,2
43342399,0,4,4
43385043,0,1,1
43441847,0,1,1
43480094,0,2,2
43522569,0,1,1
43528640,0,2,2
43587597,0,1,1
43625020,0,3,3
43679377,0,1,1
43730177,0,1,1
43775727,0,1,1
43852709,0,2,2
43920589,0,3,3
43922518,0,1,1
44004676,0,4,4
44013927,0,1,1
44048443,0,1,1
44073113,0,1,1
44103350,0,1,1
44117760,0,3,3
44153291,0,10,10
44175496,0,53,53
44218738,0,1,1
44236811,0,1,1
44238890,0,2,2
44255401,0,80,80
44267251,0,1,1
44273445,0,2,2
44281505,0,2,2
44396674,0,3,3
44399761,0,1,1
44403551,0,4,4
44421258,0,6,6
44439678,0,2,2
44449864,0,1,1
44519758,0,1,1
44521640,0,1,1
44545341,0,1,1
44632544,0,7,7
44646037,0,1,1
44667474,0,1,1
44679505,0,2,2
44710950,0,3,3
44750032,0,1,1
44766231,0,3,3
44766794,0,1,1
44766924,0,1,1
44775194,0,1,1
44806772,0,3,3
44815537,0,1,1
44855751,0,3,3
44996163,0,8,8
45046195,0,1,1
45048643,0,2,2
45070194,0,21,21
45169525,0,1,1
45176638,0,16,16
45189631,0,8,8
45214513,0,34,34
45229893,0,3,3
45290623,0,2,2
45316876,0,1,1
45360874,0,3,3
45406850,0,6,6
45413198,0,3,3
45450506,0,1,1
45456254,0,2,2
45469134,0,2,2
45490102,0,4,4
45495762,0,20,20
45496456,0,1,1
45497796,0,1,1
45509401,0,2,2
45527036,0,1,1
45573240,0,3,3
45583496,0,1,1
45584867,0,1,1
45601285,0,1,1
45612187,0,14,14
45636117,0,1,1
45637758,0,4,4
45663454,0,1,1
45668374,0,7,7
45737965,0,1,1
45739296,0,1,1
45786278,0,2,2
45963965,0,23,23
45966035,0,2,2
45967689,0,2,2
45968971,0,1,1
46004610,0,3,3
46059718,0,1,1
46070295,0,2,2
46095678,0,1,1
46175999,0,4,4
46212760,0,1,1
46234545,0,11,11
46262637,0,2,2
46330725,0,2,2
46390798,0,1,1
46454957,0,2,2
46481128,0,11,11
46505400,0,4,4
46513673,0,2,2
46533647,0,3,3
46583723,0,2,2
46592142,0,1,1
46592248,0,1,1
46633807,0,1,1
46675832,0,1,1
46737907,0,14,14
46742361,0,1,1
46753898,0,1,1
46766835,0,2,2
46805788,0,1,1
46850133,0,2,2
46898251,0,1,1
46898626,0,1,1
46965458,0,6,6
47003951,0,5,5
47008823,0,1,1
47092213,0,4,4
47103899,0,13,13
47124097,0,11,11
47215218,0,4,4
47266883,0,1,1
47311377,0,2,2
47350327,0,5,5
47366956,0,1,1
47387185,0,1,1
47411006,0,2,2
47415772,0,5,5
47457929,0,1,1
47476144,0,3,3
47499266,0,1,1
47529168,0,1,1
47558911,0,2,2
47559731,0,1,1
47565913,0,3,3
47575380,0,3,3
47615996,0,1,1
47640654,0,4,4
47706218,0,1,1
47718432,0,2,2
47774386,0,3,3
47877762,0,2,2
47889092,0,3,3
47911233,0,1,1
47911941,0,1,1
47916545,0,1,1
47960407,0,3,3
47969070,0,17,17
47970131,0,1,1
47976339,0,2,2
48004337,0,2,2
48006348,0,1,1
48058773,0,1,1
48064065,0,2,2
48077984,0,2,2
48079089,0,1,1
48090142,0,8,8
48118512,0,15,15
48119997,0,13,13
48120914,0,20,20
48140041,0,3,3
48248124,0,1,1
48289117,0,2,2
48293556,0,25,25
48376290,0,4,4
48383336,0,6,6
48392443,0,1,1
48396469,0,1,1
48397376,0,4,4
48438868,0,5,5
48463582,0,4,4
48514553,0,5,5
48539218,0,10,10
48542316,0,4,4
48559400,0,1,1
48582802,0,6,6
48639802,0,2,2
48685265,0,1,1
48729622,0,1,1
48731994,0,16,16
48787496,0,5,5
48818500,0,2,2
48825435,0,1,1
48844826,0,1,1
48848066,0,1,1
48863385,0,10,10
48888320,0,2,2
48937311,0,1,1
48937821,0,1,1
48987429,0,1,1
48993457,0,2,2
49012635,0,5,5
49045290,0,22,22
49055093,0,1,1
49108980,0,1,1
49213922,0,1,1
49215562,0,1,1
49224902,0,1,1
49243929,0,3,3
49424582,0,1,1
49430708,0,7,7
49446566,0,5,5
49463540,0,1,1
49494412,0,2,2
49499385,0,4,4
49523238,0,1,1
49595173,0,1,1
49620292,0,5,5
49630366,0,7,7
49667620,0,1,1
49696423,0,2,2
49711167,0,4,4
49714040,0,1,1
49740343,0,1,1
49848861,0,1,1
49848938,0,4,4
50040910,0,1,1
50086500,0,1,1
50087146,0,1,1
50107074,0,1,1
50195850,0,5,5
50245876,0,2,2
50299369,0,4,4
50324932,0,1,1
50426761,0,6,6
50441681,0,4,4
50516152,0,2,2
50664887,0,5,5
50690787,0,1,1
50776403,0,5,5
50782688,0,1,1
50796438,0,1,1
50840839,0,2,2
50843347,0,1,1
51007606,0,1,1
51062295,0,1,1
51074178,0,5,5
51128498,0,2,2
51147107,0,10,10
51207613,0,3,3
51218736,0,1,1
51323183,0,2,2
51331378,0,5,5
51531964,0,1,1
51533864,0,1,1
51534399,0,2,2
51538620,0,1,1
51540544,0,1,1
51555132,0,1,1
51582544,0,1,1
51658186,0,4,4
51660610,0,10,10
51683218,0,1,1
51687212,0,7,7
51711500,0,1,1
51877372,0,1,1
52124896,0,16,16
52270273,0,1,1
52354508,0,2,2
52530384,0,2,2
52547865,0,1,1
52615790,0,3,3
52642663,0,21,21
52746469,0,1,1
52765094,0,1,1
52777873,0,23,23
52795858,0,10,10
52806800,0,1,1
52840292,0,11,11
52857624,0,2,2
52940915,0,1,1
53046002,0,13,13
53104694,0,1,1
53139456,0,5,5
53167771,0,1,1
53176351,0,2,2
53183278,0,1,1
53190110,0,3,3
53245054,0,3,3
53273505,0,3,3
53285331,0,1,1
53288311,0,3,3
53329075,0,1,1
53383804,0,1,1
53384265,0,1,1
53389392,0,2,2
53441915,0,2,2
53456218,0,2,2
53471853,0,1,1
53563886,0,1,1
53579632,0,2,2
53607556,0,3,3
53735306,0,3,3
53738144,0,1,1
53818932,0,3,3
53894232,0,9,9
53925975,0,8,8
53964836,0,1,1
53966102,0,1,1
53982766,0,1,1
53984700,0,2,2
53993425,0,1,1
54009256,0,2,2
54072751,0,1,1
54141007,0,2,2
54179944,0,3,3
54210985,0,1,1
54219241,0,18,18
54243056,0,1,1
54312197,0,1,1
54463413,0,1,1
54530915,0,1,1
54558211,0,2,2
54662617,0,1,1
54665576,0,1,1
54682559,0,1,1
54685596,0,1,1
54834271,0,1,1
54971477,0,1,1
55091685,0,1,1
55219746,0,2,2
55286878,0,4,4
55298470,0,1,1
55356886,0,3,3
55383231,0,1,1
55467975,0,1,1
55525273,0,22,22
55594098,0,2,2
55711442,0,3,3
55795410,0,1,1
55845349,0,8,8
55931761,0,2,2
55939271,0,1,1
55957494,0,8,8
55964307,0,1,1
56028445,0,4,4
56092238,0,1,1
56111506,0,64,64
56135553,0,1,1
56135600,0,2,2
56281801,0,2,2
56302626,0,1,1
56364053,0,3,3
56428578,0,4,4
56467881,0,5,5
56480769,0,1,1
56682885,0,2,2
56689996,0,12,12
56755740,0,2,2
56770183,0,3,3
56789118,0,1,1
56819413,0,1,1
56860163,0,1,1
56885360,0,2,2
56886358,0,1,1
56891263,0,10,10
56909915,0,8,8
56962423,0,1,1
57036189,0,2,2
57085159,0,26,26
57170318,0,2,2
57191033,0,1,1
57218763,0,15,15
57286307,0,1,1
57355465,0,2,2
57358450,0,1,1
57371589,0,1,1
57452386,0,3,3
57498443,0,3,3
57508397,0,1,1
57511539,0,3,3
57657275,0,2,2
57685967,0,14,14
57701067,0,4,4
57710480,0,3,3
57790965,0,1,1
57854434,0,1,1
57910631,0,47,47
57936182,0,3,3
57961177,0,3,3
57991328,0,1,1
58042505,0,1,1
58042955,0,13,13
58059993,0,4,4
58073074,0,2,2
58086761,0,1,1
58247936,0,1,1
58280871,0,1,1
58317034,0,1,1
58376457,0,3,3
58479512,0,1,1
58575168,0,1,1
58615792,0,1,1
58632259,0,1,1
58686220,0,2,2
58774823,0,1,1
58793842,0,1,1
58910654,0,1,1
58912001,0,3,3
58949272,0,1,1
58999683,0,1,1
59099084,0,2,2
59139358,0,1,1
59142161,0,7,7
59146404,0,1,1
59170768,0,1,1
59261858,0,2,2
59332219,0,1,1
59444285,0,1,1
59498168,0,1,1
59539034,0,1,1
59595758,0,1,1
59675142,0,1,1
59714727,0,36,36
59742059,0,8,8
59899562,0,2,2
59902651,0,1,1
59945943,0,1,1
59985300,0,1,1
59999316,0,1,1
60124745,0,10,10
60167382,0,1,1
60465402,0,1,1
60583625,0,2,2
60699409,0,7,7
60835648,0,1,1
60906892,0,1,1
60919433,0,4,4
60934108,0,8,8
60978041,0,5,5
61041270,0,9,9
61053656,0,41,41
61087408,0,19,19
61089072,0,4,4
61105309,0,2,2
61112547,0,17,17
61114904,0,1,1
61115658,0,2,2
61181618,0,1,1
61240138,0,1,1
61248003,0,1,1
61298849,0,2,2
61360140,0,4,4
61560116,0,8,8
61560150,0,4,4
61595217,0,1,1
61822210,0,2,2
61912052,0,9,9
62061824,0,1,1
62177990,0,2,2
62306459,0,1,1
62307524,0,2,2
62324180,0,1,1
62350493,0,1,1
62354460,0,3,3
62403538,0,1,1
62425113,0,5,5
62655568,0,1,1
62657249,0,6,6
62684994,0,1,1
62847203,0,1,1
62848722,0,46,46
62872080,0,2,2
63004503,0,1,1
63035854,0,3,3
63096461,0,2,2
63188188,0,1,1
63324021,0,1,1
63367798,0,6,6
63542062,0,1,1
63734189,0,15,15
63827798,0,9,9
63844675,0,1,1
63860521,0,2,2
63871204,0,1,1
63963835,0,1,1
64079283,0,1,1
64116552,0,2,2
64235461,0,5,5
64261467,0,1,1
64314990,0,1,1
64469657,0,1,1
64719419,0,2,2
64766995,0,1,1
64851807,0,4,4
64856068,0,1,1
64904909,0,1,1
65059730,0,2,2
65078170,0,1,1
65108418,0,2,2
65144969,0,1,1
65205115,0,1,1
65613241,0,10,10
65659073,0,1,1
65702620,0,1,1
65706973,0,1,1
65713015,0,73,73
65731776,0,5,5
65771479,0,1,1
65928415,0,2,2
65953509,0,1,1
65965972,0,1,1
66077441,0,3,3
66179401,0,1,1
66221722,0,2,2
66267332,0,8,8
66351404,0,5,5
66421943,0,3,3
66569454,0,5,5
66579301,0,1,1
66585424,0,1,1
66678633,0,2,2
66685920,0,1,1
66739464,0,4,4
66745154,0,1,1
66746315,0,1,1
66788149,0,12,12
66808810,0,1,1
66899143,0,1,1
66905088,0,2,2
66907500,0,2,2
67028674,0,42,42
67091346,0,2,2
67124094,0,6,6
67211600,0,7,7
67248717,0,14,14
67266462,0,1,1
67281409,0,2,2
67360574,0,2,2
67391797,0,1,1
67397675,0,2,2
67473354,0,11,11
67478399,0,1,1
67539772,0,2,2
67565990,0,3,3
67665407,0,1,1
67788524,0,2,2
67832798,0,1,1
68107199,0,12,12
68248674,0,1,1
68279378,0,1,1
68385388,0,2,2
68430259,0,36,36
68463447,0,7,7
68482261,0,21,21
68491223,0,8,8
68630417,0,1,1
68739089,0,10,10
68808312,0,1,1
68865656,0,7,7
68918748,0,1,1
68958770,0,8,8
69022849,0,1,1
69106875,0,2,2
69184040,0,2,2
69335830,0,2,2
69463153,0,1,1
69475311,0,9,9
69530206,0,6,6
69682524,0,3,3
69777839,0,4,4
70018327,0,1,1
70110987,0,36,36
70191166,0,1,1
70197689,0,2,2
70331549,0,13,13
70399520,0,2,2
70460253,0,1,1
70492061,0,3,3
70593709,0,2,2
70737623,0,1,1
70759794,0,4,4
70821147,0,6,6
70829605,0,6,6
70856487,0,1,1
71244775,0,2,2
71300717,0,12,12
71323843,0,28,28
71409823,0,1,1
71436489,0,2,2
71464042,0,28,28
71466580,0,5,5
71515090,0,5,5
71695172,0,6,6
71882048,0,1,1
72033888,0,5,5
72103163,0,1,1
72177758,0,2,2
72194644,0,2,2
72271128,0,1,1
72279426,0,7,7
72718118,0,89,89
72746863,0,16,16
72863358,0,5,5
73013235,0,1,1
73120594,0,4,4
73124948,0,159,159
73219204,0,1,1
73221502,0,1,1
73222796,0,1,1
73229252,0,1,1
73231634,0,1,1
73261460,0,1,1
73262226,0,1,1
73321884,0,3,3
73545898,0,4,4
73555311,0,1,1
73650794,0,3,3
73726828,0,1,1
73737109,0,15,15
73801315,0,2,2
73803070,0,5,5
74014799,0,2,2
74210655,0,2,2
74270038,0,1,1
74329280,0,1,1
74332952,0,1,1
74337877,0,4,4
74361628,0,1,1
74385844,0,2,2
74409768,0,2,2
74419494,0,1,1
74478610,0,2,2
74483420,0,2,2
74508412,0,1,1
74526911,0,29,29
74768287,0,2,2
74781608,0,1,1
74796275,0,1,1
74798484,0,1,1
74843319,0,1,1
74991980,0,1,1
75066399,0,37,37
75119660,0,1,1
75156417,0,4,4
75171938,0,1,1
75175738,0,1,1
75209239,0,2,2
75373695,0,1,1
75436936,0,1,1
75626513,0,2,2
75647144,0,7,7
75662378,0,1,1
75850566,0,1,1
75852634,0,1,1
75974320,0,6,6
76047884,0,1,1
76136299,0,5,5
76156314,0,2,2
76377039,0,1,1
76675314,0,2,2
76682779,0,12,12
76713851,0,1,1
76748725,0,1,1
77032426,0,1,1
77032581,0,1,1
77083770,0,3,3
77106578,0,4,4
77209478,0,1,1
77247899,0,20,20
77262426,0,2,2
77450599,0,7,7
77514733,0,1,1
77608283,0,19,19
77672059,0,2,2
77687779,0,7,7
77743984,0,1,1
77750427,0,1,1
77789660,0,2,2
77793783,0,1,1
78077401,0,1,1
78109764,0,2,2
78154804,0,3,3
78403236,0,1,1
78514857,0,9,9
78661261,0,1,1
78719621,0,2,2
78840940,0,1,1
78959991,0,48,48
79075338,0,2,2
79103936,0,3,3
79124857,0,2,2
79257263,0,1,1
79527681,0,1,1
79692602,0,1,1
79718295,0,16,16
79818981,0,2,2
79828511,0,1,1
79894205,0,1,1
80060184,0,2,2
80134835,0,2,2
80221999,0,3,3
80379348,0,2,2
80408958,0,1,1
80437142,0,2,2
80460939,0,2,2
80495235,0,1,1
80503963,0,1,1
80505577,0,1,1
80663971,0,1,1
80889502,0,5,5
80925364,0,2,2
81043951,0,3,3
81165002,0,5,5
81222876,0,1,1
81322255,0,1,1
81368673,0,1,1
81396070,0,4,4
81458044,0,1,1
81476877,0,1,1
81492135,0,1,1
81494110,0,2,2
81559070,0,5,5
81621050,0,2,2
81770890,0,7,7
81804841,0,5,5
81969518,0,1,1
82083164,0,1,1
82183137,0,13,13
82228185,0,1,1
82235272,0,1,1
82309343,0,1,1
82331146,0,1,1
82487330,0,1,1
82521309,0,2,2
82712110,0,2,2
82744964,0,1,1
82767318,0,28,28
82774838,0,2,2
82951231,0,15,15
83049208,0,1,1
83145404,0,1,1
83264710,0,1,1
83657409,0,4,4
83893739,0,6,6
84019557,0,3,3
84080387,0,1,1
84268595,0,1,1
84444677,0,1,1
84445191,0,1,1
84550570,0,1,1
84625998,0,1,1
84764424,0,5,5
84764704,0,2,2
84902138,0,1,1
84938858,0,1,1
85121425,0,1,1
85362875,0,1,1
85438354,0,3,3
85505639,0,9,9
85658675,0,1,1
85886999,0,5,5
85917634,0,5,5
86199249,0,1,1
86277504,0,2,2
86402575,0,4,4
86466718,0,4,4
86620670,0,6,6
86647538,0,4,4
86784746,0,1,1
86854071,0,7,7
86886268,0,1,1
87099353,0,1,1
87120184,0,2,2
87230068,0,19,19
87237686,0,1,1
87325206,0,1,1
87332814,0,7,7
87384206,0,2,2
87532454,0,2,2
87621438,0,1,1
87629073,0,1,1
87727355,0,5,5
87738669,0,1,1
87761584,0,11,11
87765863,0,1,1
87793812,0,2,2
87836781,0,1,1
88012252,0,2,2
88062533,0,1,1
88072872,0,1,1
88074587,0,3,3
88236719,0,5,5
88247180,0,1,1
88282826,0,1,1
88290488,0,6,6
88300719,0,1,1
88684884,0,2,2
88752123,0,3,3
88986863,0,2,2
89030498,0,1,1
89076479,0,1,1
89257543,0,1,1
89316612,0,1,1
89377500,0,1,1
89458867,0,3,3
89533704,0,1,1
89589923,0,1,1
89609882,0,1,1
89720731,0,1,1
89742486,0,14,14
89760116,0,1,1
89831391,0,7,7
89929611,0,3,3
89985399,0,13,13
90286423,0,3,3
90503005,0,1,1
90558028,0,1,1
90567208,0,10,10
90622100,0,1,1
90651305,0,2,2
90662381,0,1,1
90849823,0,1,1
91002247,0,1,1
91061567,0,2,2
91158484,0,5,5
91183830,0,1,1
91423038,0,27,27
91451269,0,5,5
91451652,0,6,6
91623824,0,1,1
91630688,0,11,11
91756736,0,1,1
91854751,0,1,1
91864452,0,2,2
91867630,0,1,1
91957025,0,1,1
92112822,0,4,4
92126758,0,1,1
92167082,0,1,1
92259384,0,2,2
92452732,0,4,4
92533331,0,2,2
92671731,0,3,3
92789239,0,1,1
92834230,0,1,1
92872919,0,1,1
92905969,0,1,1
93114563,0,1,1
93176410,0,2,2
93379957,0,2,2
93408384,0,1,1
93520855,0,1,1
93665086,0,2,2
93684324,0,1,1
93761477,0,1,1
93956552,0,1,1
93957773,0,2,2
94009965,0,1,1
94031126,0,3,3
94134140,0,1,1
94207176,0,2,2
94273497,0,1,1
94351163,0,2,2
94391591,0,1,1
94413536,0,1,1
94422489,0,1,1
94455877,0,1,1
94458971,0,1,1
94595377,0,1,1
94646195,0,3,3
94680716,0,2,2
94714920,0,1,1
94788848,0,1,1
94884269,0,1,1
95033597,0,1,1
95076220,0,1,1
95108733,0,2,2
95194656,0,1,1
95262796,0,2,2
95283613,0,1,1
95322268,0,1,1
95497165,0,1,1
95508608,0,1,1
95624663,0,2,2
95712234,0,16,16
95752963,0,2,2
95931001,0,1,1
95934004,0,16,16
95952428,0,2,2
95955741,0,24,24
95991814,0,1,1
96097694,0,3,3
96152318,0,10,10
96164278,0,1,1
96230868,0,9,9
96242753,0,2,2
96269702,0,3,3
96591999,0,2,2
96607114,0,1,1
96831082,0,6,6
96936076,0,2,2
96958758,0,1,1
97004276,0,1,1
97009960,0,3,3
97035408,0,35,35
97103364,0,1,1
97125041,0,1,1
97131914,0,1,1
97132136,0,1,1
97265690,0,4,4
97341190,0,1,1
97467754,0,12,12
97486682,0,3,3
97503267,0,2,2
97544634,0,1,1
97566157,0,1,1
97572930,0,1,1
97575268,0,34,34
97942529,0,2,2
97953843,0,1,1
98091247,0,4,4
98121293,0,5,5
98280246,0,3,3
98296488,0,1,1
98337344,0,3,3
98418473,0,1,1
98574241,0,6,6
98707785,0,1,1
98726426,0,1,1
98744517,0,1,1
98838029,0,5,5
98844505,0,3,3
98938235,0,1,1
99041048,0,2,2
99107553,0,1,1
99187521,0,2,2
99254781,0,2,2
99394632,0,2,2
99466917,0,1,1
99668088,0,1,1
99739484,0,3,3
99813153,0,1,1
100132110,0,1,1
100314417,0,1,1
100375287,0,1,1
100383735,0,1,1
100538269,0,2,2
100645158,0,1,1
100676268,0,1,1
100773275,0,3,3
100784053,0,1,1
100789269,0,3,3
100974454,0,2,2
101011996,0,1,1
101019526,0,1,1
101042885,0,3,3
101051965,0,1,1
101060871,0,15,15
101075485,0,1,1
101098094,0,1,1
101136995,0,1,1
101324088,0,4,4
101476381,0,1,1
101537354,0,11,11
101864869,0,1,1
101870031,0,1,1
101890863,0,1,1
101948450,0,51,51
102144327,0,1,1
102179553,0,1,1
102190854,0,3,3
102348295,0,1,1
102382314,0,16,16
102473561,0,11,11
102540229,0,1,1
102699780,0,1,1
102748068,0,96,96
102827110,0,3,3
102836022,0,7,7
102941495,0,2,2
103111046,0,2,2
103171265,0,1,1
103212298,0,4,4
103258304,0,1,1
103518355,0,1,1
103602707,0,4,4
103644616,0,2,2
103808288,0,1,1
103858258,0,1,1
103888166,0,1,1
103902751,0,2,2
104097190,0,2,2
104316710,0,94,94
104603678,0,1,1
104616026,0,2,2
104646949,0,16,16
104677075,0,3,3
104752822,0,1,1
105039186,0,1,1
105255088,0,4,4
105365899,0,1,1
105474616,0,1,1
105549159,0,3,3
105583943,0,1,1
105621798,0,12,12
105630657,0,3,3
105673442,0,2,2
105807981,0,1,1
105889352,0,3,3
105930649,0,2,2
106165896,0,1,1
106200494,0,7,7
106289076,0,1,1
106542818,0,1,1
106556303,0,1,1
106579985,0,2,2
106704211,0,2,2
106842410,0,1,1
106904750,0,44,44
106929956,0,2,2
107139672,0,13,13
107169602,0,21,21
107190600,0,5,5
107197761,0,3,3
107227254,0,6,6
107232374,0,1,1
107294816,0,1,1
107337134,0,5,5
107525017,0,4,4
107716158,0,10,10
107738550,0,1,1
107801808,0,7,7
108091475,0,8,8
108149132,0,2,2
108268144,0,2,2
108291599,0,1,1
108491791,0,1,1
108582049,0,9,9
108617608,0,1,1
108695384,0,1,1
108786373,0,2,2
109042499,0,3,3
109175519,0,2,2
109288577,0,4,4
109425560,0,3,3
109567181,0,1,1
109586641,0,13,13
109669677,0,1,1
109895940,0,1,1
109968678,0,5,5
109992655,0,6,6
110017672,0,1,1
110293721,0,2,2
110354407,0,2,2
110356756,0,3,3
110399224,0,15,15
110648922,0,2,2
110651234,0,2,2
110819576,0,4,4
110865831,0,1,1
111106012,0,1,1
111128175,0,1,1
111228777,0,1,1
111291262,0,6,6
111412394,0,1,1
111431901,0,4,4
111469408,0,3,3
111621052,0,1,1
111688726,0,6,6
111803463,0,3,3
111906975,0,4,4
111964902,0,1,1
111964963,0,1,1
112033226,0,1,1
112033814,0,15,15
112096237,0,5,5
112202324,0,1,1
112243614,0,1,1
112255972,0,22,22
112265447,0,6,6
112272935,0,1,1
112377852,0,1,1
112524101,0,3,3
112599724,0,5,5
112621864,0,1,1
112810120,0,3,3
112901232,0,12,12
112954185,0,3,3
112986735,0,1,1
113125655,0,4,4
113149998,0,3,3
113172990,0,1,1
113209356,0,1,1
113576435,0,2,2
113658741,0,7,7
113705514,0,1,1
114100507,0,1,1
114108929,0,4,4
114216255,0,13,13
114371202,0,1,1
114372993,0,2,2
114540556,0,2,2
114662589,0,1,1
114677336,0,8,8
114685537,0,1,1
114874968,0,1,1
114893327,0,4,4
115018983,0,12,12
115084046,0,1,1
115168469,0,2,2
115207237,0,1,1
115253134,0,3,3
115284178,0,1,1
115487354,0,1,1
115501724,0,1,1
115572437,0,1,1
115744814,0,4,4
116069645,0,2,2
116219141,0,1,1
116292493,0,6,6
116399310,0,5,5
116546398,0,1,1
116731250,0,8,8
116750769,0,1,1
116857849,0,3,3
116872132,0,2,2
116875452,0,1,1
116877634,0,2,2
116928591,0,13,13
116963243,0,1,1
117010608,0,7,7
117188552,0,1,1
117192464,0,10,10
117216152,0,1,1
117254961,0,1,1
117367009,0,4,4
117461147,0,2,2
117554744,0,4,4
117564531,0,18,18
117581264,0,1,1
117716965,0,1,1
117752624,0,8,8
117760656,0,1,1
117776719,0,1,1
117779821,0,1,1
117882487,0,2,2
118158666,0,1,1
118188884,0,1,1
118197586,0,1,1
118247587,0,3,3
118258706,0,1,1
118289472,0,1,1
118498856,0,1,1
118597826,0,79,79
118717889,0,2,2
118899233,0,2,2
118980170,0,1,1
118983890,0,5,5
118997881,0,60,60
119038924,0,14,14
119105163,0,1,1
119113904,0,6,6
119115365,0,1,1
119252795,0,57,57
119680292,0,2,2
119973634,0,2,2
119974794,0,5,5
120003130,0,2,2
120049976,0,1,1
120080638,0,1,1
120120843,0,4,4
120136518,0,3,3
120315892,0,4,4
120322406,0,2,2
120685016,0,1,1
120929375,0,1,1
121168856,0,1,1
121206144,0,1,1
121296318,0,1,1
121458734,0,1,1
121497721,0,3,3
121517897,0,1,1
121627559,0,1,1
121790891,0,16,16
121846854,0,8,8
122115696,0,1,1
122412557,0,2,2
122501581,0,2,2
122502310,0,1,1
122626180,0,1,1
122792034,0,2,2
122977347,0,2,2
123099155,0,1,1
123332120,0,3,3
123432109,0,1,1
123434348,0,4,4
123434884,0,2,2
123954552,0,2,2
123970313,0,1,1
124081165,0,1,1
124184205,0,1,1
124262013,0,1,1
124264228,0,4,4
124313641,0,1,1
124350676,0,1,1
124402685,0,3,3
124439683,0,1,1
124455566,0,1,1
124506326,0,1,1
124569788,0,1,1
124686829,0,1,1
125210444,0,1,1
125700072,0,1,1
125766599,0,1,1
125785769,0,1,1
125803831,0,2,2
125875014,0,3,3
125878051,0,1,1
125935401,0,111,111
126024367,0,1,1
126145604,0,45,45
126169279,0,1,1
126459718,0,1,1
126529239,0,4,4
126696346,0,1,1
126703514,0,1,1
127054148,0,27,27
127238107,0,11,11
127502172,0,1,1
127544978,0,1,1
127665805,0,1,1
127791708,0,4,4
128112642,0,2,2
128296685,0,1,1
128353949,0,4,4
128393773,0,1,1
128577578,0,1,1
128657259,0,4,4
129264378,0,1,1
129294069,0,1,1
129528383,0,18,18
129692244,0,4,4
129815395,0,1,1
129844636,0,10,10
129845488,0,1,1
129867591,0,2,2
129954940,0,3,3
130068583,0,1,1
130128708,0,5,5
130347030,0,7,7
130577244,0,1,1
130622736,0,1,1
130698495,0,1,1
130734118,0,1,1
130777685,0,4,4
130927321,0,10,10
130931982,0,1,1
130955168,0,1,1
130965996,0,3,3
131097721,0,1,1
131222772,0,3,3
131401034,0,1,1
131652976,0,1,1
131696229,0,1,1
131926467,0,3,3
132189820,0,2,2
132210296,0,1,1
132301166,0,3,3
132316013,0,2,2
132683899,0,1,1
132800827,0,1,1
132918446,0,25,25
132971510,0,1,1
133035313,0,9,9
133038260,0,11,11
133072252,0,1,1
133112062,0,1,1
133249473,0,6,6
133316482,0,1,1
133444488,0,3,3
133491839,0,2,2
133538336,0,1,1
133710579,0,1,1
133727197,0,1,1
133806972,0,1,1
133853074,0,1,1
133854874,0,1,1
134020737,0,1,1
134103827,0,5,5
134133790,0,7,7
134141602,0,1,1
134260043,0,7,7
134313841,0,30,30
134343411,0,9,9
134478271,0,3,3
134529845,0,3,3
134622029,0,2,2
134909017,0,1,1
134977283,0,5,5
135061313,0,3,3
135104493,0,1,1
135198813,0,2,2
135311576,0,6,6
135515077,0,3,3
135608573,0,1,1
135626120,0,2,2
135641336,0,22,22
135699509,0,2,2
135710839,0,1,1
135747563,0,1,1
135836213,0,14,14
135997883,0,10,10
136021628,0,1,1
136254384,0,2,2
136367886,0,5,5
136476512,0,1,1
136494317,0,2,2
136508215,0,10,10
136511852,0,1,1
136863940,0,1,1
137010854,0,3,3
137044362,0,5,5
137187477,0,1,1
137196466,0,2,2
137460214,0,1,1
137469576,0,2,2
137499729,0,3,3
137525304,0,1,1
137550152,0,1,1
137558923,0,9,9
137566910,0,2,2
137734165,0,1,1
137800333,0,1,1
137819781,0,9,9
138107346,0,2,2
138248654,0,1,1
138262110,0,1,1
138274097,0,18,18
138422213,0,2,2
138460384,0,8,8
138525938,0,1,1
138602704,0,1,1
138630798,0,3,3
138967732,0,3,3
139020599,0,3,3
139092549,0,6,6
139115777,0,7,7
139233270,0,1,1
139279642,0,1,1
139458452,0,9,9
139794985,0,7,7
139937568,0,2,2
140204146,0,1,1
140286364,0,1,1
140485642,0,1,1
140486422,0,8,8
140797358,0,1,1
140801488,0,5,5
140829551,0,19,19
140971463,0,5,5
141182057,0,1,1
141237418,0,3,3
141331600,0,4,4
141346888,0,1,1
141457308,0,1,1
141593232,0,19,19
141685434,0,12,12
141728765,0,1,1
141857613,0,6,6
142089373,0,2,2
142166985,0,1,1
142358348,0,72,72
142441262,0,1,1
142835165,0,2,2
142849589,0,1,1
142970537,0,5,5
143173013,0,1,1
143182225,0,1,1
143276350,0,1,1
143376932,0,1,1
143394678,0,1,1
143400404,0,1,1
143451947,0,1,1
143541561,0,1,1
143582473,0,1,1
143605954,0,1,1
143713926,0,1,1
143903442,0,1,1
143921166,0,1,1
144042287,0,1,1
144072171,0,3,3
144101650,0,2,2
144307925,0,1,1
144668938,0,1,1
144720843,0,4,4
144985856,0,11,11
145049762,0,1,1
145369136,0,4,4
145380689,0,2,2
145450074,0,5,5
145671928,0,1,1
145693296,0,1,1
145811189,0,1,1
146191413,0,2,2
146631023,0,22,22
146656593,0,1,1
146724111,0,2,2
146956535,0,3,3
146967921,0,4,4
147238537,0,1,1
147527996,0,1,1
147703754,0,1,1
147820097,0,1,1
148074004,0,2,2
148100545,0,4,4
148369561,0,1,1
148378010,0,9,9
148446448,0,8,8
148509962,0,11,11
148812852,0,1,1
149069407,0,3,3
149199802,0,1,1
149333904,0,1,1
149340471,0,3,3
149411992,0,1,1
149658030,0,1,1
149975058,0,19,19
150066868,0,1,1
150156564,0,6,6
150212862,0,3,3
150258260,0,1,1
150382108,0,1,1
150760026,0,1,1
150903839,0,4,4
151162090,0,1,1
151581474,0,1,1
151591844,0,1,1
151674887,0,1,1
151732541,0,4,4
151958683,0,1,1
152378765,0,14,14
152431558,0,3,3
152577400,0,2,2
152694430,0,7,7
152902013,0,1,1
153259451,0,1,1
153346091,0,1,1
153440886,0,3,3
153535259,0,3,3
153591097,0,1,1
153665054,0,1,1
153745521,0,2,2
153881031,0,1,1
153971897,0,1,1
154077635,0,2,2
154124224,0,5,5
154144066,0,1,1
154252486,0,1,1
154314258,0,2,2
154521153,0,2,2
154711913,0,4,4
155230346,0,3,3
155336108,0,1,1
155359721,0,5,5
155585042,0,2,2
155631208,0,8,8
155942212,0,2,2
155960966,0,1,1
156134096,0,2,2
156166269,0,3,3
156292540,0,1,1
156341257,0,1,1
156502651,0,1,1
156765445,0,11,11
156777139,0,3,3
156867263,0,3,3
156971787,0,1,1
157175496,0,1,1
157201795,0,2,2
157249072,0,2,2
157390637,0,6,6
157441954,0,1,1
157612078,0,4,4
158026938,0,3,3
158201336,0,4,4
158276017,0,5,5
158373484,0,18,18
158490443,0,1,1
158755220,0,3,3
158771578,0,3,3
159316103,0,11,11
159566541,0,1,1
159655293,0,5,5
159879501,0,1,1
159939699,0,3,3
160016975,0,2,2
160018717,0,1,1
160035129,0,4,4
160096612,0,1,1
160324313,0,4,4
160470855,0,3,3
160549452,0,3,3
160711078,0,1,1
161066868,0,1,1
161362785,0,4,4
161540547,0,3,3
161640760,0,4,4
161862736,0,17,17
162112772,0,15,15
162116832,0,2,2
162217935,0,1,1
162417300,0,1,1
162452290,0,5,5
162617050,0,4,4
162917531,0,4,4
162959093,0,5,5
162971311,0,4,4
163219324,0,1,1
163358094,0,1,1
163575535,0,9,9
163667724,0,4,4
163806792,0,1,1
163971499,0,48,48
164120417,0,1,1
164283617,0,6,6
164318228,0,1,1
164329896,0,1,1
164524644,0,2,2
164579705,0,1,1
164773759,0,1,1
164792411,0,2,2
165020575,0,1,1
165091851,0,1,1
165594981,0,5,5
165821687,0,14,14
165892387,0,1,1
165949044,0,2,2
166183171,0,1,1
166222841,0,1,1
166275070,0,5,5
166554657,0,1,1
166675932,0,1,1
166685500,0,1,1
166732082,0,1,1
167001919,0,1,1
167017407,0,2,2
167113623,0,1,1
167414655,0,1,1
167472306,0,6,6
167508987,0,1,1
167566274,0,1,1
167629502,0,1,1
167676129,0,6,6
167781268,0,1,1
167786742,0,2,2
167800274,0,7,7
167945636,0,1,1
168049450,0,4,4
168322236,0,1,1
168518243,0,37,37
168755405,0,6,6
168819736,0,1,1
168916053,0,1,1
168922607,0,2,2
169087404,0,1,1
169387900,0,1,1
169601951,0,5,5
169958381,0,6,6
170022711,0,3,3
170059087,0,3,3
170245055,0,4,4
170405926,0,1,1
170717745,0,1,1
170751954,0,1,1
170813733,0,10,10
170921358,0,14,14
170956028,0,1,1
171121285,0,2,2
171542216,0,2,2
171656520,0,28,28
171728016,0,1,1
171944275,0,1,1
172233669,0,1,1
172340962,0,2,2
172453184,0,2,2
172612269,0,16,16
172832510,0,1,1
172884817,0,14,14
172910872,0,5,5
173042302,0,1,1
173095751,0,1,1
173241662,0,2,2
173293635,0,1,1
173498997,0,1,1
173643162,0,1,1
173832763,0,3,3
173919208,0,1,1
173951950,0,6,6
173986178,0,1,1
174060561,0,1,1
174182308,0,1,1
174208609,0,2,2
174503107,0,2,2
174615064,0,1,1
174667587,0,1,1
174729596,0,15,15
174796848,0,3,3
174935459,0,4,4
175006405,0,13,13
175029377,0,7,7
175073276,0,1,1
175221034,0,6,6
175448234,0,1,1
175470877,0,132,132
175561777,0,3,3
175731612,0,1,1
176071450,0,7,7
176242491,0,1,1
176667030,0,4,4
176931662,0,1,1
176945080,0,5,5
176996736,0,8,8
177319551,0,1,1
177328552,0,1,1
177335809,0,2,2
177355075,0,2,2
177429680,0,1,1
177433166,0,2,2
177447658,0,2,2
177659654,0,1,1
177743349,0,1,1
177968786,0,1,1
178191397,0,1,1
178336405,0,5,5
178436342,0,2,2
178609161,0,5,5
178852966,0,2,2
179299006,0,3,3
179337389,0,9,9
180145936,0,1,1
180403238,0,2,2
180628461,0,2,2
180654065,0,1,1
180699760,0,2,2
180720830,0,1,1
180891004,0,1,1
180999554,0,1,1
181413116,0,4,4
181838231,0,3,3
181918439,0,1,1
182121951,0,1,1
182298599,0,1,1
182685964,0,1,1
182691516,0,2,2
182969157,0,1,1
183333376,0,1,1
183351807,0,2,2
183428981,0,3,3
183732643,0,1,1
183745583,0,41,41
183829326,0,1,1
183856187,0,1,1
184046272,0,1,1
184603980,0,3,3
184673179,0,3,3
184940246,0,1,1
184959283,0,1,1
185021880,0,5,5
185240952,0,1,1
185321085,0,3,3
185499165,0,3,3
185503887,0,22,22
185542271,0,7,7
185570555,0,1,1
185652238,0,1,1
185659152,0,2,2
185680080,0,1,1
185694060,0,1,1
185707019,0,4,4
185807339,0,3,3
185998460,0,1,1
186159060,0,1,1
186317110,0,3,3
186336367,0,2,2
186621181,0,4,4
186651730,0,1,1
186656087,0,5,5
186951463,0,1,1
187040636,0,3,3
187153705,0,7,7
187416820,0,1,1
187727750,0,1,1
187763403,0,1,1
187811413,0,1,1
187821064,0,1,1
187880910,0,1,1
188080355,0,1,1
188089307,0,5,5
188153368,0,2,2
188167890,0,1,1
188194041,0,1,1
188280784,0,3,3
188499073,0,1,1
188524914,0,1,1
188529939,0,1,1
188629614,0,1,1
188846269,0,1,1
188877629,0,1,1
188962377,0,3,3
189184725,0,1,1
189262472,0,1,1
189353176,0,8,8
189393230,0,1,1
189735104,0,4,4
190086036,0,5,5
190466619,0,2,2
190493472,0,4,4
190568223,0,1,1
190627699,0,1,1
190643442,0,8,8
190853327,0,1,1
190948576,0,12,12
191332478,0,2,2
191358602,0,2,2
191463695,0,56,56
191538028,0,14,14
191558578,0,3,3
191836409,0,1,1
191909968,0,1,1
192066576,0,10,10
192281768,0,1,1
192320229,0,1,1
192342226,0,5,5
192758355,0,1,1
192820346,0,1,1
192940709,0,1,1
193177584,0,1,1
193504121,0,1,1
193537965,0,2,2
193738746,0,2,2
193870239,0,6,6
193890271,0,2,2
193915171,0,2,2
193963518,0,3,3
194347951,0,1,1
194688433,0,1,1
194866876,0,3,3
194870705,0,2,2
194911597,0,1,1
194914919,0,1,1
195278730,0,2,2
195644299,0,1,1
195850342,0,1,1
195853241,0,2,2
196235093,0,2,2
196346232,0,1,1
196465635,0,4,4
196498008,0,8,8
197083089,0,4,4
197133093,0,2,2
197250976,0,10,10
197260790,0,1,1
197268240,0,1,1
197493851,0,5,5
197522943,0,1,1
197561464,0,1,1
197587476,0,87,87
197595733,0,1,1
197641267,0,1,1
197666339,0,8,8
197945884,0,1,1
197984281,0,1,1
198006478,0,28,28
198202008,0,10,10
198214801,0,3,3
198243591,0,1,1
198526261,0,1,1
198581287,0,2,2
198783498,0,1,1
198858209,0,9,9
198920390,0,2,2
198939871,0,17,17
198943633,0,1,1
198967539,0,1,1
199148545,0,10,10
199152144,0,1,1
199342557,0,1,1
199692829,0,1,1
199796064,0,7,7
199940227,0,2,2
199989438,0,1,1
200098418,0,4,4
200186856,0,3,3
200581986,0,20,20
200925366,0,3,3
200950782,0,2,2
201022141,0,9,9
201065898,0,3,3
201347648,0,1,1
201354869,0,1,1
201404613,0,54,54
201461965,0,5,5
201757835,0,3,3
202015880,0,5,5
202309561,0,11,11
202738809,0,6,6
203615803,0,1,1
203845120,0,1,1
204269291,0,1,1
204927780,0,4,4
205291349,0,28,28
205328843,0,1,1
205779692,0,1,1
205810258,0,1,1
205845373,0,8,8
206066452,0,10,10
206445421,0,7,7
206586228,0,4,4
206772535,0,1,1
207328216,0,1,1
207483866,0,3,3
207574119,0,2,2
207731256,0,2,2
207960037,0,1,1
208061815,0,2,2
208069580,0,4,4
208317185,0,1,1
208421808,0,1,1
208597411,0,3,3
209125836,0,1,1
209131071,0,2,2
209230523,0,1,1
209509382,0,1,1
209509727,0,5,5
209689374,0,1,1
209693873,0,2,2
209705208,0,4,4
209708388,0,1,1
209875356,0,3,3
209930972,0,1,1
210354346,0,3,3
210628712,0,1,1
210701929,0,5,5
210859386,0,1,1
210864904,0,4,4
210896793,0,4,4
210985245,0,2,2
211010371,0,2,2
211203869,0,1,1
211330131,0,2,2
211549671,0,10,10
211719593,0,1,1
211731353,0,1,1
211805177,0,2,2
211806546,0,2,2
211885017,0,2,2
212012071,0,8,8
212018308,0,2,2
212041423,0,1,1
212182908,0,1,1
212255294,0,2,2
212315254,0,1,1
212327199,0,6,6
212716225,0,6,6
213317741,0,1,1
213352541,0,2,2
213837183,0,26,26
213924196,0,1,1
213926578,0,16,16
214258936,0,1,1
214349931,0,1,1
214527020,0,1,1
214625181,0,3,3
215107252,0,3,3
215176067,0,3,3
215272354,0,2,2
215607622,0,9,9
215626965,0,7,7
215751049,0,1,1
215796576,0,1,1
216052035,0,2,2
216069678,0,1,1
216149084,0,1,1
216182873,0,2,2
216229498,0,1,1
216506988,0,1,1
216580014,0,17,17
216580632,0,1,1
216677127,0,2,2
216721784,0,1,1
216779161,0,4,4
216878216,0,1,1
216941569,0,3,3
216982735,0,1,1
217062423,0,1,1
217213819,0,1,1
217217632,0,1,1
217304598,0,4,4
217451194,0,18,18
217512803,0,2,2
217760975,0,1,1
217888826,0,3,3
218127993,0,25,25
218330454,0,1,1
219074016,0,1,1
219141728,0,4,4
219350601,0,2,2
219515719,0,1,1
219835064,0,2,2
219861878,0,1,1
219888459,0,1,1
220136501,0,1,1
220171590,0,1,1
220174132,0,1,1
220262998,0,3,3
220494771,0,1,1
220625927,0,1,1
220655759,0,8,8
220765190,0,1,1
220837902,0,1,1
220853886,0,2,2
221470945,0,9,9
221587987,0,7,7
221771423,0,1,1
221992638,0,13,13
222511870,0,2,2
222526398,0,1,1
222673383,0,4,4
222888857,0,4,4
222940035,0,1,1
222959095,0,2,2
223156943,0,1,1
223261343,0,2,2
223394183,0,3,3
223406575,0,1,1
223646158,0,1,1
223726908,0,1,1
223904974,0,10,10
223908057,0,3,3
224074140,0,1,1
224236048,0,1,1
224261193,0,7,7
224394866,0,1,1
224422109,0,4,4
224480202,0,10,10
224602796,0,1,1
224707727,0,1,1
224707791,0,2,2
224709022,0,8,8
224781035,0,5,5
224803329,0,1,1
224953153,0,8,8
225117468,0,1,1
225161148,0,1,1
225213881,0,2,2
225281022,0,4,4
225492241,0,1,1
225528897,0,1,1
225593430,0,1,1
225627392,0,1,1
225964437,0,1,1
225993605,0,1,1
226151460,0,7,7
226176697,0,1,1
226245877,0,1,1
226551388,0,1,1
226617221,0,1,1
226955623,0,1,1
226982938,0,2,2
227011369,0,8,8
227418665,0,1,1
227442095,0,2,2
227474464,0,1,1
227681728,0,2,2
227723254,0,1,1
227768690,0,1,1
227820421,0,1,1
228148164,0,3,3
228163120,0,3,3
228178281,0,1,1
228194174,0,2,2
228224897,0,6,6
228288215,0,1,1
228393242,0,26,26
228485003,0,1,1
228636643,0,1,1
228643062,0,11,11
228782448,0,1,1
228880011,0,1,1
228905948,0,7,7
228915094,0,2,2
229212879,0,2,2
229288510,0,5,5
229336117,0,1,1
229431399,0,1,1
229607765,0,1,1
229900664,0,5,5
229929755,0,2,2
230269599,0,5,5
230575835,0,3,3
230794604,0,1,1
230925844,0,1,1
231335481,0,1,1
231427692,0,4,4
231431933,0,1,1
231462698,0,1,1
231561671,0,1,1
231721615,0,2,2
231808828,0,7,7
231817768,0,1,1
231822653,0,11,11
231843097,0,1,1
231857545,0,1,1
231868810,0,6,6
231948618,0,8,8
231952749,0,2,2
231959279,0,19,19
232201624,0,4,4
232430057,0,3,3
232519487,0,1,1
232552553,0,2,2
232610728,0,46,46
232671785,0,5,5
232735564,0,1,1
232891829,0,1,1
233002228,0,2,2
233219193,0,1,1
233787856,0,2,2
234083580,0,1,1
234226460,0,1,1
234232526,0,1,1
234411459,0,1,1
234450293,0,1,1
234553086,0,36,36
234683126,0,1,1
234834075,0,1,1
234858548,0,2,2
235020227,0,2,2
235195516,0,1,1
235214631,0,1,1
235348276,0,2,2
235383689,0,2,2
235421244,0,4,4
235764604,0,1,1
235833602,0,1,1
236023605,0,13,13
236169150,0,1,1
236169496,0,4,4
236184182,0,6,6
236211892,0,2,2
236559536,0,5,5
236666398,0,1,1
236667384,0,6,6
236697299,0,1,1
236927554,0,2,2
237098793,0,2,2
237198536,0,1,1
237361027,0,1,1
237414083,0,4,4
237440126,0,1,1
237485046,0,2,2
237532792,0,1,1
237664564,0,10,10
237771800,0,30,30
237803690,0,1,1
237944931,0,1,1
238039875,0,1,1
238296275,0,1,1
238308507,0,5,5
238397932,0,1,1
238437242,0,5,5
238448965,0,1,1
238451352,0,1,1
238700590,0,3,3
238744409,0,1,1
238788821,0,2,2
238866018,0,1,1
239032386,0,8,8
239076469,0,3,3
239231559,0,2,2
239231885,0,1,1
239232928,0,1,1
239360907,0,1,1
239417082,0,2,2
239425427,0,1,1
240035321,0,2,2
240066314,0,1,1
240107224,0,1,1
240123773,0,5,5
240376317,0,1,1
240393947,0,1,1
240427839,0,1,1
240430833,0,5,5
240477248,0,5,5
240492000,0,3,3
240730449,0,1,1
241035228,0,3,3
241212622,0,1,1
241411618,0,1,1
241556253,0,1,1
241700937,0,1,1
242020760,0,2,2
242029272,0,1,1
242078217,0,16,16
242091608,0,1,1
242100066,0,1,1
242542119,0,2,2
242944499,0,3,3
242979477,0,1,1
242988968,0,107,107
243015900,0,3,3
243149020,0,1,1
243264646,0,11,11
243356205,0,4,4
243895651,0,1,1
244051583,0,2,2
244096406,0,1,1
244187644,0,1,1
244345019,0,1,1
244491552,0,1,1
244957467,0,4,4
245109455,0,2,2
245109882,0,2,2
245142070,0,1,1
245510319,0,5,5
245539297,0,1,1
245983319,0,44,44
246016664,0,10,10
246104784,0,1,1
246104987,0,6,6
246283132,0,1,1
246385872,0,4,4
246549718,0,2,2
246557633,0,2,2
246577227,0,1,1
246578729,0,1,1
246593922,0,4,4
246652085,0,2,2
246734396,0,2,2
246812851,0,1,1
246879333,0,1,1
247033767,0,1,1
247138913,0,1,1
247205326,0,1,1
247351724,0,5,5
247431223,0,1,1
247462443,0,2,2
247530542,0,2,2
247632274,0,1,1
247646085,0,1,1
247977296,0,1,1
248088143,0,1,1
248104475,0,2,2
248354234,0,1,1
248504728,0,4,4
248540427,0,1,1
248712612,0,1,1
248885857,0,1,1
248890348,0,3,3
248976665,0,8,8
249346205,0,1,1
249354917,0,5,5
249487267,0,1,1
249690154,0,1,1
249754488,0,3,3
249771246,0,1,1
249794334,0,2,2
249795922,0,3,3
249828025,0,2,2
249841274,0,9,9
249910346,0,13,13
249967890,0,1,1
249992999,0,1,1
250012251,0,1,1
250210168,0,1,1
250222776,0,1,1
250282856,0,1,1
250361112,0,4,4
250413725,0,1,1
250424497,0,1,1
250461467,0,2,2
250472491,0,1,1
250487126,0,1,1
250548574,0,2,2
250764122,0,1,1
250789312,0,1,1
250849265,0,2,2
250849580,0,21,21
250854849,0,1,1
250881182,0,2,2
250932808,0,1,1
250988555,0,2,2
251224456,0,15,15
251372939,0,1,1
251433672,0,2,2
251615646,0,1,1
251794885,0,1,1
252039125,0,1,1
252092201,0,1,1
252124525,0,1,1
252197019,0,21,21
252302639,0,1,1
252314185,0,1,1
252316372,0,1,1
252464060,0,2,2
252483853,0,23,23
252537018,0,1,1
252602388,0,1,1
252625589,0,1,1
252766425,0,11,11
252769571,0,3,3
252826664,0,3,3
253106887,0,1,1
253363737,0,11,11
253692883,0,2,2
253764587,0,1,1
253833669,0,4,4
254070424,0,1,1
254111890,0,2,2
254172719,0,6,6
254183244,0,2,2
254283240,0,9,9
254385225,0,1,1
254525743,0,3,3
254766583,0,1,1
255182895,0,1,1
255210031,0,1,1
255269206,0,3,3
255381930,0,6,6
255394028,0,4,4
255400786,0,1,1
255810544,0,2,2
255835899,0,1,1
256120992,0,2,2
256298734,0,11,11
256301185,0,7,7
256473901,0,6,6
256767444,0,2,2
256806974,0,3,3
256906621,0,1,1
256917973,0,1,1
257221086,0,2,2
257284273,0,5,5
257523481,0,3,3
257550955,0,1,1
257577278,0,2,2
257886199,0,4,4
258001574,0,11,11
258004762,0,2,2
258121270,0,39,39
258153570,0,1,1
258189085,0,1,1
258218805,0,1,1
258219533,0,1,1
258497039,0,2,2
258928741,0,6,6
259330135,0,2,2
259332708,0,3,3
259353669,0,1,1
259471346,0,1,1
259506637,0,36,36
259730041,0,1,1
259812393,0,3,3
259820036,0,1,1
259856497,0,5,5
259872468,0,4,4
259876350,0,1,1
259936473,0,1,1
259970736,0,1,1
260277622,0,3,3
260324721,0,2,2
260423766,0,1,1
260461299,0,1,1
260754244,0,3,3
260821735,0,1,1
260885616,0,5,5
260915622,0,1,1
260928337,0,2,2
261075444,0,2,2
261121513,0,15,15
261324001,0,2,2
261375916,0,2,2
261418180,0,8,8
261436967,0,3,3
261556534,0,1,1
261899285,0,1,1
261913883,0,1,1
261939426,0,7,7
261984622,0,1,1
262033221,0,2,2
262280035,0,1,1
262365083,0,2,2
262422224,0,4,4
262509745,0,2,2
262548875,0,6,6
262581798,0,1,1
262735484,0,2,2
262809617,0,1,1
262845998,0,1,1
262857382,0,1,1
262892157,0,1,1
263188233,0,2,2
263282354,0,1,1
263291189,0,1,1
263353542,0,1,1
263368221,0,1,1
263389420,0,1,1
263415798,0,5,5
263426280,0,1,1
263436470,0,1,1
263500269,0,2,2
263502527,0,2,2
263708122,0,12,12
263879455,0,4,4
263966773,0,7,7
264192601,0,15,15
264278889,0,1,1
264455390,0,3,3
264494812,0,1,1
264518064,0,3,3
264617724,0,2,2
264818472,0,9,9
264827933,0,1,1
264864363,0,2,2
265149228,0,1,1
265200748,0,1,1
265533547,0,1,1
265576006,0,1,1
265642404,0,2,2
265743592,0,8,8
266200540,0,3,3
266205905,0,5,5
266228055,0,1,1
266316336,0,4,4
266446795,0,1,1
266650070,0,1,1
266663514,0,1,1
266903898,0,1,1
267012392,0,1,1
267028236,0,4,4
267121768,0,1,1
267200042,0,1,1
267221643,0,136,136
267313351,0,1,1
267342991,0,9,9
267389190,0,2,2
267597374,0,1,1
267862252,0,3,3
267953837,0,1,1
268014445,0,5,5
268039129,0,2,2
268469704,0,8,8
268590342,0,1,1
268662889,0,2,2
268793564,0,1,1
268961259,0,1,1
269060506,0,1,1
269415575,0,1,1
269460661,0,1,1
269548441,0,95,95
269585830,0,1,1
269586381,0,1,1
269871152,0,3,3
269922271,0,1,1
269941394,0,1,1
269946818,0,4,4
270015356,0,1,1
270059554,0,2,2
270318758,0,1,1
270345325,0,3,3
270380202,0,1,1
270394612,0,11,11
270598897,0,2,2
270606239,0,1,1
270625550,0,1,1
270717589,0,3,3
270866309,0,1,1
270898230,0,1,1
270922944,0,1,1
271055390,0,8,8
271116428,0,1,1
271239847,0,8,8
271486225,0,1,1
271759339,0,12,12
272090683,0,1,1
272158038,0,1,1
272160092,0,1,1
272205314,0,1,1
272505891,0,17,17
272676324,0,1,1
272761939,0,1,1
272787821,0,1,1
272969872,0,2,2
273042317,0,2,2
273076682,0,8,8
273093793,0,1,1
273107957,0,3,3
273328854,0,1,1
273465530,0,4,4
273975910,0,3,3
274109636,0,2,2
274176505,0,10,10
274178480,0,3,3
274186560,0,1,1
274200996,0,16,16
274258802,0,2,2
274286888,0,3,3
274630065,0,1,1
274631567,0,3,3
274667404,0,1,1
274689632,0,1,1
274723688,0,1,1
274860023,0,6,6
275236901,0,2,2
275242508,0,1,1
275318912,0,2,2
275337378,0,1,1
275573358,0,1,1
275661820,0,1,1
275831946,0,2,2
275968893,0,1,1
276095569,0,2,2
276218249,0,16,16
276280852,0,1,1
276328627,0,1,1
276581844,0,2,2
276606945,0,1,1
276748074,0,3,3
276775831,0,1,1
276791546,0,3,3
276797045,0,1,1
276996532,0,1,1
277034700,0,3,3
277154056,0,147,147
277175095,0,1,1
277232613,0,4,4
277267331,0,1,1
277269922,0,1,1
277324671,0,1,1
277526421,0,1,1
277898037,0,1,1
277904141,0,1,1
278116626,0,1,1
278322481,0,9,9
278587390,0,1,1
278855694,0,4,4
278873365,0,1,1
278886215,0,1,1
279071495,0,1,1
279190265,0,1,1
279208035,0,1,1
279499343,0,37,37
279618508,0,141,141
279644970,0,2,2
279848816,0,1,1
279926277,0,1,1
279934914,0,2,2
279964994,0,1,1
280041965,0,1,1
280206899,0,1,1
280288703,0,2,2
280321148,0,7,7
280656200,0,1,1
280846776,0,1,1
280941682,0,1,1
281008995,0,1,1
281168313,0,4,4
281177410,0,1,1
281280253,0,1,1
281289866,0,2,2
281327221,0,1,1
281339344,0,17,17
281342584,0,2,2
281351319,0,3,3
281366656,0,1,1
281687007,0,1,1
281783417,0,1,1
281924142,0,1,1
281971094,0,1,1
282108074,0,1,1
282279155,0,1,1
282327219,0,1,1
282545244,0,3,3
282684014,0,1,1
283127406,0,1,1
283194052,0,4,4
283254293,0,1,1
283270318,0,8,8
284135351,0,4,4
284268000,0,63,63
284296690,0,7,7
284744667,0,7,7
284840167,0,1,1
284943120,0,1,1
285090057,0,1,1
285206610,0,1,1
285393713,0,1,1
285778196,0,9,9
285809755,0,2,2
285983661,0,3,3
286000294,0,2,2
286801886,0,30,30
286850669,0,1,1
286853713,0,1,1
287093889,0,1,1
287495410,0,8,8
287506873,0,58,58
287963467,0,15,15
287996824,0,2,2
288389092,0,5,5
288429515,0,2,2
288919511,0,1,1
289037934,0,1,1
289238855,0,1,1
289570550,0,1,1
289610387,0,1,1
289611092,0,1,1
289734575,0,14,14
290157413,0,4,4
290222727,0,1,1
290230743,0,4,4
290265539,0,1,1
290495747,0,2,2
290603114,0,1,1
290664328,0,5,5
290838890,0,1,1
290843855,0,1,1
290846422,0,2,2
291128351,0,1,1
291242443,0,3,3
291453848,0,5,5
291486101,0,1,1
291506832,0,18,18
291534925,0,1,1
291565720,0,4,4
291998449,0,2,2
292065936,0,6,6
292093124,0,1,1
292170536,0,1,1
292615810,0,7,7
292675477,0,2,2
292721906,0,5,5
292779390,0,2,2
292855258,0,1,1
292893270,0,2,2
293008836,0,3,3
293061665,0,1,1
293610732,0,10,10
293798728,0,1,1
293935323,0,1,1
294194711,0,1,1
294266436,0,20,20
294319580,0,1,1
294420197,0,1,1
294725964,0,1,1
294911068,0,1,1
294934299,0,1,1
295274019,0,1,1
295394265,0,1,1
295434849,0,2,2
295448493,0,2,2
295460441,0,5,5
295711337,0,3,3
295773642,0,7,7
295932958,0,1,1
296143004,0,1,1
296375143,0,1,1
296387393,0,1,1
296441293,0,3,3
296456026,0,3,3
296485609,0,1,1
296495406,0,1,1
296577794,0,1,1
297078835,0,2,2
297142657,0,1,1
297188339,0,4,4
297265083,0,4,4
297535251,0,1,1
297661196,0,1,1
297681812,0,2,2
297715062,0,3,3
297747061,0,1,1
297837635,0,1,1
298199568,0,1,1
298225217,0,1,1
298312735,0,1,1
298370657,0,2,2
298428798,0,1,1
298808025,0,4,4
299313074,0,1,1
299341234,0,1,1
299361805,0,6,6
299452821,0,25,25
299653624,0,1,1
299683375,0,1,1
299719194,0,14,14
299804178,0,1,1
299834368,0,1,1
299864272,0,19,19
299912962,0,1,1
299928077,0,2,2
299987273,0,1,1
300290452,0,1,1
300363466,0,1,1
300482600,0,1,1
300533440,0,8,8
300577583,0,1,1
300716819,0,9,9
300909212,0,2,2
300927831,0,2,2
301012438,0,1,1
301082998,0,6,6
301110178,0,6,6
301219529,0,1,1
301370129,0,1,1
301463253,0,9,9
301515863,0,1,1
301618800,0,1,1
301668791,0,1,1
301787150,0,5,5
301928164,0,3,3
302213649,0,3,3
302223003,0,1,1
302722774,0,1,1
303003865,0,2,2
303163327,0,1,1
303841084,0,1,1
304055868,0,1,1
304250102,0,1,1
304508532,0,1,1
304710394,0,8,8
304795130,0,7,7
305167069,0,2,2
305350343,0,1,1
305620300,0,1,1
305713110,0,9,9
306000366,0,3,3
306187678,0,2,2
306206481,0,3,3
306520975,0,2,2
306624918,0,1,1
307396990,0,2,2
307584788,0,2,2
307679454,0,2,2
307679667,0,1,1
307705885,0,1,1
308250440,0,1,1
308711121,0,1,1
308768810,0,2,2
309126590,0,3,3
309144507,0,4,4
309161493,0,1,1
309398514,0,2,2
309441567,0,5,5
309893693,0,1,1
309900349,0,2,2
309998504,0,8,8
310028318,0,1,1
310221185,0,1,1
310283276,0,3,3
310331505,0,30,30
310464192,0,1,1
310573917,0,1,1
310668583,0,1,1
310673881,0,3,3
310692410,0,1,1
310869334,0,5,5
311043050,0,1,1
311205060,0,2,2
311352779,0,1,1
311491643,0,1,1
311662056,0,1,1
312124514,0,10,10
312169591,0,2,2
312217465,0,1,1
312226441,0,1,1
312805675,0,2,2
312842906,0,2,2
312994350,0,1,1
313554369,0,1,1
313621046,0,2,2
313873699,0,1,1
313879788,0,3,3
314012148,0,1,1
314151079,0,2,2
314306802,0,1,1
315015207,0,3,3
315331161,0,8,8
315394640,0,3,3
315525617,0,1,1
315906352,0,1,1
315924076,0,1,1
316095229,0,1,1
316234686,0,1,1
316275790,0,2,2
316557040,0,1,1
316631750,0,1,1
317135855,0,16,16
317381878,0,1,1
317424996,0,3,3
317435270,0,1,1
317647398,0,4,4
317662316,0,2,2
318280471,0,2,2
318301281,0,3,3
318630625,0,2,2
318641108,0,1,1
318667912,0,1,1
318705439,0,1,1
319000736,0,1,1
319229913,0,1,1
319306826,0,2,2
319471371,0,1,1
319584294,0,3,3
319796232,0,2,2
319872390,0,2,2
320250706,0,1,1
320338274,0,8,8
320730796,0,59,59
320753762,0,1,1
321030936,0,1,1
321086180,0,1,1
321150758,0,1,1
321394312,0,1,1
321582795,0,1,1
321669115,0,17,17
321840876,0,175,175
322005490,0,3,3
322301006,0,1,1
322329677,0,4,4
322688820,0,6,6
323021389,0,6,6
323279944,0,1,1
323523842,0,1,1
323525494,0,5,5
323704150,0,2,2
323985136,0,6,6
324062298,0,19,19
324132656,0,1,1
324762779,0,1,1
325029381,0,1,1
325862759,0,1,1
325866689,0,3,3
325927876,0,13,13
326564615,0,1,1
326650759,0,1,1
326930240,0,1,1
327123433,0,1,1
327320627,0,2,2
327365775,0,12,12
327373495,0,1,1
327584182,0,2,2
327592612,0,10,10
327660858,0,1,1
328246041,0,3,3
328450695,0,21,21
328550709,0,1,1
328626719,0,8,8
328737084,0,1,1
328755162,0,2,2
328776431,0,2,2
328808490,0,1,1
329162423,0,1,1
329262608,0,1,1
329348771,0,3,3
329449173,0,4,4
329518426,0,1,1
329625824,0,1,1
329628632,0,1,1
329811899,0,1,1
330065500,0,1,1
330082842,0,1,1
330100136,0,3,3
330235407,0,2,2
330356064,0,1,1
330494462,0,4,4
330585234,0,8,8
330830470,0,1,1
331349577,0,1,1
331559475,0,1,1
331962268,0,1,1
331991211,0,1,1
332040086,0,1,1
332273258,0,5,5
332319997,0,1,1
332988053,0,1,1
333113172,0,1,1
333568505,0,5,5
334289052,0,1,1
334295039,0,1,1
334395557,0,1,1
334458598,0,1,1
334803455,0,1,1
335321570,0,15,15
335322803,0,1,1
335444844,0,1,1
335664271,0,2,2
335811831,0,1,1
336058911,0,1,1
336072154,0,2,2
336502284,0,4,4
336711244,0,3,3
336748775,0,1,1
336780573,0,1,1
337240694,0,5,5
337423854,0,1,1
337425712,0,1,1
337443348,0,2,2
337490766,0,1,1
337741836,0,3,3
337795465,0,56,56
337860264,0,1,1
337984821,0,1,1
338005354,0,1,1
338084577,0,1,1
338367625,0,6,6
338492591,0,25,25
338590117,0,1,1
338714985,0,4,4
338737167,0,1,1
338826144,0,1,1
338891922,0,3,3
339171937,0,1,1
339219655,0,36,36
339665321,0,1,1
339908412,0,1,1
339975373,0,2,2
340067849,0,3,3
340195981,0,1,1
340197944,0,1,1
340339911,0,2,2
340424509,0,4,4
340485889,0,10,10
340523273,0,3,3
340574597,0,4,4
340582322,0,3,3
340688912,0,1,1
340742079,0,2,2
340814188,0,4,4
340814333,0,5,5
341097838,0,2,2
341130361,0,1,1
341172184,0,23,23
341191272,0,7,7
341228627,0,2,2
341519708,0,5,5
341560776,0,1,1
341687647,0,3,3
341786103,0,1,1
342101068,0,1,1
342162655,0,1,1
342442526,0,6,6
342775968,0,1,1
342943009,0,5,5
342952204,0,5,5
343267879,0,5,5
343327974,0,2,2
343503849,0,4,4
343661698,0,2,2
343676150,0,3,3
344111422,0,1,1
344251613,0,1,1
344287885,0,1,1
344674735,0,1,1
344804767,0,1,1
344881608,0,23,23
345416963,0,3,3
345418083,0,1,1
345481285,0,7,7
345592846,0,1,1
345742505,0,2,2
345786040,0,2,2
345837023,0,2,2
346109837,0,2,2
346118131,0,3,3
346131034,0,1,1
346133690,0,4,4
346190154,0,2,2
346286245,0,1,1
346426193,0,1,1
346754757,0,13,13
346873640,0,1,1
346913016,0,9,9
347026311,0,1,1
347330117,0,2,2
347495994,0,1,1
347618965,0,1,1
347715440,0,1,1
347893016,0,6,6
348535377,0,1,1
348538102,0,1,1
348606769,0,3,3
348714609,0,2,2
348855602,0,2,2
348879184,0,1,1
348906684,0,1,1
349372439,0,7,7
349393609,0,1,1
349447135,0,7,7
349460761,0,1,1
349500534,0,2,2
349507404,0,3,3
349959444,0,2,2
350152275,0,2,2
350229696,0,2,2
350323523,0,1,1
350513063,0,1,1
350647665,0,3,3
350668223,0,1,1
350729457,0,1,1
350854490,0,1,1
350996406,0,1,1
351384310,0,1,1
352016435,0,2,2
352329625,0,3,3
352345125,0,2,2
352351629,0,5,5
352376804,0,1,1
352395644,0,1,1
352591016,0,1,1
352655797,0,2,2
352853232,0,1,1
353367520,0,1,1
353408253,0,1,1
353432031,0,1,1
353820295,0,2,2
354044734,0,3,3
354095129,0,2,2
355063281,0,3,3
355308934,0,2,2
355310689,0,1,1
355456336,0,1,1
355641725,0,2,2
356048628,0,1,1
356172054,0,1,1
356270826,0,1,1
356395816,0,1,1
356561769,0,1,1
356966890,0,1,1
357620009,0,1,1
357638319,0,1,1
357773223,0,1,1
357915802,0,1,1
358136980,0,3,3
358234696,0,1,1
358358542,0,1,1
358715927,0,1,1
358912874,0,1,1
358967064,0,1,1
359119646,0,2,2
359442436,0,3,3
359497684,0,14,14
359570287,0,4,4
359777828,0,1,1
359955645,0,16,16
359970200,0,1,1
360348383,0,1,1
360742888,0,3,3
360838242,0,2,2
360883992,0,1,1
361030098,0,1,1
361312031,0,3,3
361331292,0,1,1
361336377,0,27,27
361354878,0,1,1
361555389,0,4,4
361825938,0,1,1
362133776,0,1,1
362161097,0,1,1
362195994,0,1,1
362262956,0,4,4
362290415,0,50,50
362472167,0,4,4
362547740,0,5,5
362659950,0,3,3
362692576,0,2,2
362975422,0,1,1
363013571,0,11,11
363214118,0,11,11
363490496,0,1,1
363501068,0,1,1
363800608,0,4,4
363870211,0,1,1
363919311,0,1,1
364005244,0,1,1
364058195,0,1,1
364097086,0,1,1
364300319,0,8,8
364525222,0,3,3
364639577,0,1,1
365073587,0,3,3
365093718,0,1,1
365264829,0,2,2
365308196,0,3,3
365560977,0,3,3
365992946,0,1,1
366062667,0,2,2
366842064,0,4,4
366873869,0,3,3
367211065,0,2,2
367324293,0,2,2
367338132,0,1,1
367386653,0,4,4
367491153,0,1,1
367738318,0,1,1
367971242,0,1,1
368053684,0,3,3
368196789,0,2,2
368561321,0,1,1
368677073,0,1,1
368842919,0,3,3
369205909,0,1,1
369231934,0,1,1
369891106,0,2,2
370323494,0,5,5
370394210,0,13,13
370398818,0,7,7
370429269,0,1,1
370552834,0,9,9
370882820,0,168,168
370891358,0,3,3
371041079,0,6,6
371196267,0,9,9
371846193,0,7,7
371939678,0,1,1
372145761,0,1,1
372246658,0,1,1
372305000,0,1,1
372391272,0,1,1
372627574,0,1,1
372633530,0,1,1
372736052,0,1,1
373099660,0,1,1
373105029,0,2,2
373143817,0,1,1
373329390,0,1,1
373456804,0,1,1
373562841,0,1,1
373672070,0,1,1
373972787,0,1,1
374019844,0,3,3
374021162,0,1,1
374296790,0,25,25
374317066,0,15,15
374886237,0,1,1
374978819,0,1,1
375179528,0,1,1
375361002,0,41,41
375550384,0,4,4
375811176,0,3,3
375989904,0,10,10
376030632,0,1,1
376294931,0,1,1
376303126,0,2,2
376375089,0,7,7
376525124,0,1,1
376530245,0,1,1
376575627,0,1,1
376791336,0,1,1
376862609,0,1,1
376880500,0,1,1
377239075,0,1,1
377323865,0,1,1
377443655,0,1,1
377585694,0,3,3
377598981,0,16,16
377609596,0,2,2
377668578,0,1,1
377681325,0,1,1
377727420,0,1,1
377740621,0,1,1
378302041,0,6,6
378370393,0,6,6
378407099,0,3,3
378675714,0,7,7
378765059,0,1,1
379749290,0,1,1
380409830,0,1,1
380678680,0,2,2
381198502,0,3,3
381370892,0,1,1
381550318,0,9,9
381730680,0,1,1
382206668,0,1,1
382331836,0,1,1
382388333,0,9,9
382460943,0,2,2
382847372,0,2,2
382924739,0,12,12
383226569,0,1,1
383606013,0,2,2
383893310,0,1,1
383930088,0,1,1
383950333,0,2,2
384090861,0,3,3
384126185,0,7,7
384341391,0,5,5
384478346,0,3,3
384504541,0,3,3
384552139,0,1,1
384685037,0,2,2
384859317,0,3,3
385047921,0,2,2
385238944,0,1,1
385266734,0,3,3
385276586,0,1,1
385690659,0,12,12
385712335,0,1,1
385741703,0,1,1
385771776,0,2,2
385925416,0,3,3
385971106,0,1,1
386396068,0,1,1
386653476,0,1,1
386790617,0,1,1
386878542,0,3,3
386911363,0,2,2
386988051,0,1,1
387416764,0,12,12
387488949,0,1,1
387493536,0,2,2
387971528,0,1,1
388320167,0,4,4
388487219,0,5,5
388911205,0,8,8
389065077,0,2,2
389377180,0,5,5
389437079,0,188,188
389599456,0,1,1
389701913,0,2,2
389808368,0,1,1
389813587,0,1,1
389834695,0,1,1
389875858,0,3,3
389881568,0,11,11
390230688,0,1,1
390316729,0,1,1
390404670,0,1,1
390434468,0,1,1
390616772,0,1,1
390900597,0,1,1
391124414,0,1,1
391267008,0,2,2
391464284,0,2,2
391558625,0,1,1
391583285,0,1,1
391583996,0,1,1
391597938,0,4,4
391621559,0,1,1
391663431,0,31,31
391669611,0,1,1
392848707,0,1,1
393021995,0,95,95
393029545,0,1,1
393507046,0,1,1
393650365,0,5,5
393682076,0,3,3
393812106,0,1,1
393970689,0,1,1
394399188,0,1,1
394420762,0,5,5
394477639,0,1,1
394762955,0,2,2
394833154,0,1,1
394856320,0,6,6
394870067,0,2,2
395014405,0,3,3
395422013,0,1,1
395578337,0,1,1
396220891,0,1,1
396259156,0,1,1
396264814,0,1,1
396902694,0,3,3
396987025,0,1,1
397376450,0,1,1
397703138,0,18,18
397747181,0,8,8
397778230,0,2,2
397793960,0,13,13
398304867,0,1,1
398940741,0,3,3
399105624,0,6,6
399212921,0,1,1
399311841,0,1,1
399389814,0,1,1
399401819,0,1,1
399532863,0,5,5
399774695,0,1,1
399853294,0,1,1
400162767,0,5,5
400186777,0,2,2
400284210,0,1,1
400285193,0,3,3
400876827,0,1,1
401015900,0,2,2
401034401,0,14,14
401243476,0,1,1
401460432,0,2,2
401527352,0,2,2
401618662,0,1,1
401747811,0,1,1
401776011,0,1,1
401781718,0,1,1
401984891,0,1,1
402146735,0,2,2
402193332,0,7,7
402489947,0,1,1
402707743,0,1,1
402864796,0,31,31
402888514,0,4,4
402943571,0,2,2
403164592,0,12,12
403178453,0,3,3
403265959,0,1,1
403511982,0,2,2
403765973,0,1,1
404111427,0,7,7
404123500,0,1,1
404174524,0,1,1
404478656,0,1,1
404550655,0,1,1
405687759,0,2,2
405714942,0,1,1
405773499,0,1,1
406324068,0,2,2
407106801,0,1,1
407696930,0,7,7
407809683,0,2,2
407879145,0,3,3
407929495,0,1,1
407943171,0,1,1
408106665,0,3,3
410167880,0,1,1
410270718,0,1,1
410345305,0,2,2
410523759,0,1,1
410656819,0,1,1
411108307,0,2,2
411108773,0,2,2
411204288,0,1,1
411264084,0,23,23
411321829,0,1,1
411349665,0,4,4
411915544,0,5,5
411917056,0,1,1
412263324,0,1,1
412390219,0,1,1
412720514,0,1,1
412873401,0,12,12
413418870,0,2,2
413591915,0,2,2
413597188,0,1,1
414302043,0,1,1
414381110,0,1,1
414445254,0,1,1
414455145,0,1,1
414480785,0,1,1
414543569,0,1,1
414687618,0,1,1
414703443,0,1,1
414723372,0,1,1
414924326,0,11,11
414939870,0,2,2
415050163,0,1,1
415239963,0,1,1
415387370,0,1,1
415639417,0,1,1
417250017,0,2,2
417330518,0,1,1
417450576,0,1,1
417458391,0,3,3
417610568,0,2,2
418214257,0,3,3
418219480,0,1,1
418509953,0,2,2
419065337,0,5,5
419171173,0,2,2
419207126,0,5,5
420084978,0,1,1
420093814,0,1,1
420145694,0,1,1
420322641,0,4,4
421385240,0,1,1
421637436,0,2,2
422168080,0,4,4
422970434,0,2,2
423074915,0,2,2
423587395,0,22,22
423717038,0,8,8
423973958,0,1,1
424312366,0,3,3
424688633,0,220,220
424691485,0,1,1
425221107,0,1,1
425537354,0,3,3
425924826,0,2,2
425997544,0,10,10
426291215,0,1,1
426757023,0,1,1
426805652,0,36,36
426842641,0,7,7
426851990,0,3,3
427609214,0,1,1
428068397,0,6,6
428096779,0,1,1
428643993,0,1,1
429532172,0,1,1
429658948,0,3,3
430266581,0,1,1
430427349,0,1,1
430459707,0,581,581
430805940,0,2,2
430970173,0,1,1
431243663,0,2,2
431305055,0,1,1
431308739,0,1,1
432452468,0,1,1
432518351,0,1,1
432745197,0,1,1
432823228,0,4,4
433116637,0,4,4
433180397,0,1,1
433388309,0,1,1
433545439,0,2,2
433586429,0,1,1
433645820,0,6,6
433865900,0,1,1
434007265,0,1,1
434036751,0,1,1
434153859,0,5,5
434251038,0,1,1
434457769,0,1,1
434557542,0,4,4
434568102,0,2,2
435231582,0,2,2
435267110,0,1,1
436003856,0,12,12
436048050,0,3,3
436071689,0,17,17
436434225,0,12,12
436867313,0,2,2
436886909,0,2,2
437019753,0,7,7
437130560,0,1,1
437291334,0,1,1
437749231,0,3,3
437986231,0,3,3
438051873,0,1,1
438750490,0,1,1
438824009,0,6,6
438848753,0,1,1
438864717,0,9,9
439592075,0,1,1
439616973,0,10,10
439649501,0,1,1
439905060,0,5,5
440387164,0,3,3
440428603,0,2,2
440583346,0,1,1
440727092,0,1,1
440921564,0,1,1
440984746,0,1,1
440985298,0,1,1
441190792,0,1,1
441433067,0,1,1
441493182,0,52,52
442276110,0,1,1
442458634,0,5,5
442460855,0,1,1
442610682,0,2,2
442988257,0,1,1
443445462,0,1,1
443879740,0,1,1
444091116,0,1,1
444165647,0,1,1
444235597,0,1,1
444291949,0,1,1
444301049,0,2,2
444354827,0,1,1
444750289,0,3,3
445523686,0,1,1
445585415,0,2,2
445938199,0,1,1
445973313,0,1,1
446860650,0,1,1
447318536,0,3,3
447652772,0,1,1
448398849,0,1,1
448564359,0,1,1
448886479,0,4,4
449170451,0,1,1
449222632,0,1,1
449555683,0,2,2
449611417,0,18,18
450025350,0,14,14
450031601,0,1,1
450104511,0,4,4
450669914,0,1,1
450700108,0,1,1
451084588,0,1,1
451662665,0,150,150
451715973,0,1,1
451870993,0,1,1
451957498,0,1,1
452255316,0,1,1
452438606,0,1,1
452554890,0,3,3
452612353,0,1,1
453148251,0,1,1
453178437,0,77,77
453240452,0,1,1
453624889,0,2,2
454311666,0,2,2
454424190,0,1,1
454454778,0,3,3
454541966,0,1,1
454630834,0,2,2
454642000,0,4,4
455000784,0,2,2
455170228,0,1,1
455552658,0,1,1
455595843,0,1,1
455946764,0,1,1
456146616,0,2,2
456401339,0,13,13
456411632,0,2,2
456761312,0,1,1
456962832,0,1,1
457094194,0,1,1
457516073,0,1,1
458665571,0,25,25
458683336,0,2,2
458704558,0,1,1
458738534,0,2,2
458817922,0,2,2
458853966,0,1,1
458886614,0,33,33
460455698,0,3,3
460485233,0,1,1
460623274,0,7,7
460697562,0,2,2
460855550,0,1,1
461581109,0,10,10
461724118,0,1,1
462467358,0,1,1
462502607,0,18,18
462571376,0,50,50
462910662,0,20,20
463027671,0,2,2
463220423,0,10,10
463283804,0,1,1
463494994,0,1,1
464260522,0,1,1
464279604,0,1,1
464450433,0,2,2
464772310,0,1,1
464883810,0,1,1
465142888,0,5,5
465212150,0,4,4
465342559,0,15,15
465654745,0,1,1
465881363,0,2,2
465899354,0,2,2
466007854,0,4,4
466026716,0,1,1
466035513,0,1,1
466074552,0,1,1
466097249,0,39,39
466168496,0,1,1
466185291,0,3,3
467016100,0,3,3
467529553,0,1,1
467572841,0,3,3
467824443,0,2,2
467920219,0,2,2
467932000,0,1,1
468107158,0,2,2
468740470,0,1,1
468753412,0,8,8
468766976,0,2,2
468956917,0,2,2
469027249,0,1,1
469438450,0,1,1
469768893,0,1,1
469962505,0,5,5
469973314,0,1,1
470765576,0,1,1
470790902,0,2,2
471454073,0,7,7
471530914,0,1,1
471581974,0,1,1
471831234,0,1,1
471885354,0,1,1
472215501,0,6,6
472228303,0,1,1
472373157,0,1,1
473015556,0,1,1
473288505,0,1,1
473382529,0,1,1
473493850,0,4,4
473555174,0,6,6
473557873,0,100,100
473588689,0,1,1
473639205,0,1,1
474053956,0,5,5
474340346,0,1,1
474354816,0,1,1
474401484,0,1,1
474571109,0,4,4
476158157,0,1,1
476272398,0,3,3
476890328,0,1,1
477132881,0,1,1
477138880,0,2,2
477400397,0,1,1
477405005,0,1,1
477458082,0,1,1
477465872,0,1,1
477886544,0,16,16
477902904,0,1,1
478042230,0,2,2
478151814,0,11,11
478153503,0,2,2
478435829,0,1,1
478761380,0,1,1
479818498,0,1,1
480011159,0,8,8
480252482,0,1,1
480748814,0,1,1
480804118,0,12,12
481616515,0,1,1
482231748,0,1,1
482380285,0,3,3
482557322,0,1,1
483107974,0,8,8
483206664,0,3,3
483413836,0,1,1
483417851,0,1,1
483507505,0,1,1
483656558,0,2,2
483669489,0,4,4
484391324,0,2,2
484449533,0,3,3
485215574,0,2,2
485402604,0,1,1
485558071,0,2,2
485731286,0,2,2
485786002,0,5,5
485933080,0,2,2
485993916,0,2,2
486051951,0,1,1
486117072,0,14,14
486149525,0,4,4
486719429,0,2,2
486871281,0,1,1
487167032,0,1,1
487682011,0,2,2
487794655,0,1,1
487859192,0,3,3
487978216,0,2,2
488601825,0,1,1
488702565,0,1,1
488853454,0,1,1
489488844,0,2,2
489825654,0,1,1
490071534,0,125,125
490112892,0,1,1
490139295,0,1,1
490770389,0,1,1
490801975,0,1,1
490847617,0,10,10
490921881,0,1,1
491413345,0,5,5
491533389,0,5,5
491830506,0,1,1
491964661,0,21,21
492057572,0,1,1
492293312,0,6,6
492687638,0,47,47
492783390,0,3,3
492938063,0,3,3
493352182,0,1,1
493540799,0,1,1
493545668,0,5,5
493618378,0,2,2
493641739,0,5,5
493708687,0,4,4
494099004,0,1,1
494140576,0,3,3
494253533,0,1,1
494358069,0,2,2
494767211,0,1,1
494842696,0,1,1
495052393,0,3,3
495185543,0,1,1
495198297,0,3,3
495330518,0,2,2
495493954,0,2,2
495557282,0,4,4
495852051,0,1,1
497092794,0,2,2
498305971,0,1,1
498321235,0,1,1
498532565,0,2,2
498558592,0,1,1
499347389,0,5,5
499968085,0,1,1
500022986,0,1,1
500192953,0,1,1
500197800,0,1,1
500266762,0,1,1
501222926,0,7,7
501453921,0,3,3
501556589,0,1,1
501817486,0,5,5
502135251,0,3,3
502535674,0,12,12
502609829,0,3,3
502829147,0,1,1
502992027,0,2,2
503823417,0,1,1
505032138,0,1,1
505186837,0,7,7
505447297,0,1,1
505474000,0,1,1
506532779,0,2,2
506757819,0,2,2
508109974,0,1,1
508129744,0,1,1
509212441,0,1,1
509638591,0,1,1
510575340,0,5,5
510639916,0,13,13
510847496,0,4,4
510866735,0,1,1
510880052,0,1,1
510999960,0,2,2
511022037,0,1,1
511307407,0,1,1
511342411,0,3,3
511944184,0,1,1
512044958,0,1,1
512405852,0,1,1
512410920,0,1,1
512592327,0,2,2
512653168,0,2,2
513560137,0,1,1
513616337,0,13,13
513725381,0,1,1
513872434,0,39,39
513897520,0,3,3
513929054,0,2,2
515101154,0,4,4
515197046,0,1,1
516181549,0,20,20
516590002,0,84,84
517491134,0,1,1
517550083,0,3,3
518135627,0,5,5
518311107,0,2,2
518759309,0,2,2
519027255,0,2,2
519752735,0,1,1
519853624,0,1,1
519892140,0,2,2
519904888,0,2,2
520812193,0,2,2
520928269,0,5,5
521033490,0,2,2
521571025,0,1,1
521700523,0,2,2
522351375,0,2,2
522794177,0,2,2
522848484,0,1,1
523780152,0,1,1
523828650,0,2,2
524123262,0,1,1
524346316,0,2,2
524446606,0,7,7
524493176,0,5,5
524533791,0,1,1
524775262,0,1,1
524877462,0,2,2
525452610,0,16,16
525595860,0,11,11
526735893,0,1,1
526878371,0,4,4
527640646,0,1,1
527672833,0,27,27
528261651,0,7,7
528820859,0,6,6
528877193,0,59,59
528951919,0,5,5
529161078,0,1,1
531223735,0,2,2
531562015,0,1,1
531725469,0,1,1
531731148,0,2,2
531778090,0,2,2
532369995,0,1,1
532434540,0,1,1
532726226,0,1,1
533699760,0,6,6
534069621,0,1,1
534422601,0,5,5
534931767,0,3,3
535072604,0,1,1
535761169,0,9,9
535776480,0,12,12
535814292,0,1,1
535910358,0,2,2
536316711,0,1,1
536423219,0,1,1
536568972,0,3,3
536673901,0,1,1
536807480,0,1,1
536835289,0,1,1
536915288,0,1,1
537193539,0,1,1
537551503,0,1,1
537776452,0,22,22
537815863,0,1,1
538397778,0,3,3
538472531,0,4,4
538666554,0,2,2
539072581,0,1,1
539416362,0,1,1
539436079,0,4,4
539598432,0,1,1
540076803,0,1,1
540183363,0,5,5
540368783,0,3,3
540499794,0,3,3
540832037,0,1,1
541059282,0,1,1
541097191,0,1,1
541126196,0,1,1
541711143,0,1,1
541781561,0,1,1
542031485,0,1,1
542343044,0,4,4
543000639,0,2,2
543520235,0,10,10
543675589,0,1,1
543998472,0,8,8
544358297,0,3,3
544750278,0,9,9
544883442,0,1,1
545381246,0,1,1
545609997,0,1,1
545616689,0,12,12
546280441,0,1,1
546454017,0,1,1
546660340,0,2,2
547222615,0,4,4
548002992,0,1,1
548472042,0,2,2
549419025,0,1,1
549496069,0,5,5
550132402,0,2,2
550208596,0,1,1
550574404,0,2,2
550720287,0,1,1
550817106,0,7,7
550876905,0,9,9
550992373,0,12,12
551029637,0,1,1
551133658,0,1,1
551461210,0,11,11
551472032,0,3,3
552022338,0,6,6
552308378,0,1,1
552331090,0,2,2
552583431,0,1,1
553568014,0,2,2
553964531,0,3,3
554185689,0,7,7
555345439,0,4,4
555357209,0,2,2
555760820,0,2,2
556145791,0,1,1
556612251,0,1,1
557154568,0,1,1
558063943,0,3,3
558072473,0,4,4
558168625,0,1,1
558260358,0,19,19
558368157,0,41,41
558461375,0,1,1
558686211,0,4,4
559247030,0,1,1
559898880,0,7,7
560658930,0,1,1
560672804,0,1,1
560710162,0,1,1
561516853,0,3,3
561577363,0,1,1
561687126,0,3,3
562068048,0,1,1
562382079,0,1,1
562401590,0,4,4
562619743,0,2,2
562860276,0,1,1
562964826,0,1,1
563033693,0,1,1
563125343,0,1,1
563816499,0,1,1
564218050,0,14,14
564567589,0,3,3
565099554,0,2,2
565342079,0,1,1
566247348,0,1,1
566727599,0,31,31
567227206,0,5,5
567386353,0,5,5
567497808,0,2,2
567544812,0,1,1
568262306,0,1,1
568763037,0,6,6
569037310,0,1,1
569452503,0,2,2
569676375,0,19,19
569763249,0,2,2
570163562,0,4,4
570200255,0,2,2
570845118,0,7,7
571089475,0,12,12
571106159,0,2,2
571525339,0,9,9
572752333,0,3,3
572840249,0,57,57
573255325,0,45,45
573822117,0,2,2
574141999,0,4,4
574531076,0,1,1
574823172,0,1,1
575689712,0,3,3
575999970,0,17,17
576382204,0,4,4
576615204,0,5,5
576734385,0,1,1
576846723,0,3,3
577296560,0,2,2
577553950,0,2,2
577560878,0,1,1
577809440,0,6,6
579043655,0,1,1
579885760,0,1,1
579887629,0,2,2
579891011,0,3,3
580307792,0,1,1
580527428,0,3,3
580978766,0,2,2
581509763,0,2,2
582385423,0,1,1
582590568,0,2,2
582943063,0,1,1
584095622,0,2,2
584427327,0,7,7
584690375,0,1,1
584747216,0,1,1
585100333,0,1,1
586513204,0,1,1
586729933,0,1,1
587204559,0,3,3
587762509,0,1,1
588739835,0,1,1
588751583,0,1,1
588820942,0,3,3
589480675,0,1,1
590105800,0,2,2
590552860,0,1,1
590781116,0,1,1
591351828,0,1,1
591795075,0,1,1
593897228,0,1,1
593938172,0,1,1
594046507,0,2,2
594075034,0,1,1
594175899,0,1,1
594238652,0,1,1
594740337,0,4,4
595172976,0,1,1
595665351,0,7,7
595712996,0,13,13
595978940,0,12,12
596025851,0,1,1
596832935,0,1,1
597061192,0,10,10
598134676,0,8,8
598928075,0,1,1
599572854,0,1,1
599795058,0,1,1
600601851,0,7,7
600678828,0,1,1
600758904,0,1,1
600876416,0,3,3
601087282,0,3,3
601428361,0,1,1
601530256,0,1,1
601534538,0,3,3
602493926,0,4,4
602902155,0,1,1
602988070,0,7,7
603132832,0,1,1
603999785,0,1,1
604310205,0,2,2
604521298,0,1,1
604569449,0,1,1
604836296,0,3,3
604949797,0,2,2
605509229,0,1,1
606019716,0,1,1
606333870,0,2,2
606528289,0,1,1
606702195,0,1,1
606752491,0,1,1
606796588,0,5,5
606827760,0,4,4
606858565,0,1,1
607400886,0,1,1
607612414,0,1,1
607623143,0,1,1
608221100,0,3,3
608265645,0,1,1
608323706,0,1,1
608439791,0,1,1
608608827,0,2,2
608639909,0,9,9
609462982,0,14,14
609579109,0,1,1
610065715,0,1,1
610244538,0,28,28
610320045,0,2,2
611118516,0,1,1
611260742,0,35,35
611971131,0,1,1
612134519,0,2,2
612891338,0,4,4
612918177,0,1,1
612946819,0,1,1
613151337,0,1,1
613385915,0,1,1
613431367,0,2,2
613752834,0,1,1
613866882,0,2,2
613956831,0,1,1
614038083,0,1,1
614371247,0,4,4
614705355,0,3,3
614957952,0,1,1
615110999,0,1,1
615615447,0,16,16
615950512,0,2,2
615953083,0,2,2
616085747,0,8,8
616160824,0,1,1
616181743,0,1,1
616383721,0,1,1
616818446,0,2,2
616976333,0,1,1
616994905,0,1,1
618152194,0,9,9
618410202,0,2,2
618490703,0,3,3
619121985,0,10,10
619196857,0,1,1
619358026,0,1,1
619505292,0,1,1
619565710,0,2,2
619731508,0,3,3
620368823,0,1,1
620453762,0,14,14
620458207,0,7,7
620470948,0,3,3
620486923,0,2,2
620489159,0,2,2
620500144,0,7,7
620548767,0,1,1
621122060,0,34,34
621485890,0,28,28
621717444,0,1,1
622876674,0,1,1
622932425,0,1,1
623045225,0,1,1
623268363,0,1,1
624189237,0,1,1
624388323,0,1,1
624760483,0,1,1
625380831,0,1,1
625628747,0,3,3
625839686,0,3,3
626515184,0,9,9
626687605,0,16,16
626902743,0,1,1
626938613,0,4,4
627068630,0,1,1
627378122,0,1,1
627711547,0,1,1
628493596,0,1,1
628647999,0,5,5
628679609,0,26,26
630402530,0,1,1
630709885,0,31,31
631586953,0,5,5
631623699,0,3,3
631641135,0,1,1
631672207,0,6,6
631949771,0,1,1
632007923,0,11,11
632228752,0,1,1
632275750,0,1,1
632519257,0,11,11
633089365,0,1,1
633107948,0,1,1
633143185,0,1,1
633247183,0,1,1
633365323,0,91,91
634884854,0,1,1
634943203,0,1,1
635088735,0,1,1
635214118,0,4,4
635237393,0,1,1
635244109,0,1,1
635288874,0,7,7
636144078,0,1,1
636211811,0,2,2
636514917,0,80,80
636620895,0,1,1
701126358,0,1,1
703497684,0,3,3
706257864,0,18,18
706447326,0,7,7
706644350,0,1,1
709763040,0,2,2
710228246,0,2,2
713550972,0,10,10
716725658,0,8,8
717043431,0,2,2
717239173,0,29,29
717335912,0,1,1
718184090,0,2,2
718747970,0,1,1
718783020,0,5,5
719293999,0,3,3
720582367,0,1,1
721617552,0,3,3
722159844,0,1,1
722544332,0,1,1
722583270,0,5,5
722841380,0,2,2
722991133,0,1,1
723443496,0,1,1
724352288,0,1,1
724453436,0,2,2
724579920,0,6,6
724945933,0,1,1
725307313,0,1,1
726176287,0,4,4
726372601,0,1,1
726484148,0,2,2
726951708,0,5,5
728464490,0,2,2
728535570,0,9,9
729828661,0,2,2
729907170,0,2,2
731143627,0,1,1
731550074,0,5,5
731736720,0,1,1
733408494,0,1,1
733906326,0,17,17
735359240,0,1,1
735849644,0,1,1
736233012,0,7,7
736240717,0,1,1
739082250,0,2,2
739362570,0,1,1
740785069,0,3,3
742167091,0,2,2
742255712,0,5,5
742446048,0,2,2
743127954,0,1,1
744086437,0,1,1
744433028,0,1,1
745363766,0,1,1
745996020,0,2,2
746032532,0,1,1
746087288,0,10,10
746161202,0,2,2
747483308,0,17,17
749790006,0,1,1
749857962,0,17,17
749977579,0,1,1
750093810,0,1,1
750414474,0,3,3
751217982,0,1,1
752515903,0,16,16
753516223,0,1,1
753995653,0,1,1
754327116,0,1,1
755627622,0,2,2
757963261,0,2,2
760132646,0,1,1
760250466,0,1,1
762055262,0,1,1
762121088,0,2,2
762583238,0,3,3
762654954,0,1,1
763141069,0,2,2
763723500,0,3,3
765285276,0,1,1
766340960,0,2,2
766944325,0,1,1
767124032,0,3,3
767809219,0,1,1
767924785,0,2,2
768203947,0,1,1
768679872,0,3,3
770014616,0,1,1
770559140,0,1,1
771511754,0,6,6
771848136,0,5,5
772398000,0,3,3
772799935,0,1,1
773145516,0,18,18
774566065,0,1,1
774571032,0,3,3
775298700,0,5,5
776608844,0,1,1
777052290,0,1,1
778269660,0,6,6
778706946,0,1,1
778818102,0,1,1
779535846,0,1,1
780993961,0,1,1
781679035,0,1,1
782937457,0,2,2
783567108,0,2,2
784506397,0,9,9
784754623,0,1,1
784821116,0,4,4
786719844,0,1,1
786873931,0,1,1
786982441,0,2,2
787730120,0,1,1
787852411,0,6,6
788346470,0,2,2
790664329,0,5,5
791066611,0,1,1
791077327,0,7,7
791636629,0,1,1
792393684,0,7,7
792836491,0,2,2
792906836,0,1,1
792930830,0,2,2
793062650,0,1,1
793205497,0,2,2
794362628,0,1,1
794527586,0,1,1
795254522,0,9,9
795731900,0,1,1
796240783,0,2,2
796670929,0,1,1
797003510,0,1,1
797014304,0,1,1
797129659,0,3,3
797446902,0,2,2
797454840,0,2,2
798363288,0,1,1
798653563,0,1,1
799407224,0,4,4
799664911,0,2,2
800748296,0,12,12
801588828,0,1,1
801816098,0,1,1
803252808,0,18,18
803553492,0,3,3
803599441,0,6,6
806065524,0,3,3
806875231,0,8,8
807110556,0,2,2
807193531,0,1,1
807237768,0,2,2
807281209,0,8,8
807951878,0,1,1
808021232,0,38,38
808115250,0,7,7
809758087,0,2,2
809985698,0,1,1
810456703,0,25,25
811155457,0,1,1
811940977,0,1,1
814325990,0,7,7
817392668,0,1,1
817809860,0,2,2
818043848,0,5,5
818357809,0,1,1
818863208,0,27,27
819480396,0,5,5
819770024,0,8,8
820267986,0,3,3
820530204,0,1,1
820664839,0,1,1
820724839,0,1,1
821982758,0,1,1
822011774,0,1,1
824204138,0,1,1
824480546,0,1,1
825810342,0,1,1
825841783,0,1,1
826115562,0,6,6
826261914,0,6,6
827788813,0,16,16
827845303,0,4,4
828187562,0,1,1
829446858,0,1,1
829876316,0,1,1
830190662,0,1,1
830890728,0,6,6
831197257,0,1,1
831846590,0,3,3
833984502,0,3,3
834007652,0,1,1
834425101,0,49,49
834782888,0,5,5
834837452,0,1,1
834838932,0,3,3
836406758,0,2,2
836772228,0,1,1
836892864,0,1,1
836922157,0,3,3
836986740,0,1,1
837051763,0,1,1
838426819,0,2,2
839251819,0,8,8
841057532,0,1,1
841640798,0,1,1
842568013,0,1,1
842580410,0,1,1
843085502,0,2,2
844595058,0,2,2
844972922,0,1,1
846530035,0,1,1
847392740,0,1,1
847878026,0,1,1
849221406,0,1,1
850490654,0,1,1
850582758,0,1,1
850756033,0,7,7
851742702,0,4,4
852152114,0,4,4
853669538,0,1,1
853765441,0,2,2
854633425,0,1,1
855217729,0,1,1
855524918,0,1,1
856844702,0,1,1
856894412,0,1,1
857603568,0,1,1
860522078,0,1,1
860685500,0,13,13
860838924,0,1,1
863270372,0,2,2
863754750,0,4,4
863845507,0,1,1
863849125,0,1,1
864346278,0,1,1
865157880,0,1,1
865927014,0,3,3
867213973,0,1,1
868271040,0,2,2
869028090,0,6,6
869098154,0,1,1
869417562,0,1,1
870144174,0,3,3
870821570,0,1,1
872074225,0,2,2
872482854,0,1,1
872520661,0,2,2
873896004,0,2,2
874533162,0,4,4
874709630,0,3,3
874947560,0,1,1
875589248,0,1,1
876045770,0,1,1
877960009,0,24,24
878720478,0,4,4
880438507,0,1,1
880559532,0,8,8
881605952,0,4,4
882291572,0,1,1
882323467,0,13,13
882527774,0,8,8
882997632,0,1,1
883012904,0,1,1
883119912,0,1,1
885138830,0,1,1
885256663,0,2,2
885680700,0,2,2
885699362,0,8,8
886318261,0,2,2
886979228,0,159,159
887673097,0,20,20
888089504,0,9,9
888117073,0,1,1
888627793,0,21,21
890584542,0,3,3
890908081,0,1,1
892257636,0,6,6
893186094,0,1,1
893409110,0,2,2
895644247,0,2,2
895857055,0,1,1
895929354,0,2,2
896198000,0,13,13
898245151,0,4,4
898992944,0,2,2
899193715,0,32,32
899264437,0,1,1
899497994,0,40,40
900154224,0,1,1
900348834,0,5,5
900455330,0,2,2
900736500,0,2,2
901025125,0,140,140
901350882,0,1,1
902771323,0,16,16
903006996,0,1,1
903120230,0,2,2
905038568,0,2,2
906178464,0,1,1
906596702,0,6,6
907272578,0,1,1
909422760,0,16,16
909468098,0,2,2
909868172,0,5,5
910784288,0,1,1
912658519,0,1,1
913078064,0,1,1
913545032,0,1,1
914154954,0,1,1
915170851,0,1,1
915582217,0,2,2
916025652,0,5,5
918134258,0,1,1
919207392,0,1,1
919668458,0,5,5
919947980,0,20,20
920172176,0,53,53
921186726,0,3,3
922252244,0,10,10
924641124,0,7,7
925919934,0,1,1
925937413,0,5,5
928664336,0,1,1
929060125,0,1,1
930777564,0,5,5
930929737,0,6,6
930951949,0,1,1
930983258,0,2,2
931027944,0,4,4
931104708,0,3,3
932048077,0,30,30
933127350,0,6,6
935423629,0,1,1
935436540,0,19,19
935609922,0,4,4
937523923,0,1,1
937616330,0,1,1
940566908,0,2,2
941000888,0,2,2
941360714,0,1,1
941933888,0,1,1
942662162,0,13,13
942744780,0,1,1
942885330,0,2,2
944453472,0,1,1
944552130,0,3,3
945257712,0,1,1
945882846,0,3,3
946259028,0,4,4
947028446,0,1,1
949409178,0,1,1
950733156,0,3,3
951286562,0,1,1
952593824,0,2,2
952629848,0,2,2
952740374,0,3,3
952769766,0,1,1
953262320,0,5,5
953891102,0,1,1
954060062,0,2,2
954411486,0,1,1
954661610,0,3,3
954744776,0,4,4
956230759,0,1,1
956734446,0,2,2
957306920,0,1,1
958678754,0,1,1
958706382,0,1,1
961028269,0,50,50
961146205,0,1,1
961797541,0,1,1
962351653,0,1,1
962876641,0,1,1
962965957,0,2,2
963154166,0,1,1
963606080,0,1,1
963606410,0,2,2
964014978,0,1,1
964612453,0,3,3
964643408,0,1,1
967359788,0,1,1
967861188,0,4,4
967979958,0,2,2
969229495,0,2,2
969903535,0,3,3
971337948,0,2,2
974037073,0,5,5
974311374,0,1,1
974708869,0,5,5
975004412,0,1,1
975627246,0,2,2
975848113,0,1,1
977476237,0,1,1
978152366,0,3,3
978697489,0,1,1
979350030,0,1,1
980986904,0,1,1
981405378,0,1,1
982513974,0,1,1
984654176,0,3,3
985256570,0,1,1
985316815,0,2,2
986964566,0,3,3
987380168,0,1,1
987899694,0,4,4
988064298,0,5,5
988236032,0,6,6
988425014,0,23,23
989957270,0,7,7
990147198,0,1,1
990639804,0,5,5
992017670,0,1,1
993121100,0,2,2
993146372,0,1,1
993312787,0,1,1
993373254,0,2,2
993408504,0,1,1
993820441,0,1,1
994214191,0,1,1
994230409,0,2,2
998290735,0,98,98
1002242376,0,2,2
1002653749,0,1,1
1003690292,0,1,1
1004334360,0,3,3
1004723664,0,3,3
1008964614,0,1,1
1009532442,0,1,1
1012108279,0,1,1
1012182217,0,1,1
1012278037,0,5,5
1012604444,0,3,3
1013374544,0,5,5
1013464446,0,2,2
1013547504,0,1,1
1013672383,0,3,3
1014259098,0,1,1
1015411332,0,2,2
1016621324,0,1,1
1018601990,0,1,1
1018750274,0,3,3
1018754514,0,2,2
1021415078,0,1,1
1021738483,0,1,1
1023019208,0,1,1
1025020994,0,1,1
1025066803,0,1,1
1025187769,0,1,1
1025498490,0,2,2
1027366081,0,1,1
1029867756,0,3,3
1030816910,0,3,3
1031625302,0,1,1
1031633653,0,1,1
1033347878,0,3,3
1033416229,0,2,2
1033691828,0,1,1
1034895770,0,4,4
1035247513,0,4,4
1038944300,0,1,1
1039026008,0,1,1
1040241510,0,1,1
1043290140,0,1,1
1043455051,0,2,2
1043659190,0,1,1
1044937200,0,1,1
1045738920,0,3,3
1046850684,0,17,17
1047210499,0,1,1
1048500276,0,12,12
1048704067,0,1,1
1048836072,0,2,2
1049429790,0,2,2
1049546845,0,1,1
1049805780,0,7,7
1051295658,0,2,2
1051365686,0,1,1
1051395096,0,1,1
1051779931,0,2,2
1053390482,0,4,4
1053619261,0,4,4
1054914506,0,1,1
1056331903,0,4,4
1056616064,0,1,1
1058270624,0,1,1
1058910475,0,2,2
1059447475,0,2,2
1059785190,0,5,5
1061070618,0,1,1
1061272465,0,1,1
1061543804,0,27,27
1061962970,0,1,1
1064275082,0,1,1
1064613086,0,1,1
1066261501,0,3,3
1066891963,0,9,9
1067008352,0,1,1
1067073385,0,1,1
1068691076,0,27,27
1070277001,0,3,3
1070529498,0,1,1
1071536720,0,9,9
1071962766,0,3,3
1072041421,0,1,1
1073483252,0,1,1
1074193020,0,1,1
1074311912,0,2,2
1075179480,0,11,11
1075698308,0,1,1
1078011980,0,4,4
1078017800,0,1,1
1078214366,0,5,5
1081351790,0,3,3
1083968017,0,1,1
1084500511,0,1,1
1086844532,0,1,1
1088618856,0,3,3
1089423055,0,4,4
1090123776,0,13,13
1090265293,0,1,1
1090676983,0,2,2
1091466931,0,2,2
1091978318,0,1,1
1093031546,0,1,1
1093346018,0,1,1
1093391869,0,1,1
1098867630,0,1,1
1100048125,0,46,46
1101678913,0,4,4
1102934418,0,2,2
1105162902,0,5,5
1107306996,0,72,72
1107583352,0,1,1
1107999272,0,1,1
1108214622,0,2,2
1110407646,0,1,1
1112754589,0,1,1
1114789064,0,1,1
1115588790,0,1,1
1115717466,0,51,51
1117767163,0,1,1
1119615774,0,4,4
1120939147,0,1,1
1121086526,0,1,1
1123212380,0,4,4
1128255048,0,950,950
1129661323,0,2,2
1131592933,0,2,2
1131601538,0,20,20
1132109940,0,1,1
1133128350,0,2,2
1133413418,0,2,2
1134077054,0,3,3
1135172005,0,1,1
1136566428,0,10,10
1138516844,0,1,1
1140332173,0,1,1
1142846918,0,3,3
1143380348,0,2,2
1143548906,0,1,1
1146210037,0,1,1
1146972386,0,1,1
1149379561,0,2,2
1151208320,0,1,1
1151610870,0,1,1
1152381540,0,1,1
1152462529,0,1,1
1152818630,0,1,1
1155672668,0,1,1
1155859202,0,1,1
1157479729,0,1,1
1158196266,0,1,1
1159035367,0,9,9
1159148030,0,2,2
1159340802,0,1,1
1161036205,0,3,3
1163856936,0,2,2
1164428065,0,1,1
1164743052,0,2,2
1165119776,0,60,60
1165284414,0,12,12
1165978874,0,5,5
1166126040,0,1,1
1166656939,0,11,11
1170750078,0,1,1
1172188988,0,1,1
1173575371,0,3,3
1173925561,0,1,1
1176029954,0,2,2
1180226863,0,3,3
1180344336,0,20,20
1182940171,0,1,1
1183756416,0,1,1
1188027852,0,1,1
1189975266,0,1,1
1191626485,0,1,1
1191734838,0,4,4
1195138278,0,17,17
1195642105,0,1,1
1195743230,0,1,1
1195743829,0,1,1
1195977864,0,1,1
1198944841,0,1,1
1199155368,0,7,7
1201858255,0,1,1
1202146298,0,1,1
1202520277,0,2,2
1202786766,0,1,1
1203317257,0,6,6
1205814096,0,2,2
1206922598,0,1,1
1210372262,0,1,1
1211940792,0,1,1
1212244963,0,1,1
1212367730,0,2,2
1212422755,0,1,1
1214607332,0,1,1
1214708300,0,1,1
1217144322,0,17,17
1219758756,0,1,1
1219957141,0,3,3
1223160349,0,4,4
1223545658,0,6,6
1223628008,0,1,1
1224833814,0,7,7
1226081245,0,2,2
1228651723,0,33,33
1229090131,0,1,1
1231237171,0,1,1
1232098286,0,1,1
1232246671,0,1,1
1236554173,0,9,9
1239286706,0,1,1
1239945289,0,2,2
1242286352,0,1,1
1242315182,0,2,2
1242618265,0,2,2
1242681974,0,13,13
1243139869,0,9,9
1243281158,0,2,2
1244366593,0,1,1
1245101504,0,1,1
1247602874,0,1,1
1247716614,0,2,2
1247770436,0,1,1
1249671192,0,2,2
1250219924,0,3,3
1250642833,0,1,1
1252154210,0,5,5
1252856791,0,1,1
1255135105,0,9,9
1255861232,0,4,4
1256164440,0,1,1
1257746167,0,1,1
1258563348,0,2,2
1258900393,0,1,1
1259452993,0,1,1
1259590483,0,3,3
1260380845,0,26,26
1260495463,0,2,2
1260878268,0,2,2
1264555832,0,1,1
1265614447,0,1,1
1265692609,0,3,3
1266883332,0,1,1
1268474059,0,6,6
1270096448,0,1,1
1270265113,0,1,1
1270356409,0,1,1
1270367640,0,2,2
1271204574,0,3,3
1274058026,0,1,1
1274944963,0,1,1
1275363684,0,1,1
1276619773,0,2,2
1282317128,0,25,25
1286567330,0,1,1
1286596033,0,1,1
1287235166,0,4,4
1287782520,0,3,3
1288094870,0,5,5
1288589371,0,1,1
1289084268,0,1,1
1289663316,0,1,1
1289905717,0,15,15
1289918432,0,1,1
1292289650,0,2,2
1292444629,0,1,1
1293888044,0,1,1
1297166023,0,1,1
1299655652,0,12,12
1301398464,0,3,3
1301705342,0,1,1
1305377766,0,1,1
1306209721,0,2,2
1308731298,0,1,1
1310619198,0,1,1
1314433710,0,4,4
1314860766,0,1,1
1315780872,0,6,6
1315885148,0,1,1
1317074366,0,1,1
1317599360,0,1,1
1317687290,0,1,1
1318305936,0,11,11
1320732020,0,1,1
1321276676,0,2,2
1322912370,0,7,7
1323772010,0,14,14
1324841209,0,1,1
1328369982,0,29,29
1328377284,0,5,5
1329759866,0,2,2
1330802419,0,2,2
1333060032,0,2,2
1334311698,0,1,1
1335390829,0,1,1
1339220281,0,1,1
1340703324,0,1,1
1342169768,0,1,1
1345254650,0,3,3
1347586830,0,1,1
1349063209,0,1,1
1350582265,0,1,1
1350947892,0,2,2
1351783020,0,2,2
1352237444,0,1,1
1353409880,0,1,1
1354589742,0,4,4
1354601455,0,3,3
1355550794,0,1,1
1355838972,0,1,1
1356900246,0,1,1
1358749574,0,1,1
1361567856,0,1,1
1361629231,0,2,2
1361698914,0,6,6
1363046346,0,8,8
1364365693,0,11,11
1364855114,0,1,1
1365261542,0,3,3
1366210867,0,2,2
1367320358,0,1,1
1368112458,0,1,1
1369372770,0,1,1
1370801107,0,11,11
1371068480,0,1,1
1372983966,0,1,1
1373443812,0,1,1
1375926668,0,1,1
1376167344,0,1,1
1378190090,0,1,1
1379465473,0,14,14
1379807377,0,1,1
1380159630,0,2,2
1381073905,0,6,6
1382744990,0,1,1
1385584370,0,1,1
1388035992,0,3,3
1390353643,0,1,1
1390574125,0,3,3
1390577588,0,2,2
1390697472,0,1,1
1390847160,0,5,5
1390905013,0,5,5
1390939548,0,13,13
1391181438,0,1,1
1393126963,0,1,1
1393434584,0,15,15
1393679030,0,1,1
1394489090,0,1,1
1395437048,0,1,1
1397748428,0,3,3
1398090512,0,11,11
1399954518,0,2,2
1400531168,0,1,1
1402698163,0,1,1
1402782552,0,1,1
1403424721,0,2,2
1407147020,0,2,2
1407296917,0,5,5
1407934405,0,1,1
1410167208,0,6,6
1410312686,0,1,1
1413222336,0,8,8
1413971334,0,6,6
1416943027,0,5,5
1417137936,0,2,2
1418099874,0,8,8
1418269490,0,2,2
1418788711,0,1,1
1418980292,0,2,2
1419109586,0,2,2
1419314059,0,4,4
1421582648,0,3,3
1423531074,0,6,6
1424029286,0,1,1
1426315093,0,1,1
1427753090,0,9,9
1428883938,0,2,2
1429165081,0,4,4
1430685595,0,4,4
1431142658,0,1,1
1431341755,0,1,1
1434374688,0,3,3
1439343264,0,1,1
1440089652,0,1,1
1441112460,0,1,1
1441829689,0,49,49
1442381900,0,1,1
1443559111,0,1,1
1444896086,0,2,2
1445095506,0,1,1
1445631169,0,2,2
1446615024,0,2,2
1447135807,0,1,1
1447169455,0,2,2
1449835974,0,2,2
1450374648,0,1,1
1450388844,0,25,25
1452718447,0,3,3
1453112000,0,3,3
1454843887,0,89,89
1458908486,0,1,1
1459783207,0,2,2
1461092744,0,3,3
1461306890,0,1,1
1462428901,0,2,2
1462974912,0,4,4
1462984136,0,1,1
1463193979,0,1,1
1464813697,0,2,2
1466988828,0,1,1
1467667735,0,27,27
1468383686,0,1,1
1468872805,0,1,1
1472153702,0,1,1
1473884064,0,1,1
1474976395,0,2,2
1478225612,0,1,1
1480007922,0,5,5
1480636800,0,1,1
1481006838,0,1,1
1482219078,0,1,1
1483494488,0,1,1
1484427961,0,1,1
1485293287,0,1,1
1485812984,0,1,1
1486124311,0,1,1
1486830823,0,1,1
1491417434,0,2,2
1491549728,0,1,1
1497559584,0,1,1
1498327201,0,13,13
1503900078,0,66,66
1504431746,0,1,1
1511167736,0,1,1
1512144350,0,3,3
1512366384,0,1,1
1514189216,0,3,3
1514582556,0,2,2
1514856342,0,1,1
1517267281,0,5,5
1519336099,0,1,1
1520623903,0,2,2
1522709376,0,1,1
1522769833,0,1,1
1523841139,0,1,1
1526599190,0,1,1
1526849588,0,1,1
1527117008,0,2,2
1528132716,0,5,5
1529832349,0,1,1
1532117042,0,1,1
1532283332,0,1,1
1532465322,0,4,4
1534442521,0,1,1
1534502586,0,1,1
1535480828,0,1,1
1536291613,0,1,1
1537872073,0,1,1
1539811202,0,2,2
1540189992,0,2,2
1540205012,0,1,1
1542184375,0,2,2
1543452505,0,41,41
1543474070,0,5,5
1544333598,0,3,3
1544557980,0,1,1
1545077161,0,2,2
1545289382,0,1,1
1545900145,0,2,2
1546194625,0,1,1
1546267874,0,25,25
1546343214,0,1,1
1547072761,0,4,4
1547122940,0,2,2
1547672132,0,9,9
1548882246,0,1,1
1550522623,0,5,5
1551274243,0,10,10
1551375403,0,1,1
1551511609,0,1,1
1553329536,0,1,1
1553998015,0,11,11
1554084318,0,2,2
1554309271,0,1,1
1554415862,0,3,3
1558410296,0,1,1
1558576020,0,1,1
1560587042,0,2,2
1561468860,0,59,59
1562796715,0,1,1
1563980971,0,2,2
1567036422,0,1,1
1567072848,0,3,3
1569770810,0,1,1
1573283684,0,1,1
1573399940,0,1,1
1576123080,0,1,1
1576129028,0,1,1
1577780317,0,1,1
1579181286,0,22,22
1580884105,0,2,2
1582123380,0,2,2
1582145682,0,1,1
1584246738,0,3,3
1584990492,0,6,6
1585779517,0,2,2
1586519064,0,4,4
1587648133,0,20,20
1589161292,0,19,19
1590102254,0,7,7
1591714256,0,1,1
1592343696,0,2,2
1592418716,0,5,5
1593011767,0,1,1
1593385040,0,1,1
1593494634,0,8,8
1594606628,0,1,1
1594805570,0,1,1
1596348468,0,2,2
1596947036,0,1,1
1596955436,0,2,2
1597451437,0,1,1
1598584957,0,2,2
1599352140,0,2,2
1602393866,0,1,1
1602763454,0,4,4
1602772970,0,2,2
1603569816,0,2,2
1605986244,0,1,1
1606732370,0,1,1
1607524603,0,1,1
1607700062,0,19,19
1609525152,0,19,19
1611765902,0,8,8
1613008254,0,1,1
1613024424,0,2,2
1613703728,0,1,1
1615691112,0,1,1
1615710344,0,2,2
1615882626,0,1,1
1616249606,0,1,1
1616483346,0,10,10
1616951270,0,1,1
1617108001,0,2,2
1618321332,0,2,2
1618509242,0,1,1
1618542168,0,3,3
1621922034,0,2,2
1623232128,0,20,20
1625945744,0,1,1
1626087194,0,2,2
1626241004,0,1,1
1632171121,0,1,1
1632987182,0,1,1
1634572406,0,1,1
1635777145,0,3,3
1636078940,0,1,1
1639803272,0,3,3
1641230203,0,1,1
1641803598,0,3,3
1641828698,0,6,6
1643310708,0,14,14
1644157867,0,21,21
1644506700,0,1,1
1647146564,0,1,1
1647168361,0,1,1
1648834032,0,9,9
1650947593,0,2,2
1651931556,0,9,9
1653071839,0,2,2
1653166722,0,1,1
1653204079,0,2,2
1653892298,0,4,4
1654022383,0,1,1
1654671050,0,2,2
1655072426,0,3,3
1655505379,0,3,3
1656303450,0,3,3
1656789152,0,1,1
1657033226,0,1,1
1661573780,0,1,1
1663553202,0,4,4
1666114394,0,31,31
1666134986,0,1,1
1668143209,0,5,5
1673217121,0,3,3
1673751446,0,1,1
1674446802,0,37,37
1675078747,0,1,1
1681994964,0,1,1
1683986714,0,1,1
1686346452,0,1,1
1686683132,0,10,10
1688255929,0,3,3
1689666012,0,5,5
1689743869,0,1,1
1689790236,0,2,2
1689809534,0,4,4
1691736218,0,1,1
1694576869,0,5,5
1694957592,0,2,2
1695494840,0,1,1
1696498086,0,1,1
1696560656,0,8,8
1698103249,0,2,2
1699605565,0,13,13
1700172828,0,1,1
1701005239,0,1,1
1703088440,0,1,1
1711577834,0,1,1
1712115054,0,1,1
1712252592,0,1,1
1712422585,0,2,2
1713784454,0,2,2
1716718248,0,1,1
1717136731,0,2,2
1717595352,0,1,1
1720530361,0,2,2
1720861652,0,2,2
1720903308,0,1,1
1723123752,0,1,1
1723952785,0,3,3
1725793825,0,1,1
1727003468,0,3,3
1728738396,0,8,8
1729795544,0,1,1
1732739006,0,2,2
1733311927,0,1,1
1733577882,0,1,1
1733701214,0,1,1
1737012049,0,1,1
1739075882,0,1,1
1763940602,0,16,16
1785705853,0,3,3
1821263018,0,2,2
1828991364,0,4,4
1832388302,0,1,1
1837610863,0,1,1
1854644209,0,1,1
1857808802,0,2,2
1858276080,0,1,1
1866263196,0,2,2
1866364040,0,1,1
1868567118,0,2,2
1868809141,0,3,3
1869861434,0,1,1
1870115377,0,2,2
1872453590,0,2,2
1880003810,0,1,1
1880169170,0,1,1
1882844436,0,1,1
1886902417,0,1,1
1887270234,0,3,3
1891741982,0,1,1
1892405736,0,2,2
1894764054,0,1,1
1897554710,0,1,1
1898113212,0,3,3
1898164027,0,2,2
1898814174,0,1,1
1898848614,0,1,1
1899164370,0,1,1
1903023182,0,34,34
1904373348,0,13,13
1906180812,0,8,8
1907054312,0,1,1
1909748340,0,2,2
1910394552,0,3,3
1914542683,0,1,1
1915808588,0,1,1
1918120908,0,1,1
1920653544,0,4,4
1920843037,0,1,1
1921918376,0,1,1
1925368770,0,2,2
1928097176,0,266,266
1928352282,0,1,1
1928839543,0,3,3
1932762613,0,1,1
1934868924,0,1,1
1934931386,0,6,6
1938449114,0,1,1
1939562701,0,1,1
1942229683,0,18,18
1942410504,0,2,2
1942527409,0,1,1
1944710653,0,1,1
1945782512,0,1,1
1948093898,0,2,2
1950140227,0,1,1
1951595382,0,23,23
1952035560,0,1,1
1955265703,0,30,30
1955282660,0,8,8
1956887305,0,1,1
1956902142,0,2,2
1956977539,0,1,1
1959077587,0,1,1
1959432901,0,2,2
1960793738,0,6,6
1961594072,0,2,2
1962648750,0,1,1
1963397461,0,1,1
1963450177,0,111,111
1963969297,0,1,1
1965348456,0,1,1
1965439951,0,3,3
1965537740,0,2,2
1965896736,0,1,1
1965930534,0,11,11
1967758381,0,1,1
1969627770,0,1,1
1970233850,0,1,1
1970254507,0,2,2
1970725837,0,1,1
1973774174,0,14,14
1974720320,0,1,1
1975157340,0,1,1
1978767240,0,1,1
1978949887,0,1,1
2148296861,0,3,3
2149155762,0,1,1
2149246118,0,29,29
2150171964,0,3,3
2156214829,0,6,6
2156860214,0,1,1
2157451065,0,1,1
2158318058,0,1,1
2159322372,0,6,6
2160069666,0,3,3
2160721319,0,1,1
2161109796,0,1,1
2161263892,0,3,3
2162367043,0,3,3
2163076560,0,1,1
2163711022,0,1,1
2164077638,0,1,1
2164168110,0,27,27
2166040080,0,2,2
2166522191,0,1,1
2168758520,0,1,1
2170981633,0,2,2
2173065960,0,1,1
2173371684,0,3,3
2174373840,0,1,1
2175010267,0,10,10
2175101088,0,1,1
2175217294,0,1,1
2176788920,0,4,4
2178460681,0,8,8
2179477322,0,3,3
2180130798,0,1,1
2181139151,0,1,1
2181253175,0,1,1
2181943676,0,6,6
2182586747,0,1,1
2182645955,0,1,1
2182702609,0,1,1
2183344458,0,1,1
2184474545,0,1,1
2184973962,0,1,1
2186475057,0,2,2
2186740064,0,2,2
2187310326,0,1,1
2187406761,0,17,17
2187477198,0,1,1
2188044039,0,1,1
2192402874,0,1,1
2192484764,0,1,1
2192532852,0,1,1
2192603976,0,1,1
2193234033,0,1,1
2195251177,0,1,1
2196322154,0,1,1
2196870864,0,2,2
2198548080,0,7,7
2198716873,0,1,1
2200496882,0,3,3
2202331038,0,1,1
2202667495,0,3,3
2203842980,0,4,4
2204271643,0,1,1
2205267039,0,1,1
2205952087,0,1,1
2208206815,0,1,1
2208950753,0,3,3
2209371709,0,45,45
2210593222,0,2,2
2212879538,0,3,3
2213360164,0,6,6
2214291215,0,1,1
2214383660,0,2,2
2214550891,0,1,1
2215498567,0,1,1
2215885718,0,1,1
2216711107,0,5,5
2219209028,0,4,4
2219976272,0,8,8
2222093443,0,3,3
2222686663,0,2,2
2223149479,0,1,1
2223728534,0,3,3
2224166357,0,1,1
2224974884,0,3,3
2225416718,0,2,2
2227005937,0,2,2
2227550353,0,1,1
2230419708,0,1,1
2230714557,0,1,1
2230986780,0,2,2
2231674915,0,1,1
2232323941,0,1,1
2232384445,0,1,1
2232392988,0,1,1
2232543490,0,4,4
2232759132,0,3,3
2233108159,0,1,1
2233660866,0,1,1
2234028096,0,11,11
2234896446,0,2,2
2234974320,0,2,2
2235598175,0,2,2
2238277218,0,19,19
2240466703,0,11,11
2243116610,0,1,1
2243403337,0,1,1
2243428388,0,4,4
2243857304,0,1,1
2244449718,0,3,3
2244667470,0,1,1
2244711427,0,1,1
2245694497,0,5,5
2246446880,0,1,1
2246886241,0,1,1
2248084328,0,2,2
2248637035,0,1,1
2248666183,0,1,1
2249623693,0,2,2
2249700104,0,3,3
2250446263,0,2,2
2251694917,0,2,2
2252503620,0,1,1
2252604395,0,1,1
2252889738,0,3,3
2257200245,0,1,1
2257869476,0,2,2
2258369514,0,2,2
2259274226,0,21,21
2259822830,0,8,8
2260102204,0,1,1
2260343180,0,9,9
2260845375,0,6,6
2260880284,0,1,1
2262082161,0,50,50
2262461216,0,2,2
2263679628,0,1,1
2265082196,0,6,6
2265248792,0,1,1
2266946497,0,4,4
2267745079,0,1,1
2268306398,0,19,19
2268495480,0,2,2
2268843207,0,1,1
2269518007,0,1,1
2270843227,0,1,1
2272049424,0,1,1
2273708390,0,2,2
2273728374,0,1,1
2273905440,0,9,9
2275781256,0,1,1
2276617308,0,1,1
2277644880,0,3,3
2278175204,0,2,2
2278608765,0,1,1
2278699932,0,1,1
2279757288,0,2,2
2280003259,0,3,3
2280065603,0,2,2
2283253198,0,1,1
2285147504,0,4,4
2286294006,0,1,1
2286885614,0,2,2
2288505715,0,3,3
2288506494,0,2,2
2289787438,0,5,5
2290340035,0,41,41
2291158387,0,1,1
2291461825,0,37,37
2291503339,0,1,1
2291798172,0,1,1
2291984124,0,3,3
2292742659,0,1,1
2292749111,0,2,2
2295093218,0,2,2
2295130488,0,1,1
2295558799,0,1,1
2296292352,0,2,2
2298682644,0,1,1
2298774128,0,2,2
2299479537,0,1,1
2302082215,0,36,36
2302127191,0,6,6
2302435417,0,2,2
2302586047,0,6,6
2306403086,0,1,1
2307892017,0,1,1
2307927545,0,3,3
2308649767,0,1,1
2308702299,0,1,1
2308855958,0,11,11
2309151817,0,3,3
2309326778,0,2,2
2309826373,0,2,2
2310557450,0,1,1
2310580638,0,3,3
2311057631,0,1,1
2311683312,0,2,2
2311920150,0,2,2
2312413382,0,4,4
2312717997,0,1,1
2314137384,0,2,2
2314404984,0,10,10
2314977411,0,2,2
2316045104,0,2,2
2318014982,0,23,23
2318308892,0,1,1
2318412890,0,2,2
2319316406,0,1,1
2319460524,0,13,13
2319930198,0,1,1
2320163719,0,1,1
2320359029,0,8,8
2320988778,0,1,1
2321048635,0,1,1
2321048810,0,1,1
2321132671,0,1,1
2321646144,0,1,1
2321916341,0,2,2
2323039124,0,1,1
2323985197,0,1,1
2324108688,0,1,1
2324561730,0,3,3
2325933786,0,2,2
2326226912,0,1,1
2326258100,0,1,1
2326494228,0,5,5
2327431657,0,4,4
2327910690,0,1,1
2329158444,0,1,1
2329527031,0,1,1
2330388680,0,1,1
2330724312,0,4,4
2330809916,0,5,5
2331058495,0,1,1
2332015929,0,4,4
2332017625,0,1,1
2332361478,0,1,1
2332448438,0,1,1
2332887900,0,2,2
2332943150,0,4,4
2332984409,0,1,1
2334521953,0,1,1
2335719458,0,11,11
2335844449,0,6,6
2336591179,0,1,1
2336988841,0,1,1
2338400893,0,1,1
2339138737,0,34,34
2339274722,0,3,3
2339439979,0,5,5
2342369220,0,1,1
2342582755,0,1,1
2342990492,0,3,3
2344447516,0,1,1
2345685097,0,1,1
2347100222,0,17,17
2347716589,0,5,5
2347962126,0,1,1
2348020207,0,2,2
2348258678,0,7,7
2348873094,0,2,2
2349488580,0,1,1
2351103054,0,1,1
2351353201,0,1,1
2351565903,0,2,2
2352552380,0,3,3
2355528185,0,1,1
2356826366,0,2,2
2358170251,0,13,13
2358321026,0,1,1
2358636572,0,4,4
2359729344,0,3,3
2359852341,0,1,1
2360072382,0,1,1
2360156510,0,1,1
2361509341,0,12,12
2361846661,0,1,1
2362685592,0,2,2
2364562686,0,1,1
2364901363,0,4,4
2365041929,0,1,1
2366023309,0,1,1
2366054576,0,31,31
2368426261,0,2,2
2369526422,0,1,1
2370961256,0,3,3
2371165693,0,1,1
2371291983,0,65,65
2371584470,0,1,1
2372268415,0,1,1
2372504678,0,12,12
2374517563,0,1,1
2376881202,0,2,2
2377079911,0,2,2
2378022847,0,1,1
2378199378,0,1,1
2379504128,0,2,2
2381308778,0,1,1
2383393250,0,2,2
2384491845,0,1,1
2385773797,0,1,1
2386132410,0,1,1
2387577842,0,1,1
2387834870,0,1,1
2388206209,0,1,1
2388701719,0,1,1
2391379874,0,9,9
2391787196,0,1,1
2392214090,0,1,1
2392875780,0,3,3
2396822917,0,3,3
2398183989,0,2,2
2398462639,0,1,1
2398955545,0,2,2
2399018406,0,1,1
2400327584,0,5,5
2400365689,0,4,4
2400570054,0,1,1
2401594838,0,19,19
2401659572,0,1,1
2405041646,0,3,3
2406686804,0,2,2
2407621940,0,1,1
2407859023,0,1,1
2407997545,0,4,4
2408342509,0,1,1
2409639811,0,8,8
2411193872,0,6,6
2411221332,0,3,3
2411576562,0,2,2
2411726342,0,1,1
2411812057,0,1,1
2413186913,0,1,1
2414501366,0,1,1
2415072824,0,2,2
2415157915,0,21,21
2415342418,0,2,2
2415960218,0,2,2
2416459812,0,2,2
2417232973,0,3,3
2417295479,0,1,1
2417664570,0,1,1
2419503957,0,1,1
2421941918,0,4,4
2422428253,0,1,1
2424142022,0,31,31
2424322794,0,1,1
2424323467,0,1,1
2425697293,0,1,1
2427521119,0,2,2
2427741792,0,2,2
2431995717,0,1,1
2432388957,0,26,26
2434424450,0,1,1
2435435270,0,4,4
2437673552,0,5,5
2440330178,0,62,62
2440732321,0,1,1
2441914616,0,1,1
2443822483,0,2,2
2446097718,0,1,1
2447038314,0,1,1
2453496962,0,1,1
2453573338,0,1,1
2453587856,0,1,1
2455068435,0,3,3
2458283396,0,13,13
2458579574,0,2,2
2458714345,0,1,1
2458901142,0,2,2
2459102424,0,1,1
2460050514,0,8,8
2460158576,0,1,1
2462461940,0,2,2
2462478971,0,1,1
2464727282,0,2,2
2464895816,0,1,1
2465147731,0,3,3
2466715298,0,1,1
2466715500,0,121,121
2467116444,0,1,1
2467810912,0,1,1
2467883737,0,27,27
2468611830,0,1,1
2469717942,0,4,4
2469930428,0,2,2
2470124100,0,1,1
2473185932,0,1,1
2473310334,0,1,1
2473834016,0,6,6
2474388457,0,1,1
2474784816,0,1,1
2474843732,0,3,3
2475094972,0,2,2
2475509136,0,2,2
2476853722,0,1,1
2477302111,0,5,5
2478800094,0,2,2
2478905377,0,1,1
2479181159,0,1,1
2480079168,0,1,1
2480364949,0,1,1
2480420904,0,1,1
2481228609,0,1,1
2482153807,0,4,4
2482749966,0,1,1
2483687182,0,1,1
2484112639,0,3,3
2484247428,0,5,5
2484296060,0,2,2
2484615926,0,28,28
2484665046,0,2,2
2484695418,0,4,4
2484714036,0,1,1
2484839490,0,1,1
2485191890,0,2,2
2485542739,0,4,4
2485830732,0,1,1
2485982338,0,1,1
2486174514,0,1,1
2486367217,0,1,1
2486788789,0,2,2
2489491341,0,1,1
2490175537,0,1,1
2491533170,0,3,3
2493162476,0,1,1
2493231402,0,1,1
2493503479,0,1,1
2493655928,0,1,1
2493712668,0,1,1
2494558921,0,1,1
2496178042,0,1,1
2496529670,0,3,3
2496628100,0,1,1
2499817278,0,1,1
2499955688,0,4,4
2501448174,0,1,1
2502182726,0,1,1
2502372842,0,2,2
2502809095,0,1,1
2503368925,0,3,3
2503727845,0,4,4
2506289089,0,1,1
2507431901,0,1,1
2508274081,0,137,137
2508572317,0,1,1
2508615302,0,4,4
2508855534,0,4,4
2509271040,0,4,4
2511430334,0,1,1
2511463530,0,5,5
2513637063,0,2,2
2515728092,0,1,1
2516119352,0,1,1
2516995268,0,2,2
2518453896,0,1,1
2518620824,0,18,18
2520828864,0,3,3
2521641632,0,2,2
2521860078,0,1,1
2523534128,0,10,10
2524812620,0,2,2
2525388747,0,1,1
2527262678,0,1,1
2527836415,0,2,2
2528392110,0,1,1
2528628025,0,10,10
2533289262,0,1,1
2534458492,0,1,1
2537179661,0,1,1
2537711675,0,1,1
2538325019,0,1,1
2538451034,0,1,1
2540148642,0,3,3
2541413337,0,6,6
2542128013,0,5,5
2543935141,0,7,7
2544472236,0,1,1
2545158476,0,84,84
2545245974,0,2,2
2545589703,0,1,1
2551037364,0,1,1
2551394180,0,2,2
2552688877,0,1,1
2555145151,0,1,1
2555719392,0,1,1
2555778799,0,3,3
2555860302,0,2,2
2556504937,0,1,1
2557799306,0,3,3
2557992552,0,2,2
2561848352,0,4,4
2562060212,0,1,1
2562690446,0,3,3
2562984217,0,1,1
2563016869,0,10,10
2563994208,0,14,14
2564549431,0,2,2
2566702142,0,1,1
2568217150,0,3,3
2569281655,0,6,6
2570136742,0,2,2
2570202271,0,8,8
2572958459,0,1,1
2573062069,0,1,1
2573207927,0,1,1
2573818327,0,1,1
2573846138,0,5,5
2573994006,0,1,1
2574045626,0,1,1
2574095556,0,1,1
2576808347,0,1,1
2577594850,0,3,3
2578642308,0,1,1
2579063328,0,1,1
2579115380,0,1,1
2585891843,0,22,22
2586216408,0,2,2
2586569592,0,41,41
2589142176,0,1,1
2589663746,0,1,1
2590298364,0,2,2
2591783366,0,2,2
2592105289,0,2,2
2596017887,0,2,2
2596709251,0,2,2
2599045380,0,2,2
2600778301,0,5,5
2602617613,0,2,2
2603521854,0,1,1
2604159776,0,1,1
2604279632,0,1,1
2609424014,0,2,2
2610339679,0,1,1
2610520723,0,1,1
2612308163,0,1,1
2612772444,0,2,2
2614390512,0,1,1
2614606254,0,2,2
2615506092,0,1,1
2615860886,0,7,7
2616097633,0,4,4
2616124279,0,1,1
2616463603,0,1,1
2616542899,0,1,1
2629754525,0,1,1
2634190165,0,2,2
2637549407,0,2,2
2637736098,0,2,2
2638792170,0,3,3
2645478818,0,4,4
2646045253,0,1,1
2646600349,0,1,1
2648500590,0,1,1
2648624486,0,1,1
2652035638,0,1,1
2655353479,0,2,2
2655722041,0,3,3
2658226121,0,1,1
2659975664,0,4,4
2660374267,0,1,1
2663637452,0,3,3
2664359298,0,1,1
2667883543,0,1,1
2672638422,0,1,1
2675886974,0,2,2
2677232242,0,1,1
2680718948,0,1,1
2682534000,0,1,1
2683183778,0,1,1
2683754853,0,2,2
2687645748,0,3,3
2694220116,0,1,1
2696303993,0,2,2
2696767957,0,3,3
2698543574,0,1,1
2699618569,0,60,60
2701090898,0,1,1
2702115804,0,1,1
2702510036,0,34,34
2705828466,0,1,1
2706312042,0,1,1
2712675214,0,1,1
2713091375,0,104,104
2713614696,0,2,2
2715822806,0,1,1
2716139274,0,1,1
2716158638,0,1,1
2716215933,0,26,26
2716544638,0,4,4
2717917343,0,1,1
2717959574,0,1,1
2718092256,0,3,3
2718513564,0,6,6
2719395753,0,1,1
2720036256,0,40,40
2720516790,0,2,2
2720839557,0,1,1
2721086388,0,1,1
2721322973,0,3,3
2721909112,0,2,2
2722811534,0,18,18
2724041593,0,6,6
2724156731,0,1,1
2725315071,0,2,2
2725382389,0,1,1
2725427186,0,1,1
2726159653,0,3,3
2726231119,0,1,1
2726702870,0,2,2
2727742291,0,1,1
2728393196,0,8,8
2728637805,0,1,1
2729860228,0,1,1
2730911250,0,1,1
2730987470,0,1,1
2732231966,0,4,4
2732386728,0,30,30
2734299494,0,956,956
2734727143,0,8,8
2735861969,0,1,1
2737412820,0,1,1
2737952208,0,2,2
2738034997,0,1,1
2738046367,0,5,5
2738680602,0,1,1
2739154260,0,33,33
2741312378,0,5,5
2741387536,0,15,15
2742104355,0,1,1
2742869283,0,12,12
2746218450,0,6,6
2746722705,0,1,1
2747093228,0,1,1
2747312268,0,1,1
2747323762,0,1,1
2749016354,0,20,20
2749542495,0,6,6
2749837126,0,8,8
2752527108,0,1,1
2752570413,0,5,5
2752660508,0,4,4
2753336996,0,1,1
2753665475,0,1,1
2754745746,0,2,2
2756738665,0,3,3
2757605943,0,1,1
2758105458,0,1,1
2758691139,0,3,3
2759057164,0,1,1
2760664860,0,2,2
2761734839,0,1,1
2762362677,0,1,1
2762434343,0,4,4
2763709972,0,4,4
2765767714,0,4,4
2765980252,0,6,6
2767256731,0,2,2
2767301783,0,4,4
2768678503,0,4,4
2769570061,0,1,1
2770427534,0,1,1
2770541740,0,1,1
2771129816,0,26,26
2772582401,0,3,3
2772702118,0,1,1
2773853862,0,1,1
2774801021,0,1,1
2775083486,0,2,2
2775912056,0,3,3
2776092951,0,1,1
2778149381,0,1,1
2778469383,0,1,1
2778623034,0,1,1
2779704786,0,1,1
2781500456,0,1,1
2782300937,0,9,9
2782483676,0,1,1
2783003558,0,2,2
2783247967,0,1,1
2783520091,0,6,6
2783648886,0,2,2
2783781481,0,30,30
2784324102,0,2,2
2784383818,0,1,1
2784875105,0,1,1
2785242051,0,1,1
2785366683,0,1,1
2785736415,0,1,1
2786671640,0,2,2
2786737788,0,1,1
2787954976,0,1,1
2788055973,0,1,1
2788435208,0,1,1
2788446450,0,2,2
2788698114,0,1,1
2789056388,0,1,1
2789587048,0,1,1
2789600871,0,1,1
2790426730,0,1,1
2791961161,0,1,1
2793058259,0,1,1
2796607730,0,1,1
2796610083,0,5,5
2797085802,0,1,1
2797574419,0,1,1
2797709245,0,2,2
2797710909,0,7,7
2798704903,0,3,3
2798792305,0,4,4
2799014685,0,2,2
2799134829,0,1,1
2800151959,0,1,1
2800720697,0,1,1
2802494114,0,1,1
2804329145,0,3,3
2806316010,0,11,11
2806369742,0,7,7
2806508571,0,1,1
2806547684,0,1,1
2806884604,0,1,1
2807393883,0,15,15
2808175384,0,1,1
2808780617,0,1,1
2809444122,0,1,1
2810878398,0,1,1
2811432381,0,1,1
2812310034,0,361,361
2813623794,0,1,1
2813649180,0,1,1
2815309435,0,2,2
2816077093,0,1,1
2821550236,0,3,3
2821735317,0,1,1
2823076103,0,2,2
2823134666,0,1,1
2823739289,0,2,2
2824489692,0,1,1
2824930687,0,3,3
2824985751,0,1,1
2825196542,0,2,2
2825739516,0,6,6
2826934872,0,1,1
2826962821,0,9,9
2828534585,0,2,2
2829181561,0,4,4
2830009696,0,1,1
2831083432,0,3,3
2832442331,0,1,1
2833642135,0,1,1
2834331240,0,1,1
2834931032,0,2,2
2835018699,0,1,1
2835055222,0,6,6
2835331669,0,1,1
2835634728,0,1,1
2835661154,0,1,1
2837202390,0,1,1
2837535452,0,12,12
2837848908,0,1,1
2838171643,0,3,3
2838592058,0,4,4
2840660055,0,3,3
2842358753,0,2,2
2842513839,0,3,3
2843993393,0,18,18
2844999056,0,2,2
2846688817,0,1,1
2846735297,0,4,4
2847799375,0,2,2
2847817715,0,2,2
2849182431,0,1,1
2849633862,0,1,1
2850027043,0,23,23
2850336603,0,1,1
2850779185,0,2,2
2850889421,0,3,3
2851568562,0,1,1
2852162818,0,1,1
2854842286,0,1,1
2855642709,0,2,2
2858121224,0,9,9
2858197398,0,3,3
2858814261,0,2,2
2859508403,0,2,2
2859919259,0,1,1
2860846446,0,1,1
2861342687,0,29,29
2861407204,0,175,175
2861582475,0,1,1
2862093676,0,3,3
2862530461,0,4,4
2863487811,0,6,6
2863861627,0,1,1
2864144975,0,2,2
2866061292,0,1,1
2867742738,0,6,6
2868361069,0,1,1
2868994088,0,4,4
2869300463,0,2,2
2869304847,0,5,5
2869663041,0,1,1
2869945663,0,1,1
2870192452,0,3,3
2870943799,0,4,4
2870952122,0,1,1
2871267501,0,1,1
2872614031,0,1,1
2873761090,0,3,3
2873836901,0,1,1
2873934984,0,1,1
2874472299,0,1,1
2876200200,0,42,42
2876328799,0,1,1
2876569546,0,1,1
2877088042,0,1,1
2877528482,0,5,5
2877907073,0,7,7
2878313633,0,1,1
2878609316,0,1,1
2881744721,0,1,1
2882755223,0,1,1
2883020403,0,2,2
2883921829,0,12,12
2885129158,0,1,1
2885701882,0,1,1
2885861047,0,6,6
2885970897,0,1,1
2887714769,0,2,2
2887960568,0,3,3
2889037279,0,1,1
2889068544,0,3,3
2889346599,0,4,4
2890443007,0,1,1
2892716104,0,1,1
2893249669,0,2,2
2893385191,0,2,2
2895128716,0,6,6
2895190735,0,6,6
2895385109,0,7,7
2896866728,0,1979,1979
2896872298,0,1,1
2897749512,0,2,2
2899126939,0,3,3
2899515031,0,1,1
2899748179,0,4,4
2899775372,0,1,1
2899867251,0,1,1
2900803662,0,1,1
2901288383,0,1,1
2902068090,0,5,5
2902080735,0,6,6
2902344080,0,9,9
2902349208,0,1,1
2903342817,0,1,1
2904762072,0,1,1
2905381148,0,2,2
2905941513,0,2,2
2905948061,0,5,5
2906524116,0,1,1
2906573500,0,2,2
2907160782,0,6,6
2907734886,0,1,1
2908377474,0,1,1
2909747068,0,2,2
2909757997,0,1,1
2910973722,0,1,1
2911448230,0,2,2
2911500623,0,3,3
2911506697,0,1,1
2913201609,0,13,13
2913618065,0,3,3
2915903285,0,8,8
2915992570,0,1,1
2919032508,0,2,2
2919178605,0,1,1
2920526530,0,8,8
2922208498,0,20,20
2924869027,0,2,2
2924996028,0,1,1
2926114325,0,3,3
2926287039,0,3,3
2926326688,0,1,1
2928197064,0,3,3
2929001835,0,4,4
2930272075,0,3,3
2930468012,0,11,11
2931952633,0,1,1
2932350072,0,1,1
2932511577,0,1,1
2934236868,0,2,2
2935405320,0,1,1
2936440295,0,6,6
2937782945,0,1,1
2938618195,0,10,10
2939054251,0,1,1
2939126927,0,3,3
2939181499,0,1,1
2942149345,0,2,2
2942542835,0,3,3
2942760221,0,3,3
2943075218,0,1,1
2943629353,0,2,2
2945111705,0,1,1
2947707803,0,2,2
2948391563,0,5,5
2948409557,0,33,33
2948774780,0,2,2
2951224001,0,1,1
2951302934,0,1,1
2951476593,0,5,5
2952321039,0,6,6
2953016161,0,1,1
2954197028,0,1,1
2954408639,0,2,2
2955156830,0,21,21
2955353394,0,1,1
2957932778,0,3,3
2958933147,0,2,2
2959887794,0,2,2
2960670899,0,1,1
2961214985,0,1,1
2962071377,0,7,7
2962794317,0,4,4
2964517936,0,1,1
2965855935,0,3,3
2966811626,0,1,1
2967231508,0,6,6
2972280609,0,2,2
2972361695,0,1,1
2973596115,0,1,1
2974140605,0,5,5
2975505957,0,1,1
2978455883,0,2,2
2979008775,0,1,1
2979351063,0,1,1
2980090410,0,1,1
2980272875,0,1,1
2983426617,0,1,1
2983453094,0,1,1
2983568401,0,54,54
2984192273,0,1,1
2985746223,0,1,1
2986356998,0,1,1
2987243921,0,1,1
2988071944,0,1,1
2988519589,0,1,1
2988584925,0,1,1
2989099836,0,2,2
2989751332,0,3,3
2990624796,0,3,3
2990930668,0,1,1
2992529088,0,3,3
2992833877,0,1,1
2993011248,0,1,1
2993124142,0,2,2
2993830106,0,1,1
2994847431,0,3,3
2995137721,0,1,1
2996538266,0,3,3
2998604854,0,1,1
2998649334,0,3,3
2999341541,0,1,1
2999397548,0,1,1
3000015148,0,1,1
3001643087,0,1,1
3002082766,0,2,2
3003875667,0,6,6
3003886007,0,1,1
3004986126,0,1,1
3005551075,0,1,1
3010340067,0,2,2
3010864135,0,1,1
3011711657,0,2,2
3011738705,0,1,1
3012829501,0,15,15
3013656327,0,19,19
3014703155,0,5,5
3015260908,0,1,1
3016161481,0,2,2
3016330029,0,5,5
3018201131,0,13,13
3018806621,0,1,1
3018945907,0,1,1
3019034149,0,2,2
3019121992,0,1,1
3020045898,0,5,5
3020717937,0,1,1
3025751970,0,7,7
3026656571,0,2,2
3027326512,0,2,2
3029122823,0,2,2
3031547463,0,1,1
3031635662,0,8,8
3031931024,0,2,2
3031986444,0,20,20
3032052386,0,1,1
3032116782,0,1,1
3033200426,0,7,7
3033602423,0,1,1
3035383254,0,23,23
3038516077,0,1,1
3039932262,0,1,1
3042495714,0,2,2
3043178253,0,2,2
3043499531,0,2,2
3043916678,0,8,8
3044835705,0,2,2
3044850502,0,1,1
3047243052,0,1,1
3048075397,0,1,1
3048167036,0,3,3
3049788004,0,1,1
3051741828,0,3,3
3053326713,0,1,1
3054037800,0,1,1
3054076845,0,1,1
3054624146,0,1,1
3059098688,0,2,2
3059444523,0,54,54
3059907656,0,1,1
3061667489,0,1,1
3061755906,0,1,1
3061860924,0,1,1
3062063743,0,2,2
3062078934,0,1,1
3063794828,0,1,1
3064700933,0,7,7
3065068937,0,11,11
3065462681,0,1,1
3065678843,0,1,1
3065722043,0,1,1
3065799941,0,1,1
3065908222,0,1,1
3066008697,0,1,1
3066588689,0,1,1
3067049502,0,2,2
3067446385,0,1,1
3069451042,0,8,8
3069859443,0,1,1
3069881890,0,2,2
3069964341,0,2,2
3070014962,0,3,3
3070171827,0,2,2
3071673409,0,58,58
3072322605,0,5,5
3074127870,0,9,9
3074151293,0,1,1
3074294399,0,12,12
3074389754,0,1,1
3075856032,0,2,2
3077723721,0,1,1
3083469580,0,1,1
3084191507,0,1,1
3084709625,0,1,1
3085010755,0,1,1
3087770037,0,15,15
3089464019,0,10,10
3092095913,0,1,1
3093773753,0,1,1
3094468963,0,1,1
3094719852,0,1,1
3096208437,0,1,1
3099099370,0,1,1
3099244999,0,6,6
3100545522,0,1,1
3105344624,0,1,1
3105668424,0,1,1
3106714330,0,2,2
3107502138,0,1,1
3108035023,0,1,1
3108733205,0,3,3
3108816467,0,4,4
3109535222,0,1,1
3110220273,0,1,1
3110674030,0,53,53
3113210154,0,8,8
3116321051,0,3,3
3116832448,0,1,1
3119615894,0,2,2
3121097112,0,31,31
3121522240,0,2,2
3121969878,0,8,8
3122873637,0,1,1
3126295421,0,1,1
3131585530,0,44,44
3131663476,0,1,1
3132595746,0,1,1
3138993450,0,1,1
3139512330,0,2,2
3142713516,0,1,1
3142924406,0,1,1
3146098786,0,1,1
3146545818,0,3,3
3148900447,0,1,1
3149563377,0,1,1
3150051501,0,12,12
3150267164,0,1,1
3150882577,0,30,30
3152509044,0,2,2
3154205359,0,1,1
3154580974,0,1,1
3157615810,0,1,1
3158506491,0,1,1
3159601713,0,1,1
3161996905,0,2,2
3166878293,0,1,1
3167501320,0,1,1
3167928174,0,5,5
3169183494,0,2,2
3169241736,0,2,2
3170925475,0,10,10
3174583210,0,1,1
3176757540,0,1,1
3177155501,0,1,1
3179972418,0,2,2
3180182262,0,3,3
3183862728,0,1,1
3184613906,0,1,1
3188019022,0,3,3
3190121132,0,2,2
3192366098,0,1,1
3192607733,0,1,1
3193175813,0,1,1
3193744022,0,3,3
3193825556,0,10,10
3194523505,0,1,1
3195986515,0,4,4
3196121459,0,1,1
3198206515,0,1,1
3198525613,0,8,8
3199752023,0,1,1
3208261774,0,32,32
3213699606,0,1,1
3214538615,0,1,1
3214988855,0,1,1
3220045651,0,1,1
3220554066,0,1,1
3220603824,0,3,3
3221439059,0,2,2
3222027419,0,1,1
3222418336,0,2,2
3223545278,0,1,1
3223721083,0,2,2
3224685271,0,67,67
3224707795,0,1,1
3224931743,0,3,3
3225385757,0,10,10
3225491410,0,2,2
3228492815,0,1,1
3228957084,0,2,2
3228966843,0,1,1
3229289016,0,46,46
3229388942,0,1,1
3231340321,0,1,1
3231782598,0,1,1
3233743627,0,2,2
3234540325,0,1,1
3234831091,0,1,1
3235403750,0,1,1
3235602410,0,1,1
3236205003,0,2,2
3236351416,0,3,3
3237625468,0,1,1
3241961408,0,3,3
3242489321,0,3,3
3242733916,0,6,6
3243683143,0,2,2
3244654581,0,1,1
3245184106,0,2,2
3245379326,0,9,9
3246728151,0,3,3
3247040145,0,2,2
3247073254,0,1,1
3250912668,0,1,1
3251533024,0,4,4
3252199776,0,1,1
3254839470,0,2,2
3256835689,0,8,8
3257366406,0,7,7
3258813603,0,22,22
3259309676,0,1,1
3260860233,0,2,2
3261005948,0,1,1
3261903266,0,1,1
3262805078,0,5,5
3264534963,0,3,3
3267293623,0,4,4
3267759990,0,1,1
3269129682,0,1,1
3270384978,0,1,1
3270790358,0,5,5
3271529856,0,2,2
3272217762,0,8,8
3273627902,0,1,1
3278096468,0,1,1
3278687755,0,1,1
3279135608,0,1,1
3280306538,0,3,3
3282690805,0,1,1
3283352917,0,1,1
3283463546,0,1,1
3284072928,0,1,1
3284114958,0,1,1
3285962665,0,1,1
3286198681,0,13,13
3286454634,0,8,8
3286633057,0,1,1
3286887050,0,38,38
3286999369,0,4,4
3289065157,0,2,2
3290431183,0,2,2
3292111539,0,1,1
3292473082,0,1,1
3292843056,0,1,1
3293656616,0,14,14
3295594702,0,28,28
3296525028,0,1,1
3297076443,0,9,9
3298500540,0,2,2
3298709743,0,1,1
3300111714,0,1,1
3300657672,0,4,4
3301072708,0,1,1
3301086685,0,1,1
3301239757,0,3,3
3301281974,0,1,1
3301399653,0,7,7
3301710205,0,14,14
3302179052,0,1,1
3302417428,0,1,1
3303212511,0,1,1
3303700663,0,4,4
3304607535,0,1,1
3304669231,0,1,1
3304781799,0,9,9
3305724416,0,1,1
3307033454,0,1,1
3307272098,0,1,1
3307366084,0,1,1
3307740778,0,1,1
3308295914,0,1,1
3308386087,0,4,4
3308432891,0,4,4
3308870317,0,5,5
3309172991,0,14,14
3310329146,0,1,1
3310886802,0,2,2
3310936765,0,1,1
3310937138,0,1,1
3311124014,0,1,1
3312166073,0,8,8
3312300010,0,1,1
3312608559,0,1,1
3312686283,0,6,6
3313705501,0,13,13
3313777136,0,1,1
3314350739,0,2,2
3316172277,0,26,26
3316388106,0,9,9
3317149262,0,1,1
3318040846,0,1,1
3318320719,0,1,1
3319489520,0,2,2
3321555310,0,2,2
3321961645,0,1,1
3323660148,0,1,1
3325988107,0,7,7
3327150252,0,1,1
3327634808,0,6,6
3327871633,0,12,12
3329779313,0,1,1
3330141674,0,1,1
3330193385,0,14,14
3331126863,0,2,2
3332740085,0,1,1
3333127749,0,2,2
3333557091,0,14,14
3337607174,0,1,1
3337872322,0,1,1
3338395698,0,1,1
3342879858,0,1,1
3343048012,0,1,1
3343962053,0,1,1
3344059324,0,4,4
3344640587,0,8,8
3345036220,0,1,1
3345073624,0,155,155
3345605518,0,1,1
3346496914,0,1,1
3347042225,0,1,1
3347662174,0,1,1
3348027879,0,1,1
3348180687,0,3,3
3349607271,0,1,1
3352281767,0,2,2
3354297558,0,1,1
3354598558,0,1,1
3354822372,0,1,1
3356500029,0,15,15
3357318537,0,2,2
3357910930,0,1,1
3358025795,0,1,1
3360874312,0,1,1
3362478809,0,1,1
3363911053,0,1,1
3366062817,0,1,1
3366853361,0,2,2
3370172064,0,1,1
3371260967,0,27,27
3372550393,0,1,1
3375307768,0,1,1
3378193371,0,2,2
3385309281,0,1,1
3386693999,0,3,3
3386851396,0,20,20
3386952670,0,1,1
3386961592,0,3,3
3387514229,0,4,4
3389531475,0,1,1
3390268167,0,1,1
3390275475,0,1,1
3391168425,0,1,1
3392101504,0,8,8
3394434993,0,5,5
3395730303,0,1,1
3396526883,0,1,1
3396988937,0,3,3
3397525989,0,4,4
3398699844,0,3,3
3400294065,0,1,1
3401051914,0,1,1
3401418400,0,1,1
3403577019,0,2,2
3405872751,0,5,5
3405912172,0,4,4
3406207312,0,25,25
3406394529,0,1,1
3406440089,0,3,3
3406519932,0,1,1
3406555768,0,2,2
3408215668,0,1,1
3409352475,0,1,1
3412025741,0,1,1
3412721657,0,6,6
3413176577,0,1,1
3414370701,0,1,1
3415469188,0,3,3
3418463783,0,1,1
3419498889,0,1,1
3421529146,0,3,3
3427931075,0,2,2
3429100617,0,2,2
3430933497,0,1,1
3431677753,0,1,1
3431989632,0,4,4
3433917412,0,16,16
3434385904,0,2,2
3434406405,0,1,1
3436326214,0,6,6
3439290252,0,1,1
3441421816,0,1,1
3442138696,0,1,1
3452756772,0,1,1
3454457423,0,16,16
3456391093,0,7,7
3460721055,0,1,1
3461904260,0,27,27
3473693954,0,36,36
3478475952,0,1,1
3485293814,0,52,52
3487317852,0,1,1
3491917516,0,15,15
3492085335,0,1,1
3502102335,0,4,4
3506736321,0,9,9
3517576632,0,1,1
3518026155,0,1,1
3528511697,0,7,7
3529164736,0,2,2
3529220596,0,1,1
3536219477,0,7,7
3536334810,0,1,1
3536614636,0,1,1
3540764657,0,1,1
3550832714,0,1,1
3551406316,0,1,1
3552834374,0,2,2
3559665077,0,1,1
3571332977,0,1,1
3576734834,0,1,1
3579224892,0,1,1
3580450456,0,1,1
3587429835,0,1,1
3588572773,0,2,2
3596757254,0,16,16
3599223795,0,3,3
3600854052,0,5,5
3604419376,0,3,3
3607982174,0,2,2
3609533294,0,13,13
3618838572,0,22,22
3629488875,0,11,11
3632099480,0,1,1
3632589733,0,6,6
3643597215,0,3,3
3648227957,0,1,1
3655631956,0,4,4
3668696476,0,6,6
3676292235,0,1,1
3676690936,0,1,1
3679547781,0,6,6
3679894875,0,1,1
3684098017,0,12,12
3696375795,0,6,6
3697474455,0,37,37
3704847612,0,1,1
3709375395,0,2,2
3721307298,0,1,1
3722226614,0,1,1
3723070515,0,1,1
3726489319,0,1,1
3730226176,0,1,1
3741293727,0,3,3
3743927723,0,3,3
3753742092,0,2,2
3755260277,0,28,28
3762648435,0,1,1
3764394263,0,1,1
3766200688,0,17,17
3771001874,0,3,3
3772229249,0,1,1
3773361492,0,3,3
3774489268,0,5,5
3776558055,0,2,2
3783164656,0,1,1
3814387102,0,11,11
3815512157,0,2,2
3817374201,0,1,1
3821830389,0,1,1
3822467299,0,1,1
3827688073,0,1,1
3828574157,0,1,1
3847570216,0,3,3
3849251555,0,10,10
3852281116,0,4,4
3858431544,0,1,1
3864033192,0,2,2
3885875714,0,3,3
3887163254,0,3,3
3892208915,0,1,1
3895706779,0,1,1
3899248092,0,1,1
3903340337,0,4,4
3904070119,0,1,1
3904956605,0,2,2
3910951103,0,1,1
3917214492,0,2,2
3918240417,0,2,2
3918743741,0,1,1
3927094212,0,2,2
3927979032,0,5,5
3928805772,0,1,1
3937180938,0,1,1
3939024973,0,3,3
3941272342,0,3,3
3941906778,0,1,1
3949098442,0,1,1
3949657275,0,1,1
3951041723,0,3,3
3955170161,0,3,3
3958775849,0,3,3
3962934983,0,2,2
3973653747,0,3,3
3975574577,0,1,1
3976350200,0,2,2
3981411947,0,2,2
3992790019,0,10,10
3993760012,0,3,3
4007131702,0,1,1
4011423133,0,6,6
4014814339,0,1,1
4021574294,0,4,4
4025571862,0,1,1
4028208792,0,4,4
4032828014,0,1,1
4034896822,0,1,1
4041301275,0,7,7
4042583777,0,1,1
4050054015,0,1,1
4053985997,0,1,1
4057478656,0,1,1
4059318575,0,2,2
4067149997,0,6,6
4070040803,0,7,7
4070345413,0,2,2
4071882214,0,5,5
4076547023,0,1,1
4078631292,0,2,2
4088810361,0,1,1
4099439195,0,7,7
4108591099,0,2,2
4110011259,0,6,6
4112535093,0,1,1
4113496332,0,2,2
4114375329,0,1,1
4120454001,0,1,1
4130036952,0,2,2
4130620241,0,2,2
4136030242,0,1,1
4138295537,0,1,1
4140202513,0,1,1
4141307472,0,12,12
4145600789,0,4,4
4149634158,0,1,1
4151878995,0,2,2
4152066639,0,4,4
4159448903,0,1,1
4160684313,0,1,1
4173315947,0,2,2
4182659903,0,20,20
4184510902,0,1,1
4191448822,0,1,1
4202638518,0,4,4
4207081573,0,6,6
4213761677,0,1,1
4218052907,0,230,230
4220538749,0,4,4
4226439129,0,2,2
4229110346,0,10,10
4230544216,0,7,7
4230931953,0,19,19
4231996379,0,2,2
4238702362,0,5,5
4239132473,0,7,7
4241316554,0,1,1
4243396265,0,1,1
4247826192,0,3,3
4250042847,0,2,2
4252632076,0,1,1
4258657960,0,1,1
4267156152,0,1,1
4268629763,0,13,13
4270224795,0,2,2
4272139461,0,1,1
4276521639,0,2,2
4279859473,0,2,2
4296388035,0,1,1
4297569974,0,11,11
4308996256,0,1,1
4321403597,0,1,1
4323238762,0,1,1
4325450054,0,2,2
4325463514,0,7,7
4327747455,0,1,1
4334538493,0,1,1
4339594216,0,1,1
4341748992,0,5,5
4342532235,0,5,5
4356651255,0,5,5
4362447500,0,3,3
4362623953,0,1,1
4372982607,0,1,1
4375787297,0,2,2
4377932053,0,2,2
4385495931,0,2,2
4386963622,0,3,3
4387167733,0,20,20
4393893983,0,1,1
4410683536,0,2,2
4411469146,0,1,1
4418631734,0,2,2
4419197362,0,4,4
4422275429,0,1,1
4430306233,0,12,12
4435008313,0,1,1
4439301553,0,1,1
4440534682,0,3,3
4444672643,0,1,1
4448393314,0,5,5
4468476493,0,1,1
4468764733,0,1,1
4475543183,0,5,5
4484227228,0,4,4
4484883928,0,5,5
4485565156,0,1,1
4488233199,0,7,7
4489687032,0,2,2
4489717467,0,1,1
4500830237,0,1,1
4500843552,0,1,1
4503408016,0,2,2
4513635618,0,5,5
4520267068,0,2,2
4530793719,0,1,1
4536394426,0,3,3
4542128791,0,2,2
4544121674,0,1,1
4556183129,0,3,3
4569376640,0,8,8
4570382841,0,3,3
4570577361,0,2,2
4579782979,0,1,1
4581444372,0,7,7
4586192117,0,1,1
4597920619,0,1,1
4604752933,0,1,1
4608336235,0,2,2
4610871193,0,7,7
4615301723,0,7,7
4617769824,0,17,17
4618706059,0,1,1
4622953649,0,2,2
4633966642,0,8,8
4639042036,0,1,1
4640260274,0,2,2
4641671605,0,1,1
4644188849,0,1,1
4645462454,0,8,8
4650577274,0,1,1
4658476754,0,22,22
4658611514,0,1,1
4660092255,0,7,7
4680399852,0,6,6
4685611476,0,1,1
4687390820,0,1,1
4687749193,0,1,1
4689593550,0,1,1
4692694405,0,1,1
4704606091,0,2,2
4707000044,0,1,1
4708373603,0,4,4
4714651758,0,13,13
4716154201,0,11,11
4716979853,0,1,1
4718577932,0,1,1
4719653560,0,9,9
4724995512,0,3,3
4727711611,0,1,1
4728082393,0,2,2
4729896136,0,2,2
4729943712,0,5,5
4733139735,0,2,2
4736502934,0,9,9
4742370499,0,1,1
4743124844,0,1,1
4745642594,0,11,11
4749649722,0,1,1
4750549227,0,1,1
4759321293,0,4,4
4765643478,0,15,15
4767577843,0,1,1
4769760202,0,1,1
4777251606,0,1,1
4778131699,0,1,1
4784279555,0,2,2
4785006436,0,1,1
4785451951,0,1,1
4791598758,0,8,8
4791620418,0,1,1
4798194077,0,3,3
4800838892,0,1,1
4804425493,0,31,31
4804456626,0,5,5
4813449254,0,4,4
4818203605,0,1,1
4818205237,0,18,18
4819370800,0,2,2
4820131359,0,1,1
4822541633,0,1,1
4822849205,0,13,13
4822924342,0,1,1
4822943613,0,1,1
4824476112,0,3,3
4825604960,0,30,30
4829929846,0,2,2
4831982480,0,2,2
4832977606,0,1,1
4833690605,0,1,1
4833753853,0,1,1
4836150074,0,1,1
4838935420,0,3,3
4839710675,0,80,80
4840061986,0,11,11
4840329012,0,3,3
4841481612,0,3,3
4843139493,0,1,1
4846471721,0,3,3
4847935309,0,1,1
4850628018,0,2,2
4850862365,0,1,1
4851616943,0,2,2
4853942958,0,5,5
4855917252,0,1,1
4855965706,0,1,1
4856102975,0,1,1
4856277894,0,5,5
4856425021,0,1,1
4862086127,0,1,1
4864774874,0,3,3
4868171086,0,26,26
4872498669,0,1,1
4872984433,0,1,1
4879780211,0,1,1
4882510012,0,1,1
4884111634,0,1,1
4886350539,0,1,1
4886925561,0,1,1
4886998809,0,5,5
4887527313,0,1,1
4888887159,0,1,1
4896331839,0,7,7
4897042768,0,40,40
4899968344,0,2,2
4903429252,0,3,3
4903624956,0,3,3
4904816846,0,4,4
4905962177,0,2,2
4906445587,0,1,1
4907667477,0,1,1
4908912830,0,1,1
4909249965,0,1,1
4910145621,0,1,1
4910286760,0,2,2
4912119460,0,1,1
4916819838,0,1,1
4917956546,0,1,1
4918089859,0,1,1
4918853444,0,4,4
4920541062,0,7,7
4922397661,0,1,1
700855463152234496,0,1,1
700879610146193408,0,1,1
701078852609695746,0,1,1
701166042844762112,0,1,1
701221256394317824,0,1,1
701261433380675584,0,1,1
701439102806175744,0,6,6
701507603822608384,0,4,4
701508327705026561,0,6,6
701596726847668224,0,7,7
701704132546191360,0,2,2
701717009009139713,0,1,1
701971349259087872,0,1,1
702217129408356352,0,52,52
702391155372253185,0,3,3
702442250337390592,0,1,1
702581695443279873,0,1,1
702698035357347844,0,1,1
702727254414000128,0,3,3
702890489981374464,0,3,3
702918660634099713,0,1,1
702926270263263232,0,2,2
702927408354172928,0,2,2
702937962821111808,0,6,6
703021628561567744,0,2,2
703306215913361409,0,1,1
703359073102766080,0,1,1
703418501302583296,0,5,5
703707332342124544,0,7,7
703968452508127232,0,4,4
704001155773427712,0,1,1
704090469685456896,0,2,2
704117837275598848,0,6,6
704133679698685954,0,5,5
704148797455073280,0,3,3
704309118870245376,0,3,3
704313119422717952,0,50,50
704346466635137026,0,8,8
704360271091998721,0,2,2
704577749004918786,0,1,1
704772750343282693,0,3,3
704886440425984002,0,1,1
704994137557311488,0,1,1
705143229130285056,0,1,1
705150853540237312,0,1,1
705153468437123073,0,1,1
705158937373450240,0,8,8
705303728438517762,0,1,1
705441779580067840,0,2,2
705550025183641600,0,3,3
705937720980295680,0,1,1
706160660799836161,0,1,1
706201218973110276,0,9,9
706402170527023104,0,3,3
706480514127953920,0,4,4
706682995013455872,0,2,2
706982448362627073,0,1,1
707265571151355909,0,10,10
707267301976899584,0,10,10
707392049029320704,0,1,1
707948410654089216,0,1,1
708222108539555841,0,5,5
708415111455576065,0,26,26
708442914171461633,0,1,1
708462434286043137,0,3,3
708712377483710465,0,1,1
708756688103477248,0,1,1
708815273835429888,0,3,3
708872142809464832,0,2,2
708915146337296384,0,17,17
708974543365394432,0,2,2
709022155678294016,0,3,3
709068109416632320,0,6,6
709120955562348544,0,1,1
709182153704284160,0,5,5
709609618742226944,0,30,30
709716052427579394,0,18,18
709840355672379394,0,3,3
709905358349664256,0,1,1
710025488882774016,0,1,1
710145563895926784,0,2,2
710174901467013120,0,3,3
710299849233604609,0,2,2
710546762780377088,0,78,78
710618450004148224,0,1,1
710664820463263744,0,1,1
710940216094298113,0,1,1
710975663637856256,0,1,1
711070855409704960,0,1,1
711086141663870977,0,3,3
711163226772209665,0,3,3
711221747660431361,0,1,1
711261372479221760,0,1,1
711694644086644736,0,8,8
711739299981619200,0,1,1
712107930850430976,0,5,5
712266098201198592,0,1,1
712278937875812354,0,2,2
712449433523363840,0,1,1
712463245206945794,0,1,1
712477493425528832,0,27,27
712677222239379456,0,2,2
712707361534820352,0,1,1
712782312648400896,0,1,1
712795086195703809,0,24,24
712806517150384129,0,2,2
712863070486458370,0,1,1
713038221672845312,0,1,1
713046403170197504,0,3,3
713065948920418304,0,2,2
713109060774719488,0,3,3
713203480878419968,0,1,1
713369523680731136,0,1,1
713453071637090308,0,7,7
713571065516003328,0,13,13
713799661996236801,0,10,10
713898698812612608,0,1,1
714151171817152512,0,1,1
714645916528078848,0,1,1
714715076096352256,0,1,1
714871959377543168,0,10,10
714877983853527041,0,1,1
714883639725658112,0,1,1
714969095549034496,0,4,4
715147361387819008,0,1,1
715252612011061248,0,2,2
715314322143096832,0,2,2
715907700039749633,0,2,2
715937652390932480,0,1,1
716138870534840320,0,2,2
716311501791866880,0,1,1
716387291036422145,0,7,7
717042357032525824,0,1,1
717091156916568064,0,2,2
717149992222220288,0,1,1
717706960414441472,0,1,1
717783880720367617,0,2,2
717850966926581761,0,1,1
717879068826419201,0,8,8
717904808649367552,0,1,1
717916935761960960,0,39,39
718119608721346560,0,1,1
718124347181797376,0,2,2
718176898573070336,0,3,3
718295155997020164,0,5,5
718571820450840577,0,3,3
718590638803935233,0,1,1
718614305071980544,0,1,1
718653391048577024,0,1,1
718885769696272384,0,2,2
719163744891199488,0,6,6
719365787522371584,0,1,1
719551480840265728,0,9,9
719633959903215616,0,1,1
719680476319981569,0,2,2
719682065986248704,0,1,1
719705517887746048,0,21,21
719870958278950912,0,2,2
720641344088186880,0,1,1
720775124476006400,0,31,31
720805707088461824,0,1,1
720813940880486400,0,1,1
720927416428797952,0,9,9
721035053120102400,0,2,2
721110591159549952,0,4,4
721411822062948352,0,1,1
721627725979643904,0,5,5
721631865866711040,0,3,3
721839352297328640,0,1,1
722057320616714241,0,8,8
722205289986936832,0,1,1
722394501021569024,0,15,15
722439241691750402,0,5,5
722554688076443648,0,1,1
722839353135886336,0,1,1
722839545566208000,0,1,1
723013805450530816,0,3,3
723086295950606336,0,3,3
723218157893115905,0,2,2
723896182167187457,0,4,4
725439365594398720,0,1,1
725697541564600322,0,1,1
725698016678666242,0,3,3
725911923309469696,0,4,4
726177380268560384,0,5,5
726188753442770946,0,1,1
726233970426273792,0,1,1
726411874078625792,0,1,1
726459773076525060,0,9,9
726494780612468736,0,1,1
727038303711727616,0,5,5
727225402880446464,0,1,1
727239848898220032,0,2,2
727344809808113664,0,1,1
727501204935217152,0,1,1
727590133608939526,0,1,1
727673599004426241,0,1,1
727679285771706368,0,8,8
727947202551652353,0,5,5
727952683043278848,0,1,1
727981786282663937,0,1,1
728004951373434880,0,1,1
728027794849050624,0,1,1
728053813551243274,0,2,2
728058072963362816,0,4,4
728059410266869760,0,1,1
728210549104857088,0,1,1
728381939950948352,0,1,1
728429519242076160,0,1,1
728661903174701057,0,3,3
729232568533454848,0,70,70
729684050877747200,0,4,4
729780174682791936,0,9,9
730112577607507969,0,2,2
730240454810292224,0,1,1
730436093804449792,0,4,4
730512747352350721,0,5,5
730562347119476738,0,2,2
730580627095998464,0,2,2
730606451396214785,0,1,1
730782358605959168,0,1,1
730838823907774464,0,1,1
731154468784443392,0,1,1
731165814859169792,0,1,1
731215232782241792,0,1,1
731269792837992448,0,2,2
731621331796692993,0,1,1
731720559839449088,0,1,1
732052051111366656,0,7,7
732298444640006144,0,1,1
732520511456976896,0,1,1
732541756202422272,0,2,2
732557569672249344,0,1,1
732579424248442880,0,1,1
732587828878692352,0,1,1
732611574871908352,0,1,1
732787003964686336,0,4,4
732892397848301568,0,7,7
732911610868695040,0,2,2
732917105301950464,0,2,2
733386156956651520,0,1,1
733420888528293888,0,7,7
733424972421533696,0,1,1
733443056746237952,0,8,8
733651231579766784,0,4,4
733698918643568641,0,2,2
733732278409420800,0,1,1
733757362486398976,0,1,1
734103440725442560,0,19,19
734127580140449792,0,5,5
734157721440686080,0,1,1
734197326189887489,0,4,4
734392856157245441,0,15,15
734491430597492736,0,2,2
734532087919869953,0,1,1
734788301442387969,0,1,1
734839394985750528,0,2,2
735228266882076673,0,2,2
735301434275725312,0,4,4
735453755164917760,0,1,1
735650664798400513,0,2,2
735924146366873601,0,1,1
735984335455723522,0,4,4
736000723247321088,0,1,1
736011851155316736,0,3,3
736060917964644352,0,1,1
736249556111884288,0,16,16
736286223979958272,0,1,1
736433043481579520,0,23,23
736742337670479872,0,2,2
736769014798508034,0,1,1
736931147423195136,0,2,2
737105074741215232,0,1,1
737409493382795266,0,14,14
737506875919335431,0,1,1
737562699471556608,0,5,5
737670457265029120,0,1,1
738115948297736192,0,2,2
738118489202786306,0,9,9
738570290746273792,0,2,2
738730370611351552,0,2,2
738920344766013440,0,1,1
739119460150345728,0,1,1
739125448274153472,0,2,2
739343191665561600,0,1,1
739546183958401026,0,33,33
739576377511415808,0,1,1
739585400352571392,0,1,1
739865369276481536,0,1,1
739931315273764864,0,1,1
740056929003667456,0,2,2
740285920604086278,0,1,1
740415449591074816,0,7,7
740428701502967808,0,2,2
740595888502902784,0,1,1
740611469423824896,0,1,1
740858774928429056,0,1,1
740896372795146242,0,15,15
740965468127830016,0,30,30
740994240851804160,0,2,2
741030240265199618,0,24,24
741094137982640128,0,1,1
741449117193375744,0,2,2
741511894033260544,0,1,1
741580845807341569,0,1,1
741603603240996868,0,3,3
741720192355577856,0,9,9
741729395862306816,0,2,2
741759346732892160,0,2,2
741762693972021248,0,2,2
741801680065306624,0,1,1
741910934491369472,0,2,2
741933878210908160,0,1,1
742007066341068801,0,7,7
742043275398352896,0,2,2
742046378914775040,0,14,14
742179838178398208,0,2,2
742226292666433536,0,15,15
742335851913433088,0,1,1
742423350144860160,0,1,1
742435015749959680,0,4,4
742445958873518080,0,2,2
742460512324194304,0,1,1
742496948905738240,0,9,9
742695162128781312,0,1,1
742729409451286531,0,1,1
742895229284421632,0,2,2
742974779934814209,0,1,1
743076627605684227,0,30,30
743118348167176192,0,7,7
743160705289957376,0,1,1
743226404431605760,0,4,4
743257876454506497,0,1,1
743457829147795457,0,2,2
743634243964723204,0,3,3
743874496495378432,0,4,4
743929431358644228,0,3,3
744315475820089344,0,1,1
744335360159846400,0,1,1
744389377078353927,0,1,1
744399040930947072,0,1,1
744541611175088129,0,2,2
744557817076551680,0,1,1
744658431840256000,0,1,1
744725663299473408,0,2,2
744802368894570497,0,1,1
744927675983204352,0,4,4
744927810033070080,0,1,1
744962021121089538,0,1,1
745029708736237571,0,2,2
745087723778637828,0,1,1
745093266966732804,0,3,3
745361678641016832,0,3,3
745475135457505281,0,2,2
745500635483639808,0,1,1
745705018066616320,0,2,2
745706241830301696,0,4,4
745761209815830533,0,1,1
745810297168891904,0,3,3
745821233669824512,0,8,8
746053557380612096,0,1,1
746129393165148160,0,1,1
746150373702787072,0,1,1
746182096918614017,0,3,3
746379210772492289,0,18,18
746387674286559232,0,5,5
746443976278867969,0,1,1
746673593761824768,0,1,1
746700122248126464,0,1,1
746789534071853056,0,1,1
746909039401959424,0,1,1
747035238010871808,0,1,1
747240260774596608,0,1,1
747266939844694017,0,1,1
747348439793426432,0,10,10
747495131339759618,0,8,8
747508314444021760,0,7,7
747578295890239489,0,1,1
747787661776158721,0,1,1
748368100643463169,0,1,1
748489374434729984,0,1,1
748515756900556801,0,16,16
748587356517601280,0,51,51
748605853914140672,0,1,1
748744977123991552,0,1,1
749021696405807105,0,2,2
749157178351714304,0,1,1
749629553136398337,0,4,4
750025085096984576,0,1,1
750045851272306688,0,6,6
750134720718000128,0,4,4
750166368050352129,0,6,6
750181860324413441,0,3,3
750309842607374336,0,110,110
750358827753574400,0,1,1
750401313402478594,0,3,3
750404732573933569,0,1,1
750443853258362880,0,1,1
750465010875322368,0,1,1
750497252867735552,0,9,9
750506799669735424,0,1,1
750813688265932801,0,1,1
750849037755092993,0,2,2
750923604439826433,0,1,1
751120874028273664,0,2,2
751263540716171264,0,7,7
751288500763430912,0,1,1
751296076112498688,0,8,8
751482124234919936,0,2,2
751596230908665856,0,7,7
751648977074917376,0,1,1
751815718212079616,0,1,1
751953624222294016,0,3,3
752118351195889664,0,1,1
752156893091598336,0,7,7
752218309341417474,0,3,3
752235301133770753,0,1,1
752341992248471552,0,103,103
752343909792034816,0,1,1
752508201753571328,0,1,1
752654041742659584,0,1,1
752685471029800960,0,1,1
752893899492982784,0,1,1
752896362539208706,0,1,1
752974821319905280,0,1,1
752998053611728896,0,2,2
753036047269842944,0,1,1
753394173148037121,0,1,1
753418341209903104,0,1,1
753577819339231232,0,4,4
753655387144978433,0,1,1
753660891363700736,0,2,2
753712458125148160,0,2,2
753804427513982976,0,1,1
753849721140109312,0,16,16
753880173708189697,0,1,1
753951678370607104,0,1,1
753962666511642630,0,1,1
753986822301110272,0,1,1
754009961760522240,0,2,2
754060666407976960,0,1,1
754126695880282113,0,2,2
754132518249443329,0,2,2
754363066796564480,0,1,1
754371885966692353,0,1,1
754475821490966528,0,5,5
754543376356220928,0,1,1
754760634684825600,0,1,1
754841734580989953,0,1,1
755084187418361856,0,1,1
755108247271460864,0,2,2
755159302336196610,0,2,2
755184332537532418,0,1,1
755217357379952640,0,1,1
755262359539777536,0,3,3
755425466073354240,0,46,46
755612053289705472,0,1,1
755858850486419456,0,2,2
755909567461068800,0,24,24
755921480152588289,0,1,1
755951194615394305,0,1,1
756320602475130880,0,1,1
756471103778881537,0,10,10
756512991160315905,0,10,10
756588209799360514,0,1,1
756595225104113664,0,2,2
756742672128339968,0,1,1
756926227223412736,0,1,1
756972321777344512,0,3,3
757059122088910848,0,2,2
757079384092057600,0,1,1
757080262870118401,0,2,2
757098344254627840,0,2,2
757181311794774016,0,1,1
757330182579556352,0,3,3
757337394702000128,0,9,9
757369441726246913,0,3,3
757372095571431424,0,1,1
757570695664656385,0,18,18
757634763461005312,0,7,7
757643969526398979,0,1,1
757671131629379584,0,1,1
757769368054947840,0,25,25
757769602646564864,0,95,95
757790681964306436,0,1,1
757794763084926976,0,2,2
757813021527769088,0,5,5
757937863547904000,0,1,1
757944436445761536,0,2,2
757981997558104064,0,1,1
757994423506657280,0,1,1
758031214896934912,0,1,1
758053124804190208,0,3,3
758061665250226176,0,2,2
758113381614182401,0,1,1
758114744339312642,0,15,15
758353883060015104,0,1,1
758355537771847680,0,1,1
758378871305728000,0,1,1
758425959494144000,0,1,1
758473466160951298,0,1,1
758499190129307648,0,7,7
758586968896831488,0,2,2
758623976063021056,0,1,1
758665476541190144,0,1,1
758674237376831489,0,1,1
758866142194642944,0,3,3
758872560398274562,0,1,1
758911992082030592,0,2,2
758936841496121344,0,1,1
759047439898726406,0,47,47
759085878690152449,0,2,2
759110768814133249,0,2,2
759180182334963716,0,2,2
759239912990343170,0,1,1
759280249804914688,0,1,1
759410192081522688,0,2,2
759489270549651456,0,2,2
759498669456363520,0,15,15
759589310580428800,0,11,11
759790820895502337,0,12,12
759825650039390208,0,1,1
759850262785843200,0,3,3
759902820611022849,0,7,7
759978424190599168,0,1,1
760131390042017792,0,3,3
760170961857544192,0,1,1
760177467281797120,0,2,2
760288904662556674,0,1,1
760318771835863044,0,1,1
760539387171975172,0,7,7
760544865457311744,0,6,6
760850057369235456,0,6,6
760869370935570432,0,1,1
760892768722059265,0,136,136
760923244660523008,0,16,16
760950753464766464,0,1,1
761031079234940929,0,1,1
761045801200029696,0,1,1
761202021533818880,0,2,2
761256246875922432,0,1,1
761359558904279040,0,1,1
761397352582090752,0,30,30
761515464543571968,0,1,1
761773693286674432,0,2,2
762137150154432513,0,1,1
762289605353746432,0,49,49
762376427111014403,0,21,21
762495515036495874,0,3,3
762723930406813696,0,1,1
762819798916927488,0,1,1
763014462018359297,0,3,3
763188888655400960,0,1,1
763241725611634688,0,1,1
763483445624528898,0,1,1
763505360694947841,0,1,1
763699575131508736,0,1,1
763754067877171200,0,15,15
763780410207834112,0,1,1
763849988988211200,0,1,1
763973574449180677,0,1,1
764227231631618048,0,1,1
764232768331124740,0,2,2
764262381346168832,0,1,1
764433464837804032,0,1,1
764534534608158720,0,1,1
764541584734031872,0,2,2
764593746130251777,0,1,1
764836456351182849,0,1,1
764902900418027520,0,1,1
765212727581126656,0,4,4
765553734168576000,0,1,1
765615853312286721,0,1,1
765760906315780096,0,2,2
765947252045144064,0,19,19
765962296321507328,0,3,3
766069344774258692,0,1,1
766092631961133056,0,3,3
766097263491940352,0,2,2
766126851408400384,0,1,1
766433079133110272,0,1,1
766490106681237504,0,2,2
766636581390344193,0,2,2
766745689837670402,0,2,2
766811526523133952,0,3,3
766958852176687104,0,1,1
767073042556006400,0,1,1
767434347288813569,0,3,3
767518969066508288,0,2,2
767538592944119810,0,13,13
767569419530665984,0,7,7
767690413968941056,0,1,1
767734864242216964,0,4,4
767817670993580032,0,4,4
767882826301800452,0,86,86
768186429943853056,0,1,1
768458976719675421,0,35,35
768480231988555778,0,18,18
768500231855935488,0,1,1
768538606663180288,0,2,2
768889742205325312,0,7,7
768914530961240064,0,1,1
768969915424444416,0,9,9
769168215763148800,0,1,1
769724513441374209,0,2,2
769874063049232384,0,1,1
769907872327086080,0,2,2
770009428192100353,0,1,1
770036067344998400,0,1,1
770124933015937024,0,1,1
770235774491131904,0,1,1
770308021364940800,0,4,4
770357429020332032,0,47,47
770469936057708548,0,1,1
770524453872820224,0,16,16
770595248422748160,0,1,1
770606530555031552,0,3,3
770622869453758465,0,1,1
770672546219954176,0,1,1
770694889982070784,0,18,18
770707437615738880,0,1,1
770762066659577856,0,2,2
770887663167483904,0,1,1
770965987768229888,0,1,1
771032399610163200,0,1,1
771451238286233600,0,2,2
771485336308289536,0,2,2
771511629062086656,0,4,4
771528590043275264,0,1,1
771665759202217985,0,1,1
771845655690182656,0,6,6
771912872624611329,0,1,1
772057164659695616,0,11,11
772457232592203776,0,1,1
772862098615533568,0,7,7
773017074775896068,0,4,4
773033612761403393,0,3,3
773504547604013056,0,1,1
773607351798603776,0,1,1
773621939264946176,0,4,4
773692460409229313,0,1,1
773851660074545152,0,1,1
773867370272137216,0,12,12
773926786673631232,0,11,11
773937535538040836,0,1,1
773977302497714176,0,3,3
773978543466221568,0,1,1
773991985657028608,0,14,14
774089372618616832,0,1,1
774367260341186560,0,1,1
774426196436221953,0,6,6
774428767166926848,0,1,1
774486797606907904,0,42,42
774597267777003520,0,1,1
774646753853341696,0,1,1
774705311382921217,0,1,1
774724653881241600,0,2,2
774828856419028992,0,1,1
774852172043268096,0,1,1
775017259928424449,0,1,1
775404249777893376,0,1,1
775407466573991936,0,4,4
775499930983096320,0,1,1
775528865942818816,0,69,69
775672891593650178,0,2,2
775708427985252353,0,3,3
775763480993378304,0,1,1
775797109253476353,0,2,2
775820521057292292,0,1,1
775865406590287873,0,1,1
776128744708640768,0,1,1
776363460749844480,0,2,2
776381070249828353,0,13,13
776400782656544768,0,2,2
776402511565434880,0,1,1
776405637353705472,0,2,2
776445067049312257,0,5,5
776445844765540352,0,1,1
776528263879401472,0,1,1
776581410178105344,0,1,1
776662494391758848,0,1,1
776822906143866880,0,1,1
776828533557473281,0,2,2
776873255529385985,0,1,1
776878356407029760,0,2,2
777220557469196288,0,2,2
777408121060724736,0,1,1
777601259033530368,0,1,1
777605520958099456,0,1,1
777679731630235648,0,2,2
778030198843465728,0,1,1
778235843584598016,0,1,1
778281448461602816,0,2,2
778360089329532928,0,8,8
778439730748723201,0,12,12
778610028882329601,0,23,23
778610082707668993,0,3,3
778630732759445504,0,29,29
778665011367542785,0,1,1
778676033671139328,0,1,1
778725732226732032,0,1,1
778738298428600320,0,1,1
778769647185395712,0,1,1
779248893229805568,0,1,1
779479486337286144,0,4,4
779650146606784512,0,1,1
779767401671827456,0,4,4
779809623129722881,0,2,2
779909459048968192,0,1,1
780213777396555776,0,1,1
780455371240595456,0,2,2
780460062548504576,0,2,2
780479026343194624,0,1,1
780513754328936454,0,2,2
780571047334547456,0,1,1
780574745594966016,0,1,1
780575514440282112,0,1,1
780583249026306048,0,2,2
780594289680130048,0,5,5
780598309844946946,0,1,1
780626272208560128,0,1,1
780974366557245441,0,24,24
781105090270793728,0,1,1
781112062038646784,0,1,1
781138665649147905,0,11,11
781166157197783044,0,1,1
781232113270005760,0,2,2
781352278204690432,0,3,3
781410360104366080,0,1,1
781640582372491265,0,1,1
781836998009032704,0,7,7
781889855290769408,0,33,33
781931326656000001,0,85,85
781975272644018176,0,1,1
782155982138777600,0,2,2
782320747033362432,0,8,8
782646767619674112,0,4,4
782654528571047936,0,18,18
782951460493520897,0,1,1
783012911195172864,0,35,35
783329886404501504,0,1,1
783361737722621952,0,1,1
783550472531636226,0,7,7
783681927307993088,0,1,1
783723192380641280,0,1,1
784050451041939456,0,1,1
784050738624393220,0,1,1
784053668819513347,0,9,9
784448064513638400,0,6,6
784519422992084996,0,2,2
784527044390621184,0,1,1
784573107147333636,0,4,4
784600438897246209,0,3,3
784774516916400128,0,1,1
785179339298074624,0,78,78
785233966622187520,0,3,3
785314793867522048,0,2,2
785487766930927616,0,5,5
785492656478490625,0,1,1
785586072466010112,0,7,7
785586236224212993,0,1,1
785875671436308481,0,1,1
785881591377645569,0,1,1
785885848315232256,0,1,1
786015240148295681,0,7,7
786083833653370880,0,1,1
786100707116154902,0,1,1
786113095722754048,0,3,3
786316643257331712,0,1,1
786362641539137536,0,10,10
786372207148724228,0,1,1
786372383674212352,0,1,1
786427631088513024,0,1,1
786486859761381376,0,1,1
786580562274234368,0,1,1
786583502074548224,0,3,3
786587586156437504,0,1,1
786591476440371201,0,1,1
786673304908292096,0,2,2
786700916120576001,0,1,1
787098032177307648,0,1,1
787117511842070528,0,1,1
787122142114615296,0,1,1
787122217947660288,0,1,1
787312832446537733,0,6,6
787654002951516160,0,2,2
788080804433985536,0,1,1
788196072044756993,0,1,1
788384755549167617,0,1,1
788471192332083200,0,1,1
788496877461307392,0,2,2
788513041411411968,0,1,1
788787385861496832,0,1,1
788954317063491584,0,1,1
789005155798691842,0,1,1
789097228828803072,0,2,2
789500175949574144,0,1,1
790087659729346560,0,2,2
790364191047634944,0,2,2
790637766400933889,0,1,1
790730263051501568,0,2,2
790802878654853120,0,1,1
790947570742923264,0,1,1
790965515158192128,0,4,4
791366749543432192,0,1,1
791394155410944001,0,1,1
791678477124694016,0,1,1
792024788109660161,0,11,11
792081557473353728,0,1,1
792235843796828160,0,1,1
792381955715235840,0,1,1
792631461316816896,0,1,1
792851352699437056,0,1,1
792929197622571008,0,2,2
793124006769532928,0,1,1
793197161689341952,0,32,32
793317723862425600,0,1,1
793508828700549121,0,1,1
793512522099875840,0,5,5
793606632764612608,0,4,4
793667422293225472,0,2,2
793829430305009665,0,1,1
794314152533602304,0,4,4
794368149600600064,0,1,1
794532137835909121,0,1,1
794734102813360128,0,1,1
795400683742580736,0,1,1
795485158858178560,0,2,2
795557713677729792,0,1,1
796034522987065345,0,1,1
796185283318390784,0,2,2
796356841823408128,0,1,1
796367998210686976,0,3,3
796368758503854081,0,3,3
796376502757720068,0,8,8
796410625601650688,0,3,3
796420873192407041,0,1,1
796522853675991040,0,1,1
796569643477532672,0,1,1
796581322575777792,0,2,2
796603194575114241,0,3,3
796680122355085312,0,3,3
796704023466414080,0,23,23
796704980304596992,0,2,2
796716027598045184,0,1,1
796746601855381504,0,2,2
796795178128379908,0,19,19
796830398454054912,0,1,1
796848037138145281,0,1,1
796850417091100672,0,1,1
796854891583012868,0,2,2
796856643220705280,0,1,1
796862154737471488,0,1,1
796904238328741889,0,1,1
796940520245366785,0,1,1
797036593085292545,0,10,10
797078535194214400,0,3,3
797131223567056896,0,2,2
797135366033506309,0,1,1
797290602819895296,0,6,6
797414189006524417,0,2,2
797449717856747520,0,1,1
797470718929862656,0,1,1
797482653456990208,0,1,1
797512762964529153,0,1,1
797528463091503104,0,1,1
797578383362236416,0,26,26
797640185211158528,0,1,1
797773572806688768,0,1,1
797853397844107264,0,1,1
797981969938337792,0,2,2
798048396418240512,0,1,1
798077464668835840,0,19,19
798261502989828096,0,1,1
798311327215124480,0,1,1
798399974610534400,0,2,2
798559546633490436,0,2,2
798751568954683393,0,2,2
798862662343987200,0,1,1
798977193531604999,0,4,4
798977687234572288,0,1,1
799132841812463616,0,1,1
799281742519693313,0,1,1
799389668945100801,0,1,1
799595761004662784,0,3,3
799605999908728832,0,2,2
799978807562223616,0,1,1
799994687042056192,0,2,2
800059242220617728,0,3,3
800062290556899328,0,1,1
800088864702402560,0,4,4
800103933465108480,0,1,1
800157578399354880,0,1,1
800181170172350465,0,1,1
800329828389924865,0,1,1
800335629393399808,0,5,5
800379093820657664,0,1,1
800631131984928769,0,1,1
801157070741508097,0,4,4
801161835668013056,0,1,1
801213098824564736,0,1,1
801504190178672640,0,1,1
801516079818407950,0,1,1
801573647911620608,0,1,1
801967126525444096,0,1,1
802942988749979648,0,1,1
803017352640077824,0,1,1
803968160500240386,0,2,2
804613522441138177,0,3,3
805387926175674368,0,26,26
806624763007422464,0,3,3
807039633058107392,0,1,1
807662757772427264,0,2,2
807701855610359809,0,1,1
807880484189573120,0,1,1
808030197744214016,0,1,1
808206497012482048,0,1,1
809327262059282432,0,4,4
809826753489367040,0,1,1
811024564490682368,0,1,1
